scene_id,im_id,obj_id,score,R,t,time
3,5,18,0.0,-0.8978955117726897 -0.44020531224461196 -0.0017126033059110188 0.42562367018975406 -0.8691330446230416 0.251897284857311 -0.11237500305968051 0.22544851699646526 0.9677524605349398,-68.57439699527616 87.94088455357797 720.185412299342,0.69
3,10,18,0.0,-0.9982727592524706 -0.05658647569211679 -0.015794584616392663 0.05113955697803675 -0.9693051496431835 0.24048341437050452 -0.02891788108677822 0.23926031355816435 0.9705247335897731,-99.7673079266047 54.99658628885989 723.1012696106988,0.69
3,16,18,0.0,-0.8991637413517012 0.4343675916820232 -0.053191743107087124 -0.4298314620281636 -0.8538086662487092 0.29369316588802635 0.08215522192254487 0.2869417305568493 0.9544186517330319,-116.05511969472924 4.761782821684601 749.1284826993387,0.69
3,24,18,0.0,-0.3904556917701353 0.9143018311746419 -0.10768711285479685 -0.8973410518019981 -0.3518300796306465 0.26644817848500457 0.20572649201108986 0.2006682749658988 0.9578146239784722,-92.30247003857508 -62.813051153545686 777.7039220093129,0.69
3,34,18,0.0,0.4442388820972658 0.8882849428006002 -0.11662622358074576 -0.8668255984999996 0.4590595277919047 0.19462202272248358 0.22641819144690867 0.014635926250429948 0.9739202186240425,-8.785814886811975 -101.9637923101532 797.193865134679,0.69
3,41,18,0.0,0.8908445966339915 0.4542675131960829 -0.006077096565586269 -0.4429290022383377 0.8714288194876749 0.21077407701723616 0.10104357289888097 -0.18507522530302045 0.9775159115609652,54.29476885577901 -82.0089157847948 785.5059309070297,0.69
3,46,18,0.0,0.9974816329932894 0.040577474929905086 0.05817095812648735 -0.04854191741759792 0.988561678063404 0.14279177468569354 -0.05171145032257097 -0.14525590243697395 0.9880418253863328,87.53928839973675 -50.012978873494696 783.4354390882415,0.69
3,55,18,0.0,0.7452404492738718 -0.6646841843047064 0.05302459713439603 0.6425643717493181 0.7371267683645902 0.20917733031755592 -0.17812271310667244 -0.12181569067884057 0.976439059327286,96.89198950206995 29.248329104405997 741.148349358029,0.69
3,69,18,0.0,-0.37835276685094726 -0.9255088056673525 0.016811735437597897 0.9043473782662793 -0.36570494921652075 0.220035700606627 -0.19749684361817016 0.09845476499760195 0.9753469413547815,3.813103627068007 105.54379063135633 707.7907480960002,0.69
3,79,18,0.0,-0.9428029210964592 -0.33327198613931086 -0.0072412172141526066 0.2986956560794456 -0.8542344031253764 0.425516732404616 -0.14799850340882892 0.3990154981598973 0.9049215851204765,-80.35795368204846 63.736802231578004 714.5007360803846,0.69
3,88,18,0.0,-0.919724201550051 0.3913829459368969 -0.03044310616342341 -0.35773346333639083 -0.8036593531595558 0.4755611562023497 0.16166063928016783 0.44827562247898395 0.8791557336437084,-116.2429103063051 -2.2325790475207152 751.4579816708598,0.69
3,101,18,0.0,-0.03383147855291965 0.9942506886326736 -0.10159231866818155 -0.9029968864428273 0.013154290172143472 0.4294456749399469 0.42831303287838773 0.10626632958525031 0.8973602470931035,-59.41880353371903 -94.5885122608504 813.5711223385591,0.69
3,109,18,0.0,0.6241260305059807 0.7792672773733476 -0.056649876080867634 -0.6984433510230299 0.5889505124278139 0.40658846432570617 0.3502050591533027 -0.21419571500416493 0.9118533940372686,15.472193641766578 -105.29235059929157 826.8421209190602,0.69
3,117,18,0.0,0.9790314612528529 0.20321462482323022 -0.014184996829658979 -0.18317763934869474 0.9086853878258216 0.3751490615668335 0.08912547514455765 -0.3646843596999878 0.9268559583184794,79.9861666551911 -68.7135822052291 808.3734255914367,0.69
3,144,18,0.0,-0.5291613561406132 -0.848513116718142 0.0037080890890172635 0.700136925132787 -0.43415176733819555 0.5668514170245389 -0.4793709891441423 0.30255203465583624 0.8238117024494012,-15.60152915469442 70.2404990286373 698.8274398983025,0.69
3,154,18,0.0,-0.9892287497673509 -0.14637777421029669 -0.0001668860788236401 0.1165881584853466 -0.7885972947601266 0.6037561660124108 -0.08850808965693252 0.5972335003281793 0.797169031103837,-95.50452788391408 32.85230422255363 719.9281807915811,0.69
3,163,18,0.0,-0.8232459810510119 0.5666809332952782 -0.03374573340363782 -0.46355113518750074 -0.6367298764474064 0.6161942952556848 0.3276986416659923 0.5229223501427941 0.7868709017185731,-115.210790749297 -31.73960810493265 770.9112812849037,0.69
3,179,18,0.0,0.4046826541209816 0.8993106206121917 -0.165747872106138 -0.7430105731922538 0.42902407254507846 0.5136863180009311 0.5330733885480652 -0.08472752109527337 0.841815900058281,-7.044369982344756 -104.8186814169212 840.7423320851033,0.69
3,190,18,0.0,0.9866502260641731 0.16278706813754884 -0.004658524948659662 -0.1319304281151641 0.815744802636461 0.5631649661590741 0.09547614123363897 -0.5550322399814109 0.8263313615229376,83.57177140870105 -69.53071403298442 820.9467363590404,0.69
3,203,18,0.0,0.5158062614532407 -0.8561748592389697 -0.03014151709455659 0.7322809438318165 0.42235914246523054 0.5342072388847039 -0.44464426224389203 -0.29761949731690207 0.8448160242741727,89.67445001276577 26.02403093636525 753.2840366130084,0.69
3,216,18,0.0,-0.5885177048586946 -0.8080248192948448 0.027254402789053722 0.5705880635835979 -0.3912279285150168 0.7220595333113254 -0.5727793403779282 0.44049585622725507 0.6912938795352115,-19.838399578882754 47.500025052288734 695.637868600203,0.69
3,225,18,0.0,-0.9835798338487762 -0.17875455507008675 0.02484993939045231 0.1418807728274552 -0.6807863517125242 0.7186096225516574 -0.1115372437704011 0.7103356617569236 0.6949695611236909,-92.63949171629856 18.153690375807372 717.3990326524391,0.69
3,233,18,0.0,-0.8889656549635995 0.4574988135478148 -0.020854253702313724 -0.32196074573694716 -0.5919203553178625 0.7388988910296755 0.32570130871651026 0.6635699876898572 0.6734935255350534,-116.47264272213076 -29.868663035826057 769.2017664972349,0.69
3,238,18,0.0,-0.5899912280400934 0.8066417282876792 -0.035206150326447305 -0.5349021958778786 -0.35783025611777297 0.7653999925866949 0.6048057470632751 0.4704111286861258 0.6425911439846325,-103.81876359216851 -60.42341250742875 794.9379740350333,0.69
3,251,18,0.0,0.3994560921135042 0.8939340838308837 -0.2032650590702849 -0.6503847807292852 0.43259997353555724 0.6243852175482334 0.6460916865810357 -0.11721397810190504 0.7542058179757027,-0.5716779673267447 -91.2655084531833 804.7568817187531,0.69
3,261,18,0.0,0.9702798174143457 0.24167424354083758 -0.01227338288118647 -0.15327881388822048 0.6530516562848536 0.7416394942535286 0.18725031677250786 -0.7177165835011571 0.6706863832194762,79.43108373276104 -71.17260567379144 822.7110879567152,0.69
3,269,18,0.0,0.8849502649865548 -0.46510225318398 -0.023300699204342246 0.33616672700275063 0.6033976838927407 0.7231204372226899 -0.32226535674267637 -0.6477585423258122 0.6903288424276176,103.22501530723127 -23.286690295286988 777.6082493024518,0.69
3,281,18,0.0,-0.01263655477833267 -0.9998010136476789 -0.015435368230395763 0.6935026848823376 -0.019883678662958454 0.72017960633707 -0.7203432123261266 -0.0016038802642105998 0.6936159485073672,44.76575858114286 38.87112180655838 698.7659626122265,0.69
3,292,18,0.0,-0.8036365401352585 -0.594958517674558 -0.013880691838795062 0.32933671282933785 -0.46403466811435107 0.8223193761372586 -0.4956870393123036 0.6562744769031449 0.5688568976669843,-53.02452661946345 18.650312209493347 705.175515446586,0.69
3,302,18,0.0,-0.9762562100620714 0.21636363112556395 0.010516246545300756 -0.11126476249006828 -0.5425091745681566 0.832648754360088 0.18586006817837272 0.8117084295703343 0.5537015987164863,-111.27945659668781 -20.18021201770693 748.5339087965533,0.69
3,307,18,0.0,-0.8180617662394837 0.5748424032397537 -0.018197748615715992 -0.3164271056770623 -0.4234368374175406 0.8488669692658963 0.48025913152169586 0.7001838731043264 0.5282932049862559,-113.6862927686615 -45.22771392317596 785.3508533429324,0.69
3,318,18,0.0,0.010026974090888957 0.9942182041105618 -0.10690941214762051 -0.5702750509492951 0.09350907499074826 0.8161142194320312 0.8213926138305357 0.05278461432599246 0.5679154500760624,-46.784333124534015 -78.10616349901552 800.7456694689425,0.69
3,328,18,0.0,0.8602404854239382 0.5048349267232755 0.07161008307418945 -0.31783892510008455 0.42109794037083537 0.8495027618004919 0.3987038060124458 -0.7535371400108594 0.5227016870983339,48.489481657866456 -90.6710971855035 903.0900613260005,0.69
3,335,18,0.0,0.9768551910628189 0.2023641059438448 -0.06930154629711759 -0.05154577232788919 0.5371441586969777 0.8419140016253662 0.20759809500268683 -0.8188558611888078 0.5351430739045316,90.10040656001925 -63.40195000793085 834.6117634360259,0.69
3,354,18,0.0,-0.13602051629030001 -0.9904570337131051 -0.022209986860806885 0.5268667708302981 -0.09130409767001418 0.8450295660765477 -0.8389933402256387 0.1032396538007635 0.5342581295030748,40.63213418217298 19.03194225890857 677.7363968551499,0.69
3,369,18,0.0,-0.9909111410996375 -0.1344712285213333 0.0035495273738630484 0.057821639428946706 -0.4019629190378765 0.9138284684404938 -0.12145685842455883 0.9057280499236584 0.4060848816726913,-92.68915353572875 -17.35905057666288 731.9756934375965,0.69
3,374,18,0.0,-0.9691053376750417 0.2464602311619542 -0.009602028188850767 -0.10755418670048368 -0.3872385661935511 0.9156846562958015 0.22196157643371722 0.8884276263759242 0.4017827911684376,-113.4861619928726 -34.198324233586476 768.0583568642604,0.69
3,405,18,0.0,0.6768684449485608 0.7256813772856288 -0.12343276264327258 -0.11506095463621596 0.2699264143529957 0.9559815414288801 0.7270557646777309 -0.6328714478433737 0.26620226436586153,57.792544048277655 -53.91811087849823 734.7846751431271,0.69
3,416,18,0.0,0.6330701386298947 -0.7740865750729015 -0.0034891069102581107 0.32388440612743563 0.26078270766466755 0.9094455843262766 -0.7030797188389124 -0.5768729094653257 0.41580831555225767,106.43508819952747 -27.773856078047455 806.3675040454567,0.69
3,428,18,0.0,-0.318959324935316 -0.9476331485492935 -0.016011396171478676 0.348640071489647 -0.1330228648838337 0.9277688386499036 -0.8813143874852498 0.29033830816592177 0.3728117718404942,19.149320830423836 0.7591001497780392 678.2744353798375,0.69
3,432,18,0.0,-0.49788415881168224 -0.8671796264311258 -0.010529003141643678 0.21793843662211737 -0.13686030626386292 0.9663188368297851 -0.8394130105300317 0.4788201667350017 0.2571323505138442,-17.43010521097152 -23.358243322491315 746.7037851393637,0.69
3,441,18,0.0,-0.9976823602795011 -0.057129157155519375 -0.03696170166298961 -0.021981416961549843 -0.24347828582781772 0.9696572289416039 -0.06439507198137423 0.9682223834084025 0.2416582110574067,-95.38544928979621 -34.94834121836513 755.750232426658,0.69
3,446,18,0.0,-0.9715069670449868 0.23592316624156157 -0.022681988748950624 -0.08258421033040204 -0.24725587565316642 0.9654244559565963 0.22215773942664013 0.9397897592470044 0.2596943342225678,-116.29098265582687 -44.634452887563796 796.6573180647606,0.69
3,454,18,0.0,-0.6699593540155209 0.7421972224698533 -0.017255344828224328 -0.19927449597840274 -0.1573922256176148 0.967221465109045 0.7151532277908417 0.6514376180979796 0.2533473712260931,-104.27301253081785 -59.84613920854521 862.74388945228,0.69
3,459,18,0.0,0.8504194332972846 0.44116362029038925 -0.2866381823878355 0.2237910850373437 0.18974095047050382 0.9559894988818434 0.4761347894537146 -0.8771391177269583 0.06263090630862514,-82.09589515499476 -74.17723958492074 959.9576967512041,0.69
3,476,18,0.0,-0.07554076506794904 0.41508740803075855 0.9066399707200514 0.9397032751260996 -0.27450506196805535 0.20397236496936627 0.33354362163026186 0.867380778348368 -0.3693226743940156,-75.02026818446855 -74.04038063050265 1534.0425898010542,0.69
3,493,18,0.0,0.4343888896751508 -0.8998785296000527 -0.03905028158203666 0.1643174042540203 0.036543383364363746 0.985730374793993 -0.8856105708413886 -0.4346069639307819 0.16373974385242457,90.54242335849393 -27.63239947093327 806.5265343581392,0.69
7,3,18,0.0,-0.4653939724129157 -0.8692527843051685 0.16675745086633487 -0.8685185694893518 0.41219367530858997 -0.2752669040908587 0.17054015625035646 -0.2729395006467698 -0.9467946367047059,46.09314666780571 -63.98652583107418 807.1691083456733,0.69
7,30,18,0.0,0.9760906920162505 0.19520193252082305 -0.0956199063970071 0.1888270192992569 -0.9793823708041789 -0.07179504537601411 -0.10766298222599263 0.052022853613790936 -0.9928254151461292,14.600883481119023 110.41489830337315 726.4294918524204,0.69
7,39,18,0.0,0.5369394914386031 0.82397092691433 -0.18101904356612297 0.790309627220263 -0.5663604489186694 -0.2337659834612643 -0.2951384008505555 -0.017542904565175016 -0.9552934475033281,-61.076947479021605 99.78131644939427 739.9728406730419,0.69
7,54,18,0.0,-0.6787681356829133 0.7318561704474256 -0.06050094015443866 0.6566832868596879 0.5680379889701557 -0.4960845732794946 -0.3286957236422451 -0.37645635718469417 -0.8661638022883033,-104.63379551001198 -8.32251656844527 775.8538150577943,0.69
7,62,18,0.0,-0.9810282383630977 0.1517223173887102 0.1206811250378311 0.07679340388427322 0.8757084240649572 -0.476694377081937 -0.17800665339830427 -0.45838313061004826 -0.8707459657776586,-63.717161010768294 -61.11861443126344 786.4666856017818,0.69
7,67,18,0.0,-0.9231388084129897 -0.33188317411363144 0.19408322735905442 -0.38393236625578253 0.8223815988475637 -0.4198624108183056 -0.020265205231653677 -0.4621061183507366 -0.8865930615788361,-23.10380937898573 -76.32389198257104 790.4732585071673,0.69
7,71,18,0.0,-0.7521458153202243 -0.6224086063580383 0.21652759461029314 -0.6557847254054787 0.6745223438648822 -0.3390663674738119 0.0649851246142978 -0.39702283858547693 -0.9155052152884737,12.089410858199003 -75.95422994216585 799.0020392585787,0.69
7,81,18,0.0,0.012224550225348185 -0.988007505392506 0.15392118002362593 -0.9338015134579448 -0.0663278485608163 -0.35158974667777976 0.35758256925560544 -0.13943380434231475 -0.9234137319594015,79.14400976455124 -35.67925613252113 789.1709448183417,0.69
7,87,18,0.0,-0.40032910673961875 0.911034252825262 0.09875827295054966 0.8792052127089358 0.41223680879286306 -0.23887027320642168 -0.2583307961558078 -0.008797934723120251 -0.9660164574695993,95.0805296604657 10.514501861087787 775.0412188290172,0.69
7,102,18,0.0,0.987062477914896 0.13696533585447626 -0.0833556324838115 0.12023460671771438 -0.9762314534158395 -0.1803213484561221 -0.10607216430309266 0.16796620533865783 -0.9800694107175214,18.552173332718933 94.5302791651149 715.635733396204,0.69
7,112,18,0.0,0.4972791558981762 0.8504943931811884 -0.17138473758348327 0.7424053144667759 -0.5193601924323907 -0.423201299109629 -0.4489407423710672 0.08321224479577613 -0.8896785555218035,-64.60520203825345 83.8650824809273 731.3498206781863,0.69
7,130,18,0.0,-0.8435834145599426 0.53594237916686 0.03365692933637279 0.3944002568700914 0.6608904518955582 -0.6384921675119362 -0.36443855457428476 -0.525347101263774 -0.7688920360710962,-90.8863179243891 -40.79311930074201 789.8005990857307,0.69
7,155,18,0.0,0.16869572748832595 -0.9735800071793261 0.15389516284759533 -0.8363603876702272 -0.22400588017801437 -0.5003225635345466 0.5215774664067573 -0.04430953922550307 -0.8520525871507765,86.5019779874704 -22.85708497365052 774.717467862757,0.69
7,166,18,0.0,-0.8739837657008667 0.4815997244735773 -0.06491596628185428 0.4824479241853586 0.8438793653192846 -0.2347586361298763 -0.05827845005292195 -0.23649381001475617 -0.9698836528595238,74.50352329788369 51.04549474799509 745.698884843969,0.69
7,185,18,0.0,0.17169225163256718 0.9699532546227702 -0.1723730099987668 0.7558521223413236 -0.2419163999304269 -0.6084110654786108 -0.6318301511335591 -0.025829039691738165 -0.7746763974893947,-76.65049983255552 61.55605125657947 730.4788757130282,0.69
7,198,18,0.0,-0.6403416944985598 0.765539870871093 -0.0625397505062445 0.5259075945534493 0.3776400182891533 -0.7621084034293102 -0.5598068562260717 -0.5208999161962284 -0.6444218812463185,-102.01163274869704 -22.399120143686144 772.5863849093516,0.69
7,207,18,0.0,-0.9310837420550464 0.3419575528993413 0.12707516396159363 0.12459607749228004 0.6254767944082522 -0.7702302234593978 -0.3428686085868892 -0.7013157717261678 -0.6249778440663478,-51.70950743405152 -67.51363149026075 801.4231466133783,0.69
7,219,18,0.0,-0.6727499640127298 0.6874105937310998 0.27363143377018595 0.37242876657876944 0.6341971154588864 -0.6775624196841534 -0.6392998512008957 -0.3539218760826817 -0.6826675661583957,44.68506116441534 -68.18990114971504 864.9570004523737,0.69
7,229,18,0.0,-0.8292771696739651 -0.446285920813723 0.33634543662875094 0.14898037034414024 -0.7566360158213955 -0.6366370934952249 0.5386132426051745 -0.4778397392906667 0.6939488154359563,90.46466450955755 -16.322013781534135 772.3637050776754,0.69
7,239,18,0.0,0.905304846955933 -0.4243103792457121 0.019591736586014638 -0.3434266670202813 -0.7583161076768214 -0.5540891672079651 0.2499625141044886 0.49489128392227255 -0.8322267471310496,70.34496281305769 35.92079064096436 727.6382495829413,0.69
7,251,18,0.0,0.7522414120299803 0.63725174241377 -0.16746066647949026 0.3937289659649206 -0.6385411706660449 -0.6612432795307875 -0.5283089620547199 0.4314804632368085 -0.73124158146102,-24.05182452553367 60.50260164597605 698.3347532953247,0.69
7,270,18,0.0,-0.5682149241147574 0.821269995199427 -0.05145284247146564 0.44022726003578805 0.2505633847666998 -0.8622168809154905 -0.6952206552848117 -0.5125754434221247 -0.5039192943973957,-105.68845398428576 -25.29839800499427 774.1791372358899,0.69
7,277,18,0.0,-0.8928221437451248 0.43797826123346073 0.10508883063995925 0.13351934484596106 0.4801945779564226 -0.866940454617939 -0.4301641595836001 -0.759992243373686 -0.48720692300250334,-72.44623774937466 -59.11829339628042 816.1443640278593,0.69
7,285,18,0.0,-0.968548599703186 -0.13762960998532123 0.2072961660723276 -0.2487403680285569 0.5138849245395432 -0.8210057939162223 0.006468332552964015 -0.8467469366854992 -0.5319565639107273,-7.59642668723391 -70.92459713994151 817.926521714816,0.69
7,289,18,0.0,-0.5588534204396609 0.8054342449716788 0.19737915667515 0.39026947813415747 0.46545968304587615 -0.7943783845849062 -0.7316915941158433 -0.3669100168784363 -0.5744601384034246,35.557046557915655 -74.68998039124604 934.6637368771171,0.69
7,295,18,0.0,0.07189588403622305 -0.9566403502226739 0.2822591401256822 -0.5843451243385662 -0.2697387232496884 -0.7653638329849233 0.8083141453175215 -0.10991024295063523 -0.5784012283649966,71.2240431781038 -45.59324368182284 824.8321546451247,0.69
7,306,18,0.0,0.7635814600797742 -0.6437182598464017 0.050696703667610754 -0.4452562419907262 -0.5817705512538368 -0.6806540271401491 0.4676432751475606 0.49716177209649515 -0.7308487802378381,89.9405438485086 1.6054240744681358 755.4118114251653,0.69
7,314,18,0.0,0.9777374495745504 -0.20851275864257834 -0.02349274744925483 -0.17059355743416887 -0.724713326418958 -0.6675990058955479 0.12217740323565368 0.6567442607240894 -0.7441502927128106,49.18043858937629 30.67237399659224 712.5481596661351,0.69
7,328,18,0.0,0.3549301909922842 0.9085092358655406 -0.220534640973231 0.4406866409298914 -0.3706258339465789 -0.8175767705343222 -0.8245118822843667 0.19299600917742937 -0.5319141814367015,-69.04788437558963 29.30519190965242 727.1414100242903,0.69
7,342,18,0.0,-0.8375834086335966 0.5431345581444353 -0.05881228894520654 0.2588010477203436 0.299671462734068 -0.9182695857544646 -0.48111958106127617 -0.7843480516786362 -0.3915636379279227,-111.91208984252646 -35.01651484917195 846.071469952754,0.69
7,348,18,0.0,-0.9807737813060183 0.18662500942363708 0.05704292910012461 0.007608051299642815 0.3286500783942755 -0.9444211155659635 -0.1949997627129748 -0.9258294831280026 -0.32375123275876394,-77.33631629303221 -53.67432795658066 846.1865383566762,0.69
7,354,18,0.0,-0.3968106696234226 -0.91142208532133 0.1088626421759527 -0.3443362233496959 0.03786847157810258 -0.9380823759934982 0.8508665334600247 -0.40972644685064824 -0.3288622523015733,-28.602545665572656 -67.8185869527514 931.8565079397617,0.69
7,366,18,0.0,-0.477948401427954 0.8275539710060205 0.2944821737298029 0.20903707401482324 0.4327801749938792 -0.8769292000039617 -0.8531522884337734 -0.35756921736138514 -0.37983605349648125,68.28607750349762 -50.13323112349563 943.4989288971469,0.69
7,378,18,0.0,0.8232279271593581 -0.5629923314651322 0.07304392278869945 -0.2971340351259346 -0.536921354680724 -0.7895738243239806 0.48374285019490126 0.6282953872178841 -0.6092928370545994,93.13283017918401 -10.51579631934022 773.6270510230312,0.69
7,385,18,0.0,0.9148712602839816 -0.40350963739930445 -0.013803971612585897 -0.2592470167066736 -0.5608892727018765 -0.7862532722327137 0.30951827318445824 0.7228991605292138 -0.617750145504693,60.253625841460895 8.8608486583901 718.2437671323171,0.69
7,393,18,0.0,0.9831814754972047 0.13399267160944467 -0.12409734160772122 -0.02930907159600972 -0.5549273742577958 -0.831382335403831 -0.18026415218040417 0.8210368890947055 -0.5416671138110273,-4.478544002243164 17.138984372581103 687.0041209517046,0.69
7,399,18,0.0,0.5502612106837994 0.8136912977379765 -0.1874008324482227 0.2610473766187985 -0.3808259826210758 -0.8870320389485011 -0.7931373570682713 0.4391788279803339 -0.4219657449089652,-58.41249967434607 12.498112939612879 723.8814615005168,0.69
7,413,18,0.0,-0.4786529655403124 0.8779269126788614 -0.011647942892535734 0.15448323764342403 0.07115128347773148 -0.9854300706527466 -0.8643068135023986 -0.47347843758046143 -0.16968176472354157,-115.57284633325177 -28.518218367487677 803.2050907181005,0.69
7,428,18,0.0,0.9234694569645131 0.31664238834660274 0.21666047160436763 0.2007863477772306 0.08235414286270172 -0.9761673205448085 -0.32693883923441824 0.9449631702111512 0.012474066880623203,-19.86586981236804 -54.98749166586157 836.0911884470014,0.69
7,435,18,0.0,0.6038648553922438 0.6104635041740883 -0.5125246789117538 -0.3129615595652453 -0.4097772519580676 -0.8568183389798467 -0.7330772801394086 0.6778030051933872 -0.05639847067270243,8.09647529696202 -26.482416943991993 927.5478594689149,0.69
7,447,18,0.0,0.5174649099800706 -0.8422272179572222 0.15127253640814903 -0.2712731892556547 -0.32912455587499134 -0.9044821078999603 0.8115669557900831 0.4270015691448068 -0.3987840721712564,90.40924814712969 -34.078113456558334 771.0404609282365,0.69
7,450,18,0.0,0.6177324915253922 -0.7785314416174947 0.11088445935665214 -0.27951125883313455 -0.34916826303895887 -0.8944020238527376 0.7350374310872528 0.5215077358000954 -0.4333008843763304,92.98658175003693 -30.169763173122618 773.6872064262642,0.69
7,458,18,0.0,0.9437194036023113 -0.32463544891389406 -0.06328911891448803 -0.20025579908589297 -0.4085388840272954 -0.8905018782519228 0.2632324109925831 0.8530579145323057 -0.4505562032164525,56.16603520967555 -17.97868667331293 715.6481797433844,0.69
7,468,18,0.0,0.8010277547794538 0.5733470398020717 -0.17212701131196442 0.05673260888082099 -0.3589505205593402 -0.9316307932221617 -0.5959328377951355 0.7364969081675634 -0.32005680292263183,-26.686605763873498 -16.031191712278403 699.1266168200364,0.69
7,478,18,0.0,0.9363829922023583 0.3509138451504934 -0.006809199354809864 -0.04714217469366849 0.14497217761111905 0.9883120373059521 0.3477995216778046 -0.9251175822566479 0.15229232324810288,-91.5433280368336 -30.025811189124394 735.4007416260554,0.69
7,486,18,0.0,-0.3363219507494042 0.940925406590873 -0.039330963323004065 0.05593985594339085 -0.021729962227116872 -0.9981976463900527 -0.9400841866349778 -0.3379159480897701 -0.04532696841223516,-119.31676518392963 -44.9922108810474 814.247247169472,0.69
7,493,18,0.0,-0.17426866287920512 -0.9074038335848975 0.38242478467500707 0.2197727421947524 0.34272951768857246 0.9133654358980074 -0.9598595600016144 0.24321751684529208 0.13969561400816127,-228.244928416106 -275.723163982481 3183.4319116910956,0.69
19,1,18,0.0,-0.6643697295402472 -0.7465731961837923 0.03523244542372198 0.7341849773078566 -0.6430670455535409 0.21780081271313553 -0.13994742429241386 0.1705673991797875 0.9753571042295031,5.045720507221962 104.99754150961779 706.8650299058429,0.69
19,6,18,0.0,-0.9149267176871364 -0.403366210998637 0.01431087302878968 0.39366226720773856 -0.8839662175303031 0.25225730047321104 -0.08910174318780817 0.23643059465680813 0.967554367088032,-42.14009722732549 100.48304095330137 709.4147187209335,0.69
19,17,18,0.0,-0.8796070882917967 0.4699880438910336 -0.0735024409547549 -0.47126229500888767 -0.8398763665206775 0.2692945195561555 0.06483224143729303 0.2715122972528213 0.9602488494711734,-114.35498214939571 33.30816134617409 736.1005714913834,0.69
19,33,18,0.0,0.3496493576368875 0.9335134600706719 -0.07935960289085356 -0.9136441855028686 0.358500256376706 0.19165559859976913 0.20736351897311087 0.00549418280712255 0.9782485292370084,-60.02137984692814 -91.45845405328323 780.1698779780237,0.69
19,42,18,0.0,0.9151725442376192 0.40213531259203666 -0.02732040702749295 -0.3937674573184687 0.9064845364364312 0.15242366862983003 0.08606046613045329 -0.12873606941387183 0.9879375590599215,24.34165263622335 -99.33845867276892 789.622623551306,0.69
19,47,18,0.0,0.9996719289483852 -0.016372492691585167 0.01969710526139885 0.012329488911978418 0.9816635526725276 0.19022264075950837 -0.022450349123878614 -0.18991737897679498 0.9815433617455728,66.80968317985958 -76.20602070994867 783.7408456278945,0.69
19,55,18,0.0,0.7838508751673111 -0.6189846752979363 0.0493535940509802 0.606828625018614 0.780456116757642 0.15049009825766066 -0.1316693789666337 -0.08801262160559878 0.9873788295687986,102.20863920726553 -11.136623304438531 768.1133433705335,0.69
19,74,18,0.0,-0.747027715245735 -0.6645563178129672 0.01773395358084716 0.6261636102241386 -0.6944087942421969 0.3545639007431117 -0.2233130669840216 0.2759734170784729 0.9348635981683213,-8.792984263135068 88.25380022106847 701.3879035510859,0.69
19,80,18,0.0,-0.9774969838258505 -0.21094291779625535 0.0016528892785722948 0.18945988732125624 -0.8744464902878629 0.4465963353179864 -0.09276097082060891 0.4368597269774827 0.8947340282103828,-64.21937061611142 73.47240965062291 697.1469872345243,0.69
19,88,18,0.0,-0.9034286628513282 0.4230688775820768 -0.06949371165870227 -0.40427203999786 -0.7866362421192731 0.46665569776917665 0.14276123008236452 0.4496844976268474 0.8817046465679198,-112.99924279270856 22.91899050238151 731.8357697698735,0.69
19,98,18,0.0,-0.22831411124862083 0.9689714708810493 -0.0946940083815668 -0.9019732947633647 -0.17390391797533233 0.3952234846849934 0.3664926222156085 0.17564656538470863 0.9136911085974748,-104.49565368672641 -60.23998228545561 779.0654191989154,0.69
19,109,18,0.0,0.6950264340746531 0.718285394249527 -0.03169145539847293 -0.6588761305355352 0.6539452504364998 0.3718035153707722 0.2877855113587068 -0.23753252796058294 0.9277703366742561,-18.17693028880578 -109.77092481386798 819.8307676066132,0.69
19,115,18,0.0,0.9425715683045273 0.32667021992500855 -0.06960895084750557 -0.28753117221620195 0.8996519105082211 0.32856089986923953 0.16995488703747444 -0.28967741943937253 0.9419141834790604,38.74123366273639 -101.39296579488891 821.1518920880602,0.69
19,123,18,0.0,0.9274848668489492 -0.3738283774791315 -0.00491588827242323 0.350388681797069 0.8645939758037565 0.36014584361389695 -0.1303824889879747 -0.3357522914220737 0.9328830609300007,94.31012194685349 -52.30421658111618 798.7754769819957,0.69
19,128,18,0.0,0.6843494469919363 -0.7277713269467204 0.04488574468626652 0.6590439359944805 0.6437124067180975 0.38896712954451274 -0.31197263474659753 -0.2366077621537477 0.920157509374271,104.22522702328907 -10.116472567360132 770.6662709330437,0.69
19,140,18,0.0,-0.28719730818739986 -0.9577358400260967 0.01611728573359561 0.8726214485762851 -0.25466068821210763 0.4167490148326223 -0.3950310287237412 0.13375348447364796 0.9088787002326657,46.177680467542686 75.77275941524543 704.938906499426,0.69
19,145,18,0.0,-0.6646677408932543 -0.7470673510036661 -0.010352163069763276 0.6055931743632814 -0.5468092559211827 0.5781492409434841 -0.43757708050178096 0.37800795058211106 0.8158653613901317,5.013297206571596 66.79064229111322 692.7586631511895,0.69
19,150,18,0.0,-0.9137234849795777 -0.4059425335633383 -0.017890009529158327 0.3261956974390692 -0.7590535734245909 0.5634128500873924 -0.24229271546832498 0.5089679087285731 0.8259817842515949,-43.07607362638702 62.532493552372806 696.4085301348478,0.69
19,161,18,0.0,-0.880040080063448 0.46777848733688104 -0.08193133873396259 -0.41843032292443477 -0.6821759827776188 0.5996265449250419 0.2246008066309495 0.5619779491280857 0.7960749100144522,-115.69756477316473 4.528744903261622 739.8094198743682,0.69
19,180,18,0.0,0.5779786408384691 0.8142329122524266 -0.05445599452262362 -0.658504601133532 0.5047678903716235 0.5581944707140589 0.48198794696598346 -0.2867649585544105 0.8279211783284708,-32.559778103979816 -109.06752115245772 836.8925682963534,0.69
19,186,18,0.0,0.883105528877697 0.4659665712737051 -0.05477024119967083 -0.3695291417267921 0.7627219651538282 0.5307573996531211 0.2890896716942745 -0.448475593903737 0.8457522115799562,24.593807526557974 -108.35501712815719 851.0032344917939,0.69
19,196,18,0.0,0.8935836030458526 -0.44889154503420325 -0.0021737443267528245 0.3691306405328042 0.732035193009248 0.5725967572522176 -0.2554425856967352 -0.5124654690734968 0.8198342688738055,94.62865086893855 -53.580383018830716 791.6961571207249,0.69
19,219,18,0.0,-0.7894932907291076 -0.6128584665917991 -0.0332391910321749 0.41003795798828496 -0.5669653265056869 0.7144362753591794 -0.45669378899052504 0.5504133160335499 0.6989105555294105,-18.314879571159345 43.589113611423045 687.4955721739727,0.69
19,225,18,0.0,-0.9902507655701449 -0.1390825535350299 0.007711328673928541 0.0981032494842671 -0.6570416781929855 0.7474436336995404 -0.09888970486541793 0.7409131368922545 0.6642804752904529,-70.9175679681986 29.025367455126954 686.3931228728451,0.69
19,234,18,0.0,-0.8228281821818837 0.5556348661840678 -0.11926306254607855 -0.45410443471534334 -0.5166792593082623 0.7258317335116479 0.3416766673027516 0.6513926914552223 0.6774545125243511,-116.9196875643387 -18.53947472585395 743.2490808574285,0.69
19,255,18,0.0,0.7571296448778154 0.6520128400006584 -0.04042223795720504 -0.46728862690599926 0.5837869031958687 0.663953455312406 0.4565041511437753 -0.48380999176459055 0.7466805554299963,0.863040074322549 -110.00323796101269 882.8630824068507,0.69
19,263,18,0.0,0.9990478418437974 0.04341046810524746 -0.004352122026580592 -0.027301860985284254 0.699880498457289 0.7137379745158002 0.03402966491153224 -0.7129395620514126 0.7003992880978313,70.58889329814292 -82.51243007229643 823.4286289654026,0.69
19,278,18,0.0,0.08128032656610955 -0.9943086122982188 0.06887591758297767 0.6678903843925219 0.1056301867381682 0.7367256599886209 -0.7398080446638275 -0.013879739163625004 0.6726748173459698,87.65576645544472 7.85643608314986 730.29833330592,0.69
19,287,18,0.0,-0.5460739791219938 -0.8373377465706686 -0.0258593792235432 0.5557989133083558 -0.38521775452351203 0.7366782537615142 -0.6268100009501467 0.3879082104929179 0.6757488016571387,20.612862452906086 41.733002673808336 686.0040756892635,0.69
19,291,18,0.0,-0.7588673645394663 -0.6503805677951384 -0.03354757921815116 0.3314476786163236 -0.4300509433709329 0.8397610508029181 -0.5605914371240208 0.62614798821065 0.5419187554264764,-13.236023800824007 19.956328540799817 685.6391592858693,0.69
19,296,18,0.0,-0.9604219389093078 -0.2785179191943379 -0.004179467590745098 0.14649965090811506 -0.5178271311839833 0.8428480969270598 -0.23691253986542427 0.8088775129136809 0.5381353152851907,-58.86932357904408 11.978776904181823 684.8219194049396,0.69
19,307,18,0.0,-0.8219258803160155 0.5629962943571295 -0.08644662981796006 -0.3746076132644416 -0.41996991192645317 0.8266162405619707 0.4290768967808236 0.7118008468782738 0.5560868376722391,-118.20401869406852 -33.70104878662105 759.2937217432611,0.69
19,326,18,0.0,0.6989115967365382 0.7134861506998531 -0.04959932163537201 -0.4185304858877969 0.4642447138747162 0.7805825247992088 0.5799610438035534 -0.5247993506082961 0.6230817195772986,-12.959191220959429 -108.39387841114439 934.2652988175761,0.69
19,333,18,0.0,0.9337337110069253 0.3561760141925449 -0.03577714134958612 -0.17613438378434515 0.5441423760952087 0.8202961376151724 0.31163766745716925 -0.7596365719548873 0.5708189229260732,55.12147600948196 -95.30565992258919 906.0950895539706,0.69
19,345,18,0.0,0.5934217893951159 -0.8047957699815542 0.012423706809811141 0.4331536924578758 0.3323223849994162 0.8378184237282013 -0.6784013993066396 -0.49179833371830084 0.5458076038043956,100.81409610011023 -33.925762125735545 762.0626630247598,0.69
19,356,18,0.0,-0.3705257919018259 -0.9283962151834811 -0.02812659183961652 0.44861673264607205 -0.20539575060136345 0.8698020538173414 -0.8132980171655946 0.3096660350569466 0.492598499801433,49.87568233016777 11.764282375797961 675.8340762725887,0.69
19,364,18,0.0,-0.8449690385337415 -0.5341235539379431 -0.027191047204283475 0.17910841286303814 -0.3305183058100343 0.9266487068820353 -0.5039320394269925 0.7781193216038051 0.37494375709669625,-26.368091850959743 -5.984808863111085 684.0768513098697,0.69
19,373,18,0.0,-0.9822932962745151 0.18451936969959773 -0.0324419835985858 -0.09514634836541683 -0.34215602096883546 0.9348135801899226 0.1613909925828405 0.9213478493600759 0.35365390990725454,-95.30386767575571 -23.504952935335954 712.2883525463885,0.69
19,387,18,0.0,-0.2193171493125395 0.9751697530103948 -0.030723620084017467 -0.3972549042784804 -0.0604928668603007 0.9157123751952451 0.8911164508885001 0.21303653647360055 0.400658090000958,-101.75307328893807 -76.76293653846504 870.4622907834492,0.69
19,394,18,0.0,0.22731349176944973 0.973715498041611 -0.014377250542367881 -0.3892726071567305 0.1043886115416773 0.9151884260073456 0.892633975253565 -0.20243800694034342 0.40276971034207554,-51.24609344120695 -106.30754165810438 1017.263687186903,0.69
19,401,18,0.0,0.10334944378003619 -0.904815869013472 -0.41307037614885045 0.632725702084753 -0.26062640342242493 0.7291996048822624 -0.7674484206718478 -0.33672261732839837 0.5455646621508761,128.80564641932392 -174.80755545113084 2025.838023419568,0.69
19,411,18,0.0,-0.5110635503410075 -0.7971762559118607 0.3214406080805469 -0.22660957962088352 -0.2357760270914725 -0.9450173350119072 0.8291333704156953 -0.5558054354351963 -0.060151242745271616,516.3194329648728 -288.92766202133697 3177.9227100563485,0.69
19,426,18,0.0,-0.08017385026856877 -0.9961553498323388 0.035308253051146155 0.3739204667822906 0.002778913088190116 0.9274566093156931 -0.923988981673714 0.08756024578802263 0.3722600772351421,65.2534308757229 -12.499797499379847 695.246315727864,0.69
19,435,18,0.0,-0.6772481316347134 -0.7339818720045169 -0.05104487991987655 0.1425064773371597 -0.19892221594585746 0.9695988118392797 -0.7218219116335021 0.6493847577299102 0.2393168700986663,-17.94656878767913 -29.84743128125213 708.7425610750345,0.69
19,445,18,0.0,-0.9763807435522005 0.2123458366685196 -0.03987341557978531 -0.08372692347655139 -0.20174039110100672 0.9758537886812576 0.19917441077006748 0.9561433262058358 0.2147544966850221,-96.1165326333532 -40.99775254849469 728.3410798311885,0.69
19,458,18,0.0,-0.37269255212298513 0.9263682598224647 -0.05424120929288684 -0.2992492900677599 -0.0646517385787082 0.951982150616645 0.8783792597653919 0.3710283006621587 0.3013102655432657,-120.63802289690614 -84.3550016853772 1023.9732590234789,0.69
19,481,18,0.0,0.6931691696048337 0.7202653923578418 -0.027097359298454526 -0.28493714006616433 0.3083627091548175 0.9075920150671316 0.6620629339573847 -0.6213937593622144 0.4189778840290188,-5.3069924295237305 -16.83671140401546 474.0802586761434,0.69
19,488,18,0.0,-0.5845803713673565 -0.80838518921644 0.06913157937949849 0.06576913933046119 0.03771131757092272 0.9971219969686737 -0.8086656971355555 0.5874446717628526 0.03112150211189524,153.71376002446732 -42.74769923135973 759.7116042090067,0.69
19,494,18,0.0,0.16630842457305228 -0.9860631989017012 -0.004568991986541426 0.12080056212121121 0.01577504524063117 0.9925514455880133 -0.9786463774557326 -0.16562160402374992 0.12174051163590305,95.79885295535765 -34.11401834233867 739.1009278525471,0.69
