scene_id,im_id,obj_id,score,R,t,time
3,5,8,0.0,0.949437558823178 0.007528201371885146 -0.31386565291536545 -0.3041523900300964 0.26992869181248635 -0.9135807709093815 0.07784372508342859 0.9628508854025652 0.25857015865066774,41.83832974014731 -29.665919031151564 767.1277991803888,0.69
3,10,8,0.0,0.9934201577752335 0.009064535394338394 0.11416752744942296 0.10841221186764263 0.24694091122451384 -0.9629470279727602 -0.03692130067854227 0.9689881426321435 0.24433337265816374,49.252751285051644 -7.896049236861782 761.6418983880351,0.69
3,16,8,0.0,0.8062831553906317 -0.00865667545054255 0.5914664278752181 0.570786497968935 0.27385450106559817 -0.7740842886808071 -0.1552747470443456 0.9617321738489651 0.2257453847015664,43.194667091460964 21.151895968781755 754.6586536075737,0.69
3,24,8,0.0,0.25530417391197335 0.011712624895740487 0.966789839210765 0.9185189845250947 0.3092849522917241 -0.24630406686227246 -0.30189841644187815 0.9508972776824833 0.06820347092288387,15.502828375843052 49.02088664227531 747.7710312458679,0.69
3,34,8,0.0,-0.6029051084266834 0.012394313235372323 0.7977166233898054 0.764108400855533 0.29652509278744077 0.5728972168630254 -0.22944232821127236 0.9549446320844072 -0.18824709208422696,-30.831198117048096 47.72546097930552 744.7425121882036,0.69
3,41,8,0.0,-0.9498377007627198 -0.014060074153809776 0.3124270419227172 0.2949340798447423 0.29203017895579986 0.9097979243354967 -0.10402995124446171 0.9563057507376144 -0.27323447869960027,-56.71170732272348 25.181349977717176 745.9813072308402,0.69
3,46,8,0.0,-0.9929136152369203 -0.050850688588598494 -0.10740931126868913 -0.11774718944617808 0.29876598983236713 0.9470345731265631 -0.016067110962292443 0.9529706662796874 -0.30263634473700296,-65.71101177717517 3.087287251601035 759.1166384024568,0.69
3,55,8,0.0,-0.635304153494338 -0.034609442392021905 -0.7714861107305535 -0.7449624333292204 0.29073532651152845 0.6004198055081473 0.2035180716325935 0.9561773666091182 -0.21048809492083487,-53.21245519822971 -36.9948360836155 777.8723459246585,0.69
3,69,8,0.0,0.5189284851372507 -0.012168929243188076 -0.8547310363349587 -0.8188929210030567 0.279749786032152 -0.5011531114799616 0.24520932128334744 0.9599958199784203 0.13520508266970083,11.144110662429123 -52.6882165778523 774.6912821523595,0.69
3,79,8,0.0,0.9818889943235339 -0.0457831570098562 -0.18384206635188213 -0.14975922264779087 0.40679415912700423 -0.9011607444468955 0.11604386264791591 0.912371862035631 0.392570257797744,40.92163471126955 -36.824288516858914 762.1081245069854,0.69
3,88,8,0.0,0.8196900864820804 0.05993482262250849 0.5696630400159448 0.498014597803631 0.41677968263437015 -0.760444709704579 -0.28300109981674487 0.9070294996197215 0.31178175751976034,47.866727249495064 2.1207388449698414 746.695903193392,0.69
3,101,8,0.0,-0.15610659364971932 0.0053338981792235285 0.9877258126369357 0.8769152433211758 0.46097217540034474 0.13610403938765692 -0.45458815146244685 0.8873985592938989 -0.07663817268873296,-4.742333379173737 35.05007751050349 736.7848153762548,0.69
3,109,8,0.0,-0.7525837156848312 -0.006573652141431685 0.658463771200464 0.58139565550673 0.4628786544775024 0.669120649051423 -0.3091873908229656 0.8863972801890929 -0.3445330449020326,-41.91874627169212 23.975284717840292 745.3359236373099,0.69
3,117,8,0.0,-0.9993873999534402 -0.02665821050073656 0.022675198504113626 0.007678006865591561 0.46511587191013726 0.8852165124464435 -0.034144882850501435 0.8848483290994966 -0.4646262599821005,-63.77097967106236 -5.080536859588237 758.1289841781058,0.69
3,144,8,0.0,0.6591246704735227 -0.03234569211389465 -0.7513377569208426 -0.5899353777486382 0.59737492455807 -0.5432489756914518 0.4664020999671223 0.8013095255336189 0.3746626822027318,20.893821096456374 -69.59770929888671 804.9984805058594,0.69
3,154,8,0.0,0.9978326061104447 0.04176208897336198 0.05085290657788777 0.022912265977959364 0.5039396029170055 -0.8634349452504261 -0.061685640554294555 0.8627286969473266 0.5018905032105853,51.80488392043836 -42.00381836662728 785.5978965591652,0.69
3,163,8,0.0,0.6857614548956223 0.0035549870540868556 0.7278176894294921 0.5806133077314485 0.6003276133678239 -0.5499954031746439 -0.43888428300018417 0.7997462839520657 0.4096174647647197,39.387558902142715 -3.1927127287308723 746.5079142711876,0.69
3,179,8,0.0,-0.5880116206483689 -0.00619825849237976 0.8088287306804453 0.6325291528507231 0.6197263366202723 0.4645924434309741 -0.5041321302758089 0.7847935074214605 -0.36048570836122845,-30.956126270404333 12.34681132827221 738.3961075250257,0.69
3,190,8,0.0,-0.9994987900866914 -0.006676425039709296 -0.03094501517093145 -0.02859487493095616 0.6098239098951411 0.7920209164207003 0.01358314186493721 0.7925088165243918 -0.6097091716451254,-62.8667952958352 -22.035675965319818 760.9239603901706,0.69
3,203,8,0.0,-0.39828796051611937 -0.015690307439525597 -0.9171262261871934 -0.7264279984242532 0.6158870736012777 0.3049351991426827 0.5600616605457324 0.7876781873476677 -0.25669828508084974,-39.83116594860213 -66.92278360460708 794.3257069332444,0.69
3,225,8,0.0,0.9994951477948929 -0.03008642307872845 0.010210616082920707 0.02580445047013865 0.5812164046200281 -0.8133397945118028 0.01853590759577755 0.8131926574600237 0.58169933985067,45.402593253941674 -58.31563068570531 781.8865298740104,0.69
3,233,8,0.0,0.7598602909817685 0.03146311988835662 0.6493245800645412 0.4849784869165249 0.6377057008423784 -0.5984373871519801 -0.432906693661879 0.769637259493082 0.469308303125694,43.0452412987893 -30.223534655208333 737.4980725736837,0.69
3,238,8,0.0,0.42686421284186093 0.022950084200138943 0.9040244672740363 0.5944955479103855 0.7461789707616123 -0.29965311129349514 -0.6814411106688745 0.6653497104743848 0.3048733761121544,29.40905696680255 -10.371608669300873 740.9771312999696,0.69
3,251,8,0.0,-0.6161369178885493 0.006704925799178585 0.7876105270911675 0.52193911770103 0.7523664033554097 0.40190092375549 -0.5898769836400379 0.6587107400612755 -0.46706027994216903,-32.27489236865348 -7.541422003014333 735.8989757686505,0.69
3,261,8,0.0,-0.9999630680127392 -0.00022158778421325215 -0.008591478883402434 -0.005856859930176496 0.7491642560558055 0.6623583732694177 0.006289658361815486 0.6623842301468271 -0.7491378857396593,-61.54317638799009 -33.77249972101502 769.4883676200039,0.69
3,269,8,0.0,-0.7814695955354594 -0.025514277497464072 -0.6234214408387218 -0.4335396554867913 0.7407687057967446 0.5131326257729191 0.4487188856890689 0.6712754622031097 -0.5899496719805526,-57.62463364198905 -60.30046821293943 798.0435646265553,0.69
3,281,8,0.0,0.14619618221257633 -0.04187600529148827 -0.9883688969647385 -0.6592526650935416 0.7407904565145386 -0.12890082662280922 0.7375720980850139 0.670429638155868 0.08069386847005218,-9.440151382728905 -80.0428772740638 812.9542977225223,0.69
3,292,8,0.0,-0.8066793500204295 0.5859334101388316 -0.07713925805773189 -0.18317836934313025 -0.12379535885013959 0.9752540151837146 0.5618844287354913 0.8008475185765671 0.20719348622566713,-17.685454295614715 67.81600255060249 315.44413091922394,0.69
3,302,8,0.0,0.8958866019623604 0.12476500975901736 0.42640460687493464 0.19910218717554087 0.7452419523014686 -0.636374694336451 -0.3971718966470955 0.6550176523344451 0.6428112939611601,55.94739425664331 -48.80645659029904 775.819776735909,0.69
3,307,8,0.0,0.6665849607992004 0.038098406622518816 0.7444548350633191 0.422933023964968 0.8030582206323587 -0.4197917954351154 -0.6138339737063894 0.5946814321026134 0.5191934581985875,42.220108079663625 -36.90279064371444 756.3317538942424,0.69
3,318,8,0.0,-0.18496502702499293 0.014417241749806076 0.9826393447842252 0.52381673883414 0.8474618058067973 0.08616560691974837 -0.8315070432021667 0.5306605608475251 -0.16430278837007037,-6.062575385243066 -22.64629780679483 738.1257546039373,0.69
3,323,8,0.0,-0.5866012169719891 -0.004814795422695334 0.8098616116300483 0.42802944500983564 0.8470674606500951 0.3150674710476667 -0.6875244042588988 0.5314635781056287 -0.4948299290621058,-28.919112618538676 -24.88062015024869 732.3918853108852,0.69
3,328,8,0.0,-0.8724947000708488 -0.0064773571886096865 0.4885806404188878 0.2489838187072806 0.8544649326878022 0.45595694624467464 -0.4204284200315429 0.519468692656911 -0.7439033680385512,-49.200567337179756 -33.12329403621243 754.775840622241,0.69
3,335,8,0.0,-0.9912362226332078 -0.009751896243915446 -0.13174084962340882 -0.07531304295634245 0.8610405273458706 0.502928579252166 0.10852970330976598 0.5084428294189958 -0.8542290048411493,-62.12080687281015 -49.721645116433535 780.86137728893,0.69
3,354,8,0.0,0.1738406379753508 -0.027711370893590936 -0.9843838237758282 -0.5203644811175152 0.8460681192887757 -0.1157131985317702 0.8360623418021063 0.5323540339345159 0.1326610084916675,-6.896410933842315 -81.51639786711603 830.2938760131276,0.69
3,374,8,0.0,0.9893456180762341 0.0777897975421653 0.12306094177968475 0.09913015479184853 -0.9790062391508837 -0.17810108397925817 0.10662298253330836 0.1884025772169573 -0.9762868474448021,4.500549282520133 -115.92992228883634 467.9594583875594,0.69
3,391,8,0.0,-0.29786014540846295 0.00018552797917817387 0.9546095009775559 0.33298112685383074 0.9372121621176192 0.10371563208104377 -0.8946523922375675 0.34875970059366995 -0.2792199282025037,-11.760851662643654 -36.95178462345843 729.8767346975047,0.69
3,405,8,0.0,-0.9999296178085646 -0.00817894188890662 -0.008594436502511293 -0.010582661421292758 0.9423510783019484 0.3344584465974772 0.0053634603065644 0.33452585869067447 -0.9423713085407507,-60.778108648166985 -56.40343629747551 788.6080558108287,0.69
3,416,8,0.0,-0.5940368377355062 -0.03027443826578008 -0.8038679579389213 -0.3187525419903233 0.926353874335246 0.2006621949416143 0.7385912620576466 0.3754356907537837 -0.5599383802886906,-47.614837808346046 -75.0801391166616 820.2211874641594,0.69
3,428,8,0.0,0.96896183014732 0.24516873945887052 0.03170584977105502 -0.18790798458941105 0.8137769250164225 -0.549961549236273 -0.16063486870882643 0.526933966928461 0.8345879423116139,-18.997268767025584 2.2676841342607204 454.2872416050429,0.69
3,441,8,0.0,0.009667441631188432 -0.979880697308026 0.19934984227594493 0.9955320276523697 -0.009294842628828815 -0.09396588646347502 0.09392828376303347 0.19936756241586007 0.9754127600998918,-248.95920410076113 -149.31543886756626 812.7823828795393,0.69
3,446,8,0.0,-0.04631258020090445 -0.6656080628632103 -0.7448631092802351 0.9621611100925441 0.17071463396900777 -0.21237351994613407 0.26851656027258003 -0.7265138817671087 0.6325159574738565,-278.0452312198234 -154.03536151857233 816.354327529394,0.69
3,454,8,0.0,0.4158408231000732 -0.0028959476855917043 0.9094328030868778 0.23565284186932384 0.9661835290219689 -0.10467629323569608 -0.8783758580256887 0.2578391004748044 0.40246099227624366,32.87125004532147 -58.92016123524645 762.2216882041336,0.69
3,459,8,0.0,-0.030762037092839704 -0.027535852360964758 0.9991473734683256 0.23294985412998212 0.9718957205226723 0.03395694171352337 -0.9720020897789874 0.23379581960435203 -0.023483019414259152,14.8146458184512 -55.1445289727127 738.5792624376587,0.69
3,466,8,0.0,-0.533265516379509 -0.0004065263966956112 0.8459478256824025 0.16903402082764327 0.9797820971912811 0.10702589325156218 -0.8288880436122452 0.20006718061627127 -0.5224152892067008,-25.01266960795094 -55.33252324506101 746.3949214638823,0.69
3,476,8,0.0,-0.9976316361008019 -0.014827612207565673 0.06716591819561049 -0.002580483274809679 0.9838690898551308 0.17887133681421905 -0.06873470562172954 0.1782743838689659 -0.9815771922264875,-57.75287449579151 -64.03380998152896 792.9290070267203,0.69
3,493,8,0.0,-0.3018548317885136 -0.028413605235590722 -0.9529303896735816 -0.220122270491175 0.9746242447778635 0.04066654060758795 0.9275935783303687 0.22203659276951315 -0.3004495047617274,-35.979125607187385 -77.33039451499916 835.9943585324531,0.69
4,0,8,0.0,-0.31064019420146427 0.10790713895357165 0.9443827185571171 -0.21696847674627776 -0.9753555542405147 0.040077710894939875 0.9254336009919223 -0.1924515320152922 0.32639708635355547,-205.01275062141184 -44.651658242711584 687.2946749969601,0.69
4,10,8,0.0,0.5666938359433903 -0.5746685355418639 -0.5904355769785008 -0.5807765847123663 0.22969604375975444 -0.7809854583351451 0.584428485747919 0.7854908030901994 -0.20358669727442474,-167.03173735641474 -156.61532275973923 760.0662854380189,0.69
4,25,8,0.0,-0.17146456466393567 -0.7517155978276661 -0.6368073201897113 -0.9161946213870168 0.359304558582936 -0.17744759768174395 0.3621979000575621 0.553013466530532 -0.7503257872616244,-163.98903323937088 -199.63327031772386 643.8001846026453,0.69
4,47,8,0.0,-0.28871706937886976 0.9167799732161668 -0.2759654589963049 -0.754755026133163 -0.3952853310445288 -0.5235402158265834 -0.5890562828592911 0.05713132040117441 0.8060699149907611,-53.119549738371035 9.570883761908657 364.2730015327493,0.69
4,58,8,0.0,0.11196624589172044 0.817158130820226 -0.5654344780921208 0.2082055776067599 -0.575673889340296 -0.7907275198102393 -0.97165528724664 -0.029191820193523232 -0.23459292487080408,-137.9528614875391 -134.62547110873425 581.711113489103,0.69
4,66,8,0.0,0.529477646201899 -0.7350842358094484 -0.42344372523032586 0.6887140928014882 0.08104093838590604 0.7204896006759256 -0.49530427067522803 -0.6731147989533219 0.5491722379007421,-117.92650924556158 58.93652972631897 557.1052236924089,0.69
4,72,8,0.0,-0.9972247915697676 -0.0009110268310094163 0.07444383862178752 0.0389002652830691 -0.8589478526636396 0.5105833484999578 0.06347822019827282 0.512062258357942 0.8565995325272037,-13.455908140600222 -53.55458526264527 808.7032786053582,0.69
4,78,8,0.0,-0.881641091143544 0.46788406008696753 -0.06159133643424208 -0.42030382232641555 -0.7191456291476076 0.5533301555271469 0.2146012193465497 0.5137256762070849 0.8306817960329619,13.401356786768753 -48.994344566261766 807.9175183550768,0.69
4,85,8,0.0,0.35948160225175346 -0.8527846377442114 -0.37885530122988437 0.8333045210891779 0.11064825011981722 0.5416276764325828 -0.4199720857090961 -0.5104070203013441 0.7504053043870728,-160.319871664814 51.15166548508318 706.8242404012641,0.69
4,104,8,0.0,-0.39739203309046855 0.09968569322653645 -0.9122183590578348 -0.4608743187530522 0.8379333464748122 0.29233981798487996 0.7935202797346355 0.5365915294071157 -0.2870454601947198,-93.26790245791197 56.363564509909644 260.5155748054978,0.69
4,115,8,0.0,0.8248655213168437 -0.5652544465553535 -0.009180544215498243 0.4852281604158694 0.6995650233054241 0.5245592535711411 -0.2900870629347732 -0.4371455007398365 0.8513244429128032,-34.50918257426415 37.409317856160754 755.5660337256454,0.69
4,129,8,0.0,0.3569533472794812 0.9336120210413094 0.030869111311080333 -0.8783405584596503 0.3242057925055596 0.35129541339253456 0.31796567618339533 -0.1525096661625217 0.9357556467883228,-40.8541272136747 -39.52290344287688 602.868158332462,0.69
4,142,8,0.0,-0.9821119151824418 -0.15522553527107316 0.10658902033739256 0.18777625391327316 -0.8494857966467746 0.4930658777097568 0.0140094440637107 0.5042607604158822 0.8634377921899312,-21.122861889055432 -52.71215034745285 806.480653722071,0.69
4,152,8,0.0,-0.8100223823676169 0.584905949534299 -0.041818300573673584 -0.45947903442035093 -0.5887771796030447 0.664996578718136 0.36433879424463167 0.5578767453282707 0.7456747146244828,20.451570238250188 -50.69711536140727 813.522635457708,0.69
4,166,8,0.0,0.15792920472498206 -0.9620018456562289 -0.2227348541403955 -0.17863765804962645 -0.24967810670175933 0.9517086897577269 -0.9711575327522712 -0.11051376379362732 -0.2112812215760952,10.731283164051275 77.19829883994433 843.1472748972075,0.69
4,170,8,0.0,0.6497564607990044 0.7589460504875088 -0.04263137458918448 -0.5180030279059794 0.4831282141547578 0.7058753372712999 0.5563177192308266 -0.4365638797897119 0.7070520307111529,45.41533431179311 15.275550233438556 756.2209222442472,0.69
4,177,8,0.0,0.9581681210157609 0.2734948920257187 0.08434687845419458 -0.26453175736182316 0.7337739844600545 0.6257784664533297 0.10925566903457096 -0.6219134053591835 0.775426924357384,18.550139918261937 28.081497119032132 775.9660608256492,0.69
4,185,8,0.0,0.9328646353534544 -0.3577276259605649 -0.04236174844697421 0.29897004168614266 0.7032572821444867 0.645016363579201 -0.20094896436919663 -0.6143778485064122 0.7629936913130929,-23.29623841116848 28.715161151806665 754.5629700565781,0.69
4,193,8,0.0,-0.2099158487071009 0.4298606354451721 -0.8781544115679488 -0.9138359816031998 -0.4055953798685256 0.01990443560171029 -0.34761923880719514 0.8066673551867457 0.47796301414139464,-124.37170062144106 25.826838448458904 499.19807917750285,0.69
4,204,8,0.0,-0.45492322506204963 -0.8865698054763986 0.08389779089275437 0.7773131898033545 -0.3493491499095159 0.5232010860226044 -0.4345446631324309 0.30323118486567174 0.8480694454277214,-62.042839330464396 -30.781534203170676 871.2479987163762,0.69
4,215,8,0.0,-0.9888236794804574 -0.13952793476594308 0.052532716650487095 0.13800122603351941 -0.7232338709095497 0.6766745374125097 -0.05642156070134106 0.676361385199613 0.7344058034212998,-20.78784758032227 -54.88080988146345 819.2306418265372,0.69
4,222,8,0.0,-0.8701140784625163 0.48741800220996795 -0.07297384177203367 -0.3366258817399919 -0.4796065379591032 0.8103459659242195 0.35997848019582934 0.7296583172064354 0.5813899155707586,14.585117875341268 -53.04999287906076 825.4553405382972,0.69
4,230,8,0.0,0.36494862378010795 -0.9305290108518744 -0.030467391815471645 0.5934522347299453 0.20728477280665308 0.7777194018773919 -0.7173750393587995 -0.30190856716152736 0.627872813537451,41.11855571915204 -38.878455724235025 797.826705129965,0.69
4,238,8,0.0,0.2293495569728765 0.9731041455177687 0.021612558674959315 -0.7501955242230041 0.16257781520334674 0.6409174123391239 0.6201656683113936 -0.16320776936114198 0.7673055244607866,40.74774509324914 -22.116400702010118 841.0916063140836,0.69
4,245,8,0.0,0.013789080448396055 -0.47927366481546946 0.8775571864412807 0.35873032642536923 0.8215856596233932 0.4430683432653951 -0.933339388520133 0.3086968709195851 0.18325890898213182,161.17743251982085 68.17551175648497 616.8813114810085,0.69
4,252,8,0.0,0.999600176678782 -0.007330103920202263 0.027308540061066575 -0.01769083891345116 0.5912876549305669 0.8062666701192908 -0.02205722109165533 -0.806427416884638 0.5909215686489062,1.7768456487880047 18.26483980718093 761.5983086859217,0.69
4,261,8,0.0,0.7189645282139641 -0.6949253868766966 -0.012988989350436131 0.4563583649656772 0.45788461925294466 0.7629408353060148 -0.5242394966958573 -0.5544550316534782 0.6463378125858138,-39.69893284137504 6.836303120808888 756.1093994960135,0.69
4,270,8,0.0,0.04063846766323226 -0.998617894122538 -0.033328913637437174 0.6663159035134091 0.002228891984909609 0.745666244888173 -0.7445613686400159 -0.05251031878390128 0.6654855631417703,-63.081984885488104 -19.477878586132235 781.2509664245729,0.69
4,286,8,0.0,-0.9810679110132737 -0.19331208392085636 0.01167014096859327 0.124546262259923 -0.5836373270718977 0.8024061932746115 -0.1483036834914545 0.788668440257721 0.5966641507618171,-23.090835695718958 -56.63809329786005 836.7622337574018,0.69
4,292,8,0.0,-0.9458438720562005 0.324435062152018 -0.011011818203641721 -0.17105222088652033 -0.46927373767547853 0.8663274766841205 0.27589945165498775 0.8212941309753177 0.4993550270118191,6.290082011210211 -59.18901317471149 835.6703935742169,0.69
4,297,8,0.0,-0.7601025296599546 0.6497088483553033 -0.011070536272624498 -0.3533586652274181 -0.39898117505691366 0.8461392767499344 0.5453272394748272 0.6470644746229158 0.5328468518887343,25.68385753913744 -56.21851873852307 827.0531483168829,0.69
4,316,8,0.0,0.7238867103499396 0.6898795015415464 -0.007369120132701745 -0.36946515522836904 0.3966539619795429 0.8403339416672448 0.5826521515027812 -0.6055839395151748 0.5420189688105586,36.44350653409016 -11.43915732943896 786.0467392695112,0.69
4,325,8,0.0,0.9995870369985302 -0.027217238653304124 -0.009218317882788613 0.020383496420064928 0.4454533692631599 0.8950730746066446 -0.020255086723888708 -0.894891344092783 0.44582419598942785,-2.2044577000938532 3.2405109425902774 756.8064040323289,0.69
4,331,8,0.0,0.8538281982318213 -0.5203496831320408 -0.014615579652769772 0.2828202406118522 0.44013494357445865 0.8522288090325052 -0.4370241634102807 -0.7317905702515528 0.5229650484367492,-28.80973593290695 -5.311445879659646 741.840033908163,0.69
4,338,8,0.0,0.41654118192717 -0.9080189679181786 -0.0446653966681374 0.5019541122673078 0.18874585814131165 0.8440480260106287 -0.7579812088281973 -0.374000741891384 0.5344042777972864,-54.34966699314213 -19.888821476218002 741.8173587603463,0.69
4,357,8,0.0,-0.9429191896349352 -0.33300980442682154 -0.002805703798913539 0.15494246048189586 -0.4461469051644479 0.8814452750749765 -0.29478167473235733 0.8306969418312523 0.4722778367382816,-30.74325820739368 -56.907663134639904 835.3911715935151,0.69
4,365,8,0.0,-0.9204235814710133 0.38929413432878557 -0.035644181141868736 -0.17844254839978924 -0.3372649534090344 0.924343338875004 0.3478199068378085 0.8571478449947845 0.3798932537281161,11.965547848784222 -60.65547822473307 860.2170790552593,0.69
4,379,8,0.0,-0.14931657636705617 0.9863921481844906 -0.06881199039416752 -0.5013187868635578 -0.01553576547055302 0.8651231784716527 0.8522816635125221 0.1636739746912439 0.49681666241089206,31.044165720919015 -51.4699331711072 844.9940958175815,0.69
4,389,8,0.0,0.7851433904458123 0.6180963398603779 -0.038817149437575416 -0.20601243556690904 0.31976969169695113 0.9248276707926871 0.5840451462267665 -0.7181255175268743 0.3784005922903847,29.84732357658632 -21.823242594537042 758.5178498339798,0.69
4,411,8,0.0,-0.2990832746409646 0.953854510057526 0.026660241427152176 -0.00787301572253235 -0.030404821562379225 0.9995066595321873 0.9541945349107118 0.2987258282584155 0.01660328515244136,-57.04709936896259 0.5023209166246756 781.3091552500373,0.69
4,427,8,0.0,-0.6295998437881849 -0.7506544195708117 0.2003047155728025 0.22334722798580897 -0.42181301934911236 -0.8787433029381452 0.7441236808844002 -0.5085191432840986 0.4332299948764614,-11.032489643310576 -20.345418278648104 216.10684321161176,0.69
4,438,8,0.0,0.08227097547342524 0.8804465836134597 -0.46695320964528997 -0.8894724821434473 -0.1464680793045013 -0.4328808210748371 -0.4495221797689475 0.4509555578416096 0.771082936361282,-268.0792749314964 -151.26408900931898 783.7678421758498,0.69
4,448,8,0.0,0.011571835705249306 0.9515840450707626 0.30717079578823164 -0.9998561919150982 0.007202927892772621 0.015352957982409932 0.012397100767874869 -0.30730428405171367 0.9515305506897896,-252.06075989407145 -153.77308931748334 841.3240762666113,0.69
4,455,8,0.0,0.06657526921592181 0.9558512412560595 -0.2862099546103837 -0.9093943919023876 -0.05990511043702756 -0.41159836943313355 -0.4105722512607426 0.28767999988316506 0.8652575594364421,-255.368458133639 -149.0258987575394 760.050080640951,0.69
4,462,8,0.0,0.8308548743419055 0.5546343861361274 -0.04539686660659925 -0.09194164157627635 0.21727025485130702 0.971771768936054 0.5488414273053336 -0.8032274485301464 0.23151404622872235,25.89109771823114 -33.992659075648476 761.5454810284156,0.69
4,469,8,0.0,0.9987804222720467 0.016062533646976473 -0.04668686216605407 0.04220504054334108 0.21292518118475154 0.9761565457293087 0.025620355946147925 -0.9769364678577008 0.21198758249225874,-6.594162840751229 -31.953226772383825 757.219470873216,0.69
4,479,8,0.0,0.5860053130921855 -0.8099925218061798 -0.022580691880350945 0.1908531229885121 0.11088644885458664 0.975335470956507 -0.7875105449917873 -0.5758613635923882 0.2195696505627625,-44.962917482234346 -37.0396970018418 764.4595020540004,0.69
4,488,8,0.0,-0.11519084832587528 -0.9931268591628948 -0.02073909523602041 0.19181177356876877 -0.04272331584140998 0.9805013828669076 -0.9746483016875207 0.10896678343770011 0.195414759229882,-60.12088800090888 -42.61628366581082 794.2544672978368,0.69
4,497,8,0.0,-0.7986302501137292 -0.6017913249332602 0.006076581140207482 0.121060686722581 -0.15075126478857115 0.9811311667126383 -0.5895201724568374 0.7842966641518483 0.1932477913631695,-42.15673476805417 -53.724061577091845 847.7499587914875,0.69
11,4,8,0.0,0.9198288608662 0.3874872474258115 0.06138810796854735 0.3894757080727727 -0.8831048930284006 -0.26159973381200036 -0.047154422261357076 0.2645361619734911 -0.9632222378400181,17.415523552581533 -44.399760323843736 803.2673147944661,0.69
11,12,8,0.0,0.45518569146013654 0.890331279679088 -0.010779550777072378 0.8666792243206606 -0.4458041646869162 -0.22388784888586355 -0.20413992363302208 0.09256813259863601 -0.9745552998195153,53.493239953034625 -14.119072539770933 799.2529346941358,0.69
11,23,8,0.0,-0.473823359523893 0.8806134717841261 0.0033670880297350936 0.8581898889247304 0.46260883260256325 -0.2224931067369336 -0.19748807183435305 -0.10253283040276381 -0.974928448745213,52.396083540519 45.7871584407025 782.6740558311284,0.69
11,32,8,0.0,-0.9569618153145008 0.28337935053294094 -0.06261172191773738 0.29021304362410805 0.9339113769622013 -0.20877243422204522 -0.0006879973888557767 -0.2179579860250484 -0.9759579104590002,12.848340606753258 77.69241485741644 768.996118739464,0.69
11,37,8,0.0,-0.9881726918369625 -0.1514596011076576 -0.023973325593264608 -0.14279424243551003 0.965854685511641 -0.216181707835045 0.055897544087018886 -0.21020160729051815 -0.9760587835051342,-17.524236710252968 79.82456354618013 766.6469696210272,0.69
11,44,8,0.0,-0.7242712544663255 -0.6894419527598736 -0.010047075615691028 -0.6717004854543727 0.7087745234865264 -0.2155391674309045 0.15572285572174466 -0.14936019761335212 -0.9764435076207764,-54.07012257202452 62.81834650981737 771.5979825591719,0.69
11,54,8,0.0,0.05999713674480811 -0.9979509847138167 0.022230062778773485 -0.9591796496720154 -0.06380328156938175 -0.275505972559667 0.2763598075652366 -0.004793054318657203 -0.9610422901167273,-76.76089073009513 12.85295644422922 785.6161182350406,0.69
11,61,8,0.0,0.6173998675980902 -0.7864251334158422 0.01878597939249048 -0.7492093415287392 -0.5951271093403127 -0.290704465556201 0.239797343721596 0.16540626729395183 -0.9566284548788775,-61.88280174748452 -23.453199015102946 790.180263514572,0.69
11,69,8,0.0,0.9772145767020627 -0.20965518478977166 0.03311154740833078 -0.19328716899682277 -0.9434561548876351 -0.26931497193032583 0.08770257340694804 0.25677847903476103 -0.9624827641689973,-22.69027435410698 -47.5585059817734 799.5899100907616,0.69
11,76,8,0.0,0.9425629531085798 0.33273095843420936 0.029414090614648926 0.31427463197379474 -0.8535427205594766 -0.4155674191724649 -0.11316596274927465 0.400942556333672 -0.9090866468030702,14.66951803038461 -52.8568988690899 815.1871271160305,0.69
11,92,8,0.0,-0.1833139600885304 0.9830542671888558 0.0005475385305194758 0.8807667684017253 0.16448734559147937 -0.44406509975391056 -0.4366301543822209 -0.0809210782308965 -0.8959943567802797,59.5481224898055 16.003136122297605 781.8471824847865,0.69
11,99,8,0.0,-0.7092620519831814 0.7049275254942687 0.004952314321013729 0.634797728883998 0.6417245304873258 -0.43037364042717513 -0.3065602469667669 -0.3021039734451509 -0.9026372495129626,40.513156804956424 47.787819383266736 765.6100182646105,0.69
11,106,8,0.0,-0.9868370996577874 0.16169406875001094 0.0027507944439611395 0.14353113361196881 0.8835700966808705 -0.44576080798497947 -0.07450739844518361 -0.43949847824813376 -0.895147884538921,3.539431160385637 64.87013083114122 751.6453265521427,0.69
11,114,8,0.0,-0.8568753560675326 -0.5155225511835959 -0.0010598987196222681 -0.4649191100808244 0.7736499516872257 -0.43048341818937386 0.2227439005804499 -0.36837786507268566 -0.9025978635464947,-42.14589447027472 56.67448488691739 754.2210075509867,0.69
11,138,8,0.0,0.864876129663457 -0.5008398070555958 0.033893480300373424 -0.4352941998707632 -0.7818899145560616 -0.44628143707125745 0.2500164792513292 0.3712245266466485 -0.8942505861998311,-41.94268243046926 -47.24938182206623 804.7730692822274,0.69
11,151,8,0.0,0.7857993430804573 0.6184603930136944 -0.005112209666018774 0.5017254877362735 -0.6422688227278696 -0.579449992930844 -0.36165028324352405 0.45276649790493917 -0.8149917613109813,34.49121514652475 -48.51302273351868 819.5469920816462,0.69
11,174,8,0.0,-0.8892147954653815 0.45683719285434743 0.02443003787183845 0.35495527421621476 0.7226250753224359 -0.5931439570806865 -0.2886239782685276 -0.5187608116851188 -0.8047256796127766,23.481930570597203 43.156981833849855 749.0109155611302,0.69
11,179,8,0.0,-0.9995053143631148 0.029441739145694614 0.011059410290239336 0.017506968846767963 0.8129722893743252 -0.5820391419408728 -0.02612723869239293 -0.5815575987858348 -0.813085559269604,-4.9917349341293695 49.00133125469754 746.1849633846087,0.69
11,185,8,0.0,-0.8754473019384148 -0.4832918949983861 -0.00457883802061429 -0.3883729383097235 0.7090845517777218 -0.5885282994205626 0.28767774039265137 -0.5134472150660249 -0.8084636510218141,-38.88051535641293 42.14867504244223 746.8978944184819,0.69
11,193,8,0.0,-0.36192486227932963 -0.9321284062574624 -0.0121255231644401 -0.7363376306961138 0.2938320460170708 -0.6094830779884338 0.5716793574066863 -0.21165860006469098 -0.7927063449561467,-69.30453950390775 15.67901802749883 765.319487289679,0.69
11,204,8,0.0,0.5414831919469377 -0.840503953822093 0.018683052437546144 -0.6580144228526302 -0.43753931623333636 -0.6128428559328924 0.523271413471895 0.31955038782560286 -0.7899839096359063,-64.2472770632202 -33.8101639352639 798.5491822611948,0.69
11,216,8,0.0,0.9994516103974043 -0.0014982135409735732 0.033079205404921 0.022776028808543864 -0.6940294041334863 -0.7195862969163812 0.024036035150325676 0.719945096208248 -0.6936146822695932,-7.115505238954936 -60.99800749818844 834.6022342781074,0.69
11,226,8,0.0,0.6337181751189815 0.7735594788704911 -0.0026471066246661623 0.525816766222889 -0.4332663278689242 -0.7319815690943876 -0.5673781832982054 0.4624781311419946 -0.6813192902983417,45.24957359627366 -44.17523857987959 816.8024266228556,0.69
11,242,8,0.0,-0.6430974164649935 0.7651005292073173 0.032355728128629246 0.4923551265572831 0.44546649499761315 -0.7477606777487723 -0.5865254830685642 -0.4649524513767237 -0.6631795199415939,43.45781685226869 15.441534077871832 749.1035114025465,0.69
11,251,8,0.0,-0.9980178498387342 0.06291231209791101 0.0015531869703880007 0.04190053936929118 0.6827045847818218 -0.7294921484967757 -0.04695440558491208 -0.7279811061451901 -0.6839874215888718,-0.7954529247098436 30.872892814978673 740.8506485759688,0.69
11,262,8,0.0,-0.6281598697031308 -0.7780506742194662 0.00723370176187671 -0.5254407607070137 0.4173215835067823 -0.741454451013025 0.5738703556398261 -0.46955281309563635 -0.670964209650406,-58.57716439828997 14.008156926772596 752.651593345715,0.69
11,281,8,0.0,0.8117937608858659 -0.5823804162932058 0.04270761647451046 -0.3739671976389687 -0.5746642389128636 -0.7279488633171672 0.44848570197592486 0.5749730978340218 -0.6843000159946734,-46.628727201560864 -52.97675787664031 828.2830773588814,0.69
11,293,8,0.0,0.8818709743034592 0.47146703068511836 0.004735362501946533 0.27130196017946934 -0.49920035329418816 -0.8229181330325243 -0.38561487404383765 0.7269923288783146 -0.5681402315170435,25.962636137877684 -56.43990240359601 846.1836499926366,0.69
11,312,8,0.0,-0.5272302534430543 0.8491341208576186 0.031614943456090894 0.4249775038909347 0.2957232709961951 -0.8555360122040109 -0.7358140940760807 -0.4376288287883582 -0.516777154267027,49.28145852190894 -2.903436338927972 750.5919281751927,0.69
11,322,8,0.0,-0.9948102410583477 0.1016312087988096 0.00486638300227616 0.050643960595162886 0.5360734468022222 -0.842650846370441 -0.08824836282145784 -0.838031238696791 -0.5384383617719437,2.666459341065321 12.669070770149748 737.5387834885148,0.69
11,331,8,0.0,-0.7875667889342759 -0.6155960430343522 0.02792963960028011 -0.3470956501475555 0.4056969442494375 -0.8455380530025332 0.509178910223508 -0.6756119457403909 -0.5331841484482485,-48.07607110233788 4.509733607813113 744.5598717000793,0.69
11,346,8,0.0,0.3833892253013057 -0.9235338182702023 0.009898910754510382 -0.47737226661436793 -0.20732536535559304 -0.8538922133077633 0.7906506314361139 0.3226476086869867 -0.520355743331659,-68.3917203078766 -37.60743259601707 804.1880265162234,0.69
11,354,8,0.0,0.8746440322383227 -0.48236316389668543 0.04820368228121094 -0.23429615485066912 -0.5076880072668438 -0.8290706840189277 0.42438558963763107 0.7138477886727679 -0.5570621203375075,-39.612948221983814 -57.23772921820096 848.6132985914315,0.69
11,359,8,0.0,0.9975649962011411 -0.06489474489949776 0.025548981166495892 -0.016226492160815183 -0.5722385124766133 -0.8199266953763049 0.06782904471074214 0.817515600415663 -0.5718981235942693,-10.49096513663592 -61.76863775135548 856.8459856049561,0.69
11,368,8,0.0,0.7391819589427466 0.6731912019874824 0.020582447381494284 0.27907665740261844 -0.2783343070738489 -0.9190463714082667 -0.6129651302207532 0.6850865777931786 -0.39361164878733723,40.76901611479634 -49.70160890573507 853.4901517499005,0.69
11,374,8,0.0,0.289668694293563 0.9569511666094184 0.018344270798683393 0.3745372178120054 -0.09569297863459647 -0.9222606607210788 -0.8808029972814039 0.2740206535371225 -0.3861330876979898,58.04010298475335 -38.05532736297704 806.9675291813269,0.69
11,382,8,0.0,-0.3654856614327042 0.930375874620649 0.028652455583439485 0.33060672776913597 0.15852635859369169 -0.9303593849608918 -0.8701260959429289 -0.33056032059956403 -0.36552763452881415,54.561166885708076 -19.526269161736113 761.8693863846163,0.69
11,388,8,0.0,-0.7951286434097462 0.6058728698317106 0.026239398454685647 0.218403863594621 0.32645432661716867 -0.9196343430950551 -0.5657474638001649 -0.7254968216572821 -0.39189816147675793,35.27046372881333 -10.378159599423382 751.5123258717775,0.69
11,397,8,0.0,-0.9899570788643858 -0.14090462467264148 0.011439788116666141 -0.0638982615111301 0.37380797505579955 -0.9253024424265496 0.12610310932783303 -0.9167406855433792 -0.3790574115979106,-14.857736442264551 -5.666338063342077 734.9836324855668,0.69
11,405,8,0.0,-0.6722690299627059 -0.7399634637150353 0.022548253144085262 -0.2980978755994771 0.24269600803350044 -0.9231664553306087 0.6776370768457706 -0.6273378037799491 -0.383738546451186,-56.352652961671986 -14.943058666361532 755.0243927084164,0.69
11,412,8,0.0,-0.10321874063934322 -0.9946119540507365 -0.009641184585069962 -0.3594020868163254 0.04633256420562193 -0.9320318843720972 0.9274567545567278 -0.0927380954813462 -0.36224800078619374,-70.05703621860222 -28.098016541541124 775.2203703057274,0.69
11,421,8,0.0,0.625756130576296 -0.7799645517695588 0.009195815847056754 -0.2892775068008877 -0.243000111745464 -0.9258884758710169 0.7243947743497631 0.5767202473249948 -0.37768501058441895,-59.94674382975535 -48.27689407521753 844.442616038884,0.69
11,431,8,0.0,0.9872281451719442 0.06303828668196179 -0.1463105047239091 -0.10791665792009336 -0.410975938678225 -0.9052363076959017 -0.11719464289684826 0.9094641016773309 -0.3989241324318768,-5.61118823307596 -56.78630710813192 912.5760014751446,0.69
11,441,8,0.0,0.6991380903006379 0.7147221666670356 0.019446212113289674 0.17760944019594482 -0.14726276867814625 -0.9730203305761549 -0.6925754958443591 0.6837294065900814 -0.2298984147833888,41.159874618947605 -45.94566466824172 839.5293103933689,0.69
11,452,8,0.0,-0.19106557454857442 0.9814813992773264 0.013718931993572936 0.2006257179232318 0.052729663715287756 -0.9782478744532288 -0.9608554873289796 -0.18415712160297731 -0.2069852338518265,58.13165564522017 -32.42933560882991 777.4567146517724,0.69
11,459,8,0.0,-0.7336206561059453 0.6788515979750345 0.031003884618296507 0.11995374035269973 0.17426878016990788 -0.9773645647523184 -0.6688885057392446 -0.713295801322869 -0.2092779651685437,39.38510822635226 -25.427018278734696 749.9810896809186,0.69
11,469,8,0.0,-0.9884176244522925 -0.15084821597596723 0.016595644276574367 -0.0451999315991573 0.1882335419915384 -0.9810836355034934 0.1448708592351069 -0.9704704783795269 -0.19287167946148553,-12.617670132765081 -22.339338870401868 737.4120756480428,0.69
11,476,8,0.0,-0.7269615507651139 -0.686006067465113 0.030373987394341773 -0.16177453583111084 0.12810910336881243 -0.9784769068254333 0.6673499106659184 -0.7162288272857287 -0.20410870559361438,-50.46686405720639 -27.187848270136055 755.4433066681157,0.69
11,486,8,0.0,0.042179240212571356 -0.999072197179993 0.008698075478600131 -0.22344299336426204 -0.017918009481314945 -0.9745522939548426 0.9738039537871617 0.039162351284987074 -0.22399145035095142,-72.25093228940386 -40.31777067450929 802.9655601341996,0.69
11,497,8,0.0,0.10032388526098229 0.7280870019225621 -0.6781035582251106 -0.9393265713224827 -0.15538653146873954 -0.3058114096067429 -0.32802547226349643 0.6676408791180549 0.6683224865862143,-282.88038890057584 -151.41347513795918 807.3432301917215,0.69
