scene_id,im_id,obj_id,score,R,t,time
5,7,9,0.0,0.2536022744007617 0.37214750876896596 0.8928561575840832 0.9132391551470845 0.21216386396186565 -0.34782285769484755 -0.3188732223392237 0.9035998708199461 -0.2860544380518798,7.883445493264852 -57.11111535350607 782.8617105954686,0.69
5,20,9,0.0,0.7680243120196151 -0.23342862203394676 0.5963637602689569 -0.6032610838696316 -0.576282936321505 0.5513384096841988 0.21497609363655842 -0.7832043511881156 -0.5834177092313607,55.9044478049084 -9.837043893730295 765.8644146600574,0.69
5,25,9,0.0,0.9662313921407766 -0.0987010777955471 0.2380230956938741 -0.24453235939207374 -0.6424829398974715 0.7262365986032706 0.08124544326818255 -0.7599169488718485 -0.6449227928717182,56.56296556921301 17.827895980735526 761.0787478692872,0.69
5,31,9,0.0,0.965513458597705 0.1050091379249712 -0.23823694553731944 0.25107842553153487 -0.6176137841014443 0.7453273360883123 -0.06887224041152461 -0.7794397312429927 -0.6226799497820275,40.69555002606344 46.41197911874571 750.6107097713265,0.69
5,43,9,0.0,0.25167138775880604 0.41418935366205384 -0.874704917041494 0.9183850703176368 -0.38734530000833206 0.08082376617755871 -0.30533649503658483 -0.8236569661421346 -0.4778690478826895,-22.761172903683473 65.00023233507213 736.0900789906623,0.69
5,56,9,0.0,0.7795600799642024 -0.26268763359234726 -0.5685783049711439 -0.6004577792659015 -0.05524388698619806 -0.7977459296478537 0.1781475148444918 0.9632981470491413 -0.20079876206396952,-73.43336217104304 15.008400021474689 757.7784625624355,0.69
5,64,9,0.0,-0.9998220959795777 0.010484752069493841 0.015679488672951693 -0.013528048663035936 0.1806761722149237 -0.9834495984508479 -0.013144135208316579 -0.98348675169918 -0.18050219096127607,-66.48087059461541 -27.61046792153649 771.4158454433741,0.69
5,70,9,0.0,0.8734451525316929 0.17187967317033975 0.4555775932481151 0.4759279317759287 -0.10365477939381629 -0.8733546189631713 -0.10288911154429733 0.9796494600925765 -0.17233910196455318,-42.71943632919447 -51.649413561849514 788.6444243269766,0.69
5,81,9,0.0,0.12120554745446377 0.37154756297438635 0.9204681546441779 0.874755883917754 0.39830507279412247 -0.2759623389843942 -0.46916026986258397 0.8386331006073295 -0.27673663246524505,16.49343087803605 -62.67608389503902 807.4195052447916,0.69
5,86,9,0.0,0.30745786753479265 -0.37330678937818984 0.8752780704982307 -0.8393447470037403 -0.5397432272272296 0.0646346991913977 0.44829683845437185 -0.7545324974223993 -0.47928139434504624,39.477907744589324 -48.700063832634356 789.5809192238819,0.69
5,94,9,0.0,0.8445830650307959 -0.20908916499361227 0.49291091217933125 -0.4802556516087191 -0.7028380958296374 0.5247600595971973 0.23671492424659465 -0.679926710854077 -0.6940214063745337,58.24045876519977 -12.31833672510569 771.2752025698055,0.69
5,100,9,0.0,0.9988975531345935 -0.0060331740420898235 0.046554045503041326 -0.03346140388578127 -0.7870556905708627 0.6159737611213769 0.03292434952605763 -0.6168524464983505 -0.7863898819652283,52.322947275552394 19.347171987673157 760.6300035873741,0.69
5,107,9,0.0,0.8401839239976499 0.2348462985038835 -0.4888130419034825 0.4929706843088225 -0.7063673701130033 0.5079616549029371 -0.2259886684504384 -0.6677517162229267 -0.709250849286297,25.407419871598403 44.66907676105829 746.2773850757027,0.69
5,117,9,0.0,0.13005213625333367 0.4332364169698273 -0.8918478843766412 0.8827641064653811 -0.46015218758802584 -0.09480240816736613 -0.45145761062620504 -0.7749620450506596 -0.4422893335120999,-31.567571353544594 48.25040995808764 735.5184701028257,0.69
5,127,9,0.0,0.682241473830193 -0.31986060173665815 -0.6574463984559265 -0.6581229632552541 0.1230153858534147 -0.742792959093891 0.3184662252455186 0.9394447350962153 -0.12658140889511466,-71.98889043206272 11.167930279620569 760.6876285968099,0.69
5,138,9,0.0,0.9888336166048596 0.0916767219631849 0.11748811566383431 0.11330788422668765 0.04956028255014288 -0.9923230833582486 -0.09679567161926801 0.9945547531652719 0.03861917803552971,-60.0829604612826 -42.432004979623834 786.6926162479931,0.69
5,149,9,0.0,0.41709138580856464 0.35086202513065023 0.8384095748531919 0.7236369705947403 0.42993219001517535 -0.5399146661994116 -0.5498948178267893 0.8318979212078692 -0.07457572002513879,-2.3483543256069557 -72.72495777199293 838.047505449217,0.69
5,171,9,0.0,0.998257197613456 -0.03362927594355898 0.048493702812240615 -0.05256713462083219 -0.8801756119629552 0.47172829940909056 0.026819093397899445 -0.47345534520707366 -0.8804094344815744,53.71684087446629 3.480246528514123 755.4840361978044,0.69
5,188,9,0.0,0.17430708568256892 0.4332028569273614 -0.8842806820409576 0.8034525542866202 -0.5817485356550183 -0.1266200389888874 -0.5692811545195876 -0.688406802706956 -0.4494608337726784,-28.555685188050173 31.83656896316852 736.9780892117086,0.69
5,195,9,0.0,-0.4504411570319973 0.34933134073463 -0.8216266660912497 0.716796826949725 -0.4071395925214659 -0.5660739007199157 -0.532264100730532 -0.8439223699973836 -0.06700716746377056,-60.99848215268772 14.035846907800295 758.1215560201457,0.69
5,208,9,0.0,-0.9989991665314832 0.04454146984701094 0.004089343867873591 -0.01429770643176713 -0.2313673301116027 -0.9727613963083752 -0.04238208182938759 -0.97184629238419 0.2317726108040179,-66.73343677186185 -43.619739488245415 792.1809257517422,0.69
5,215,9,0.0,-0.8540172806937026 -0.15229153619240574 0.4974552967661424 -0.45462949882683523 -0.24638598404997514 -0.8559240419921538 0.2529160000335967 -0.9571317750800475 0.14118166332467952,-38.82629780672211 -68.51798173126791 830.2561453225164,0.69
5,221,9,0.0,-0.49068280709362466 -0.3094347711994926 0.814543126663922 -0.6346427048592995 -0.5136198877598513 -0.5774281323822295 0.5970418913205273 -0.800277910022684 0.055643928133551124,-6.904563738229258 -79.02697142416704 874.8479349139193,0.69
5,239,9,0.0,0.8961279115533263 -0.17860431722487516 0.40626993982291015 -0.29519433540151907 -0.9234491909971063 0.24515688037182518 0.3313835700241192 -0.3396205080901713 -0.8802515776768841,59.5522630975554 -26.209395855232287 779.997128197993,0.69
5,247,9,0.0,0.9812887512110681 0.12209952987201486 -0.14887609462789936 0.1594465562261135 -0.9487512842056179 0.2728512349721432 -0.10793137845063926 -0.29148362822502366 -0.9504673124429484,42.358589035716506 2.7655059484178084 749.2374496346891,0.69
5,254,9,0.0,0.684776989955624 0.32590855580454153 -0.6518159918878279 0.5206905014290365 -0.8445853985634265 0.12472732761923666 -0.5098645660848509 -0.4248047996278478 -0.7480501363306143,9.902724163584821 15.946136171737159 734.3955366533954,0.69
5,280,9,0.0,0.9966946415617842 -0.07450466574345918 -0.03238589607347601 -0.0018870408229185245 0.37730927855910923 -0.9260853888222929 0.08121718142707987 0.9230854581758181 0.375921542805651,-68.39920524839309 -49.25418599051504 802.2311251665585,0.69
5,306,9,0.0,0.5803426355998152 -0.2933305827275229 0.7597102043159563 -0.4253603958084664 -0.9046956681628864 -0.024377893366187953 0.6944573125705604 -0.3090031023210613 -0.6498046812490925,53.35130723779403 -52.41440256618661 831.1944937951929,0.69
5,317,9,0.0,-0.9998259559496445 -0.01812646124764052 0.004414658765680192 -0.017482242413610797 0.9929156442443862 0.11752827155602578 -0.006513755412306948 0.1174306383248979 -0.9930597243736329,51.78608163641136 -17.02216251214884 756.8059142175908,0.69
5,324,9,0.0,0.8406228007531218 0.28037041871453605 -0.46340666283925325 0.33457517760673616 -0.9416339894635971 0.03721398146250206 -0.4259257651086613 -0.18632728784777125 -0.8853639841443153,22.939630915267685 -2.450280649022478 741.0542554257029,0.69
5,332,9,0.0,0.2649644832021051 0.4334352477219589 -0.8613522558591492 0.5567538970665771 -0.7981024907821135 -0.23034216354928538 -0.7872857935607757 -0.4185287328721776 -0.4527855773076136,-22.3640021440154 -1.1925909420953293 747.8566831893326,0.69
5,341,9,0.0,-0.510960019756335 0.36026555611428723 -0.7804669033907005 0.48225331294130847 -0.6314539224161522 -0.6072048138992215 -0.7115838674167213 -0.6866401335072975 0.14890845069821435,-63.18547781590234 -17.743669053146615 752.2913020197609,0.69
5,348,9,0.0,-0.9040658717259906 0.17735671404689435 -0.38885665168904215 0.2159371989056213 -0.5956174649118697 -0.7736995292881805 -0.36883061926732574 -0.7834439555414581 0.5001795105923829,-72.80351212982629 -37.93085070976564 783.5602050570424,0.69
5,353,9,0.0,0.99969914345663 -0.02322254692702122 0.007895307866229277 0.018647143866463198 0.5104471519235813 -0.8597069204785593 0.01593444689042166 0.8595954969678045 0.5107266147313744,-65.44739763570293 -56.120005334370234 827.8705914511925,0.69
5,377,9,0.0,-0.546006604027842 0.3154732046195164 0.7761143250353494 0.31372149328020965 0.9359804422605769 -0.15974804023752404 -0.7768240553767748 0.15626026005605825 -0.6100222275583033,52.66496993040604 -54.73742722392989 843.9001335688541,0.69
5,386,9,0.0,0.9756168001801069 -0.05082787620819101 0.21351437002341087 -0.050784659338734266 -0.9986934121813478 -0.00569094380796699 0.2135246533358102 -0.005291074157629828 -0.9769233475314635,56.95930545317937 -34.07523516888302 774.4056202335022,0.69
5,393,9,0.0,0.9391346725640858 0.18172338171656363 -0.2915521897112813 0.17094534359547855 -0.9833118670424791 -0.06225320583277401 -0.29799959109195207 0.008624654829617731 -0.954527034210189,35.56231168797006 -21.52865733883379 747.2832094702051,0.69
5,409,9,0.0,-0.23735425254121434 0.42749165648967324 -0.8723037558283906 0.41792418553338795 -0.7656779286968743 -0.4889546856843878 -0.8769277814887926 -0.48061231063943766 0.0030778100923858354,-50.260615483404756 -23.221516667371162 752.7315895671147,0.69
5,423,9,0.0,-0.9976091403509583 0.025636561958015582 -0.06417764236239035 0.030989579239134462 -0.6641005975400537 -0.7470006976740549 -0.06177094031017707 -0.74720356198155 0.6617183599502731,-68.4757151162992 -54.77690043871831 833.5445115117319,0.69
5,450,9,0.0,-0.5714205905963754 0.27935457796548585 0.7716472823850382 0.15491766872018853 0.9600928616300735 -0.23285663607739152 -0.805902614811983 -0.01351727845026926 -0.591893789984746,53.12711080744766 -53.55664321795291 843.9154526679514,0.69
5,458,9,0.0,-0.9659591121855102 0.06770694308773023 0.2496773186404719 0.03217281555736464 0.9890911528377324 -0.14374839587709326 -0.25668639139014104 -0.13082225053805102 -0.9575999348575932,59.50337144574175 -43.74201203654838 793.1011433487733,0.69
5,463,9,0.0,-0.9920941286499995 -0.07622314651208663 -0.099695896776122 -0.07053291898508902 0.9957386380036303 -0.059411043805988016 0.10379955316686612 -0.051909505126432616 -0.993242697451075,46.212761144926766 -39.845069142504116 769.5948729849886,0.69
5,468,9,0.0,-0.8325706221441762 -0.2333837617071843 -0.5023526439801663 -0.14403013473739731 0.9669239085231448 -0.2105076611761509 0.5348658518077095 -0.1029085754333923 -0.8386467347293992,24.833337947169575 -34.181766275208766 742.7349276824814,0.69
5,475,9,0.0,0.332481915562029 0.3949952238164116 -0.8564079337479458 0.22072003137596397 -0.9154391708608955 -0.3365320076945273 -0.9169179044895985 -0.07713557944125912 -0.39155032730246087,-12.677506706068321 -31.759482041739492 728.656231099499,0.69
5,486,9,0.0,-0.6037050584994353 0.3522297357165182 -0.715174395248645 0.2035558489880877 -0.7992554995558913 -0.5654694180699799 -0.7707822122266005 -0.48695467931495895 0.4108161652227593,-68.80659958832541 -45.18683977294331 812.5534471619998,0.69
5,493,9,0.0,-0.9560993960820992 0.16524032078534112 -0.24201153112652055 0.002214283173645179 -0.8217606539250892 -0.5698285045613606 -0.29303419896229205 -0.5453485711426841 0.7853189760798861,-71.37567369097864 -50.49731079353191 820.2257134481584,0.69
11,4,9,0.0,-0.9906757664990936 -0.1362071463547171 -0.003023070184116638 -0.12841174963169077 0.940931147751164 -0.31330336376777823 0.045518658020216124 -0.30999385231578624 -0.9496482839970055,-92.73047471236333 38.544963664253146 755.7718821446438,0.69
11,12,9,0.0,0.6819735344889373 0.7311769622059576 0.017098192768076434 0.694992259694962 -0.6405876858209378 -0.3265473560429879 -0.22781101207087678 0.2345797662072393 -0.94502617744981,-87.58751950790165 -17.545371339717974 768.1683240711461,0.69
11,23,9,0.0,-0.20954725042372946 0.9762083546752628 0.0557422470131142 0.9437538034400818 0.21683440401429166 -0.24962291507020423 -0.25577081211943303 0.0002991621352056023 -0.9667374008332266,-25.129221998970472 -66.8185937848981 787.6321226847105,0.69
11,32,9,0.0,-0.8445625292731179 0.5352763369328776 0.013906015515388157 0.51666717002656 0.8214704686434761 -0.2413323529148392 -0.140602878934037 -0.19663548069050826 -0.9703428869060015,41.59843382411166 -53.51309976830718 784.5462720167119,0.69
11,37,9,0.0,0.9917951416391685 -0.12782536039782863 0.0017533568111975009 -0.1247936157259945 -0.9710648459314477 -0.203616351185671 0.02772995663492759 0.20172690012811606 -0.9790491853169206,68.42097146745431 -27.93507142057031 781.4905045485348,0.69
11,44,9,0.0,-0.8902162510323511 -0.4546808211122089 -0.02793523421475843 -0.4355973379281473 0.8675907332585081 -0.23987763287533848 0.13330410941834234 -0.20137445338645044 -0.97040112527526,80.35063943504538 22.1642325301688 764.2363558308137,0.69
11,54,9,0.0,-0.23162538414815004 -0.9722861163430713 -0.03177088895089267 -0.9406332153701812 0.23217535433316128 -0.24759595914034233 0.24811053093445415 -0.0274647557203644 -0.96834232151272,43.93780190856375 84.51130766139545 744.7858890058656,0.69
11,61,9,0.0,-0.38491459109811743 0.9224773972922523 -0.029600828445856875 0.9045929801465978 0.3706987372081626 -0.21046136581750707 -0.18317286324471194 -0.10778635218424291 -0.9771539307875441,-6.857856043916851 99.71566297984127 742.6408275990672,0.69
11,69,9,0.0,0.8897302373304886 -0.4563490580806468 -0.011209012835154755 -0.4432637483860638 -0.857829846569757 -0.26008691566636577 0.10907499322286741 0.23637574224740862 -0.9655201470349637,-64.1659183683721 80.98569390523173 745.9219129419197,0.69
11,76,9,0.0,-0.9971745833987483 -0.07134429019674492 0.023512602575118443 -0.07373779585546643 0.8699106311890114 -0.4876661062722241 0.014338329257984544 -0.48802201384840954 -0.8727135419560259,-91.37291357745602 29.97662422507883 747.9690448154987,0.69
11,92,9,0.0,-0.10043075855531636 -0.9942806027630314 0.03632830446341684 -0.897412548855211 0.07475940765247413 -0.4348123136764239 0.4296095668082793 -0.07627000679581852 -0.8997880340225516,-50.25209474732125 -64.6919523816307 798.6907872684159,0.69
11,99,9,0.0,-0.4970212127745773 0.867427646203371 0.023220522263032728 0.7784480374479152 0.45754124603302815 -0.429737898226388 -0.38339088023266515 -0.19551288136750383 -0.9026550538128054,2.265858282291036 -73.12543709598215 804.6187644697757,0.69
11,106,9,0.0,-0.9051850150987143 0.4249395758539594 0.008151399499308903 0.38593448802666114 0.8298295510609054 -0.4030353422935186 -0.1780299395953928 -0.36167564620680753 -0.9151481123558901,50.883354890213376 -54.24985765077714 802.3571623349926,0.69
11,114,9,0.0,-0.9689916443849416 -0.24709151929015744 0.0009870192747826745 -0.2239230509204505 0.876431558635504 -0.4262935494400753 0.10446846595334099 -0.41329590382995857 -0.904584344049096,79.03441987972757 -6.450107374310935 767.0595203184322,0.69
11,138,9,0.0,-0.7101242226776776 0.7034304272060065 -0.030153315691635457 0.6314471052379701 0.6173424937288818 -0.4692150879108574 -0.31144524663736983 -0.3522412234781457 -0.8825689654806625,-39.14899205393984 77.79436157048937 727.908619878393,0.69
11,151,9,0.0,0.9237594251201854 0.3815681834438972 0.032775690457242934 0.31872967466302704 -0.7185318073024253 -0.6181613352385535 -0.21232032166240117 0.5814789448277855 -0.7853676322150918,-96.18813331881412 -4.866844047688272 770.8510609605923,0.69
11,174,9,0.0,-0.7504156854401933 0.6607554326023322 0.016690036903185768 0.5368673299996716 0.6240572636473032 -0.5677376169218166 -0.3855512534337668 -0.4170788774027574 -0.8230403641378149,29.2242090683502 -69.81941808762306 820.2462145746883,0.69
11,179,9,0.0,-0.9547378949640368 0.29660548352745275 0.02237719958095244 0.23729683005819668 0.8048680348369864 -0.5439463768993943 -0.1793481707851272 -0.5140161803281026 -0.8388215543230493,59.074037305361685 -51.87026248249399 806.277422134843,0.69
11,185,9,0.0,-0.9800596193513086 -0.19784740818634364 0.018426762898416542 -0.17405689291004392 0.8100623587868775 -0.559913540564204 0.09585061579076909 -0.5519559565314858 -0.82834611214271,79.1150431128532 -18.83464496286101 778.5243808521959,0.69
11,193,9,0.0,-0.6293384337600282 -0.7770535291616584 0.010997663837664623 -0.6447262930583263 0.5141603789773855 -0.5656563548030735 0.43389070378580796 -0.36307976741653225 -0.8245677289713762,68.85652265603954 28.740439313514663 741.4807317831462,0.69
11,204,9,0.0,-0.293676953231761 0.955858987342227 -0.009351120660256063 0.7684888976472912 0.23026923996070559 -0.5969932087727388 -0.5684880485404786 -0.18250937906039774 -0.8021917883035369,1.7701295229195424 65.13680626896426 721.2527099690892,0.69
11,216,9,0.0,0.9683903221767216 -0.2494372395997062 0.0011168774975007095 -0.16223255167117195 -0.6332240440098731 -0.7567746753598741 0.18947501970636182 0.7326720778006086 -0.6536748758508413,-75.40076585659655 20.810003660339678 728.9117979938671,0.69
11,226,9,0.0,0.8321648693436988 0.5515294384055275 0.05759261065681914 0.3984198533443178 -0.5224257256072866 -0.7538786253003811 -0.3856983934258436 0.6502973472157052 -0.654484613656379,-95.00956075475878 -27.976827685714238 790.4803718312186,0.69
11,242,9,0.0,-0.44916594181848685 0.8920346388277796 0.050241017522586695 0.6196828623551343 0.3515506536114209 -0.7017159596651136 -0.6436172051877262 -0.2840534123660132 -0.7106831587350049,-3.6144054399562093 -77.90081134621116 857.5041175536509,0.69
11,251,9,0.0,-0.9448494750365779 0.32742275120891023 0.0073356331622634885 0.23392820896317454 0.6903879796095908 -0.6845743426844658 -0.22920964764683133 -0.6451036967816687 -0.728906137869781,58.16578523779199 -57.88204428371274 829.7035427202206,0.69
11,262,9,0.0,-0.829911843586916 -0.5575923289677915 0.018361006248035078 -0.3982240042832477 0.5690190391288131 -0.7194685368530985 0.3907223749502735 -0.6044072532532984 -0.6942822897986245,79.48017501789671 -3.1331843914391224 765.0775447979372,0.69
11,281,9,0.0,0.6486248391787255 -0.7610144230423325 -0.011952653342200303 -0.5180057648768169 -0.42988985835321386 -0.739503033962294 0.557634150276646 0.48585157981280613 -0.6730470985292512,-31.13109339633138 40.853434461362724 708.0631409596148,0.69
11,293,9,0.0,0.9842453845671219 0.1661256385039175 0.06052516162707139 0.13720120602669875 -0.5017028481083271 -0.8540902067491537 -0.11152063496562756 0.8489384691670289 -0.5165913506294938,-93.98254539453501 -16.923060634644365 762.0029335306876,0.69
11,312,9,0.0,-0.31740277273169215 0.9451634497508417 0.07695149847353566 0.5311534307368273 0.24442002032057397 -0.811255130450951 -0.7855771845456897 -0.2166215753833845 -0.5796064011031006,-16.553359713435718 -74.20425930474816 877.1819023815018,0.69
11,322,9,0.0,0.946229354900996 -0.3233700886369127 0.009043986875271387 -0.1870539651046646 -0.5697295968816165 -0.8002618325121682 0.26393336670884904 0.7555395239245037 -0.5995825262010779,56.09451245692939 -59.50465769647254 844.0291471662331,0.69
11,331,9,0.0,-0.9228694520791154 -0.38492033191286296 -0.01217836192944749 -0.21605162982102172 0.5436563675034027 -0.811023703306312 0.3188003570745701 -0.745837845750064 -0.5848865190582104,83.19616945622273 -24.224180653339825 787.260073896905,0.69
11,346,9,0.0,0.13009967331728978 -0.9914706002597351 0.007753955334897367 -0.5411291045716144 -0.07755503605216296 -0.8373556643198103 0.8308148814195961 0.10474380747112794 -0.5466034829821282,18.918269612555793 21.380719015271463 723.7263720822037,0.69
11,354,9,0.0,0.7442743994421408 -0.6678738754565394 0.0003237556226954874 -0.36499966727257954 -0.40715917226492704 -0.8372554277706687 0.5593128473635721 0.6230296099891259 -0.5468118907365229,-42.816550236440506 18.687650755431065 728.3943345677211,0.69
11,359,9,0.0,0.9540837928643862 -0.29950344170633236 0.0046695395456279876 -0.1547354686138025 -0.5061460676661759 -0.8484533534254749 0.25647816855704025 0.8087730501148814 -0.5292495653862155,-72.97806687059892 5.448881344603732 731.8339068932996,0.69
11,368,9,0.0,0.8462200735059296 0.5312456774190639 0.041104956138877324 0.2382602639135337 -0.30826367423570483 -0.9209807564691874 -0.47659588105172757 0.7891460811347055 -0.38743364437573624,-93.21185061899293 -37.25519973167007 799.240689798355,0.69
11,374,9,0.0,0.5605860696871905 0.827500604342988 0.03140076885456006 0.34326214329265087 -0.19769879763496967 -0.9181973025422273 -0.7536009285124345 0.525507312247581 -0.394876822970809,-80.5447439501992 -54.19469396944062 850.3526225147787,0.69
11,382,9,0.0,-0.10367068184924633 0.9931619053232902 0.053682581341846336 0.3739025485628563 0.0889303156789999 -0.923194607399455 -0.9216557241742238 -0.0756361604514994 -0.3805652339994314,-32.3666968349357 -63.33391210791503 860.2361643277982,0.69
11,388,9,0.0,-0.6383035168197281 0.7664979309619088 0.0710601312036514 0.3135387483414026 0.3431828658531939 -0.8853919888237615 -0.7030377469980356 -0.5428687156356516 -0.4593816320664382,14.018968313423576 -70.91683097126503 927.9614830155514,0.69
11,397,9,0.0,-0.9795518955311046 0.20039034750005197 0.017938578266641872 0.0701741669537394 0.42386198257507723 -0.9030042115183479 -0.1885568090888492 -0.883280662279172 -0.42925703417637584,69.63524340753659 -47.20317918217317 819.6016138010119,0.69
11,405,9,0.0,-0.8507273471876844 -0.5256070503455833 0.0004575740601459044 -0.22225513024435498 0.35894442715280717 -0.9065106481978067 0.47630414424721296 -0.7712950971210426 -0.42218270373141953,81.85712280731155 -25.529794114368975 777.5637457398377,0.69
11,412,9,0.0,-0.3999309340758858 -0.916142913956989 0.02715527896351949 -0.3665403970945415 0.13271276778084062 -0.9208884072273497 0.8400615365953648 -0.3782452676165903 -0.38887932865953256,59.15532886979986 -7.718228332489234 744.2677001631178,0.69
11,421,9,0.0,0.3909366160562683 -0.9203994602078676 0.0057789164676023685 -0.3497777995215336 -0.1543686519121963 -0.9240269532154811 0.8513659925016663 0.35921463354918737 -0.38228365627603733,-3.6528170842835053 1.797599952941907 722.0120302253825,0.69
11,431,9,0.0,0.9472227668025202 -0.3204121474271499 0.01025113808808148 -0.1052589857302043 -0.3410594910698612 -0.9341300602561807 0.3028028665221438 0.8837502358315327 -0.35678557242927184,-73.66644022484805 -11.405838255799171 737.1247323963838,0.69
11,441,9,0.0,0.509627362435829 -0.8431004949896331 0.17164354577127416 0.002967043546461934 -0.19777054433003957 -0.9802438515226674 0.8603901139072283 0.5000683624702079 -0.09828776499173852,-74.5407719414587 -34.78691781862855 749.0352275653614,0.69
11,452,9,0.0,0.11651297568278476 -0.8454028285156941 -0.5212665191964728 -0.19322196736311936 0.49551872078751 -0.8468332000325893 0.9742125013701418 0.1993871984024395 -0.10561603707466849,-42.905099773074205 -147.1157761495707 2151.6055554558106,0.69
11,459,9,0.0,-0.08026973671191084 -0.9755326143555048 -0.20467752123014 0.028005594048526594 -0.2074662740018371 0.9778412099383946 -0.9963796746573013 0.07275894089738116 0.0439736335694666,-224.88155697621767 -210.60236452537384 2002.2169948835674,0.69
11,469,9,0.0,-0.9994257407782716 0.03377917479134206 0.002675073871711519 0.003823290541704839 0.19085651504552859 -0.9816104996963461 -0.033668547922903705 -0.981036573230118 -0.19087606153122239,72.50179596708168 -45.75775535537551 848.3021259626191,0.69
11,476,9,0.0,-0.9068746132491171 -0.4213242180164235 -0.008021169310864662 -0.0860359196079967 0.2037535669363042 -0.9752344869301637 0.4125242494465879 -0.8837252894840018 -0.2210279537636517,82.71016540541532 -33.48067859738749 792.5535458030424,0.69
11,486,9,0.0,-0.2650409199077411 -0.9639254590422243 0.024515713016255547 -0.22146325148899304 0.036108873514635986 -0.9744999627980634 0.9384600891963287 -0.2637116961072091 -0.22304439540566268,47.29058587816952 -22.515378085734877 744.0087873798259,0.69
11,497,9,0.0,0.6637610062662666 -0.7478181299221456 0.013761217974380069 -0.14391215608507207 -0.14574765649291502 -0.9787987086003788 0.7339690851060003 0.6477080092036599 -0.20436173057128992,-31.728162693787517 -21.81852389227269 724.350817412499,0.69
12,2,9,0.0,0.9888204352216674 -0.14247074928848225 -0.04400264179809728 -0.1490091802607384 -0.9550522320540195 -0.25626450836325 -0.005514624742989565 0.2599563802752567 -0.9656046133216899,34.076153536404476 73.87219108464011 763.4023497322729,0.69
12,7,9,0.0,0.9611163585883946 0.27608061535044737 -0.005902464019676257 0.2621088672318066 -0.9187873756247039 -0.2951757105710569 -0.08691540123732051 0.28215111592972214 -0.9554247541315685,3.3863580198404306 86.03355513667495 759.2253416365907,0.69
12,14,9,0.0,0.6356967406829521 0.771108186131936 0.03580250222241925 0.7486872100283404 -0.6045877474246499 -0.27192115990479154 -0.18803487821425752 0.19966427057514047 -0.9616532969998316,-41.001943673029004 80.22379870905993 760.8840376630108,0.69
12,26,9,0.0,-0.3718331482487318 0.9282920152022008 0.0037475825906872207 0.9019234088791103 0.36222065547387605 -0.23522406608160173 -0.21971407414938687 -0.08408407256974115 -0.9719339454719977,-82.08273717671874 21.30529650380423 775.554810660287,0.69
12,34,9,0.0,-0.880565187040806 0.4737205048307101 -0.013922452180830762 0.46709023207294104 0.862520188042963 -0.19464233948547396 -0.08019767124945987 -0.17789830949525512 -0.9807754712496096,-68.65001186168163 -25.685777276085542 792.4020643194731,0.69
12,43,9,0.0,-0.958730736964412 -0.28165167862704354 -0.03882918910103529 -0.26473431805325487 0.9341432049563675 -0.23935791918949387 0.10368758288509515 -0.2192003753655882 -0.9701546683880007,-20.14221402976037 -53.51442162366721 795.4674060167756,0.69
12,49,9,0.0,0.6943085172537814 0.7175597089909465 -0.05517016314715463 0.6867193221894985 -0.6834957458648236 -0.24748765204810533 -0.21529573939223956 0.13394636769064175 -0.9673190348494297,17.5431052622339 -49.863953078180344 793.3527780905995,0.69
12,60,9,0.0,0.190407037470112 -0.9809927268581331 -0.037395587083234774 -0.9429592057774923 -0.17216311898619252 -0.2849347235779227 0.2730807505507053 0.08951608968442765 -0.9578171920394167,62.68079889774277 -1.700971357970769 785.3871159494068,0.69
12,66,9,0.0,-0.6567923294410174 0.7523901701404963 -0.050327605381116344 0.7259897327388463 0.6128793329235251 -0.3119580600545424 -0.20386942866751923 -0.2414289857311465 -0.9487619832727328,62.993182641198466 34.647448606316345 767.7561302438845,0.69
12,73,9,0.0,-0.964340250233789 0.26213841667101917 -0.03648742638559767 0.2511813714926549 0.8630267003098214 -0.4382839640774141 -0.0834014411991913 -0.43181982939364216 -0.8980956711555532,41.22236597910601 54.525570255282766 756.0416800563025,0.69
12,83,9,0.0,-0.8313689723230226 -0.5557113787453268 -0.003239659168658121 -0.48669812250201167 0.7309111862100232 -0.4784284433706597 0.26823603302237 -0.3961738272602364 -0.878120566427184,-18.435970327931244 70.60667868765941 742.5471574676517,0.69
12,100,9,0.0,-0.49434302003664 0.8692108432554577 -0.009873626901516885 0.7961117659934998 0.44815035358547584 -0.40665380439376675 -0.3490430268430601 -0.20888698032273123 -0.9135289786667338,-81.20497335825867 1.7218495164272631 776.9060351727836,0.69
12,108,9,0.0,-0.9379955279840532 0.34637358384561295 -0.013774247560702696 0.3267090109178464 0.8700641585992659 -0.3691200104383852 -0.11586894177043278 -0.35073308987732704 -0.9292796608115895,-62.4643726731278 -40.72513753529349 804.5246601773991,0.69
12,117,9,0.0,-0.9198565943274398 -0.3922497964692068 0.0019857094927566293 -0.3590881910982832 0.8400311722842292 -0.4066980459807325 0.15785916788735016 -0.37481692432526176 -0.9135604831390554,-11.069700789823965 -60.42934765271759 810.3557600060051,0.69
12,130,9,0.0,0.036887240692044965 0.9986071151497389 -0.03772480677808368 0.9047401512435986 -0.04940314414618263 -0.4230893381736086 -0.424363747511304 -0.018524549138591168 -0.9053022980625721,57.96057787780286 -24.743316382668233 799.4751517681891,0.69
12,137,9,0.0,-0.5632428017786324 0.8250903622739393 -0.0445358319470498 0.7528415692763338 0.49021456234958116 -0.439225744270478 -0.3405688150933718 -0.28091916442825315 -0.8972721466995557,65.7192107124927 14.076200386922224 777.8441612087751,0.69
12,142,9,0.0,-0.858304194397525 0.5117531694631366 -0.037717415394615 0.47146713347120295 0.7574493037130199 -0.4516517401285082 -0.20256517947579905 -0.4054371046772812 -0.8913967142719569,54.05789735560747 41.494867490699576 763.1802294131681,0.69
12,148,9,0.0,0.9994559015839812 0.03295608797400568 -0.0013405425772810287 0.024900827830183582 -0.7805703279161034 -0.6245717828643227 -0.021629830381291938 0.62419857372666 -0.7809662547096897,22.29047546367624 48.66259001712074 736.9113212230156,0.69
12,171,9,0.0,-0.4632646445690673 0.8859566472513171 0.02160296932138847 0.7298636025572974 0.3952439297111945 -0.5577466787785791 -0.5026778200342432 -0.24261709588909278 -0.8297300488881693,-81.80662154994486 -6.567246168874446 783.6642401031401,0.69
12,177,9,0.0,0.8494376580249888 -0.5276443156582163 0.00686595096072401 -0.44113145721358876 -0.7171834919148422 -0.5394913126098039 0.2895836711308809 0.4552354501556376 -0.8419631716031026,-71.81558049002231 -36.21890039042835 804.8011681434475,0.69
12,190,9,0.0,-0.8652653149244993 -0.5012562596593018 -0.007622134935406727 -0.41469018286436005 0.7242133109122438 -0.5509511162829682 0.2816877473809086 -0.4735580666084063 -0.8345027085190183,-1.0134028563273514 -64.29798558492199 824.6332690209512,0.69
12,199,9,0.0,0.24053637691890672 0.9702083477616499 -0.028948459584837716 0.7926421920611766 -0.21355278102487085 -0.5710635385672915 -0.5602326362710214 0.11441578409534656 -0.8203952837545255,49.77559900453805 -42.787082706369944 815.2842209406133,0.69
12,207,9,0.0,-0.45488104777776583 0.8900789506155857 -0.029029192955703192 0.739402967261088 0.3593075267888495 -0.5693692590914781 -0.49635318511932636 -0.28045955655662336 -0.8215692014419491,66.88311198744597 -5.572752419300721 790.6960341337335,0.69
12,215,9,0.0,0.9190419951196235 -0.393820044824123 -0.01635797974286983 -0.32451421827321963 -0.7324456658397982 -0.5985097064634923 0.223723788062565 0.5553639517354547 -0.8009485300365536,48.205056454371274 33.36403422167489 759.9779906016036,0.69
12,221,9,0.0,0.9942690409560803 0.10417795521298319 -0.024000580074583375 0.052193170226697685 -0.6689498821175013 -0.7414728101533246 -0.09330030641944204 0.7359707934847841 -0.670553535490952,20.431860800276397 32.730621400573874 735.003831769176,0.69
12,228,9,0.0,0.7853235089295596 0.6167565510667293 0.053650191414730014 0.44105575372012173 -0.49657069467508186 -0.7475876987352601 -0.4344384978716085 0.6107609204150013 -0.6619926658663833,-25.67339824343847 35.091316067826945 734.8075602762588,0.69
12,239,9,0.0,-0.06733557566261794 0.9941499822911463 0.08444958828020843 0.6985469560865804 0.10740985536530157 -0.7074569054808761 -0.712388988118399 0.01135498484885572 -0.7016929484658696,-78.58463985561667 3.4141391075392304 775.1683929096571,0.69
12,249,9,0.0,-0.8178930881861786 0.5749061557121108 0.023104294440605022 0.3982564055728016 0.5946493218729757 -0.6984153631015309 -0.41526224451243826 -0.5620276649065714 -0.7153196293700872,-73.66030132605461 -38.94361955559377 817.7907180861616,0.69
12,260,9,0.0,-0.9559585426072181 -0.2918472219512204 0.031120151921844363 -0.23113427252294277 0.683231584851675 -0.6926554334778282 0.1808872933115359 -0.6693428123916946 -0.7205969654515645,-17.733653376346396 -65.94790868110326 850.1990466049318,0.69
12,284,9,0.0,0.7651895174572269 -0.6435046562747314 -0.019666207725855284 -0.45625787455267564 -0.5204772488977881 -0.721756319881208 0.45421773884586625 0.5612532322691155 -0.6918678016682224,61.14937885467799 5.433067997006923 770.5791364831663,0.69
12,298,9,0.0,0.8803438171621362 0.46905221392768864 0.07060300414240947 0.3077841299441854 -0.4516121286467523 -0.8374457681627211 -0.36092061861148916 0.7589706884120645 -0.5419407727717273,-16.475556780177417 18.227308476675876 741.3648467395885,0.69
12,307,9,0.0,-0.23063731090639805 -0.9703115101853732 0.0728148612554213 -0.5580482962261915 0.07059944045914268 -0.8267997448511346 0.7971126205856427 -0.23132507907409616 -0.557763550166603,-66.31735456575635 2.941785650464535 768.773170336422,0.69
12,319,9,0.0,0.7519440649119356 -0.6584254409559188 0.032497106728426484 -0.3745182921402298 -0.46724099200601676 -0.8008881970922027 0.5425091447119397 0.5900523655500732 -0.5979314624709777,-78.324518200583 -39.138751813785355 829.2400499426391,0.69
12,336,9,0.0,-0.774037158015851 -0.6328678775168847 0.018566841896721142 -0.38706640061560943 0.44979261943229554 -0.8049013610491105 0.5010449875262908 -0.6302101626533068 -0.5931180922575803,11.845059865417026 -62.57551407278967 871.1660737667875,0.69
12,343,9,0.0,-0.24160448159626002 -0.9703160027513041 -0.010683130502514016 -0.5515397564289329 0.1463724451722369 -0.8212058233918061 0.7983928679233776 -0.19251483604915232 -0.5705320905523652,50.33629538575558 -48.066582694594146 848.79134782234,0.69
12,350,9,0.0,-0.383680574870526 0.9234658524896115 -0.00018908373234843845 0.5190051425921478 0.21546631833103536 -0.8271686210367106 -0.7638212346026569 -0.3174666674636948 -0.5619537673328374,67.31359865284671 -25.356580375696485 815.500530089846,0.69
12,357,9,0.0,0.8497677599192798 -0.5266356880823513 -0.023443682300318847 -0.30707238742902565 -0.45835737897313944 -0.8340354081329595 0.4284872262744926 0.7159353079565935 -0.5512126012172522,57.630313256569494 -1.5684405097564638 771.5828302878748,0.69
12,363,9,0.0,0.9990280271028628 -0.044067623588084644 -0.0010225528156577422 -0.016836426087261498 -0.3600430334594105 -0.9327837631594764 0.04073740074636702 0.9318943387576968 -0.36043502267646693,30.283562220966076 -3.3637341291962057 742.3968202391006,0.69
12,368,9,0.0,0.9425096080404143 0.3324246251784741 0.03419806027328559 0.1534837616426722 -0.3397062702389568 -0.9279236956088318 -0.2968473912021456 0.8798258455713196 -0.37119820554683786,-1.078434981521685 -0.21138560161912526 739.5755176925371,0.69
12,383,9,0.0,-0.13027456389815206 0.9867881244792225 0.09632100180087899 0.39935243062714826 0.14114430948889778 -0.9058674958574742 -0.9074944485523507 -0.07954546678272062 -0.41246374939015434,-81.02487094910202 -20.953330032229726 803.8414281177794,0.69
12,387,9,0.0,-0.45958828394740314 0.8838862600287858 0.08673919869705293 0.3519139994945261 0.27090752160102216 -0.895971903409788 -0.8154355561404273 -0.3812534512267626 -0.4355578718260465,-85.65663666782235 -32.28711388159201 824.921837030217,0.69
12,393,9,0.0,0.8386158304938748 -0.5410455181099693 0.06319205787268492 -0.22473612709983826 -0.44932555491296683 -0.864638779420817 0.49620274285944366 0.7108982297314221 -0.4984039977202184,-71.25059747394737 -46.880491993730665 832.6563283660714,0.69
12,399,9,0.0,0.9792059871754961 -0.17784733363010027 0.0976010276601966 -0.000986695361440415 -0.48527434356084104 -0.8743613886224955 0.2028661162242881 0.8560836042129638 -0.47535902377657147,-46.796656411442086 -58.47401924390993 865.7784098662827,0.69
12,409,9,0.0,-0.6924199316258755 -0.7214946222124576 0.0003852346317294031 -0.3050451639780461 0.2922685432926265 -0.9063810162041204 0.6538364369020935 -0.6277137952284544 -0.42246101010515164,18.572312673725076 -56.08636859863744 863.0204207010449,0.69
12,423,9,0.0,0.45796654637770273 -0.8889383537105502 -0.007432745203200253 -0.3517118231813772 -0.17350466566333467 -0.9198885391325873 0.8164345876022834 0.4238923616856418 -0.39210946159364524,68.24087308502112 -28.199107540070386 819.1369770650022,0.69
12,438,9,0.0,0.9933496754060265 0.10915333029699853 0.036632947681227566 0.057804470133009454 -0.19763139571049634 -0.9785706283463462 -0.09957442243559955 0.9741803641598383 -0.20262663320013297,15.903659501344352 -18.037545149178502 729.3401459299588,0.69
12,455,9,0.0,-0.05703898654999778 0.9854586678451918 0.16005551531305956 0.21238746235066158 0.168624077835152 -0.9625266158452404 -0.9755194102884859 -0.02090775796264338 -0.2189172122227488,-81.00308822871173 -29.262656800705813 815.6416407399453,0.69
12,471,9,0.0,-0.9764436617758652 0.21353562980710797 -0.030988871883652278 -0.0425114734780829 -0.04958118418019686 0.9978649612036746 0.21154325798867224 0.9756762992807454 0.057490947299265294,-40.26026176084616 -88.32532957170703 884.4396208687999,0.69
12,482,9,0.0,0.5934279440956 0.8047412432956984 0.015323397317932863 0.1808200253917221 -0.11473968412704927 -0.9768003497664004 -0.7843133261546732 0.5824314004458537 -0.21360306690418748,24.32885001759545 -49.752841891740516 875.9307489220124,0.69
12,490,9,0.0,0.06216436259305469 0.9974979047675553 -0.03366781857704454 0.17428880790705115 -0.04406411348689665 -0.9837081708214857 -0.9827303818757913 0.055283667452073304 -0.17659193823985925,58.76658700910989 -40.480806231148385 861.0163269110427,0.69
17,3,9,0.0,0.9241642258530157 -0.37018783483751655 0.09424144837494139 -0.3809832961181299 -0.9111722903681678 0.1568973720117467 0.027788697926683904 -0.1809033559764403 -0.9831082158460486,35.36085973881178 59.93419648670444 753.7356041274869,0.69
17,10,9,0.0,-0.9657469618202034 -0.23657542199929238 -0.10660616980692758 -0.19240666560430353 0.9285248067515903 -0.3175237916723022 0.17410479822819494 -0.2861358994477599 -0.9422386992058546,-9.707269957397864 79.97640500741812 735.5157755658587,0.69
17,14,9,0.0,-0.8275587730813083 -0.5549097782897339 -0.08498008622376159 -0.4939914334795892 0.7917384231599406 -0.3593365176836216 0.2666813468260203 -0.2553926530866727 -0.9293307549007567,-37.44939773400307 74.96153399202029 735.6797609600551,0.69
17,22,9,0.0,-0.27715007115536017 -0.960783362399424 -0.00911968173984204 -0.882827192001788 0.25838575198372193 -0.3922409364587597 0.3792149616257472 -0.10065850042725569 -0.9198173074969395,-79.45365492587909 40.91137423610097 746.6254515131209,0.69
17,29,9,0.0,-0.3313949165293737 0.9427245013622547 0.03805159431321645 0.8754034013036103 0.3222721797695399 -0.3602908923809477 -0.3519180221082171 -0.08608807512006295 -0.9320635970992338,-89.77678948163427 -5.319545690016177 763.9370015598594,0.69
17,41,9,0.0,0.9817964217844699 -0.17257308708763391 0.0793367240579958 -0.1473157642859042 -0.955535949626133 -0.2554390623317901 0.11989099951235108 0.23910160724078824 -0.9635645124488559,-42.455113569909074 -69.31569747080631 782.7414163656267,0.69
17,50,9,0.0,-0.8266353697684861 -0.5502541894178239 0.11787405344626155 -0.5621554968709026 0.7979332576985867 -0.21744818600381627 0.02559614786539334 -0.2460139087260217 -0.9689282707857159,18.42467410845531 -70.17715789220581 777.9879695178621,0.69
17,60,9,0.0,0.1231323563931016 0.9916892404329986 0.03729441269820569 0.9835584225427293 -0.11694776968917453 -0.13760831591871622 -0.13210318790377304 0.05362526992146263 -0.9897843594296237,66.26732393380748 -24.564622942958508 765.3550227768482,0.69
17,72,9,0.0,0.7751964224470074 -0.6280727645433825 -0.06778723378478796 -0.6021124801112078 -0.7021319087490796 -0.38009386210606544 0.1911310229127945 0.33546294155272505 -0.9224605936976938,53.99733751617793 33.53750743326412 730.2316859794555,0.69
17,85,9,0.0,-0.8901718840576228 -0.4419894835887278 -0.110631429667485 -0.33215437625527244 0.7957283857499067 -0.5064482268172315 0.3118773591778873 -0.4140792587281047 -0.8551437775739296,-26.677928605367587 59.27040888673046 721.7627991610494,0.69
17,92,9,0.0,-0.4814789913735375 -0.8742741051822739 -0.061828552252622404 -0.7278396838931512 0.4381412681917224 -0.5275240503120848 0.4882902573431489 -0.20899047374242605 -0.8472872042399069,-68.97397776655963 36.69400056899235 738.0481347096526,0.69
17,107,9,0.0,-0.7333499787166107 0.6760532328254234 0.07176235156849758 0.5498904682885148 0.6519185482013613 -0.5221328177738559 -0.39977278747031364 -0.3434446576922149 -0.8498396822347688,-75.69283032717951 -50.5154205584489 780.4513057170091,0.69
