scene_id,im_id,obj_id,score,R,t,time
8,1,19,0.0,0.021407544594073933 -0.9990209921260695 0.03871400684372797 0.9316923827357078 0.03397964537652573 0.3616554819885148 -0.3626169066476522 0.02832738942311888 0.9315076693306171,-7.414314387160698 -62.69881506585041 728.90447566956,0.69
8,12,19,0.0,0.7915866172552454 -0.6109422097190248 -0.011842456081131311 -0.580137404952641 -0.7453043083127147 -0.3285758350599167 0.191914613193508 0.26696648552606994 -0.944403344365449,43.55532337025818 -39.8274867037574 732.5429611992656,0.69
8,18,19,0.0,0.9941143374239626 -0.10763956781743647 -0.01226407632842949 -0.10480915304382232 -0.9269194215498273 -0.3603268341269772 0.02741761416226217 0.35949145941706184 -0.9327454985363587,55.169123881509265 -10.329003095074452 730.2913492505221,0.69
8,25,19,0.0,0.8747809465497026 0.47989617196650947 0.06676795403107424 0.47415336594855007 -0.8195484713294642 -0.3217435138447995 -0.09968390598921015 0.3131133457287132 -0.9444697727366956,45.02576474221617 23.296713836832883 704.0041928241482,0.69
8,34,19,0.0,0.2901583092218144 0.941150206138996 0.17333333514954186 0.9261842114096706 -0.23059830253249325 -0.29834079406708625 -0.24081312697812984 0.24710465870488574 -0.9385884750631435,5.327549666526227 51.253150732198286 691.5669072845863,0.69
8,46,19,0.0,0.6777456413478203 0.7224490116929543 -0.1368512737898533 -0.7154864875732967 0.6908741817539016 0.10378801031864822 0.16952855728182958 0.027573365586207224 0.98513947123044,-52.191219144592004 32.153582785067364 696.935613085605,0.69
8,52,19,0.0,-0.9588522232820947 0.28378365882230294 0.008321591939687983 0.2709400479546956 0.9234262480858001 -0.271800395070517 -0.08481688700542586 -0.25836176058311844 -0.9623176691441866,-65.40170131041687 9.728852725457898 704.9051080740414,0.69
8,58,19,0.0,0.9706948120929685 -0.23929449083797824 0.022129808638784873 0.22419448758745184 0.9348894222881584 0.2751701288823214 -0.08653561989837705 -0.2621448354408422 0.9611408178516285,-65.63444058794802 -20.229463264646654 709.9705420017839,0.69
8,68,19,0.0,0.4346832964141307 -0.8905880885298905 0.13380317031827316 0.854618028585062 0.45477855073994145 0.2506082500722203 -0.2840395342833933 0.005415381385864351 0.9587972760748324,-30.389043974723887 -58.23633961307224 724.6006974595243,0.69
8,84,19,0.0,0.7555349718833049 -0.6535965432858647 -0.04447993779291767 -0.5787955807345692 -0.6341795772985931 -0.5126518696537744 0.30685922176696245 0.41307120735067765 -0.857443639940508,43.06720769267838 -57.122495169279766 750.9165368846246,0.69
8,92,19,0.0,-0.9984026282236728 0.014625807084485843 0.05457359914088609 0.01506168308048779 -0.8620607089343876 0.5065811680415332 0.05445491400090232 0.5065939398361065 0.8604633882173525,57.02760732079991 -21.622372469652785 742.3161785752797,0.69
8,100,19,0.0,0.758795477680466 0.6488568253909419 0.05669429596760417 0.5832129340088892 -0.6381077814029246 -0.5026739827341182 -0.2899863732253924 0.41449159153911225 -0.8626149916891992,38.483623432984174 13.880106013163209 712.058565518413,0.69
8,115,19,0.0,-0.4307314633884325 0.8928250143959046 0.13165827021578402 0.7892889965837163 0.4434154238677941 -0.42474185306844275 -0.437599458773808 -0.07903325594392091 -0.8956899341489626,-37.707962074540575 25.512757862546003 709.2689588710977,0.69
8,127,19,0.0,0.9979540926798318 0.06272835584065004 -0.012360512817130447 -0.05106358227183571 0.8983501577145867 0.436302079641783 0.038472580744487686 -0.43477827396007973 0.8997153511100902,-68.66906787370695 -20.134415854624667 720.1452226550124,0.69
8,136,19,0.0,0.7519080041443156 -0.6574186232447526 0.049346804503288294 0.5848056854489997 0.6996674147042259 0.4104483147335732 -0.30436271711600527 -0.2797610813034556 0.910547677948653,-52.77730374922045 -60.79497318732558 747.8762848785794,0.69
8,144,19,0.0,-0.14696859226905823 -0.9821067123841123 -0.11775669142992104 -0.8125693690078966 0.18775933292043634 -0.5517947566363612 0.5640312521807278 0.014588981847374949 -0.8256245564250722,-13.243150245083571 -89.81077772403232 784.4916504523699,0.69
8,155,19,0.0,0.719469147657521 -0.6900587592319111 -0.07863240029577342 -0.5658078294936696 -0.5167030730729824 -0.6425569502858083 0.40277244897413467 0.5067907290827759 -0.7621925683599431,41.07646925722763 -72.83610724740892 773.4398590564482,0.69
8,165,19,0.0,-0.9921622926897494 0.11558878670119781 0.047468066671869036 -0.058209171141452895 -0.7636824782430627 0.642962490989606 0.11056978502124826 0.6351600623571031 0.7644252859677496,56.79077383349788 -33.43959383680239 743.3668311300659,0.69
8,172,19,0.0,0.7636196294153074 0.6432183663676738 0.05617112015020967 0.5049087550132791 -0.5406598962791728 -0.6728699916524251 -0.4024328648142059 0.5421780240130497 -0.7376250942007979,39.46853932411777 -4.877682816596927 725.0906105140051,0.69
8,178,19,0.0,-0.33518647292526293 0.9373158048975232 -0.0953368252944812 -0.7318546163596826 -0.19530758210772942 0.6528734708075177 0.5933286179520958 0.28860705164728906 0.7514433583833952,11.448241076474135 9.343793003209111 712.5895334383804,0.69
8,194,19,0.0,-0.8758794678314012 0.4767899510209721 0.07420579786512987 0.3582208740306856 0.7455334725306714 -0.5620121411011071 -0.3232846473930878 -0.4656728292930329 -0.8237935741544412,-63.5372072668843 -17.736245223938646 728.2267386465427,0.69
8,207,19,0.0,-0.8020549564220734 -0.5962493431574987 -0.03456251818136616 -0.4812093288439343 0.6794159717784515 -0.5539237484761885 0.3537589980655703 -0.42764548176800943 -0.8318496938816837,-55.97067342549835 -70.56814337449254 765.8892683152826,0.69
8,216,19,0.0,0.1493503509915073 -0.9780971710247419 0.14498412565556995 0.6781846844450723 0.20803304682310106 0.704831742484428 -0.7195554227735701 -0.0069408546227376355 0.6944003298488954,-13.801744855074524 -93.65860671980506 786.8016462402591,0.69
8,228,19,0.0,0.7485383395754852 -0.6586029166367384 -0.07702306396889774 -0.47243537393435003 -0.448196325649307 -0.7588971413373298 0.4652904164509371 0.6044520261129427 -0.6466394486008968,42.80124429454561 -80.63684766918658 786.724545351505,0.69
8,238,19,0.0,-0.9901432956648144 0.1385678451637049 0.02037661249343202 -0.06404864406861349 -0.5773588976593287 0.8139744925282221 0.12455530997509519 0.8046462922180727 0.5805431243040564,55.979894384407025 -44.45236756800729 745.5652650223518,0.69
8,263,19,0.0,-0.691091393826206 0.7147433649717939 0.10739929053838645 0.46320460952977227 0.5520548986730973 -0.6933086459589317 -0.5548280590324565 -0.4293917920499099 -0.7125928106783311,-51.83033024092298 -24.87781812315368 728.5008074410983,0.69
8,272,19,0.0,0.9984969908710418 0.026018280422610913 -0.048237001413077275 0.01477900198655974 0.7197065933101946 0.6941210273764336 0.05277632349601572 -0.6937906518753945 0.7182403435122252,-70.3446432159879 -55.688467815654995 759.5558284916921,0.69
8,280,19,0.0,-0.7834584874563646 -0.6212609657450776 -0.01508677812122039 -0.4501519216482968 0.584079041437651 -0.6754368370096647 0.42843441256384973 -0.5223853805331541 -0.7372634999349288,-54.27454355529158 -82.66726709990533 789.1286991463714,0.69
8,288,19,0.0,-0.10246324743674495 -0.9872746815961417 -0.12161408637141025 -0.594769275860247 0.15880145069138074 -0.7880555867139003 0.7973398217933138 -0.008414412489846146 -0.6034719597835986,-11.821041430390052 -101.33568836653153 826.572381715973,0.69
8,303,19,0.0,-0.9051398383361602 -0.42197073242752026 0.051600135962728166 0.23602055946306497 -0.3978583405385018 0.8865681228054004 -0.35357625566139445 0.8146468203083664 0.45971120238029506,53.26402747258767 -77.20637410957406 792.7714499328308,0.69
8,309,19,0.0,0.9995565906211519 0.026951285496323293 0.012659002958943946 0.022490770976600627 -0.40475133239174393 -0.914150164988218 -0.01951377376872492 0.9140295329677284 -0.405178017044483,54.80636563019575 -58.010091862048824 753.9976005397499,0.69
8,319,19,0.0,0.5682662536330079 0.8197853678508653 0.07089016602834869 0.39963598715720744 -0.19965787164734333 -0.8946663132465295 -0.7192805730386369 0.536738935560738 -0.4410745654674909,28.141961725988594 -35.366834405127534 717.0065525146401,0.69
8,333,19,0.0,0.5834523647668064 0.8020138057766446 -0.12789524381963685 -0.4103637869003005 0.42702593075890555 0.8057607690005361 0.7008458464233533 -0.41763944952931975 0.5782667116028559,-44.2193809582373 -39.71036518383745 717.034361109576,0.69
8,345,19,0.0,0.9919038886888116 -0.12677391186772094 -0.007419627603099728 0.0829802069426249 0.6028091982382252 0.7935586656165674 -0.09612991657009021 -0.7877496085617202 0.60844851331159,-67.57278673980396 -71.1383056182099 771.0405374928235,0.69
8,360,19,0.0,-0.021493961946545848 -0.9984327516261913 -0.0516725273234519 -0.3964680381566639 0.0559590500138929 -0.9163414644343826 0.9177968753052315 0.0007906969679307707 -0.39704945596015906,-11.472856393412396 -88.81196140895759 766.5766685128494,0.69
8,375,19,0.0,-0.8648692794853226 -0.4988413052904297 0.056200369559988805 0.2039761100559797 -0.24691746562128913 0.9473254518366907 -0.4586882121103287 0.8307762137346613 0.3153030395726154,51.74562421881008 -84.9301452043591 811.346291700336,0.69
8,381,19,0.0,0.9996852332130781 -0.021308270845956722 -0.013243567845146109 -0.01675157079622928 -0.17394728372990695 -0.9846124757278095 0.01867670665756025 0.9845244029868142 -0.17424947790993475,53.617337524658886 -65.48254440022353 745.2514333670002,0.69
8,389,19,0.0,-0.7361022541783225 0.6741706786772769 -0.06039343843011469 -0.22582105222871515 -0.16049033704260163 0.9608577959751735 0.6380895891361245 0.7209276993761385 0.2703792309115475,39.57792000482393 -55.58548286018273 735.4493666990365,0.69
8,410,19,0.0,0.827700114114427 0.5443794082221517 -0.13624823301116296 -0.15428363735942277 0.454188532658342 0.8774447766354347 0.5395452532810481 -0.705240268777501 0.4599207355148575,-61.13986789522947 -64.5827698204884 755.4586859980506,0.69
8,417,19,0.0,0.9941973425787787 -0.10595976695357702 -0.018551867734503652 0.0619315688901982 0.422795762754069 0.9041063122067027 -0.08795524307335807 -0.9000090392792445 0.4269046783903379,-66.1052521815984 -76.12696796327037 764.3185593655877,0.69
8,425,19,0.0,-0.6982144405889039 -0.715374569898149 -0.027125996685141984 -0.33067468566040736 0.3558861136803363 -0.8740705499860392 0.6349416092968823 -0.6013187996666532 -0.48504108480719493,-49.060209671739365 -95.1778188259098 835.6019383164604,0.69
8,432,19,0.0,0.1045034747308572 -0.9648038501780203 0.24131422347396914 -0.8764782053814415 0.02531392096515994 0.4807755826752194 -0.469962742417422 -0.26174937647879376 -0.8429841544492154,-16.359308388481523 -91.45986975957952 844.1185824415718,0.69
8,441,19,0.0,0.552535945124089 -0.8287713734604006 -0.08855529277457497 -0.20401502904953162 -0.03146543543417751 -0.9784619534222351 0.8081348261693394 0.5587020108300117 -0.18646759993830817,32.22353739779767 -92.93535465575394 847.0230474964436,0.69
8,451,19,0.0,0.9980205011144687 -0.05603049431408921 -0.028559815513121426 -0.03571198723664161 -0.1311144289083832 -0.9907238063656483 0.05176614069867158 0.9897825974621637 -0.13285584834028946,57.149458723060285 -77.99441514840638 762.63925739284,0.69
8,465,19,0.0,-0.45416684359717563 0.886780772937442 -0.0857457808026229 -0.19423890595568732 -0.004629237748103199 0.9809433304584974 0.869484747186583 0.4621671027954544 0.17434977345422398,22.715461447808355 -70.34510001341782 747.3510322085834,0.69
8,471,19,0.0,0.08499295971463194 0.9914832335164432 -0.09867722358642239 -0.1445939094678519 0.11026066735867418 0.9833286259325629 0.9858340621746386 -0.0693078847563367 0.15273381736489378,-8.784349603980727 -66.93442388891782 720.3098660957767,0.69
8,479,19,0.0,0.6821550776025815 0.7219022471651957 -0.11628239608322788 -0.12907965874409816 0.27541841862774763 0.9526190930162475 0.7197241775843877 -0.6348242593178302 0.28106096844287254,-50.079599767773736 -74.85647975324409 760.3845547610116,0.69
8,484,19,0.0,-0.9346539532483601 0.3281443385523922 0.13690610195760233 -0.038519910614365244 0.28932894131827713 -0.9564543795717108 -0.35346598727950296 -0.899227477778375 -0.25778234820264234,-63.70871735705048 -77.2174471686195 756.8010261505615,0.69
8,495,19,0.0,-0.84419490114813 -0.5360221090668774 -0.003907360617576572 -0.15962121295565682 0.2583368359347662 -0.952776546506986 0.5117187091069312 -0.8037054048534888 -0.3036471388951749,-56.3891530163519 -91.20764510986724 833.7432740068199,0.69
10,5,19,0.0,0.27408022218741457 0.9606547091662379 0.04497289808794827 0.9234148363145802 -0.24981495077867089 -0.2913718079045527 -0.2686727970595739 0.12138789117610344 -0.955552148234728,-74.66158765530128 14.796702093955481 770.914929509922,0.69
10,13,19,0.0,-0.027800394204338663 0.9870476764720266 0.15800007105459485 0.3863063318454177 -0.13517250389517244 0.912412084623416 0.9219514933326056 0.0864018435097495 -0.37754491836057763,-50.75875150945558 33.97316015953904 731.2230039010973,0.69
10,20,19,0.0,-0.8488662520148256 0.5264483670687384 0.0477305248343393 0.5064669290179346 0.8358481148952205 -0.21177624663131722 -0.1513847284287454 -0.15559577641043149 -0.9761519443005735,-19.499118931498245 -43.69641890182064 783.3497478411178,0.69
10,29,19,0.0,-0.9746658136546916 -0.2233716842906625 0.01147355001691625 -0.21985136291709423 0.94734695035608 -0.23280707436530004 0.041133075697475034 -0.22943157216953994 -0.9724552554104888,30.956701265096804 -33.31396556922662 781.5963615723233,0.69
10,35,19,0.0,-0.7279710997693024 -0.685063097484537 -0.027324537792325007 -0.6598017137737219 0.7108453761355575 -0.2436402054833262 0.186332435184892 -0.15933425147026492 -0.969480695994757,53.947032656812944 -7.763546768324636 778.2088002063621,0.69
10,45,19,0.0,-0.07093705889757199 -0.9960779763683695 0.05288287689655721 0.9667567394780266 -0.055598424875871306 0.24958009100314255 -0.24566102732989056 0.06882935525788479 0.9669090854397877,54.00153698552134 46.183210775967474 755.5978857908685,0.69
10,54,19,0.0,0.7463825724075903 -0.6653633757692776 0.014305026778662425 -0.6447704743310745 -0.7282730670161982 -0.23214085226366546 0.16487598684195498 0.1640424275720482 -0.9725769845719981,15.183725995393933 78.28749815761303 745.2161473781948,0.69
10,60,19,0.0,0.9810670582889971 -0.19194512239899 -0.025777841791136617 -0.1913886144668179 -0.9405294397677816 -0.280668436384597 0.0296281182771344 0.28028814266275975 -0.9594585617367831,-17.715563771724476 81.89384968279968 742.0451862128803,0.69
10,65,19,0.0,0.9732214884555397 0.22983027418262114 -0.004240221400314825 0.21920568792627526 -0.9334687481802192 -0.28387490651979613 -0.06920116176156955 0.27534367840935764 -0.9588519478891688,-44.34249207661835 71.07939677050491 741.7079132172652,0.69
10,71,19,0.0,0.7223455648670237 0.6904420747168467 -0.03881528536074545 0.6553717461126525 -0.7014073728314135 -0.28020630209720016 -0.2206915478993085 0.1769673382249694 -0.9591547330266251,-66.08774216419071 46.424615519443975 753.0188767903883,0.69
10,80,19,0.0,0.08475677835936735 0.9941996534548865 0.06620677905112657 0.8950790712884977 -0.046776123057891916 -0.4434472352523956 -0.43777819116929706 0.09684546133844663 -0.8938518959842743,-72.98337113207934 -7.960157284941224 786.9631944318029,0.69
10,103,19,0.0,0.9353751246169307 -0.35365027085024026 0.002205034107007009 0.323155220733088 0.8572181393614478 0.40093361652853055 -0.14368047731271824 -0.3743107632399172 0.9161044552680334,38.88676745415616 -34.515165284722535 797.4054489291104,0.69
10,129,19,0.0,0.870927383520648 -0.49141162814869804 0.0003230388881029639 -0.4316277137125892 -0.765286440803149 -0.4775292454688941 0.2349106412854059 0.4157538637741012 -0.8786157950821197,2.3593076053006112 70.5460537663996 746.8253355516485,0.69
10,136,19,0.0,-0.9931998513543276 0.11499183091433104 0.01819159401238181 -0.09369606285054721 -0.8822520334117392 0.46135929311888546 0.06910212063350683 0.456517500610679 0.8870268702582418,-37.26002595480202 62.772576331067214 743.5125722602568,0.69
10,145,19,0.0,0.5887680007186682 0.8080218266693521 0.021283067346261425 0.6271777959512684 -0.44006835832678315 -0.6426413091805404 -0.5099022000300166 0.391714906054765 -0.7658715158426089,-71.64553210465989 14.680487543115525 762.9922512426141,0.69
10,160,19,0.0,-0.6181501098413851 0.7836360270345805 0.06168483473708583 0.5993647385440585 0.5206532888880476 -0.6080148542264989 -0.5085787568244428 -0.3388727340809772 -0.7915256901727117,-40.69444469836631 -45.30905733893769 807.1988498352187,0.69
10,168,19,0.0,0.9790652147051369 0.19683357070941093 -0.05184448665159658 -0.1418315708489017 0.8424043250066904 0.5198449371885383 0.14599695498508605 -0.5016089100602237 0.8526859858607254,4.492370204093869 -52.159612858918884 813.856198587458,0.69
10,176,19,0.0,-0.8782649653772474 -0.47705276411137226 -0.03273088517901518 -0.37572606215538334 0.7308183004369979 -0.5698548393789307 0.29577115614628735 -0.48818569417802204 -0.8210932658302657,45.86497318599126 -33.72174817426181 804.2903897937903,0.69
10,185,19,0.0,0.2807977641196706 -0.9593831191380704 0.02714123022820969 0.7747285686434653 0.24326294746607674 0.5836255506039503 -0.5665229568102612 -0.14285366324677723 0.8115692024121757,61.113492332117026 5.703406950887701 774.7722682795658,0.69
10,196,19,0.0,0.6079741144923163 -0.793956843386644 -8.334746249338831e-05 -0.604948536989165 -0.4631726150415234 -0.6476946782784813 0.5142030179821508 0.39383201941324264 -0.7618999913262469,27.003959893416425 48.282091197615266 744.7475584608557,0.69
10,208,19,0.0,-0.9867857671173171 0.16195709745355838 0.00487323292143621 -0.12403191566790092 -0.7743809744788164 0.6204435431697146 0.10425897424413252 0.6116404212849715 0.7842359729953127,-39.901204413582185 46.74702666848556 740.0477448030396,0.69
10,212,19,0.0,0.874794591306774 0.48382292672989397 0.025491147305175876 0.389449160648404 -0.6709110807282197 -0.6310369822968745 -0.28820786646215635 0.5619552449498199 -0.7753338173862403,-58.08286563355326 34.8572979658176 746.9153347175992,0.69
10,217,19,0.0,-0.6188038048171592 0.7840991303421317 -0.047648766411311494 -0.5445077971648927 -0.3844188931222311 0.745475266817964 0.5662094223610581 0.48724805634029095 0.6648279639291398,-71.18923523798817 5.640904384847982 769.4212530199185,0.69
10,230,19,0.0,-0.13406253153848047 0.9792188243521434 0.15217664627629357 0.8058184348338369 0.0183411118640755 0.5918785801982825 0.5767875585685247 0.20197548774540852 -0.7915314362870025,-50.161118318138264 -9.147078479518887 701.643787880706,0.69
10,244,19,0.0,0.9944105429367842 -0.09753281413866041 -0.04043540852227686 0.09775377723309972 0.7057623760461204 0.7016720513134296 -0.03989825977196767 -0.7017027994271707 0.7113517485346054,25.022319249709525 -49.61849964889141 839.9228380174527,0.69
10,252,19,0.0,-0.7040663895664454 -0.7095544663612177 -0.02868759923238423 -0.48105951549211223 0.5062759355071569 -0.7157278949998014 0.5223717657352516 -0.49011951235713935 -0.6977897978398906,56.66247662772472 -24.772799107106515 799.0228826869361,0.69
10,269,19,0.0,0.6487791813165513 -0.7607601291734675 -0.018154882268813455 -0.5035674451061364 -0.4113131551322626 -0.7597639874621734 0.5705308073360313 0.5020612654598166 -0.6499454466379343,25.81479575752685 33.871729307791796 747.1816811314936,0.69
10,280,19,0.0,-0.9941153893126092 0.1075178373454511 -0.01321012431419322 -0.07827090405219354 -0.6286296102481616 0.7737560847567513 0.0748883055669684 0.7702367998036719 0.6333458880560503,-37.522951027835106 33.18051937280332 741.5620898909847,0.69
10,287,19,0.0,0.7520365707585374 0.6573582174458 0.04817852424285343 0.4615647001291732 -0.4730411427733632 -0.7504599288691814 -0.47053057694097356 0.5866108174932939 -0.6591575873517984,-66.36092742948003 12.924304744423518 758.4356482318569,0.69
10,301,19,0.0,-0.02231554017669779 0.9910458905640219 0.13164368371777857 0.8771179224806257 -0.04378059853938576 0.47827545332664106 0.4797563618441063 0.1261400094644735 -0.8682871249088111,-35.64003156019384 -17.86508109900635 611.1647755136265,0.69
10,310,19,0.0,-0.9273731041329433 0.37268268941857385 0.03296572065901257 0.19900733741490548 0.5659723546756718 -0.8000446071300688 -0.31682046238502215 -0.7353794304647193 -0.5990341291308251,-8.853940422629845 -52.508895652306144 846.6629427377644,0.69
10,315,19,0.0,-0.9993976480432167 -0.014933650449043474 0.03132614195767559 -0.03408130331001205 0.5925287174818532 -0.8048280460595298 -0.006542618006396319 -0.8054108920567038 -0.5926807649199076,20.431792491227803 -50.37184995268732 847.4733090530655,0.69
10,325,19,0.0,-0.6465991873129335 -0.7620538344765337 -0.03440122564481701 -0.41894246191637446 0.3924350028120529 -0.818829641727356 0.6374925133440399 -0.5150424467240684 -0.5730048634198353,61.72120022333693 -27.162848751724233 822.1694089536295,0.69
10,342,19,0.0,0.7136893667675229 -0.7004622771552862 0.0002933349660056983 -0.3786961499625865 -0.38619943797777434 -0.8410940613921639 0.589267947343554 0.6001688032446221 -0.5408887998890644,21.190980727240817 17.362474954149786 736.8416001237327,0.69
10,346,19,0.0,-0.906266925717579 -0.42249141486965347 -0.013463421253403746 0.20413167542202704 -0.46531974397116893 0.8612826452216498 -0.3701493191129823 0.7778036643215589 0.5079477742132072,-2.0805222623995254 20.556629170038704 727.841515538429,0.69
10,355,19,0.0,0.926357125216816 0.37424572242710374 0.04245722323763976 0.21343614949122278 -0.4287195158506434 -0.8778636493323723 -0.31033447544608384 0.8222771527738107 -0.4770249441861494,-50.12060857583473 11.043314199839992 732.3593267216115,0.69
10,366,19,0.0,0.3208368035845428 0.941873064726647 0.0996939085806462 0.3995861801839321 -0.03917350036535683 -0.9158582431114212 -0.8587168509303093 0.3336773393737703 -0.3889277607946937,-75.58616535197656 -26.559273622698015 805.0779700135141,0.69
10,374,19,0.0,0.035679601270957706 0.9691285805563883 0.24396057140838462 0.8218446234829706 -0.16734523424268255 0.5445796428699812 0.5685933352628045 0.18106729943593275 -0.8024439246263244,-41.23097750553714 -32.434308626241695 644.8865688188747,0.69
10,382,19,0.0,0.9338066132966403 0.35211577036676645 0.06340105064174671 -0.17854735811768352 0.3050720898296668 0.9354420671084636 0.31004201307670287 -0.8848420787157323 0.3477476755657287,-9.210274849920099 -51.65266247459719 904.7670117845139,0.69
10,395,19,0.0,0.7528875731218522 -0.6581475902539028 0.0014323692501704288 0.2584560697488951 0.2976608022013256 0.919020406107948 -0.6052774258541633 -0.6915488386772436 0.39420735847458965,52.80062602092409 -34.40883392970328 823.3662211949485,0.69
10,415,19,0.0,-0.7158056062557794 -0.6982993720169707 0.0005666511275025932 0.2500601070395071 -0.2555712392348497 0.9338914736431386 -0.6519910098461377 0.6686264493098274 0.35755614155422644,17.509434898282368 2.154280853172301 732.212473963231,0.69
10,417,19,0.0,-0.8280495215518708 -0.5606407555332245 -0.003991627844988521 0.1922422067843575 -0.2906095239850458 0.9373308052656038 -0.5266658559166315 0.7753889654904305 0.3484178933511902,6.339424952264042 3.0649971633331123 732.0380039368401,0.69
10,431,19,0.0,0.7772747337440427 0.6284221704587829 0.03048875135192952 0.24132268715893995 -0.25303023358927546 -0.9368772926867983 -0.5810398858473622 0.7355686756283393 -0.34832653428766397,-62.35484592060898 -10.342528249481708 746.161365874457,0.69
10,441,19,0.0,0.1097856432706244 0.9929178956890474 -0.045400054538398904 -0.2600944057320769 -0.01538629943372738 -0.965460595724452 -0.9593216419108522 0.11780201275941787 0.2565631952391009,-75.79274078729713 -21.266089832015243 847.0923561369066,0.69
10,450,19,0.0,-0.14784648285231106 0.9390411618340944 -0.3103918714938831 0.9660572372869789 0.2043405426316537 0.15804542676854202 0.21183680462481164 -0.2764898533730943 -0.9373785410324231,-48.800003818555375 -46.640410055693614 754.3876757577159,0.69
10,457,19,0.0,-0.10667221212926836 0.6643877775808719 -0.739736385586513 0.9645721562501054 0.24969425525100353 0.08516650915511853 0.24129151362298376 -0.704444220570938 -0.6674853897709918,-48.68550735477706 -61.772137099177115 838.3581746136102,0.69
10,465,19,0.0,-0.23224294045218266 0.5232895274960235 -0.8198971197797392 -0.32072153755825655 0.7546019148109943 0.5724627896290274 0.91825971922784 0.3959091064582485 -0.007420745719894678,-39.8572724428492 -114.62314341518118 1421.346490876921,0.69
10,475,19,0.0,0.20213068459413175 -0.9781268043745905 0.0491033696344621 0.2646424655722366 0.1028241767653989 0.9588490778471684 -0.9429249979512446 -0.18081798371973135 0.27963781039440233,63.89846995483571 -24.245755128123417 791.101938765168,0.69
10,482,19,0.0,0.38605497841722025 -0.922305997200844 -0.017697490405045424 -0.22211626068958462 -0.07431793368038792 -0.9721837333913554 0.895335646769722 0.3792472706043306 -0.23354996759282443,45.01569461073274 -17.252552349592087 752.3093601637989,0.69
10,496,19,0.0,-0.9982911941813422 -0.03262704463904036 -0.048478526979599666 -0.04999595542317165 0.047421704562900846 0.9976229680483871 -0.03025055472737547 0.9983419543896125 -0.04897189034757621,-34.65242119446778 -8.255163413679252 728.8528998578599,0.69
13,2,19,0.0,-0.02878430179778313 0.7564037805234117 0.6534713343214867 0.30493421325028736 -0.6159355405124651 0.7263873178429299 0.95193833285536 0.22017431899181117 -0.21292411722735838,-81.09529532197557 92.41186975234038 738.2705634389645,0.69
13,7,19,0.0,-0.07345268212894485 0.9504989090653335 0.3019213926731179 0.34414021829847713 -0.2599866881009808 0.9022053159673578 0.9360407115278377 0.17017269427230158 -0.3080081824993697,-108.50562676378208 62.52055970042664 744.1099168897191,0.69
13,20,19,0.0,-0.07324545605822114 0.6806271842198361 -0.7289593536458668 0.2816360032390916 0.7152889848909844 0.6395645626308063 0.9567216234863375 -0.15845600081600356 -0.24408078777131392,-100.51339368651618 -38.13483335792566 788.0690499136012,0.69
13,25,19,0.0,0.04182877784488385 0.2804407470937582 0.9589595094233636 -0.23959181152701592 0.9346098562490649 -0.2628691317962328 -0.9699722249596667 -0.21876335152762003 0.10628489467086422,-66.4284529883109 -64.05670346226118 786.5994786178065,0.69
13,32,19,0.0,0.005989634394010064 -0.34595453469500936 -0.9382321590117157 0.20645636635856213 0.9184622621415923 -0.3373467678988015 0.978437475299186 -0.1916834185465927 0.07692576931332233,-9.30730609782093 -72.57620549922702 781.3456301105014,0.69
13,40,19,0.0,-0.0254845246087137 -0.8533755165896726 0.5206733781275719 -0.2705272603414311 0.5072958755661416 0.8182089562243506 -0.9623749479374593 -0.12000467623760053 -0.24378953477022183,51.044193745502106 -44.01317335271222 795.3721157276132,0.69
13,55,19,0.0,0.003226918090015185 -0.7352637832032489 0.6777733810863968 0.34015776230326983 -0.636552464028179 -0.692165917453674 0.9403628468545919 0.2327834393793933 0.24805158053563736,58.39441341377789 69.9072808433041 740.855508901561,0.69
13,60,19,0.0,0.012138191035893198 -0.375180149699722 0.926872439761627 0.32191880503809955 -0.8761234394719085 -0.35885373311525576 0.9466894671861616 0.30273350339730715 0.1101429917860165,29.98910213615978 97.40488595627575 731.2958044842939,0.69
13,69,19,0.0,0.006613517033364991 0.3899098635587823 -0.9208292782552155 -0.2916766650832927 -0.8800541347819084 -0.37473916648671146 -0.9564941110317083 0.2710627568531656 0.10790735567524379,-42.609625320742246 107.33524444124927 723.2928827133552,0.69
13,78,19,0.0,0.04001467298295114 0.9511753882630611 -0.306046085922826 -0.47961320577052463 -0.25041636594109506 -0.8409891892999432 -0.8765671673047009 0.18043565177500265 0.44617594822215817,-106.92731486536188 52.621094940018324 747.2232184506892,0.69
13,84,19,0.0,-0.08061491419745104 0.9814307203575414 -0.17405452234117574 0.43657682412539717 0.19174838872309252 0.8789955813647072 0.8960479408187485 -0.005128017216719072 -0.44392768689720796,-120.13161327619447 7.5974004125834895 765.2708492347108,0.69
13,91,19,0.0,-0.07754228896586424 0.7017684679741099 -0.7081724442388343 0.41311181103601274 0.6690798229904671 0.6177951295126813 0.907373035198027 -0.24464915251092886 -0.3417908237083088,-103.0011304100727 -42.433162843082634 793.5357297148946,0.69
13,105,19,0.0,-0.09957056089076449 -0.9097837750752646 -0.40296300824480025 -0.32602587894911367 0.4124496332362092 -0.8506423609830247 0.9401025633723995 0.04667743194646595 -0.3376808962430753,5.329446564425804 -17.193750414949236 703.5274659215962,0.69
13,112,19,0.0,0.04214311025513712 -0.8767157249781719 -0.4791591550143041 0.4121089898832088 0.4521406392982348 -0.7910341476525682 0.9101594029154809 -0.1641291560661361 0.38035704464825326,56.00158516511997 -48.52396324064237 816.3141498149861,0.69
13,124,19,0.0,-0.023155793493853216 -0.8681910337591037 -0.4956895582196267 -0.44978062029962484 -0.4337612381287851 0.7807359232799961 -0.8928388448261838 0.24103011678477493 -0.3804514160469943,69.49925557036468 37.99883191344819 746.8175708763476,0.69
13,137,19,0.0,-0.0216298471192351 0.08442695896861091 0.996194879686154 0.4699418404265319 -0.8786274538933423 0.08466678145191672 0.8824323296038752 0.4699849847220814 -0.020671182976848668,-12.733033045455386 95.84069094502973 727.3152210492871,0.69
13,144,19,0.0,0.05359211008892928 0.6273512411193748 -0.7768901505375112 -0.6218017397600125 -0.5877970747123464 -0.51754922025932 -0.7813389035288325 0.5108082019952193 0.35858680763069595,-67.371040359647 66.32024533352104 720.3704182510218,0.69
13,153,19,0.0,-0.09310462861763813 0.987123040008639 0.13007548583063033 0.5599556449460312 -0.05611112308855659 0.8266203587855885 0.8232746830937083 0.14979868407247 -0.5475209132326457,-115.28305761723436 18.081648109164487 748.946990419868,0.69
13,163,19,0.0,0.08670595229219237 0.7211998067129756 0.6872793585102572 -0.567241371585781 0.60286752729768 -0.5610596856765444 -0.8189745442921812 -0.34120607164461103 0.46136657060765307,-104.53558392341122 -45.5642816782806 800.8087600457995,0.69
13,172,19,0.0,-0.35307054577149255 -0.7282764746084132 0.5873283291656903 -0.08693193142780636 0.6505787053863038 0.7544469414054988 -0.9315492627912125 0.215315407321033 -0.29301065912919644,-29.567302157117687 -78.70380578356625 747.9345545201193,0.69
13,186,19,0.0,-0.03509332124228903 -0.9320013984091398 0.3607517874766435 -0.5971317670985874 0.3090084733948528 0.7402347033825831 -0.8013751378261642 -0.1894390580994067 -0.5673717755938392,66.28211338301308 -44.90894388760922 839.4431023247508,0.69
13,194,19,0.0,-0.014531034057062797 -0.9637139013908335 0.2665414889192509 0.5943313453109015 -0.22269297122154674 -0.7727729890138844 0.8040889882532692 0.14718477106881028 0.5760013386575202,74.24878642926943 9.187583199498397 763.3596845213967,0.69
13,213,19,0.0,0.05176872692177503 0.3824511658973939 -0.9225243111249821 -0.633863742379492 -0.7012509725138312 -0.3262879551026533 -0.771710279191332 0.6016462243313176 0.20611905719342427,-44.22492901471368 74.46981425029102 722.8242295353034,0.69
13,221,19,0.0,0.06459501441284593 0.8689740253704408 -0.4906237125786896 -0.7375471682598254 -0.2896056652150835 -0.6100432224582467 -0.6721991213211431 0.40126388064068447 0.6222022495846999,-96.80979682927605 30.192168008726792 731.8338795357934,0.69
13,231,19,0.0,0.12715795259406137 0.9419203744176654 0.31083253264253274 -0.690141409366654 0.3090998372560089 -0.6543409857908314 -0.7124153915866043 -0.1313137421033821 0.6893627571644058,-118.88615086091231 -25.120914903897102 787.0988003188937,0.69
13,238,19,0.0,0.1016964633232239 0.4836929169447369 0.8693094911739087 -0.6675566938679673 0.6810669877214424 -0.3008584695635303 -0.7375811072821871 -0.5497171275606506 0.39215454842045416,-98.33884848405764 -63.39451104095484 862.734969813414,0.69
13,244,19,0.0,-0.04097602545073114 -0.005630594634222594 -0.9991442647297365 -0.1605406680486281 0.987028697741834 0.0010216342589777633 0.9861783100640374 0.16044515024806444 -0.041348452463360524,-47.65916935049827 -92.96718750279733 862.3769232480786,0.69
13,258,19,0.0,0.483549024918966 -0.8682765374096069 0.11079799223768211 0.1780283249612163 -0.02637803873638614 -0.9836717514414681 0.8570217360204007 0.4953786972169935 0.14182274264790298,6.774397390046266 -38.77057067916739 726.5639348429338,0.69
13,272,19,0.0,0.018800191684435585 -0.6954720632527858 0.7183071501993707 0.7740640745372269 -0.4446011737588054 -0.4507267518165733 0.6328280661470813 0.5644895087840035 0.5299813517184726,61.19702323149416 29.172463445670832 752.1189625689138,0.69
13,286,19,0.0,-0.05986531974932707 0.41853811142912334 0.9062240301231552 0.7547976868061814 -0.5751127913484082 0.31547698683022785 0.6532201738184058 0.7029019323552788 -0.2814822872009298,-46.78254900923401 52.17668749943727 710.8665846797254,0.69
13,294,19,0.0,-0.07472147267804874 0.9332767408815137 0.35129934023622056 0.8183238290991734 -0.14393550182431925 0.5564428830015246 0.5698796471618289 0.3290548529412104 -0.7529675235403901,-104.2416253419993 4.219517160835901 730.3762779846516,0.69
13,304,19,0.0,-0.0723605329473136 0.8748405708286894 -0.47897591683059926 0.8240993387869181 0.3229505093239463 0.46536356576161747 0.5618044438081143 -0.361049780722182 -0.7443244069341804,-113.44544651564817 -39.19019147039366 805.8402660493027,0.69
13,314,19,0.0,-0.22351552808684227 0.025282119208651366 0.9743724252832588 -0.6225876927768748 -0.7728605384129792 -0.12276462424806239 0.7499502473543349 -0.6340720799817001 0.1884866676474828,77.0590612839365 -38.557112204472716 759.1771263276088,0.69
13,329,19,0.0,0.4449423695557859 -0.880540231066091 0.16332540907084053 0.3702759334922116 0.014825261722626423 -0.9288035016575502 0.8154275080291036 0.47373949918592445 0.3326392431155947,6.690340273583456 -54.25419359601004 727.0452633107794,0.69
13,335,19,0.0,0.0370732093932986 -0.9937307750876668 0.10547380617454652 0.825690938369411 -0.028992288590779715 -0.5633772461654007 0.5629032345260794 0.10797496860816436 0.8194396589829811,77.70663157827387 -24.994391277058973 792.5765354395801,0.69
13,362,19,0.0,0.06530206639038488 0.7113034759478453 -0.6998449865717826 -0.9213372408018833 -0.22637861212212304 -0.3160544457609064 -0.3832405626192485 0.6654322573171323 0.6405673907444145,-75.51423493709586 1.8269181300138408 707.9627465586292,0.69
13,369,19,0.0,-0.06450548169566472 0.9833957454278315 0.16962267155557403 0.8933040045892953 -0.018860415652013796 0.4490570566266182 0.4447999530305043 0.18049125351626638 -0.8772547572901432,-109.16767816489988 -17.17422319877472 736.5102973499384,0.69
13,378,19,0.0,-0.08658999198856043 0.784227719853812 -0.6144013807766969 0.8672960723658131 0.362796879206675 0.34084592897192034 0.49020372922516114 -0.5033540581447498 -0.7115722001335892,-121.40265478581235 -53.076527903491716 898.1531841718734,0.69
13,392,19,0.0,-0.26800256034304104 0.055875371953168024 -0.961796532775342 0.3188710218074253 -0.936905291214958 -0.14328205311518638 -0.9091181986414435 -0.3450890002629898 0.2332759798959746,82.34569315859375 -21.28922890609486 744.219292774011,0.69
13,399,19,0.0,0.08402973313061765 -0.9809201880331273 0.17531283084546723 0.6286421753808091 0.18869074701193742 0.7544566371399757 -0.7731416553791944 0.04681224947736684 0.6325034339957274,5.900378034547636 -69.71494992058328 739.407785760229,0.69
13,406,19,0.0,0.041422690388449965 -0.9984244272977942 0.037852657714537635 0.9050987236023309 0.021450910108342023 -0.42466005108669574 0.4231789943444899 0.0518509539988915 0.9045612291685902,77.09403733095192 -36.60990137864583 816.3829083525836,0.69
13,418,19,0.0,0.0005006323787964395 -0.5695617187128306 0.82194841562236 0.9503019470717018 -0.25562575280892824 -0.17771236280180758 0.3113293413074872 0.78118814832136 0.5411276357415975,49.261313408077825 1.9636885178561918 726.3302304193728,0.69
13,431,19,0.0,-0.052223833229215644 0.5049846306472501 0.8615469772757072 0.9292534249582303 -0.2913845108461619 0.22711921768609106 0.3657331588005744 0.8124565155434498 -0.45404148148021706,-52.514491674847214 7.327826222396289 699.9505004088884,0.69
13,441,19,0.0,0.054278383853931744 0.9868778526017737 -0.15207222327011974 -0.9932085699817937 0.03766346098960218 -0.11008269719172609 -0.10291060956444573 0.1570145463019163 0.9822198525221721,-112.75650748614842 -25.709169844764624 755.4871294079328,0.69
13,450,19,0.0,-0.06261620584332339 0.8759114909647407 -0.4783913364199979 0.9540307562575259 0.19329687427629116 0.22904504908360032 0.2930947404517518 -0.44205811653100624 -0.8477500190083038,-116.12412878159218 -51.594019788754245 898.2138215352318,0.69
13,462,19,0.0,0.1564797927915823 0.02788932530216369 0.9872873239245469 -0.18662795254351133 -0.9807591441282051 0.057284452850031115 0.9698886955611555 -0.19321927114835272 -0.14826405997266867,84.37218669432906 -32.6134505085364 769.4346958408053,0.69
13,469,19,0.0,-0.1379277372819997 -0.986112523903466 0.09250961835941124 -0.6014247195678988 0.1575982113786586 0.7832311986016147 -0.7869334444417406 0.052391735712646936 -0.6148096128461836,7.375627191695279 -77.48328256022845 727.1943223028072,0.69
13,478,19,0.0,0.03454175600841705 -0.993734014040052 0.1062994658109844 0.9479047250727722 -0.0011266710851749774 -0.31855197817150316 0.31667570048326565 0.11176511062094235 0.9419262501763721,78.0677610199976 -37.55960609212498 810.4287210277585,0.69
13,486,19,0.0,-0.007291256245115979 -0.809714086231191 0.5867792908250558 0.9856656855681126 -0.10472797412952176 -0.13226945122842496 0.16855264422699076 0.5774038015059423 0.798870988414635,67.38245794247466 -20.159462160717645 760.4879211363499,0.69
13,500,19,0.0,-0.06967206990662245 0.23450753319635065 0.9696143664102184 0.9893214553947804 -0.1084915340250483 0.097327513789501 0.12801898519547955 0.966041305493225 -0.22444450429998342,-33.04959765365997 -10.958582822258428 696.4537102043108,0.69
14,2,19,0.0,0.042323795053345936 0.39272999696556654 0.9186794031955371 0.3527878274805286 -0.8661470928059629 0.3540197203622242 0.9347456580021386 0.3091154527150086 -0.17520899445788785,-47.53280179041995 48.789309203882944 725.6778957836194,0.69
14,7,19,0.0,0.007387591767385349 0.7393949957886938 -0.6732313597052026 -0.3194806365238217 -0.6362194125873849 -0.7022513666297109 -0.94756400647883 0.22027232974116484 0.23152225460241915,-58.83206715816309 27.499678942327566 720.8717292137476,0.69
14,12,19,0.0,-0.01098791512152919 0.9535597741571936 0.3010033601649056 0.3525765955741632 -0.27799379128373336 0.8935374621475192 0.9357184458877654 0.11594485377530966 -0.3331482866658735,-61.760441936241754 6.071206717635969 739.2322056034225,0.69
14,20,19,0.0,0.039375516696964735 0.9372187627023831 0.34651199044688324 -0.36594443368454965 0.3362139011333098 -0.8677815878088305 -0.9298033341197165 -0.0926347857089056 0.3562085854334842,-45.8171276716649 -28.083104076833227 771.2919397590674,0.69
14,28,19,0.0,-0.060748264449783596 0.48040149195793164 -0.8749423151790823 0.35638725745683436 0.8292232106476507 0.43055428188045974 0.9323613951085359 -0.2856628667639455 -0.22158284108538082,-8.767457355346982 -39.74548837786794 763.5349909309011,0.69
14,34,19,0.0,0.06628015971684961 -0.0233121932464789 0.9975286873438518 -0.23750668499809272 0.9706240587470867 0.038464414236400526 -0.9691220330841344 -0.2394691592405408 0.05879631590076758,19.052462714237947 -34.51392768938573 749.8757868872447,0.69
14,40,19,0.0,0.011473645747274719 -0.9097913054211733 -0.4149073824762621 0.3415893477550251 0.39353888599656395 -0.8534892282324831 0.9397792682079991 -0.13193530910495654 0.31529034437771297,63.11144081043134 25.971370049717247 725.7733396273267,0.69
14,54,19,0.0,0.007668834469158503 -0.9720267685121337 0.23474486208167267 0.33972897533676816 -0.21825608101949268 -0.9148488981327147 0.940492111766236 0.08676545622464943 0.3285518883093113,35.700481809972935 46.50727471389587 724.3007875682107,0.69
14,65,19,0.0,-0.024394487583269453 -0.36651811656895605 0.9300910596292683 0.35992142542997907 -0.8711986264848683 -0.33387051491159103 0.9326636459581782 0.3266150998310152 0.15317016703775665,-11.1083839904991 65.90248838026253 712.8027601122028,0.69
