scene_id,im_id,obj_id,score,R,t,time
51,1,12,0.0,0.8336250970791237 -0.5522426357139643 -0.009862495602759452 -0.2336184219979904 -0.3363606003634093 -0.9122959933192382 0.5004913889598798 0.7628168966553247 -0.40941269124704704,-53.38658346646933 -75.4140678871131 1044.5546778746461,0.69
51,35,12,0.0,0.8269419398404079 -0.5620594890698707 -0.016004964214255624 -0.2323429847755068 -0.3156422236265589 -0.9199927848030602 0.5120388320807243 0.7644992592609867 -0.39160837201317644,-47.501923258950484 -56.71010297115127 1053.3675744244829,0.69
51,56,12,0.0,0.8227935978025626 -0.5679501553348396 -0.02105508181524801 -0.23642129597616063 -0.30834608782039585 -0.9214269699410851 0.5168323386012799 0.7631220814397839 -0.3879806987402129,-57.28988360790103 -55.439678321391355 1054.2727028752047,0.69
51,83,12,0.0,0.8326718481748583 -0.5532701037497567 -0.02344750634500037 -0.24006583716026575 -0.32249527063791594 -0.9156228449775147 0.49902503653184194 0.7680423117985823 -0.40135398366215713,-65.37846599963693 -69.54100462236795 1052.6812107007286,0.69
51,100,12,0.0,0.8312117077545371 -0.555108884477268 -0.030679362219395934 -0.25655286187316684 -0.3340323746521072 -0.9069746422855283 0.493221781713332 0.7617588194820439 -0.4200663935437457,-62.879626406126086 -78.73801141552714 1048.3503734812025,0.69
51,116,12,0.0,0.8467914735841481 -0.5309417377923631 -0.03232756308805662 -0.25490309229645086 -0.3516977719642645 -0.9007403014926552 0.46687108906302377 0.7709796030151497 -0.43315336537040605,-52.02632102232812 -89.75414266043288 1050.2050788804734,0.69
51,138,12,0.0,0.8458807319682202 -0.5318583826929076 -0.040155299079854545 -0.26561693117768825 -0.35476311984056896 -0.8964322476756028 0.46252938626281387 0.7689406931358691 -0.44135787891808853,-38.09308017758546 -114.10825082315603 1056.46094709742,0.69
51,169,12,0.0,0.8621103049177442 -0.5055790421322812 -0.03399491596164475 -0.2622900359569257 -0.38784119026798985 -0.8836193457418322 0.433554793760084 0.7706938713186409 -0.46697023194154164,-33.38599113045436 -109.70212718739602 1046.7261295440758,0.69
51,240,12,0.0,0.8965818722954285 -0.44259310224380954 0.015883706035567935 -0.1821208798309534 -0.4011483561301846 -0.8977260058078133 0.4036990604408474 0.8019921085772922 -0.44026778939518807,2.5368746004782405 -81.84510753912869 1070.1593618926818,0.69
51,407,12,0.0,0.946305730544869 -0.32114129445034423 0.03706390881569924 -0.11135513992589614 -0.4314518056374182 -0.8952370480628555 0.30348887483732456 0.84304069202558 -0.4440460499081215,3.6979786189549624 -92.18268630702354 1088.5405871398568,0.69
51,515,12,0.0,0.9681805429337114 -0.24993968181063492 0.012513662173097295 -0.09433123156988586 -0.41080874717379995 -0.9068284247838737 0.2317931298272069 0.8767932074907353 -0.42131415388403,15.801839499104371 -76.3052505304121 1099.0263756614065,0.69
51,520,12,0.0,0.9702473240158516 -0.24175159564716692 0.013277659512422782 -0.09633629181973842 -0.43578591118561655 -0.8948798570146409 0.22212485029483153 0.8669756661026714 -0.4461095664378069,21.82555932435096 -78.57224038723034 1098.4786622078032,0.69
51,532,12,0.0,0.9700195672226553 -0.2421836512690541 0.02022667207333527 -0.0877238697733313 -0.4265439596223371 -0.9002026289573307 0.22664192435903086 0.8714398026069771 -0.43500127419945345,25.735477188542564 -75.19752834621907 1098.40686325813,0.69
51,546,12,0.0,0.9796269671190192 -0.19954803563189483 0.022618283945608317 -0.06331858465879385 -0.4137843130005145 -0.9081703029451577 0.19058269105561315 0.8882359617748791 -0.41798937077377507,36.88801566273453 -75.3828397520106 1097.3812103809582,0.69
51,553,12,0.0,0.977986018618743 -0.2067718003849885 0.02808504854564088 -0.06475122503189516 -0.4286582959739238 -0.9011433538286796 0.19836992272804216 0.8794870595172407 -0.43261054760441076,32.531073625682595 -73.98757629397656 1096.1180537877412,0.69
51,571,12,0.0,0.980242286368981 -0.19504695016966744 0.032889926172380304 -0.051059056643691855 -0.4101542974702569 -0.9105857592787934 0.19109691977834087 0.8909153380070363 -0.41200949959320005,36.53990394431332 -66.82923107609844 1088.103689317167,0.69
51,582,12,0.0,0.9805695834344452 -0.19442113344313858 0.026147942823170248 -0.05960556759121685 -0.4222710902569033 -0.9045077681509293 0.18689694581594252 0.8853742424556588 -0.4256547690802267,38.2375047768877 -47.57967812839252 1087.918695310482,0.69
51,601,12,0.0,0.9871489919115141 -0.15487000100020293 0.03939734202046734 -0.03447553509004553 -0.4471241659344919 -0.8938072598259873 0.15603943491417666 0.8809626910531353 -0.44671739581538833,45.29989813269957 -55.791679830783224 1083.7656141158122,0.69
51,611,12,0.0,0.9878544824026749 -0.14930863360375732 0.043016898171791385 -0.02722538744941036 -0.4388861611271066 -0.8981301218917785 0.15297810260025063 0.8860507149720553 -0.4376206469333192,43.83072390130192 -58.823186748498074 1077.1260055903615,0.69
51,618,12,0.0,0.9850224342876152 -0.1634785506935045 0.05482305548993819 -0.026664362389336088 -0.4585473845711923 -0.8882698395652581 0.17035203470599267 0.8735038978539652 -0.45603851230511,42.19899995767552 -65.28156767665102 1071.9434539723532,0.69
51,636,12,0.0,0.9902935178691004 -0.1280758057770725 0.05399385558556459 -0.009381393099168432 -0.4491730584735892 -0.8933955187961267 0.13867493619958898 0.8842172535729187 -0.44601469768832136,49.008916814331066 -53.27761324765511 1060.8497027218082,0.69
51,637,12,0.0,0.9903793697758085 -0.1257902343387415 0.05766732929030254 -0.002867880047713295 -0.4353038712203339 -0.900279020617843 0.13834912065677762 0.8914523860788053 -0.43147672494342143,49.948916374574935 -52.92848084384973 1063.1330085701077,0.69
51,649,12,0.0,0.9868571739312137 -0.1427190590957219 0.07579042440395287 0.002488653151107148 -0.4555364052880006 -0.8902136766320659 0.1615757558113003 0.8787023691945519 -0.44919419130915833,34.906964668637826 -59.89794353906701 1056.9562452359228,0.69
51,654,12,0.0,0.9897653557538537 -0.12320804436813451 0.07200221074680387 0.010754475941601116 -0.4387201683703287 -0.898559377621942 0.14229856568732124 0.8901372881011616 -0.43290498557448015,37.73209651718116 -59.726930321741996 1061.168880519318,0.69
51,669,12,0.0,0.9878033115828475 -0.1381638714690112 0.07180085129478013 0.0029264484679051433 -0.444573329997025 -0.8957376793206375 0.15567932915234856 0.8850227674337261 -0.43874667816249485,42.91626027847432 -48.291142016850955 1054.2776103555482,0.69
51,672,12,0.0,0.9897877700284681 -0.1237644904706049 0.07072850345245651 0.01104548298729982 -0.4280906575209634 -0.9036682943695914 0.1421202575555289 0.8952210564111084 -0.4223518587037701,47.0424838065218 -47.648514825987505 1054.8331383860295,0.69
51,675,12,0.0,0.9909217981694609 -0.11519328001802157 0.06931448731176015 0.011244927255754815 -0.4427562877557136 -0.8965714814022319 0.13396843480318515 0.8892116609061476 -0.43744151675957244,50.15328001326804 -50.767769777842496 1049.536228692606,0.69
51,681,12,0.0,0.9909555289385865 -0.11509630268460795 0.06899261391177221 0.01174823740398985 -0.43775235900068765 -0.8990188268925364 0.1336754225126865 0.8916982187363985 -0.4324409417693803,50.587270894541405 -51.52254627207176 1048.0620563408731,0.69
51,685,12,0.0,0.9913577578780598 -0.10750996233450774 0.07517581987460047 0.021544327596969483 -0.43184183511990204 -0.9016920047270408 0.12940493747682158 0.8955189765935215 -0.42579352357394046,48.00910824428517 -50.38688008157641 1043.4623636674653,0.69
51,694,12,0.0,0.9934141656686764 -0.09327627204681885 0.06654196061025217 0.01910413687296169 -0.43778297238075564 -0.8988776897041165 0.11297489722565651 0.8942290568788954 -0.43311784358339933,44.8906551063336 -51.06229750675254 1045.9987707905175,0.69
51,698,12,0.0,0.99215332543537 -0.10648136522026552 0.06552478682427194 0.01181576891215147 -0.4418832760110149 -0.8969947368779753 0.12446753163999232 0.890730536830641 -0.4371578025437106,43.976713805692725 -56.071186542503995 1039.6619617342133,0.69
51,780,12,0.0,0.9937668803649761 -0.08305164384158951 0.07436270533590227 0.031545383552070747 -0.43029399371636506 -0.9021374439342232 0.10692182315232567 0.8988601133807367 -0.42499202381568557,39.72828896662076 -54.66396122365834 1016.9699134608816,0.69
51,946,12,0.0,0.9967709360696053 0.04909515570086562 0.06354027615324237 0.0779690395434898 -0.4025854362444656 -0.9120558071721921 -0.01919713206675055 0.9140648949667419 -0.405113364269621,61.185402507364046 -62.84930674731107 955.0045932949249,0.69
51,1038,12,0.0,0.9943364077979595 0.09300738482206003 0.05142698217872915 0.08089827509864539 -0.3485533579204341 -0.9337912110147822 -0.06892443118019893 0.9326629525455329 -0.3541034308440615,76.70275049286026 -59.525771980025006 936.5989375107621,0.69
51,1045,12,0.0,0.9952433302419219 0.08591516743668473 0.04592709018972413 0.07502784215151628 -0.37525108900072646 -0.9238817257126888 -0.06214126254797034 0.9229329359211833 -0.37991217311485154,74.85150298090056 -61.94401373095686 936.4063844496429,0.69
51,1057,12,0.0,0.994164253914996 0.09850871576531764 0.04397123100286833 0.07738185609337478 -0.3672020665405106 -0.9269167657756131 -0.07516305332531394 0.9249100903583257 -0.3726819557855863,75.78433553960446 -67.7524650133159 930.9438979757825,0.69
51,1063,12,0.0,0.9945628557848001 0.09546062513293917 0.04161724333026677 0.07363268803933352 -0.36202681402474673 -0.9292549774842174 -0.07364070304718962 0.9272668736541383 -0.36708744445757846,76.54309083548634 -67.58622151266123 933.2368949008154,0.69
51,1076,12,0.0,0.9951705653495653 0.09337020020917719 0.030291113791413412 0.06313472117743094 -0.37254206567126935 -0.9258652257684331 -0.07516350739337703 0.9233062411888494 -0.37663779966705935,76.9423130205866 -57.05128654311067 921.8807893824855,0.69
51,1080,12,0.0,0.9950018402859161 0.09642996489787249 0.025934527129585033 0.059991137552632814 -0.36963398983445517 -0.9272387917759928 -0.07982732140552626 0.9241601459859956 -0.3735714434058923,76.33187923008884 -60.54622411607168 922.7952813748676,0.69
51,1091,12,0.0,0.9965929262598052 0.07979975710305731 0.02084557735375619 0.04937598973826706 -0.3748026316529176 -0.9257888522462419 -0.06606474828745604 0.923663892372296 -0.3774658434366938,62.735050166019434 -67.22201511365076 923.2452714652113,0.69
51,1092,12,0.0,0.9969492517173892 0.07589231004626577 0.018235865100927753 0.045535602255888 -0.37576462936593036 -0.925595728298634 -0.06339320489872188 0.9236023498201629 -0.3780740681127736,62.954214217071296 -68.5620471668765 921.7082948356143,0.69
51,1110,12,0.0,0.9973952006914966 0.06372381261788851 0.03379481236831145 0.05540187822971473 -0.37677042564338087 -0.924648407909258 -0.04618923604249161 0.9241121804553524 -0.3793194332061899,54.90097636074426 -71.01203148999281 924.02004011126,0.69
51,1111,12,0.0,0.995471816993565 0.09079778762135868 0.02813580165193132 0.06043169630328696 -0.37603022792504043 -0.9246346725969936 -0.07337487072177687 0.9221480518060583 -0.37981455856358864,55.902546917975215 -71.37703637737748 922.5161333316761,0.69
51,1149,12,0.0,0.9965363665189098 0.06814351516614757 0.0476626850491021 0.06919594472864292 -0.361612645000731 -0.9297570737610367 -0.04612148564822558 0.929834800551354 -0.3650754062453731,49.380608513562215 -76.86817613265022 921.720776165123,0.69
51,1150,12,0.0,0.9965802846274521 0.06890413671706588 0.045606537197451044 0.06867382571981762 -0.3837274265195145 -0.9208893352611456 -0.04595260550687749 0.9208721312321198 -0.3871470986164598,49.231940900852855 -76.35997465352492 917.5956471505516,0.69
51,1160,12,0.0,0.9962186615304243 0.06425800385365596 0.05847467280176668 0.07843091325919305 -0.37560431298162084 -0.9234554628756785 -0.03737606538761235 0.9245497871993419 -0.3792238398700598,49.04118250301661 -77.29841834427415 926.3789680546798,0.69
51,1182,12,0.0,0.9919756965814062 0.12064954591087772 0.037787623150076 0.07674157367952901 -0.33707505951513494 -0.9383448913496877 -0.10047361972688437 0.9337152088963565 -0.3436291029796664,70.50799122248374 -70.59234505662408 918.7635649641653,0.69
51,1220,12,0.0,0.9909467000914196 0.1282964199177345 0.039555861945073156 0.08172234190092183 -0.34266150049298416 -0.935897726738411 -0.10651805674229223 0.9306573616085507 -0.35004396705507845,72.6837640165752 -56.70985647390194 918.3530541157278,0.69
51,1528,12,0.0,0.9894669658134181 0.1443933183921661 -0.0102807182476084 0.05010662673567707 -0.4082573317363189 -0.9114906894975465 -0.1358103439402157 0.9013747947925101 -0.41119220541201956,58.15601258888374 -74.5621313065192 893.4700369194796,0.69
51,1536,12,0.0,0.9864105142995858 0.16383912003333184 -0.012289834251534126 0.05073430877768725 -0.3748879980762578 -0.9256808406849665 -0.1562700457287864 0.9124777978915867 -0.37810572749277915,58.86622582760378 -72.85019642665375 889.8619112876088,0.69
51,1545,12,0.0,0.9876002177856757 0.15571358350284464 -0.019977230598560713 0.03967922042662124 -0.37070700584778926 -0.9279018672692186 -0.15189262423179423 0.9156034052623819 -0.372288913313181,61.125171381815555 -62.198565827188695 888.8485038452033,0.69
51,1566,12,0.0,0.9850045232109943 0.17218361634430698 -0.010903738646822855 0.05568570682376314 -0.3771039912492396 -0.9244953660454072 -0.16329479878250752 0.9100249348487601 -0.3810373034810246,67.78033898533921 -65.15624361097782 881.4161523290998,0.69
51,1571,12,0.0,0.9872663938454889 0.15870562746646422 -0.01084395655656506 0.05281184051757789 -0.3913042306399281 -0.9187447461533808 -0.15005324749724916 0.9064731230950921 -0.39470305296736613,70.90705874804094 -64.38655987748159 884.3672743184092,0.69
51,1584,12,0.0,0.9814863069564312 0.19149434084636646 -0.0038140111224865964 0.07276060722175115 -0.391200115585072 -0.9174248544719881 -0.17717370937514648 0.90016242256053 -0.3978908012460318,73.66261482924342 -70.06835482880768 876.3119775859225,0.69
51,1588,12,0.0,0.9831297252344171 0.1828198009620368 -0.005732690180118988 0.07133391712796713 -0.4120875808460604 -0.9083475645256182 -0.1684262913789896 0.8926145562831939 -0.41817680266088025,72.63945476876745 -77.08315244454315 869.7735050784922,0.69
51,1603,12,0.0,0.9804904456530728 0.1963052208797453 0.010136381918267406 0.09271845838544415 -0.416401589966871 -0.9044407130087017 -0.17332562839252952 0.8877353074697526 -0.42647889797024957,83.6145607608037 -90.0759495462587 865.6078277820033,0.69
51,1611,12,0.0,0.9815410391499206 0.19014146440718813 0.020576976881555867 0.10047411280551358 -0.4211118981213334 -0.9014264927971625 -0.1627333436036973 0.8868545499537892 -0.4324429050242624,78.90481282644478 -93.27206937042094 859.4088161355237,0.69
51,1617,12,0.0,0.984565457953013 0.17372755103741308 0.021203702891641057 0.09445568710267913 -0.4254576852618144 -0.9000354888700888 -0.14733968297690453 0.8881466635990938 -0.43530049593133174,77.83227019031095 -95.0487119834043 858.1936477326046,0.69
51,1628,12,0.0,0.9725810377775159 0.23110458639790105 0.02601528591933515 0.1162651594806368 -0.38628718249667315 -0.9150216529294396 -0.20141632914575658 0.8929573801613585 -0.4025650004270257,91.09274199230084 -82.68750435211102 856.8537043270318,0.69
51,1629,12,0.0,0.9750771341653686 0.22015788877256964 0.02747883620274462 0.11446568468679934 -0.3930936545403363 -0.912345869607193 -0.1900583843376415 0.892752979704536 -0.4084971576053348,91.41132533534916 -81.69682709273437 859.3842117016819,0.69
51,1645,12,0.0,0.970618590942693 0.23953031533725697 0.02290805427912264 0.12062871595925154 -0.4020025623679107 -0.9076577839338217 -0.20820245868491372 0.8837528884728288 -0.4190853950133415,99.68829718526452 -83.35508193690802 850.61259084759,0.69
51,1650,12,0.0,0.9715127621407107 0.23670311108353137 0.011601301698703131 0.11101292691217464 -0.4112940330526618 -0.9047172754146281 -0.20937784757733824 0.8802322736520477 -0.42585450727358465,103.24332680806903 -84.62448803141419 848.1503208039596,0.69
51,1673,12,0.0,0.9664554647609425 0.25662552998642224 -0.01035239068513262 0.09751470488197818 -0.40393448631286016 -0.9095756225289605 -0.23760201380773355 0.878054820683967 -0.41540945452427525,128.52340099432655 -83.66995485538601 831.4223670444334,0.69
51,1674,12,0.0,0.9696113838745928 0.24453819148111075 -0.007405212214637122 0.09556040110529809 -0.4064207068488323 -0.9086750897791189 -0.22521539468116014 0.8803540662436011 -0.41743831166648576,130.466071634535 -83.43898372118373 833.6355118249355,0.69
51,1687,12,0.0,0.9632651365212865 0.2684809532511151 -0.006185022554458436 0.10760319323445265 -0.40695905474898714 -0.9070864790986358 -0.24605249352196304 0.8730992529484739 -0.4208988773238067,130.05872330145493 -87.06714510149541 826.6275236811339,0.69
51,1693,12,0.0,0.9614738020188489 0.27489652134221293 0.00017488673265267374 0.11279048664298336 -0.3939139196606862 -0.9122007070926844 -0.25069191082733 0.8770768076123691 -0.4097436264229589,131.6070988120835 -83.77499399304006 827.1396648719762,0.69
51,1698,12,0.0,0.9621519952771801 0.27250132382435566 0.0025625179247235758 0.11587717683725327 -0.40059397148343234 -0.9088987566827006 -0.24664958518588437 0.8747956895899206 -0.41700897304797474,132.0955835134493 -81.78714903635439 825.2387373220713,0.69
51,1699,12,0.0,0.9647000455204582 0.2633408747208297 0.0023250535682240586 0.11138678046677691 -0.4000126996852963 -0.9097157936563084 -0.2386353018940678 0.8778618477822974 -0.41522496179562457,131.89687123530499 -81.19520911399151 824.3594337292827,0.69
51,1700,12,0.0,0.9588643273496644 0.28385497115600156 0.0023573473017536317 0.12105654436456972 -0.40139030318607555 -0.907871762736731 -0.2567576966768173 0.8708112194145272 -0.4192413449780444,132.18470724967162 -80.18265306292868 823.7241346674574,0.69
51,1708,12,0.0,0.9593949115515928 0.28206344485087503 -0.0012715218319440114 0.11906738281606377 -0.4090675072430675 -0.904702565967001 -0.25570366058827676 0.8678156414796868 -0.42604184109657006,135.01745913050186 -83.69921481445651 816.9453618760513,0.69
51,1709,12,0.0,0.9584863257874843 0.28513384140296627 0.0016296518636369772 0.11994779945592661 -0.3980100975967115 -0.909505628139121 -0.2586822156316305 0.8719441809530264 -0.41568841289849107,134.9684158330544 -84.04718305943499 814.4469854445932,0.69
51,1715,12,0.0,0.9654433779965521 0.2605658520904642 0.004951828649762111 0.10897079981907841 -0.3863506866478272 -0.9158921943730837 -0.23673708765082968 0.8847816587447564 -0.40139378131640335,134.0517297325163 -83.04194780867545 819.7596018719362,0.69
51,1717,12,0.0,0.9694064044876309 0.2454513728462986 0.0022014781922660986 0.10358117477444843 -0.4009282609110041 -0.9102348432329005 -0.22253575706099205 0.8826155183151637 -0.414086565416636,131.63628457337902 -81.67579710599237 815.2888857601047,0.69
51,1729,12,0.0,0.9593239787068334 0.282307077961479 -0.0004664878811111717 0.11465905556329324 -0.3911384757544162 -0.9131615376053932 -0.25797442674696547 0.8759642723977752 -0.40759758172394883,131.8966692059856 -71.15319031519742 810.0705272795277,0.69
51,1927,12,0.0,0.9962326518588169 0.08170286734158418 0.029071374898905957 0.05774110621815555 -0.37482041118605375 -0.925297586731437 -0.06470292128685473 0.9234902819339688 -0.3781259461481928,49.92260035257361 -89.12871993028259 758.7462358322741,0.69
54,1,12,0.0,-0.9680030601883984 -0.2451973207511151 0.053369929383227745 -0.17894982127378511 0.5254136830958284 -0.8318157386595646 0.17591769931412904 -0.8147507198598547 -0.5524800698268422,-125.32332748894626 -51.04748487679504 954.7531360595274,0.69
54,22,12,0.0,-0.9583042408127008 -0.281486869067026 0.04917443017703495 -0.1968265294817843 0.525484118818395 -0.8277232376596729 0.2071528405128673 -0.8028895212994737 -0.558977743076549,-102.29860075884974 -56.81954966313847 953.0862873350502,0.69
54,32,12,0.0,-0.9468037778683541 -0.3084733679611855 0.09168853512242153 -0.23793976802434424 0.4791993463176988 -0.8448388327256339 0.21667319401978113 -0.8217129472920416 -0.5271058330600156,-95.93695011597379 -40.741748546990614 965.8930867887526,0.69
54,38,12,0.0,-0.951994091127609 -0.2938802189981848 0.08568353015426389 -0.231237654356026 0.5069682927003527 -0.8303687719347422 0.20059012355058953 -0.8103194228685796 -0.5505869915425639,-106.08935400535614 -60.057656450742556 975.1582656680002,0.69
54,43,12,0.0,-0.9516755446888715 -0.2966585607013436 0.07941886428139737 -0.22775920562622856 0.5083108076143928 -0.8305094021833305 0.20600825685794522 -0.8084638651325183 -0.5513136828352259,-111.11820199441874 -86.90142596640548 982.0018004465221,0.69
54,50,12,0.0,-0.9531434026157525 -0.2933909802118472 0.07375219847839924 -0.21589554801499522 0.4889202768415126 -0.8451899639965705 0.21191216670444052 -0.8215100094481813 -0.5293529427320478,-118.18465858760207 -88.54275070207657 981.4344071253249,0.69
54,56,12,0.0,-0.9521971807231188 -0.2957318774656258 0.07657144163198551 -0.2165803165902104 0.47676064338035196 -0.8519344196528489 0.21543791562449885 -0.8277934196248533 -0.5180198441538344,-133.202001521031 -78.76280515208794 989.3333564197892,0.69
54,63,12,0.0,-0.9494864490366437 -0.30676652821743794 0.06610431348410616 -0.218023512711026 0.4933613848692484 -0.8420571784772353 0.2257016415556834 -0.813934174909321 -0.5353222654754355,-113.46614088724681 -93.18199310404535 985.6078067508546,0.69
54,69,12,0.0,-0.9316147887782049 -0.3537521159987725 0.08338660417676066 -0.25314762130202545 0.46695058056466276 -0.8472741216037764 0.26078759011668307 -0.8104422223309417 -0.5245695731782558,-105.99938620535349 -93.33216732110746 975.8682644727919,0.69
54,81,12,0.0,-0.9036420943767078 -0.418025270098535 0.09319784777302408 -0.29232983970628884 0.4429704526406323 -0.8475378710740005 0.3130083546612972 -0.7931154087813452 -0.5224880077722619,-64.30449910937683 -70.57266100973041 983.6714182774946,0.69
54,86,12,0.0,-0.9030015026016317 -0.41836033517192905 0.09779016440331073 -0.29812451803273465 0.4462477062032336 -0.8437918916747789 0.309370422062202 -0.7910989916964775 -0.5276858225211963,-70.35445374722643 -64.87085702400941 986.763255166149,0.69
54,90,12,0.0,-0.9015386964632371 -0.4206694863359901 0.10131713598982814 -0.3006463845790309 0.4405918636591746 -0.8458667513958048 0.31119082605199744 -0.7930422390662107 -0.5236833746052344,-74.13492175581732 -73.85310979341267 989.691520596459,0.69
54,135,12,0.0,-0.9105196566680036 -0.4020252395033246 0.0965901735347612 -0.2768095391987532 0.4191810715066616 -0.8646754930603162 0.3071325997509134 -0.8140411144978008 -0.492957026603155,-73.12321663217605 -77.82783906478596 1088.262368638297,0.69
54,202,12,0.0,-0.8979888573494588 -0.4299376305647146 0.0936463875470506 -0.2617011010868974 0.3507526773860571 -0.8991579911208146 0.3537351350461514 -0.8319412197570887 -0.42748714729564574,-70.76207726093713 -63.160931851814844 1160.7101916481618,0.69
54,390,12,0.0,-0.8797737241675371 -0.46912322952222396 0.07695186668964685 -0.24907090528952916 0.3169830895484874 -0.9151422867939991 0.40492206460334657 -0.8242846088960625 -0.3957183406596523,-75.55332061901258 -61.96526390150016 1113.58536569939,0.69
54,479,12,0.0,-0.8055392085909169 -0.58563537396929 0.09020971221863588 -0.3254694125876195 0.310086303373584 -0.893261521576954 0.4951527490508249 -0.7489176812013153 -0.4403930765707559,-45.230496383572614 -97.55083879767908 1037.695042981148,0.69
54,514,12,0.0,-0.7965009808111767 -0.5979280324990703 0.08982346864057417 -0.32458112180785653 0.2974952119763127 -0.8978550518970876 0.510130652806501 -0.7442974316783306 -0.431031379674675,-26.129790790386185 -108.65426992461315 1013.4783076065448,0.69
54,520,12,0.0,-0.776117927073613 -0.6238848337221652 0.09169884146718768 -0.33414549996856696 0.2835659785318332 -0.8988532253210425 0.5347782233091719 -0.7282568572081906 -0.42854894913362573,-21.743085126798483 -104.34575726380795 1000.5240631124419,0.69
54,524,12,0.0,-0.7984749647479936 -0.5946306406156177 0.09408576891193701 -0.3278263601437907 0.2983774019817207 -0.8963820633979196 0.504943173303258 -0.7465824316361176 -0.43318248407194115,-26.60378318599754 -104.84074137195863 1002.7366652120484,0.69
54,530,12,0.0,-0.8015711012410174 -0.591318960576233 0.08846274084780603 -0.3158577781264894 0.29316768455335007 -0.9023782869343792 0.5076589737730045 -0.7512620019651405 -0.42176743680738216,-32.364163517219986 -99.46417717350272 996.6090824492742,0.69
54,537,12,0.0,-0.7939363925199037 -0.6024283909986088 0.082128182442501 -0.3141651573871169 0.29083285308106355 -0.9037236886641054 0.52054323405113 -0.7433009385757265 -0.42016479647399607,-32.54902306394506 -83.94180506903366 988.4327513369974,0.69
54,543,12,0.0,-0.7995782283370019 -0.5949815212970037 0.08168014498373932 -0.3041992794528643 0.28397453335777334 -0.9092971256880745 0.5178199060965305 -0.7519012260392578 -0.40805280434135216,-29.597681643888833 -78.0123815250621 991.9857144171945,0.69
54,560,12,0.0,-0.788439362885774 -0.6081006453514796 0.09261196561670071 -0.3256161909804661 0.28487534339528053 -0.9015653802674513 0.5218596240596196 -0.7409855895012638 -0.4226143501205527,-22.367361987942004 -71.553558311785 971.7954317242628,0.69
54,561,12,0.0,-0.7887670148247978 -0.6075503055508362 0.0934303085163625 -0.3282227388619582 0.2877654383859043 -0.899700442461002 0.5197272650326631 -0.7403199839904724 -0.4263917110897144,-22.628302086428167 -70.93086018578211 971.1353394801835,0.69
54,568,12,0.0,-0.8084526742110091 -0.5799983522317791 0.10003092006719241 -0.321025063343516 0.292096737660136 -0.9009008849776968 0.493302323394447 -0.7604481621101643 -0.42234039645399035,-34.24335245331174 -71.82061489002582 969.7447244891697,0.69
54,577,12,0.0,-0.8133417391217471 -0.5731875495460199 0.09965564935236035 -0.3185969367514318 0.2954928044097568 -0.9006553138879828 0.4867968850506501 -0.7642905439605318 -0.4229524289060157,-41.49891843480019 -70.20386717321732 961.7893388637349,0.69
54,583,12,0.0,-0.8200049881516338 -0.5652770142341086 0.08974250155311261 -0.30561384054835034 0.2998601674133421 -0.903705737762094 0.48393387964858026 -0.7684697633462324 -0.4186433123207145,-44.577527149825976 -69.27616132078433 960.0588776005095,0.69
54,588,12,0.0,-0.8292424408087908 -0.5517204201926031 0.08922753108753273 -0.3053737264312196 0.3135689002521288 -0.8991225900844566 0.4680853144107277 -0.772838354856414 -0.42850556086921654,-43.90081081549762 -65.49391910683518 956.9767602417743,0.69
54,589,12,0.0,-0.8310665742629638 -0.549896076097861 0.08332259378462162 -0.29176157203363384 0.30350192581236624 -0.9070621622097612 0.47350135609867505 -0.778139374739744 -0.4126688493845345,-44.042382809142396 -64.3497256673204 955.2100955192966,0.69
54,595,12,0.0,-0.8448864108214753 -0.5280604102570291 0.08555206559974654 -0.29348768720270124 0.32385550583730205 -0.8994345939529312 0.44724929320191736 -0.7850285437218464 -0.4286003444612967,-43.88363781203608 -60.50704443914491 952.0431758612546,0.69
54,598,12,0.0,-0.844641093790216 -0.5279726629498468 0.088466320475733 -0.2947098283679754 0.3206373239138013 -0.9001876602002022 0.44690887185665273 -0.7864073840517037 -0.426422192861453,-44.83125637768662 -57.93927949354062 950.7138504346842,0.69
54,604,12,0.0,-0.8588011156241689 -0.5044725632953955 0.089264083957973 -0.28802459378945733 0.3313451730342323 -0.8984721529793416 0.4236773267182242 -0.7973191388578909 -0.4298601093795641,-47.89824988402706 -53.597428092370365 949.8621790982278,0.69
54,681,12,0.0,-0.9323790174654446 -0.3517457170784474 0.08333257650607502 -0.22818629678568347 0.39391888350136994 -0.8903701068545988 0.28035759620421913 -0.8491777574442247 -0.4475452541504482,-99.39322216269296 -47.78417413018072 938.4743565735379,0.69
54,741,12,0.0,-0.9633142686801164 -0.24979754768334866 0.09811628268884673 -0.1976006761753522 0.41278582310572376 -0.8891354435731231 0.18160284285312314 -0.8759047033863421 -0.4470026376357841,-90.98288250026286 -34.85030511718845 931.0120950115058,0.69
54,866,12,0.0,-0.9815731045663444 -0.18182379819869157 0.05877369139836216 -0.1308220583566547 0.4152368747050238 -0.9002577002906067 0.139283270493324 -0.8913576410699608 -0.43137191177321477,-67.8235240619992 -26.14305770664414 929.6884471020878,0.69
54,1012,12,0.0,-0.9889227275969033 -0.12307882643115155 0.08296650725823974 -0.13216751491888232 0.4757697284052479 -0.8695831837917308 0.06755432512036587 -0.8709160510735386 -0.4867665201510937,-39.10963318697417 -25.235448146045957 891.2479009119388,0.69
54,1024,12,0.0,-0.98964381316716 -0.1173899234363131 0.08261191763650035 -0.12773443235787718 0.4576109926071157 -0.8799295961810476 0.06549074629422287 -0.8813692672885454 -0.4678666229055869,-6.965957146294311 -27.009837791907287 887.1645067046214,0.69
54,1025,12,0.0,-0.9887289352299506 -0.12736119818810482 0.07870335339195086 -0.12827367720978938 0.4495401863715399 -0.8840019709096347 0.0772072300638145 -0.884133895986988 -0.4608104790396401,-4.069345695285408 -25.991523719518305 892.9415348978085,0.69
54,1028,12,0.0,-0.9879137277121326 -0.13299853130771724 0.07961066051671918 -0.13075697178511217 0.43924144964384115 -0.8888023195538838 0.08324110119109147 -0.8884696616006463 -0.4513231430889927,-0.8743140951705418 -20.10497365769634 894.055642534987,0.69
54,1029,12,0.0,-0.9868972279893159 -0.1410959003613879 0.0782675430061112 -0.13320998482978494 0.43878784132492865 -0.8886621012775654 0.0910437330553434 -0.8874441825864986 -0.45183388702567306,-1.2883741844995023 -19.246689314598278 890.3867534018208,0.69
54,1032,12,0.0,-0.9892780168350368 -0.12106245751512136 0.08168773951662509 -0.12894817070987133 0.4614540388234083 -0.8777428662906593 0.06856657113721262 -0.8788652066352177 -0.47211711882595575,0.3028223745385945 -18.368049056766313 886.2573437542338,0.69
54,1033,12,0.0,-0.9903335350424107 -0.11200496137877082 0.08181917866211003 -0.12542347883681151 0.4712150038198917 -0.8730551936341088 0.05923208865871707 -0.8748778822221758 -0.4807080724010847,0.16644502658770724 -18.898240395188523 882.151148634289,0.69
54,1039,12,0.0,-0.9900642998498393 -0.10174696192833033 0.09705791003932845 -0.13404226995850685 0.4743388366985116 -0.8700777769049576 0.04248943430099115 -0.8744428075854117 -0.4832643419857545,-8.525694082928183 -27.000751857983033 881.5146258742864,0.69
54,1042,12,0.0,-0.990391004603565 -0.09935539132268385 0.09619856659772882 -0.1307942729352889 0.44695176559709504 -0.8849446182654422 0.04492789965790148 -0.8890234110779965 -0.45565212430929514,-15.241119822370512 -29.7071970529918 887.9954675135215,0.69
54,1063,12,0.0,-0.9951369943750005 -0.051507803482057704 0.08396016083086072 -0.09842762069571769 0.487191351314638 -0.8677307132333144 0.003790238840785949 -0.8717749327576875 -0.4898919275767455,-45.618706433206455 -40.62665738503503 877.4340985419715,0.69
54,1068,12,0.0,-0.995568792230303 -0.05612924381384651 0.07544725260724547 -0.09330534453103809 0.48980187521455254 -0.8668265315034214 0.011700111924251577 -0.8700250749404832 -0.4928686197718074,-49.26626072809253 -45.95230971443568 879.8628647620301,0.69
54,1080,12,0.0,-0.9963325842570302 -0.047492426084673814 0.07117479197229591 -0.08526557422721577 0.48153679513292336 -0.872268362824662 0.007152859526857819 -0.8751381516067648 -0.48382026849118687,-55.08166429271328 -49.94398098032773 879.3477076218795,0.69
54,1083,12,0.0,-0.9969672542364098 -0.017231426921689937 0.07589052580234482 -0.07375799175740352 0.520241380605778 -0.8508282227085026 -0.024820407575797378 -0.8538454097971347 -0.5199345762075595,-55.790805074161895 -51.75047676683416 872.4947865499787,0.69
54,1089,12,0.0,-0.9968214496449768 -0.02722424806980542 0.0748721433159279 -0.07890122907593089 0.4674352284446013 -0.8804992352405826 -0.01102694780955412 -0.8836080282149869 -0.4680974886666541,-48.64963448017499 -51.284152134877345 887.184796422941,0.69
54,1096,12,0.0,-0.9964362589015394 -0.016535451038382797 0.08271251903588467 -0.08060301702519354 0.47565068810204636 -0.8759335457410489 -0.024858310335594005 -0.8794788239446172 -0.4752883994379121,-43.312815501690984 -47.06616624631082 880.2038546063135,0.69
54,1106,12,0.0,-0.9952463894015271 -0.06885671871352739 0.06887217632128292 -0.09285364476270719 0.4575997067937595 -0.8842967313049086 0.029373883595886604 -0.8864881615849536 -0.4618180532766386,-36.33764150570744 -30.514135965672537 886.8332541052448,0.69
54,1110,12,0.0,-0.9967621576983925 -0.044796273961537694 0.06677196132814878 -0.0798868382611051 0.45747185650311684 -0.8856283608716673 0.009126557570572243 -0.8880950367763323 -0.45956926746700133,-26.347419938818156 -17.0880624860568 883.9898931260724,0.69
54,1111,12,0.0,-0.9967467841644672 -0.028637750808579145 0.07533742420881404 -0.08019518658693381 0.445602165859467 -0.8916318981674213 -0.008036187285021958 -0.8947729259482416 -0.44644913560666943,-25.359818573790225 -14.421388515183894 886.8266772051054,0.69
54,1134,12,0.0,-0.9940114926501248 0.061522769469508014 0.09031113616975901 -0.05191913832175233 0.46131890386598595 -0.8857139899605359 -0.0961538119649852 -0.8850987615925622 -0.45536208304152326,-105.47055620132174 -40.55285354532799 920.5129676483792,0.69
54,1178,12,0.0,-0.990952899316333 0.1067142249750305 0.08139057392924706 -0.02928168341319256 0.4199217833456086 -0.9070878010911259 -0.1309768466296361 -0.9012645394443426 -0.41299793654101247,-114.1246535320692 -24.434592273110272 967.1106665435475,0.69
54,1355,12,0.0,-0.9788454654278146 0.18971149592077435 0.07662312396990234 0.001013633817563836 0.37899219906650716 -0.9253993114289722 -0.20459845394794385 -0.9057452519126081 -0.3711670934766128,-78.84186681051727 -9.202913851084435 934.8825725060907,0.69
54,1531,12,0.0,-0.9609550181457303 0.27232795166495166 0.049019790314841244 0.05506003873959198 0.3618040320633653 -0.9306267965821131 -0.27117124706453277 -0.8915914586427254 -0.3626717877651957,-66.38991494544251 -2.152687034861171 903.4265737870112,0.69
54,1539,12,0.0,-0.9615516235603827 0.27058727685543266 0.04691482529386079 0.05109252433653544 0.3441126141943952 -0.9375372327055707 -0.26982962992472226 -0.8990934514032789 -0.34470702989412183,-64.57445219094525 0.453790392917399 906.2425481678698,0.69
54,1543,12,0.0,-0.960187371781574 0.27597231833691466 0.04335309196518698 0.049126933168524164 0.3195807051563758 -0.9462846914798999 -0.27500319181538363 -0.9064808064176002 -0.3204150309955025,-59.17529000725206 3.584852625276797 910.2579674826978,0.69
54,1547,12,0.0,-0.9606866658958819 0.27464423345950273 0.040640804584755066 0.054355039081834006 0.32960555103999123 -0.9425527626876045 -0.27226211579334053 -0.9032888384957856 -0.33157595593267597,-52.407066285146634 8.361008074563296 905.8224765564447,0.69
54,1550,12,0.0,-0.9576174951724656 0.2842899636472065 0.046345976190849444 0.056098114940452234 0.34189045300281795 -0.9380639208740821 -0.28252740475879606 -0.8957065003197188 -0.3433484102850358,-50.81129956738414 9.65989882691653 901.1844210822728,0.69
54,1557,12,0.0,-0.9544522001591463 0.2943070513361546 0.0490342446172357 0.0551400835060753 0.3355051040829252 -0.9404232538199215 -0.2932244341836264 -0.8948852913463958 -0.33645170014367376,-50.707786921312035 5.654488436690656 907.9191700745818,0.69
54,1559,12,0.0,-0.9604678809874535 0.2735102642046304 0.05189975882587604 0.04967555839056986 0.35181531234907615 -0.9347504078069753 -0.2739229608668392 -0.8952195939385121 -0.35149408265077386,-47.93201437183617 3.154443775032633 902.7071825824034,0.69
54,1568,12,0.0,-0.9494599546784008 0.30623242495674863 0.06890207810507927 0.042810707913053386 0.3437972185550586 -0.9380675433047392 -0.3109550413646197 -0.8877078204110376 -0.3395317184461756,-57.99158270571358 2.7308788818235366 895.9774101294857,0.69
54,1573,12,0.0,-0.9469053468441302 0.31300149990577975 0.0734869047839785 0.03401437460522749 0.3248094250921395 -0.9451676357617883 -0.31970812695052436 -0.8924846768589617 -0.3182103315949085,-67.52126665777367 1.667823682462328 897.6280865173127,0.69
54,1580,12,0.0,-0.948336121515485 0.30683049648089333 0.08070716856795247 0.02759946048868009 0.333200856811962 -0.9424518336766653 -0.3160646617540487 -0.8915336423540413 -0.3244547643990384,-73.6295087869205 0.3542426834529772 888.2303106245438,0.69
54,1585,12,0.0,-0.9493684143284618 0.30411940523124664 0.07880990570515235 0.02629033054122165 0.3268811595225165 -0.9446997015291413 -0.31306298470993904 -0.894796119186381 -0.31832604777726947,-75.2851240016519 1.251367609088982 888.972909672296,0.69
54,1595,12,0.0,-0.9496654791972883 0.29977477772268313 0.09094262071383763 0.016381318227356778 0.3374290928899786 -0.9412084039598142 -0.3128372261002822 -0.8923433699606685 -0.32535546722487785,-61.43614479097793 -9.340040188610418 886.43983060776,0.69
54,1597,12,0.0,-0.9434802763731234 0.31844440343695285 0.09185929465534741 0.023554469880966322 0.34088650567404033 -0.9398093302356435 -0.33059061548011515 -0.8845278696395188 -0.3291204836947299,-59.855636495221155 -10.349151372574648 886.0567207842587,0.69
54,1605,12,0.0,-0.9448724436303906 0.3152335719285176 0.08856557117256438 0.0250252570168516 0.33921111858019914 -0.9403773463577325 -0.32648093631814856 -0.8863202650062552 -0.32840003967732234,-48.288175290846496 -13.228018295829433 886.5752831136507,0.69
54,1613,12,0.0,-0.9441550467685584 0.31969666848077816 0.07978275392434561 0.031324584120965476 0.32812175778068375 -0.9441159264097619 -0.3280091737910844 -0.8888926550676443 -0.31981217874822143,-43.93270159267945 -7.6009685698900755 886.5691312469978,0.69
54,1619,12,0.0,-0.9491151862515345 0.3055392384332063 0.07632913601221653 0.035312191183557634 0.3440895892148932 -0.9382725636763242 -0.31294314560400743 -0.8878333899846199 -0.33736991455653964,-40.492490239347454 -2.532387530021499 883.0652835234038,0.69
54,1625,12,0.0,-0.9500496479922749 0.30396235371190683 0.07079939177473277 0.03600855912147907 0.33208922599336355 -0.9425604116708505 -0.3100145964624076 -0.8929298032348599 -0.32644649864136144,-33.83195657142721 -2.4602171733981524 887.681537135133,0.69
54,1663,12,0.0,-0.9357889901144828 0.34024083354205126 0.0923858277612245 0.025768772893855124 0.32734862844547463 -0.944552193263248 -0.35161759956529676 -0.8815208736300449 -0.3150968311971123,-33.27572718725721 -17.144928136637656 881.089603987064,0.69
54,1844,12,0.0,-0.8935477507579618 0.4404053934623675 0.08726686957055768 0.048694475594016434 0.28829009041383147 -0.9563041732711454 -0.4463196894178109 -0.8502540286164143 -0.2790462715385149,-30.10367910624666 -23.986393453213854 844.430559248049,0.69
55,22,12,0.0,-0.10515897013665576 0.993419635324427 0.045376416249857165 0.31232293218665574 0.0763129195904596 -0.9469058687820608 -0.9441376896566134 -0.08540355060219923 -0.3182927214285775,118.0105397523284 -50.678903417053874 991.633578986022,0.69
55,42,12,0.0,-0.22901687857175718 0.9733192253374265 0.014175856863023084 0.1808750710239651 0.056859214618045106 -0.9818611095236915 -0.9564703225983149 -0.22229870737719315 -0.18907090386176412,142.04072170471292 -30.90111736730661 948.0202775332192,0.69
55,49,12,0.0,-0.16528127479091137 0.98544730444919 0.039695218318029135 0.24064401258634355 0.07932820354430392 -0.967366267413112 -0.9564374309957941 -0.15033511325122317 -0.25025346014372507,147.6197763892122 -43.57167692448859 973.730282020529,0.69
55,62,12,0.0,-0.1498679879869143 0.9868438093649723 0.060653788791668384 0.22301225764655586 0.09350620629393602 -0.9703206286191706 -0.9632264111392194 -0.1318934619401056 -0.23409185287257145,138.05043873517593 -52.37546154594996 934.1126366655319,0.69
55,89,12,0.0,-0.04004512815484118 0.997230634214304 0.06266936967610087 0.4555229876312719 0.07404300006148434 -0.8871394714932797 -0.8893228859365663 -0.006978275319340477 -0.4572265392811586,109.00203579501526 -62.94088021877293 1020.8899092443378,0.69
55,100,12,0.0,-0.1443341413075082 0.9887266872212909 0.03983959876098209 0.15005217807388693 0.061664667609172996 -0.9867531670199658 -0.9780858855480468 -0.13644415247661595 -0.15726090978571627,102.21729192438175 -39.80635238084258 976.9883233160134,0.69
