scene_id,im_id,obj_id,score,R,t,time
48,1,1,0.0,0.6773460293215684 -0.735528421648945 -0.014152650243554166 -0.21836178767532172 -0.18264341539828413 -0.9586237596131694 0.702510132486032 0.6524103951948202 -0.2843240932390291,-32.24361031659814 -12.220254955246922 871.6769892169534,0.69
48,36,1,0.0,0.6712998286655567 -0.7411856913454964 0.0005576542770759363 -0.2110796104621911 -0.19189818424613134 -0.9584469129431048 0.7104941506308997 0.6432875389961603 -0.28527040521501656,-48.14685244080005 -16.622312847181814 864.6238224439718,0.69
48,47,1,0.0,0.6865218297177929 -0.7271090778226379 -0.0004077607724428667 -0.20429649008794426 -0.1923543877226879 -0.9598243243748185 0.69781854479419 0.65902365547205 -0.2806013187238721,-23.798019790751074 -17.32126692452071 867.3315604510041,0.69
48,83,1,0.0,0.7169230157085742 -0.6971318535977885 -0.005344927187123705 -0.1928207816972337 -0.19091547731186448 -0.9624819097876338 0.6699563684994656 0.691056046368234 -0.2712932086966307,-2.919635650385464 -8.953281820867895 879.4346736075303,0.69
48,112,1,0.0,0.7314737507881475 -0.6817971320658429 -0.009940956428370173 -0.19870304571462571 -0.19918927429021602 -0.9596044667629827 0.6522754414598564 0.7039007768958127 -0.2811768922828133,8.158207386051025 -19.82131327452105 883.7535344204612,0.69
48,1024,1,0.0,0.9774913378612132 -0.21073016943538625 -0.010172516700804934 -0.07216394414539845 -0.28865265303929716 -0.9547104330941161 0.1982499673938802 0.9339552674422411 -0.29736258817345684,74.14219294694504 -0.3118102403827064 996.7198997226847,0.69
48,1027,1,0.0,0.9771741112664222 -0.2124250263768449 -0.0025227840723004435 -0.06441522845547769 -0.28495781094710554 -0.9563732139302432 0.20243871816850484 0.934705651073658 -0.2921368022643882,85.7663259280166 5.9924723284828065 1002.0545474554499,0.69
48,1059,1,0.0,0.9833145599938399 -0.1809184872511882 0.01899939669733873 -0.032445282335667 -0.27718795948288194 -0.9602677432736534 0.17899659147112285 0.9436288126633575 -0.2784329078131069,95.37296709426958 -10.03610807627955 1016.5039940596172,0.69
48,1074,1,0.0,0.9775315096813746 -0.20993091814023349 0.01900413609851892 -0.039016285908414994 -0.2687995475319952 -0.9624055967628758 0.20714699373624823 0.9400403251219561 -0.27095075222379716,72.44408238419916 15.692845366223697 1032.7883066519187,0.69
48,1075,1,0.0,0.9818217280660162 -0.1894073615987653 0.012285994858246177 -0.03936029295362192 -0.2664975191991657 -0.9630315880589254 0.18567945938112634 0.9450417576133264 -0.26910818406553116,72.58010675893435 13.846527799130701 1031.9507264175152,0.69
48,1083,1,0.0,0.9847653361389466 -0.1715451184877003 0.028451802441825325 -0.022035722621273318 -0.2854126633077255 -0.9581513651569616 0.17248669417582937 0.9429272951541025 -0.28484461796857274,81.81088798345553 13.282031098957342 1036.9796101931074,0.69
48,1087,1,0.0,0.9798117501177614 -0.1957805195352489 0.04048360781449514 -0.006135552994057825 -0.23184845371567242 -0.9727325683347448 0.19982814947005573 0.9528464108554746 -0.22836906095006243,79.59495435944488 20.450031087393807 1050.772342749351,0.69
48,1090,1,0.0,0.9802547553687551 -0.19550756261379176 0.02962106577684058 -0.018797118868258786 -0.2412525694618294 -0.9702803028250742 0.19684329528636269 0.9505650901905032 -0.24016395735398424,73.02282722445213 19.582225342741353 1050.068189664442,0.69
48,1094,1,0.0,0.978293340435918 -0.20541329195211855 0.02734080372130933 -0.02672728831023724 -0.2559103787878608 -0.9663309630184863 0.205494019665573 0.9446244002343193 -0.2558455595933566,63.1425705903368 17.190600186129142 1049.04061614389,0.69
48,1097,1,0.0,0.9797713526128071 -0.19796932315401558 0.029261641943182898 -0.025297093102481377 -0.2675686066361782 -0.9632066745114147 0.19851487017307917 0.9429820718511646 -0.26716410403991486,67.02368771214549 15.150380911753665 1051.9165930059964,0.69
48,1103,1,0.0,0.983945977793774 -0.1770708951018764 0.022275791597036507 -0.026553874424978446 -0.26868389843600887 -0.9628623237380571 0.17648004005121032 0.9468130020384431 -0.26907235947691555,78.21477190360791 9.211598637559192 1045.4712533079799,0.69
48,1104,1,0.0,0.9837644619563857 -0.17731843016887244 0.02767052066928649 -0.01836423008614145 -0.2528373724281014 -0.9673344913508444 0.17852237519427633 0.9511211476074435 -0.2519887380993321,76.75174535599336 8.707008734211408 1054.5420829646387,0.69
48,1107,1,0.0,0.9831183781982591 -0.18218909634287367 0.016893419505590673 -0.028336611083721305 -0.24281954986672288 -0.969657518237657 0.1807630795298495 0.9528094244791501 -0.24388298362656655,76.24927517144982 6.406481085587593 1059.3669188363733,0.69
48,1113,1,0.0,0.9860568907421126 -0.1644708155053447 0.025321118991952454 -0.019260611808516112 -0.2639398332857936 -0.9643468220706849 0.16529016018129877 0.9504131287245955 -0.26342749988405967,91.15719202332262 11.725264596923127 1066.9560219997397,0.69
48,1119,1,0.0,0.9890299495972749 -0.1446773244639671 0.029803197572759885 -0.009925726130910778 -0.26639649727647746 -0.9638124227252927 0.1473812700460514 0.9529435334922904 -0.2649101417742272,95.32336083825432 8.679127412879454 1073.9647852607527,0.69
48,1120,1,0.0,0.9902786379645697 -0.13609385673264845 0.02875206689388049 -0.0072500070199416206 -0.25692311958028563 -0.9664046502492344 0.13890880673754138 0.9568014280846197 -0.25541215833625613,95.20133334239657 9.190611436195164 1070.142836313587,0.69
48,1122,1,0.0,0.9905701293386706 -0.13372298300602514 0.029815812548717742 -0.008040874159824796 -0.2739908757579262 -0.9616986764803986 0.13677047636356257 0.9523902371493395 -0.27248242691577235,96.06027282141653 8.896370969404376 1077.1458731482026,0.69
48,1124,1,0.0,0.9896357820069508 -0.14214626573298525 0.020382789545551408 -0.022011327596566203 -0.29042131225112133 -0.9566456830236434 0.1419032079585495 0.946282146364658 -0.29054015048280063,95.56222973960327 4.642740308036796 1086.8169093047645,0.69
48,1126,1,0.0,0.986984012885471 -0.15970458369163704 0.018894556262927256 -0.0259396550055052 -0.27404733002534776 -0.961366316865831 0.15871261010608895 0.9483630670022208 -0.2746230153127257,93.66474890692695 5.981162572804622 1083.1995220488793,0.69
48,1128,1,0.0,0.9877830083030358 -0.15158082555034663 0.03616603148369186 -0.001188084504010048 -0.23939659919873027 -0.9709211382740072 0.15583105262756633 0.9590164344877296 -0.23665198376397942,94.76560683793019 11.348064387513125 1097.866943596222,0.69
48,1132,1,0.0,0.9909647258990688 -0.13395044754144114 0.006796295110648061 -0.03115008783974378 -0.2791430959285847 -0.9597441346645372 0.1304552952216185 0.9508608781514005 -0.2807935297505763,92.06718834826836 12.336648617892845 1094.147287935778,0.69
48,1133,1,0.0,0.9903947877660377 -0.13819993471822584 0.004352287874557159 -0.030104256600880584 -0.24624708990573008 -0.9687394409475995 0.13495146572147054 0.9593034706269113 -0.24804224064217237,90.43313941701565 12.717664664342479 1096.7846141321543,0.69
48,1137,1,0.0,0.9879573943540666 -0.1547240432823151 0.0008107844935047043 -0.037719660428996264 -0.24592626628432873 -0.9685543344431279 0.15005803596690126 0.9568598340309941 -0.2488008116143001,83.60599717483329 16.18177786855794 1098.3910588254837,0.69
48,1540,1,0.0,0.9961553969861248 -0.015478815534652919 0.08622546796080834 0.07859283149371263 -0.27688972270864504 -0.9576822272007196 0.03869873244974688 0.9607770228975993 -0.27460866770517106,91.3818805612982 25.73530591207133 1068.3100675767503,0.69
48,1542,1,0.0,0.9958210828957794 0.014031810543102492 0.09024122756899423 0.09084225575671317 -0.25372479088837635 -0.9630012539232135 0.009383785446632778 0.9671746681864305 -0.25393917734205446,92.28548874898581 28.76299895342679 1068.266759914245,0.69
48,1543,1,0.0,0.9949603816298287 0.004247053373630197 0.1001788476908562 0.09820629982729895 -0.2428796405336834 -0.9650725376304413 0.020232687939492573 0.9700471342939324 -0.24207270723250246,88.15333023210508 32.5295542281989 1062.2654727668842,0.69
48,1568,1,0.0,0.992616217692077 0.036603005442193415 0.1156428310241267 0.1210948503473861 -0.24396948152733547 -0.9621927713834829 -0.00700582572007933 0.9690919007379445 -0.24660049945224766,79.94944586952096 50.463492946616945 1072.2059302474413,0.69
48,1569,1,0.0,0.9927088305757124 -0.004068594405931672 0.12046835367249639 0.11537604857042937 -0.25724424712024724 -0.9594340856670724 0.03489333909610221 0.9663378518215548 -0.25489921738527804,80.43135750911688 50.89332097114337 1071.8462629172197,0.69
48,1571,1,0.0,0.9937479093859383 0.0014282971575127826 0.11163804261230417 0.10765646822360378 -0.2772090700495918 -0.9547592452193698 0.029583398058657645 0.960808561290682 -0.2756296992521536,82.68870874330888 50.978071005611454 1074.3793428378185,0.69
48,1572,1,0.0,0.9948696378508952 0.033651084092959166 0.09540444550332637 0.10110695018595894 -0.2987316738390776 -0.9489661593910486 -0.0034334103341429056 0.9537436718451513 -0.30060143064996525,85.51882601459798 50.186556691933895 1067.8440384578494,0.69
48,1576,1,0.0,0.993277306646798 0.026581389133817065 0.11266597468712336 0.11544522254720445 -0.29909972320629835 -0.9472126245827502 0.008520134477188156 0.9538515530886514 -0.30015766186932213,89.53703294984706 59.408315383943744 1067.8516527301636,0.69
48,1577,1,0.0,0.9940077185739309 0.016899506615852225 0.1079956577441391 0.108068051190917 -0.3004308042855702 -0.9476616633314457 0.01643020776636158 0.9536538882175577 -0.300456835103294,89.01718413782727 60.003566571386095 1066.906029168764,0.69
48,1579,1,0.0,0.994465703935596 0.012413207960515281 0.10432581638313737 0.10353041331762516 -0.2847054972881206 -0.9530079922708967 0.017872247037258496 0.9585346587797714 -0.2844149973257146,88.86437046422782 61.04293011171854 1066.3744667095154,0.69
48,1580,1,0.0,0.994135945887388 0.01480115028659211 0.1071197789616038 0.10710204344728304 -0.2715237310781633 -0.9564538753911815 0.014928944504064498 0.9623179253300789 -0.2715167346673269,87.81048625965373 62.169935593217346 1062.0882332592205,0.69
48,1583,1,0.0,0.9937656897822416 0.0012523648863661321 0.11148177157641923 0.10809663386310892 -0.2556068586242038 -0.9607186120668899 0.02729233517107859 0.9667799984517976 -0.25414870260233835,89.62450149261885 65.32831658622145 1075.5777978676965,0.69
48,1586,1,0.0,0.9942714717078474 0.018177038425414266 0.10532727957177876 0.1058389982395604 -0.30491181305946724 -0.9464813219015126 0.014911304421711763 0.9522071106281812 -0.3050889566496525,91.81378101603688 60.82553736738654 1074.706341208369,0.69
48,1587,1,0.0,0.9920868618218996 0.004037318790895285 0.1254884801778867 0.12207516014508593 -0.26464738126281173 -0.9565873817201896 0.029348149446375753 0.9643367999032894 -0.26304604630436196,91.63160680534803 65.0777810954957 1081.7499751952612,0.69
48,1588,1,0.0,0.9921530518104866 0.016238733631056892 0.12397025979321813 0.12406940886672162 -0.25049826665385927 -0.9601340532378145 0.01546297405419391 0.9679808479166682 -0.25054734981621285,89.68922433084785 66.24648947769283 1073.3382400460785,0.69
48,1589,1,0.0,0.9928774694332654 0.03868304615303037 0.11268519260363588 0.11894419389381092 -0.26764473622862334 -0.9561477782791018 -0.006827109985016198 0.9627408359000015 -0.2703395521558385,90.15669176313271 66.82306500446849 1068.195647773584,0.69
48,1597,1,0.0,0.9925011318940291 0.04311077864445956 0.11438078489737427 0.12136626810796522 -0.23616109855937603 -0.9641048513998746 -0.01455101902330197 0.9707571252851545 -0.2396223519488247,83.71000664256161 83.24762897241916 1064.8066304222884,0.69
48,1605,1,0.0,0.9918487651140719 0.04201204263184032 0.12029553364772512 0.1265610558081913 -0.21534064953488702 -0.9683030020662999 -0.014775868651501364 0.9756348666031742 -0.2189024457921843,100.24491040802673 69.56279190230742 1083.0942962034799,0.69
48,1608,1,0.0,0.9945986358394681 0.05054584027969311 0.09065688951585185 0.1011072810592627 -0.2742987804540878 -0.9563145386107038 -0.02347064769180591 0.960315207143894 -0.277927745331601,100.17265417105342 61.886287283782345 1069.1330937498822,0.69
48,1609,1,0.0,0.9955554254574243 0.03881859400925544 0.08580507911208365 0.09334134219782367 -0.2855735455663898 -0.9538003690025234 -0.012521528620544696 0.9575702934154682 -0.2879276723227887,98.86869505187532 60.305833552800244 1068.686495213194,0.69
48,1611,1,0.0,0.9959368244858552 0.037125366226753276 0.08204601645150017 0.08890932700262447 -0.2605151024399575 -0.9613672622742252 -0.014316885309688776 0.9647557144600015 -0.2627573751806052,97.30615983178521 61.288105210732645 1077.8605121226967,0.69
48,1619,1,0.0,0.9949954641163911 0.0472230297014488 0.08805686715766992 0.09744870628551859 -0.2638214005085446 -0.9596363989954679 -0.02208565215442302 0.9634148919855485 -0.2671029199941244,91.45617154747372 55.319623232744306 1068.3962480792536,0.69
48,1622,1,0.0,0.9955945833389236 0.013844495767959701 0.09273486703029116 0.09306054192326685 -0.26670898496921003 -0.9592737111344402 0.011452561422787853 0.963677667725897 -0.2668223970419886,92.76192475459197 55.49734857836798 1083.926136196181,0.69
48,1624,1,0.0,0.995142977465722 0.018366784579659394 0.09671150719981994 0.09829625857119492 -0.23849246609488012 -0.9661569174657328 0.0053197698785969125 0.9709706508644772 -0.2391394890189655,95.54048277215313 56.719112395839545 1093.396338679288,0.69
48,1626,1,0.0,0.9955750044172287 0.028434764632632947 0.08956491913646741 0.09366381840868997 -0.2233605816761349 -0.970225303563251 -0.007582855711348549 0.9743210532024776 -0.22503552071989755,96.90415171891972 57.23420708093786 1086.07637250493,0.69
48,1631,1,0.0,0.9948905816444662 0.04697047539467114 0.08936724789504426 0.09826321846401534 -0.2473156087136209 -0.9639394843991528 -0.023174780521698468 0.9677958277073785 -0.25066743988791473,100.09028270566562 53.197483708581075 1078.8203472975176,0.69
48,1639,1,0.0,0.9938722335443835 0.035415871963631995 0.10470768549898521 0.11001056879616525 -0.22476478338557787 -0.9681830750962229 -0.010754447574978718 0.9737692273648259 -0.22728359750467508,104.62525134021746 59.40488291703437 1081.6614209616012,0.69
48,1641,1,0.0,0.9935443760028241 0.07089381347990725 0.08856432760110522 0.10230339624336926 -0.22253007760582255 -0.9695433872075139 -0.04902640135918551 0.9723448111503568 -0.22834618498837536,104.48219456850424 60.63537375055084 1077.1119536929084,0.69
48,1643,1,0.0,0.9926824815659466 0.07404367740678607 0.0953888076671164 0.11105832263013816 -0.24968499226958882 -0.9619373439106707 -0.04740822467309304 0.9654920706413987 -0.25608108435011434,102.51207291973793 60.85574256361441 1076.406846930465,0.69
48,1644,1,0.0,0.9927061422982792 0.0764373892781055 0.09323004110058357 0.10957853550783392 -0.2496225522365105 -0.9621232384527926 -0.05026986770648516 0.965321659829136 -0.25617773803649396,101.5211580019931 60.35436393472914 1075.8873498702005,0.69
48,1645,1,0.0,0.9940305319795733 0.04865720356213698 0.09765130840863617 0.10676013188373962 -0.24933833740554884 -0.9625137234034656 -0.022485011286907018 0.9671932950767129 -0.25304456964352784,98.66595995355664 60.6541850793546 1077.6544227461086,0.69
48,1648,1,0.0,0.993085257569701 0.03888289280573101 0.1107690924616549 0.1166910158337624 -0.22374509873756482 -0.9676369864854287 -0.01284048369047009 0.9738717838801857 -0.2267352432698088,96.64996431066977 60.71459250247219 1090.6973152561711,0.69
48,1649,1,0.0,0.9942149684679598 0.05033779643780006 0.09488257334221048 0.10479643429843633 -0.26098003883640764 -0.9596390606302353 -0.023543658012018083 0.9640308737684357 -0.26474548265962794,96.72334707441775 56.68652812143004 1091.419060065278,0.69
48,1724,1,0.0,0.9978934452042294 0.038222467884144906 0.05241865094867596 0.059195974877758364 -0.20589004324440507 -0.976783049940512 -0.02654258044549205 0.9778283760669163 -0.20771894083504294,87.05789757432639 35.224884777312404 1065.4737648447299,0.69
48,1874,1,0.0,0.9957942627228447 0.09159370931876926 -0.0020925442635311847 0.015912314146955896 -0.19539910660689552 -0.9805947110788001 -0.09022518820570352 0.976437290126947 -0.19603477717688128,52.49739963885727 3.32624931231034 1006.5212191977047,0.69
48,2040,1,0.0,0.9651716640101919 0.25956266508319814 -0.03272433172281908 0.030240996286533844 -0.2349365441304518 -0.9715401702326252 -0.2598636972249018 0.9367134263620587 -0.23460352882609584,75.97313472252287 0.041290962504401105 905.9535997726001,0.69
48,2050,1,0.0,0.9666452301233539 0.2540024538809613 -0.03285958767571809 0.027482404128916366 -0.23042424995267224 -0.9727021036766824 -0.254640367072982 0.9393547883820036 -0.22971910020879513,75.8637129555655 6.942538632994099 905.4216655691579,0.69
48,2051,1,0.0,0.967616554228762 0.25121887979064766 -0.02464301968489359 0.035559567054247135 -0.23231067978281286 -0.9719913915512638 -0.24990742520656012 0.9396386659219488 -0.23372089408319502,75.48713657204884 6.738157696469454 904.7128223845235,0.69
48,2066,1,0.0,0.9659203343901588 0.2564531264691883 -0.03506710047583421 0.03244194090537311 -0.25435832967391747 -0.9665657559606522 -0.2567984191577043 0.9324878734062301 -0.2540097200274642,72.98422560469423 1.3011674043699752 895.3266917461777,0.69
48,2069,1,0.0,0.9642229247319152 0.26153123398295886 -0.04330779459615455 0.031314305225397826 -0.2745941072385447 -0.9610502018927614 -0.26323671041418695 0.9253104829846128 -0.27295960208261605,70.8816208683586 -2.340906011789693 880.7008931568437,0.69
48,2070,1,0.0,0.9700040282586151 0.24114810477826898 -0.030655777985701543 0.03311358659163327 -0.2560129766259744 -0.9661060222264152 -0.2408229132476767 0.9361116105256665 -0.25631889726265733,71.1219465561857 -1.27760282853266 887.6733103884944,0.69
48,2083,1,0.0,0.9574637374244809 0.2853083304853602 -0.04315493103690715 0.032937874606835976 -0.2566420509853417 -0.9659451092491858 -0.28666755647182696 0.923435982741464 -0.2551229073305221,74.42356402595641 -3.414964447999648 875.3595735989688,0.69
48,2090,1,0.0,0.961489935104556 0.2723358206453596 -0.037017637499658765 0.030659028942722155 -0.24012626719021782 -0.9702573884024702 -0.27312474922080376 0.9317577885903133 -0.23922854086492776,68.67124957288324 -5.756105066071095 881.3803075930136,0.69
48,2104,1,0.0,0.9650430231781106 0.2591375639313314 -0.039238837584560524 0.029656032513636965 -0.25671805083725435 -0.9660312428228556 -0.26040830084849925 0.9310980428150711 -0.2554289559058281,70.70570673470309 -8.522798808377955 869.1693455225566,0.69
48,2133,1,0.0,0.9578065446321449 0.2833190963258996 -0.04834162509584508 0.03590821789647937 -0.28483686763246796 -0.9579032094762097 -0.2851617487450422 0.9157501015530383 -0.2829920998160017,77.41186247644703 -8.704775571609257 863.0753562704995,0.69
48,2144,1,0.0,0.9493359078301751 0.31035110155205453 -0.04943205305956949 0.035959388748234566 -0.2635369785711155 -0.9639788292729571 -0.3121990654456081 0.9133621706043195 -0.2613451527077844,75.10424277636777 -4.7622836433855795 852.7950759127611,0.69
48,2160,1,0.0,0.9480469127088795 0.31323136990277467 -0.05561618660060491 0.028711892603368205 -0.2583538271142848 -0.9656235950092223 -0.31683225613294935 0.9138596221106573 -0.25392501363487563,79.17354907494001 -9.508518495741248 840.0039270726859,0.69
51,1,1,0.0,0.537469059026462 -0.8432141641383946 -0.010811289728721363 -0.40531810441589783 -0.24706690646180596 -0.8801563372288452 0.7394891782993941 0.4774388098257012 -0.4745607843578154,42.614998062868246 -4.8988968455736215 1024.460993671709,0.69
51,35,1,0.0,0.5526009526486546 -0.8328743318749343 -0.03086315660591804 -0.39675485238006036 -0.23031483202505 -0.8885610081824149 0.7329514132905921 0.5032647667512151 -0.45771912818033833,49.259232274918915 12.945689851495144 1028.530237314387,0.69
51,56,1,0.0,0.5672839105724916 -0.8230077286271572 -0.029107446221701416 -0.3950358148722416 -0.24093757766834245 -0.8865076359713636 0.7225895583066544 0.5144000022232497 -0.4617975399879424,40.30675018937194 13.365337840340937 1036.6954446757916,0.69
51,83,1,0.0,0.5459770572398889 -0.8373425843859565 -0.027684821500550794 -0.40969579148797836 -0.23802041729008833 -0.880622302346523 0.7307930017485862 0.49214192803184226 -0.4730094198516469,31.378913319896146 -0.0656794231840721 1034.5064421811996,0.69
51,100,1,0.0,0.5653437982332518 -0.8240260493949767 -0.03697917951643154 -0.4191510408238784 -0.24837955112424465 -0.8732811709636126 0.7104215613109306 0.5092039557012755 -0.4858112151059435,33.9045151089885 -9.119496662135877 1027.5845663945317,0.69
51,116,1,0.0,0.5529622525886068 -0.8327732216246995 -0.026860911320218506 -0.42399200504177537 -0.2534866093308017 -0.8694684114737168 0.7172611287897795 0.4921720230110529 -0.4932577144783635,42.234619250444936 -18.914856700716214 1033.3461283643348,0.69
51,138,1,0.0,0.5880032212841919 -0.8079617146211033 -0.03807990895393626 -0.4289003999570049 -0.27153022244832103 -0.8615774980893399 0.6857817864861493 0.5229428324431763 -0.5061957480265648,56.73744790713364 -42.280736384209256 1031.7334318590977,0.69
51,169,1,0.0,0.5883035398641926 -0.8081538397098973 -0.028041332803749264 -0.42750724372782806 -0.2813990551573622 -0.8590996032572589 0.6863938385092747 0.5173992105895542 -0.5110396807859543,59.641143870436764 -36.395111879036236 1025.593187584671,0.69
51,240,1,0.0,0.6496558302496286 -0.759992753592587 0.018929255384828758 -0.3584596976963066 -0.3281857435809787 -0.8739569570852291 0.6704132660905058 0.5609858573947811 -0.48563455442637443,87.40599808993306 -2.290486537206431 1048.2802716311335,0.69
51,407,1,0.0,0.7388965981818821 -0.6713806747849657 0.05726959682525423 -0.2906150648957643 -0.39421089919990443 -0.8718604538615304 0.60792655909318 0.6275713158496707 -0.4863944307574248,77.55766871767611 -5.605410976882724 1051.3528006734552,0.69
51,515,1,0.0,0.783115837417775 -0.6211287699194904 0.030473535465360246 -0.2806824764265313 -0.3967605776666103 -0.8739556003806644 0.554929664563472 0.6758550844581689 -0.48504945335451516,85.70234310143003 8.252270014887356 1064.2641624732225,0.69
51,520,1,0.0,0.790449213824413 -0.6120003437067812 0.025409046954745607 -0.2716213507112667 -0.3873984947228145 -0.8809904926412568 0.5490099108414654 0.68947660264093 -0.4724511955838053,90.36364789095208 7.61934031143807 1057.4602583743795,0.69
51,532,1,0.0,0.7840066497387833 -0.619255862290844 0.04307841900292192 -0.26752933720942784 -0.3996947720437046 -0.8767394954792529 0.5601442911408205 0.6758448536604789 -0.47903246954981404,92.83660102702424 10.744112547830332 1059.4156161203712,0.69
51,546,1,0.0,0.7953479508198062 -0.6047803582117034 0.04077199342758775 -0.25884758583979817 -0.3996929559486756 -0.8793426341705026 0.548105431857452 0.6888296300873924 -0.47444090915731785,102.45685980920565 10.489915623666471 1055.5693287555603,0.69
51,553,1,0.0,0.7965876966984284 -0.602334269433455 0.051395226770191094 -0.24709252441573246 -0.40200974423656494 -0.8816651574814061 0.5517185204853594 0.6896242407318045 -0.4690683113881477,97.8020127858883 13.006261796962182 1056.7422017229924,0.69
51,571,1,0.0,0.8133893477785512 -0.5804034538837547 0.03911009639711338 -0.2400860056274786 -0.3961793690631093 -0.8862283099916178 0.5298645853633036 0.711458880223281 -0.46159482550090347,101.84010153940353 19.403521140832567 1049.823161272548,0.69
51,582,1,0.0,0.8139053530165479 -0.579620079091002 0.03998299945663347 -0.23019171858022774 -0.38489158927253764 -0.8937954112683402 0.5334508871752766 0.7182611143740143 -0.4466890669695302,102.85764908299497 39.22659666165264 1050.297822535072,0.69
51,601,1,0.0,0.8335705285325496 -0.5504682526126233 0.0463128149389615 -0.22072425109508595 -0.4087461316612919 -0.885554857041868 0.5064000187011044 0.7279500688354489 -0.4622204218140802,107.17709860926674 32.70879187766103 1039.9137388747363,0.69
51,611,1,0.0,0.8372428229740275 -0.5441988870711119 0.05359129303389207 -0.2098033075055916 -0.4101825700605041 -0.8875431433898151 0.504982205169841 0.7318454963509189 -0.45759713934057944,105.57862988424013 29.267963606997558 1038.4144028727517,0.69
51,618,1,0.0,0.83545133891028 -0.5463537211548817 0.05931839253750437 -0.20631784440157835 -0.41185528843454666 -0.8875855837438902 0.5093662801899098 0.7292961214545912 -0.45680757418937795,102.71177378450348 24.687184673285113 1030.9702715234089,0.69
51,636,1,0.0,0.8497630008497841 -0.523058447285867 0.06567117411519632 -0.18557012826647348 -0.41340024871396397 -0.8914392642566277 0.49342331712428744 0.7453254960660683 -0.44835625905292575,107.72839440683428 36.45592981225405 1019.8408182103285,0.69
51,637,1,0.0,0.8503272180865125 -0.5223412503477198 0.06405654038764047 -0.1829888305378935 -0.40760273981994743 -0.8946368505654383 0.49341535249688656 0.7490124329251504 -0.44217831837836674,109.15734487727828 36.672553174219395 1022.4179441137209,0.69
51,649,1,0.0,0.8504377117633364 -0.5204688995488225 0.07660171677695732 -0.1797751636699783 -0.4243653317139999 -0.8874654673657444 0.4944052881373459 0.7409630151645251 -0.45446366325606663,93.35907498467476 30.30242477830491 1018.1569332333042,0.69
51,654,1,0.0,0.8574894638085392 -0.510017863831288 0.06777608745209479 -0.18035529915018547 -0.4213407983581314 -0.8887878811659055 0.48185452734802786 0.7499024671328282 -0.45327971966800634,97.20266299159469 30.346974570970705 1022.2338881716623,0.69
51,669,1,0.0,0.8542863250517784 -0.5135639903311244 0.080292606538209 -0.1665411969469816 -0.41674701550212123 -0.8936363660849649 0.4924011622132849 0.7500493003164841 -0.4415508380082173,100.21094472237075 42.41467081664001 1012.6218816079875,0.69
51,672,1,0.0,0.8534979676276473 -0.5154563624678682 0.07645886244817948 -0.16742499244240724 -0.4102031697308248 -0.8964944123910892 0.49346741651413606 0.7523550344977947 -0.4364078492702513,103.61849773550895 42.88329569806229 1009.6096807097457,0.69
51,675,1,0.0,0.8636394019984662 -0.4995294894190371 0.067803189574591 -0.16804697041719552 -0.4120889810487223 -0.89551263945956 0.4752759188611748 0.7620058798322896 -0.4398406984939935,107.05033354892717 39.14284877468173 1006.4266674870521,0.69
51,681,1,0.0,0.8649798216215729 -0.4966869298534028 0.07149826501609888 -0.1571136556159205 -0.4033765841858742 -0.9014447462543326 0.4765765493669546 0.7684981620299017 -0.4269489050813334,107.36115285648056 39.05824253903935 1003.2667256509579,0.69
51,685,1,0.0,0.8665832786856894 -0.4950219492328183 0.06314024770383975 -0.1647175067690365 -0.4031718306848515 -0.9001781034362133 0.47106428867634786 0.7696789880982633 -0.4309207481821685,104.8492150039785 39.746150813893 996.3824621612342,0.69
51,694,1,0.0,0.8663039822754508 -0.4944770735909548 0.07078018074731082 -0.15820685232848847 -0.40600947794809805 -0.9000704948461675 0.47380164855138307 0.7685367444105966 -0.4299572889494412,101.27334873090028 39.152607309055924 1000.9093692839876,0.69
51,698,1,0.0,0.8678962959881134 -0.49212851971408966 0.06756877602955588 -0.16422461577579128 -0.41263518161444623 -0.8959701348076882 0.4688137103193625 0.7665127050336688 -0.43894416277991555,100.33601177047113 33.68381237666805 993.3264946367651,0.69
51,780,1,0.0,0.8787313903409608 -0.4723181018280213 0.06889669306300086 -0.14024527663924607 -0.3934558437979412 -0.9085833816230802 0.45624818466468864 0.7887383023961909 -0.4119823835109351,93.4196616454816 35.86183470626158 967.4241878908927,0.69
51,946,1,0.0,0.9158920062203302 -0.39523451595292325 0.07022471317960449 -0.08565477719149195 -0.36332637594394784 -0.9277161223605598 0.3921799231041476 0.8436726983510227 -0.366621447778399,106.43713068918639 25.201992509300688 906.0370603079509,0.69
51,1038,1,0.0,0.9317612643169851 -0.35615137679643716 0.07054887046874167 -0.05996696444942995 -0.3426042548741389 -0.9375640179298995 0.35808505901968857 0.8693552331171294 -0.3405826906328739,116.94836235186946 26.365786976100715 880.4688598308954,0.69
51,1045,1,0.0,0.9312570372072075 -0.35791302595526064 0.06825391200219097 -0.06535240782380713 -0.34836043691245794 -0.9350797125303235 0.358454172027171 0.866339005150819 -0.34780358639698494,115.43635998215994 24.204386942753565 881.7086627471867,0.69
51,1057,1,0.0,0.9406383363639177 -0.33356835885970726 0.06270303126774077 -0.057910029350370484 -0.3397607754091401 -0.9387273533854327 0.3344337732095264 0.8793718016067046 -0.3389089639944887,115.77965077777071 18.95618915668517 875.0547348712702,0.69
51,1063,1,0.0,0.9363637470527721 -0.34484095907227064 0.06563266070645549 -0.0576853036828702 -0.33558923969826765 -0.9402405372763684 0.3462590633388637 0.8766211126506452 -0.33412585340083695,115.61034485853527 18.984504558125895 871.3055511796891,0.69
51,1076,1,0.0,0.9394156632325948 -0.33917916013928306 0.04955511074021221 -0.06299655682806185 -0.3129391038192928 -0.9476816718332093 0.33694160547648744 0.8871452049287019 -0.31534701500242335,117.38749016755122 28.490715654126852 866.8741234221734,0.69
51,1080,1,0.0,0.9390834127115725 -0.34012525384311243 0.049367556837913246 -0.0660466987173953 -0.31955490571315404 -0.9452631886533988 0.33728352695991526 0.8844204169583693 -0.3225528615725871,115.90815713453861 24.763683727923386 864.493951414721,0.69
51,1091,1,0.0,0.928112906976172 -0.3690574249919548 0.04902090332243372 -0.07556848191295337 -0.3156762195192099 -0.9458530165789141 0.3645488121577293 0.8741539575431592 -0.32087228310656774,102.9715911340107 17.791004003810794 861.81261133033,0.69
51,1092,1,0.0,0.9337519229682241 -0.35532055804318663 0.04306561720239349 -0.07606342456034862 -0.31456752689496686 -0.9461826602022132 0.3497451955313994 0.8802241601177867 -0.32075493160299257,103.96508824110374 16.6642345030221 861.6827624698451,0.69
51,1110,1,0.0,0.9357259532045019 -0.3468512565589619 0.06411822145845852 -0.05524505590908599 -0.32364865158785755 -0.9445631445927601 0.34837468951852496 0.8803100341066384 -0.3220082600711362,94.83102127290236 14.381034826875231 861.5775653932732,0.69
51,1111,1,0.0,0.9381634708221238 -0.3413841168954237 0.05749944996709097 -0.059011107932493784 -0.32135598893018336 -0.9451179913213396 0.34112606343632834 0.8832820688263946 -0.3216299049127717,95.46282559631886 14.228710693677295 861.187669477034,0.69
51,1149,1,0.0,0.9353487114591768 -0.3463710279541058 0.07176279652907988 -0.046381271980305616 -0.32121865781641945 -0.9458685698764427 0.3506730180398072 0.8813884982597823 -0.31651658653887155,88.125883807151 9.143519161011616 861.6137533215042,0.69
51,1150,1,0.0,0.9356761758187164 -0.347109480711673 0.06344369476420922 -0.053469503025608045 -0.31719642631858747 -0.9468513290780718 0.3487851863991015 0.8825539278314891 -0.31535291059026943,88.47095840009422 9.866277304284532 860.4838030501247,0.69
51,1160,1,0.0,0.9348527108548355 -0.3466098116175569 0.07688984001679161 -0.040063054359658345 -0.31817336017670284 -0.947185654742111 0.352768140118607 0.8823986351781762 -0.3113314760074076,86.75306167533435 9.953206065861467 859.6430729700357,0.69
51,1182,1,0.0,0.9483130546971151 -0.3111868734333668 0.06216976832666393 -0.03841505168235737 -0.3070436672134124 -0.9509198022064642 0.31500259379133233 0.8993814075390401 -0.30312777780636974,106.54179324527426 14.195969423960884 853.6271383576625,0.69
51,1220,1,0.0,0.9519370121024586 -0.2994681625670639 0.06430197973740527 -0.025587871772119797 -0.28695461330183186 -0.9576023761055366 0.3052231737722689 0.9099317938799054 -0.28082547013916065,106.84871417929479 27.74973833702273 848.8296990366325,0.69
51,1528,1,0.0,0.9618705476328113 -0.27150036120850046 0.03305455279094745 -0.059778185394692415 -0.326622048407777 -0.9432627449681376 0.26689252171515326 0.9053207118792553 -0.33039792749798674,87.46767297237706 9.979202631027158 845.975087226333,0.69
51,1536,1,0.0,0.960648942840159 -0.27623382752669184 0.02912869976566558 -0.06476983884208808 -0.32474785574180365 -0.9435802552869949 0.27010826828598633 0.9045627135367974 -0.3298603047996092,87.90398764951048 11.046327396922969 840.6233412313849,0.69
51,1545,1,0.0,0.9635020404983494 -0.2669146585574088 0.020503243711645025 -0.06675510849530926 -0.3137280116138927 -0.9471633915109751 0.25924423512451866 0.9112251641476848 -0.32009549634246365,90.8273642329611 21.979173280917635 835.4512731319569,0.69
51,1566,1,0.0,0.963601390674865 -0.2656386849505523 0.030140486844231804 -0.06566424509328972 -0.34445593439617733 -0.9365032387427097 0.2591535583506321 0.9004366709086196 -0.3493611811252188,95.8555931409408 19.262143217954765 831.5951956548276,0.69
51,1571,1,0.0,0.969386922079847 -0.24391012495572917 0.028228465148528628 -0.05509680134264901 -0.3281143187981911 -0.9430298703017883 0.2392766971152222 0.9126055252647114 -0.33150839729025056,98.41621338122512 22.218607845521028 825.5262311013539,0.69
51,1584,1,0.0,0.9695294087550981 -0.24192791371555886 0.0385176599007217 -0.050853974327253776 -0.35256571748802 -0.9344042423637003 0.2396384753208749 0.9039736165493962 -0.354125827536614,100.59898418789214 16.028452121436057 827.398538916465,0.69
51,1588,1,0.0,0.9670539612289214 -0.25163261955884136 0.03857020670681696 -0.05483538207823373 -0.35385494368245735 -0.9336914692251499 0.24859548858292926 0.9008150218582283 -0.3559951958254133,99.27593478713291 10.14241641697574 821.3369590185491,0.69
51,1603,1,0.0,0.971308795963702 -0.23301583946338317 0.047569333006869344 -0.04456038879537326 -0.3747936178858664 -0.9260367788281567 0.23360991981067236 0.8973479606881591 -0.3744236141255693,108.15225651150263 -0.8372634554897911 810.2106935001794,0.69
51,1611,1,0.0,0.9715260388053518 -0.23100173836990406 0.05268161722332372 -0.04063858451074319 -0.38151757135895537 -0.9234678382019201 0.23342163861164544 0.8950321444587601 -0.3800418385038779,104.9406751576408 -3.9118512833936627 811.654312662993,0.69
51,1617,1,0.0,0.9688806885274948 -0.24160325904036903 0.05383378697026821 -0.04237825986057234 -0.3761818064427526 -0.9255762159825939 0.243873521501777 0.8944915392123839 -0.3747140133325448,103.08659512092599 -4.279596265351634 805.6232990985709,0.69
51,1628,1,0.0,0.9722342323710178 -0.22931592674428197 0.04663478473573275 -0.04373353395056258 -0.373828346709107 -0.9264662677102338 0.2298868752541824 0.8987027166633841 -0.3734775115689313,114.45427999912448 7.39178028805565 802.2167293273225,0.69
51,1629,1,0.0,0.9718291749128033 -0.22816413462899493 0.05906930215688916 -0.03317415251287552 -0.3805560861507995 -0.9241626160468934 0.2333399459872923 0.8961686185995286 -0.3774046590121277,114.80533919084915 8.650054825288816 802.5049569422541,0.69
51,1645,1,0.0,0.9781791227698897 -0.2020318603443496 0.04846370995837089 -0.03398265550026995 -0.38570399979375947 -0.9219965312669268 0.20496532121868288 0.9002308325917839 -0.3841531792772583,123.25981532306785 7.005522271833243 796.8853805202681,0.69
51,1650,1,0.0,0.9757586540201113 -0.21415223750324108 0.0450984287666035 -0.04528351548969678 -0.3991780424292491 -0.9157544942107829 0.21411317645057573 0.8915131572863677 -0.3991989955592782,126.41788999373254 6.328858377749662 792.230024766802,0.69
51,1673,1,0.0,0.9808956196076677 -0.19320374194821677 0.022717780078545732 -0.0564221393932858 -0.39430903699798525 -0.9172442016867735 0.18617283803169282 0.8984390337907902 -0.3976769756225481,151.00403488278923 6.522201330535025 778.1601558348488,0.69
51,1674,1,0.0,0.9840410695144357 -0.17689088370779688 0.01930773860295658 -0.05211662395367524 -0.3902582992827017 -0.9192291973978222 0.1701382702878944 0.9035530283840831 -0.39324914988006715,153.7643684498054 7.306502347877536 781.5249168664956,0.69
51,1687,1,0.0,0.982457170893295 -0.1849440243773844 0.023950265289555725 -0.052948028170019715 -0.3997731958346415 -0.9150835471174553 0.17881390794132723 0.8977622735107856 -0.40255246439128367,152.24052898722294 3.8592038176372716 773.2443943791691,0.69
51,1693,1,0.0,0.9845852891724048 -0.17266998477955448 0.027872651497853257 -0.0447758432900682 -0.4028817826411613 -0.9141561097939144 0.16907670508664288 0.898816636234615 -0.4044029206434295,153.1749819120026 7.027680950997715 771.9177369099042,0.69
51,1698,1,0.0,0.983629855720463 -0.17843323712655784 0.02517710912473778 -0.04898771804072179 -0.39923295859932434 -0.9155398670998401 0.17341427396989012 0.8993189782588643 -0.401438494575356,153.4580137976903 9.684229568331949 767.6991105943655,0.69
51,1699,1,0.0,0.9835975825073013 -0.17812768433566195 0.028395840523013013 -0.0465943547452629 -0.4029937498283314 -0.9140158662217922 0.1742548759480383 0.897700710522452 -0.4046834226105868,153.50722829135242 10.0990432108254 768.8539768192342,0.69
51,1700,1,0.0,0.9844933572753778 -0.17282385776257522 0.030078957241159207 -0.0431702248557464 -0.4048826672119589 -0.9133489790201957 0.1700269424725347 0.8978874873721044 -0.4060651411461591,153.2525286655924 11.060566716889335 768.6782305832679,0.69
51,1708,1,0.0,0.9850633904395221 -0.17039961782315527 0.024780780082884743 -0.04678077301667423 -0.4033347618554067 -0.9138559126881024 0.16571564830080493 0.8990467396775125 -0.4052817338389172,156.52450778045323 7.715606447443367 761.7350826112395,0.69
51,1709,1,0.0,0.9856567290690463 -0.16655687146373233 0.027195974134467865 -0.04413208049914659 -0.4099259785143418 -0.9110505208877696 0.16289006081319307 0.8967828615151346 -0.41139680040199766,156.61455692799336 6.888401864864882 761.023724662205,0.69
51,1715,1,0.0,0.9849979864284051 -0.1708888429694266 0.023999376670219452 -0.04906796587253631 -0.41068907280996 -0.9104541834708801 0.16544274374272214 0.8956179368587178 -0.41291307768078006,155.6535107628979 8.662796212191262 761.2642422303729,0.69
51,1717,1,0.0,0.9845257073598379 -0.1735741761446733 0.024106781687070075 -0.04988419563382798 -0.4094653329707902 -0.9109608707958239 0.16799017403876965 0.895661848283613 -0.41178775474218027,154.05766216047846 9.678947818209679 761.9021617847561,0.69
51,1729,1,0.0,0.9857700162962898 -0.1665535491542655 0.022746213648222866 -0.047373723157271445 -0.4050833091814136 -0.9130516102482124 0.16128609774382646 0.8989813278854867 -0.4072092420216122,154.8794891814713 19.835702142878024 758.5571178078636,0.69
51,1927,1,0.0,0.9405893065535198 -0.3377198555418277 0.035171800778123374 -0.11077748824160069 -0.40313465220690964 -0.9084111405574549 0.32096745083583006 0.8505455610152939 -0.4165959002932314,89.1269103393022 1.9332660790173368 691.8471575787103,0.69
55,22,1,0.0,0.240493979561461 -0.9704805082900142 -0.01817219920227764 -0.5543528277096273 -0.12195750922410864 -0.8232978248205152 0.7967782553540425 0.2080719802688656 -0.5673186607383552,91.90164110307033 108.09929023963521 925.0450417169918,0.69
55,42,1,0.0,0.2413341773354324 -0.9702961400183665 -0.016829008149277513 -0.5288323272541451 -0.11695228238483935 -0.8406298432103998 0.8136917011379645 0.21177243519975691 -0.541348548708473,114.5524802300324 114.95344766404112 915.7981657275327,0.69
55,49,1,0.0,0.236200894940223 -0.9716705555608706 -0.008091272178497255 -0.5319189020256724 -0.12232534472786838 -0.8379133557265996 0.8131859682122169 0.20221978511816552 -0.5457432909432073,119.64976505754703 107.76356528371193 921.6410081841238,0.69
55,62,1,0.0,0.25195908232884734 -0.9676577229413915 0.012456005133511472 -0.5303218911799247 -0.14882905328696117 -0.8346308193644989 0.809490773614717 0.20368712313150245 -0.5506689053351924,114.4745256534568 90.61177678620088 917.6514339493896,0.69
55,89,1,0.0,0.19695849914983643 -0.9802011552788595 0.020323503699720358 -0.5213150612199323 -0.12226251763866058 -0.8445605269759617 0.8303240069743266 0.15574842525895743 -0.5350742672484383,88.60499307297687 99.27695942497287 937.0390843799519,0.69
55,100,1,0.0,0.1789655216549918 -0.9833248095889282 0.03230574106340006 -0.514012222237398 -0.1214477869857995 -0.849141843526053 0.8389057023583335 0.13536156723069714 -0.5271759371097288,84.0629507535948 103.71843838268322 942.5172571550723,0.69
55,128,1,0.0,0.10016945367480712 -0.9949641172293584 0.0035335501261148927 -0.5331988119293884 -0.05667829046005057 -0.8440892123156264 0.8400387535748449 0.08266787052131719 -0.5361911186096722,24.496220617817144 84.00114350494337 927.5458862247144,0.69
