scene_id,im_id,obj_id,score,R,t,time
50,721,4,0.0,0.0735576688158619 0.10176015796029786 0.9920857521455853 0.8065970635422113 -0.5911010872481801 0.0008256749370934013 0.5865069875487066 0.8001527197391226 -0.12555946260886497,-49.652443351899315 44.79268719094398 234.14058549747827,0.69
50,735,4,0.0,0.6477322577379042 -0.7533267040745566 -0.11376202887572906 -0.42441872823677135 -0.23278666103386336 -0.8750309214916845 0.6327018771962339 0.6150684899853596 -0.4705093912128546,-36.13807023127088 55.375646864372015 708.8309499636197,0.69
50,751,4,0.0,0.5164219549841901 0.0021885778196869543 0.8563314630080073 -0.7408130965445385 0.5027429566598968 0.4454721938762927 -0.4295396610307357 -0.8644331840321682 0.26124882764446683,-21.670648606111435 -28.701891860557083 154.5225582587149,0.69
50,923,4,0.0,-0.8493725143615302 -0.5017764478459338 -0.16366651531174295 -0.21314979891632724 0.6097936510753251 -0.763360246757816 0.48283899497565586 -0.6134917273242904 -0.6248955156148563,159.41140423566722 -37.67486992118515 725.9424511277414,0.69
50,1026,4,0.0,-0.9153756235748856 -0.3915271068147351 -0.09377628908296815 -0.1607151519959351 0.5689224133931491 -0.8065345172141347 0.36913155877520537 -0.7232107660759739 -0.5837020474077419,139.84154391662432 -37.7201805119054 793.7790600533331,0.69
50,1044,4,0.0,-0.9194885684860594 -0.38933408803615277 -0.05440349544390133 -0.180362198720477 0.5407677702577943 -0.8216079940720683 0.3492996560206902 -0.7456468242696873 -0.5674509351127703,132.90442113467827 -38.49336722626981 823.532415054819,0.69
50,1052,4,0.0,-0.8987386000924086 -0.43214588813996124 -0.07428903060117081 -0.19019789113327368 0.5368566878119257 -0.8219547791454613 0.39508694095400443 -0.724592870593779 -0.5646870646404734,130.8781464569036 -38.75643946082728 817.2365773284258,0.69
50,1058,4,0.0,-0.930829133711561 -0.354298074027352 -0.08961025931384219 -0.14404749705605036 0.5810457521034289 -0.8010219426173346 0.33586819204216434 -0.7327064273657427 -0.591890064852636,125.51177982748432 -40.61615502227378 797.1989765340351,0.69
50,1066,4,0.0,-0.9129377587153925 -0.4010979200904307 -0.07526690647851955 -0.18006599639735482 0.5614154662439732 -0.8077059559044304 0.3662251843512998 -0.7238322545736633 -0.5847614740949201,126.50234476789826 -42.70039536463593 813.1569649693427,0.69
50,1077,4,0.0,-0.9331432866388949 -0.3536612084916819 -0.06455506338750186 -0.15343946129617458 0.554189141962578 -0.8181263512733968 0.32511526927829926 -0.7535238181630258 -0.5714034626628668,127.92213881056144 -39.80824226333832 821.0798253265791,0.69
50,1094,4,0.0,-0.8898700458233039 -0.4519102228750066 -0.06251761357803864 -0.20020565625687692 0.5099632250484578 -0.8365734900777866 0.4099377961949646 -0.7319253100960761 -0.5442759811819537,129.4294023214755 -27.907136520993703 824.5407216916461,0.69
50,1098,4,0.0,-0.9161220040663556 -0.3947856421655714 -0.06974790610019646 -0.16586838732475223 0.5316453743276209 -0.8305665981980784 0.3649769194781094 -0.7493313637476812 -0.5525344835865988,124.06094165973637 -27.540542780419887 800.7252079198861,0.69
50,1105,4,0.0,-0.8967934541721407 -0.4368955413317332 -0.06988409345804183 -0.17958451614383547 0.5037803170116818 -0.8449584568208043 0.4043648131519174 -0.7452031120144776 -0.5302465650322999,128.85476720035786 -25.63678501502255 823.9526630575052,0.69
50,1113,4,0.0,-0.8850605662161265 -0.4616653698067775 -0.05943803874927983 -0.2042376344786939 0.49990526417423875 -0.8416541543374167 0.41827596487455143 -0.7327754179638233 -0.5367358792145418,130.21922630204634 -19.804798445087346 824.5834709844207,0.69
50,1125,4,0.0,-0.8914614558475424 -0.4509458057105973 -0.04409481885891553 -0.1964992851063249 0.47246534280263563 -0.8591650195411192 0.40827013568332865 -0.7572478987507386 -0.5097951707761734,127.9639621463432 -20.71334661709108 826.4680003179323,0.69
50,1130,4,0.0,-0.8978302230918188 -0.43819820367283674 -0.043396138086171654 -0.19446463131327568 0.4829915336529206 -0.8537579783450293 0.39507517977099843 -0.7580907021705905 -0.5188584485304392,126.02952917710749 -21.998874940280935 832.3966769669461,0.69
50,1145,4,0.0,-0.8828874137744266 -0.4673592185257923 -0.045663721460971446 -0.21037179225065794 0.48059348253326606 -0.8513363692288693 0.419825587147747 -0.7420278063560073 -0.5226291332967778,125.07118662648978 -25.75971934456404 829.3277683837059,0.69
50,1150,4,0.0,-0.8874106873671526 -0.4571084128498465 -0.05961686714724243 -0.19348654761635375 0.486727100940498 -0.8518566106461594 0.4184079681818478 -0.7444115985877384 -0.5203711598945366,124.89079532880302 -28.648895045990855 827.528467026991,0.69
50,1169,4,0.0,-0.8380138878152851 -0.544336637483624 -0.03781995401547342 -0.23393041745808213 0.4210279617329681 -0.876362947201027 0.4929597180466151 -0.7255570828901088 -0.4801641759350623,127.08888467496807 -31.040092650923462 846.7308630267194,0.69
50,1189,4,0.0,-0.8199147680630026 -0.5702130797763305 -0.05095897138075836 -0.22683760621824284 0.405315328209395 -0.8855869156235809 0.5256276947777487 -0.7145463794397828 -0.46166979337198083,127.18527657385903 -28.58296486116975 847.6308239947157,0.69
50,1192,4,0.0,-0.7905485700573993 -0.6097166892930947 -0.05725833718917395 -0.24001035092072248 0.3944915216813242 -0.8870013927680529 0.5634074811636006 -0.6874750890897952 -0.45820302492439474,127.74114927128608 -25.29965873804232 847.6564658431555,0.69
50,1209,4,0.0,-0.8341423542877083 -0.5493425549566079 -0.04928782909710533 -0.2141496086333067 0.40492775691343885 -0.8889170134513413 0.5082779533931812 -0.73092836105517 -0.4554088856177952,121.39184948434313 -18.07600962322466 853.275290546195,0.69
50,1216,4,0.0,-0.8380053153835557 -0.543140570297066 -0.052396682015996204 -0.213536000205994 0.41479040236917497 -0.884506245720427 0.502144867548134 -0.7300323575019102 -0.46357662688628976,120.99486170926637 -19.64820592634022 849.1443787133422,0.69
50,1242,4,0.0,-0.7904066619354507 -0.6096601936224109 -0.0597641789062876 -0.22064625848451808 0.374351284905159 -0.9006532874012282 0.5714652547485642 -0.6986956159889232 -0.43040899016286566,112.55568394897841 -14.27937997737024 851.2965838099263,0.69
50,1246,4,0.0,-0.8436452067166371 -0.5351072994639482 -0.04385137676793238 -0.20315035570039222 0.3937510120648088 -0.8964876315246874 0.49698359949081494 -0.747409070428196 -0.44089339219227763,109.2046871209491 -14.48483245458187 851.8573966788556,0.69
50,1263,4,0.0,-0.8702258924853439 -0.48957936049299156 -0.054944934501373166 -0.18048823555155588 0.4206012445133699 -0.8891111235055438 0.45840036308403254 -0.7638106066906099 -0.454381408324933,107.23917437140034 -24.247335742595098 852.8259247662266,0.69
50,1266,4,0.0,-0.8235854258360722 -0.5653924231164236 -0.04514924399095516 -0.22153669074413024 0.3939375478384728 -0.8920396308781079 0.5221384308826111 -0.7246686251560436 -0.44969638947838403,107.75254970129475 -26.4300018229303 858.0080861062244,0.69
50,1280,4,0.0,-0.8516076033240192 -0.5214365718910305 -0.05355736602233169 -0.19113936435928952 0.4040476553708505 -0.8945452674860257 0.4880883458484197 -0.7515646304103518 -0.44375711032399767,105.2590124879878 -30.832454218181628 851.1308463597727,0.69
50,1284,4,0.0,-0.847475546780595 -0.5273827499941701 -0.060437013638318104 -0.1902982601606802 0.4081206027572607 -0.8928740929072078 0.4955519849508724 -0.7451879015480846 -0.4462322507367806,106.05920836181537 -32.069860154646655 846.5898402543411,0.69
50,1324,4,0.0,-0.8687012590574621 -0.4937795625572646 -0.039241127821925736 -0.2004778949299329 0.42292782604402457 -0.883708474329707 0.4529533487639131 -0.7598116855895491 -0.46638982223578285,87.74208147768053 -43.031473181124845 854.7025937697751,0.69
50,1480,4,0.0,-0.8907074628348886 -0.45300187553609006 -0.037808946177068176 -0.13678990994655071 0.3464190928423466 -0.9280529794419606 0.43350748112004966 -0.8214518323523726 -0.3705241570233705,95.70257932879427 -0.26991750892146893 933.0195071942561,0.69
50,1542,4,0.0,-0.8908844327637884 -0.4527694581948971 -0.03639704912547756 -0.1548840109529982 0.378125238692156 -0.9127060025085361 0.42700804513528157 -0.8074782483695147 -0.4069926385081749,92.37033611986267 -51.970699588314524 923.9048414398035,0.69
50,1564,4,0.0,-0.8860014014226414 -0.4631221107078263 -0.02279094668159576 -0.16452048300963176 0.35993870683736706 -0.9183556707455572 0.4335141604923568 -0.8099148337286907 -0.39509927203025164,91.0666939427955 -55.78761091409163 928.4317801193343,0.69
50,1592,4,0.0,-0.9111480019563295 -0.41082821430728067 -0.032085773484202745 -0.13582955798922292 0.3729324234922614 -0.9178625924857385 0.38904967511545463 -0.8319504707837359 -0.3955992472885653,91.34546235574214 -51.50600241181632 920.301994934431,0.69
50,1593,4,0.0,-0.9029684075977807 -0.42755122446409377 -0.04298843262532784 -0.13710962641687252 0.38148310553246223 -0.9141507482560711 0.4072456325415337 -0.8195551175195988 -0.40308858098845124,91.93446628457667 -51.221380705334504 919.3261077729462,0.69
50,1613,4,0.0,-0.9356000098860255 -0.3506944143003969 -0.040817266931662544 -0.10256640254839271 0.38059808341929524 -0.91903494599816 0.33783539567302606 -0.8556626243304434 -0.3920570350783019,84.76588799144217 -46.0205592244324 915.8521186551235,0.69
50,1629,4,0.0,-0.9373585173217152 -0.34742060664488683 -0.02565018680116546 -0.11207438185370779 0.37045862024671616 -0.9220627655517866 0.329845938184094 -0.8614286579650101 -0.38618949273647585,80.21682772355108 -46.73195907590703 914.8574962826553,0.69
50,1656,4,0.0,-0.9478512465979717 -0.317821408665044 -0.023823654565119312 -0.1044188121066096 0.3802962177746677 -0.9189513036197978 0.3011224435357079 -0.8685415009891286 -0.39365077804906656,78.82484347581261 -56.68680605667031 907.9488180165228,0.69
50,1658,4,0.0,-0.9468043864708595 -0.32095712274700566 -0.023408953789155862 -0.1068228337197555 0.38207067584407295 -0.9179383861981888 0.30356273808822576 -0.8666074797842546 -0.3960317411854285,79.70279909385768 -58.057427762873715 902.6766600289595,0.69
50,1669,4,0.0,-0.9486005046671494 -0.3152422791959638 -0.02791752053036839 -0.10393544586758793 0.39364083922642656 -0.9133697568813085 0.2989222401186222 -0.8635213923814794 -0.4061727455923354,74.34389006918968 -55.26985965358979 901.5646158668842,0.69
50,1678,4,0.0,-0.9552499517797303 -0.29504267825030805 -0.0211505942164317 -0.09874624760634339 0.3854741299405505 -0.9174196824410532 0.27883096709026 -0.8742765656000746 -0.39735850139898743,64.6973485414647 -50.3568683772336 894.4062584862447,0.69
50,1695,4,0.0,-0.9485370922923344 -0.31517505805365403 -0.03069311529446314 -0.10064791519947404 0.3919596823812602 -0.9144602804679826 0.30024553570636625 -0.8643102973865681 -0.4035100099377208,59.82291443101573 -55.473082354478116 889.336649847195,0.69
50,1708,4,0.0,-0.955498411410164 -0.2940346512229708 -0.02379936286623982 -0.10142493445889708 0.40320489623349653 -0.9094717116674623 0.27701221717220603 -0.8665849269018712 -0.4150840830528404,53.37944804751061 -54.953617193847336 877.8887837528505,0.69
50,1711,4,0.0,-0.9578376296551632 -0.28695319451057444 -0.014315703851186967 -0.10588906101890697 0.3988948937725145 -0.9108624322469053 0.2670853458599192 -0.8709424366066855 -0.4124617438557141,52.170270899215325 -54.52582709345062 879.2624037032858,0.69
50,1713,4,0.0,-0.9578423702232002 -0.2863387532006159 -0.023411796614495564 -0.09796340125086504 0.4021316055441325 -0.9103259547205387 0.2700762222420992 -0.8696552709194689 -0.41322940836951705,54.138744427355995 -55.433408169237595 880.0879610023421,0.69
50,1714,4,0.0,-0.9615461892453976 -0.27462764332966266 -0.002929755424900121 -0.11037281876805584 0.3961694853854395 -0.911519379786645 0.25148909881910997 -0.8761446206926295 -0.4112466860736027,54.54907746603203 -56.73763574287159 883.4594929770217,0.69
50,1718,4,0.0,-0.9634202773531269 -0.2676399299859762 -0.013792645211337051 -0.09808404983955686 0.4000320095134966 -0.9112375708516772 0.24940105924373174 -0.8765519147441844 -0.4116501577874214,57.924198412734555 -62.753211261560885 878.9142436936484,0.69
50,1719,4,0.0,-0.9671742195175194 -0.25393904805001216 -0.009433396850073494 -0.09572508372090206 0.39847241914579135 -0.912171277516853 0.23539485433480412 -0.881325530695415 -0.4097005876211819,57.02212933732204 -62.80295987859738 874.1317054727003,0.69
50,1733,4,0.0,-0.9724817047384554 -0.23257292232999538 -0.013753899369763178 -0.07932638387424767 0.38604727239754133 -0.9190619284334728 0.2190585738345412 -0.8926798638220222 -0.3938730784862968,53.8826650408804 -48.680779567731015 867.0756937476558,0.69
50,1743,4,0.0,-0.96556706749006 -0.2596596863019519 -0.01603388562444001 -0.08608670440202681 0.3770649746874488 -0.9221773604839536 0.24549810081514634 -0.889043785296048 -0.3864347685219728,65.1675321105671 -49.034959921560734 867.7309980855713,0.69
50,1745,4,0.0,-0.965374035999956 -0.2602547671592986 -0.017900468932826694 -0.085637254757914 0.3809779439856663 -0.9206096169354209 0.24641272535054665 -0.887199674463034 -0.3900737192095902,67.83277135158018 -51.10230386959604 879.8411893398486,0.69
50,1756,4,0.0,-0.9635454590990882 -0.2675395948674015 0.0016472485283499372 -0.10717165339856227 0.380323366718331 -0.9186230856210024 0.24514156105676146 -0.8853116411220513 -0.39513151372224675,66.33883559866536 -50.978859239364105 870.2135696398161,0.69
50,1778,4,0.0,-0.9636778183333011 -0.26692547126801663 0.008709491415470394 -0.10691071328013951 0.35568343328140595 -0.9284715368147172 0.24473488071441868 -0.8956785629217092 -0.37130142752782513,75.8707393693861 -53.583603891290515 877.6465066327675,0.69
50,1782,4,0.0,-0.975569767690613 -0.21950558567787443 0.008995900416113173 -0.09182561645708881 0.37022544893484766 -0.9243923264086878 0.19957876773434322 -0.9026352612308052 -0.38133699093116735,72.08798052526542 -56.01989720236535 874.4681140272993,0.69
50,1874,4,0.0,-0.9921535705152547 -0.12337184687091907 0.0202652390434958 -0.06294120539682047 0.35282198225278916 -0.9335711293213859 0.10802637259959619 -0.9275214478592239 -0.3578187622024621,53.15662032935439 -36.62684691208557 856.8402008152929,0.69
51,1,4,0.0,-0.6862473687767141 0.06692849136386818 -0.724282490393626 0.17476434001880015 -0.951416417542279 -0.25350389718662897 -0.706060885692466 -0.3005451338397818 0.6412102995276958,116.02871290334443 65.8628791619718 995.7830545466254,0.69
51,35,4,0.0,-0.7835147964851369 -0.07488988445490058 -0.616843634072028 0.41199173565087716 -0.8057436043900265 -0.4254880183271277 -0.4651530645327752 -0.587510637512973 0.6621660496921201,128.28016543822068 74.18841007824854 1017.4266170367516,0.69
51,56,4,0.0,-0.7582823532985585 -0.05660985678576935 -0.6494637763499167 0.4143525119504382 -0.8109673620071395 -0.41309070868217695 -0.5033089195676568 -0.5823463418566961 0.6383986760714355,117.7769103229782 74.27501957516333 1017.8078018335781,0.69
51,83,4,0.0,-0.7574234165837974 -0.0632621710781417 -0.6498520337130654 0.40936889724172154 -0.8213838763097969 -0.397172045478265 -0.5086520165905412 -0.5668566180691306 0.648032947132786,110.37192992594197 64.4830311850083 1032.7999482915632,0.69
51,100,4,0.0,-0.7068944969371873 0.008346341888957526 -0.7072697567244011 0.27480915370500525 -0.9181344061988558 -0.2854980581261691 -0.6517515625143215 -0.39618120946221974 0.6467305080396263,106.67988376828443 59.56170889217509 1003.0020568327064,0.69
51,116,4,0.0,-0.7441975655849472 -0.02538605236553193 -0.6674769896578702 0.30969881097108753 -0.8984924465683934 -0.31112372127923177 -0.5918248303852524 -0.43825434601933727 0.6765179216655163,114.50309271666761 49.542203509813945 992.5841052996543,0.69
51,138,4,0.0,-0.7650687024317577 -0.05956141814686838 -0.641188207960596 0.3514648565645808 -0.8729487807091615 -0.33827929416153585 -0.5395760698543117 -0.4841620221854686 0.6887995362323154,127.5043707764891 26.9493468041136 988.0008468089682,0.69
51,169,4,0.0,-0.782596195813039 -0.054273122049817796 -0.6201593525231439 0.34341426018932875 -0.8685418863073386 -0.357353659038642 -0.519239675099636 -0.49263517936973966 0.6983557401853069,129.17935202793265 30.40659709328512 966.7114080539992,0.69
51,240,4,0.0,-0.8375889745821045 0.014548601644351747 -0.546107176155645 0.2274763915473717 -0.8995737893360449 -0.3728558552955497 -0.4966882331473995 -0.436526443333944 0.7501636243667987,146.93067034601907 71.12914845850713 986.1454484536916,0.69
51,407,4,0.0,-0.8998575450756212 -0.08701425947972112 -0.4274165617025996 0.3225427842656422 -0.7924067715818559 -0.5177428518766705 -0.29363676692240664 -0.6037549395229957 0.7411190337003497,123.69620194383005 62.67033080647147 958.5372544103508,0.69
51,515,4,0.0,-0.8827184900589312 0.10573379416436354 -0.45785197616663015 0.06973945802733586 -0.9340873063942211 -0.3501675485067712 -0.46469826264161346 -0.3410297183601401 0.8171623191833247,122.3235274520281 83.2439712656555 956.1556566458354,0.69
51,520,4,0.0,-0.8450159439972753 -0.11158156772776576 -0.5229699877945269 0.30598945990998105 -0.9029442606037126 -0.3017649957612925 -0.4385413376346541 -0.4150195368729391 0.7971450803958964,129.8826515012362 83.81984547505324 983.6447437274871,0.69
51,532,4,0.0,-0.882899157085383 -0.0625887588476353 -0.4653726739762797 0.24220573617598679 -0.9097599809728283 -0.3371545022445456 -0.40227535318655605 -0.41038935693586354 0.8183856767639569,130.44680480635 86.33679787768371 971.6947126147498,0.69
51,546,4,0.0,-0.9016900369554172 -0.13240810829925667 -0.4116104591867787 0.2920153756347228 -0.8885388584461413 -0.3538724592620054 -0.3188763046202245 -0.43927985372406986 0.8398518395907155,137.08356890679823 85.5796885477306 958.498591021945,0.69
51,553,4,0.0,-0.8905988394574 -0.14217754827396673 -0.43199450450663834 0.30650517918307035 -0.8893900748808435 -0.33917527893023314 -0.33598851511783256 -0.4344776627978145 0.8356679234233307,131.4251195315484 90.01808260145361 964.7667836255495,0.69
51,571,4,0.0,-0.7030249337241496 0.02472187466107484 -0.7107353737330069 0.6140625062599296 -0.48301091816542624 -0.6242016431721127 -0.3587243802251648 -0.875265263703658 0.3243879424174657,187.34581639388162 122.36213814306348 1468.689268326035,0.69
51,582,4,0.0,-0.8808702702687707 -0.23206332415781009 -0.4125702128577024 0.37424985908535935 -0.87509665321779 -0.3068271345588779 -0.2898354877015777 -0.42467924496948306 0.8576962917961918,135.3408218180822 114.72392261835311 960.5810442214799,0.69
51,601,4,0.0,-0.8881447416533323 -0.2949719551273634 -0.3524066735490066 0.41702998125690216 -0.8394922770349844 -0.3483370659741578 -0.1930930154262533 -0.45633788193284763 0.86860280042528,137.3892794718147 109.11984097121625 948.4177229173981,0.69
51,611,4,0.0,-0.876640065338268 -0.3090286483413166 -0.36878651052886435 0.4366837048237966 -0.8328238775173178 -0.3401642705787647 -0.2020137069237644 -0.4592446880926971 0.8650345534564278,134.5314593817468 106.85680181963042 948.2588460838654,0.69
51,618,4,0.0,-0.8872787604534929 -0.1665561091341093 -0.43011099004584835 0.32188800042647253 -0.8914883356435045 -0.31880505421498817 -0.3303400012556161 -0.42131651987749186 0.8446110783365078,127.97873667661999 101.80309671997333 935.0148156875824,0.69
51,636,4,0.0,-0.779239454814719 -0.13245125311573813 -0.6125704348139325 0.6193090207230574 -0.31266393029895834 -0.7202066394730446 -0.09613640783338673 -0.9405838252054302 0.3256683264470376,192.09870423624784 146.02278649307132 1438.1024931760355,0.69
51,637,4,0.0,-0.8824954948475481 -0.30702408606839304 -0.35628347161726315 0.4300440866516382 -0.8334771519834981 -0.3469552141954853 -0.19043052567731755 -0.45940401358210264 0.8675737243571386,134.84665650151032 113.86195930376795 930.7505262242945,0.69
51,649,4,0.0,-0.8782992475010367 -0.2936768694675195 -0.3772854730557088 0.4272526926327914 -0.8362673453337653 -0.34367435715579087 -0.21458231165951658 -0.4630451635296218 0.859967213360302,118.13500705680187 108.25143454819512 925.8227013810035,0.69
51,654,4,0.0,-0.8944144129118298 -0.24405842180874107 -0.374777727086087 0.3781377222279596 -0.86013993977763 -0.3423027125624123 -0.23881943179699044 -0.44787807575674166 0.8616092549715333,120.48727261010694 107.95968075470361 925.7917633304963,0.69
51,669,4,0.0,-0.9099988326888577 -0.1350344104666995 -0.3920048883557794 0.27520601445285775 -0.9038833261478587 -0.32750050735969394 -0.31010284441438074 -0.4059071823727617 0.8596950536000055,121.61742572685765 118.18054026200276 911.835875581599,0.69
51,672,4,0.0,-0.8865966219052098 -0.3190144105563384 -0.33492720982873647 0.43186241025316074 -0.8302488830166878 -0.35239416973025095 -0.16565412351221798 -0.4570739525579358 0.8738661872715205,127.2875705941574 118.35536080661487 912.4461519931494,0.69
51,675,4,0.0,-0.8762964739072999 -0.3328692891328041 -0.3482851219473127 0.44791007085416235 -0.8291427540252407 -0.3345128725099506 -0.17742902311925207 -0.4491328643059433 0.8756703785987552,129.22172978483374 116.22565300550635 912.0620722583832,0.69
51,681,4,0.0,-0.8854676988445553 -0.31752809504960433 -0.33929760263977293 0.429111222106771 -0.8389315641158932 -0.3347497420343955 -0.17835502057682948 -0.44200649269465525 0.8791016704857343,129.39416609429716 115.21988033913352 910.0334363476179,0.69
51,685,4,0.0,-0.8931478934033371 -0.27775316713904136 -0.35375135145100567 0.39677071707739814 -0.8569702056392728 -0.3288997791371554 -0.2118014130714629 -0.43411432225948743 0.8756054571724169,125.81976335686772 116.02142080556123 904.2028244572688,0.69
51,694,4,0.0,-0.8935709234856153 -0.2946232948288764 -0.3387153950520137 0.40770872138868963 -0.848401310796399 -0.3376222953872445 -0.1878951920743704 -0.43978668690983463 0.8782272296007485,124.04731821963178 116.30575591142839 910.8696356444802,0.69
51,698,4,0.0,-0.8884578292818918 -0.25730261415239974 -0.38005006293651644 0.38657007605835647 -0.8658971318906713 -0.31746768856018365 -0.24739899329614357 -0.4289726351806728 0.8687785773039092,121.11516563070963 110.6393534810989 900.6392886829291,0.69
51,780,4,0.0,-0.8927518287047601 -0.2929381012908416 -0.3423177488188764 0.40319278392509134 -0.8585159580638532 -0.31683738532635164 -0.2010715080140429 -0.4208772012853881 0.8845522201109091,111.41949932227762 111.10951565830388 872.8548907630875,0.69
51,946,4,0.0,-0.9554007947180235 -0.23268406900420793 -0.1818445640755152 0.2950834598463817 -0.7764353467977425 -0.5568428000505692 -0.011622098659793925 -0.5856673768229834 0.8104681675106236,112.61105526375988 80.66312100882946 762.0590156248624,0.69
51,1038,4,0.0,-0.9371914880145013 -0.2640643909505711 -0.22790812233237517 0.3201684469354058 -0.9105243353988812 -0.2616058107791105 -0.13843511252617663 -0.31814372864843565 0.9378807427074803,120.13922182824679 96.9874256786691 779.0238288003886,0.69
51,1045,4,0.0,-0.9818178298220039 -0.1364148291577508 -0.13200281599069083 0.18446508765531136 -0.8497310621727052 -0.493892451263597 -0.04479263868013151 -0.5092623256875654 0.8594448808128206,116.28727031477182 77.93521832293673 726.8173709475858,0.69
51,1057,4,0.0,-0.9123296004808785 -0.3761731806641394 -0.16170478729903265 0.40708934726913415 -0.8757286284904674 -0.25957201810325237 -0.0439654799404146 -0.30264353188401294 0.9520892443370944,118.4396514311316 87.66018115625843 761.9954722940038,0.69
51,1063,4,0.0,-0.9439144031476067 -0.23030671933657643 -0.23661025877784933 0.2899030194313206 -0.9210657317743468 -0.25998876336409316 -0.15805644199177957 -0.314001166844027 0.9361738237984917,115.7284344438093 86.69257218896274 757.9054270318154,0.69
51,1076,4,0.0,-0.971422348213148 -0.18114786209861833 -0.15337559600260206 0.23119052265016798 -0.8684539726195014 -0.43856429366530575 -0.05375466146108273 -0.4614901401964145 0.885515266312613,118.97221074017416 84.0983420820965 740.6440156379447,0.69
51,1080,4,0.0,-0.9473796987227449 -0.24783000652907475 -0.20261291743568555 0.2930702988613087 -0.9261094877098689 -0.23755213469701203 -0.1287691980768086 -0.2844318980662382 0.9500089415311271,119.39643069896499 93.87494421734267 767.8125723223686,0.69
51,1091,4,0.0,-0.9456979930297342 -0.18250569441133033 -0.26897393458655205 0.2525708205893533 -0.9334693853077667 -0.2546426658672124 -0.2046051968214722 -0.30875002542603647 0.9288757372399535,104.58035534429163 85.0594261759014 759.6769624281836,0.69
51,1092,4,0.0,-0.9536312190855769 -0.21317992976163216 -0.21246603383172102 0.26243415812139254 -0.9345788837852351 -0.2401887229531396 -0.14736285365203938 -0.2848098093984294 0.9471892956711233,109.60981657880994 86.2951042131499 767.8113362995529,0.69
51,1110,4,0.0,-0.9348756998650843 -0.10069105047542966 -0.34039497375243855 0.20013379379671187 -0.9414997116619075 -0.2711544901363065 -0.29317893918612925 -0.32162028122414726 0.9003368837957251,90.52395925521068 79.93392662650076 744.2283209469533,0.69
51,1111,4,0.0,-0.945913392744047 -0.1844956415208568 -0.26685054185302653 0.2517524602606548 -0.9362423704438688 -0.24509370154769966 -0.20461806415894418 -0.2990176952045697 0.9320514287175325,96.41157552245573 83.07153672052388 759.689379020035,0.69
51,1149,4,0.0,-0.9307039131529674 -0.12506023756361676 -0.34372978198329773 0.22296379306392025 -0.9389317099247909 -0.2620961485414418 -0.28996098534855164 -0.3205732070498717 0.9017513215390692,80.19601630073286 73.35974364559442 728.8957835097423,0.69
51,1150,4,0.0,-0.9554215906608563 -0.18071401529112624 -0.23347811198576565 0.23678724967836923 -0.9413657243290923 -0.24033803579150165 -0.17635584052940453 -0.2849087884494301 0.9421919123912311,92.01246034294287 80.91796414610158 772.5428069770354,0.69
51,1160,4,0.0,-0.9569393023281583 -0.1503240641025418 -0.24833414467485632 0.19670754537108492 -0.9649157401093772 -0.1739073203843227 -0.21347906982601395 -0.21526794986915213 0.9529356728055428,87.54849938610806 81.42635425171736 760.4098353034691,0.69
51,1182,4,0.0,-0.9388690159128485 -0.11690852786281303 -0.3238168727410436 0.20295211123034068 -0.9477109756077708 -0.24628103308966917 -0.27809245136462585 -0.2969449491496987 0.9135033035892623,96.02710335655189 78.0104630352937 728.2334197177054,0.69
51,1220,4,0.0,-0.9587153181314847 -0.088562737991352 -0.27022505475903086 0.14760008720770385 -0.9672133923778927 -0.20666994910031453 -0.24306203536612686 -0.2380228876480653 0.9403541630254807,99.84407368718809 92.59758405692268 744.1359620252238,0.69
51,1528,4,0.0,-0.9043041075612246 0.05336006469409372 -0.423540770816387 0.065577601320822 -0.9630162477372269 -0.2613413185837999 -0.4218218335422012 -0.26410681568250755 0.8673603234280106,59.353489775759584 70.40055357489086 675.3252925477304,0.69
51,1536,4,0.0,-0.9300067187178671 0.0383188381840415 0.36553955980146846 0.1442585206627813 -0.8766858021147101 0.4589242678118834 0.33804878694622165 0.4795348485884135 0.8097958672612966,102.42186852443065 111.38211360516901 710.821860826599,0.69
51,1545,4,0.0,-0.9626723579800469 0.06145144969261757 -0.26360130976877205 0.019480023263119824 -0.9556313642579479 -0.29392043879281615 -0.2699675163326224 -0.28808404151769496 0.918762823120324,73.69125733684243 83.96137349334963 699.910420656226,0.69
51,1566,4,0.0,-0.9520645511727082 0.05905916731822256 -0.3001418084106045 0.03770225351345199 -0.9510488665741398 -0.3067321200462243 -0.3035648703001011 -0.3033448007527443 0.9032332485996962,73.23593674615893 80.14981814173197 678.8519546744313,0.69
51,1571,4,0.0,-0.9723227505815186 -0.08357796028512038 -0.21818156030281033 0.14751738180951443 -0.943764145019219 -0.29588487734287583 -0.18118247919061037 -0.3198811703284855 0.9299725512635426,80.7328641280717 85.58764799243909 694.8174520306824,0.69
51,1584,4,0.0,-0.9699421131003589 -0.030371496968104747 -0.24143295012555113 0.10606080168276603 -0.9457417742767413 -0.3071214787902178 -0.2190054875586898 -0.3234966283592421 0.9205360003060085,80.48300040983614 80.91097479713676 689.2031645673991,0.69
51,1588,4,0.0,-0.979775926662702 -0.0038260018073648996 -0.20006122873363985 0.07475608076496831 -0.9344202229152396 -0.3482389630637207 -0.18560889504790784 -0.35615194610896617 0.9158084566992655,83.27010947031519 77.31201640863613 703.1176701715027,0.69
51,1603,4,0.0,-0.9784689707247454 -0.040063640072916656 -0.20246821496957337 0.11107902796818264 -0.9290127902278371 -0.35298255642273946 -0.17395379522879426 -0.36787245118002043 0.9134604188405223,87.886961922453 65.82822693159778 679.9059869829488,0.69
51,1611,4,0.0,-0.9813593640358431 -0.0054424749356224225 -0.19210460193795628 0.082712945441798 -0.9142425048257924 -0.3966348585616286 -0.1734715171880031 -0.4051308700116989 0.8976506062427948,85.12610023237406 63.54511547018779 681.4765127410733,0.69
51,1617,4,0.0,-0.9769416293335447 0.09150379970813535 -0.19290439993450792 -0.005543878007764708 -0.9140728138677742 -0.40551221481539196 -0.21343457613928007 -0.3950923253960054 0.8935030700123103,84.59018110764453 62.5454092909833 678.1923680924085,0.69
51,1628,4,0.0,-0.956743521074041 0.08444809572872657 -0.2784068138725016 0.026122779915474226 -0.9281448208283118 -0.37130148389020545 -0.2897575456348525 -0.3625130490028913 0.8857905249269117,85.4965508905147 70.69754380278818 649.0335884193528,0.69
51,1629,4,0.0,-0.9654345170227989 0.011650079458830571 -0.26038523189604634 0.0888909053471145 -0.9243922793368853 -0.37094112854862576 -0.2450195916401895 -0.3812652482864924 0.8914046276307488,87.98851527457435 73.84136390989795 659.5368762360798,0.69
51,1645,4,0.0,-0.9657887011883732 -0.2421302524969604 0.0928715536783636 0.15811116684987125 -0.8336386843602965 -0.5291950518054812 0.20555545133673092 -0.49640657203928307 0.8434023189806635,113.6360764408247 68.38620238267941 666.4485765867374,0.69
51,1650,4,0.0,-0.9647931660850104 0.1014529679816471 -0.24265498544925118 0.007461070188462211 -0.911679516148884 -0.41083426374412785 -0.26290393513088434 -0.3981805559319184 0.878825219125193,97.57583609004985 70.26566983331709 644.8158277149041,0.69
51,1673,4,0.0,-0.8667321761828527 0.011701566007427125 -0.49863654912401906 0.16061263760852978 -0.9399261113051225 -0.3012349347722828 -0.4722064330457258 -0.34117734192030424 0.812784784521972,107.8103341069605 78.53917725221652 661.2897888513829,0.69
51,1674,4,0.0,-0.974238130451842 0.0086103567955687 -0.2253573316525396 0.08989802688058188 -0.9016192479916552 -0.4230851881287509 -0.2068294223186776 -0.43244490216305637 0.8776177964561268,119.42604975095168 70.83022855944286 635.9396097783698,0.69
51,1687,4,0.0,0.085544733449132 -0.9947564116656247 -0.05605158364619739 0.18919863477421756 0.07145293178227191 -0.9793356703088526 0.9782054871951438 0.07317212577100463 0.1943189770235091,278.3046182934319 96.53849791690186 1284.7631241098857,0.69
51,1693,4,0.0,0.14007658345799934 -0.9877647852059345 0.06855129374277313 0.631520641094733 0.03580415811024924 -0.7745319503631296 0.7626009642257419 0.15178534635823754 0.6288091745457267,233.58586651127376 99.69374472819165 1067.1704279237863,0.69
51,1698,4,0.0,0.17832387988421397 -0.9808994295749395 0.07769750911450707 0.6275248786446749 0.052549324982040416 -0.7768211474502469 0.7579004687589439 0.18728288096750956 0.6249095950227387,231.0303238708011 101.15910387752824 1045.6982303821924,0.69
51,1699,4,0.0,-0.9455267000088647 0.0060872879449936565 -0.325487641079997 0.13090320679839038 -0.9083240262740195 -0.397255350805061 -0.2980664523562557 -0.41822291689818836 0.8580477735889341,116.95481207637329 77.82547685009554 645.3555595871223,0.69
51,1700,4,0.0,0.8594635286764891 0.47402194756346994 0.19137825399739838 -0.3903411585037573 0.8502824943517759 -0.35306296857199115 -0.330085175148631 0.22874193543610913 0.9158170691355565,150.2674647560923 87.79739711940195 679.1870030999912,0.69
51,1708,4,0.0,0.10513925449906955 -0.9894352284204979 0.09981816429817303 0.663630800868588 -0.004946985764577083 -0.7480439074481935 0.7406347934723944 0.14489118707610282 0.6560995706489844,232.83877411127565 99.71588569104878 1033.3387987041576,0.69
51,1709,4,0.0,0.16383077981771826 -0.9824735247471048 0.08891146582594478 0.625281509452055 0.0337094835844903 -0.7796708950921707 0.7630088528462026 0.18332878630337018 0.6198451795334503,238.01137423750686 99.45076865160891 1044.1220718702605,0.69
51,1715,4,0.0,-0.9694112758497966 0.019214098127567955 -0.24468877515818693 0.0943255251949614 -0.8912065688897085 -0.44368180812889757 -0.22659318955335855 -0.4531905449156871 0.8621333170960614,117.4351347100092 71.36997318625552 607.3041623863833,0.69
51,1717,4,0.0,-0.9878728691323073 -0.06773808781705722 -0.13970950537165244 0.1031325645956883 -0.9589061285816571 -0.264315551355675 -0.11606407089284487 -0.27551876166139205 0.9542633511878954,142.3913586590162 99.66746263737912 720.2424078537106,0.69
51,1729,4,0.0,-0.9604654556084067 -0.13628773908151287 -0.24275864713534992 0.22552782174306474 -0.8921422354338446 -0.39143254000521105 -0.16322778624598291 -0.4307062617737896 0.8876084755488114,118.8509195778874 83.78224298898066 611.789522581462,0.69
51,1927,4,0.0,-0.954091488163303 -0.20234493377548451 -0.22083016096024682 0.26724033600209374 -0.9080325717758494 -0.3225824722572896 -0.13524804999637435 -0.3667879174257676 0.9204208757968535,90.56529046540966 79.96275675776909 597.39975572454,0.69
53,1,4,0.0,-0.03234588190253307 -0.9961511694953409 0.08146527749300286 -0.6791160415643489 -0.037897535407777294 -0.7330519619372051 0.7333179024228964 -0.07903558896523033 -0.6752764098226758,-28.180611748468415 68.603364133657 769.6886308762088,0.69
53,14,4,0.0,-0.03206947846734198 -0.9943630240890502 0.1010629747994356 -0.6520298746136848 -0.05582171625730503 -0.7561355557076729 0.7575147464981095 -0.09014495170872072 -0.6465642245897443,-51.4373920714719 89.61440580120185 779.2229858925112,0.69
53,33,4,0.0,-0.07223714543125226 -0.986330062794634 0.14810402441351078 -0.6481414748209656 -0.06644243660900873 -0.7586158653985308 0.7580860264091721 -0.15079260540554218 -0.6344818096038377,-74.22460531845938 95.86058750112628 759.3588745350024,0.69
53,43,4,0.0,-0.06368075883730251 -0.9870518357960495 0.14721900150983958 -0.6573070339814292 -0.06951688659534572 -0.7504097984145905 0.7509275757571044 -0.14455475063012857 -0.6443692264826274,-80.26994693911027 93.71906171083567 760.1415120256439,0.69
53,52,4,0.0,-0.0721439094034736 -0.9815419232125466 0.17711778372653286 -0.6392881068690541 -0.09080019919176352 -0.7635876113731266 0.7655755826512262 -0.16831748810789543 -0.6209373965588512,-92.41826396735318 97.25054797341636 739.5936614661281,0.69
53,61,4,0.0,-0.06200592163414864 -0.9798002539431612 0.1901229287992814 -0.6339099134084882 -0.1084739150122147 -0.7657621245820176 0.7709173025459621 -0.16800259561935238 -0.6143790690611276,-98.85271978535896 101.62745798242311 743.4946879403279,0.69
53,75,4,0.0,-0.039778893351322786 -0.9803888074627245 0.19301664655039624 -0.6228804670088441 -0.12671380597195214 -0.7719867454787979 0.7813050386773324 -0.1509350773608275 -0.6056245032687275,-91.9732660372008 106.52144386426123 747.6787241111489,0.69
53,84,4,0.0,-0.03292407612497261 -0.9821751801548249 0.1850619374673101 -0.6241476385963163 -0.12441331438257575 -0.7713371846598507 0.7806124073097731 -0.1409015354500438 -0.6089261259478532,-93.94799285967723 102.23827485974262 740.7697872972959,0.69
53,93,4,0.0,-0.026241832653636332 -0.9823047968167439 0.18544177622583846 -0.6481229801400802 -0.12451543046040459 -0.7512872354776177 0.7610834177889567 -0.13990423055817697 -0.6333867992298268,-83.7109020218894 89.49911635499686 727.9198876430595,0.69
53,103,4,0.0,-0.006620890962479975 -0.9871030993162092 0.15994885158448868 -0.6284874612452075 -0.12030465574335691 -0.7684596937146582 0.7777915368917411 -0.10561373550256731 -0.619585396868565,-70.34736575647949 80.71548661840608 751.1279101571267,0.69
53,111,4,0.0,-0.012692154509994502 -0.9866172666091512 0.16255853851022845 -0.6246390333646005 -0.11912468183690395 -0.7717741821119659 0.7808104681747241 -0.11133588552638096 -0.6147677068477366,-79.86630307650461 86.96793070101822 758.9782818724686,0.69
53,118,4,0.0,-0.0029918666706848507 -0.9879511930179417 0.15473683772215036 -0.6349456364942778 -0.11766637207293029 -0.7635434916100533 0.7725510257780399 -0.10053390024076914 -0.6269432569791923,-78.53755383009162 80.59338246310354 755.969318578804,0.69
53,123,4,0.0,-0.0066098378077931175 -0.988852504314684 0.14875158740239414 -0.6228513902284633 -0.11230404249517223 -0.7742376558458732 0.7823122495107852 -0.09776771834209907 -0.6151658455372462,-70.92306181955271 77.78266491572239 764.962538187951,0.69
53,126,4,0.0,-0.008051838650590337 -0.9881746419910078 0.15312101364701064 -0.6111884932218199 -0.11633127147628941 -0.7828893031776273 0.7914441190934365 -0.09988949996197338 -0.6030242898505507,-72.20602899024973 81.69107716960379 769.2645899234147,0.69
53,131,4,0.0,-0.0054192510912033365 -0.9885552647651425 0.15076179961359376 -0.605249311952597 -0.11677000483038114 -0.7874249401389446 0.7960175262508473 -0.09551572895095167 -0.5976895878501232,-69.3820176877741 88.5909213578174 766.1965087026845,0.69
53,135,4,0.0,-0.021545326043877155 -0.9881160502519277 0.1521922145189864 -0.5899705681669547 -0.11033117007138027 -0.7998510871452515 0.8071372421233105 -0.10702197972944755 -0.5805822665500264,-73.47761819820325 92.59333236269889 792.4503970285169,0.69
53,138,4,0.0,-0.05727399218740248 -0.9880884313675021 0.14283186485034421 -0.6008894797797001 -0.08013410809948229 -0.7953051979015241 0.7972775695509058 -0.1313764686571004 -0.5891423432195235,-71.62794296617291 85.94511885417894 798.0243268861152,0.69
53,139,4,0.0,-0.03558357022188097 -0.9893026942805748 0.14147080483074903 -0.594191135952869 -0.09287727363572007 -0.7989434936195642 0.8035363734675012 -0.11248996013507595 -0.5845299867273752,-69.88106698401427 86.98971897598128 812.7892092034385,0.69
53,142,4,0.0,-0.04742979723411478 -0.9870739689299226 0.1530862312399811 -0.603733928056355 -0.09376809260341368 -0.7916519998857842 0.7957736854457897 -0.12997124555242145 -0.5914826429250291,-70.94745650348264 83.83593438600471 796.4176901473694,0.69
53,145,4,0.0,-0.05428494141915541 -0.9886516989733233 0.1400748487498027 -0.6011594441100335 -0.0796504732998391 -0.7951497499593563 0.797283179235856 -0.12737197580422804 -0.5900134844961535,-76.40986179534491 85.60461277589239 804.5985802754866,0.69
53,147,4,0.0,-0.06084218843309308 -0.9872835749129991 0.14686514499254177 -0.5883367160996786 -0.08338905499197713 -0.8043047768082638 0.8063238410190524 -0.13534181990262045 -0.5757816037263856,-80.74066196871428 86.82938567247832 812.8925807113717,0.69
53,152,4,0.0,-0.06118401541244034 -0.9895566048032772 0.130515294690779 -0.5678885511176389 -0.07302116316309037 -0.8198600510085964 0.8208283071188025 -0.12428047159759237 -0.5574901385782183,-89.74618096077684 86.3352858525886 829.5562046155189,0.69
53,153,4,0.0,-0.0750412313967318 -0.9876766722622242 0.1373448384886778 -0.5739288880957688 -0.06985495520816432 -0.8159202881666932 0.8154596525884137 -0.1400538335851047 -0.5616141724516034,-90.45466205105024 85.22561619934974 826.5189543627439,0.69
53,155,4,0.0,-0.063410011939384 -0.9897469938846748 0.12798460251958788 -0.5616277548955355 -0.07061800472567714 -0.82437088882345 0.8249566263245892 -0.12415307287704946 -0.5513914935672641,-89.65062479677253 85.29632506493589 828.09552160153,0.69
53,158,4,0.0,-0.09599839879331973 -0.9859451310550199 0.13673516730533714 -0.5774267728899455 -0.05673187382643785 -0.814469039584713 0.8107790262328092 -0.15714227006455306 -0.5638649462237717,-87.9563022868542 84.00825183728047 824.9128035739017,0.69
53,162,4,0.0,-0.1018960592868643 -0.9840879110555745 0.14556158976901634 -0.5804618095908318 -0.060014804742563044 -0.8120728482212963 0.8078869232190508 -0.1672399668918515 -0.5651101775456426,-86.80321370341647 83.36779458448879 833.0499676752245,0.69
53,164,4,0.0,-0.10313249966076032 -0.9858689504858501 0.13200795423629424 -0.5693841928532629 -0.05030546290475524 -0.8205309264925827 0.8155766845873913 -0.15978664797118236 -0.5561500684955204,-86.53012898051817 83.84063052735655 839.0093079842633,0.69
