scene_id,im_id,obj_id,score,R,t,time
50,620,10,0.0,0.4573402870506811 -0.8855383149329078 -0.08161957256802604 -0.36751989117688677 -0.10463252131127526 -0.9241110133925333 0.8097956479444246 0.45263001255974167 -0.37330561246844096,-6.973700591129527 82.57323816437543 813.8235088790688,0.69
50,623,10,0.0,0.45975953656643376 -0.8846045611634333 -0.0780764939342638 -0.3684850608337461 -0.11004043159004029 -0.9230979706173271 0.8079851041192332 0.4531731167934908 -0.37655570336552446,-6.322920890677238 79.11270250135925 815.2396690905741,0.69
50,629,10,0.0,0.45032269276119175 -0.8903750194243992 -0.06664680914575666 -0.36197761586931676 -0.11382206710025078 -0.9252117285522228 0.816199533198761 0.4407684900557518 -0.3735524865130702,-3.1230643097102564 75.40793577121833 814.8904719805706,0.69
50,633,10,0.0,0.45783836977381553 -0.88619421893349 -0.07101995136379968 -0.3622600255855456 -0.1130100218099625 -0.9252007397496349 0.8118815806665494 0.44932008779863525 -0.3727730645781853,0.8945749815912919 72.93621798659416 808.8261554349339,0.69
50,640,10,0.0,0.4473042386100442 -0.8912196968664707 -0.07514233186909375 -0.3757588205871018 -0.1110212418188089 -0.9200432558396372 0.8116182765761744 0.43977464204095007 -0.38454393421984323,10.698512901175325 74.87151853513221 821.5711952724366,0.69
50,642,10,0.0,0.4555338724641781 -0.8871201053308388 -0.07420788203143325 -0.36537570326007823 -0.11030131491018658 -0.9243020152505819 0.8117816741618358 0.4481646334182174 -0.3743781174803381,11.243844296511453 74.2353512085203 817.0178898900512,0.69
50,644,10,0.0,0.4707477507094209 -0.8779635171264333 -0.0870437694324167 -0.37201968383608336 -0.10806907024353629 -0.9219123770159494 0.7999986937742594 0.4663701734155825 -0.3774929817993947,11.70400536892744 71.57268465860483 802.7788726355124,0.69
50,651,10,0.0,0.4595654267034349 -0.8847012252526449 -0.07812400793199042 -0.37501747099787924 -0.11356171697553136 -0.9200356693541417 0.8050847874759799 0.45211445284799023 -0.383967455002007,16.464172016467774 68.98446908842777 808.4741959584695,0.69
50,653,10,0.0,0.4559911663512781 -0.885511811034662 -0.08911166437517237 -0.3895455754055211 -0.10855751893805882 -0.9145870706302348 0.8002039120696559 0.4517566796408501 -0.3944484776346491,18.82902029267004 69.41323616824506 809.3547270198563,0.69
50,660,10,0.0,0.4602549874180516 -0.8840845783970562 -0.08099262186957434 -0.3741521614060791 -0.1104305153977958 -0.9207688425354846 0.8050934769776538 0.4540920165665502 -0.3816083513480225,23.8036092134795 71.66957681084588 805.8699077410749,0.69
50,662,10,0.0,0.4626903805897674 -0.8821456447567526 -0.08795836029844128 -0.3783884058660527 -0.10678724976744802 -0.9194665288052919 0.8017105624948723 0.45871074188839156 -0.38320311749822356,24.68363229122453 73.48561918029077 811.7153823351447,0.69
50,671,10,0.0,0.4621693423510891 -0.8833249855808492 -0.07833561667182093 -0.35952175576332507 -0.10588883581585962 -0.9271093040102758 0.8106439453444514 0.456644855766661 -0.36651312333697894,30.669963335596634 72.68890977157535 807.4880965334745,0.69
50,681,10,0.0,0.4705024498516418 -0.8769586868054327 -0.09783100899047292 -0.3708932204529343 -0.09594416656120636 -0.9237060874135918 0.800665762790975 0.47089083505560647 -0.3703999969694648,38.295881788296924 72.68170601928766 799.8229600032273,0.69
50,682,10,0.0,0.4716938194041314 -0.8764015317313782 -0.09708396322172114 -0.367567051867109 -0.09535256509767986 -0.9250958602820654 0.8014982240265194 0.472046865796381 -0.36711354289122705,39.853208697800575 74.07389039617206 802.429325637435,0.69
50,701,10,0.0,0.46423849901661673 -0.8805424231778025 -0.09553877231240843 -0.346084710150848 -0.0810479273370876 -0.9346959970354883 0.8152962586879704 0.466986375024503 -0.34236783743639265,42.676835658343485 85.15488392563171 803.1855230692997,0.69
50,712,10,0.0,0.44946714633189777 -0.8875129378226936 -0.10148925837541489 -0.35987027340901173 -0.07591337346968952 -0.9299088912603075 0.8176017800156646 0.45448646286306804 -0.35351009093013697,52.340735510120126 91.79677576014461 806.5860704652092,0.69
50,721,10,0.0,0.454931233751044 -0.8842605748759513 -0.10545524300766218 -0.359209578809566 -0.0738554742527659 -0.9303299669549256 0.8148656644191158 0.4611166930864152 -0.35123403068017445,62.74731383624295 90.33187213792208 805.8529458500358,0.69
50,722,10,0.0,0.4545921892009695 -0.8849994903935121 -0.10060737309309487 -0.35907315933831163 -0.07872168807607205 -0.9299835278483468 0.81511496597736 0.4588886551546869 -0.3535658275484918,63.480169264515204 91.06377157803972 805.2393723763589,0.69
50,735,10,0.0,0.45433614242978326 -0.8827719664936262 -0.1195505117303971 -0.37441935413707617 -0.067459839637109 -0.9248023125423673 0.8083246977110118 0.4649331405794942 -0.361176352854516,72.38540760769135 90.85104721348533 807.0898912792887,0.69
50,737,10,0.0,0.4500767599290421 -0.8873973690097195 -0.099783864659589 -0.35724120252674296 -0.07651575901894908 -0.9308727420217013 0.8184189840106485 0.4546110954391478 -0.35145286812685994,72.61579010468647 91.43889726486772 806.5615108113632,0.69
50,751,10,0.0,0.4011269333844337 -0.9113891563149366 -0.09201624348531595 -0.3814329597494313 -0.07485593294601561 -0.9213606712463751 0.8328301630767161 0.40468060869571004 -0.3776605942050091,78.81925493579915 95.25567805617908 820.7501752055722,0.69
50,757,10,0.0,0.4150598229304324 -0.9039702058147141 -0.1027774799664885 -0.37673416489833783 -0.06794325022218956 -0.9238263276977968 0.8281284395474595 0.4221629800782497 -0.3687569739871248,80.21157218746264 94.79815335758168 813.5656244274137,0.69
50,769,10,0.0,0.408502702562331 -0.9067154685280538 -0.10484560616078908 -0.37690334862027447 -0.06294924243431244 -0.9241110640370938 0.8313058449199641 0.4170185271770281 -0.36745903199269275,84.19577627137974 95.54811028713088 813.2969062408775,0.69
50,923,10,0.0,0.24434927364911108 -0.9633110345492624 -0.11101929193965449 -0.4293859629774803 -0.004835117126036126 -0.903108142162543 0.8694372474566836 0.26834394414260176 -0.4148136935745228,105.30986051189953 83.88051114888867 808.6751622242662,0.69
50,1026,10,0.0,0.0920759005069205 -0.9906473347541549 -0.10069700437614831 -0.46901400252928266 0.0460595308839713 -0.8819888803415898 0.8783779903761835 0.12843822545970807 -0.4603864987849438,84.46198598571753 88.87465048741831 767.3410503858137,0.69
50,1044,10,0.0,0.03518638318981393 -0.994798454535019 -0.09559264246142102 -0.48880351083156115 0.06629889808499478 -0.8698710156749994 0.8716840288985219 0.0773336341280621 -0.4839281587134476,76.61325769371793 90.39241646590169 765.0090297454136,0.69
50,1052,10,0.0,0.020958542220871013 -0.9957734009268207 -0.08942076668542859 -0.48987980647124024 0.06773958156905924 -0.8691542580581133 0.8715380167954101 0.06202163409232836 -0.48638955805490003,73.8318277798636 89.87154300389408 765.041987152148,0.69
50,1058,10,0.0,0.018324015677238625 -0.9964146816460355 -0.08259547596382305 -0.48601955253920665 0.06331563724994804 -0.871651377919649 0.8737558154307472 0.05611516978378628 -0.4831168209875195,75.20403450435727 89.4335832840241 762.8925750219483,0.69
50,1066,10,0.0,0.006202682981863217 -0.9966688019074168 -0.0813192844795197 -0.48876864158240846 0.06792327923748331 -0.869765280488543 0.8723913925122793 0.045141194513010074 -0.4867191498476559,73.6472319196449 87.0445230392768 755.9404969725822,0.69
50,1077,10,0.0,-0.013905826074415595 -0.9973089329127203 -0.07198277803530101 -0.5027217751521182 0.06920266739801906 -0.8616738406223683 0.8643364187566618 0.02420502339371894 -0.5023312373856699,75.17634013434228 90.81990520819939 757.4200364840078,0.69
50,1094,10,0.0,-0.04412463297840763 -0.997605678717244 -0.053253418252993956 -0.4755034417907103 0.06785208829074452 -0.8770932510057149 0.878606563604956 -0.01337923412204678 -0.4773588822726544,75.42821609225444 100.93746970858315 751.3336305378457,0.69
50,1098,10,0.0,-0.015217577020143036 -0.9969878269703529 -0.07605062933710593 -0.4762618169047188 0.07410445170180358 -0.8761753317667595 0.8791718302517729 0.022886745310527312 -0.4759549241060952,74.07605917172026 99.90210082877682 743.8314964532427,0.69
50,1105,10,0.0,-0.01724444843349382 -0.9970091083694353 -0.07533569423990288 -0.4766359603827831 0.0744317986714601 -0.8759441013081333 0.8789316186531273 0.02080252808950861 -0.47649392919205025,76.65969382004845 102.62807433654703 750.6034238873523,0.69
50,1113,10,0.0,0.004513987730125568 -0.9965187444358532 -0.08324671706897963 -0.4559128005357027 0.0720413079979475 -0.8871040346259492 0.8900130011536149 0.041957620641968285 -0.4540004579817073,77.6572410826772 107.20997427045914 742.3853598225431,0.69
50,1125,10,0.0,-0.010772306377944685 -0.9968735883899685 -0.0782751952141102 -0.46813889993926716 0.07419889908238386 -0.8805342092949113 0.8835892302302877 0.027158279501278915 -0.4674745983212114,74.93171534482458 104.42842111879742 735.528951909647,0.69
50,1130,10,0.0,-0.01986464787770903 -0.9967571109014643 -0.07797857162105726 -0.467672100723951 0.07819888204524639 -0.8804361084436054 0.8836787889098284 0.018978849128420405 -0.46770888522308346,73.71302202270094 103.96440105730476 735.8889103601118,0.69
50,1145,10,0.0,-0.009624134246652538 -0.9962504957211669 -0.08597863580757464 -0.4615225787236399 0.08070218224733006 -0.8834500931624832 0.8870762567943546 0.031178639416239107 -0.4605687864758837,73.2196766771791 99.79085138068753 727.4908007895403,0.69
50,1150,10,0.0,-0.0493241814880957 -0.9970440059470198 -0.05890989157729193 -0.47316190208111153 0.07526922107635192 -0.8777541562291481 0.8795936218160714 -0.015420588953673264 -0.47547583103330066,73.5953268620081 98.00778214693999 729.4459162200509,0.69
50,1169,10,0.0,-0.056113103218189075 -0.9964804724388685 -0.062273491111663304 -0.4769026184820584 0.0815470796254828 -0.8751651080164882 0.8771631616365232 -0.01940983906591537 -0.4798000062685014,74.99856353712866 94.36197159610595 735.530946738587,0.69
50,1189,10,0.0,-0.0730502425136057 -0.9959575281756972 -0.052271064068554085 -0.4729704474259995 0.08073811633005812 -0.8773712512004961 0.8780447698895275 -0.03936951411472489 -0.4769564166965544,76.79055098590851 95.74197552046638 735.761085406793,0.69
50,1192,10,0.0,-0.08060059847831003 -0.9953510033399184 -0.0527249815092975 -0.464649180153099 0.0843185527282404 -0.8814712253096342 0.8818189626606988 -0.04654848886948321 -0.46928515347917893,78.62179015283643 100.53403901053233 743.1916551463181,0.69
50,1209,10,0.0,-0.11066493845783165 -0.9925261545692639 -0.0514305735149293 -0.4829928857938309 0.09893528127745199 -0.8700170586782189 0.8686029839165141 -0.07143978313588151 -0.49033173843513966,73.81140710976317 104.96833955782645 733.7174003296216,0.69
50,1216,10,0.0,-0.0865348617970011 -0.9937264129850818 -0.0708486685095508 -0.4669048670691533 0.10327474247482316 -0.8782563251545047 0.8800633856722537 -0.04292020156710874 -0.472912564325086,75.3379702751444 103.96557128926277 734.8065788926804,0.69
50,1242,10,0.0,-0.10771535023384216 -0.9914079171248589 -0.07421418453469525 -0.4614754407982977 0.1159787782448245 -0.8795392774270259 0.880589473514201 -0.06049185779083782 -0.47000310028445075,68.64190846710494 108.35052489186981 728.5327458546901,0.69
50,1246,10,0.0,-0.1330697746579449 -0.9896445613223382 -0.053815214554998714 -0.45595191214110986 0.1093386369972782 -0.8832626541830255 0.8800001641405241 -0.09299841237727774 -0.4657799978616045,65.86273098605305 108.30484658038726 727.0080026823301,0.69
50,1263,10,0.0,-0.1710269683995398 -0.9846176132340971 -0.035748171830916 -0.4587283664674437 0.11168599239108912 -0.8815296506083776 0.8719621906242114 -0.13436664322966285 -0.47077334600529264,66.24051858241754 101.33717212710283 727.80896445639,0.69
50,1266,10,0.0,-0.15715197655254032 -0.9864994677838749 -0.046065782613145534 -0.46026992035108216 0.11443230195232978 -0.8803731303770574 0.8737590381138489 -0.11714968344823912 -0.47203929389653454,66.78651954799092 98.61178376816964 724.005938677042,0.69
50,1280,10,0.0,-0.20887716000755696 -0.9777214457794098 -0.02076310405980103 -0.46545871092643576 0.11806659689218957 -0.877159316841016 0.8600689044779366 -0.17355417932541373 -0.47975037924821273,67.13271838130227 94.77323207794709 721.8415321214771,0.69
50,1284,10,0.0,-0.22913161566504547 -0.9733788662765577 -0.0056820233094569406 -0.4672992557737928 0.11511831845230491 -0.8765724033472495 0.8538911571482546 -0.1981952457625486 -0.4812364660965933,69.05918986908353 95.0045103185101 729.0250379044688,0.69
50,1324,10,0.0,-0.27070650493000226 -0.9625818499163752 -0.01241653736560766 -0.47655805608935214 0.14520671842613275 -0.8670682949458199 0.8364271679978601 -0.22880382675008443 -0.49803453846053364,58.7194668637765 86.06062402267327 726.7203864051961,0.69
50,1480,10,0.0,-0.3530361743429506 -0.9356028057526539 -0.0035846161657802633 -0.37767434059491667 0.1460131475790094 -0.9143534618462741 0.8559950654422541 -0.3214460306207448 -0.4049010957464532,81.16933464265645 119.60926083585098 818.1361003770752,0.69
50,1542,10,0.0,-0.3237560035626065 -0.9456692043025743 -0.029863124265644803 -0.4174951332698373 0.17111382959122334 -0.8924224733939785 0.8490464438728722 -0.2764594244303518 -0.4502114201022318,84.76923143879404 70.13089466399234 830.6504201323892,0.69
50,1564,10,0.0,-0.300919940548394 -0.9517248179383861 -0.06055625731909764 -0.4018297095048813 0.18412701335414894 -0.8970117766855148 0.8648584126546806 -0.24559542722417854 -0.43783879703265155,85.85195569101984 66.8189188417142 829.6212426187069,0.69
50,1592,10,0.0,-0.334496567228656 -0.9411070265240904 -0.04929108579885649 -0.3950726451545001 0.18752199048252138 -0.8993070155047718 0.855587313815996 -0.28134154992190213 -0.4345311044386468,88.86123683837378 70.40402247393213 822.4213893967419,0.69
50,1593,10,0.0,-0.3236413353087112 -0.944585752446123 -0.05490029467485691 -0.3875581888079415 0.18527353565063032 -0.9030350864033041 0.8631656482781869 -0.270982422424973 -0.42604411786714197,90.05858583750567 71.94403693875583 826.3585838385172,0.69
50,1613,10,0.0,-0.35749750733878316 -0.9331021622000519 -0.03893439538691018 -0.4057056547506488 0.19271728486308848 -0.8934556339395628 0.8411887148255757 -0.30361225767841893 -0.4474607726242708,84.21079927875843 74.6263680816809 812.9909796908534,0.69
50,1629,10,0.0,-0.3098518000751931 -0.9480740819026244 -0.07174536371542323 -0.3745955898683816 0.19108481174042624 -0.9072842656925586 0.8738821465399793 -0.25424816606343853 -0.4143523428340382,84.91641689285238 76.19248187831259 815.1252354945763,0.69
50,1656,10,0.0,-0.3544527254949902 -0.9339160085550275 -0.04652047241611629 -0.39923859069941176 0.1961375110454462 -0.8956219204872359 0.8455600588281831 -0.29888286288367694 -0.44237678644899125,82.43715276542606 64.99352145185811 800.0780924431626,0.69
50,1658,10,0.0,-0.3513103621350433 -0.9350359568858482 -0.04784128747338512 -0.3943856339148573 0.19413481036776015 -0.898204679995072 0.8491413317099343 -0.2966806949129656 -0.4369663191229261,84.02341611986981 64.58941428909237 802.8212735960691,0.69
50,1669,10,0.0,-0.3981089460478959 -0.9169180894791362 -0.027757598285233054 -0.3937631617729054 0.19813760582004236 -0.8976035102374023 0.8285287197841957 -0.34641406776548833 -0.4399289194255469,78.73562658222487 67.8850817814484 787.5419610728832,0.69
50,1678,10,0.0,-0.37635983800133144 -0.9254225952333454 -0.04411680599489243 -0.38664081723865895 0.2001594820808401 -0.9002472216997679 0.8419395172960069 -0.32175954059624856 -0.43313813876251717,70.79540562346325 73.22843535782135 782.4131317894429,0.69
50,1695,10,0.0,-0.34912339797886216 -0.9357402999178679 -0.050029432270529195 -0.40813549123832576 0.19989970283326253 -0.8907668211147199 0.8435272809905696 -0.2905687524782932 -0.4516984904865909,64.46144949865977 66.78054557590545 767.1078546910114,0.69
50,1708,10,0.0,-0.3816085636193589 -0.9238000764495601 -0.031117887527223054 -0.4060335571150876 0.19778006972450135 -0.8921994140976783 0.8303683849165013 -0.327836030313263 -0.45056839942410815,58.10754265921357 67.5897678132548 754.0956274906858,0.69
50,1711,10,0.0,-0.3741739342997538 -0.9268318900994987 -0.031249230154266172 -0.4360061054184525 0.20556177443135049 -0.8761524027990041 0.8184696347015428 -0.3142085364645998 -0.48102022066052225,57.92862150514013 67.34952445989614 754.1974268612881,0.69
50,1713,10,0.0,-0.3506693654910019 -0.9354396637228428 -0.04453797975024204 -0.403790339340475 0.19393713680434743 -0.8940591416810388 0.8449759511142563 -0.2955351459678303 -0.4457293119555086,59.15865300721789 66.93507172566405 752.5271167959108,0.69
50,1714,10,0.0,-0.3712988364064988 -0.9281343327430012 -0.026529878757435177 -0.41742276499883607 0.19237538061411374 -0.8881159542505142 0.8293946041203225 -0.31868224506125076 -0.45885315443921093,60.094613307140506 64.83182213010465 748.4775966126598,0.69
50,1718,10,0.0,-0.35688006275761314 -0.933418036914115 -0.03697822561348951 -0.411425300963445 0.19259538569383206 -0.8908626376364557 0.8386690900070545 -0.30271733642598714 -0.452765250095339,62.68527178724383 59.819645921870276 746.1598479558482,0.69
50,1719,10,0.0,-0.3689338158525746 -0.9290389211542106 -0.02783024435895093 -0.42926656369841687 0.19687247742321534 -0.8814598373855717 0.8243895055196977 -0.3132537479645946 -0.47143825955804924,63.9542152747893 59.42878776748107 752.4889954397587,0.69
50,1733,10,0.0,-0.3842356033762855 -0.9230707674382682 -0.01741721559228876 -0.4394287908232565 0.19944210163028697 -0.8758568295634308 0.8119515619134385 -0.3288817513913178 -0.48225662743824155,59.81313100063291 71.17608788562465 735.2477451950784,0.69
50,1743,10,0.0,-0.38989008390987595 -0.9208048598981897 -0.010204531181057463 -0.4018469246642727 0.18010110644951827 -0.8978210515428591 0.8285558349360749 -0.3459508656493497 -0.44024223667186835,69.78003525510258 69.86644810848658 736.3249822760426,0.69
50,1745,10,0.0,-0.35698999060753933 -0.9336164278122565 -0.03030696825996737 -0.4163265600328381 0.18806870454610547 -0.8895517735250565 0.8361999414118927 -0.30494348343493327 -0.4558279608507095,72.84739450182825 68.82539399122616 745.4690188978288,0.69
50,1756,10,0.0,-0.38246533435781244 -0.9239256767510994 -0.009033927971251743 -0.43360817593603895 0.18811169644606995 -0.8812479443502849 0.8159069908855958 -0.3331296046589146 -0.47256793027437605,71.24170933555541 67.54276046527926 742.8680771940668,0.69
50,1778,10,0.0,-0.33641387041895204 -0.9412013777154247 -0.031075301709349468 -0.4288783110923268 0.18250505263833494 -0.884734592991634 0.8383848174104384 -0.2843094658080617 -0.46505808840143903,83.62121548510895 63.433137303499336 748.727096107418,0.69
50,1782,10,0.0,-0.3269949237423484 -0.9444097783926461 -0.03412462927401255 -0.38937066134023735 0.16754318303655114 -0.9057150599970428 0.8610835081071997 -0.2828770975076168 -0.422511230349519,82.49784061570506 63.191670944675735 755.2065504557876,0.69
50,1874,10,0.0,-0.43363247032253804 -0.9009654471421545 -0.014971430723575485 -0.3709498815187732 0.1936296204026413 -0.908242123832592 0.8211936836600617 -0.3882896253554386 -0.41817711649270317,76.77921721693076 75.97003367795996 726.0916959081725,0.69
56,1,10,0.0,0.8074106640692219 0.5253912512536058 0.2684251341686696 0.5320985591056239 -0.45191422797661585 -0.7159920767368995 -0.2548708358071135 0.7209282652653244 -0.6444402946716736,-2.8827101715513677 103.58032090724383 829.6473648732612,0.69
56,24,10,0.0,0.8292434794637457 0.5097185881321574 0.22922088185726122 0.48576354572303176 -0.4545131470303421 -0.7466267988916301 -0.2763856534146599 0.7304825528985169 -0.6245047721974724,2.6592896278687634 109.28148547206777 845.8024343142202,0.69
56,32,10,0.0,0.8350104303209644 0.5200401981039535 0.17976588556007733 0.46015815427230283 -0.48086813209826085 -0.7463379345772511 -0.301682041745785 0.7059206980166614 -0.6408306436179251,13.005001512644426 107.91417620276266 846.319548442101,0.69
56,39,10,0.0,0.8447694680614241 0.48372378198149635 0.2288577037740613 0.4607044058126517 -0.4398420953517698 -0.7709023165235503 -0.2722425321216906 0.7566704922897961 -0.5944188504765708,14.440957306893953 110.00942806268917 841.0454693114907,0.69
56,46,10,0.0,0.8427134521303351 0.4894132774493495 0.22429596843202537 0.45337533668669006 -0.42048426780711184 -0.785903164907069 -0.29031851763675787 0.7639814293443287 -0.5762356583327626,17.504256797841183 107.71623541381985 817.7499291889142,0.69
56,53,10,0.0,0.86137716563697 0.45947996827723414 0.21658147952023116 0.4326893573182352 -0.44033679170228457 -0.7866914451911065 -0.2661001664463083 0.7713505484702081 -0.5781081497366701,17.284611725010212 105.31682274894851 834.4439808994489,0.69
56,62,10,0.0,0.8647613690362226 0.4420951026247345 0.23820095477941308 0.43720498207956227 -0.4294262263936436 -0.7902182734726684 -0.2470618915725535 0.7874928801713326 -0.5646373928567352,18.42912625778878 105.39070069990068 829.2819675899302,0.69
56,75,10,0.0,0.8842374784013057 0.40366172755508756 0.23490698477853378 0.40647693576637434 -0.4174507351101729 -0.8127185148905831 -0.23000126625842487 0.8141204416198002 -0.5332047674733438,9.68489413255658 104.30198497542823 830.9255420046695,0.69
56,85,10,0.0,0.8846908697907713 0.39195727324833307 0.2523718701768887 0.4118445571562832 -0.40349907246488437 -0.8170511362581433 -0.21841731993959124 0.8267756615114584 -0.5183974150038719,12.249826405895584 104.39422840123504 823.7979981479908,0.69
56,98,10,0.0,0.8926566305744206 0.3849069772488754 0.23454372461580855 0.3932724351196338 -0.4108549390059889 -0.8225174836253991 -0.22022927068533824 0.8264652672432876 -0.5181256897451478,16.900801888060464 94.73663930983378 831.3250961836364,0.69
56,104,10,0.0,0.9027663541779427 0.364931545876599 0.227679328416922 0.37665481822283325 -0.4150874519180573 -0.8281506838551175 -0.207711476991016 0.8333830896318272 -0.5121802107090047,26.14951427111388 90.78064816211821 821.6866367172515,0.69
56,107,10,0.0,0.8839605290223269 0.3839543764818446 0.26681982668273607 0.42547254154769143 -0.42392720130966877 -0.7995366435496871 -0.1938734110689638 0.8202833441989354 -0.538096957536739,28.813447361848493 91.35649568488216 832.6553905660686,0.69
56,116,10,0.0,0.891820458958124 0.3938978554439716 0.22248763664608606 0.39047475858882486 -0.4218921229541741 -0.818252100207643 -0.22844196612864226 0.8166097697590078 -0.5300591967369496,37.18227299053339 85.16760000992453 825.2558515245096,0.69
56,119,10,0.0,0.8962648511594756 0.38595438038509566 0.21851437672986143 0.3850333642900834 -0.4325542485599003 -0.8152583212922392 -0.2201331982222192 0.814822703607562 -0.5362884827461059,40.832277221376664 85.76117082046383 827.369901159526,0.69
56,128,10,0.0,0.9040285485871602 0.4015657049059715 0.14655158812774097 0.3432743513246959 -0.4776630125089746 -0.8087031384899286 -0.2547451727943084 0.7813981258770855 -0.5696682067781004,44.16382898371647 81.62458480566781 849.4322917329645,0.69
56,132,10,0.0,0.8804425242447496 0.4567166300986656 0.12740047603071325 0.41236937150112796 -0.6049381935152074 -0.6811763967389962 -0.2340351745983888 0.6522727204305546 -0.7209492598184878,46.32518043563069 79.42523158054514 889.3140704802298,0.69
56,140,10,0.0,0.9072378511690093 0.3861342160745494 0.16679283132896427 0.34217397741730843 -0.44692004139163116 -0.8265466990926298 -0.24461490262177088 0.8069466176761608 -0.5375878585276509,49.971907762572194 83.42634275939776 833.7567359469488,0.69
56,143,10,0.0,0.9131958621313707 0.36868508881595324 0.17362206850200704 0.33932300193261405 -0.45196990011822785 -0.8249746115769615 -0.22568388898098626 0.8122773631413668 -0.5378403737007162,51.74280403791765 86.3289267917766 838.2990007951561,0.69
56,254,10,0.0,0.9642681188832142 0.24716894878729317 0.09536511763119859 0.21452545436436427 -0.5172543870335898 -0.8285087377476887 -0.15545360830547156 0.8193628072166137 -0.5517959458123259,39.375111028371514 94.26606253847797 873.7909733872358,0.69
56,357,10,0.0,0.9965008374800508 0.04310505690902541 0.07161029933206733 0.08330645096716607 -0.5818228389758876 -0.809037835501711 0.006790885716440535 0.8121724805205531 -0.583377875614321,10.30170891180757 94.04936317410893 842.1014169077431,0.69
56,498,10,0.0,0.9815653717803479 -0.1305141328508527 0.1396262226370731 0.08593859324536833 -0.3511417985429605 -0.932370095781188 0.17071607748748993 0.9271814808559351 -0.3334524290585996,9.911378243220817 90.47646971959855 759.8693205560321,0.69
56,515,10,0.0,0.9905985712251046 -0.13648526723522073 0.009286684796592212 -0.053347382237716366 -0.44791678566897686 -0.8924822742914028 0.12597034371297022 0.8835962454332308 -0.45098685963244417,12.925756388782446 80.71870634883065 789.6695567695782,0.69
56,517,10,0.0,0.9830421934153346 -0.14374003497958185 0.11387206992602215 0.056165170542032294 -0.35511986318602856 -0.9331320144485029 0.17456666229023432 0.9237037864568951 -0.3410246256534011,13.190624394594558 84.88285338337852 752.7126450260623,0.69
56,522,10,0.0,0.981699722908445 -0.15582850901063308 0.10946748293902409 0.04964546296333633 -0.34553464718783766 -0.9370918501406 0.1838504339093016 0.925377373492728 -0.33147508892684824,7.415048989960605 83.6664211562458 746.7585015777063,0.69
56,527,10,0.0,0.9801751775679288 -0.1582300465610418 0.11924711168397271 0.05475536346691925 -0.362090352512441 -0.9305334098188103 0.19041657346797541 0.9186151691446789 -0.34624803185867836,19.49582589757363 85.6907451298017 758.6107339391242,0.69
56,535,10,0.0,0.9890460547439046 -0.11865924542212002 0.08779456174143102 0.04202183124225496 -0.34382450331312386 -0.9380932131832801 0.1414993543962809 0.9315066797384423 -0.3350719897396661,32.908372025271326 94.37511874763544 750.9265826775011,0.69
56,538,10,0.0,0.9864576742414335 -0.11872446941225472 0.11316252600998425 0.0667788528276433 -0.3394454943178779 -0.9382522801476773 0.14980601371508998 0.9331030257962248 -0.3269203289866266,32.461002606476725 98.54172582811007 755.8133071989207,0.69
56,551,10,0.0,0.9856523216694018 -0.13625345303858546 0.09962177132926728 0.049238199233992676 -0.3324385367661769 -0.9418387436334084 0.1614468969163312 0.9332307409252147 -0.3209599409089276,33.01172686333414 97.46789152356187 759.4273666608447,0.69
56,553,10,0.0,0.9875898803497025 -0.12984659082654315 0.08835208589266239 0.04072960604253049 -0.3315635885089814 -0.9425532801739471 0.15168166475378747 0.934454626841652 -0.3221602442135722,35.88551877440615 94.89324717908411 758.3669571209648,0.69
56,559,10,0.0,0.9931148350466307 -0.11588995922805492 0.017100928642122697 -0.03745229767892266 -0.45242590883935274 -0.8910152200773312 0.1109966207092476 0.8842399642410456 -0.45365122707882316,46.51725587775285 85.28906979823564 801.5753707449468,0.69
56,563,10,0.0,0.9885401602024063 -0.12593055797878872 0.08324569799185894 0.03413428011911633 -0.3506989116613439 -0.935865975597093 0.14704830018653925 0.927982633418697 -0.3423814093749099,48.925386516036575 85.6403578085719 773.7687143731406,0.69
56,567,10,0.0,0.9867446876378858 -0.13052174082175244 0.09643130503767816 0.04406219627287349 -0.35641592668349387 -0.9332878495222986 0.15618400775374292 0.9251658026425346 -0.3459404476825067,53.178455411336095 85.81441266371623 779.9107807702561,0.69
56,570,10,0.0,0.9899383239731523 -0.11923349124964544 0.07619376151396492 0.029657200156203788 -0.351679245771271 -0.9356506605419808 0.13835665942816452 0.928496140357175 -0.3446046316196406,58.42400414135896 83.40678917879369 779.1733800165044,0.69
56,575,10,0.0,0.9883793291582593 -0.12080620499042855 0.09226138156606604 0.043945368553192365 -0.3539463036473151 -0.934232743333869 0.14551668727466538 0.9274307925501574 -0.3445243369551621,61.2253218686794 87.79444664840807 771.5871576957132,0.69
56,578,10,0.0,0.9889638934303651 -0.12740244602524967 0.07562429661052739 0.027408174240021184 -0.3442999064380296 -0.938459571005375 0.14559948308933762 0.9301753550667461 -0.3370083075393992,61.795188847902864 88.11989642728729 774.3023520064692,0.69
56,587,10,0.0,0.9874246280606818 -0.12348728998899655 0.09870913387522695 0.051927408285705946 -0.3363958039496532 -0.9402879385346787 0.14931894778611857 0.9335891774738179 -0.32575312667080636,61.14660267912747 93.79528455625253 770.6353892841088,0.69
56,589,10,0.0,0.9850579968308064 -0.13791253683386373 0.10315461726809419 0.04989578190977963 -0.3447397678068597 -0.9373712729970362 0.16483674901941778 0.928512048751399 -0.33270741124325565,58.138493818759265 96.26518253260801 788.9690084243015,0.69
56,596,10,0.0,0.9875827943493165 -0.13535086446958863 0.07975191403678114 0.03190311343495514 -0.3242846131859883 -0.9454214303705888 0.15382592648299398 0.9362262724032844 -0.31593979047201304,61.59784927252294 91.65057783496262 770.2508393122663,0.69
56,598,10,0.0,0.9860687906190726 -0.14066651511592643 0.08877652669585867 0.03628688458474194 -0.338943732940542 -0.940106593907023 0.16233176575819436 0.9302311956849607 -0.3291174872296446,64.74259115373567 92.6736296579571 792.2269957952547,0.69
56,601,10,0.0,0.9878288705465151 -0.13441643207615248 0.07827097356436183 0.031067362045770285 -0.32256493600011876 -0.9460373571264278 0.15241043773414265 0.9369546866584084 -0.3144629924466958,64.80428463108295 91.42510753882492 781.7691934106738,0.69
56,603,10,0.0,0.9858013561524093 -0.13825740333684627 0.09529205964099684 0.042684851353222156 -0.34252425429332173 -0.938538831740998 0.16239978347591483 0.929280380532892 -0.3317593776875335,64.07923647047025 92.39672633716371 796.6184761062063,0.69
56,604,10,0.0,0.98507756088577 -0.14293007050744994 0.09588114509160733 0.043990421206356475 -0.32949415873684984 -0.9431322506416495 0.16639423632274591 0.9332762690131102 -0.3182897482099277,62.21958643254634 91.96385495786394 788.329466406402,0.69
56,608,10,0.0,0.9840528361660783 -0.1526902154711724 0.09124534910264966 0.03345183789998367 -0.3449582254945146 -0.9380217466587801 0.1747025763250522 0.9261152848123404 -0.33434935181983944,57.01276064572283 90.35140264303541 798.8131109213907,0.69
56,628,10,0.0,0.9778743681578281 -0.18635264545278454 0.0950495220013118 0.02689301796105209 -0.33860657570623637 -0.9405436472984353 0.20745719000525292 0.922289693329187 -0.3261031062315703,44.645568520949936 82.13124824692584 786.894891342013,0.69
56,631,10,0.0,0.9787261934612193 -0.18108956778813243 0.09644483745239554 0.02945144535052016 -0.3412003806078131 -0.9395290908959916 0.20304593224114817 0.922382170638283 -0.3286084002105427,48.774526527441566 82.06020068033625 788.5330747140908,0.69
56,634,10,0.0,0.9799595660035972 -0.18302339084192032 0.0786237076381305 0.012977776987477208 -0.33520438227436417 -0.9420560489740114 0.1987733037973255 0.9241971978472924 -0.3261115042262516,49.654333651831095 81.22718937930146 789.1404325675579,0.69
56,644,10,0.0,0.9765485274896344 -0.19163630426079487 0.09812492215075366 0.02654738753004271 -0.34510596818644856 -0.9381882044331105 0.21365441646068808 0.9187912698819891 -0.33192528182632436,54.76896603295988 86.0484970492287 799.865637681696,0.69
56,653,10,0.0,0.9790713357984646 -0.1922217108962614 0.06685905531731695 -6.602590232292205e-05 -0.32881767469400147 -0.9443934203759629 0.20351735812551758 0.9246241131773193 -0.321948651608709,53.48638955651265 86.20348520366318 781.8544041658839,0.69
56,753,10,0.0,0.958406695799955 -0.277468588505954 0.06684151283690486 -0.03855213890735912 -0.357910977560534 -0.9329595193401108 0.2827902721655754 0.8915777669582035 -0.35372128496083366,54.49615928291659 94.99832924860506 754.0349363708089,0.69
56,956,10,0.0,0.8935192904607832 -0.44864005115782457 0.018584457795774362 -0.1435355473031175 -0.32459510753983956 -0.9348986912075523 0.42546542072752846 0.832682484899439 -0.35442778546107606,38.32055051745024 77.30029185430641 743.586069741464,0.69
56,1025,10,0.0,0.8455584944180079 -0.5334622383888251 -0.02118661678363526 -0.20776197644004804 -0.2922363864935777 -0.9335056805156043 0.4917985295456638 0.793735431124478 -0.35793612798146285,45.44867010240165 70.75565255532325 756.9661444498753,0.69
56,1028,10,0.0,0.8429879743790248 -0.5366645239159298 -0.03691156759657199 -0.22758462493607 -0.2936307689927895 -0.9284321246022303 0.4874182121598004 0.7910576213341171 -0.36966380156048856,42.57587190089095 73.06521202748178 761.9373895273402,0.69
56,1036,10,0.0,0.8341674635534286 -0.5512630735122115 -0.016542869482324446 -0.2169871693301593 -0.30047167849718914 -0.9287805654551383 0.5070317653706954 0.7783481189049998 -0.37026071179929987,34.24886523422868 72.21922443396679 763.0217716719757,0.69
56,1037,10,0.0,0.83056312547057 -0.5560501186491636 -0.031195515043172445 -0.2348691758597845 -0.29893046460400585 -0.9249200222519668 0.5049765983087765 0.7755313294006144 -0.37887965408373725,34.585817449453934 72.09976735135065 773.4089136804691,0.69
56,1044,10,0.0,0.8267011557979136 -0.5622459092734128 -0.021088776818647292 -0.22489794544175037 -0.29585808619261017 -0.9283797213266376 0.5157384154185849 0.77223541121847 -0.37103417163620894,37.86777529901395 74.77339008219835 760.6414935695161,0.69
56,1046,10,0.0,0.8296717572491707 -0.557887346299992 -0.020161449884020244 -0.22346399871383738 -0.2987992146153753 -0.9277838490855815 0.5115746441154948 0.7742614146291856 -0.37257300669065807,39.96339243507873 76.93487103559694 760.3276705251637,0.69
56,1047,10,0.0,0.8287269506421526 -0.5593408272180445 -0.018694391843334157 -0.2191962533306794 -0.2936669082332668 -0.9304368595098254 0.5149413984184521 0.7751758419969934 -0.3659750950257425,41.34139499099655 78.57170279723735 757.4799634698958,0.69
56,1048,10,0.0,0.8268910874692539 -0.5621705852618951 -0.01467523526942599 -0.21696678813294454 -0.2948416576632294 -0.9305878839495348 0.5188222646641032 0.7726788660062455 -0.36577428520347627,42.13872696768771 79.9460311335014 761.8019004694585,0.69
56,1049,10,0.0,0.8283625637911696 -0.5601916966318339 -0.0008520176452269657 -0.20308728209037347 -0.2988895733398928 -0.9324272512115044 0.5220833446514699 0.772560862310177 -0.3613567423808366,42.564179383280326 80.5977307767973 763.8910002708552,0.69
56,1054,10,0.0,0.8308202191997133 -0.5561397423814125 -0.02112700435169218 -0.2231845972250113 -0.2981610782319887 -0.9280563598128334 0.5098297744644282 0.7757632102461897 -0.37184007677774084,50.54230153819839 80.27096760951667 769.3942102292243,0.69
56,1062,10,0.0,0.8393388638191843 -0.5433120408658048 -0.017952658102778074 -0.21575037617145226 -0.3026271758570497 -0.9283687670396195 0.4989609672755955 0.7830892788712029 -0.3712265271399413,61.806016702879425 78.74134056948608 773.3925597604481,0.69
56,1064,10,0.0,0.8341332739737701 -0.5503452981191777 -0.036629688613365935 -0.23321307937719465 -0.2917292624365045 -0.9276344630540949 0.4998333130726732 0.7823132941963638 -0.3716888064852485,64.2188261582665 79.62161506188345 779.7166776835332,0.69
56,1070,10,0.0,0.8336389627395246 -0.5510610504463568 -0.037118707999152484 -0.23520661550033226 -0.2934032582203796 -0.9266025987933251 0.49972385156949173 0.7811825950100417 -0.3742055924567798,64.4567081690625 84.39307525635512 787.9167590894892,0.69
56,1071,10,0.0,0.8363155445367814 -0.5477954853210352 -0.02228040008702123 -0.21774563362492932 -0.294585179334093 -0.9304871902148778 0.5031532062934949 0.7830323610034208 -0.365646239715362,63.22708648045231 85.95975649922705 792.3539879558822,0.69
56,1078,10,0.0,0.8326078377556874 -0.5524506284269077 -0.03952836523958739 -0.2304074735186751 -0.2805824001024964 -0.9317649450904792 0.5036631658703469 0.7849024269955072 -0.36090385900128874,62.09238043211158 86.31354975064562 789.2668394945656,0.69
56,1087,10,0.0,0.8319567672571322 -0.553689618293909 -0.03571755882765565 -0.2299854888946651 -0.28555324467426363 -0.9303580060137506 0.5049303044113549 0.782232159304094 -0.36490853187821054,66.76771398849664 81.54817745734489 803.3405637403947,0.69
56,1097,10,0.0,0.8206221620367231 -0.5706383524057663 -0.03084052427904399 -0.23534270795750262 -0.2882771843807742 -0.9281756702137385 0.520762015689896 0.7689396177393422 -0.37086222143199077,62.224278567775585 73.81749819776891 805.6010559582542,0.69
56,1108,10,0.0,0.822076141922014 -0.5691607855923531 -0.01571041140495011 -0.2233630396815713 -0.2969917604257506 -0.9283883060139343 0.5237363548454758 0.7667150020595065 -0.3712793237308871,71.37836567482383 72.46596612694229 817.4465038469243,0.69
56,1116,10,0.0,0.8316540571235425 -0.5533227875494607 -0.04674849782020493 -0.24308405629111765 -0.2870783431833661 -0.9265506820741919 0.49926112491061037 0.7819334483532393 -0.3732538164565824,74.30748332915651 74.03854484478134 814.5724834095566,0.69
56,1124,10,0.0,0.8198897947740806 -0.5720971063909197 -0.022036907325027888 -0.23409083247564372 -0.2998592068645928 -0.9248167051958983 0.5224769914323264 0.7634064166076112 -0.3797741914692871,77.71625888676043 71.91420375421585 835.3968923907382,0.69
56,1135,10,0.0,0.8039565269170222 -0.5946252747292743 -0.008642076177293512 -0.2252626852647608 -0.29105039042991626 -0.9298098691979467 0.5503731692722933 0.7494734504195119 -0.36793874715969127,51.15083389898302 65.06789095623935 815.7159937528291,0.69
56,1146,10,0.0,0.8166752528802579 -0.5770952736981045 0.0016051193963335098 -0.18666064624509832 -0.2667822635604241 -0.9455078143478978 0.5460763082906352 0.7718732207590092 -0.3255954492906571,55.074634849635515 70.48055431442434 802.6815582936207,0.69
56,1158,10,0.0,0.8257957433408836 -0.5630449093298989 -0.03227724210281932 -0.2108006980290387 -0.2550764442480594 -0.9436625844549719 0.5230912501567466 0.7860766105586993 -0.329331301795015,66.65482920549792 67.49820057035281 805.2764013624751,0.69
56,1171,10,0.0,0.8209567597294072 -0.5705924146684099 -0.02131419661789047 -0.20080559101470943 -0.2535684764265391 -0.9462452865826899 0.5345157745771644 0.7811064742310084 -0.32274690183265425,65.88672215420497 71.62961175900762 795.4316531654009,0.69
56,1202,10,0.0,0.8391338439255902 -0.5357387686444748 -0.09401257229735238 -0.2668684135312254 -0.2549040467526211 -0.929411198990234 0.4739574261871945 0.8049893780171509 -0.3568703678390386,66.7544599204296 58.9289045616006 788.4276465250094,0.69
