scene_id,im_id,obj_id,score,R,t,time
57,1,18,0.0,0.26941565033016734 0.3815868819476816 -0.8841983142274243 -0.6697771912196939 -0.5854727661424957 -0.4567495530674466 -0.6919636706352656 0.7152713412621121 0.09784266395631658,9.802769965628206 1.8144600382444374 549.185549555833,0.69
57,24,18,0.0,-0.8198146039000299 0.41494877893110804 -0.3946156688422541 -0.5270937043401654 -0.8161330229794345 0.23685251876940658 -0.22377721527715755 0.40217458853840116 0.8877946599618446,22.531145184942538 19.478408161248108 959.4968835461581,0.69
57,38,18,0.0,-0.7827860685404845 0.45118974228887593 -0.42857179952982166 -0.568655979107532 -0.7983479861707928 0.19816879270534452 -0.25273770657380384 0.3988336864287385 0.8815074260864039,23.962106584865523 19.901154988461446 890.1866612125525,0.69
57,49,18,0.0,-0.35568321220007965 0.454901712588941 0.8164275132812964 -0.5598342647561502 -0.8031934808594338 0.20363159948752368 0.7483816196059159 -0.3846357552133642 0.5403520030937896,18.583886102422674 29.136055986408465 838.772771952178,0.69
57,61,18,0.0,-0.8867090905081684 0.4065308147556022 -0.22018102884745339 -0.4557037657877166 -0.6881951404723299 0.5645542723929773 0.07798119425265797 0.600932729416876 0.7954865102932368,12.837733157509824 35.90274525674011 846.9664169348742,0.69
57,74,18,0.0,-0.8984160907929551 0.43785581831331666 0.03362752107248454 -0.346714055735759 -0.7542309540637637 0.5576065203056055 0.2695141765465513 0.48930353595824383 0.8294239918999173,11.788877108059685 47.168051938869496 920.4986721637778,0.69
57,81,18,0.0,-0.9008978775946013 0.4183620716515129 -0.11556898869937951 -0.4117396815241083 -0.7395399979122843 0.5324950949504835 0.13730786140628945 0.527308039471572 0.8385062806590525,0.44872608588259677 31.557833932191507 898.1934546819888,0.69
57,88,18,0.0,-0.8796471197990945 0.39980406256362205 -0.25763861548063965 -0.4755141287074857 -0.727446568566074 0.4946794955130088 0.010356545211518409 0.5576541952133666 0.8300087593105354,-9.393796401160659 27.325116928586244 847.3878626140163,0.69
57,119,18,0.0,-0.5021750549814761 0.31186176346689143 -0.8065745189637918 -0.6648901416524403 -0.7356236781455303 0.12953340760220547 -0.552938797415907 0.60133189225166 0.5767656731058889,-17.02358540659635 14.787590714225198 770.8850264881476,0.69
57,246,18,0.0,-0.7328529252983017 0.6192772263452004 0.28181963524906684 -0.6212590126351767 -0.777952835159794 0.09395012233309617 0.2774235554189426 -0.10623136635209805 0.9548565691776323,-14.200627788430284 -1.732648120267454 982.2067772504374,0.69
57,483,18,0.0,-0.7135550125588158 0.6477258620992664 0.2670027183755822 -0.47885993261323934 -0.7290964718818007 0.4889902858208479 0.5114023943919623 0.22106456581115105 0.8304204048269138,-8.382586759298999 53.38515974375843 947.670512929615,0.69
57,518,18,0.0,-0.7744158931164464 0.5873014742409369 -0.235280689481901 -0.6205478363909297 -0.6326248582495019 0.46336397300106735 0.1232899316213318 0.5048393477921663 0.8543634037583705,-24.575086373175324 56.706988021544 853.2596647593944,0.69
57,526,18,0.0,-0.7785989758609521 0.5747781384068864 -0.251820822009997 -0.6123109985030408 -0.6080508802807747 0.5053210544811924 0.1373276224962975 0.5476351144688305 0.8253707685036016,-30.49984397721922 58.23069661824938 841.7314202096724,0.69
57,528,18,0.0,-0.7824381288969116 0.5734648093769381 -0.24275231585830895 -0.6087875485861867 -0.622387760279169 0.4919463350215155 0.13102784106716245 0.5327021571769274 0.8360981501022036,-32.668865838624036 59.696649666505984 845.1656326156469,0.69
57,537,18,0.0,-0.30503428054567494 0.6494285483450576 0.69656058479246 -0.4699419029013102 -0.738810674023862 0.48302525383866035 0.8283167845634171 -0.18000374591335022 0.5305562702180462,-32.27179039670988 59.700611117929064 896.585511580096,0.69
57,541,18,0.0,-0.7459059851013529 0.5842661981388914 -0.31977690833189637 -0.6624664122433143 -0.6010487736386675 0.44707787281068273 0.06901097042826954 0.5453195223167603 0.8353826096710231,-29.452787224785165 51.834063899857355 826.4799663900271,0.69
57,553,18,0.0,-0.8229307283928505 0.558211159674863 -0.10576066131249943 -0.4996859756884899 -0.6225381585655354 0.6022957469798988 0.2703681600467305 0.5484947970074803 0.7912360682430173,-28.834124287337225 41.849516200216165 818.807859720574,0.69
57,554,18,0.0,-0.7615607116800739 0.5879850380014375 -0.2725782043960731 -0.6383962335520095 -0.6081056852306186 0.47186621470159085 0.11169391841970384 0.533367669320749 0.8384768320659816,-28.414854579100776 42.145990303035795 819.6398609816365,0.69
57,565,18,0.0,-0.7771192320350837 0.5649772528821023 -0.2772839752437826 -0.6166433783651696 -0.5954411350545312 0.5149765029623796 0.1258437249909266 0.5711834717590876 0.8111182395123683,-30.754241076110354 42.33061154692689 808.4851400715266,0.69
57,574,18,0.0,-0.7744215810056901 0.6309234238381937 -0.04697710213432335 -0.5666942223740222 -0.6587348828253895 0.49490000250244776 0.28129854816644495 0.40988289474106093 0.8676791684707772,-26.455406463768785 37.902902850527646 829.9520651651064,0.69
57,575,18,0.0,-0.8062907490687713 0.583061898406781 -0.09966970749631138 -0.5202198029063962 -0.618765393775998 0.5886431381824341 0.2815432198262815 0.5264676724087763 0.8022251587168876,-27.402656727318877 38.18528657236362 810.9012453717988,0.69
57,584,18,0.0,-0.7467578018866268 0.663371807426575 0.0478605310569411 -0.5799823010520618 -0.684726813308324 0.44132722735288277 0.3255354293895042 0.30180628927877995 0.8960689973232889,-29.546300516622303 39.85308565211159 859.7867247961556,0.69
57,592,18,0.0,-0.7869036682590523 0.5783986643001091 -0.21502930501747228 -0.5900613946037105 -0.6033161848906399 0.5365045495122363 0.18058285488598205 0.5490578896481253 0.8160424415043469,-30.68118189328245 49.865788139834834 791.8485826620118,0.69
57,597,18,0.0,-0.7844030077930819 0.5893600452379988 -0.1933045742920489 -0.5836940143062346 -0.5959921538933807 0.5514477764581177 0.2097932768899889 0.5453880174468383 0.8115039688117164,-29.50169718711543 48.24897265077405 773.5810195291497,0.69
57,606,18,0.0,-0.7854319359991198 0.5822263812115039 -0.21002170110260304 -0.5782697156825053 -0.569292699774125 0.584388533347774 0.22068259976071752 0.5804466065067867 0.7838245512597869,-28.33152555357198 45.133178540534644 760.6240036932471,0.69
57,610,18,0.0,-0.7986007865458157 0.5983775090717894 -0.06466173803297509 -0.49360893067144324 -0.5897001663617703 0.6392213523923422 0.34436464291474356 0.5424002861632184 0.766299499073476,-25.64239807500182 43.42331526582136 770.8269188792056,0.69
57,613,18,0.0,-0.7811497052354236 0.6051405956433431 -0.15365545065187558 -0.5797320538304329 -0.6116651744815114 0.5383088891036917 0.23176687375929944 0.5095788200376096 0.8286214711174933,-26.07340872077363 43.467826706636764 786.1617301227242,0.69
57,621,18,0.0,-0.7807041365207719 0.613556045149032 -0.11853282532883108 -0.539830810266232 -0.5666330555002267 0.6225027523648233 0.31477570984219794 0.549978144907192 0.773589227314978,-20.208209362418224 44.07020861862218 739.354841772784,0.69
57,790,18,0.0,-0.6223844504231004 0.7244482172124819 0.29633153131111756 -0.4220217431904486 -0.6294472274920525 0.6524521714862043 0.6591928732518505 0.28101773677158703 0.6974910662322098,11.053673860323041 49.31557979810585 735.821596374854,0.69
57,844,18,0.0,-0.5556893926376714 0.7744678274280815 0.3023390202881585 -0.5401780626547493 -0.6127659591989592 0.5768236644534804 0.6319944299885386 0.15721788551499824 0.7588580743048439,-31.634067487273764 62.00390943941972 746.1625691946531,0.69
57,978,18,0.0,-0.3251187021848596 0.8312943132661131 0.45082989499483495 -0.4701140208402782 -0.5557238873612673 0.6856848900373027 0.8205428915657115 0.010987526905673728 0.5714793411432106,13.778876952207922 31.645302044046904 755.7397442019071,0.69
57,1026,18,0.0,-0.015144106644934818 0.6092001611179376 -0.7928718810298454 0.906901292080756 -0.3255630592302191 -0.2674672706835661 -0.4210708995598981 -0.7231070862317279 -0.547554051565029,-9.627615055281304 34.69239412006137 469.1026778851349,0.69
57,1028,18,0.0,0.330589801626443 0.8384268708916012 -0.4333021638850978 0.6191531792095455 -0.5391782063321591 -0.5709082259795775 -0.7122918809977425 -0.0795439751543408 -0.6973614789198954,-10.293445673398999 44.81296015163113 744.5017348873696,0.69
57,1035,18,0.0,0.6823325622292832 0.7255513240755733 -0.08942902579030818 0.7127035690144203 -0.6874481350778614 -0.13953022716271077 -0.16271415806784764 0.0314696315541311 -0.9861712655792192,-15.91493723822841 45.40323147337753 736.1220271669134,0.69
57,1040,18,0.0,-0.2194086081147718 0.8111623215417794 -0.5421028968711468 -0.41483340503314126 -0.5804773222167359 -0.7006848966980075 -0.8830476254165163 0.07114609267583522 0.4638589491895281,-30.510596570918924 33.59413098257894 761.3318513644097,0.69
57,1046,18,0.0,0.2823020570009618 0.7911298991836795 -0.5426039358783227 0.7578498556950994 -0.530705639901466 -0.37949324104612503 -0.588191418533068 -0.30408059193969694 -0.7493769737386256,-19.72912926563335 36.88143021693691 672.1191772424042,0.69
57,1054,18,0.0,0.5849040245825003 0.7695557684912048 -0.25626392880993887 0.6789368346645878 -0.6373779193724942 -0.36440933362363337 -0.44377027453720275 0.03915746516695906 -0.895284667778285,-16.26718558109169 38.99629880502435 736.7775234172773,0.69
57,1057,18,0.0,-0.10265711705701974 0.6665197206672671 -0.7383853860140852 0.7641934685615048 -0.42234050683253155 -0.4874800907692301 -0.6367651520972843 -0.614312590014293 -0.46599375835353585,-17.59241854631935 29.124020950824082 539.614277944618,0.69
57,1066,18,0.0,-0.09236630499702414 0.49615151765491833 -0.8633088307378289 0.9205626760688166 -0.28790905631080177 -0.2639559332980458 -0.3795165676623557 -0.8191105217386384 -0.43014547312140783,-4.764092771338444 23.13076503508496 365.67304500066666,0.69
57,1071,18,0.0,-0.3548072858368208 0.8411296558918485 0.40818217978786053 -0.6278876348743464 -0.5378538642048062 0.5625569648772092 0.6927257089851714 -0.05669323362817247 0.7189693799959589,3.113367469725458 39.501772575262365 749.3007587369755,0.69
57,1073,18,0.0,-0.42667933469572344 0.8304214075249615 0.3582527477464433 -0.5390904657244114 -0.5515846018892475 0.6365028646626167 0.7261723040082513 0.0784519781964873 0.6830220142926626,0.6439127674414731 43.9510827281923 767.5172421219822,0.69
57,1076,18,0.0,-0.2005899823208397 0.8118800965903075 -0.548283109126151 -0.34316477948663415 -0.5824290344613051 -0.7368950766129205 -0.9176064478372062 0.04033768184942205 0.3954380840417374,-3.619421546611805 39.016020332364015 749.8479421881524,0.69
57,1078,18,0.0,-0.4131415436257756 0.8562516958708356 0.31007595561221646 -0.6063601630388594 -0.5126892915310204 0.6078462330465724 0.6794419898784582 0.06310882400852003 0.7310101632140704,-1.3346158169377447 49.21404082149258 750.9788295519662,0.69
57,1081,18,0.0,-0.19626857020946026 0.8367393104682653 -0.5112200843717181 -0.38531954846895566 -0.5452339395525531 -0.7444788759445652 -0.9016692818964249 0.050865287545585613 0.4294242990415086,-12.010252623622566 43.408207446769055 755.9833662470853,0.69
57,1082,18,0.0,0.6898398649390787 0.7035429623821364 0.170728617470541 0.6914543031946215 -0.5704082872455376 -0.44331177791172305 -0.21450386321573542 0.4238651742289997 -0.8799581846550124,-3.5972065455920403 47.10240751480569 683.7829628893232,0.69
57,1083,18,0.0,-0.32485946483072836 0.8409304879923035 0.43278429092900206 -0.46893418796019126 -0.5406128079547484 0.6984543787803169 0.8213203123459256 0.02395216567053382 0.5699642429904551,-12.59820772178226 50.09945914481071 768.1294107500096,0.69
57,1086,18,0.0,0.1240193282335813 0.6989131853646933 -0.7043717523778681 0.7108505203422841 -0.5578483455726819 -0.42836521925913323 -0.6923227166239705 -0.4475774599610656 -0.5660067785647146,-18.28548035075444 42.80970858565729 617.5352198736751,0.69
57,1087,18,0.0,-0.3572889178874783 0.8541785915114559 0.37778772208516787 -0.5633446170935927 -0.5197127903004916 0.6422939031236017 0.7449748126926629 0.016659813972026816 0.6668845320233099,-19.07219481495267 50.034555060001594 767.9933338682494,0.69
57,1092,18,0.0,-0.21132150206510952 0.858491328052319 -0.46726423191157196 -0.5466895499700573 -0.5001039985140042 -0.6715850851707779 -0.8102306824099431 0.11352810369802852 0.5750109659408656,-24.349638536559027 42.81282357932975 764.6677148377089,0.69
57,1093,18,0.0,-0.273467257924666 0.8587517869032463 0.4333140054667583 -0.5173651597679486 -0.5110916348219644 0.6863808216094742 0.8108939204985133 -0.03647888849037689 0.5840550833552068,-20.760142255907855 50.47672129781543 769.8743254633389,0.69
57,1099,18,0.0,0.050133710113633545 0.5437874151455955 -0.8377242137120748 0.888986584510824 -0.40657338948908484 -0.2107152854425528 -0.45518069342846884 -0.7341616484730245 -0.5038027493388157,-15.738059411690871 37.60164041328865 471.6680594699177,0.69
57,1101,18,0.0,-0.18684798365982103 0.8360332038738255 -0.5158840112105878 -0.5443098661709603 -0.5252607927154124 -0.6540855213387069 -0.8178108586899606 0.158586196298553 0.5532050413294752,-17.077139821385728 48.280290230442816 766.5173648618761,0.69
57,1108,18,0.0,-0.43902496497923144 0.8607595284854249 0.25758515921250896 -0.6945133152524664 -0.5069989339567664 0.5104932280684343 0.570007311411014 0.04522294869036522 0.8203941429884393,-11.726042501005567 60.34845899637093 787.8437601875481,0.69
57,1116,18,0.0,0.5078397301596881 0.8553268105010398 0.10254197047772037 0.8336786539947848 -0.5179543240810243 0.1915808446562789 0.2169762898216742 -0.011805312528170894 -0.9761054882805101,-7.905147699779618 68.69749761687174 791.0756203130777,0.69
57,1118,18,0.0,0.39868973804239705 0.9052109454112233 -0.14710417087018268 0.5909098090960282 -0.3762310381394017 -0.7136356237286949 -0.7013359325557048 0.19759390235598684 -0.6848974809837985,-8.139155803665915 61.14673903238989 784.3325364914481,0.69
57,1159,18,0.0,-0.25176155859727195 0.893224086646661 0.37251422610003826 -0.5060528374365323 -0.44960034885349603 0.7360503053686269 0.8249403877463553 -0.003202709017794847 0.5652106680874311,-8.515383825556997 66.66224464092723 810.1786927822033,0.69
57,1290,18,0.0,-0.41721903528970716 0.8995195654196021 0.1295871444984269 -0.489625389724048 -0.3426097682223931 0.8018014245785376 0.7656338905309118 0.27107766072830164 0.5833709347615562,-37.7265575317564 39.07928898727978 830.5456793023395,0.69
57,1440,18,0.0,-0.06240251014953818 0.9361873237343048 0.3459179405671767 -0.5317308220969421 -0.3244937543222532 0.782282644725012 0.8446113067909682 -0.13511883023860588 0.5180488800835341,-67.16741033543228 18.007752490651797 915.2371655856905,0.69
57,1527,18,0.0,-0.2838615546431994 0.9576484071079585 -0.04829229917011457 -0.7605197554639282 -0.19418451638919998 0.6195983175766212 0.583979725114351 0.21260738923725694 0.7834320511040413,-17.059027082330275 42.4111248355695 956.4233550115549,0.69
57,1538,18,0.0,-0.43821435013958454 0.8798368877492835 -0.18399791924746448 -0.7087819581032075 -0.21233570131061025 0.67271218646336 0.5528076692658348 0.425206539113154 0.7166610634716312,-25.819120767532425 33.109783194902356 958.8354648410891,0.69
57,1539,18,0.0,-0.23517913400095286 0.9690480644651517 0.07507745125472182 -0.7093760579009304 -0.22393671635262377 0.66830977513885 0.6644368919675501 0.10391436775320245 0.7400847389096431,-23.142422255145117 34.61628291891476 996.1452931764347,0.69
57,1549,18,0.0,-0.42532548296450984 0.8565700904791629 -0.2922086816600857 -0.7687883310601715 -0.17157755599083108 0.6160565268755211 0.47755914352750345 0.4866711645215199 0.7314973971632066,-20.85320781361758 28.64038446613422 905.4610767986246,0.69
57,1560,18,0.0,-0.3751504322334645 0.9199210915284666 -0.11404971966699098 -0.7264544493834773 -0.21534513886676085 0.652602792008588 0.5757830200396619 0.3276761458018112 0.7490675919478,-15.777962855665358 25.778525859683228 989.1168835283273,0.69
57,1563,18,0.0,-0.42626421913990314 0.8585909294587416 -0.2848164871144623 -0.7790577099727983 -0.18841646021553454 0.5979701681955271 0.4597476481864673 0.476781767028713 0.7492070785944231,-11.2960502535515 25.53313085943513 941.3326756084447,0.69
57,1566,18,0.0,-0.35812123486846964 0.9059634564437201 -0.2257861747867442 -0.849535405187171 -0.21585267422980645 0.48134937245342935 0.3873483915930872 0.36419478114930315 0.8469494582995253,-8.956390813761303 29.264261915103244 1010.6840820548075,0.69
57,1570,18,0.0,-0.4024594657736987 0.8690000626712566 -0.2878632826299686 -0.82085565808078 -0.20336960356122516 0.5337010332987187 0.4052435897160111 0.45108723704478976 0.7951716403201133,-3.878930955126964 31.050820054701195 990.035606166026,0.69
57,1585,18,0.0,-0.13341971343221512 0.9811831752737334 0.13956631623504123 -0.5445493921200195 -0.19024070183766004 0.8168686766586364 0.8280489958990246 0.032985632085325844 0.559684561576026,8.481954635340745 33.95374353855089 1055.335660390339,0.69
57,1589,18,0.0,-0.32435580370870004 0.9045431128872802 -0.2767581426601074 -0.9060571334700013 -0.213032006255011 0.36561979596171956 0.27176052599413286 0.36934959217407304 0.8886659075672018,-2.140716185309163 27.881697003337507 1001.7185530647399,0.69
57,1593,18,0.0,-0.32233732641127943 0.9436807601560216 -0.07460074338356912 -0.8153875504813811 -0.2367526773353971 0.5282909352757195 0.4808760656572557 0.2311164050557082 0.8457797684930306,-8.807149204654047 29.508120839689784 1026.6460093534172,0.69
57,1602,18,0.0,-0.3274665547450567 0.9361525458002423 -0.12800025982445346 -0.7994795622066061 -0.20232446537636015 0.5655945900767643 0.5035852312541897 0.28754690348166645 0.8146893230924097,-12.803073033734941 21.650328342464896 1010.0750682600918,0.69
57,1612,18,0.0,-0.30785836194820954 0.9302578684939352 -0.19960843440016646 -0.8864902987375783 -0.20427962120398901 0.4152165538666706 0.34548253099501897 0.3047788287691176 0.8875537653074324,7.4869971521262295 4.210160076924894 1087.7820745782342,0.69
57,1621,18,0.0,-0.24859349347206705 0.9536907461810059 -0.1693376380255426 -0.9258884088456071 -0.18262260319616594 0.3307259275702553 0.2844853763705675 0.2390040699456226 0.9284099984278094,51.81849524626969 -3.270288790088184 1043.1598681065557,0.69
57,1628,18,0.0,-0.05641568364902114 0.989078824314877 0.13616295358985914 -0.5972964700004296 -0.1427180871881927 0.7892201685932572 0.8000338727600473 -0.03680525616327085 0.5988248287732536,83.63400494185915 -2.4528970748455388 1044.919086344034,0.69
57,1712,18,0.0,-0.3329604979629597 0.8727666272315973 -0.356953387975293 -0.9201147806857719 -0.21793259983191837 0.32541384772943316 0.20621856647700693 0.4367880450759648 0.8756084207674599,64.43372580248871 -51.14877665367674 987.0823736222271,0.69
57,1827,18,0.0,-0.23588255362194271 0.9280518627922473 -0.28823455876183696 -0.9702375878973152 -0.24162312959381838 0.016040145775154058 -0.05475804897903741 0.28343959358764326 0.9574254816218757,29.853830088124703 -27.774810462510814 1160.9746926371704,0.69
59,1,18,0.0,0.8797494044441215 -0.21780180613150604 -0.42261490582570405 -0.4754330032076707 -0.39907456252949053 -0.784029943945275 0.0021082791916295085 0.8906749501292545 -0.4546357755072741,28.54082277816691 130.72650543500853 818.2683314842752,0.69
59,29,18,0.0,0.818070302797283 -0.21185008138506384 -0.5346779616725417 -0.5713339492224918 -0.40583588231339285 -0.713354578798469 -0.06586727675403883 0.8890538676840971 -0.45303942677095455,25.68239671998181 122.4839964877825 797.7123008461201,0.69
59,37,18,0.0,0.7864448969205765 -0.2368654077884411 -0.5704377290299081 -0.6123638747164194 -0.4196936666465124 -0.669975903386905 -0.08071498652590325 0.8762145883115744 -0.4751137613036499,10.82587898180093 128.5617500373782 808.6374171408239,0.69
59,55,18,0.0,0.8892367346331351 -0.20759371118839426 -0.40763081440689464 -0.4574046742838536 -0.4156702162968139 -0.7861292738647007 -0.006244495358349478 0.8855072683828119 -0.46458355967353177,27.869695158457557 137.95433855190143 797.3310742027527,0.69
59,61,18,0.0,0.8320640045816395 -0.2107318532715048 -0.5130902243234835 -0.5478357011887915 -0.45707628530620037 -0.700683461995265 -0.08686504925774674 0.8641026301472771 -0.49576315695098533,16.862337888904364 132.2041113127236 817.8196107232649,0.69
59,68,18,0.0,0.9062043145271552 -0.20650922362103463 -0.3689819519865529 -0.4227492084325144 -0.4243913069402341 -0.8007341165226087 0.008766247889027051 0.8816155393100769 -0.47188684421686367,8.262096754522803 121.94180324721097 786.3766528602526,0.69
59,80,18,0.0,0.8651343335551601 -0.18680648744630712 -0.465452383334796 -0.49644957347030483 -0.45085245820875447 -0.741801780752969 -0.07127696616173859 0.872831826399047 -0.4827879419783414,13.456130739367385 122.58989141745606 792.7192181021069,0.69
59,88,18,0.0,0.7905956486916366 -0.16977118042637332 -0.5883334654483677 -0.5908606365287469 -0.46373977140374434 -0.6601735624964445 -0.1607551817848932 0.8695534317769315 -0.46694175312801833,19.36869906030159 111.81625949337348 806.7533200718627,0.69
59,99,18,0.0,0.8652915882421787 -0.13834777300878598 -0.4817990878165267 -0.48488141630760917 -0.47476285952530556 -0.7344999927398789 -0.12712387437792627 0.8691720893579501 -0.47789057287655384,31.655640718390867 91.81696761230431 776.9177519183145,0.69
59,114,18,0.0,0.8212324951959137 -0.12399061970014669 -0.5569591682167266 -0.5387839820178745 -0.4898641191806271 -0.6853794317459135 -0.18785369188615134 0.8629365393618248 -0.46909649271656356,26.074260852462498 104.45089602544482 803.1388595279054,0.69
59,120,18,0.0,0.8274522145181342 -0.12899716397317068 -0.5465185855722704 -0.5397481627011511 -0.4511858928137284 -0.7107061354643075 -0.15490240007749315 0.8830577681062309 -0.442960748416239,23.377486757512283 109.5502994438799 789.3702462650225,0.69
59,126,18,0.0,0.7960520584673482 -0.13343426126548596 -0.5903358519778652 -0.5775943168674544 -0.4588594090801076 -0.6751539437943567 -0.18079249246668572 0.8784323198853675 -0.4423468481276823,19.4911715158472 107.59209490443017 802.90088186602,0.69
59,127,18,0.0,0.8156951303183673 -0.13340456183073718 -0.5628895782101948 -0.5558152700055661 -0.4504507495989376 -0.6986869884393118 -0.16034600089662837 0.8827781969829706 -0.44157877545003704,17.63528771369762 103.82426259456281 783.0594312860751,0.69
59,132,18,0.0,0.7921154159023387 -0.11790446823190115 -0.5988753662163926 -0.5821275060895775 -0.4409428601424817 -0.6831522236978351 -0.1835231171917983 0.8897572311930488 -0.41791307109958287,11.786586303308264 99.41960408160084 784.0489893379066,0.69
59,164,18,0.0,0.8187873513043223 -0.06475260362384691 -0.5704334962710246 -0.5336723163150562 -0.45210226264733466 -0.7147009185023362 -0.21161552906857897 0.889612637293948 -0.4047322861150714,0.9361922143640334 81.28497645843456 829.0854725014048,0.69
59,242,18,0.0,0.8935282961098368 0.13900006526498493 -0.42694984003672165 -0.3500249595952481 -0.3799337583877697 -0.8562317833961135 -0.2812289311422229 0.9145104270010671 -0.29082807153871704,67.83529681760659 136.25854413185695 788.5891316904781,0.69
59,274,18,0.0,0.6496628961870311 0.2686945835107472 -0.7111549353761561 -0.6242391049353204 -0.3453619532354402 -0.7007500703724199 -0.4338936058383767 0.8991820405509596 -0.056639180460028526,56.45819123868752 137.1652706496817 786.6849068374493,0.69
59,320,18,0.0,0.5986575543559884 0.39789720619858915 -0.69518842475394 -0.623390932127211 -0.3135465316311794 -0.7162906660313431 -0.5029839742517391 0.8621869784457519 0.06033851045982719,32.88356490113634 133.22165322942968 788.4972472094954,0.69
59,422,18,0.0,0.43794189975271963 0.5177375060000843 -0.7349522211149454 -0.6480271680178987 -0.384832192273032 -0.6572404227533741 -0.6231112917863716 0.7641021258124758 0.16697382841982905,60.26477821928541 131.94307729251096 754.173385711193,0.69
59,455,18,0.0,0.44238520495820116 0.543660659278804 -0.7132520017403573 -0.6868122497554385 -0.3060440850389562 -0.6592616715679301 -0.5767011912766989 0.7815178216555297 0.23800342521659673,13.987345433059168 118.87636002285637 672.8117850760186,0.69
59,492,18,0.0,0.387410017559677 0.6599324319161617 -0.6437411464242685 -0.6645674594210076 -0.2840470303024144 -0.6911348467955344 -0.638955061153066 0.6955619813371056 0.3285269546708182,-0.8051708111120228 121.98347225659279 700.8729546148594,0.69
59,510,18,0.0,0.4357266677315692 0.6890841631130428 -0.5790555130333707 -0.597817388972773 -0.2593792932747222 -0.7585095593742256 -0.6728719346720583 0.6766722976205714 0.2989280200375636,-25.734673411945007 123.63636849382983 682.756394113394,0.69
59,514,18,0.0,0.3272081861898994 0.7232101207624858 -0.6081956298075702 -0.6529284030426817 -0.29223463072552675 -0.6987727964831262 -0.6830953838157962 0.6257523806038822 0.3765828657521803,-26.572135727908435 128.42773326966955 723.4011184575905,0.69
59,515,18,0.0,0.32852938454992775 0.7123491711238432 -0.6201831196400137 -0.6787995095931882 -0.27849606926033127 -0.6794638807049216 -0.6567340932700944 0.6442038480215082 0.39204812578430837,-24.968374882397942 125.01796427065251 709.5868814110547,0.69
59,523,18,0.0,0.2894538734339089 0.7381433822923523 -0.6093937990594525 -0.6822687651730505 -0.28743297814051283 -0.672228841352791 -0.671361145154638 0.610349596751961 0.4204135850818464,-26.964332124412977 128.52666869984105 719.0725945749797,0.69
59,525,18,0.0,0.346103177716115 0.7410615406381222 -0.5753610895445225 -0.6189227973741265 -0.2805410579454692 -0.7336424781168434 -0.7050866338723161 0.6100200880248858 0.36156373012335896,-26.53923794214826 129.92507311277814 715.2487173844557,0.69
59,530,18,0.0,0.23145873062383077 0.7943778447024199 -0.561596559697389 -0.6308373669148672 -0.31689983161165525 -0.7082504593916065 -0.7405883286427907 0.5182068472824751 0.4277739951278426,-34.70405741478335 137.7082526168577 753.4051822338648,0.69
59,535,18,0.0,0.2903043116422692 0.7679473569870784 -0.5709468132308552 -0.6250619005583155 -0.29959727249492113 -0.7207906039787357 -0.7245833472502213 0.5661257203220542 0.3930402545255389,-36.87070361073892 134.85564633508375 737.7586739906367,0.69
59,545,18,0.0,0.16181098551958123 0.8222969181437709 -0.545568495586428 -0.6283058460917952 -0.3404658657658878 -0.6995103701984395 -0.7609526718082114 0.45597233760343503 0.4615628436176418,-19.796366330844467 140.54677271175362 780.6772814178809,0.69
59,561,18,0.0,0.11834012627878265 0.8221461936124939 -0.5568404177507313 -0.6898832458701261 -0.3352600928736761 -0.6416087415193414 -0.7141825547995557 0.46008293432252145 0.527510162902249,-23.1822593165053 124.92072100866928 776.8411849337457,0.69
59,567,18,0.0,0.08210112117461549 0.8440848476410683 -0.5298869463240489 -0.6625431635749466 -0.35095763779448946 -0.6617139056071085 -0.7445105521763761 0.4054004273017807 0.5304286297340678,-15.881775688722742 126.60520101233705 806.531044288846,0.69
59,615,18,0.0,0.023909821937149855 0.8713569117009201 -0.49006678406720094 -0.6230008574805721 -0.370393636010338 -0.6889691473364488 -0.7818556465188479 0.3217851563296171 0.5340000572776356,-6.077292837935352 117.06523536623786 810.5288441875057,0.69
59,629,18,0.0,0.08136332905654603 0.8647491109238573 -0.49556935321025913 -0.5872382045045194 -0.36015595646289733 -0.7248716977469902 -0.805314410559717 0.3499952316542241 0.4785102276484396,-19.85113624431207 117.29360771428341 806.1317774712398,0.69
59,636,18,0.0,0.059874200859446 0.8539287438070532 -0.5169340195533186 -0.6502702761421134 -0.3595364275173033 -0.6692399608915733 -0.7573398497619827 0.376217035483779 0.5337575237636418,-28.201802319743194 120.39887871670575 810.5245474673582,0.69
59,637,18,0.0,0.10605057282212954 0.8422954158861203 -0.5284805657555682 -0.6361897245573825 -0.3509890324824585 -0.6870730190049885 -0.7642093367472682 0.40907839279807373 0.49863710067948697,-28.63084086388158 118.34033581871427 797.2384053806961,0.69
59,648,18,0.0,0.07823242484601195 0.8598753491593397 -0.5044740544476162 -0.6007678138825984 -0.363161628853953 -0.712173900905437 -0.7955864010309858 0.3587868660308612 0.4881744188897204,-37.00152874326848 119.57285627524091 805.9098826657364,0.69
59,710,18,0.0,0.09285882987513938 0.8986404168017369 -0.4287454244707697 -0.5663935186130992 -0.3064729508814762 -0.7650311839729628 -0.8188868174462774 0.31387853011698785 0.4805253880330428,-58.48061682130711 122.3284470297653 795.0389167070466,0.69
59,801,18,0.0,0.0999823884649233 0.9374325783412127 -0.33350214851091264 -0.5032404241329322 -0.2415063379262966 -0.8297130614013111 -0.8583429370102345 0.2507884562853227 0.44760758782517207,-89.68497455066313 119.19957373241824 801.9821919105423,0.69
59,908,18,0.0,0.08313558683735162 0.9690816856838159 -0.23231263563014193 -0.48031194628948237 -0.16528949665833964 -0.8613825030415014 -0.8731488466766812 0.18319407404893467 0.4517200712615445,-116.09696279592828 92.39799398205056 777.4240359805992,0.69
59,1026,18,0.0,0.10719660187684771 0.9742142463507006 -0.19853334922222315 -0.43894235896684425 -0.13279732506366748 -0.8886475544109469 -0.8920978052044959 0.18240469474021542 0.4133884774471228,-124.12942239763183 100.30794213409177 808.6755472840522,0.69
59,1027,18,0.0,0.08324422614769478 0.9743995893624458 -0.2088440544123022 -0.45052536599271914 -0.15013292019280716 -0.8800494309250513 -0.8888741718658484 0.16734857789858076 0.42649403285992715,-126.39252297180929 99.5470799830138 802.7432202176976,0.69
59,1032,18,0.0,0.08788256371966802 0.9702541304791246 -0.22557388430901304 -0.46773946258076143 -0.15973949722942732 -0.8693118474802641 -0.8794864695597758 0.18190716124739953 0.43978782901325647,-137.9221016442859 101.99125841846514 809.2318653973086,0.69
59,1034,18,0.0,0.11701568392580625 0.9663831187597395 -0.22893448296745245 -0.4699791230889946 -0.1491883792958943 -0.8699784200447525 -0.8748868232953764 0.20939554737210492 0.43672251048561833,-136.65657544643503 102.55821718291448 811.9418278616508,0.69
59,1039,18,0.0,0.08283889118621318 0.972635407676318 -0.2170669985082056 -0.47605159903434546 -0.15273535252154163 -0.8660524159350652 -0.8755070491800059 0.17507791358261915 0.4503722138539138,-130.51485614401327 105.29577783193413 820.8891022094637,0.69
59,1044,18,0.0,0.10862084573038583 0.9663399062395881 -0.23321384496140052 -0.5025885765600502 -0.1490259035847536 -0.8515844073091583 -0.8576749002880746 0.2097104329059764 0.46948407826701627,-125.05618750388514 101.75807574565479 816.0404200908974,0.69
59,1048,18,0.0,0.10823736733896339 0.971384897628691 -0.21141441050795912 -0.460442012149576 -0.13949338376830328 -0.8766611371177113 -0.8810663004332762 0.19223157010170427 0.4321680202155794,-130.7580632685948 101.3749985862185 815.9998432786108,0.69
59,1054,18,0.0,0.06954284608767813 0.9754930215776343 -0.20875142493253274 -0.48170368390741075 -0.15040840033932323 -0.863330107211254 -0.8735704627951056 0.16059476317957327 0.45943875388482625,-139.53186332509165 103.30436400115222 824.8950829644473,0.69
59,1060,18,0.0,0.1107390040125113 0.967888726316655 -0.22567296351012106 -0.4537119873588279 -0.15279279759372358 -0.8779520451199976 -0.8842410901542745 0.19961406381466912 0.42222259533352013,-144.27656746649845 98.62170006481453 816.6869175408268,0.69
59,1063,18,0.0,0.11210254137770792 0.9700038743460659 -0.21569771433717222 -0.4499736201866167 -0.14398274046590795 -0.8813584467083055 -0.8859778560171859 0.19586080312698656 0.4203353238137879,-145.17201306318086 98.25728265333912 816.0415606828097,0.69
59,1064,18,0.0,0.10509248355688144 0.9697418791153443 -0.22035484516952986 -0.4735484186982617 -0.14604738949318394 -0.8685747263020045 -0.8744755371353863 0.19562936362434757 0.44387125052171406,-143.92956110380524 96.21285269033363 806.5328866485709,0.69
59,1068,18,0.0,0.12643299397138724 0.9644228403243549 -0.23217080586528344 -0.47880139436924635 -0.14564903920091724 -0.8657572304808752 -0.8687715020564941 0.22062398428220265 0.44335215661362243,-149.43822189318325 100.71409750760807 820.4402258180315,0.69
59,1070,18,0.0,0.09166640410643412 0.969365640084179 -0.22787612025481296 -0.537315875819286 -0.14451723887525159 -0.830906984722374 -0.8383847088006495 0.19860771256943544 0.5076081722718686,-147.58632878912138 103.3370632766455 814.1311638692597,0.69
59,1071,18,0.0,0.0976708669319975 0.9735482307580349 -0.20655324771267114 -0.4449441162234756 -0.142932056430406 -0.8840787072895067 -0.890216341790501 0.17825338603368895 0.41921425927163125,-147.2893494973349 104.5742032384848 819.7973702107174,0.69
59,1073,18,0.0,0.08906461706067209 0.9743576706239434 -0.20662677388015066 -0.458854768513354 -0.14398792825687648 -0.8767666610500475 -0.8840360826348619 0.17290056741542426 0.4342644337118023,-149.66469332947403 103.30237797015549 811.2751635614537,0.69
59,1074,18,0.0,0.12432929480232663 0.9678445553791912 -0.21867588590608567 -0.4257284319298426 -0.14703669387175586 -0.8928244580553452 -0.8962686699313512 0.20410077725995757 0.3937579764542778,-150.28063737978968 99.4831037261313 808.7409063409657,0.69
59,1075,18,0.0,0.08432392152552509 0.9764262348710135 -0.19869897864401131 -0.4588743740063855 -0.13895350804807388 -0.8775683628535054 -0.8844906925111223 0.16517787520352156 0.4363398725815058,-152.28257911768068 97.15503609654631 808.9613101696528,0.69
59,1076,18,0.0,0.11771163447907118 0.967862976847695 -0.2222278766396869 -0.46530214433405703 -0.14394148545253185 -0.8733697746337727 -0.8772900806383223 0.20620889120801 0.4334051310268132,-155.4472411370884 95.6766918204761 809.0841371292762,0.69
59,1078,18,0.0,0.09419724391401535 0.9748799067497025 -0.20183172856291576 -0.46284776192149485 -0.13660660268541255 -0.8758484945394452 -0.8814186454365861 0.17591987812194765 0.43835301750791245,-157.19988417139953 90.1044629140972 807.1792571139865,0.69
59,1081,18,0.0,0.1523668166687117 0.9587641725740731 -0.23990751252638115 -0.48066464454965685 -0.14021373072824858 -0.8656220937540919 -0.8635657778410366 0.2472071420967017 0.4394801204129555,-160.8883243241131 89.07074854913253 806.5807037881227,0.69
59,1090,18,0.0,0.16579288536170067 0.9592081645482895 -0.22898125737130381 -0.44045933715815927 -0.13572172192775298 -0.8874543292514611 -0.8823311688213428 0.2479905467167388 0.3999904964689736,-162.1281725139378 87.13649557639079 808.169197868481,0.69
59,1093,18,0.0,0.16589010838222623 0.9545074563629129 -0.24778213754937067 -0.4738153628537346 -0.14321199712732108 -0.8689012175170363 -0.8648580657337464 0.2615451005589784 0.42850284305810243,-159.3421627336247 83.0795349204925 801.6553663932509,0.69
59,1103,18,0.0,0.11297897005665325 0.9765444476559104 -0.1832940099330871 -0.4394617786087527 -0.11633801784288017 -0.8906956891926789 -0.8911279916302537 0.18118059321241464 0.4160102104230472,-144.98119556722085 90.81971159990076 812.5516189294976,0.69
59,1110,18,0.0,0.1299407730930755 0.9659942903667605 -0.22354065953824248 -0.471622760053542 -0.1380990302436179 -0.8709194165049091 -0.8721739320155428 0.2185948051180332 0.43764019866547443,-150.03236632547632 87.54671203037128 808.4702521044308,0.69
59,1124,18,0.0,0.06070727801361331 0.9839985655663842 -0.1675155197570547 -0.4910151247391169 -0.11667532934178634 -0.8633023889694823 -0.8690332408335181 0.13466139196623506 0.47607513675900853,-136.47211528030968 96.40625785714566 824.5857740073529,0.69
59,1129,18,0.0,0.10127468022430464 0.9793759481745028 -0.1748318943521412 -0.5523662680779218 -0.09080493090475497 -0.8286410383350875 -0.8274267007023244 0.1804915972024077 0.531777997198257,-139.26097796571057 99.13935672691214 834.3588049162786,0.69
59,1131,18,0.0,0.09823756976742326 0.983072251006393 -0.15465551780461734 -0.47397901073537513 -0.09042795067728779 -0.8758805187459198 -0.8750390147122047 0.1593478429020288 0.45707219089982337,-141.32457276964774 100.72641943746699 837.5281821931399,0.69
59,1132,18,0.0,0.07328772896076668 0.9845209962270253 -0.1592084067250184 -0.4781961916974239 -0.10540026236406694 -0.871905491977007 -0.8751898714163995 0.14003282715753318 0.463069645181386,-139.21294324442707 99.45831534046346 826.9249349880492,0.69
59,1148,18,0.0,0.06534991691114206 0.9923441743762638 -0.1047970798314436 -0.4604405141737098 -0.0631854036244319 -0.8854389519759491 -0.8852818315469692 0.1061161832630102 0.45278630101023887,-133.34882706412512 98.60224888794875 821.6436813994227,0.69
59,1152,18,0.0,0.07082392939593773 0.9903219745535453 -0.11935810714520628 -0.4997360295981538 -0.06833117541043587 -0.8634782864603496 -0.863277401387522 0.12080247176028941 0.4900600892443826,-134.44591017360403 100.51730327730942 838.8169668468087,0.69
59,1251,18,0.0,0.1181955796646888 0.9880206369709443 -0.0992221037231995 -0.49174817668888043 -0.028569670866404495 -0.8702686393463497 -0.8626781182288615 0.15165419488466014 0.48248053795256407,-108.48524655114504 69.9482888701965 806.9254825470414,0.69
59,1490,18,0.0,-0.006424890947074931 0.9894313112474212 -0.1448599361435957 -0.9996976661143734 -0.002917098165671906 0.02441448143554445 0.023733881726192743 0.14497300045698258 0.9891509146721277,-98.27466584374339 47.09034161944306 814.0328583574741,0.69
59,1539,18,0.0,-0.010754666119876521 0.9987025752625471 -0.04977452481547767 -0.33254009768146925 0.0433720592115901 0.9420912630492577 0.9430277941771648 0.026683902332735376 0.33164219991679034,-122.5307211169622 64.38593605898636 805.6826015454338,0.69
59,1541,18,0.0,0.012323496784497082 0.9826568943946806 -0.18502313186627162 -0.9893950513260691 0.03876485779292506 0.13998113519963806 0.1447258229843159 0.18133591397981685 0.9727135870659034,-122.86421692070245 60.41553125843947 824.3602416003316,0.69
59,1544,18,0.0,-0.1363494830842868 0.9832140451407596 -0.12123926715628092 -0.41277174704171177 0.054868163566287764 0.9091803833513986 0.9005710984185429 0.1740104194144917 0.3983617333886522,-125.15802472467344 70.64387553089007 851.8015028347636,0.69
59,1546,18,0.0,0.010687863974254393 0.9775453271813533 -0.21045403980339414 -0.9962707372840439 0.028430743492276866 0.08146355538511466 0.08561768272486195 0.20879853000051782 0.9742036677586712,-119.40415711611037 63.19704017081426 839.846843137307,0.69
