scene_id,im_id,obj_id,score,R,t,time
48,1,6,0.0,-0.8719629561100333 0.4895686739952369 -0.001765393553240624 0.1235157549173223 0.21649973662687683 -0.9684377741123572 -0.47373458967976606 -0.8446599182410862 -0.24924919469860918,19.868539789083535 59.781177277003636 839.1366688995139,0.69
48,36,6,0.0,-0.8744395815339563 0.4844373822777237 0.025996940178143024 0.09243144264353276 0.21897086126292498 -0.9713434975993855 -0.47624767365054355 -0.8469782668815526 -0.23625403440526926,3.487995467184986 57.00126142311202 830.4709598556929,0.69
48,47,6,0.0,-0.8706724799183482 0.4916545219100377 0.014327030335897106 0.11227450354098406 0.22701764166992222 -0.9673972432383984 -0.4788777177604519 -0.8406775966183704 -0.2528582804190951,25.67308692488172 55.85027907685121 843.5424903159268,0.69
48,83,6,0.0,-0.891475404945666 0.45303863979859904 0.005252925508327261 0.10626160590323311 0.2203408906108213 -0.9696176375436328 -0.44043168992231563 -0.8638320917714651 -0.2445690980845865,45.5303902077206 64.52525115735753 853.0411031392632,0.69
48,112,6,0.0,-0.914993948376424 0.4034208356933141 0.006140338999597761 0.09327112193281789 0.22630478632336848 -0.9695806523959356 -0.3925386251668941 -0.8865877130976059 -0.2446950239306921,57.505368760697706 53.45462245652038 864.3505179945547,0.69
48,1024,6,0.0,-0.9997308817434079 -0.01642727385882757 0.016380133153162543 -0.020183334771126202 0.26782538049875015 -0.9632560399801375 0.011436655370557531 -0.9633274159050322 -0.26808486096694895,68.24398965670717 76.82244158174956 947.5519668276443,0.69
48,1027,6,0.0,-0.9995046525147555 0.005063103529115567 0.031061464614717232 -0.02864281496321083 0.2625963049035117 -0.9644805699452972 -0.013039890810169359 -0.9648925047038532 -0.26232120694671934,76.70546642840993 81.2209216315955 933.3244653914611,0.69
48,1059,6,0.0,-0.9989082306879287 -0.007547958224842506 0.04610178945060432 -0.046379352688080855 0.2784249038817107 -0.9593375467178874 -0.005594846570409866 -0.9604283425769443 -0.27847099753252125,80.33847455758612 63.484384926644765 927.9921780496303,0.69
48,1074,6,0.0,-0.9993357940764178 -0.00207945585980792 0.03638195350696198 -0.03576520800901604 0.24739231698223052 -0.96825507558403 -0.006987172083715137 -0.9689131629622394 -0.24730236971121355,60.513129831001706 88.22235302038072 957.3240321037829,0.69
48,1075,6,0.0,-0.9987751413998845 0.0005864515048823182 0.04947598403541864 -0.04778458406658286 0.2480390599804536 -0.9675708027062394 -0.012839409925080442 -0.9687498546057415 -0.24770722386343624,59.9297076685237 85.65521262159798 951.6744550534288,0.69
48,1083,6,0.0,-0.9978424973290225 -0.04617604268645439 0.04667037182194417 -0.05649247584067544 0.24170037921552856 -0.9687050773380207 0.03345072043425193 -0.969251618398901 -0.24378750897767698,67.61938705320847 85.20855096062577 942.2710443423111,0.69
48,1087,6,0.0,-0.9980901203405305 0.02570466477565468 0.05617278600351425 -0.04795837418436441 0.2507295148380023 -0.9668685043658692 -0.038937206168623326 -0.9677158573661339 -0.2490178977059898,64.5700200489374 90.87248518932705 968.5470519998142,0.69
48,1090,6,0.0,-0.9972285490354441 0.03512741944372667 0.0655841855319354 -0.05455690317872955 0.254080960829528 -0.9656430032157279 -0.05058423968203497 -0.9665448410431707 -0.251460344684052,58.752233150713664 90.92806723879816 975.0910144773782,0.69
48,1094,6,0.0,-0.9979470140270515 0.010042580768378703 0.06325269769742843 -0.05846995221016053 0.2601581960081625 -0.9637940535914918 -0.026134687352888333 -0.9655137801301897 -0.25903690566341697,50.19528770262077 86.60696377056684 960.1645238697257,0.69
48,1097,6,0.0,-0.9986306057202354 -0.007489597226313288 0.05177662843622788 -0.05192966383202259 0.26189236901687873 -0.9636989659976917 -0.0063421867781331236 -0.9650680250552882 -0.261922667371033,55.57449167287041 88.47683274772963 987.590191292033,0.69
48,1103,6,0.0,-0.9986741884160251 0.008994239476391698 0.05068499825229252 -0.04640291138883309 0.2689666914729215 -0.9620310227288676 -0.022285313689371374 -0.9631074823374347 -0.26819273342022987,63.897452065428894 81.56034259345903 980.8381410767879,0.69
48,1104,6,0.0,-0.9983831054831567 -0.04099874680776701 0.03937356278012834 -0.048415418157541495 0.2503846198008429 -0.9669351009513605 0.02978459283654041 -0.967277956394841 -0.2519647457526182,62.915212258393794 79.37312085690024 970.5424799297042,0.69
48,1107,6,0.0,-0.9982588563330675 -0.0411869001575828 0.04222434141588549 -0.05079808132666493 0.23645276901691337 -0.9703141980604855 0.029980171549300577 -0.9707696571688069 -0.23813328627940955,61.94297252768593 77.13790448041446 969.0412639749646,0.69
48,1113,6,0.0,-0.997871395506839 0.001996308453430625 0.06518199737498521 -0.06220506755460797 0.2709037293570049 -0.9605944508433274 -0.019575688998359066 -0.9626043757292119 -0.27020290195927577,73.9683467951172 84.01486297691716 993.1485881727226,0.69
48,1119,6,0.0,-0.9964943138646606 -0.06813151568810982 0.048550787897212774 -0.06434019340219593 0.2531822971803407 -0.9652766773870864 0.05347356307903299 -0.9650164874055398 -0.25667831440756017,78.28945662221211 80.1504015766404 988.5561013163134,0.69
48,1120,6,0.0,-0.9963517147316899 -0.07054667175378342 0.04802528142223857 -0.0644136304290047 0.25249250497575804 -0.9654524427158607 0.05598343296169746 -0.9650236795206274 -0.25611550753184087,78.70780690549542 80.73171821807773 997.5898259164455,0.69
48,1122,6,0.0,-0.997686540369709 -0.04905819795928472 0.04706230315346331 -0.058053186508562754 0.2545812471424951 -0.9653073169408662 0.03537505761582414 -0.9658062340947896 -0.2568402684205061,78.30152564602103 80.81629696252001 996.6690236195228,0.69
48,1124,6,0.0,-0.9978596148357349 -0.05069495044406593 0.04130630798500737 -0.05319984964484591 0.2620285986620394 -0.9635926470666816 0.03802584749409765 -0.9637276770346912 -0.2641647202782267,76.62813508211042 76.80297394521405 993.5831349125482,0.69
48,1126,6,0.0,-0.9966915449322118 -0.06095975064763942 0.05375753957928699 -0.06800325372838167 0.2632118047274732 -0.9623383517944505 0.04451428695367731 -0.9628101862013528 -0.2664864416887316,75.497645388538 76.4989002901598 988.5672891822452,0.69
48,1128,6,0.0,-0.9959756425461603 -0.07933355061617502 0.041697808112585735 -0.0603159120668598 0.2491901785869055 -0.9665744904803606 0.0662911020145695 -0.9651996905524041 -0.2529724236972031,74.75607687717827 79.92402181833242 979.4067294461427,0.69
48,1132,6,0.0,-0.997648824671547 -0.059926257526021556 0.03325156072135296 -0.047942722086948455 0.26355193514296094 -0.9634530984335947 0.04897262531633875 -0.9627820216130571 -0.265805306245568,73.6299621646341 83.84587635189298 1006.8661031983302,0.69
48,1133,6,0.0,-0.9959001201978753 -0.08542736917355247 0.029750885464855863 -0.051969088250146775 0.2711218107539306 -0.9611410810073403 0.07404164001631683 -0.9587466444945693 -0.27444982640566284,73.10039137392637 81.88105815284078 1001.6074047830612,0.69
48,1137,6,0.0,-0.9974354156947115 -0.062273384419107417 0.035279131379728206 -0.04944517621161096 0.24316360165227835 -0.9687242318538828 0.05174713583688275 -0.967984239760381 -0.24561910656175934,65.90501408183488 85.2271332167647 999.7093287951349,0.69
48,1540,6,0.0,-0.9712635619830667 -0.21530886536162233 0.1014356232329461 -0.15484098978949754 0.24795431455123618 -0.9563173771172596 0.18075220896291733 -0.9445426143865173 -0.2741676285831508,56.31844842089094 96.72617757383115 980.0665062923264,0.69
48,1542,6,0.0,-0.9567480128175386 -0.2759603984878215 0.09208202015667133 -0.16155151706355725 0.24074893038694933 -0.9570480969376637 0.2419387263423407 -0.9305298549665041 -0.27491788176083265,56.94668746086203 98.2939077180969 975.96837320538,0.69
48,1543,6,0.0,-0.9642457175013369 -0.2448489010856283 0.1013864483917459 -0.16405344481226924 0.251044497748915 -0.9539722885887318 0.20812655651204073 -0.9364964900025814 -0.28223688753826126,53.2355060997942 101.59927794145716 984.1231699969018,0.69
48,1568,6,0.0,-0.9529648567431601 -0.2845905325153628 0.10424111767968884 -0.17228391931608608 0.2256911075831589 -0.958843978498575 0.24935162513522313 -0.9317036829166823 -0.2641060663481887,44.3138599441905 117.39844952335207 983.2329742419151,0.69
48,1569,6,0.0,-0.96032792017898 -0.25756761550503626 0.10690747947531216 -0.1712838656340557 0.2422455738751832 -0.9549758736802401 0.2200729949316118 -0.9354015209421742 -0.27675236497796685,45.579887464900935 119.28568999745023 997.7959412422916,0.69
48,1571,6,0.0,-0.9588444011200974 -0.26048505898192686 0.11298207153271633 -0.17268913583623413 0.21915621857313916 -0.9602859023357877 0.22537940634578046 -0.9402755372272031 -0.2551196528833456,46.1489377534479 118.41280139947226 976.9282890891224,0.69
48,1572,6,0.0,-0.9591318712148217 -0.26129651007276417 0.10858262956729627 -0.17137336507892997 0.23106802652041725 -0.957725815075214 0.22516043915723433 -0.9371935237418968 -0.26640397086899426,48.73044589237058 119.72654815390825 979.5920564154752,0.69
48,1576,6,0.0,-0.9575457221001402 -0.2660064965872888 0.11111585782901444 -0.17511662431273534 0.23053844813054414 -0.95717615506388 0.22899859819883905 -0.9359981665083097 -0.26733326451463035,53.602397437934535 130.30062964945202 997.3936837648222,0.69
48,1577,6,0.0,-0.9504820976031009 -0.28950856945942083 0.11299809885820675 -0.18102688854407334 0.2202122690008953 -0.9585070798932727 0.252612445774275 -0.9314995141120777 -0.2617166548939943,53.082535783702156 129.77799243270465 991.0965295784023,0.69
48,1579,6,0.0,-0.9575571253471856 -0.266213278816399 0.11052077577838727 -0.17837401749868426 0.24608413032657295 -0.9526937129438785 0.2264223080401166 -0.9319726878955393 -0.2831251444830538,53.2149852389376 132.03582102673508 1009.6288495524554,0.69
48,1580,6,0.0,-0.9554233233891323 -0.27322638877625105 0.1118642641792026 -0.1765768841287777 0.22515620564350747 -0.9581885446255293 0.2366154625451129 -0.9352283269536411 -0.26336495466947585,52.656199730899004 132.52834897469248 1004.0821649347649,0.69
48,1583,6,0.0,-0.9592399261060757 -0.2561881070797273 0.11927454864687814 -0.18013255466226968 0.22910324538409954 -0.9565897583109062 0.21774073324680143 -0.9390843182299338 -0.2659127983752678,53.27627125479764 133.89762536301959 1004.3921225429824,0.69
48,1586,6,0.0,-0.9460858237538546 -0.3055786963534547 0.10743963154680647 -0.18304653919446306 0.23072070799478694 -0.955647382349428 0.26723693341475147 -0.9237908936752446 -0.2742167138993765,56.20390383700325 132.2405863933027 1004.9102257167206,0.69
48,1587,6,0.0,-0.9466073649392637 -0.29882793503735133 0.12098083271351807 -0.19007130834716768 0.21419989039000398 -0.95811862767619 0.2603985299227698 -0.9299571346025698 -0.2595618103955931,54.679372567223155 132.7236438817172 996.8955482307963,0.69
48,1588,6,0.0,-0.9540755131048634 -0.2698408508792291 0.13009931010756814 -0.19326803653296384 0.22263301831544902 -0.9555532456176613 0.2288828987678732 -0.9368139913304706 -0.2645603226092088,53.300477451300395 134.6448222062263 1009.6002076973343,0.69
48,1589,6,0.0,-0.954063390319792 -0.27312375888870544 0.12315218058162201 -0.18303696811039102 0.20592504194276096 -0.961297220117601 0.23719299221616946 -0.9396798866802333 -0.2464572884135584,52.28136218471324 133.79532017018 985.2601305051825,0.69
48,1597,6,0.0,-0.9569680932840355 -0.26144397857860285 0.12593297622667615 -0.18103875568712993 0.1987062351053479 -0.9631930237857386 0.2267973486960842 -0.9445437407527774 -0.23748701949617668,46.24175192739948 150.21513507394252 1003.4029373722088,0.69
48,1605,6,0.0,-0.959402922046309 -0.260349045994248 0.1084638530520142 -0.16895675279604694 0.22260637054590193 -0.9601562474290296 0.2258310183602321 -0.9395024098118457 -0.25755693177259875,61.89419225728319 133.86953284774367 1003.2048963402582,0.69
48,1608,6,0.0,-0.9519598529669064 -0.2922062874735368 0.09158560967836958 -0.16037225005707562 0.2209454224495172 -0.96201032307883 0.26087004379739864 -0.9304829960077384 -0.2571929516717093,62.17356915708152 129.40984225605092 992.131914148105,0.69
48,1609,6,0.0,-0.9588359451485001 -0.26554110678629134 0.10060591880150029 -0.16043217258799466 0.21425321092164884 -0.9635128850246163 0.23429713675134517 -0.9399912139038721 -0.2480350166683054,61.07448043408669 128.1675919970587 984.4897364504882,0.69
48,1611,6,0.0,-0.961188378635954 -0.2540799978564702 0.10751862845312948 -0.16229870864517748 0.20558374077259278 -0.9650877963698717 0.22310542339282968 -0.9450813087873463 -0.2388415580117974,58.18678447665282 127.79069844228962 984.7557310045197,0.69
48,1619,6,0.0,-0.9498362979221736 -0.30085254249421844 0.08543275030258796 -0.15127100721657522 0.20285856500989974 -0.967453091874643 0.27372995730314703 -0.931845561387126 -0.23819269551757616,54.56130904020452 122.35005070601898 978.9779911219266,0.69
48,1622,6,0.0,-0.9562140423797276 -0.2817273224990604 0.07927433956414223 -0.14377849441590035 0.21626809966724092 -0.9656893152612891 0.25491655438460137 -0.9348036290172557 -0.2473049240853319,56.13361387604226 123.32246089365458 992.2413899505948,0.69
48,1624,6,0.0,-0.9498363653774774 -0.3026684010771584 0.07875733614019391 -0.14468733372362821 0.2020099365403557 -0.9686369603721041 0.2772660355442956 -0.9314417987874273 -0.23566866784787388,57.59327080161169 120.63266842340816 974.1426294594042,0.69
48,1626,6,0.0,-0.9538846269085023 -0.2849188938689107 0.09447403063352318 -0.15973543406807927 0.21533904470423115 -0.9633865719060816 0.2541430889296614 -0.9340504910027004 -0.2509202475028762,58.51546110436739 121.46682859150968 987.4382339316834,0.69
48,1631,6,0.0,-0.9536191695525064 -0.28947427393872605 0.08255376544795223 -0.1478581205234385 0.21156971927296353 -0.9661139840008712 0.26219926707995284 -0.9335110597172411 -0.24455806208000752,61.64965193635985 119.96421677348964 987.9163692584387,0.69
48,1639,6,0.0,-0.9355899204126108 -0.3438277038838267 0.08033685869076641 -0.15907054778057655 0.20731075278392563 -0.9652558275446715 0.3152270001936888 -0.9158628509892389 -0.24865071189673016,66.8218918112667 125.20016106618078 988.6569653983053,0.69
48,1641,6,0.0,-0.9529256249085744 -0.28636058008371146 0.09965124969975699 -0.16065380932995302 0.19812885002058467 -0.9669205305180437 0.25714413650787016 -0.9374127036495934 -0.2348069762506665,63.8675007655013 126.7347100788109 994.2504596390754,0.69
48,1643,6,0.0,-0.9453575437424898 -0.31243067732289564 0.09319971221373503 -0.1627153684488991 0.20440195579085874 -0.9652686410214572 0.28252933185725226 -0.9276890170398852 -0.2440702036379413,62.667221202969564 127.8720571617131 995.9298711018387,0.69
48,1644,6,0.0,-0.9480756973738352 -0.30326025648286764 0.0958419995986175 -0.16200172701443372 0.201146034859088 -0.9660723125650627 0.2736930990972497 -0.9314362509041682 -0.23983035255807572,61.24165082936676 127.44128645291894 993.6741531303553,0.69
48,1645,6,0.0,-0.9463814730489976 -0.30878539219708806 0.09494044994258308 -0.15950056410780777 0.19105623776603564 -0.9685334708000439 0.2809300224591539 -0.9317451881154948 -0.23006352797590635,59.756620089213975 127.30478603364442 988.3215452989433,0.69
48,1648,6,0.0,-0.933842823502992 -0.34579567569187475 0.09144906595892432 -0.1661400046628506 0.19292680613598023 -0.9670453693207975 0.3167571306894099 -0.9182617263868561 -0.23761380854327996,57.8391400325342 125.04277101995939 988.1316261565026,0.69
48,1649,6,0.0,-0.9416294253748818 -0.32643515860261024 0.08230499678791409 -0.15689444694866256 0.20921636272273592 -0.9652008319959855 0.297855934614107 -0.9217747017558888 -0.24822014708318763,57.11779870227559 123.2055834292581 989.1173631070069,0.69
48,1724,6,0.0,-0.9340373923868176 -0.3539089176736454 0.04819364703260198 -0.12809939457530775 0.20597156278590212 -0.9701372379374852 0.33341369907769797 -0.9123180329877306 -0.2377206594991781,50.28967082994862 100.8296428998192 959.7041724804375,0.69
48,1874,6,0.0,-0.9223315416116099 -0.3861573016736249 0.013677196806959002 -0.09800891645526516 0.19956073653923279 -0.9749716738075949 0.3737629992971697 -0.9005876141698059 -0.22190802049570058,14.907116828526405 73.3129086519189 912.607999687194,0.69
48,2040,6,0.0,-0.8659266515989523 -0.500170962742878 0.0002051328571711919 -0.10855244344337411 0.18753226715424254 -0.9762417814242856 0.48824932265503407 -0.8453760446126044 -0.21668396830879788,28.499448590845766 72.90798276016844 820.319629196611,0.69
48,2050,6,0.0,-0.881434970322005 -0.47230428173304495 0.0010288586291196666 -0.10568176920704961 0.19510387518622674 -0.9750722237581101 0.46033005197435695 -0.8595714882102304 -0.22188533053209247,27.700217774680763 79.50725442417318 821.8483434688794,0.69
48,2051,6,0.0,-0.8660494464818485 -0.4999498398953349 -0.002917848027725295 -0.10592921292356519 0.1891957115204339 -0.976208986125241 0.48860757065141536 -0.845136166739364 -0.21681213428038615,28.508038405396025 79.16682515334679 820.4394360501292,0.69
48,2066,6,0.0,-0.8731756846790373 -0.4873509287718104 0.007300404820852979 -0.11217365604962917 0.1863579000814859 -0.9760572749412192 0.47432193136492645 -0.8530883924321518 -0.21739112245851522,25.145040249094926 74.54546373553507 814.9685361868936,0.69
48,2069,6,0.0,-0.8693951074315784 -0.4940927347407099 0.004951429135178903 -0.11137886432997432 0.18619735219363098 -0.976178925513477 0.4814009719086568 -0.8492366663731186 -0.2169105546829685,23.54380242564938 72.36442041057938 811.60786292627,0.69
48,2070,6,0.0,-0.8707301676119942 -0.49174566705965034 0.0038953996518807377 -0.11201807344694187 0.19062399504395533 -0.9752509644879704 0.47883287943877023 -0.8496167909366791 -0.22106646540539532,24.0428724119049 72.25553110472912 811.4920913664449,0.69
48,2083,6,0.0,-0.8642741479919465 -0.5030062898156504 0.003856101488387581 -0.1134025384778391 0.18737022471356046 -0.9757214065283037 0.49007148598911265 -0.8437280790021646 -0.2189814314587869,25.67365079754609 70.90544181555944 802.1417215843948,0.69
48,2090,6,0.0,-0.8553480334397487 -0.5180494931715168 -0.002112892682779144 -0.11089303157126187 0.1870756773284169 -0.9760663023079168 0.5060459240421659 -0.8346420871109059 -0.2174628915090152,20.53643294298066 67.61192919963632 798.3614426120821,0.69
48,2104,6,0.0,-0.8626078410583153 -0.5058705621719813 -0.0016391682390047568 -0.11423822241434214 0.19795294760408677 -0.9735318480021419 0.4928055814257012 -0.8395889499407777 -0.22854551855816174,21.72177871400188 65.55739109531245 796.9905365941078,0.69
48,2133,6,0.0,-0.8507801742386694 -0.5254033185106249 -0.011155627299360149 -0.10973453431750987 0.19837170491045486 -0.9739645777280806 0.5139371820568528 -0.8274055955750735 -0.2264256021533766,27.570375493099547 67.46500009601131 782.8801868232705,0.69
48,2144,6,0.0,-0.8544812530218343 -0.5194307051687116 -0.0073164719756933505 -0.1114452854682956 0.19705117684362328 -0.974038388386943 0.507387166354379 -0.8314821562922912 -0.2262646397172915,24.85383057573937 69.86358330916079 767.9974377052889,0.69
48,2160,6,0.0,-0.8357636727575883 -0.5482066585763421 -0.031121420136439537 -0.10509073848938852 0.21533097439165916 -0.9708699748943184 0.538938790571343 -0.8081472829627661 -0.23757724861063068,28.894398489594575 65.13661670922967 765.6746556288384,0.69
49,1,6,0.0,0.689539142030223 0.7071559789956501 0.15641672857762945 -0.5406189366953149 0.3588478420737169 0.7608938109391244 0.4819408022720749 -0.6092279110560682 0.6297415465852705,150.91434818603625 -97.56737553284216 946.5026284429239,0.69
49,36,6,0.0,0.6677913473941617 0.7264311276800385 0.16233463303619927 -0.5619319291460935 0.34897734565772215 0.7499648786602212 0.4881467231802746 -0.5920410703280629 0.6412488968358245,145.83036764679318 -95.26431591525564 952.6889251910068,0.69
49,47,6,0.0,0.6925763402630973 0.6982747289201255 0.1809707596803958 -0.5350682826186363 0.3290441003142472 0.778095053951592 0.48377675206991666 -0.6357219384289902 0.6015128187800901,139.7529158026496 -92.19710535840773 948.4364979383029,0.69
49,58,6,0.0,0.6589851607740729 0.7277442419098414 0.1900707138057832 -0.5631233577079064 0.3098318779513472 0.7660915685535998 0.49862876158856184 -0.6118762340312067 0.6139843909615662,132.92319417798507 -86.8114406506339 973.9684007200963,0.69
49,65,6,0.0,0.6671016846483029 0.7181359168878234 0.1981316411254939 -0.5610357583378627 0.30932478293254995 0.7678261890102409 0.4901165373721392 -0.6233770797353846 0.609251012518591,140.13317682835518 -79.28969260837653 984.6901970133658,0.69
49,73,6,0.0,0.6585650797557868 0.7165701873644641 0.22982428572000646 -0.5680368574536194 0.2730452893032722 0.7763893343957713 0.49358501223241236 -0.6418515689548085 0.5868563701024128,130.621299552472 -73.18811283145423 989.4670470278816,0.69
49,91,6,0.0,0.6158996532107757 0.7606476013147678 0.2051410338984773 -0.5708239701455899 0.25139631676757035 0.7816392307343114 0.5429803056116059 -0.5985107505548997 0.5890307879798286,121.55398166555527 -76.43725304896543 975.4711177073981,0.69
49,109,6,0.0,0.633908884985585 0.7442115973805898 0.21049613740057943 -0.5599082678098297 0.25383873151255026 0.7887132749119262 0.5335374936914261 -0.6178308803453666 0.5776008536326284,120.94914116145725 -63.32277892251795 982.5684961688434,0.69
49,125,6,0.0,0.6224435217118842 0.7537453985983326 0.2107888430888785 -0.5580232062148843 0.2385462281685656 0.7947992188925523 0.5487933705909426 -0.6123426909161171 0.5690889783478862,101.83063370513446 -50.236340944285416 977.433577832949,0.69
49,148,6,0.0,0.641042311374955 0.7373957144906979 0.21286689568321376 -0.5544054456754274 0.25309376355796864 0.7928292052223441 0.5307535744886565 -0.6262516324120969 0.5710600109171522,109.29667458907636 -65.52625174767596 981.237264497771,0.69
49,231,6,0.0,0.7274036266513355 0.6713049173738723 0.14224511184621685 -0.4528844119193139 0.3139096624402025 0.834479738080665 0.5155382365789967 -0.6714241816738034 0.5323625596233096,122.32666857824337 -38.917046669898525 952.9185850808929,0.69
49,357,6,0.0,0.8356795773678818 0.5458310779014104 -0.06089399286647859 -0.19835184324612715 0.4033387606696548 0.8932941231320906 0.5121486017271765 -0.7344292195565556 0.4453285654552675,124.38026978305743 6.210511069394244 886.3195700590647,0.69
49,521,6,0.0,0.8633379314803302 0.4985137113694181 -0.07830514442840517 -0.1664713295625811 0.427844785028506 0.8883896309376748 0.47637685974544497 -0.7539449048177195 0.45236287203800074,177.724651713536 2.3488279974906763 921.9921042218926,0.69
49,526,6,0.0,0.8857084068591039 0.4547719802589064 -0.09329021379812824 -0.13511772274011224 0.44477913276581155 0.8853895888577065 0.4441439170141069 -0.7715918409544552 0.45539237142477557,168.05106539413669 6.870761458446606 885.4297819474999,0.69
49,537,6,0.0,0.9069075219231538 0.42113840967538696 -0.012695927508082155 -0.14606039520534062 0.3425150087956458 0.928089343599084 0.3952026159220916 -0.8398368345374028 0.372141080401682,171.4801752117851 13.463022028072496 892.7000170442525,0.69
49,542,6,0.0,0.8876700280238765 0.45928194933011085 -0.0331965716245439 -0.15918885959365053 0.3737171728319213 0.9137802699291492 0.43208891252769144 -0.8058508334363433 0.4048501030265247,174.2437791973185 15.128383442623765 911.3416157373679,0.69
49,552,6,0.0,0.8745099607670707 0.47741713180608164 -0.08547052578070924 -0.14338268339730126 0.4228334909028687 0.8947922915809473 0.4633289701939278 -0.7702497784673151 0.43822544899867033,180.5827014791506 15.30826831845293 926.0141171913622,0.69
49,558,6,0.0,0.9008183345490979 0.4319708710534622 -0.04390324249418215 -0.12851389134568936 0.36184207359288556 0.9233387750491091 0.4147414952369466 -0.8261183210287217 0.38146823169080263,175.15109009309964 20.176266595093853 889.7338345357443,0.69
49,564,6,0.0,0.8958157421789383 0.4424082378927121 -0.04229783811335802 -0.13559848248245676 0.3627171746000325 0.9219811835382676 0.42323422311156883 -0.8201897355458889 0.384917640661365,175.68140949590546 19.959782056507926 900.1123893375507,0.69
49,570,6,0.0,0.8926252446932093 0.4502018674117947 -0.023204549453101103 -0.15899884433355038 0.3625814740107382 0.9182886486311349 0.4218288041812508 -0.8159981331370393 0.39523095359534127,172.5529722149772 17.51999977264513 886.8295534939955,0.69
49,576,6,0.0,0.8975798968011242 0.43962249537891956 -0.03289970235876555 -0.13231674339388239 0.3398342523024265 0.9311310113940402 0.4205265845058086 -0.8314112956406489 0.36319781002232987,174.728451540316 18.8647210346768 883.1401785607775,0.69
49,591,6,0.0,0.8981663916330758 0.439515389339042 -0.011106550993479014 -0.16202954707680542 0.3543860445421652 0.9209543730868777 0.40870962652585724 -0.8253706767070834 0.3895121143394457,179.0181865376405 24.733000715277132 912.3111486166238,0.69
49,594,6,0.0,0.9006145316456758 0.43202946331341907 -0.04737096386774026 -0.1339149995066541 0.3795361010860948 0.9154338429834776 0.41347338281414503 -0.818109339148188 0.39967095328875574,183.50049342041842 26.488838562325235 910.4753768994282,0.69
49,617,6,0.0,0.9035999833377869 0.42774337693126396 -0.02329535583307893 -0.13609952231371716 0.3382204126071964 0.9311733847795456 0.4061822129758135 -0.8382377681703781 0.36383162846956335,173.16938645976435 30.54352884460117 883.7601433285419,0.69
49,629,6,0.0,0.9162825631697058 0.3968508338188945 -0.054181916987150774 -0.10384567704307487 0.36602907588211514 0.924791214798427 0.38683632170547244 -0.8417435068393062 0.37659730336693503,169.7989136163689 28.150455991596893 900.141061365787,0.69
49,631,6,0.0,0.8800727125597704 0.4692026251733227 -0.07294461692373033 -0.13260465417059975 0.3903618260933227 0.9110618257952541 0.4559473942243589 -0.7921278566365082 0.40576524301678196,168.93635999958272 29.346706681997993 911.3712561221619,0.69
49,651,6,0.0,0.873984760641074 0.4741837808918098 -0.10630324598201485 -0.12464897257616356 0.4301842624205399 0.8940940297314388 0.4696948709565301 -0.7681739661722755 0.43508101072361727,169.8815249149227 35.72288746576263 922.7976319259608,0.69
49,669,6,0.0,0.8996137393434781 0.422673758682651 -0.10973610939670012 -0.18731827432324888 0.6005090446596133 0.7773678353177205 0.3944705110512122 -0.6787752065323824 0.6194007062539699,152.4253167605912 16.994367242456523 800.3307061959051,0.69
49,762,6,0.0,0.9092947404514925 0.4084327437071647 -0.07978576849971641 -0.07833130198884469 0.35627444579864637 0.9310922222849892 0.40871418144711497 -0.8403875374722692 0.3559515483114378,165.12706342918995 41.810218421890724 841.8521361685562,0.69
49,1024,6,0.0,0.8035479570405808 0.5490616661250896 -0.22987380783344866 -0.15856181121890142 0.5696782832486411 0.8064271855647368 0.5737323703251282 -0.6115537101406724 0.5448240329264928,156.8507510911267 26.172631974143034 792.5793121595417,0.69
49,1036,6,0.0,-0.9839832029713578 0.17795626454502855 0.010422292425734073 0.044781461524923336 0.30335764373615315 -0.951823912649047 -0.1725447100722578 -0.9361120167458746 -0.3064679675431865,178.87626388145026 41.321316188438765 850.3637840222508,0.69
49,1052,6,0.0,-0.9876376237504328 0.15586492775111432 0.016674784848337038 0.030906959233405182 0.2979128487659445 -0.9540926026393367 -0.1536772072349802 -0.9417823840130471 -0.29904724900784163,172.40615074085161 41.406329017749755 841.0286537392374,0.69
49,1067,6,0.0,0.9543909878524398 0.2888471916481635 -0.07553239161454571 -0.03459361934223992 0.35827167205649496 0.9329762539864813 0.29654868707658816 -0.8878111898815041 0.3519235248094952,150.10353191921448 39.702525845455774 784.7672989101255,0.69
49,1095,6,0.0,-0.9929740028034069 0.11810959487838046 0.007263150435225935 0.02831574556274411 0.2967559025705415 -0.9545334739247072 -0.11489494466601137 -0.9476212628931501 -0.2980152576681032,151.24179880030948 40.7027850008128 823.8468980727366,0.69
49,1102,6,0.0,-0.8869012489568592 0.36342869188754207 -0.28517671803931177 0.05213114859573009 0.6921151206783607 0.7199020788096584 0.4590081894093536 0.6236154629587753 -0.632783720092307,143.93363972887914 27.931013770170104 788.0040909268571,0.69
49,1130,6,0.0,0.9325331009857039 0.34996574020266086 -0.08891566931869183 -0.0513952696272601 0.37238467108214535 0.9266542953027217 0.3574080886408819 -0.8595659587416467 0.36524761566179376,142.56294261807247 39.373356390586984 800.0777539967722,0.69
49,1144,6,0.0,-0.8470702202507099 0.3748400062251155 -0.37678510015334915 0.019993028511119032 0.7309059003633978 0.6821853440414304 0.5311048114782689 0.5703258143790501 -0.6266228089349334,165.0096240245201 38.64167161782657 862.0239481881133,0.69
49,1150,6,0.0,0.8293873157217639 0.48200981394000614 -0.28245923561704894 -0.07407569652889007 0.5960040516124935 0.7995573535683678 0.5537413400709819 -0.6422193626223152 0.5300234132275483,130.60397047354203 36.23290685407308 767.2134698541068,0.69
49,1157,6,0.0,-0.9697031399334566 0.24417383707701984 0.007413345417553813 0.06715361118208103 0.29562360704450685 -0.9529412759783267 -0.2348748877773034 -0.9235723145726491 -0.3030642949054192,154.85115614842715 50.03621440866791 837.1720935302544,0.69
49,1168,6,0.0,0.9300593449951102 0.3518683528684108 -0.10572737127602341 -0.03673471808803319 0.37537940521034185 0.9261430033374557 0.36556829084900033 -0.8574840898778248 0.3620509084813063,137.82654055957107 52.39241485983298 790.9696073709347,0.69
49,1172,6,0.0,0.9265283460413498 0.35479173760288285 -0.12517206921117577 -0.02441602880616628 0.3887077964659704 0.9210375163389959 0.37543186002151807 -0.8503111618080152 0.3688113970384951,135.58595315930268 52.71357031066298 800.6186520411843,0.69
49,1179,6,0.0,-0.9780777552388845 0.20030309156753048 0.05694362313160496 0.006329581658453626 0.3019216819100392 -0.9533117194226881 -0.20814379909786823 -0.9320525572633243 -0.29657071567503734,149.6926843469949 57.732876934899956 834.4273331203293,0.69
49,1269,6,0.0,-0.9892748283631646 0.14235304573870933 0.03272498030471759 0.014873124709106025 0.3210495685935356 -0.946945597522525 -0.145306930765255 -0.9363027207451752 -0.3197234914684308,153.3693729533359 51.35231823781542 802.7980388436968,0.69
49,1491,6,0.0,-0.9995322722178102 0.012878520323839657 0.027737709158649218 -0.02151092161879958 0.3486261454244649 -0.9370149897294011 -0.02173745721585725 -0.9371733854739732 -0.34818605444939976,159.20242207450545 71.47969398556558 803.9701827356475,0.69
49,1554,6,0.0,-0.9994031080791428 0.02546102204202557 0.023348745540709835 -0.01230814978145265 0.3690917637349007 -0.9293114544607839 -0.03227904909855085 -0.9290441358189803 -0.3685580777701901,156.3500869552397 56.52460539391161 796.0082805269902,0.69
49,1557,6,0.0,-0.9986997155343499 0.044993903363312875 0.023967203669626992 -0.005669335642390756 0.36919619291572225 -0.9293341862698857 -0.05066297291891226 -0.9282616655860941 -0.36846104730126894,149.54027131499777 51.31139938524201 783.1575907358191,0.69
49,1565,6,0.0,-0.9936158681188746 0.09211082597926488 0.06513910008430292 -0.01658827993885391 0.45182996700737654 -0.8919498359676865 -0.11159003356503423 -0.887336056210684 -0.44741746474341404,152.7101862946227 49.41451575371885 864.9282559974548,0.69
49,1568,6,0.0,-0.999963980877621 0.0007660340000560121 0.008452818422969332 -0.007450443394599048 0.3978150034315451 -0.9174354004168273 -0.004065444699514063 -0.9174653324440498 -0.39779496719129614,140.2720017158729 45.605540200228795 800.4804615360024,0.69
49,1575,6,0.0,-0.9991745273640745 0.015127841152256237 0.03770162183315718 -0.028171046415616713 0.41063834603051885 -0.911363012697558 -0.029268686520366096 -0.9116728016077875 -0.4098732081973404,135.9547954105373 48.57512067205958 820.5393415100068,0.69
49,1582,6,0.0,-0.9990656524054082 -0.04260068560151796 0.007280368811854595 -0.02304398966144497 0.3825770997894956 -0.9236361498215309 0.03656223084330635 -0.922940921350299 -0.3832013295551332,136.3635986716633 52.57913462504292 794.392258519461,0.69
49,1587,6,0.0,-0.9994645185243004 -0.027473612965699595 0.017772923271069753 -0.02710411077278289 0.3908231080108824 -0.9200666635760317 0.018331486306492013 -0.9200557042023734 -0.3913584773254182,138.0547786993261 54.17481663635577 803.8997495357127,0.69
49,1592,6,0.0,-0.9977928521218278 -0.06637550287876318 0.0019279191320047025 -0.027278659764313103 0.3832515986864551 -0.9232410773063221 0.060541712695059216 -0.9212559387715592 -0.38421634049332376,137.6903410560105 53.82563256756226 803.2791864763251,0.69
49,1595,6,0.0,-0.9992163435598809 -0.03869141942664822 0.008347024953436392 -0.023178006281935656 0.4010144139033469 -0.9157784775078253 0.03208549185561369 -0.91525428920301 -0.40159694633783827,137.37088329708305 52.953563929560254 806.4214416650905,0.69
49,1614,6,0.0,-0.9999024274327878 -0.013738288444085825 -0.002528842550587127 -0.0030332502611025427 0.39024341819369734 -0.9207067252656265 0.01363579872512364 -0.9206092189344659 -0.3902470128085558,151.6960035871378 43.371399754261894 792.479958703864,0.69
49,1615,6,0.0,-0.9999589257172855 0.0018969552395205892 -0.008862755731225795 0.008888562898407264 0.3964383953933929 -0.9180182961725288 0.0017720970439505071 -0.9180593663912652 -0.3964389731766236,153.3105588259004 43.19453160883413 800.7234558456099,0.69
49,1618,6,0.0,-0.9998141553477333 -0.018779530379269202 0.004357063808642546 -0.011565409762985153 0.4034652200046974 -0.9149218860337616 0.015423879645300828 -0.9148022439223109 -0.4036074311151767,153.6840873853465 44.38099690653509 801.7554479658024,0.69
49,1631,6,0.0,-0.9999644399021465 -0.00825271697470063 0.0017353943995606544 -0.004846166354424681 0.39392363681908704 -0.9191303950076343 0.006901710139652387 -0.9191061206507983 -0.39394962289534996,149.65791562135578 49.71591995046341 789.4805010613451,0.69
49,1641,6,0.0,-0.9983418102367655 -0.05632798756590532 -0.01186540138189791 -0.010605871640006578 0.3825850790696277 -0.9238593901455148 0.056578665766647704 -0.9222016130380937 -0.3825480878138121,151.8215334042728 56.744305906342326 784.0745241070165,0.69
49,1644,6,0.0,-0.9995922074211401 -0.02654756898290935 -0.010518813812884898 0.0002652592926259724 0.359714919702249 -0.9330622198873515 0.028554307913870793 -0.9326845142515781 -0.3595611886381198,153.64800849395084 58.62585887973926 788.2287340710078,0.69
49,1655,6,0.0,-0.9984333150274862 -0.05561343859365981 0.006169350939424157 -0.028349257860056563 0.4077118729968148 -0.9126704488457005 0.04824142433644103 -0.9114154782892474 -0.40864971664345195,148.28765696115698 52.924582743613485 806.5121919721505,0.69
49,1671,6,0.0,-0.9986879398795058 -0.04957524907890713 0.012833293341652324 -0.03177851268521138 0.40345642382327085 -0.9144468493068656 0.040156255686311676 -0.9136548630388293 -0.4045024924209414,149.12096573367182 57.91847728486646 794.7245270369377,0.69
49,1677,6,0.0,-0.9965450524327504 -0.08165474850063242 0.015180926160989119 -0.04738523503641329 0.4088704193630628 -0.9113614100182306 0.06820995508245704 -0.9089320558860117 -0.4113270229519055,145.68616711651666 56.77388374880109 812.2032162099057,0.69
49,1682,6,0.0,-0.9972510346805389 -0.07407318539537727 -0.0018807003952702045 -0.02868922428144397 0.4093975221274224 -0.9119049277671746 0.06831765685914372 -0.9093441769106508 -0.4103972047662695,135.95323493220454 55.340097788265126 817.909353299696,0.69
49,1688,6,0.0,-0.9954379160446243 -0.0942653500164187 0.014744459536298264 -0.05193838605995882 0.40573686476625603 -0.912513013947273 0.08003598786934624 -0.9091158563989143 -0.40878184926663097,128.3838353703258 55.13741417432939 803.6294345098298,0.69
49,1881,6,0.0,-0.9929434259917647 -0.10233777615405626 -0.05991938210278243 0.009854236562810315 0.43231944486658336 -0.9016666743381463 0.1181788762914132 -0.895894456485858 -0.4282602900531495,140.41451413064954 61.189042642434536 772.2751192444283,0.69
49,2061,6,0.0,-0.9864232381283646 -0.13763619112589576 -0.08958501087072299 0.013348163656178594 0.47650640432168745 -0.8790696634325543 0.16367963162030744 -0.8683305393297949 -0.46819979993574123,132.9680745773958 47.35532908703305 782.8994083603264,0.69
49,2064,6,0.0,-0.9909519739366477 -0.06786530039745778 -0.11579501868830237 0.07133290111015234 0.4645064606279772 -0.8826921123778542 0.11369169965424349 -0.8829654857562848 -0.45546256530355733,139.6423728540246 48.31362436139846 829.84195956892,0.69
49,2089,6,0.0,-0.9760665659524669 -0.1993454103974879 -0.08692218464359727 8.995034650069456e-05 0.3993236310502922 -0.9168100291738444 0.21747195391289806 -0.8948754354871227 -0.38974851407418987,122.35942279093433 48.81324347099136 722.8302441291183,0.69
49,2097,6,0.0,-0.9904821456439511 -0.10932348871840519 -0.08362711267879347 0.028031475484875813 0.4346226855483448 -0.900176292505465 0.13475665305540832 -0.8939527370175564 -0.42742151143353024,129.03498442075625 56.73320512323476 769.3913544367307,0.69
49,2119,6,0.0,-0.9839175326050044 -0.1669650369322036 -0.0634741323273342 -0.009856311492859982 0.4055588950761758 -0.9140157743432807 0.17835117649243515 -0.8986905246339362 -0.40068216678178337,135.57784477674417 52.51997448779247 740.5457677502925,0.69
49,2123,6,0.0,-0.9735963635335021 -0.20988303683047246 -0.08977322409916777 -0.004878618625098363 0.4123063281619561 -0.91103221174551 0.228224275647118 -0.8865396790941867 -0.40244388105290474,134.92555567592052 52.75526971089389 735.2096839905012,0.69
49,2146,6,0.0,-0.9855976612754465 -0.14116923010269394 -0.09310477195387451 0.020961614490999814 0.44433459080791937 -0.895615644196488 0.1678030417075359 -0.8846683106587305 -0.4349759985446634,133.90164240388378 56.25286597668838 779.9283691216119,0.69
49,2151,6,0.0,-0.9656983717080765 -0.23368362662592465 -0.11321933371701645 0.015925150273935623 0.381898280009482 -0.9240671476221586 0.25917763111256775 -0.8941731747110037 -0.36507710029269536,122.59368708863508 49.587693396215776 716.7874330784279,0.69
49,2173,6,0.0,-0.9406785035764711 -0.3187500854643403 -0.11628557918162803 -0.018067414212323996 0.3892933165944533 -0.920936633107062 0.3388178293018407 -0.8642043141939103 -0.3719588443306894,125.4999993607314 45.18972691955184 724.2810676109813,0.69
49,2196,6,0.0,-0.9613812035249676 -0.2530185469081283 -0.10829495107983637 -0.013851194527615504 0.43746704111287416 -0.8991277619727381 0.27487147163545916 -0.8629045154942961 -0.42407719959992063,132.9245074111551 39.44238706162248 751.5400139290135,0.69
52,1,6,0.0,-0.9246377571178599 -0.34153291926630686 0.16852383561231854 -0.3620162123328658 0.6507652558638134 -0.6674195410449645 0.11827628722706374 -0.6781296681446255 -0.7253625804119215,-38.16750553446974 122.23922110076735 977.2094995895212,0.69
52,21,6,0.0,-0.9480547104221229 -0.29700191517434005 0.11393914353372497 -0.2920370255876289 0.670603349856777 -0.681913134385018 0.1261215355613594 -0.6797654077280213 -0.7225042205579159,-47.775151580492185 124.25071005142786 953.8994385795916,0.69
52,34,6,0.0,-0.9920377717638063 -0.08803481216264802 0.09006070864361215 -0.12132343597297054 0.8598850262275778 -0.49586123618741357 -0.03378880402758929 -0.5028395504702118 -0.8637191112886761,-38.30651740713784 127.22365122647194 1003.8817728854741,0.69
52,39,6,0.0,-0.9055887073208785 -0.40587741577192127 0.12317717539872114 -0.3687610884108963 0.6098938411566042 -0.7014590238875356 0.20958137523862053 -0.6806563199482909 -0.7019847728174298,-30.227685623619404 126.13345474136966 966.2929219030085,0.69
52,48,6,0.0,-0.9883046212275363 0.10879307218836232 0.10685524369030203 0.012907482530767865 0.757890747210369 -0.6522537943068067 -0.15194529461294276 -0.6432462069353584 -0.7504311725323383,-24.93780890951731 154.62589642769277 966.6969166823799,0.69
52,52,6,0.0,-0.8957346080513777 -0.39387039923916034 0.2062174108610357 -0.4132550084269949 0.5665716481156354 -0.7128933058751057 0.16395063265827656 -0.723783583783659 -0.670266748314605,-40.889709571748554 143.68792026495473 962.0928160154384,0.69
52,57,6,0.0,-0.9933152832139432 -0.11474391149702262 0.01259297057754949 -0.09353956855468629 0.7361915118975895 -0.670277857999609 0.06763946516795301 -0.6669751813855628 -0.742003376115964,-31.162689508420954 127.40630093555907 953.7723529195687,0.69
