scene_id,im_id,obj_id,score,R,t,time
48,1,14,0.0,0.7257426464457855 -0.68796408048313 -0.0017421523668020855 -0.17044808743277867 -0.17735347749824812 -0.9692745707537086 0.6665171120236715 0.7037408386503371 -0.2459751438567414,-24.679643364255835 -115.73922936232955 865.5530081233469,0.69
48,36,14,0.0,0.7372729277766464 -0.6755338228595371 0.009093082009539566 -0.1632514452976766 -0.1911997276514871 -0.9678799666044428 0.6555742487131968 0.7121072379345522 -0.2512482559249932,-39.8293278466297 -120.556477846085 863.245747639743,0.69
48,47,14,0.0,0.774128409584262 -0.6329624256159461 0.009152771870783283 -0.1533094856370502 -0.20149029498740964 -0.9674181426041117 0.6141835288317685 0.7475026613894189 -0.2530185055040276,-14.886887273629872 -122.83420245466039 878.8124174697043,0.69
48,83,14,0.0,0.794784710442259 -0.6068223395824262 0.009160361942933792 -0.14281338430282514 -0.20167705409725584 -0.968984366806104 0.5898487952951913 0.7688257371045557 -0.24695219102985969,6.865303734772973 -114.53755215694632 893.0480224789012,0.69
48,112,14,0.0,0.7945170368935593 -0.607238257881858 0.002091948967807067 -0.15151270270644726 -0.20157453320667865 -0.9676836303674341 0.5880362055217906 0.7685241738079001 -0.2521587104750077,18.005105387999812 -125.51415797940177 896.6724285288346,0.69
48,1024,14,0.0,0.9997083738215641 -0.01109242373168937 0.02145053488379215 0.017676022745124635 -0.26909730173455293 -0.9629507777758409 0.016453739117840843 0.9630491162629972 -0.2688227559826407,85.14102030764943 -101.68932113204883 1005.0392056993343,0.69
48,1027,14,0.0,0.9995939622445408 0.014563384476801326 0.024491191821544 0.027530683365925013 -0.27201371437089567 -0.9618994753442554 -0.007346571830723587 0.9621831670876027 -0.2723042064596255,97.86029798616596 -95.2660379313723 1005.044778287403,0.69
48,1059,14,0.0,0.9986784541201938 0.036313091176188646 0.03636900720848041 0.045348107129390657 -0.28961913901462555 -0.9560671019840651 -0.024184591290364987 0.9564528810796992 -0.2908831239836048,109.82028481831944 -113.71775146550915 1015.2573733289985,0.69
48,1074,14,0.0,0.9990438447880676 -0.008867748624168633 0.04281073726781534 0.039153475781857364 -0.25421553873760255 -0.966354730520087 0.019452545470319986 0.9671069345727437 -0.2536252660442884,86.9464152439165 -85.4583859014118 1039.8758189626587,0.69
48,1075,14,0.0,0.9987425609724023 -0.01976563823496362 0.046071861775403886 0.03926734467134265 -0.26290034956787517 -0.9640235898771103 0.031166850093478405 0.9646205086676591 -0.26179362427873804,86.38435360507805 -88.16563113708085 1032.905140164131,0.69
48,1083,14,0.0,0.9975837776708305 -0.04345910478347668 0.05420251598786614 0.04079030662329799 -0.2651626382873601 -0.9633405037379381 0.05623839803526966 0.9632237961491119 -0.2627492361901765,96.74173099234463 -88.30702998234628 1038.0209025257332,0.69
48,1087,14,0.0,0.9985666512627799 -0.019518689744674897 0.049836369615857995 0.04273728303422539 -0.26976417819301085 -0.9619775531698762 0.032220608695209374 0.9627285748924774 -0.26854333628077537,95.5125219171772 -83.86553778668602 1047.2016314054708,0.69
48,1090,14,0.0,0.9966069980889725 -0.05963736830530317 0.05672632247646552 0.0387472562404023 -0.2681112588485379 -0.9626084370150163 0.07261639962107004 0.9615402941012248 -0.2648907724436681,88.0757072901184 -83.88170801613654 1051.004605668514,0.69
48,1094,14,0.0,0.9971505837456408 -0.05741028011358675 0.04893641867778953 0.03234841175631172 -0.26062304021025906 -0.9648985496768071 0.0681490542309467 0.9637321674868186 -0.25802328530306384,76.45251648184592 -85.10374162164432 1051.772480366462,0.69
48,1097,14,0.0,0.9946138117532147 -0.09204833660940853 0.047649440680674185 0.022886239932334594 -0.2533360766719029 -0.9671075701690309 0.10109196551407872 0.9629890632732693 -0.24986492055623086,80.37603712611255 -85.78886842797452 1047.7772636600753,0.69
48,1103,14,0.0,0.9944112352848363 -0.09764213713067058 0.04015355769842357 0.012151426662747454 -0.2719486286583362 -0.9622350472732274 0.10487439138962942 0.957345265004954 -0.2692422804896161,91.75878219820599 -92.4416976480929 1049.54978916825,0.69
48,1104,14,0.0,0.994515464826851 -0.09592530618050829 0.04168124103728345 0.01423541430116039 -0.2706657465290228 -0.9625681309058394 0.10361632689835469 0.9578822418700863 -0.26781573424657257,91.46928809525163 -94.26239170964858 1057.2847764881199,0.69
48,1107,14,0.0,0.9926849065122181 -0.11215207488080746 0.04470557552205775 0.012942103502110794 -0.26930092598191885 -0.9629691133272249 0.12003823699042443 0.9565034884229178 -0.265879480770931,89.04550954130299 -96.93413946900729 1049.6931922939011,0.69
48,1113,14,0.0,0.9986111681336822 -0.021966588171476342 0.04788740839497372 0.040223175399182624 -0.2691618869072062 -0.9622546309565668 0.03402691639700597 0.9628444046888661 -0.26790450037252844,105.21864796370407 -89.76841613419698 1054.3733521416007,0.69
48,1119,14,0.0,0.9969916606770942 -0.06801435884713618 0.03717089628920405 0.016572043409563964 -0.28142650841389827 -0.9594396738405149 0.07571654982605389 0.9571693514486217 -0.27945274507484025,111.24098665414861 -94.02969767278415 1070.5121148316468,0.69
48,1120,14,0.0,0.9961887353527354 -0.07577174746907056 0.043204696987715153 0.020615892850874326 -0.2767556561290959 -0.9607191534275324 0.08475251334490413 0.9579483018858778 -0.27413876485401484,111.02395354792596 -93.53631936940687 1070.7419896053327,0.69
48,1122,14,0.0,0.9958550211050603 -0.0738309013292328 0.05312038166987111 0.03087262385000208 -0.27497519894159994 -0.9609555250185327 0.08555500006695092 0.9586123502104178 -0.27155607890011113,111.94394332366018 -93.16331017655365 1078.1340146183966,0.69
48,1124,14,0.0,0.996325361713166 -0.07236770888600864 0.0458114430870587 0.024175438165580626 -0.2755088294535609 -0.9609945021084308 0.08216642743013172 0.9585707066271735 -0.2727469130891316,110.95149719715704 -96.4547747868127 1079.0744922713377,0.69
48,1126,14,0.0,0.996972919699769 -0.07122796379793403 0.031170090768527996 0.010008826280642775 -0.2799913117214583 -0.9599503574440613 0.07710266390859649 0.9573564866514968 -0.278430847221533,110.15635839071972 -96.55574790027673 1087.9924799285825,0.69
48,1128,14,0.0,0.9986882887708705 -0.0367454552995363 0.03565772548466992 0.02450974805374313 -0.2683605350361388 -0.9630066954520407 0.04495524577012491 0.9626174706236881 -0.26710790165736503,107.5962424499025 -92.54628854142636 1082.299805370201,0.69
48,1132,14,0.0,0.9971753653298501 -0.0676474413138882 0.03263609141676335 0.013083393723504429 -0.2714298441053617 -0.9623692973789295 0.07396022977218937 0.9600779465296674 -0.26977809584809115,105.81563471488435 -89.46504325546047 1095.7291053712797,0.69
48,1133,14,0.0,0.9938177278450973 -0.10781710899360064 0.026491410477169443 -0.003032336877922946 -0.2648803644099011 -0.9642765150531961 0.11098256058438474 0.9582347643236181 -0.26356973970430164,104.18155049419734 -90.47442091050983 1096.5475633419749,0.69
48,1137,14,0.0,0.9932764757666748 -0.11338382094520799 0.023365612262455135 -0.006873199050840287 -0.2592366926795778 -0.9657893643561012 0.11556211240429067 0.9591352596565405 -0.2582730180646808,97.20727361832336 -87.03736849658628 1103.5007602111143,0.69
48,1540,14,0.0,0.9927316407165567 0.09598545008905042 0.07259946894719674 0.09782027442810153 -0.29213834405872857 -0.9513602797265789 -0.07010765600862348 0.9515471513812787 -0.29940430068245544,113.79643818022768 -74.40241983224954 1041.5937302861528,0.69
48,1542,14,0.0,0.9909098463250132 0.1109175818557421 0.07612467728281525 0.10589304376131192 -0.294094224127098 -0.9498922310546838 -0.08297192138972614 0.9493186384825458 -0.30316626278420583,114.18216827069189 -73.25837680957774 1038.084115972075,0.69
48,1543,14,0.0,0.9931671017950323 0.07462114844176736 0.0897262064131066 0.10762140362190549 -0.2883148333179474 -0.951468438978033 -0.045130271376389905 0.9546236122651042 -0.2943756401460852,110.86299069968773 -70.21928141374099 1041.011574276306,0.69
48,1568,14,0.0,0.9865660820635834 0.11847090622910689 0.11248115441693021 0.14050779340693248 -0.2641215776459244 -0.9541998492002306 -0.08333622089839399 0.9571856855381207 -0.2772194756637636,103.7149874984095 -50.513315497308014 1053.4944634089443,0.69
48,1569,14,0.0,0.9875359058455155 0.11301808211597247 0.10954336027666965 0.13611450853878732 -0.26377660795724633 -0.9549317994808916 -0.0790295845308663 0.9579398802687967 -0.2758722721831286,105.1457129266596 -50.981314505262866 1062.5319259753348,0.69
48,1571,14,0.0,0.9905287281670858 0.07956172991829025 0.11190518222184426 0.12942913457797833 -0.2689669136710599 -0.9544133792401802 -0.04583598802350294 0.9598576615741906 -0.2767170607664725,106.22386773958029 -48.95483443321092 1050.379083343746,0.69
48,1572,14,0.0,0.9888803148820999 0.10832166807109664 0.1018927822025395 0.12679960430227658 -0.25615951123957376 -0.9582818818856427 -0.07770188664031957 0.9605460535694257 -0.2670462427834121,109.5896697729964 -48.794127631691545 1062.0556386324483,0.69
48,1576,14,0.0,0.9894565889812413 0.0844376783268132 0.11766875966196139 0.13584895527236043 -0.25944648372467843 -0.956155104276659 -0.05020677118691289 0.962059146082858 -0.26818180319571866,113.12251036605406 -39.50902917084286 1058.9688898068746,0.69
48,1577,14,0.0,0.9906808171875892 0.08433932057203392 0.10695044395409833 0.12548254887036867 -0.2597898446431655 -0.957477606291278 -0.05296837155819098 0.9619751117496376 -0.2679519285035019,113.52456873745577 -38.365916364602846 1061.8017284740706,0.69
48,1579,14,0.0,0.9923615517904943 0.07571035799602269 0.0973986253500352 0.11414376934268622 -0.2640270485090235 -0.9577373948927009 -0.04679476945349857 0.961539213629755 -0.2706521572130288,113.25836756424016 -38.244011906731025 1058.2342321143706,0.69
48,1580,14,0.0,0.9887551892722433 0.11381295029188662 0.09700406194107114 0.12303592321540022 -0.2504153153014226 -0.9602886709011116 -0.08500198401063802 0.9614253908693831 -0.26160252389055727,111.32217212204873 -37.355057363388 1054.3642351885817,0.69
48,1583,14,0.0,0.9851597575905207 0.14028044644925797 0.09890221619450011 0.132045109966902 -0.2512971887458871 -0.9588606842822595 -0.10965555598334052 0.9576905133039645 -0.26609122452567574,113.87472469535491 -35.77136386976497 1062.1531104124122,0.69
48,1586,14,0.0,0.9832805218664554 0.15259038458066307 0.0993760023927115 0.13426689062020844 -0.23887345679759237 -0.961723387321297 -0.12301145231730193 0.958986781019996 -0.25536745373616826,116.95749540846565 -37.37829959104392 1067.9742333408612,0.69
48,1587,14,0.0,0.9865060879665553 0.13043301189730927 0.09895942508078653 0.1308327506915839 -0.264645891072878 -0.9554294027738084 -0.09843032942847077 0.955484056248789 -0.27813969242624104,116.34969777558786 -36.33666987604847 1063.2684885937254,0.69
48,1588,14,0.0,0.9892276981145861 0.11508559589148275 0.09046472738708299 0.11765885127856986 -0.25742513922212273 -0.9591082798163502 -0.08709165286480842 0.9594204517909617 -0.2681929169208289,116.17635794280861 -35.44851500367325 1070.5802167203985,0.69
48,1589,14,0.0,0.9892183863668862 0.102167073905231 0.10492317705510631 0.12784378679894934 -0.25296898570621174 -0.9589904370991794 -0.07143493718481811 0.9620647490062265 -0.2633029974553795,115.50716753888608 -33.90744914195498 1069.4618266868613,0.69
48,1597,14,0.0,0.9934770443714576 0.02989185062295329 0.11004471624429875 0.11402787181338161 -0.2519236682572773 -0.9610057803267931 -0.0010033726447282315 0.9672853470605933 -0.2536888854585543,109.33385340495194 -17.420312725672087 1080.3503705210883,0.69
48,1605,14,0.0,0.9938438879097775 0.06390895701978813 0.0904984622909134 0.10382533215156525 -0.2522186024875089 -0.9620842358977019 -0.038660404395119245 0.9655575704078397 -0.2573012851893962,124.25147814482938 -34.109189059916126 1080.4000585500394,0.69
48,1608,14,0.0,0.9967080319141723 -0.021183343274271883 0.07825832278743516 0.0702156994496099 -0.25702804261364753 -0.9638497501483305 0.04053214364649474 0.966171750403582 -0.25469451123551634,124.35689076826303 -38.57710729755874 1081.6438623413608,0.69
48,1609,14,0.0,0.996339893982668 -0.01958172319858671 0.0832068012555452 0.07516464110559268 -0.2628595744221185 -0.9619018249603699 0.040707399647647774 0.9646353716566674 -0.2604256273156119,123.8977481618157 -39.140099928683 1082.8676691633993,0.69
48,1611,14,0.0,0.9962547990341384 -0.03825136569949277 0.0775448800603373 0.06503576656747313 -0.25950009219475134 -0.9635507517603298 0.056980035700494015 0.9649852512722871 -0.25604050530830313,120.22173776466742 -39.69736343166711 1078.5670713955883,0.69
48,1619,14,0.0,0.9941179201597441 -0.07083614843902201 0.08192558142356413 0.061488986554616085 -0.25355391394294735 -0.9653649658324558 0.08915528783953555 0.9647241330030761 -0.24770684659837783,112.69792541957699 -45.15387845734974 1071.4790193158547,0.69
48,1622,14,0.0,0.9959220809718131 -0.04371920714009076 0.07891666211779359 0.06523862907623006 -0.25519963378139887 -0.9646849580013641 0.0623147647755027 0.9658994657027622 -0.2513067692006963,114.22883759102996 -45.75330627883466 1077.9451333348852,0.69
48,1624,14,0.0,0.9944178422044829 -0.07665909493024256 0.07250198804072201 0.050576016175952476 -0.2567462529807895 -0.9651546136076304 0.0926024929100223 0.9634338299773372 -0.25143594325801705,115.8361409346083 -46.7972418808559 1075.5053583497647,0.69
48,1626,14,0.0,0.9905737207845147 -0.1123738766269603 0.07833144670533532 0.04599194514702437 -0.2658026015576976 -0.9629297575559459 0.12902885209407694 0.957455528396483 -0.25812877884942675,117.36779167871428 -46.976385138113386 1081.6202718778022,0.69
48,1631,14,0.0,0.9966766672834093 0.0005591393912668663 0.08145740148063636 0.0787168329156451 -0.2638993230577738 -0.961332828683895 0.020959034056150072 0.964550068504891 -0.2630663114856086,121.56940518159747 -48.92250037714462 1071.1628337444242,0.69
48,1639,14,0.0,0.9956632759177821 0.029907408809906562 0.08809192861408069 0.09277732085724097 -0.24942753014519217 -0.963938937869107 -0.006856363702701762 0.9679315337894239 -0.2511205610316087,126.18758621347726 -43.2549828170178 1062.8140368248653,0.69
48,1641,14,0.0,0.9950377738564151 0.05443672256203255 0.08328548394272527 0.09421195488490675 -0.24627582186910152 -0.9646099352170612 -0.03199900241623084 0.967669810833945 -0.2501823355973862,124.81530426712227 -42.03369151833933 1061.157896571771,0.69
48,1643,14,0.0,0.9945684960701447 0.05446697675750306 0.08869529337945985 0.0994650435477969 -0.246317499466863 -0.9640717787428627 -0.030662872285643763 0.9676575003064306 -0.25039718521561843,121.84844213501455 -39.64574463928904 1055.6073179988107,0.69
48,1644,14,0.0,0.9941128632178053 0.05931535620895142 0.09067140509941769 0.10232965122436982 -0.23892959228789132 -0.9656299976748035 -0.03561260542555579 0.9692235750573484 -0.2435927008098897,120.94361159978382 -40.08647335056587 1056.351499863554,0.69
48,1645,14,0.0,0.994497219758629 0.05934675856325636 0.08633216168029138 0.09829093433411573 -0.24340863274656635 -0.9649306346738992 -0.036251511969626365 0.9681065022777616 -0.24790245688059304,118.90386928245263 -40.03512308813876 1054.5028391197861,0.69
48,1648,14,0.0,0.9935499817400328 0.08364078942786195 0.07656795758190775 0.09396666371880259 -0.22933025337633678 -0.9688023023279324 -0.06347204025347093 0.9697483453093536 -0.23571051498783954,116.13086188558293 -41.36188898472681 1049.213888218861,0.69
48,1649,14,0.0,0.9928349584283018 0.07940086794546988 0.08929864216313323 0.10552155475811931 -0.23191216204797915 -0.9669963549960576 -0.056070908714791604 0.9694907174716725 -0.23862900480067295,114.9046677862716 -43.78767168795028 1058.3513752139243,0.69
48,1724,14,0.0,0.9879708086476273 0.15122922309458717 0.0323017544780537 0.06845275531190284 -0.24038192527462673 -0.9682617158038794 -0.1386647091020698 0.9588254544407294 -0.2478423821023495,102.07269738994451 -69.89848738541414 1037.4003147957612,0.69
48,1874,14,0.0,0.9829994504470303 0.18082140721427786 -0.03187003473303138 0.01832327239934929 -0.26931921035291206 -0.9628766383205396 -0.18269192130309314 0.9459232429895843 -0.2680538756717616,62.093890078171725 -104.56009768745766 987.2242490968216,0.69
48,2040,14,0.0,0.9179812590788904 0.3954559935868469 -0.030413239159527344 0.07916960694331851 -0.2578348547702951 -0.9629399571115643 -0.3886419706058204 0.8815530300565136 -0.2679956601921085,78.24653811518914 -101.6717153633501 856.7656124142989,0.69
48,2050,14,0.0,0.9279308350042761 0.37257619860901037 -0.01146043970910765 0.09143614206604775 -0.25731984856822215 -0.9619906067404737 -0.3613638019674139 0.8916128485855767 -0.27284195217152574,77.55273780116791 -94.55013944862304 855.3591506238482,0.69
48,2051,14,0.0,0.8907320697921463 0.4537462592509654 -0.02665918339999937 0.09737861641174655 -0.2477931605595977 -0.9639066109564866 -0.4439749823014052 0.8559864962694453 -0.2649024977134528,80.75986776152975 -94.88675869475513 854.6425548315103,0.69
48,2066,14,0.0,0.9128357653265178 0.4077978857003235 -0.020778593770916176 0.09566933463815586 -0.26306734027622414 -0.9600223710361577 -0.39696126253155156 0.874354881554589 -0.27915102928525515,76.25992676938587 -99.81437970339812 846.5876762006354,0.69
48,2069,14,0.0,0.9258307611131605 0.37746090924559705 -0.018991149731196366 0.08773697950926845 -0.2635332033291774 -0.9606521082939716 -0.3676134167889085 0.8877350464719469 -0.27710442627687243,74.93024915888252 -102.49904557817749 849.3253982361867,0.69
48,2070,14,0.0,0.9201427379550456 0.39094492228360694 -0.02234747254740127 0.08760500683535477 -0.2611419380581529 -0.9613169357525172 -0.3816578370294127 0.8825910468206078 -0.27453659046861834,75.26939282024173 -102.23614117377423 848.1294965178112,0.69
48,2083,14,0.0,0.9078585469738663 0.4183479811988085 -0.02788951977681936 0.09439277874931101 -0.26874631543200067 -0.9585746821514258 -0.4085129887855267 0.8676176488342113 -0.2834726678621965,76.78928075705956 -102.45990047535692 824.7815916847379,0.69
48,2090,14,0.0,0.9009459600415761 0.4324033016662364 -0.03638353738850153 0.09230481260277246 -0.2728995657897578 -0.9576041189145589 -0.42400023426306005 0.8593911866547733 -0.28578066702450466,70.74350415191354 -105.05948868293343 820.9428571597423,0.69
48,2104,14,0.0,0.8961902429463777 0.44311685367843245 -0.022147289537081616 0.11266525885695691 -0.27557630232762936 -0.954653990219559 -0.42912654065486033 0.8530563613159201 -0.2968926683568235,73.0739219157979 -107.82829370127247 811.2594580434851,0.69
48,2133,14,0.0,0.8731626469839229 0.4865695959702493 -0.028931301204365628 0.11531204318824387 -0.2638717021734528 -0.9576402547344368 -0.4735927835258704 0.8328395722283092 -0.28651024819853316,77.53874270104558 -104.80937323278337 788.8247670157521,0.69
48,2144,14,0.0,0.8864050519210991 0.4622118157989752 -0.025422849261405783 0.11177212347979307 -0.26699869491051414 -0.9571931306319014 -0.4492138425533788 0.8456192608094358 -0.28833138817432236,74.26219107128034 -101.90748533792687 781.8820479249622,0.69
48,2160,14,0.0,0.8702895512536741 0.4917410883348849 -0.02804993800174116 0.1298617731101827 -0.2840200345382855 -0.9499834418901999 -0.475112635975258 0.8231180486565061 -0.3110380380476766,77.28113904407272 -106.45891493417362 766.9891886226451,0.69
55,22,14,0.0,0.41985763273952414 0.9072963138530898 -0.02308608019908004 0.4765801980335149 -0.24204564984342358 -0.8451539612604382 -0.7723929589740564 0.34384197280214396 -0.5340241704893434,-103.79692122627283 63.12640570240062 960.3055216779674,0.69
55,42,14,0.0,0.42814352288111235 0.9031660307542964 -0.03137267451907688 0.4719885070531555 -0.2530797075378338 -0.8444983782354458 -0.7706620355413156 0.3467589689165862 -0.5346384240318143,-80.09126179447574 70.7678460341894 966.9542887386091,0.69
55,49,14,0.0,0.4074831411457248 0.9124468092729344 -0.03739398253269066 0.4767742642431402 -0.24748628472239848 -0.843467153972054 -0.7788734111763133 0.3258701568446325 -0.5358776448412721,-75.5701113426941 61.544169998261 972.178896239459,0.69
55,62,14,0.0,0.41028436076911634 0.911953064342722 0.0028899384416425367 0.5041362650723384 -0.2241660837074056 -0.8340240962671265 -0.759943004143857 0.3436439659752567 -0.5517204501390232,-81.00466257698037 39.14894462825889 972.5876226890194,0.69
55,89,14,0.0,0.44138828223475 0.8973160601732701 -0.000521977946568386 0.47295486810277604 -0.23313998415790466 -0.8496819643400332 -0.7625549665720774 0.3747927906750236 -0.5272952560134462,-109.17796513715865 52.96643960616377 978.4424188432189,0.69
55,100,14,0.0,0.47890097461137937 0.8777086351370202 0.01677522942258186 0.4638094928063315 -0.23675002867306055 -0.8537155136847628 -0.7453419422647598 0.41662570219468475 -0.5204694163654394,-115.6646328419864 57.825223987788014 970.8564967255518,0.69
55,128,14,0.0,0.5287730658485466 0.8485234736664984 -0.02017323647976854 0.43550460013603987 -0.29163993828795737 -0.8516348335147786 -0.7285154686713778 0.4415360246144543 -0.5237472203975758,-180.45425946365847 55.279133469207274 960.7142491415351,0.69
55,205,14,0.0,0.5239032082095424 0.8517673328775031 -0.004223632381475384 0.4248977593550467 -0.26563637535020673 -0.8653896291185057 -0.738232566690748 0.4515857911112227 -0.5010817804946026,-151.30130356936203 50.69812872186156 945.4630995304321,0.69
55,360,14,0.0,0.5075916157699515 0.8615621302597412 0.007838832970966159 0.4282772454717467 -0.24440536142477481 -0.869968172014332 -0.7476157787334234 0.44494574389370434 -0.49304556825885265,-95.15167361619014 52.68038569881947 1017.8517275489993,0.69
55,454,14,0.0,0.5629781615281882 0.8264353177525618 -0.00776242317597442 0.38159116587475395 -0.2682529882993968 -0.8845498948023167 -0.7331055665923475 0.49502020144602743 -0.46638099059850996,-58.32511397896247 84.02660542173234 1049.182345748141,0.69
55,512,14,0.0,0.6086375510465155 0.7933130868244467 0.014651884833312256 0.3656410674030144 -0.2640392602327809 -0.8925188395121474 -0.7041782027899508 0.5485778115534695 -0.4507720525794841,-73.531001492124 73.78702051638436 1057.0478522653875,0.69
55,513,14,0.0,0.6234009574828525 0.7815647389204143 0.02297400891717899 0.3636187421306527 -0.2637718138361092 -0.8934236624339713 -0.692208535472356 0.5653149468233378 -0.44862718856233247,-72.30671928049647 73.10307360387021 1055.9828806242886,0.69
55,526,14,0.0,0.6116572943490455 0.7909649928374407 0.015802986277056674 0.3661880159011636 -0.2653553890361594 -0.89190406127556 -0.701271481867026 0.5513264891288427 -0.4519484606732161,-70.70642819031713 69.14171730995747 1044.5778613074942,0.69
55,530,14,0.0,0.6176117139836763 0.7862690391956688 0.018351260241876 0.37210865914581465 -0.27157449686686264 -0.8875710892318508 -0.6928859332811204 0.5550029645450824 -0.460305108387166,-77.06570345036354 66.52992607454108 1048.202295020445,0.69
55,546,14,0.0,0.6435500135538118 0.7650042699282562 0.024735542169610658 0.3677037450682392 -0.28065949444209937 -0.8865800607064748 -0.6712952673136316 0.5796539615762503 -0.461913356498033,-98.228764519691 60.281599272730986 1052.4011935070985,0.69
55,562,14,0.0,0.6684389308134233 0.7427188625073342 0.03947261137572822 0.3627046339238269 -0.2791778563417867 -0.8891035221269723 -0.6493340775773211 0.608628306772053 -0.4560009209339311,-87.06910855588953 65.00492239133636 1053.9631515931535,0.69
55,563,14,0.0,0.6572629261484465 0.7527700493403086 0.036642853695791844 0.3660476944542138 -0.2763501636937693 -0.8886167185075811 -0.658797792418536 0.5974678567442908 -0.4571844582461736,-84.90058319360786 64.00162533369527 1059.3161879892155,0.69
55,588,14,0.0,0.6707308121732983 0.7395706301389373 0.05617348695997243 0.35949746391498727 -0.2579199208345107 -0.8967936707378191 -0.6487539988624651 0.6217013732272229 -0.4388686038979614,-108.9822620607108 72.865302318181 1044.355248578164,0.69
55,598,14,0.0,0.6775867368287928 0.7343498074084027 0.04008209616462349 0.35210199945999854 -0.2760720010441209 -0.8943200949412722 -0.645678244987377 0.6200924210137846 -0.44562876180884436,-101.50626517948078 68.82611224095541 1051.5766481444855,0.69
55,603,14,0.0,0.6635211167360365 0.7465303501791645 0.0493169738197316 0.3596162536384293 -0.26043692408584945 -0.8960182803334773 -0.6560608796174505 0.6122622353486087 -0.44126984646755735,-101.47348944044982 67.49018839180994 1045.3999050023829,0.69
55,610,14,0.0,0.7051544878234812 0.7071112220153111 0.05244871783388205 0.3451573309753402 -0.27770448762569205 -0.8965191768314449 -0.6193735263767609 0.6502875804231276 -0.4398891878314929,-96.04554015423282 68.17449012241788 1044.8015694559128,0.69
55,612,14,0.0,0.6924961794069644 0.719074693527264 0.05814315639374945 0.3498386966555053 -0.2642346653644184 -0.8987730124687383 -0.6309214910186006 0.642737603340916 -0.4345416498132727,-94.43300388478836 68.24012878263963 1046.470064260426,0.69
55,618,14,0.0,0.6770366835949556 0.734208353102141 0.05059074324208046 0.34697143269782654 -0.25781855975278345 -0.9017429872966123 -0.6490240010649545 0.6280666242382589 -0.4293019468388139,-94.36388804643809 77.71309293627596 1039.2792535684039,0.69
55,621,14,0.0,0.6870486569476424 0.7247608521688925 0.05182518837265787 0.3384625353530072 -0.2561047819600401 -0.9054575930542604 -0.6429675381765825 0.6396343078827315 -0.42126084203320374,-98.27929610178539 81.87352240265794 1041.6220344107587,0.69
55,622,14,0.0,0.6886910404840708 0.7230179023808551 0.05431172611652596 0.3435428961482022 -0.25943139870683285 -0.9025927253590748 -0.6385005319207446 0.6402659308457735 -0.4270557440605635,-97.46938538948915 82.9270311017628 1042.2738244483203,0.69
55,638,14,0.0,0.7030462215817964 0.7096528519977682 0.04603085889914099 0.3301308081979367 -0.26835651430353474 -0.9049853207148907 -0.6298727330168659 0.651442714966013 -0.4229453029879556,-109.78340094650504 81.75495800788616 1033.978273479683,0.69
55,641,14,0.0,0.6919506156419084 0.7194628059242523 0.059813179186408216 0.34687122097242534 -0.2586564390717784 -0.9015415700830474 -0.6331545637313867 0.6445697149403693 -0.4285384241906534,-115.67026154441695 81.16372587648648 1047.0208580714602,0.69
55,649,14,0.0,0.7210298526261029 0.6891963710546195 0.07158431215793204 0.33539657925305166 -0.2567420273799931 -0.9064174899030593 -0.6063209432695957 0.6775632025884777 -0.4162727714500594,-111.79685574569132 84.18686676085474 1038.1975933642866,0.69
55,654,14,0.0,0.6958014903818929 0.7144595584560107 0.0735379175200051 0.34148975961507405 -0.23901148025361044 -0.9089874896746474 -0.6318583939937619 0.6575872958306147 -0.4102851670506795,-109.18230911617101 87.89600592943627 1038.6981475812195,0.69
55,663,14,0.0,0.6957532038343592 0.7136032237687202 0.0818408112197962 0.3441658064611843 -0.23119194331094603 -0.910000100555506 -0.6304580691982198 0.6613022942459811 -0.40645036426094483,-100.00745728016447 83.95500427427731 1037.154218189051,0.69
55,793,14,0.0,0.6992608679033039 0.7110926137697038 0.07335893443397312 0.34073168390700986 -0.24132143074454127 -0.9086615908275758 -0.6284394626382167 0.6603872058917996 -0.41103841680968345,-22.139664466600813 89.03158550139305 1036.9552570387857,0.69
55,920,14,0.0,0.6893459977873577 0.718438584233555 0.09299513976029739 0.38033406990845187 -0.24966416220441773 -0.8905132235838157 -0.6165615059354784 0.6492409466409609 -0.44535166172736323,-31.809769080030755 72.46205118269539 935.3035130209428,0.69
55,1025,14,0.0,0.7919488575540022 0.5968221511790538 0.12891984673011955 0.35748430388519636 -0.2820444356049855 -0.8903122535492713 -0.4949969489750694 0.7511685937299775 -0.436719319814341,-56.2320492342726 64.73068362580455 953.4758743342138,0.69
55,1038,14,0.0,0.8060365469963067 0.5772462027559225 0.1307360176467799 0.3515442903644302 -0.2892242287376395 -0.8903740547788255 -0.47615301828135037 0.7636335291977336 -0.43605290535274965,-44.76842077596068 61.577925107687896 960.7671373345605,0.69
55,1040,14,0.0,0.7855335058091815 0.6075098236920882 0.11776640169736516 0.3564401760727053 -0.2886312622888234 -0.888618250606423 -0.5058532515783566 0.7400160866813427 -0.44327043587457476,-41.33336816754777 61.66274173168079 961.2235677170596,0.69
55,1041,14,0.0,0.8064087280557686 0.5788325022589825 0.12106980484035687 0.343500857620399 -0.29184333736046075 -0.8926559400196463 -0.48136485551972674 0.7614331229772666 -0.43417447541692183,-40.68389544868095 62.26412026957026 966.4970576306691,0.69
55,1042,14,0.0,0.7997966478791902 0.5874160525418876 0.12356254795574964 0.3516240790705595 -0.29163664051304145 -0.8895552691812061 -0.4865036783612139 0.7549108895269516 -0.43979963598738364,-40.03265350262028 62.10567206195512 959.512744124107,0.69
55,1044,14,0.0,0.78608280163956 0.6038602114010901 0.13201012860053904 0.36225748570141497 -0.2770186541309978 -0.8899607740326199 -0.5008426329894344 0.7474045158748248 -0.4365124816429989,-39.24635278778385 62.65954154155617 956.5012306924647,0.69
55,1046,14,0.0,0.790741601587115 0.601373453248679 0.11435772491267648 0.3471992748153349 -0.28673907950610433 -0.892879254911714 -0.5041630520844917 0.7457416912120115 -0.43553294582740704,-38.49224747435999 64.98169645538225 955.1953683806323,0.69
55,1048,14,0.0,0.7973194242747419 0.5905946103989568 0.12441761065821352 0.34968134195044737 -0.2840009941043787 -0.8927857494603388 -0.4919397267612452 0.7553419368176437 -0.43295942502576634,-38.29236277631842 65.87400602509567 959.952686722852,0.69
55,1049,14,0.0,0.7992990584272335 0.5887361225625011 0.12046075372257234 0.3470193507401816 -0.28854525699942046 -0.892367191729392 -0.4906104212195266 0.7550704686671372 -0.4349367792422119,-37.64179965358334 66.17601087284623 956.4668173237234,0.69
55,1053,14,0.0,0.799577724585991 0.5874239630634969 0.12493418253090133 0.3482462451808408 -0.28402187181242544 -0.8933398732003469 -0.48928520830220773 0.7578025230565953 -0.4316657514625449,-38.76336359221254 66.80396271175726 961.7462153065759,0.69
55,1055,14,0.0,0.8114653482294847 0.5703453455207347 0.12739770588843174 0.34683848141106133 -0.2945649265625496 -0.8904687371557009 -0.4703478036892172 0.7667709507291168 -0.4368469442295505,-37.06019236510787 65.39001987558183 956.7893816340253,0.69
55,1064,14,0.0,0.8127913204522476 0.5685733833374373 0.12686440461260598 0.35463085359212904 -0.31014010397905234 -0.882071467390472 -0.4621766189218246 0.7619300648117792 -0.4537128489010516,-33.9154006090246 62.92846045461119 969.3188521529895,0.69
55,1068,14,0.0,0.8066963043030223 0.5775677767378347 0.12512608000717287 0.34733516963335465 -0.2920780802746663 -0.8910940887239881 -0.4781206464477511 0.7623029963847584 -0.43622790963348984,-32.18877628147653 61.483087329159154 950.5736231321722,0.69
55,1088,14,0.0,0.8192201068862408 0.5601816171751377 0.12278017858084428 0.3397008507885924 -0.30151979777438986 -0.8908923299274709 -0.4620408514912973 0.7715454408712028 -0.4373052529115771,-33.16452919628299 60.35032037342558 954.165417693261,0.69
55,1100,14,0.0,0.8363453781705859 0.5294537292846414 0.1421448449972248 0.34733980621505717 -0.31117771822803686 -0.884603576014069 -0.4241243537350643 0.7892066752283448 -0.4441524021592542,-36.99982340365688 56.556322429716396 959.7476104680902,0.69
55,1103,14,0.0,0.8186694749954352 0.5601193261821109 0.12667529809713068 0.346580597392277 -0.30602868355650314 -0.8866951755546469 -0.45788882954480475 0.7698134743416561 -0.4446628323799021,-36.01370615762646 56.10184833678809 953.2227697022819,0.69
55,1115,14,0.0,0.8320882106553606 0.53905027092871 0.130591022279648 0.3362143666838945 -0.3029558349473799 -0.8917273471788802 -0.44112255589995275 0.7859023905568807 -0.43332242406004434,-37.147274102567124 52.602616884560376 961.0187809472985,0.69
55,1120,14,0.0,0.845208391552694 0.5145527562453209 0.1444238065183567 0.3417679582473552 -0.31263743332739824 -0.8862575799381864 -0.41087399231922983 0.7984317731170272 -0.44010142707432515,-37.43864147550209 52.865710184929085 948.024291351192,0.69
55,1132,14,0.0,0.8559769938740392 0.4972365723909318 0.14163042411601162 0.3312837276855324 -0.31718432473949354 -0.8886198264220362 -0.39693132621291266 0.8075579825724402 -0.43622887003772354,-38.95429912920206 54.314467355549446 956.2209416708534,0.69
55,1136,14,0.0,0.8575830715708849 0.49440648784120833 0.14182207210292475 0.32854435686443284 -0.3144056869384827 -0.890622068889648 -0.3957396630710426 0.8103772509154374 -0.432063456301451,-38.55925252352049 52.13557751935629 951.3206292837303,0.69
55,1147,14,0.0,0.873869824652435 0.46316717135212787 0.14774200805319673 0.3244345419340621 -0.32926130152884464 -0.8867520641732763 -0.3620687193917165 0.8228384815364432 -0.43799894490836694,-42.798138485348474 47.49446292102864 952.2090267001162,0.69
55,1151,14,0.0,0.8728000069546807 0.46732458938011334 0.14081149108157823 0.32281946455138166 -0.3363482813748396 -0.8846792791305507 -0.36607067782966196 0.8176047711314434 -0.44442625603853747,-42.864727617263725 46.86868408814513 941.87754247486,0.69
55,1161,14,0.0,0.8639092851677431 0.48269298784911313 0.14376448268698105 0.32729150339858565 -0.32108833663683967 -0.8886971091878725 -0.38280676431334515 0.8148065780030765 -0.43537250905272323,-46.184570029885506 48.75187973413356 950.1686143702077,0.69
55,1164,14,0.0,0.87592764253175 0.46101792011317555 0.14217328294476556 0.3196628359053355 -0.33388871129376296 -0.8867547574225632 -0.36133977969458225 0.822180518989055 -0.43983264749806705,-44.971797347065284 50.32195987633306 941.8480448232435,0.69
55,1176,14,0.0,0.8880920027245871 0.4334391995381668 0.15304592448132776 0.3180585843992424 -0.33906367614687916 -0.8853669072241823 -0.3318604097908954 0.8349648398714027 -0.438978797428693,-45.35651775100828 49.58075982753156 950.253419816696,0.69
55,1177,14,0.0,0.8882382684556682 0.43620306033004186 0.14408215923417636 0.31252650363342316 -0.34391868880806126 -0.8854643527636853 -0.336689713204227 0.8315328169394459 -0.4418067579555632,-45.196216323606464 50.240605618764135 947.6532754021976,0.69
55,1189,14,0.0,0.899340775784618 0.409965713776497 0.1520338203783906 0.3055576856622462 -0.3405488479018721 -0.8891911959333827 -0.3127629609526251 0.8461410022687914 -0.43153763976704484,-48.624230340435304 48.732955685657096 941.5884679010336,0.69
55,1347,14,0.0,0.9318780871163846 0.3208471785905027 0.16929358742380532 0.28009699753779294 -0.339788828374625 -0.8978247179055127 -0.23054045788672575 0.8840818062274066 -0.406510094800935,-36.44327396424927 47.089287828448285 902.8204805161225,0.69
55,1520,14,0.0,0.9695922210969643 0.22530504775919888 0.09554349921622957 0.17771991295025488 -0.37983823805780786 -0.9078207672498434 -0.1682455269218483 0.8971959364393965 -0.40832939437104504,-5.3576872573413645 41.34075446411716 900.9589882070976,0.69
55,1543,14,0.0,0.9782797626928452 0.1907099245607087 0.08123072435771142 0.14867851818541553 -0.37249200538750366 -0.9160482542708025 -0.14444169805087023 0.9082287325318686 -0.3927558596224078,-27.522626649792972 56.96240455489125 890.2932591723728,0.69
55,1563,14,0.0,0.9841089380129349 0.1584821757461778 0.08008119688048242 0.13486853392839082 -0.3737846840542382 -0.9176576096357942 -0.115499249690461 0.9138754892966716 -0.3892191071667854,-22.723845026929524 51.78224924014718 887.5210752653487,0.69
55,1567,14,0.0,0.9775364895981224 0.19306347688382322 0.08455119985966231 0.15046825885540807 -0.3583498288946682 -0.9213819529425262 -0.14758629537054246 0.9134067516855189 -0.37934995900106216,-22.367388869899994 55.12573476501702 890.6037295953909,0.69
55,1585,14,0.0,0.9776306795368358 0.18411026213404802 0.10169398116544066 0.16431698968133973 -0.3667387460844071 -0.915697886326325 -0.13129425475018838 0.9119243957134653 -0.3887874935902951,-14.228856876029432 48.34048189807337 885.8986272721372,0.69
55,1592,14,0.0,0.9711588566815027 0.21349393134275213 0.10616410113071371 0.17970050924588915 -0.3627312179014216 -0.9144035162533658 -0.15671056781801374 0.9071088164269862 -0.39063460304303316,-8.424966889278101 42.25173313551746 888.8459290537504,0.69
55,1603,14,0.0,0.9738993612336322 0.20220074312431516 0.10312562081605564 0.1713111244897171 -0.3567402031227591 -0.9183620887765354 -0.14890444189073349 0.9120588177063511 -0.38206829262489433,6.578590526543976 37.635415199564136 887.8025235316526,0.69
55,1604,14,0.0,0.9733159341880342 0.203558432354289 0.10592476987531502 0.17533268431449828 -0.3619228339141911 -0.9155710306156444 -0.14803561080613875 0.9097119472168018 -0.38795570755470044,7.09863906908766 36.65717678104767 893.4848156823141,0.69
55,1609,14,0.0,0.9706574797702845 0.2173623147895531 0.102847854014199 0.17638486731242603 -0.3528817914330264 -0.9188921698753317 -0.16343939411652453 0.9100703628755004 -0.38086677338208186,16.371370442674767 35.85358175926726 896.1857889831501,0.69
55,1612,14,0.0,0.9574121270765651 0.2665616455536806 0.11093650457104015 0.20039017237117088 -0.3368701925773433 -0.919979484646237 -0.20786004364422445 0.9030301005352022 -0.37593994172421147,17.78422538799122 38.882768215124784 900.6733409070705,0.69
55,1625,14,0.0,0.9601878188397873 0.25498130339817493 0.11412224791450695 0.20030121180362276 -0.34363432759991397 -0.9174938002215358 -0.1947274431139396 0.9038251953847729 -0.38102655955455983,8.937742866248684 44.23107408980793 893.1765860375345,0.69
55,1632,14,0.0,0.9720137445659389 0.2104956898630343 0.10431128857409021 0.17578041187266696 -0.35710101716673226 -0.9173767548506779 -0.15585418562482503 0.910038695928679 -0.38410811594608635,13.185302118413743 44.244864850057354 899.6117677376468,0.69
55,1643,14,0.0,0.9545098716580978 0.2751159653455777 0.11498743635377184 0.2053860149704221 -0.32704925970965193 -0.9224182167422423 -0.2161654222159765 0.9040741050020953 -0.3686767186884047,12.451520433848618 46.29318881294755 888.1712992486528,0.69
55,1666,14,0.0,0.9618336290420317 0.244702867176037 0.1224605113481978 0.199598521562514 -0.32127740035197666 -0.925711219664715 -0.18718039489725924 0.9148231188699281 -0.3578577384201767,19.68294346361448 54.7861204055129 888.3284989892596,0.69
55,1717,14,0.0,0.9607824757832875 0.24415935206109096 0.13146575610722847 0.2035313850864312 -0.29890531923482216 -0.932325364568576 -0.18834014312550548 0.9225192794376914 -0.3368770837460257,21.1183556590469 60.925354343330646 888.9609267776574,0.69
