scene_id,im_id,obj_id,score,R,t,time
57,1,21,0.0,0.4284917824501684 -0.8409711996076805 0.3303970850402537 -0.6721852222439886 -0.5410516463647271 -0.5054009724593118 0.6037895489071319 -0.0055278744954100345 -0.7971245970575023,66.0604432730285 7.187307065632087 1130.2151592700593,0.69
57,24,21,0.0,0.7552302012151246 -0.6434421713535469 -0.12493804583230683 -0.4954544719637183 -0.4356100343519619 -0.7515109874000752 0.4291295950918741 0.6294649077555601 -0.6477821551421192,76.1851188089766 17.452540597262853 1205.272975337181,0.69
57,38,21,0.0,-0.6059247515955559 -0.7935843059299723 -0.05549004221937398 0.5676233550230487 -0.3824171368299901 -0.7290822040696991 0.5573678518144385 -0.4732663973286044 0.6821729948652036,80.36784121856856 19.273683128455687 1227.4789667960988,0.69
57,49,21,0.0,-0.645515292694669 -0.761970982588953 0.052059855836732116 0.49787426151317427 -0.4715118734147063 -0.7278720855697556 0.5791642483959342 -0.4439333000816446 0.6837338652272489,58.63298913822983 33.22837875442592 1194.115244530499,0.69
57,61,21,0.0,-0.5818445759153662 -0.8131247757346449 0.016881604318047083 0.5803587095861305 -0.4296477775592576 -0.6917995052368224 0.5697724613259133 -0.3927224036452137 0.7218922745048163,61.084130004813616 35.49594801703649 1176.6948529587648,0.69
57,74,21,0.0,-0.6518112177208217 -0.7535412232508725 0.0855439145403023 0.46933934375961783 -0.4894140347993068 -0.7349792398025636 0.5957035477925166 -0.4389185885822586 0.6726721012085808,58.85701103774224 49.07134061224294 1165.1016361222992,0.69
57,81,21,0.0,-0.590837029509673 -0.8044036353053973 0.06201932011597122 0.5263869156716409 -0.4426042208124923 -0.7259602735196077 0.6114150959617228 -0.3962780529204565 0.6849345116167599,49.69075966704048 29.199232902810973 1260.742771408523,0.69
57,88,21,0.0,-0.6802435010542681 -0.7329786456524922 0.003329307866557163 0.5116125000587407 -0.4780467182949289 -0.7139495674843525 0.5249013517386644 -0.4839562378406618 0.7001892107123872,36.4845204801984 25.17843587393731 1225.0316971080933,0.69
57,119,21,0.0,-0.6972336041519508 -0.7150862367329195 0.05016946557849555 0.4173933319294113 -0.4618784294242522 -0.7825925650639995 0.5827933662132274 -0.5247094343231664 0.6205093889943311,34.13489168124147 20.15431182883426 1206.6586858167075,0.69
57,246,21,0.0,0.8599568271487424 -0.5084051331520139 -0.044704317743945454 -0.3060173702676686 -0.44355055634235 -0.8423872464982198 0.4084453752152535 0.738096961484787 -0.5370151309899898,32.80071702788135 -3.6409199174432207 1098.062335118961,0.69
57,483,21,0.0,0.9217182237507124 -0.3615818716215311 -0.14033554831368555 -0.26609436924812613 -0.32626743020306526 -0.9070520109911724 0.2821866450778174 0.873388867631915 -0.396941536295167,45.33462839489544 62.856859729975014 1027.305824070149,0.69
57,518,21,0.0,0.9367347134735917 -0.33271164555889915 -0.1087705726887444 -0.21473725622752 -0.3008096716503891 -0.9291939798715129 0.2764344178307477 0.8937653508338049 -0.3532244474657736,30.764930619158594 71.3345490133211 992.2843472780708,0.69
57,526,21,0.0,0.9096147476458041 -0.40983355835591045 -0.06809893766126493 -0.2367697217779327 -0.3766944480874155 -0.8955676365464073 0.3413811794965572 0.8307452962403398 -0.4396830029237989,19.053288766407704 69.29771208243163 983.7773294538506,0.69
57,528,21,0.0,0.9101053174598587 -0.3904378095694521 -0.13880427943654108 -0.28845523770346365 -0.35645503657955563 -0.8886694451473538 0.2974926670906821 0.8488216089118346 -0.43703545539417815,18.70293389655167 72.30627878848703 989.2960273039388,0.69
57,537,21,0.0,0.9233691330047561 -0.3699675403095892 -0.10253518094447918 -0.2262034179448951 -0.30849466851957896 -0.9239388795829744 0.31019583801864864 0.8763304505791565 -0.3685423767542082,16.60220184451253 69.15004937196098 982.021420708386,0.69
57,541,21,0.0,0.9181859487845572 -0.38814685962852075 -0.0792248623546901 -0.22356983240808254 -0.3426209438159178 -0.912484201997882 0.3270337803524646 0.8555424619615364 -0.401367664727951,20.29279923113811 64.22696286018528 985.7358421980873,0.69
57,553,21,0.0,0.9102952771227999 -0.40176802750259494 -0.09972442290933033 -0.2441094370076186 -0.32642608505673243 -0.9131574857374594 0.3343248288891334 0.855586619268446 -0.3952194905581488,23.52724426129777 53.96550418441936 994.4731375508858,0.69
57,554,21,0.0,0.9379538663087637 -0.30401687270818717 -0.16678215067919006 -0.26453612430564394 -0.3163758466519442 -0.9110032725476975 0.22419452181931437 0.898598945450082 -0.37716939380364567,25.25969651237916 51.931058863721866 956.4635549368452,0.69
57,565,21,0.0,0.9133731230187332 -0.40103757422250286 -0.07013132116776608 -0.23371885829409364 -0.37545764586308517 -0.8968874240620478 0.3333542161495955 0.8355838798257663 -0.436662966543544,17.989517488358057 50.97266422513307 956.0205272944246,0.69
57,574,21,0.0,0.9103782213979079 -0.4047561225590955 -0.08593006025430688 -0.26556509066615014 -0.4122919695738158 -0.871487529712516 0.3173116395971976 0.8162032915125192 -0.4828307263423362,23.27890392857871 45.93206997781271 966.06334935345,0.69
57,575,21,0.0,0.9210752915706456 -0.38709427530160606 -0.04217024172061021 -0.21706368926344438 -0.4205251200709178 -0.8809324481438306 0.32327026164092654 0.8205587397731283 -0.47135940907182733,23.32057833601703 44.879407561131835 966.4942718173191,0.69
57,584,21,0.0,0.9140209057963664 -0.39424460522336274 -0.09558752543854483 -0.26587560533185145 -0.4042180287216868 -0.875167382702175 0.30639181819462996 0.8253356750490243 -0.47428375181399623,22.11240148070062 47.30438103469979 961.9953780542124,0.69
57,592,21,0.0,0.9158339897296554 -0.3912828496589364 -0.09025427867222943 -0.25620159908291334 -0.3963001076572082 -0.8816501376953578 0.30920679792530503 0.8305684536711393 -0.46319240050233146,19.423366270619212 60.05604170103207 945.9427592572949,0.69
57,597,21,0.0,0.9251770896398361 -0.3728795058587179 -0.07076882729084083 -0.22415256844057585 -0.3863555680225723 -0.8946982737881237 0.3062727197565193 0.8436173594518512 -0.4410292189463536,20.056585278750227 60.83474222419803 945.9637084071725,0.69
57,606,21,0.0,0.9313424031513323 -0.3164684768605833 -0.1801361464166598 -0.2947994967303067 -0.364875126493675 -0.8831531004269774 0.21376291731696537 0.8756219762087788 -0.4331184248682721,24.365797998805593 57.04394949963757 929.0348033592406,0.69
57,610,21,0.0,0.9104526189675527 -0.40595849159927877 -0.0792068918312182 -0.2669355506848614 -0.430428085415666 -0.862251167042396 0.3159453123496119 0.8061819685305809 -0.5002491311541318,25.197974878101515 52.50380861059844 944.3553283972609,0.69
57,613,21,0.0,0.9188510502180197 -0.37975857992496576 -0.10722018693611474 -0.2775333329892449 -0.42877783001858677 -0.8597236890794813 0.2805138082040221 0.8197151904521016 -0.4993786238406203,25.600989364299622 52.805504923456965 922.5185894865475,0.69
57,621,21,0.0,-0.8980512305001126 0.435073305172068 0.06492462186171269 0.18041536048786969 0.49889788111325917 -0.8476739950716506 -0.40119108302312223 -0.7495412752793228 -0.5265297632189285,24.467881288732418 50.05749870344616 889.2588641643114,0.69
57,790,21,0.0,-0.9615393302327329 0.27239460333649756 0.03526040965076184 0.11964955341213639 0.5309509335692439 -0.8389130410896137 -0.2472369324835263 -0.8024289913849696 -0.5431220976917036,61.34947990959979 53.385316035163314 783.4270648918947,0.69
57,844,21,0.0,-0.9750080899632771 0.21909760277698775 0.03681663976436993 0.0816691218809266 0.5075677819915179 -0.8577325347772516 -0.2066140823791071 -0.8332893777923659 -0.5127762024714595,16.672485636579964 66.23210261476666 773.6035643344776,0.69
57,978,21,0.0,-0.999700880265065 0.015567821233384835 0.018862474368426613 -0.00697579851179663 0.5577077346539829 -0.8300080848655903 -0.02344116533743565 -0.8298913938878795 -0.5574323152800307,66.26956240282598 42.350702976343115 780.8273827120327,0.69
57,1026,21,0.0,-0.9996679780373076 0.025629830680259674 -0.002654329689833042 0.015985860838689213 0.5361057823944115 -0.8439994326636252 -0.020208561058303286 -0.8437616380605225 -0.5363374984069045,43.997504352465874 54.96405911557601 772.2351869260432,0.69
57,1028,21,0.0,-0.9999836695318879 6.136593314664705e-05 -0.005714621926458211 0.0049302212864957545 0.5149701769063871 -0.8571939161094592 0.002890257359871618 -0.8572080920822124 -0.5149620697499643,44.927912206506214 55.46923915033136 776.0048980197461,0.69
57,1035,21,0.0,-0.999895639833089 -0.007830104168823064 -0.012140795339801676 0.006436579668675432 0.5109076045723518 -0.8596115343760282 0.01293367252354738 -0.8595999703692678 -0.5108038870801662,34.828843204803036 52.342171558847085 770.8603235378494,0.69
57,1040,21,0.0,-0.9995174387051214 0.029049305053727173 -0.011001254485259668 0.024684169074093848 0.5277936967372634 -0.8490138429269188 -0.01885686934449867 -0.8488756985332474 -0.5282560618849687,29.502000833353538 49.55241503219958 769.4438811086909,0.69
57,1046,21,0.0,-0.9994060453441937 -0.0006527824750773709 -0.03445475880803013 0.029012546880175294 0.5236038870698685 -0.8514676984882338 0.018596468831606955 -0.8519615855896111 -0.5232739512211846,34.484595784003226 48.57006965483481 775.0624285259354,0.69
57,1054,21,0.0,-0.9996599265001872 -0.005683665619664682 -0.025450487122337318 0.018626125764391682 0.5274286600691759 -0.8493951235889237 0.018250994182495383 -0.8495803107904265 -0.5271434308882097,36.766260266608995 46.83264883615346 764.2873492150406,0.69
57,1057,21,0.0,-0.9997119601317471 0.013172669451736445 -0.020061843112119157 0.02399617738549375 0.5338319237485719 -0.8452500580643473 -0.00042454731645807584 -0.8454879998949801 -0.5339942525843908,36.626807774619294 45.80479227325746 759.0519541243184,0.69
57,1066,21,0.0,-0.9991107550599132 -0.03402536668624289 -0.024899267970702053 0.0030228302617124145 0.5312254911623294 -0.847225082275396 0.04205426994752129 -0.8465469579185843 -0.5306502486741828,54.47166944437923 46.25000264286312 760.2836773108252,0.69
57,1071,21,0.0,-0.9983389508787534 -0.05309964498306651 -0.02235546602024452 -0.009181062572269846 0.5296909342151754 -0.8481410391558104 0.0568774757558216 -0.8465269882956634 -0.5292986027175204,55.755963080311446 49.81518024613936 755.1567731317889,0.69
57,1073,21,0.0,-0.998773576277396 -0.044337015778341635 -0.022035706522179427 -0.004629205584782258 0.526741797383394 -0.850012734813405 0.04929415569531906 -0.8488682512152173 -0.5263010339084506,54.81432915501708 53.128733072694075 759.7777607835118,0.69
57,1076,21,0.0,-0.9976679886645236 -0.06387434885635912 -0.02405518555863205 -0.01236389509138474 0.5157339134791846 -0.8566595966809767 0.06712464891716989 -0.8543644410002214 -0.5153209518951524,55.419960069938696 57.26175852315618 765.2153379399846,0.69
57,1078,21,0.0,-0.9978236645481536 -0.060914928908442655 -0.02524491837525309 -0.010260342939077953 0.521625466250127 -0.8531128872090199 0.06513570319315151 -0.8509972058681607 -0.5211152423160512,51.46219684078967 58.83156285425674 761.0676851442327,0.69
57,1081,21,0.0,-0.9979026176048756 -0.059642779063633376 -0.02516157155076124 -0.009493980125784014 0.5193416844223873 -0.8545139432230985 0.06403303927433618 -0.8524828172619575 -0.5188186736755023,46.174657270935775 60.42091277496324 765.0219376280977,0.69
57,1082,21,0.0,-0.9976464921899936 -0.06524183462580205 -0.021094540423069446 -0.015689576598223107 0.5166948905436292 -0.8560258332972643 0.06674813710636053 -0.8536802054052599 -0.5165024618451143,44.05954163252004 60.10041219294026 764.5917687540735,0.69
57,1083,21,0.0,-0.9977727340253261 -0.06243026568445388 -0.023495385976705606 -0.01259416065978598 0.5222032173957755 -0.8527280849478197 0.0655054070508792 -0.8505329280328123 -0.5218263887338677,40.912297744996984 60.088999878968565 757.4121408789298,0.69
57,1086,21,0.0,-0.9986061649064698 -0.0522400917235793 -0.007529955345451124 -0.02059874280057882 0.5170980700154129 -0.8556782559942554 0.048594435955447296 -0.854330473998819 -0.5174534007919215,34.841937786224506 60.59237800442736 759.892974827637,0.69
57,1087,21,0.0,-0.9983139324721484 -0.05781156737529278 -0.00520719786515186 -0.025275050528727555 0.5137051341452157 -0.8575944303536587 0.05225384246890488 -0.856016856043418 -0.5143001828861984,34.08994524559322 60.58240988981117 765.4667383925232,0.69
57,1092,21,0.0,-0.9980147136626908 -0.061767910977522975 -0.012302702396226467 -0.02132336196502262 0.5151886409279998 -0.8568115186511377 0.059261670135813294 -0.8548481674731677 -0.5154829434816258,32.3509187411755 61.021869714481525 765.9694981457894,0.69
57,1093,21,0.0,-0.9982667122561849 -0.05759555538955068 -0.012096412716035405 -0.01993110939956525 0.5242522417444351 -0.8513297468690008 0.05537438107401315 -0.8496130525276219 -0.5244915050745498,32.1045642502856 60.83611433995557 764.4977866733533,0.69
57,1099,21,0.0,-0.9960806326318798 -0.08787278823274078 -0.01008694125480001 -0.03617292967490286 0.5087734107249703 -0.860140183747984 0.08071488372294433 -0.8564041041631486 -0.5099579570102879,37.35181240246081 65.99596709048336 771.2145896943279,0.69
57,1101,21,0.0,-0.9976335108905537 -0.0686625277677199 0.0035826287463952555 -0.03930385705709588 0.5267621704319774 -0.8491035405780785 0.05641440213830842 -0.8472349574246452 -0.5282142956689426,38.9638548265935 66.03563090604541 765.1390703081297,0.69
57,1108,21,0.0,-0.994350977051102 -0.10613908124720868 -0.0007936431926114304 -0.05376196108494742 0.510081267283166 -0.8584443792739862 0.09151932024342915 -0.8535523394606785 -0.5129060516540851,41.84282129820702 71.78325325506418 771.355728964157,0.69
57,1116,21,0.0,-0.9889991565354989 -0.1478126360486448 -0.005665068086323173 -0.07075072672556423 0.5063245803397703 -0.8594357183708154 0.12990382226815475 -0.8495803928811598 -0.5112124343088865,42.63435604909454 72.38927857076 770.9244859617932,0.69
57,1118,21,0.0,-0.9928245946837713 -0.11945363579055074 -0.005491182698086697 -0.055157402483689354 0.4982112350022444 -0.8652995009063573 0.10609894034465006 -0.8587877468932339 -0.5012251197254436,42.940808624757466 71.02904577695469 763.8000312314992,0.69
57,1159,21,0.0,-0.9739602843854561 -0.2266639483455259 -0.0049818631272098846 -0.10986660998960442 0.49108305839694644 -0.8641566743160024 0.198319672370629 -0.841106939857185 -0.5031981948247511,46.09659249858406 80.59954853464787 777.5394443101804,0.69
57,1290,21,0.0,-0.9513111819698771 -0.3060311640152286 0.03676903195026504 -0.18132220981712047 0.4591611150417365 -0.8696512672679001 0.24925747990002534 -0.833976017092286 -0.4922953499971084,17.785876732114584 57.2111399535847 771.2423836528422,0.69
57,1440,21,0.0,-0.9157018207984182 -0.401854824136748 -0.001695790224361171 -0.21032200132106338 0.4828454809614222 -0.8500734658107124 0.34242492775317085 -0.7780571584614829 -0.5266613969336266,-7.799756824422765 35.51708314803345 768.2650065637898,0.69
57,1527,21,0.0,-0.7892544318982584 -0.6097987284230979 0.07226999752684504 -0.3658436616510279 0.3724241830099754 -0.852911861295832 0.4931894736901078 -0.6996039870690598 -0.5170284366631581,30.8868614752099 59.10897132856437 774.9016608050421,0.69
57,1538,21,0.0,-0.8081822186187706 0.5828320425114272 0.08454768908964738 -0.3874664608130288 -0.4180911364129583 -0.8216261579319067 -0.44352141239568954 -0.6967830450541107 0.563721690971399,24.855544764506273 53.360880244087745 773.1790333703279,0.69
57,1539,21,0.0,-0.7871746049910691 0.6134676223649813 0.06335311805279337 -0.42175406741241117 -0.460516175363768 -0.7810559255580964 -0.44997738596316356 -0.6415468248991527 0.6212391033922241,26.13690156037788 51.70111507974729 762.0656691589611,0.69
57,1549,21,0.0,-0.7765636745689162 0.6208068516512986 0.10746028235038788 -0.43205286458162256 -0.40059006342287534 -0.807996239653175 -0.45856208036299373 -0.6738890517211713 0.5793050702553053,27.00802064206118 53.960097790572675 820.7343132240874,0.69
57,1560,21,0.0,0.7858913518944765 0.6171880230266504 0.03812777530786948 0.29706849498672416 -0.3227539265846137 -0.8986546679122834 -0.5423330086799025 0.7175714926797668 -0.43699663681719125,32.24396680970607 48.739524928534266 810.87059375506,0.69
57,1563,21,0.0,-0.7796189545419067 0.6225851560972806 0.06769053941511427 -0.4044383519870753 -0.41800705061122495 -0.8134492762805087 -0.47814632191512574 -0.6615571245528457 0.5776835342922693,37.21544292452855 47.79198966336588 789.4408182502872,0.69
57,1566,21,0.0,-0.7533452372389975 0.6524740495057522 0.08214966981603614 -0.4585791938518007 -0.43167637813570914 -0.7767629159054059 -0.4713555733154654 -0.6228427725206429 0.6244123671286845,39.422758010575215 49.24181304527532 785.3682540749309,0.69
57,1570,21,0.0,0.7704977624677987 0.6363651718149939 0.03704815964375496 0.30653279584140336 -0.31893101371018984 -0.8968392573741647 -0.558901460998062 0.7023691170564549 -0.4408024277378331,43.04529520684669 54.61041321729529 830.5003648614597,0.69
57,1585,21,0.0,-0.7777073189670085 0.60664346291794 0.1647878482294057 -0.46513328231571033 -0.3789780050605894 -0.800016688177509 -0.42287392412793845 -0.6988271464240825 0.576904033365527,46.29422495955312 53.487946840425145 814.4710523497565,0.69
57,1589,21,0.0,-0.8175235950031126 0.5585869016006483 0.1401279592849849 -0.4214246719977992 -0.414426470278957 -0.8066299935928939 -0.3925002133053357 -0.718492431478796 0.5742057196362238,40.84524680195704 51.65484164617251 797.5329415317427,0.69
57,1593,21,0.0,0.8172416970146026 0.5751313256680453 0.036605558266590454 0.2923104707230249 -0.3589458156828216 -0.8864042475696274 -0.4966594380119797 0.7351066994927407 -0.4614623960785037,33.63624583266139 53.12199301071427 852.5898749846482,0.69
57,1602,21,0.0,0.7930731758800418 0.6088903799995959 0.01695413942055657 0.28421903000370163 -0.34528757552257383 -0.8944249734737385 -0.5387527082839575 0.7141631433598982 -0.4468965472936779,31.81426415390655 47.89864929358585 859.9387353414097,0.69
57,1612,21,0.0,-0.7740511398208499 0.6283364749017871 0.07770525883129689 -0.418179978304939 -0.4152471861012026 -0.8078955874244604 -0.47536337541603246 -0.65784728375439 0.5841802911516676,50.52262289103259 31.654572389224438 800.1132952484604,0.69
57,1621,21,0.0,0.7410488334126388 0.6713997231319053 0.008308927498013208 0.32512876296076615 -0.34797464209026485 -0.8793207241716493 -0.5874843946807169 0.6543210681619175 -0.47615756401224874,86.19611944049785 29.68807492243232 872.2931747360126,0.69
57,1628,21,0.0,0.7203331473895564 0.6926939889666107 0.035988809668847044 0.35418476148787315 -0.32271479647793977 -0.8777290668902223 -0.596383527188364 0.6450040292771254 -0.4778038203223569,107.50346167001803 25.593770711110878 852.631858029453,0.69
57,1712,21,0.0,-0.5253604373456032 0.8480495658886578 -0.06934222860635214 -0.636515326590184 -0.4457795051769311 -0.6293876959235871 -0.564663306659666 -0.2865180039024939 0.773991462195742,121.24216431966235 -22.25357742659249 1016.4388711188203,0.69
57,1827,21,0.0,-0.7843348190416423 0.6114696121633661 0.10451700837517658 0.22850638233856913 0.44142271783093134 -0.8677158621422646 -0.5767180635886602 -0.6566969602362541 -0.4859479164962123,60.128190095592174 27.91619210995018 881.422265842132,0.69
