scene_id,im_id,obj_id,score,R,t,time
48,1,20,0.0,-0.9975883453257073 -0.06933355318067458 -0.003217401693905053 0.01787837340000307 -0.30147633302966637 0.9533060287166738 -0.06706606470404712 0.9509494618676263 0.30198884737483955,-25.544350807377462 91.83022741315793 704.7482414612005,0.69
48,36,20,0.0,-0.9965205896406685 -0.08055537618663877 -0.021390319998623463 0.00333880255725795 -0.2950185490941133 0.9554856922465599 -0.08328005055052529 0.9520897473756521 0.2942610169942127,-40.73873302175771 86.62879511774527 693.5253571942266,0.69
48,47,20,0.0,-0.9984017942341175 -0.053372269159865336 -0.01858112361569625 -0.0022131862510033767 -0.29160921610928836 0.9565349794371061 -0.05647086927534645 0.9550473632050158 0.29102504180642874,-21.002368091475837 85.85033381252084 703.9771076912713,0.69
48,83,20,0.0,-0.9991888691694502 -0.03355156720824794 -0.0222687239361824 -0.011812131180125283 -0.2844726259451721 0.958611390838249 -0.03849775688087546 0.9580968726729719 0.28384556591465837,-6.898806267657 91.53903972440771 705.9115824436858,0.69
48,112,20,0.0,-0.9998263668838028 -0.014761301333023988 -0.011372777448417307 -0.006498932312479733 -0.29576697503362404 0.9552380124127483 -0.017464248129632487 0.9551460623707851 0.2956196873938738,0.7779748839764978 81.55364556831401 709.9323982475654,0.69
48,1024,20,0.0,-0.8578664870802999 0.5135482333264212 -0.01825657119552518 -0.20099559805083575 -0.3026361440527592 0.9316716878155441 0.47293325100767925 0.8029194083842969 0.36284234004746263,-56.57560696826419 102.1461147239047 926.5773849353088,0.69
48,1027,20,0.0,-0.8635405849685575 0.5031629428090901 -0.03353671265729358 -0.204090716519817 -0.2879020862493312 0.9356598570868103 0.461134077620153 0.8148247920362873 0.35130602149754275,-47.5943244560103 107.74441967146764 928.8895626396364,0.69
48,1059,20,0.0,-0.8338467487825274 0.5507438782733167 -0.037158849407304795 -0.22595546557481366 -0.27913574862903623 0.9332884663458434 0.5036305462555639 0.7866157984567648 0.3572000258910243,-42.44661919711985 87.43228505079291 925.8061224842307,0.69
48,1074,20,0.0,-0.847463731250467 0.5294558890905255 -0.03849267102186507 -0.20136098292998597 -0.2535180885939641 0.9461407576619522 0.4911812076703529 0.8095708988489051 0.321459143544665,-64.30467273398514 111.74448002222177 945.5349987523072,0.69
48,1075,20,0.0,-0.8603029711101949 0.5074574510826781 -0.04863880384674868 -0.20958949886085249 -0.2651127377751671 0.9411628330085142 0.4647053258423318 0.8198793640591444 0.33443502885275866,-67.13055179941666 111.15517774649756 959.3325786348873,0.69
48,1083,20,0.0,-0.839937877636324 0.5407302822924935 -0.04599047209659671 -0.22086389773169343 -0.26320228702842474 0.9391185733344701 0.49570505382793073 0.7989588962611823 0.3405013681243606,-57.407070297505136 109.21220861150461 956.7327923219775,0.69
48,1087,20,0.0,-0.8370431703684504 0.544897284529439 -0.049453819387151154 -0.21960709300432124 -0.2518067660042308 0.9425317380845497 0.5011301783386475 0.7998001637327505 0.33043644237786673,-60.788525214163855 113.37438415306627 964.6925245136612,0.69
48,1090,20,0.0,-0.8435423260654751 0.5348898832404883 -0.04826134004588517 -0.2162020702901058 -0.2559472367569321 0.9422036280967948 0.491622831994528 0.8052228417049953 0.33154662757780007,-67.5653558035165 113.37366568213841 967.030195749082,0.69
48,1094,20,0.0,-0.8561605586216036 0.5143386716068667 -0.049445209580175176 -0.21777402919990174 -0.27240573699229464 0.9372137358466985 0.4685761091506737 0.8131733181452576 0.3452326528442048,-77.56248980167985 112.60643965181771 983.5115643365245,0.69
48,1097,20,0.0,-0.8540949871390988 0.5173645246835482 -0.05343876442086612 -0.22400045092286033 -0.27316210768927285 0.9355245912904211 0.46940978998122507 0.8109971710935375 0.3491962736743648,-74.48074548603752 111.70531302270612 987.7704422618738,0.69
48,1103,20,0.0,-0.8111650051128952 0.5846253972166353 -0.014982636933724758 -0.20766641203503974 -0.26399733181983276 0.9419023676074405 0.5467046696276607 0.7671496292909878 0.3355524556399637,-60.28067929134901 102.84306468699451 964.3313618732386,0.69
48,1104,20,0.0,-0.8335910430477184 0.5513926022633762 -0.03304801234324228 -0.21940764057404244 -0.2756053106604026 0.9358963617802531 0.506938122662272 0.7874058108148587 0.3507218682754841,-65.78969315778089 102.31379849653672 978.9669853451966,0.69
48,1107,20,0.0,-0.827435975442956 0.56038006410502 -0.03638530330253775 -0.22011433871926764 -0.26403965347825675 0.9390594971998641 0.5166230583635844 0.7850205380400795 0.34182359547333885,-65.90107371155044 100.11221674371666 978.7068415611886,0.69
48,1113,20,0.0,-0.8209567327299573 0.5697301557552688 -0.0379155984844054 -0.23373332229626853 -0.2747297401972416 0.9326801723525084 0.5209594773432019 0.7745522057771401 0.35870615201312683,-55.34641396049994 104.2441246909857 994.0616920677621,0.69
48,1119,20,0.0,-0.8308321400741955 0.5531959896916199 -0.06076308096896965 -0.2421884089766781 -0.26109850950856806 0.934436912204216 0.5010616025770461 0.7910763334353477 0.35090669002087893,-54.89032941076231 102.22859790001058 1011.2338752732848,0.69
48,1120,20,0.0,-0.8345066166978949 0.5473990038691632 -0.06287318387421154 -0.2436497347683249 -0.2642608448350283 0.9331671943625117 0.4941998719493536 0.7940532327559184 0.35390104565417346,-55.587852365894314 102.31464889493739 1016.7767868755346,0.69
48,1122,20,0.0,-0.8357012641926622 0.5458860573311743 -0.060098331409548844 -0.24236659201922256 -0.2683988573613091 0.932319949609645 0.49281013798396417 0.7937067882905937 0.35660580775087825,-56.26332640856257 102.25981596390419 1020.297105381166,0.69
48,1124,20,0.0,-0.8175339322698075 0.5742904058864046 -0.04276446298381967 -0.2405027554911062 -0.2730075255045731 0.9314640710296104 0.5232558592014532 0.7717884559415867 0.3613113409327898,-54.64354831618935 98.63295565638367 1016.5027301020983,0.69
48,1126,20,0.0,-0.8342557235159003 0.5490339593674973 -0.050784832796918616 -0.24011102771986498 -0.2788396350297847 0.9298360889445876 0.4963507652338939 0.7879150775291117 0.3644526697035194,-58.76005317451522 100.29209037468804 1029.8804205762092,0.69
48,1128,20,0.0,-0.8416095868061585 0.5376467324575477 -0.051276646474682386 -0.23420496452815978 -0.2777596022675576 0.9316639082515389 0.4866634750896463 0.7961065220345144 0.35968467799974324,-59.92399114803644 104.71976023058275 1030.6846313835913,0.69
48,1132,20,0.0,-0.8424892950899421 0.5366127999464947 -0.04752357933106349 -0.2320004440850752 -0.281792073408089 0.9310043078894414 0.4861970604633274 0.795386654588794 0.36190121317683654,-63.33700374533384 108.96229319255919 1053.08146287257,0.69
48,1133,20,0.0,-0.8186105136041224 0.5739985086524471 -0.020063376624127494 -0.22103382875665037 -0.28260174382082814 0.9334239663382353 0.5301140193976864 0.7685453574475576 0.3582138467226468,-61.271328728408825 106.71026188030831 1034.3471972092254,0.69
48,1137,20,0.0,-0.8667714797328566 0.49410979556094736 -0.06754784861439264 -0.22012477357834673 -0.25752264426492266 0.9408651187858351 0.4474955709041103 0.8303840061209758 0.3319790903049217,-73.38890799407298 115.23611142991815 1075.4531173128687,0.69
48,1540,20,0.0,-0.6655171730831074 0.7443655286624054 -0.05483477063512854 -0.2832523872828518 -0.18391002894562536 0.9412466129297811 0.6905468683804415 0.6419478646995856 0.33323859557021396,-83.43922844788435 101.88662794749267 990.4823885769825,0.69
48,1542,20,0.0,-0.626810974435799 0.7782692174023799 -0.03748369739941976 -0.26598752744527354 -0.1685109206737726 0.9491336601644825 0.7323650985474348 0.6048975903882944 0.31263439921422853,-79.74063823167741 101.4689854446706 962.5442027494004,0.69
48,1543,20,0.0,-0.6628556440238097 0.7463140737248699 -0.06031333638566022 -0.28927759602645864 -0.18096361520340398 0.9399843841307508 0.6906090555610558 0.6405212512732917 0.3358446948283723,-88.11847414618202 106.8935115908858 999.0146841914961,0.69
48,1568,20,0.0,-0.6480293399335117 0.7584132797900209 -0.06976583421331972 -0.2801856854861644 -0.152218407217395 0.9478003683017048 0.7082047417477414 0.6337498351418661 0.3111385386345962,-96.33738665954651 119.69317950912604 991.4280112252691,0.69
48,1569,20,0.0,-0.6519236794171928 0.7548407863878331 -0.07218658753914853 -0.2835275976132293 -0.1543592842246002 0.9464593561085126 0.7032834546659122 0.6374861555979605 0.31464866726892904,-95.72306923228055 120.10890529987401 993.8505765066764,0.69
48,1571,20,0.0,-0.6439428435189694 0.7627480736741068 -0.059606965928016786 -0.27944839155700235 -0.16196257340777298 0.946401987144647 0.712212195021195 0.6260858574681045 0.3174433624152827,-92.77911292218893 120.6324111202962 989.3117561558377,0.69
48,1572,20,0.0,-0.659947183534138 0.7480196560138171 -0.07025887248119989 -0.29135143379522466 -0.16860242913252088 0.9416408885111565 0.692520076944218 0.6419032755077543 0.32920529752965777,-94.16493537209035 123.87443357935535 1009.8942836845846,0.69
48,1576,20,0.0,-0.6636706960322183 0.7443228191174334 -0.07432864971992637 -0.2818852335361206 -0.15681839187039526 0.9465456708925721 0.692879442863185 0.6491467730122822 0.3138893829764594,-91.18339805560844 133.07579170989095 1014.6716021619717,0.69
48,1577,20,0.0,-0.6484970084584906 0.7579391171821652 -0.07056858129159449 -0.27069707449399094 -0.14297426644691147 0.9519881580116225 0.7114595729068399 0.636464181065272 0.29789028574313936,-89.62629535772919 131.652968712231 1000.4386777570253,0.69
48,1579,20,0.0,-0.6338098337452743 0.7712954460054805 -0.05821021919727287 -0.2552451036880331 -0.13751792231745685 0.957046894402137 0.7301609628644036 0.6214436064621606 0.2840295975707996,-86.34806333506157 131.15741239513775 983.6632876539684,0.69
48,1580,20,0.0,-0.652127390149506 0.7551427457392479 -0.06700224305337416 -0.2714192930589625 -0.15003958382730875 0.9506943202945418 0.7078569307227041 0.6381595073665497 0.3028052324275712,-90.41004001340582 134.04639504387941 1005.3577296232908,0.69
48,1583,20,0.0,-0.6479110796310207 0.7593081737963848 -0.06051718844563331 -0.2716359653193444 -0.1560965690385464 0.9496566555758046 0.711635535394624 0.6317317138947462 0.3073921053365123,-89.32781366165044 133.91933667351407 1003.2700377920072,0.69
48,1586,20,0.0,-0.6581029411119135 0.7495325086136584 -0.07142504764552454 -0.2819196311011054 -0.15734073002198878 0.9464487393810422 0.6981560287641051 0.6429968220819319 0.31485432551081494,-89.69985766745779 132.92873750593975 1013.6277560679877,0.69
48,1587,20,0.0,-0.649742210458197 0.7565499668602523 -0.07394056797622689 -0.27407009204807753 -0.14242236431245947 0.951105385742509 0.7090279575543226 0.6382382139823656 0.2998855408634191,-89.96158886023578 133.5053220657373 1009.3736989611133,0.69
48,1588,20,0.0,-0.6467537929905578 0.7595807553432974 -0.06889562659873633 -0.27906682476743394 -0.15160831016158838 0.948228151661914 0.7098107061509773 0.6324966374630407 0.3100270391939989,-91.01283485726515 133.70032776185852 1010.6938102152676,0.69
48,1589,20,0.0,-0.653466824864868 0.7534239245890388 -0.07303080622503355 -0.2814091638044538 -0.15223784193168444 0.9474347059353809 0.7027019221034664 0.6396686871661252 0.3115027758002489,-92.31382601287105 137.22746376428995 1018.2051301930115,0.69
48,1597,20,0.0,-0.6737038350877808 0.7334616269642964 -0.09031713214503378 -0.27601329906466815 -0.13636803930193775 0.9514307208601073 0.6855215542398754 0.6659112550691965 0.29431683445687107,-101.70348382633408 153.51996924779007 1039.5486990797492,0.69
48,1605,20,0.0,-0.6457861990072873 0.7616750965313478 -0.05302105709699412 -0.2644086860183962 -0.15795170196506958 0.9513880946303478 0.7162738526078876 0.6284125294504402 0.30339654068554334,-83.17435969726455 135.33711948909254 1017.1628905161227,0.69
48,1608,20,0.0,-0.6432260221329387 0.7637343081924399 -0.054499458170256365 -0.2602906046033462 -0.15117006526909849 0.9536227831389942 0.7200757499084807 0.627580686331528 0.29602938458434735,-81.85817927063728 132.47516347220176 1009.7025827588025,0.69
48,1609,20,0.0,-0.6420235271493195 0.7654912920052446 -0.04276531831856728 -0.2603020739478285 -0.16517189447971092 0.9512944210771146 0.721143966822996 0.6218853006287612 0.3053032131777672,-82.00650128166494 131.81119151264457 1006.6209946555127,0.69
48,1611,20,0.0,-0.6454839955250432 0.762570440471646 -0.042857144560802196 -0.2593405855262296 -0.16605120578857535 0.9514039403718445 0.7183960413448407 0.6252306137538689 0.30494886031107216,-85.5817105240936 133.38157208091673 1016.2093254929858,0.69
48,1619,20,0.0,-0.6604833484862774 0.7493702134158634 -0.0469683895552937 -0.2652604074598829 -0.17436093650904894 0.9482801168715413 0.7024234211688641 0.6387820810454459 0.313940743339691,-92.9473520430788 129.79287968179906 1029.5019670129018,0.69
48,1622,20,0.0,-0.6481179505346621 0.760516387422761 -0.03947083298059462 -0.25261406058641594 -0.16580569531860834 0.9532547444382091 0.718421365626602 0.6277923986966913 0.2995787802062464,-89.42414244492646 128.65671108665046 1016.9083052641092,0.69
48,1624,20,0.0,-0.6422079393944402 0.7655083680548737 -0.039571467204429 -0.25824748981763224 -0.16746805797002762 0.9514529329202994 0.7217182251970911 0.6212498595554867 0.3052399309078838,-87.39807409489731 127.36996032362677 1015.1205705863175,0.69
48,1626,20,0.0,-0.6385952258572042 0.768641537382614 -0.03723337914396363 -0.25536482158687657 -0.16602089511871843 0.9524840525068554 0.7259372875175163 0.6177598638581752 0.30230416007332683,-85.57719497496304 127.08548975709202 1014.170017215789,0.69
48,1631,20,0.0,-0.6342018860471315 0.7724424055588985 -0.03347682524737866 -0.2587250185066205 -0.17122181641541012 0.9506547503600644 0.7285940793974448 0.6115683278896886 0.3084393745765931,-82.56103743647073 123.26351600533309 1008.5713630513085,0.69
48,1639,20,0.0,-0.6358208459011591 0.7706992287047996 -0.041887358371727634 -0.25816172828721 -0.16121014526333866 0.9525564608525491 0.7273818625490295 0.616468967538513 0.30146581580123555,-80.67157989649094 129.4545931720837 1021.5796199688467,0.69
48,1641,20,0.0,-0.640806899348309 0.7664054663909439 -0.044600211139477375 -0.2641543584797896 -0.16557095935437183 0.9501624767978389 0.7208252164316513 0.6206520107955447 0.3085483573959036,-82.727979360208 131.0056519271053 1027.077348319875,0.69
48,1643,20,0.0,-0.6272394085386532 0.7776323655731208 -0.04311181264146119 -0.2588998260266255 -0.15598226708567642 0.9532263175333524 0.7345349579560276 0.6090627524056651 0.299167109108892,-83.37410961049135 130.12738760714558 1013.6598968438542,0.69
48,1644,20,0.0,-0.6344927333074644 0.7714450215982794 -0.04787013715515104 -0.2601320683251306 -0.15481044575329905 0.953081860552678 0.7278394592277286 0.6171760725570093 0.2989036919380429,-85.22146528823683 130.8626274655289 1019.6396825290284,0.69
48,1645,20,0.0,-0.6442858291452136 0.7630258417429538 -0.051839513839552875 -0.26353168814021233 -0.15786739002220052 0.9516453838029941 0.7179462512672062 0.6267929897502322 0.30279321044457097,-88.84522739147086 132.38042661212444 1030.918704133106,0.69
48,1648,20,0.0,-0.6498902233023018 0.7585984907553646 -0.046594285913268696 -0.2684599136904612 -0.1717706673288535 0.9478523685610067 0.7110358446642437 0.6285086854364732 0.31528536270103324,-92.79046823405875 131.0304902464849 1042.9879839753526,0.69
48,1649,20,0.0,-0.6449075661134203 0.7628926290237741 -0.04570632068826613 -0.26727686167240106 -0.16910486004979686 0.9486657079931216 0.7160009150721922 0.6240179347492607 0.3129605513911463,-92.4723293668473 129.38202062095988 1038.6799282788634,0.69
48,1724,20,0.0,-0.60234730014857 0.798145052890429 0.01192495493755874 -0.22911395659336548 -0.18718061824779308 0.9552330663489972 0.7646466667015963 0.5726498849200166 0.2956139110448456,-97.50140556755757 108.61698025245792 992.2496157750492,0.69
48,1874,20,0.0,-0.5234099209057395 0.8503069188989466 0.05495633148262147 -0.17725204028458375 -0.17174003103215263 0.9690650524892678 0.833440921069034 0.49747714059407333 0.2406090723018246,-125.97481367557295 80.9718730670453 890.2725539859684,0.69
48,2040,20,0.0,-0.4313095231220123 0.9002589396170755 0.05921095256623726 -0.19136249730420912 -0.15542187080692438 0.9691359227169181 0.8816759551500535 0.40666679691660906 0.23931073188602825,-115.04741810358259 77.54917696850477 811.4480122664133,0.69
48,2050,20,0.0,-0.43155296667835574 0.9002040718139852 0.05826376267141814 -0.18654049487659036 -0.15224514827066526 0.9705792387019412 0.8825897578843223 0.40798779873614416 0.23362635844469437,-116.07719420988843 83.87646920106623 811.6799983967916,0.69
48,2051,20,0.0,-0.4300458307876429 0.9008594019339499 0.0592699027278768 -0.19016593911874324 -0.15456654404867254 0.9695081737973827 0.8825516976479352 0.4056618313423826 0.23778347203010508,-115.85810312768994 83.2844434968204 813.5299768688358,0.69
48,2066,20,0.0,-0.42607014009546906 0.903003471681681 0.05521744153670127 -0.19395940407039025 -0.15079166840789748 0.9693511346831044 0.8836537700319546 0.402301631701382 0.23939384252465468,-118.72297063809306 78.69281685280725 807.9240138832454,0.69
48,2069,20,0.0,-0.42785797017146987 0.9020254544601627 0.057337918227700124 -0.19816747386464345 -0.15551275406701992 0.9677527760872588 0.8818544152312531 0.40269822799265875 0.2452894769628674,-120.4903059170351 76.60578249357297 809.3266102677552,0.69
48,2070,20,0.0,-0.42682257449154115 0.9026302875887575 0.0555072412559815 -0.19828932703651603 -0.1532963057579 0.9680813940079553 0.8823286421100804 0.4021924993935335 0.24441227617238115,-120.2979795338134 76.71269228887985 808.9577112258228,0.69
48,2083,20,0.0,-0.4150874585155603 0.9082741802747791 0.052348975436690814 -0.19625669728457468 -0.14557910017881404 0.9696855337489974 0.8883612500295384 0.3922304667377398 0.23868294955578895,-117.87757356723486 74.9987338230243 795.2382526734318,0.69
48,2090,20,0.0,-0.41896652727542893 0.90663111330527 0.049870566566001584 -0.19857281057539788 -0.145080324718579 0.9692886764425441 0.8860225098285903 0.3961965721285312 0.24081608814746414,-124.04108668189822 72.29509520691218 795.8464833714896,0.69
48,2104,20,0.0,-0.412390490113538 0.9095767483453043 0.05103158368597516 -0.2040393536777667 -0.14681216291901455 0.9678915905047423 0.8878637428201891 0.38873683603258313 0.24613339167350123,-122.18300439288056 69.07485386624948 790.311064195128,0.69
48,2133,20,0.0,-0.391315222517795 0.9184748112861213 0.057240000513386013 -0.1990643603392105 -0.14521041882139585 0.9691683624161779 0.8984685732225639 0.36785588930808044 0.23965864814934557,-116.00406409568343 71.41000774372642 773.6404313442237,0.69
48,2144,20,0.0,-0.3907346663515657 0.9187550805280434 0.05670557745970989 -0.20152167759899353 -0.145487731529107 0.9686187761096736 0.8981733874752793 0.3670455312061749 0.2419961653678817,-119.75260531549829 75.68905839713574 775.5344825683336,0.69
48,2160,20,0.0,-0.37850829854115414 0.9240217454444236 0.05399335034355046 -0.2014557456335767 -0.13917684443014666 0.9695593785455775 0.9034085733967219 0.3561090000551904 0.238829080291727,-116.51956813382199 70.8621665072072 770.4984092071367,0.69
57,1,20,0.0,0.387576103321288 -0.9168138092047913 0.09611037085396629 -0.5310538915682683 -0.3072796177787556 -0.7896587875455703 0.7535028390022724 0.25501308936825656 -0.6059717781104771,-112.48139083474611 -8.517599170700631 1070.6832397576572,0.69
57,24,20,0.0,0.3884517552734835 -0.9167647252363047 0.09299286202366358 -0.5332466815616987 -0.30594959115735426 -0.788696915344598 0.7515006390073036 0.2567825660613477 -0.607708403215361,-112.75523740560887 -1.7534807360591262 1080.1927332694859,0.69
57,38,20,0.0,0.39415843629744296 -0.9149995661699492 0.08610993557284718 -0.5362587542399994 -0.30506995574639967 -0.7869935645237858 0.7463683243523395 0.26402294599086434 -0.6109224242027675,-111.3142766687908 2.3452521430936106 1083.9679372310916,0.69
57,49,20,0.0,0.4001523958329529 -0.9110360339693999 0.09945554242199856 -0.5128034172251887 -0.31252781051813827 -0.7995992889784906 0.7595463879127573 0.26896042917508317 -0.5922411435780517,-126.57999442099852 13.529594091043224 1087.1688550148342,0.69
57,61,20,0.0,0.4106944206285964 -0.9069647261912196 0.09351512342625862 -0.5041983836831757 -0.31136621590002145 -0.8055029916067196 0.759680250339454 0.2836654103710703 -0.5851665166456443,-122.72348049617132 16.34328049849717 1089.7098284631127,0.69
57,74,20,0.0,0.42001922271177894 -0.903077550098778 0.08963699604617603 -0.49559336070841614 -0.31099380930654785 -0.8109686007452694 0.7602440880232683 0.29619890121435555 -0.5781826160868878,-126.96715147388079 27.16521570856262 1098.022718127319,0.69
57,81,20,0.0,0.4157190386844991 -0.9064218401379778 0.07468017538891386 -0.5149127191972831 -0.3022508104657256 -0.8021903384993316 0.7496949863004929 0.2950320241832993 -0.592379550813673,-139.89470763566345 9.155903215794051 1098.5444105408687,0.69
57,88,20,0.0,0.41069647074216986 -0.9090078398114433 0.07094473963064607 -0.5213349610831312 -0.2979524647435879 -0.7996462887462628 0.7480229055800209 0.2914259355557682 -0.5962655925114819,-150.53681312418001 9.930081919841822 1097.717319766,0.69
57,119,20,0.0,0.4259158000886908 -0.9015179057834063 0.07655845339811806 -0.5137938367799088 -0.31064979180178526 -0.7996953170679993 0.7447225151167319 0.30126760928684126 -0.5955049983608871,-152.79954036182284 0.505471830786657 1094.1781368407287,0.69
57,246,20,0.0,0.5154045033221618 -0.8439312578693103 0.14878921313845195 -0.495090678327585 -0.4349643110786319 -0.7521245032047706 0.6994593756526306 0.3139842035501387 -0.6420050636347173,-164.0729841776294 -39.60786225275419 1143.9122222187823,0.69
57,483,20,0.0,0.4597302156348143 0.029422331045296846 -0.8875710987116628 -0.866625878215781 0.23311581523865277 -0.44115371911879514 0.1939270894926587 0.9720037773185244 0.13266853748883728,-255.04922850124228 23.021174611824044 1764.4564141705857,0.69
57,518,20,0.0,0.6976929780302399 -0.7083550715620174 0.1070401840416238 -0.37764585632433867 -0.490626396234626 -0.7852829722583323 0.6087759157591177 0.5074631335478403 -0.6098139490709068,-184.56289049379163 42.62612102121987 1261.184028544352,0.69
57,526,20,0.0,0.7256746733529282 -0.6653384832752564 0.1752739887350721 -0.2603225708084169 -0.5013114028059962 -0.825178184723991 0.6368896510242708 0.5531831343141851 -0.5369916129033272,-192.75149032023913 57.7163281341695 1264.8261790897752,0.69
57,528,20,0.0,0.7653439601764966 -0.6409270365305253 0.0588315941102735 -0.34084175703050756 -0.4811430663707046 -0.8076684012314412 0.5459629284903086 0.5980918688024395 -0.5866946370870385,-201.20581357469544 57.50376730389152 1316.304812811885,0.69
57,537,20,0.0,0.5109035005179479 -0.17847961281540825 0.8409058454831725 -0.8048371219989271 -0.44298824153036376 0.3949666124096065 0.3020179137253144 -0.8785820654185346 -0.36997126119998897,-322.47034415526446 25.61455409037939 1742.9382039652187,0.69
57,541,20,0.0,0.738344345803878 -0.6582033125539606 0.14702389724951448 -0.27062554085404456 -0.4888277279954106 -0.8293426728321054 0.6177454521539583 0.5725520515078415 -0.5390498164894071,-184.63022213791828 47.45543845824333 1229.493712432369,0.69
57,553,20,0.0,0.356154435063346 -0.07383508074726797 0.9315054477756708 -0.8119616578145781 -0.5178226975637061 0.26940289554280683 0.46246327921653485 -0.8522957437057227 -0.24437610488220468,-180.85596055958146 -30.943208128509415 1036.8737619155966,0.69
57,554,20,0.0,0.4868197592360106 -0.13580457993014516 0.8628810103875215 -0.8580486393055732 -0.2593416539237713 0.44327693276995306 0.16358195072576814 -0.9561898465315766 -0.2427795765435649,-270.44126127496384 -4.57646213251631 1502.9864539539103,0.69
57,565,20,0.0,0.7440311091444678 -0.6050447118916051 0.2834406555828879 -0.14802320164984079 -0.5629466991447061 -0.8131298455323174 0.6515418945843646 0.5630381075327712 -0.5084105123493536,-191.67761524424273 42.56224886691773 1249.5811102646312,0.69
57,574,20,0.0,0.6102363302572898 0.05165498872627733 0.790533606732696 -0.7244655863871972 -0.3673930357285324 0.5832426351346651 0.3205639333655166 -0.9286302382745577 -0.18677431618765805,-292.0677528047037 -8.094554756500216 1671.6599195371741,0.69
57,575,20,0.0,-0.5087765957660768 -0.1174642312489364 -0.852847307539737 -0.7468322002477137 -0.4325581544929132 0.5051090057154435 -0.42823829846691785 0.8939214715839314 0.13234939503971188,-422.9737279810194 6.799741026642645 1986.43782939946,0.69
57,584,20,0.0,0.6940127642036625 -0.45721072539975616 -0.5561516301350025 -0.7124541157167434 -0.5474070785475671 -0.43903829372196096 -0.10370832233077987 0.700930697669496 -0.7056491627883424,-290.9448946944427 4.366274851288803 1695.9466405343019,0.69
57,592,20,0.0,0.5564206656608225 -0.06589969008504531 0.8282833293458599 -0.7643612630968128 -0.43146994779424513 0.4791508568577083 0.32580347190079484 -0.8997171305455545 -0.2904499659154079,-286.9320684991841 6.682508873141912 1569.3939188829324,0.69
57,597,20,0.0,0.9616102839844285 -0.2728987610649004 -0.028843161141405498 -0.24663022244530508 -0.8133594978437055 -0.5268964420491132 0.12032952718250842 0.5137826325175633 -0.8494399398494024,-274.3506843563535 65.61851469440904 1731.161604252048,0.69
57,606,20,0.0,0.9544912617513206 -0.2824518941928595 0.09574632477143753 -0.14050265938396256 -0.7090462271679346 -0.6910227568213305 0.2630692569389401 0.6461225698006403 -0.7164636702916698,-201.61551598285882 53.12058398343116 1381.0473681833466,0.69
57,610,20,0.0,0.8070670666607975 -0.5416533767930324 0.23506247960965806 -0.27467573007723867 -0.6968092119000469 -0.6625784221643288 0.5226815409195847 0.47017926540835553 -0.7111508033898207,-218.7979537715989 35.31719951208404 1395.1921733442266,0.69
57,613,20,0.0,0.9032158510488968 -0.4251596797033133 0.0586546943440415 -0.2776251348754935 -0.682996840692103 -0.6756031380107482 0.32730018469194444 0.593931445841338 -0.7349285861506797,-203.62769377211447 35.67480527341873 1364.9599151719726,0.69
57,621,20,0.0,0.8510525775617026 -0.5229294367017177 0.04747962148549767 -0.35276313239647383 -0.6363950953466212 -0.6859733632150689 0.38893146266072354 0.5670503389026313 -0.7260759123555891,-159.69626191692203 16.366514508831877 1148.6665269360237,0.69
57,790,20,0.0,0.6953267529388404 -0.7165712602469002 0.05519361951981927 -0.34027206192440007 -0.395880636685793 -0.8529322630613574 0.6330368318836169 0.5742857742321505 -0.5190955778980717,-95.55826871959798 12.04513253037728 959.2295452391805,0.69
57,844,20,0.0,0.7656032258461981 -0.6432440423069532 0.009423513702780661 -0.31101005817424376 -0.38291439442762787 -0.8698559135021021 0.5631380330685802 0.663033685853693 -0.4932158626148564,-129.31635830586725 24.587959176313586 934.1274766550822,0.69
57,978,20,0.0,0.894244499283506 -0.44696676097270394 0.023398506079681997 -0.2136612582539009 -0.47223963085351844 -0.8551833708466813 0.39328824317865274 0.759743671008125 -0.5177971727815309,-53.13451639304591 -19.10179904611029 940.5750240205683,0.69
57,1026,20,0.0,0.8956530899599993 -0.44431958886632583 -0.019637856165187484 -0.23835659679950463 -0.4422611049602509 -0.8646335916453259 0.37548858199319957 0.7790925606043207 -0.5020190303203048,-75.46860598005527 -1.3190557783978645 944.940975653551,0.69
57,1028,20,0.0,0.8960812182402468 -0.44319426875563983 -0.024845330732955223 -0.24190276962698928 -0.44063350552436586 -0.8644797070238843 0.3721847664317657 0.7806541833305338 -0.5020533295225414,-75.30250189497744 -1.7983346100439992 947.7194963980153,0.69
57,1035,20,0.0,0.8928973565733961 -0.4498677078986504 -0.018797766203892674 -0.24089440467988976 -0.44202268005088563 -0.8640519869281904 0.38040004786824505 0.7760380117691703 -0.5030514962418757,-85.75285160539241 -4.583771295359541 935.3520863731322,0.69
57,1040,20,0.0,0.8812007764139352 -0.47254121866452137 -0.013783624723799959 -0.2509614295795515 -0.4428890578384078 -0.8607366863974112 0.4006289461719727 0.7619409945068295 -0.508863801403753,-91.86710160124409 -7.655635247614139 956.7885297151967,0.69
57,1046,20,0.0,0.8839676154791358 -0.467394459166484 -0.011986422510510852 -0.2507751153647548 -0.4523338041110406 -0.8558656268201386 0.39460498767492086 0.7595633937986379 -0.5170593336389653,-89.56038839191113 -10.071504334235286 967.1277459010842,0.69
57,1054,20,0.0,0.9039131428713882 -0.4256499093649648 -0.04199029414004357 -0.2508591670430533 -0.4480771108782358 -0.8580772581868598 0.3464256174921762 0.7861609614860118 -0.5118009712579236,-82.21298466230662 -10.972997855837876 928.6777408919818,0.69
57,1057,20,0.0,0.9056784554374825 -0.42134746625092717 -0.04704091878673039 -0.2589243113399547 -0.46184223151146364 -0.8483277398444788 0.3357152608290338 0.7804921946287711 -0.5273776614249587,-81.77791395529124 -12.492557908257135 923.5648900976711,0.69
57,1066,20,0.0,0.9496460819040716 -0.3122840131436102 -0.025514981073217022 -0.21468217209135418 -0.5891985748731458 -0.7789458288954323 0.22821893898268686 0.7452004659837348 -0.6265719283428209,-70.37078784088006 -18.73799122555724 1110.202187377064,0.69
57,1071,20,0.0,0.9344350016202482 -0.3521032234550273 -0.05342796813978663 -0.23123387072440013 -0.48575423154927994 -0.8429553508708394 0.27085443466330467 0.8000413405346924 -0.5353239473988382,-53.84323382310678 -12.634310211453334 940.2718300288104,0.69
57,1073,20,0.0,0.9298203436110778 -0.3650350958762324 -0.04672801499751525 -0.23337984153750568 -0.4867067316062065 -0.8418137602659707 0.2845487272347338 0.7936409365625202 -0.5377416532511305,-54.240144263335324 -10.13751642561656 971.2791778161832,0.69
57,1076,20,0.0,0.9427557157403433 -0.32871963132842424 -0.05616996010518539 -0.2199232611280527 -0.48622137054839315 -0.8457083055267014 0.25068988741813186 0.8096494196881432 -0.5306810695181593,-52.85227245987396 -4.9148387419606205 946.2260151498682,0.69
57,1078,20,0.0,0.9549831042788336 -0.29287080548602296 -0.04726480546802772 -0.20916598197928427 -0.5517463595883216 -0.8073571369992812 0.21037315067423443 0.780898614402025 -0.588167060876749,-62.42285832563718 -3.2801910205649056 1063.4436861799477,0.69
57,1081,20,0.0,0.9646035230382817 -0.2621169198781498 -0.028892276748742715 -0.18045022590950696 -0.5761999224818691 -0.7971394892370443 0.19229602000910534 0.7741371775373402 -0.6031035326071122,-70.93113256550993 -0.917050674862264 1079.32654947751,0.69
57,1082,20,0.0,0.9631823466163507 -0.26530215748901603 -0.04352622655703131 -0.19148021185705225 -0.5633045171830845 -0.8037557772036918 0.1887196217508902 0.7824977866759788 -0.5933650800421234,-71.85593798719393 -1.6015234935056983 1075.5292329375711,0.69
57,1083,20,0.0,0.9634701750731185 -0.26428049289472244 -0.043370990533973586 -0.19029663879725678 -0.5616071004569486 -0.8052233565780401 0.18844736932905654 0.7840620420551309 -0.5913833808971104,-75.82309831185151 -0.8901450743552649 1061.668634886421,0.69
57,1086,20,0.0,0.9666803449273615 -0.253686890622559 -0.03423554085122511 -0.1780780382873866 -0.5703583067855955 -0.8018600963761601 0.18389486945217964 0.7812389925028874 -0.5965302285569772,-80.9267927196419 -1.2957462867299891 1049.843342187351,0.69
57,1087,20,0.0,0.954714476434639 -0.29198963909955045 -0.05711671510729831 -0.20519141011553338 -0.5071719997203424 -0.8370621529578722 0.21544547732763614 0.81087521441846 -0.5441182159612779,-76.81417921493218 -1.967604818340228 996.2250855132785,0.69
57,1092,20,0.0,0.9661551239255206 -0.2516471302178677 -0.05672740400875856 -0.18961203631037943 -0.5436760962187063 -0.8175962194669318 0.17490440874572813 0.8006809753288132 -0.5729907709098007,-82.10839804350681 -2.2794703078791048 1036.05018640007,0.69
57,1093,20,0.0,0.9699531421427612 -0.2376688708986878 -0.0520039407461306 -0.18223546870314658 -0.5681274573102915 -0.8025094555185548 0.16118664955240145 0.7878735304957805 -0.5943687104400647,-82.32589367258518 -2.214829587056631 1074.2909890689466,0.69
57,1099,20,0.0,0.9766199834590409 -0.21078905920174879 -0.04220640270508837 -0.1595017887621482 -0.5788814707809873 -0.7996595664206839 0.1441269832131981 0.7876955092593093 -0.5989684444130424,-75.97069259666509 3.8016741225041573 1085.1229963221597,0.69
57,1101,20,0.0,0.9790392099958979 -0.20254495758279148 -0.02139545391884856 -0.1362613970734957 -0.5733004128748933 -0.8079353119310086 0.1513772009193839 0.7939157239627279 -0.5888826422017805,-66.51138271315558 4.924798678747053 1024.9227554554222,0.69
57,1108,20,0.0,0.9801481710944806 -0.19512768406637274 -0.03513900412701954 -0.14061602410559823 -0.5591991306909718 -0.8170210927504842 0.13977373310060331 0.8057428368563728 -0.575536084350726,-61.936619493919714 8.630665275560293 1042.205432841774,0.69
57,1116,20,0.0,0.9846277956346909 -0.16923274656027598 -0.04322477941221445 -0.13216254154913493 -0.5600554978817409 -0.8178452799299561 0.11419792762936806 0.8109858918526885 -0.5738124402111346,-59.81105974730759 8.331393207178719 1035.4848311885432,0.69
57,1118,20,0.0,0.9863007690506077 -0.1599170469648626 -0.0404639476598315 -0.12348630127962221 -0.5531434642128442 -0.8238831479007762 0.10937059187212086 0.817593325614056 -0.5653133887896961,-56.89984768092173 6.534332591690995 1024.4148502334356,0.69
57,1159,20,0.0,0.9975793160611451 -0.06868227126601471 -0.01087445542173152 -0.047004936227392866 -0.5507859557758147 -0.8333218867222805 0.05124494255276697 0.8318158308988017 -0.5526810828397329,-39.71974703421293 12.835284658411034 996.1664064837444,0.69
57,1290,20,0.0,0.9977112719946457 0.06563852915490231 -0.01624195878603516 0.023577681135489952 -0.5628310612430476 -0.8262356137641962 -0.06337436932308982 0.82396163745068 -0.5630904983415141,-49.63990534853862 -20.369458205443404 1000.994843499996,0.69
57,1440,20,0.0,0.9990267076634218 0.04270775662013805 0.011031087872886234 0.03182243910232288 -0.5246622914977616 -0.8507154707949637 -0.03054455343859581 0.8502385120686976 -0.5255107066943964,-55.423754052411574 -42.79125071430651 943.1554589988409,0.69
57,1527,20,0.0,0.9588931573294226 0.28371815885220786 -0.005283858847946701 0.14325571276045954 -0.500072379410487 -0.8540523497492567 -0.24495247210082288 0.8181880112102886 -0.520160229855617,18.51630416612265 -15.140865440852624 962.6001036343935,0.69
57,1538,20,0.0,0.960150566820952 0.27860381391797995 -0.02215409451455845 0.12944903906808178 -0.51356899145492 -0.8482274679001657 -0.24769706360341587 0.8115582578511119 -0.5291685542394913,14.549783822271062 -25.00844182116733 973.1177097797535,0.69
57,1539,20,0.0,0.9669596120635661 0.2547844064043051 0.008603190750245696 0.15115213117298915 -0.5458248489191301 -0.8241530607504122 -0.2052855130781096 0.7982231145210059 -0.5663017901831519,13.963248679652084 -24.309712098977414 981.9662192926141,0.69
57,1549,20,0.0,0.9615949698040349 0.27406928811979264 -0.014870755094725435 0.13749184837683293 -0.527877156771063 -0.8381179505232067 -0.23755232197875734 0.8038853977208497 -0.5452863116324231,18.75291347891125 -27.064683267529123 991.2932684004365,0.69
57,1560,20,0.0,0.9580595106420583 0.2865342413092302 0.004483595169349999 0.16107015261906796 -0.5254838482056172 -0.8354179380467512 -0.23701978821096137 0.8011022742648777 -0.5495969124404462,26.31339150148285 -31.50582068171312 1008.6827745551925,0.69
57,1563,20,0.0,0.988411999229836 -0.14117790103368888 0.055772036346191094 0.022448834220934424 0.4993280854112562 0.8661221120382798 -0.15012584594466044 -0.8548334711388246 0.49671115046891073,30.608704095247326 -17.34979954023877 927.5894911837994,0.69
57,1566,20,0.0,0.9800817119299112 -0.18574344804652373 0.07027950944850807 0.023085892135277147 0.4580433145278794 0.8886300487833125 -0.1972482687499511 -0.869307594309461 0.4532079290469713,34.05076485100123 -13.626192380032332 927.0395059946277,0.69
57,1570,20,0.0,0.9421541793776469 0.3351186912236389 -0.006400396377365586 0.16984744359352044 -0.49379792851394627 -0.8528279144704876 -0.2889590770091466 0.8024082929456118 -0.5221528351221806,43.24057266950736 -22.70025211685796 1000.3781839534931,0.69
57,1585,20,0.0,0.9787594849923706 -0.19556788917868861 0.061506676545410505 0.042729487430836904 0.4880265379977145 0.8717822486801755 -0.20050950461603442 -0.8506369959813397 0.48601711865578867,47.72743210522955 -12.631946463703756 914.3586349782992,0.69
57,1589,20,0.0,0.9867968281880549 -0.15722779747629922 0.038877237282839865 0.04471689277700278 0.495190191369555 0.8676330294956236 -0.1556676568152949 -0.8544390522864316 0.49568284875462476,42.23267862964799 -13.026081662902047 954.3667239245033,0.69
57,1593,20,0.0,0.98531748371531 -0.1702208902456818 0.013202454654238319 0.06509872104112979 0.44605500460238173 0.8926349138298245 -0.1578341306680492 -0.8786693242586409 0.45058695698291623,35.14405438571652 -11.4176339280457 924.2681986353932,0.69
57,1602,20,0.0,0.979144825083522 -0.20013475095691302 0.034949863684617846 0.058874840881510224 0.444163250465394 0.8940093735790428 -0.19444578839186982 -0.8733069840528186 0.4466830498029158,32.81384545315131 -17.668792874878037 919.7360024952566,0.69
57,1612,20,0.0,0.9738515602529865 -0.22105951028642007 0.05240068229281074 0.06781695662952918 0.5030011025853713 0.861621002060308 -0.21682711773745578 -0.8355373024047633 0.5048399917833755,54.634102875049166 -33.13094701073005 912.1367765077506,0.69
57,1621,20,0.0,0.9598006675050355 -0.2801962547914481 0.0165147648404058 0.11680066544908375 0.4522123156504 0.8842293967770773 -0.2552259454043401 -0.8467550297311193 0.46676079143123395,91.17233791755267 -33.82237620581811 889.193409831892,0.69
57,1628,20,0.0,0.9511503962261119 -0.30823900834028867 0.017367714193464945 0.12989710898341295 0.4505961800525842 0.8832269377684143 -0.28007082110898623 -0.8378256359526215 0.46862409125430554,116.17627992995935 -38.00274264004527 915.5485903661415,0.69
57,1712,20,0.0,0.9534083531764537 -0.3011373687513592 -0.0181327668840294 0.17387228933552606 0.4993765755625756 0.8487587777340618 -0.246537905999434 -0.8123664942136052 0.5284692422312874,116.5460508058957 -80.3960025683348 943.146338707134,0.69
57,1827,20,0.0,0.9542460445647019 -0.29595935278478513 0.04269130979288588 0.12795944180961158 0.5332004003493251 0.8362557708734165 -0.27026074018324175 -0.7925310054291445 0.546675166574334,87.80768043450722 -57.810674146075876 924.478565604008,0.69
