scene_id,im_id,obj_id,score,R,t,time
50,620,2,0.0,0.9483882922888143 0.012844543586238898 0.3168511712927187 0.13088322689566184 0.8942483409248976 -0.4280064084455358 -0.2888411812170925 0.44738677053879156 0.8464135216193001,51.959300603563825 -83.35990503186588 1030.4695368615955,0.69
50,623,2,0.0,0.94872559190528 0.013780603041296843 0.31580032654162044 0.13088272003506868 0.8922616919969145 -0.43213283442828676 -0.2877315847455711 0.45130828485041297 0.844707859064411,52.7261494414773 -87.79041580521655 1032.1656706810732,0.69
50,629,2,0.0,0.9495818100230562 0.012068806666184421 0.3132869770338221 0.1319513840140232 0.8910634345198848 -0.43427501415394676 -0.28439975093188824 0.45371830420127546 0.8445451332537526,55.75771242744258 -93.09953934663513 1029.5073450331865,0.69
50,633,2,0.0,0.9482483454141889 0.011262029568116942 0.3173298632484182 0.13527111641159037 0.889821103989144 -0.43579826521029513 -0.28727478219296404 0.4561705487923871 0.8422479622595933,60.27523522957695 -96.17449753143755 1026.9740435087263,0.69
50,640,2,0.0,0.9501511273285412 0.012854005088763755 0.3115246535821528 0.13067074103449125 0.8907519666058036 -0.43530000163725074 -0.28308654626067836 0.45430794461584273 0.8446693428704094,69.80702578801547 -94.66163790095261 1020.2080124656767,0.69
50,642,2,0.0,0.9495568714409893 0.013866403348646195 0.3132881592996664 0.1314529226543123 0.8894146447341978 -0.4377918670532609 -0.284713675514261 0.4568909197943348 0.8427270082207208,70.19463642006292 -95.50062441620798 1021.5715658239118,0.69
50,644,2,0.0,0.9487880165388513 0.019308390585745662 0.3153228277896494 0.12813322266967003 0.8888234202922989 -0.4399713681459103 -0.28876145331494185 0.45784289182304416 0.8408309636820918,70.38560134252425 -96.44772670990069 1021.0604295001971,0.69
50,651,2,0.0,0.9486209160026087 0.016732558231650346 0.3159721177847755 0.1306241088851702 0.8888264672680313 -0.43923211774844817 -0.28819385819327725 0.4579383501944949 0.840973702038784,75.95377589058185 -100.2369835960075 1018.5155484167898,0.69
50,653,2,0.0,0.9489130649285824 0.017557113060411862 0.3150487946157355 0.13075716037398435 0.8868075093088962 -0.4432550128811679 -0.2871699152396993 0.46180535858122745 0.8392075134118425,78.6861966272662 -100.97004537907469 1020.1012521286084,0.69
50,660,2,0.0,0.9473763603296066 0.014926360509361948 0.3197737257039295 0.13340482389200192 0.8896325613617786 -0.4367574369455261 -0.29100031761317946 0.4564330285231622 0.8408256095185273,84.10246812658814 -97.51674699120912 1015.6650527521349,0.69
50,662,2,0.0,0.9469964194554402 0.017989624767523797 0.3207400114411975 0.13124852629231704 0.8896309642091528 -0.43741350215372654 -0.2932091504108812 0.4563256741856816 0.8401162260034694,84.32105799823664 -95.95221689573545 1019.5304362158437,0.69
50,671,2,0.0,0.9495495026206708 0.012367599174499352 0.31337323523794336 0.13313237546003165 0.8888248540141404 -0.4384816409966456 -0.28395688524352714 0.45808014732948316 0.8423366701891788,89.4141153702096 -97.76512586375055 1016.6721460041659,0.69
50,681,2,0.0,0.9516274108187784 0.0187983087505322 0.30667881336418984 0.12384440722622747 0.8899881695822632 -0.4388435037714437 -0.28119003143271676 0.4555959630985908 0.8446090720748478,95.02691380977006 -96.67935604760147 1011.282632608122,0.69
50,682,2,0.0,0.9509981445011122 0.02194781345469763 0.30841663807259095 0.12264387194111798 0.8888767795743815 -0.441425589888904 -0.2838327145181338 0.45762032758394156 0.8426284032426354,95.82437104811441 -95.78556349963709 1009.4844283516138,0.69
50,701,2,0.0,0.9546609202048492 0.02812941608313939 0.29636339751131935 0.10795540134093824 0.8950484951776937 -0.4327052375479906 -0.27743135863659607 0.4450808097761211 0.851431097631561,95.03457000207563 -84.36629768833556 1012.8481908810918,0.69
50,712,2,0.0,0.9547260628396624 0.030284503303398554 0.29594086198824127 0.10507610919906832 0.8963528617374891 -0.4307093666622532 -0.27831125778570703 0.4423057721923604 0.8525892608255499,104.85153480365236 -76.2279082853384 1011.8628373930643,0.69
50,721,2,0.0,0.9517101539193785 0.031675507081760375 0.3053595342835493 0.1078133974896921 0.8968235841085965 -0.42904979933376103 -0.2874440019351289 0.44125289940999174 0.8501010672348278,117.40065696037693 -78.13150019780075 1016.4838277035051,0.69
50,722,2,0.0,0.9526490548337931 0.02994261855242987 0.30259414719803196 0.10817912664378242 0.8966576527527728 -0.4293044727445503 -0.2841778578335565 0.441710870767419 0.8509608990799867,116.91781769329079 -77.67916334410977 1011.4942474598279,0.69
50,735,2,0.0,0.952355486739531 0.037845306435848124 0.30263304455708034 0.10202969577859575 0.8955666490906333 -0.4330708004655839 -0.2874177587701188 0.44331491043878857 0.8490364669001036,126.10674018736943 -78.12462932241294 1017.9137844667132,0.69
50,737,2,0.0,0.9530377153128394 0.034865212225678135 0.3008380464099274 0.10354691971568143 0.8959731112570207 -0.4318682893218817 -0.2845999799871346 0.4427376208104217 0.8502859816029251,126.04581013122242 -78.24479369432179 1010.5535310224989,0.69
50,751,2,0.0,0.9550206311154028 0.03149490746429431 0.29486211175353344 0.09662718275827722 0.9070230563756823 -0.40984431526509496 -0.2803547425961191 0.4199014717844313 0.8631824675566182,130.29676450515322 -73.22904297020614 1010.1941747011036,0.69
50,757,2,0.0,0.95412839070815 0.03836034957414219 0.29693012246187744 0.0946022776479312 0.9023204548569332 -0.42055701850117905 -0.2840588374060903 0.4293556571507204 0.8573005870546069,131.4362245405687 -74.40352493954589 1009.5846841114677,0.69
50,769,2,0.0,0.9572940946728898 0.04290843183226353 0.2859141178432927 0.08570127171079758 0.9023648456589872 -0.4223659282494082 -0.2761219084599488 0.42883161240343304 0.8601512308146211,132.17350696783672 -73.9759756077332 1005.1629408172382,0.69
50,923,2,0.0,0.9837480935557941 0.07344174384835564 0.1638474860528937 0.009995429860477224 0.8887096633023149 -0.4583614575146894 -0.17927570891575065 0.45254993604418803 0.8735323551987966,117.70536243283875 -95.65555104151656 974.4236947844188,0.69
50,1026,2,0.0,0.995809506455854 0.0707460069703874 0.057951957256804285 -0.03521724135380466 0.8814711619602876 -0.4709228562554682 -0.08439889077219227 0.46690854900090056 0.8802688419490362,71.88449837440554 -90.19660158529334 946.183298473937,0.69
50,1044,2,0.0,0.9957391361739726 0.08484178888800453 0.036130922349065744 -0.0575969910808762 0.87819307245456 -0.47482577237472 -0.07201499364674288 0.4707215720052601 0.8793378431177384,58.07821531563204 -89.40458894162094 945.1867121864415,0.69
50,1052,2,0.0,0.9962072819247911 0.0828460940662043 0.026600303344008747 -0.06032828994927841 0.8779363478029201 -0.47496133172950616 -0.06270206433456117 0.4715551864887543 0.8796045459317163,53.13185627840591 -90.29387926598977 936.5363451157608,0.69
50,1058,2,0.0,0.996364672482539 0.08225846207055978 0.022158177870687374 -0.06195912296817712 0.8782268786735756 -0.47421368248531504 -0.058467995602526426 0.471116859168779 0.8801308985015626,52.76471952551072 -90.97101251372891 935.1724109948071,0.69
50,1066,2,0.0,0.9966111063531868 0.08075721407036794 0.01563889603103835 -0.06342627816474335 0.8755000810637065 -0.47903727965118953 -0.05237757088339877 0.4764219562877388 0.8776552339246422,50.255081287994564 -93.24383825742353 933.9370035593408,0.69
50,1077,2,0.0,0.9966705649191143 0.08053629987003093 0.012715715750915898 -0.06488594366147858 0.8778978576426196 -0.47443141323236426 -0.04937205017996582 0.4720267534258449 0.8802006275340206,50.52619071141497 -90.02253705233723 928.5942099247734,0.69
50,1094,2,0.0,0.9965398415169562 0.08296741425949393 0.004975182454290586 -0.0711573401877222 0.8825577304427179 -0.4647886459168377 -0.04295319786428865 0.46282638279045013 0.8854076813459091,49.0985179378064 -77.57222677943554 930.3907614013068,0.69
50,1098,2,0.0,0.996722819799142 0.08088339809032276 0.0012232763422595008 -0.07104398042220138 0.8825033401656943 -0.46490924645801857 -0.038682985115125586 0.4632987486598201 0.8853574962425222,46.8733024897946 -77.43879470376845 930.2559718303361,0.69
50,1105,2,0.0,0.9971396687091669 0.07535679851630915 -0.005816700434533027 -0.06951177804402746 0.8841329371571925 -0.462035780158803 -0.029674800753005402 0.46111853394888414 0.88684220910436,46.67155011920685 -75.59791094049812 929.2468536075091,0.69
50,1113,2,0.0,0.9974357053278793 0.07099444165390269 -0.009044500612338448 -0.06744723706486479 0.8902006683104264 -0.4505481554195801 -0.023934994242571103 0.45000284376203753 0.8927063104160782,48.23100042020969 -68.6192025001688 928.3103250388843,0.69
50,1125,2,0.0,0.9978309666584655 0.06383475753425641 -0.016077490723833323 -0.06414762702864346 0.8880733936069404 -0.4552040526116242 -0.014779848579275176 0.4552480327228169 0.8902419810242487,44.50250215949732 -70.68159604362488 922.6166806782054,0.69
50,1130,2,0.0,0.997704979276441 0.0650587092997506 -0.01876535827654091 -0.06649219968259587 0.889024381831301 -0.4530059998397847 -0.012789124612974751 0.453214091631895 0.8913099491410998,41.65332626538329 -70.9862072389985 921.9810825689318,0.69
50,1145,2,0.0,0.9974834140624762 0.06360121190679789 -0.031332483371943304 -0.07089083377423776 0.8874930224109505 -0.45533572763255625 -0.0011525437344874177 0.4564110220139985 0.8897683128922256,39.14197529432365 -75.86350523203578 918.2392589205441,0.69
50,1150,2,0.0,0.9973100473150078 0.0641197070886437 -0.035515245844614934 -0.07326898394182915 0.885818972766275 -0.45820999932283607 0.0020797876499506485 0.45957960208234655 0.8881341474310979,38.95930935894945 -77.88292415230488 915.4857118361658,0.69
50,1169,2,0.0,0.9973028749827151 0.054405420176341326 -0.04926485366513124 -0.071066152357892 0.8835702275056437 -0.4628749885818737 0.01834604971801622 0.4651276204667495 0.8850535120198572,35.89845387893164 -82.54016262058563 917.484628452047,0.69
50,1189,2,0.0,0.9964755568666906 0.057699053784077456 -0.06088746800155857 -0.07934689046086914 0.8838276846996105 -0.4610343747842634 0.027212782684053374 0.46424071660179483 0.8852909247855433,34.96242678357239 -79.49379701254645 913.6215575436121,0.69
50,1192,2,0.0,0.9964341655340483 0.05702727192508611 -0.06218395302043065 -0.07901748611974804 0.8891348651461727 -0.4507720360324193 0.029583621208031062 0.45407827721471056 0.8904705090669428,36.0773665718439 -75.95839276197114 921.1557878463328,0.69
50,1209,2,0.0,0.9956299352070432 0.05328132072319586 -0.07669506491040229 -0.08186782085490596 0.8931123585778061 -0.4423211218832504 0.04492985675570206 0.4466670077558675 0.8935714253233101,27.78864400471697 -67.2642895278063 921.8841964245584,0.69
50,1216,2,0.0,0.9949843710482137 0.05389680154371655 -0.08426883263192783 -0.08566786680624038 0.8940602759672432 -0.4396785638784829 0.05164414745795395 0.44469243047384355 0.8941932253783893,26.78394122772171 -67.91865587784709 921.2039922463002,0.69
50,1242,2,0.0,0.9930917064779842 0.05634761157379738 -0.10292623180984464 -0.09620936398022617 0.8931670169338046 -0.43931359886086974 0.06717604340213687 0.44618115887103216 0.8924179248879625,15.179522889770482 -62.38248122956562 911.9389445679498,0.69
50,1246,2,0.0,0.9921023247884772 0.054831260732219445 -0.11281183446702045 -0.09955789834106077 0.8913096782960392 -0.4423293820827665 0.07629680220828433 0.45006731743409945 0.8897292890258607,12.110469044488298 -62.79031038226635 915.5017254935652,0.69
50,1263,2,0.0,0.9912925400012045 0.05235245596841766 -0.12082350968265815 -0.10088255188007918 0.8916524343468942 -0.4413373392875574 0.08462748291260724 0.4496833960436301 0.8891698557972735,8.696533082688056 -70.40874568096622 903.2138307630007,0.69
50,1266,2,0.0,0.990865782104444 0.05321448071378111 -0.12390811473390687 -0.10342521917021848 0.8895120542039103 -0.4450522772276668 0.08653453584633525 0.4538022966758788 0.8868907766109404,8.447957230137163 -73.38795810635682 906.3219830358885,0.69
50,1280,2,0.0,0.9880667551304537 0.05979006610753433 -0.14194800245453487 -0.11808552976197802 0.8857581012901259 -0.44887458566925353 0.09889335198489818 0.46028006039124447 0.8822484746030583,5.496348734331148 -77.07249237814109 901.0288627435752,0.69
50,1284,2,0.0,0.9884016128580079 0.05978873072543274 -0.13959784875824682 -0.11646407841717006 0.8883618712660398 -0.4441275764002269 0.09745958207445751 0.4552345476333511 0.8850215457845816,6.389996439080622 -77.9224217004338 901.1733648123883,0.69
50,1324,2,0.0,0.9810286885228027 0.05901860163015927 -0.18466054520890587 -0.13814527385809494 0.8810982318294911 -0.4523071845301777 0.1360095423339913 0.469236305637751 0.8725357837163662,-14.977640852403344 -87.72022705502596 901.1267141202385,0.69
50,1480,2,0.0,0.9719153476774717 0.05461602384575904 -0.22890532297930236 -0.13413153522423205 0.9277955308584768 -0.34814391302653547 0.19336309939429977 0.3690698346631932 0.9090644470741958,-6.919870035953797 -37.14236768091176 998.8792664454215,0.69
50,1542,2,0.0,0.96629316054318 0.04074155051045887 -0.25420002743799175 -0.1378578893778699 0.9157876698437056 -0.37726402704010226 0.21742292938821103 0.3995911283102263 0.8905359060431024,-12.571930731278592 -89.93898934918006 974.9057809634312,0.69
50,1564,2,0.0,0.963201827085199 0.036901068654786054 -0.2662340162936909 -0.13827207513925482 0.9174331338259879 -0.3730915145040304 0.23048443230816865 0.3961751583458529 0.8887756580674447,-15.606424988987618 -93.49941290110559 973.6246935664625,0.69
50,1592,2,0.0,0.9597122862261814 0.043503044414472676 -0.2775964927609649 -0.1497266349103917 0.9151735842497521 -0.3742181789943831 0.2377693471937169 0.40070537283412394 0.8848168972826748,-15.081905366564053 -88.53104872413896 969.4298843153955,0.69
50,1593,2,0.0,0.959152595826823 0.04537225047030289 -0.27922689126573597 -0.152094229117935 0.9149649547526681 -0.3737732963220742 0.23852388431284643 0.4009744261941253 0.8844918689002199,-14.395688222641997 -88.80160934916088 973.171113867562,0.69
50,1613,2,0.0,0.9561883287211502 0.043893705092297404 -0.2894429523597423 -0.15313269090361323 0.9176413052375003 -0.3667217117906101 0.24950803392691007 0.39497819886075647 0.8841594671950533,-20.896843635658584 -82.5196201626476 968.3290459610546,0.69
50,1629,2,0.0,0.9533396231922142 0.03942917345547008 -0.2993140543515215 -0.15415957433500635 0.9160137175273969 -0.3703426723218482 0.25957347416979404 0.3992044708946239 0.8793505569027443,-25.988054319385856 -82.65068818651073 956.1329650287342,0.69
50,1656,2,0.0,0.9500007197810034 0.037413570645414104 -0.30999815668344866 -0.15853241898853976 0.9131117851323289 -0.3756252653670857 0.2690094878349414 0.40598903012767734 0.8733881169736456,-28.222104926386425 -92.25021118847685 945.119753805541,0.69
50,1658,2,0.0,0.9502454973142451 0.03296156706467271 -0.30975317582011014 -0.15508537941375983 0.9124468993409742 -0.37866763919713553 0.2701518460534615 0.407865407922372 0.8721604147714019,-27.245431434207706 -94.47346169843385 945.4391391322822,0.69
50,1669,2,0.0,0.9459650663529892 0.03876882932532709 -0.3219426519001923 -0.1665720303843507 0.9099210601340315 -0.3798650063090767 0.27821547752312353 0.4129656670926817 0.8672113386420155,-33.555054451818904 -91.32198917863475 943.2596942605034,0.69
50,1678,2,0.0,0.9450778189067967 0.04155359523832654 -0.32419317533399944 -0.1708576308964933 0.9083794949183557 -0.38164690903544696 0.2786316316838589 0.4160769062741194 0.8655890606347495,-42.988512994736645 -86.24807222572056 931.7661341514515,0.69
50,1695,2,0.0,0.943167009595325 0.02995634021164152 -0.33096617605449746 -0.16365718253819467 0.9086560444275185 -0.38413606902892583 0.2892271056015882 0.41646945939223445 0.8619169744116122,-48.84155936063649 -91.29834314881045 923.0383971734421,0.69
50,1708,2,0.0,0.9427462091448647 0.030533455647681562 -0.3321103630259043 -0.16481767523837296 0.9083565957788975 -0.38434805688853296 0.2899391644328257 0.4170803315803609 0.8613821903991347,-54.16483146049517 -90.98331724404296 911.838253681285,0.69
50,1711,2,0.0,0.9421250105285546 0.02756058630892945 -0.3341270396404323 -0.16271808259967308 0.9089520409841522 -0.38383461645066647 0.2931267475541202 0.4159887032998039 0.8608310569416574,-55.71750084357159 -91.0015890049401 912.6148563976766,0.69
50,1713,2,0.0,0.9426537182069883 0.028241638339601874 -0.3325753710280349 -0.16170496726220307 0.9103093622087509 -0.3810359151547621 0.2919853953766691 0.41296401167534247 0.8626733182078474,-53.8135840726473 -90.59500425982854 908.2113666585001,0.69
50,1714,2,0.0,0.9427121475928515 0.024487669237676715 -0.3327073200820506 -0.1562513006121446 0.9135595337185577 -0.37549235599269504 0.29475301158408396 0.40596715680857454 0.8650499001530925,-53.29512119192801 -90.88018185131617 905.372117568629,0.69
50,1718,2,0.0,0.9419337212349668 0.022468476455990635 -0.3350463137630297 -0.1606269450746059 0.9063529036832959 -0.39079841158947637 0.2948895544376699 0.421923667919453 0.8573334060521308,-50.18255181966232 -99.53999971944837 908.5438079969075,0.69
50,1719,2,0.0,0.9427202760697452 0.026203662744570963 -0.3325535282413227 -0.16137650081057675 0.9083174321133048 -0.3858977422909154 0.29195223251949515 0.4174599508669791 0.8605179157629561,-50.29237996260889 -99.41001525490596 906.3810241464213,0.69
50,1733,2,0.0,0.9408017436172982 0.02609435049567417 -0.3379514226613944 -0.16099857649660632 0.9117854904443032 -0.3777918445140231 0.2982809708525133 0.40983692401667554 0.862010532499361,-52.83259174094142 -84.54055871663665 896.8052966814303,0.69
50,1743,2,0.0,0.9404110772786797 0.023204657697708922 -0.33924703328501693 -0.15970590337053914 0.9109256716462573 -0.38040563240364234 0.3002016491629472 0.4119174244881457 0.8603505130136783,-43.12096819721594 -86.78898119320804 905.0448387262304,0.69
50,1745,2,0.0,0.9440402872278665 0.026941911677483957 -0.32872795665396326 -0.15577134813224608 0.9149231854017397 -0.372358499185122 0.29072877943504305 0.4027278214992063 0.8679211246413544,-39.26695650550443 -86.9571575353368 900.6558281972,0.69
50,1756,2,0.0,0.9406409482160074 0.01954608166349006 -0.3388400171628119 -0.15471366925654678 0.9132778002327773 -0.37681207537332867 0.3020898659082531 0.4068680502246194 0.8620905420093357,-41.629029962315634 -89.10284499653868 903.173903442696,0.69
50,1778,2,0.0,0.9386664463664944 0.0051030279108642135 -0.34478872019229106 -0.14098836170213225 0.9181734411528256 -0.3702429119188205 0.31468648577631325 0.3961457952165083 0.8625780686998914,-31.749789916905705 -91.87522819045671 905.2720339760592,0.69
50,1782,2,0.0,0.9363596629190007 0.003645473973748023 -0.35102320746315635 -0.1425945164049517 0.9176832577392214 -0.3708426113007616 0.3207762234790062 0.39729604702870697 0.8598014104814613,-35.42024826015663 -94.91576743351114 906.9324589273925,0.69
50,1874,2,0.0,0.9088639673299977 0.006024860042184749 -0.4170491457258351 -0.1570069946167792 0.9312895874756008 -0.3287073286389156 0.3864131112301748 0.3642298797751188 0.8473614943744017,-55.80115926151767 -71.21685421773749 881.3532493299856,0.69
54,1,2,0.0,-0.3072350598931861 0.9504061078271859 0.04832026673363948 0.4806563924355731 0.19880312279004242 -0.8540765485480492 -0.8213257882127232 -0.23917681445680994 -0.5178980604743002,-120.3098386781321 -87.9921839543245 1022.0055639022622,0.69
54,22,2,0.0,-0.34372588830743167 0.9378470051346857 0.04791146696948617 0.45874315045656 0.21221222498639492 -0.8628561255942465 -0.8193944322586388 -0.2746069309508138 -0.5031737253248802,-93.8401873222878 -91.81825426182199 1017.6521837718419,0.69
54,32,2,0.0,-0.33410574698208234 0.937643413955763 0.09590713268014295 0.4614687647013654 0.25145455312274023 -0.8507744630152219 -0.8218393571973422 -0.23999049143502527 -0.5167055592716556,-88.72571090807506 -81.11696030289379 1065.9652021696015,0.69
54,38,2,0.0,-0.3306989546552892 0.9387568369675944 0.096818399266341 0.43645681563612604 0.24309380203732045 -0.8662625765296645 -0.8367458691112086 -0.24421507827658334 -0.4901176859364397,-98.23679669405422 -93.6687931093221 1051.2596230332258,0.69
54,43,2,0.0,-0.31283693387097067 0.948785144334331 0.0440431912637233 0.47068328340224064 0.1951381577590342 -0.8604524078135273 -0.8249789691452116 -0.2484508991267559 -0.5076237299331174,-97.48826543832384 -111.99502578523673 1011.1333060807857,0.69
54,50,2,0.0,-0.30724524494580774 0.946931360234561 0.09445294311197744 0.5231883387570742 0.2509911062984451 -0.8144184592380598 -0.7949052280912507 -0.20080952059951296 -0.5725392692119818,-111.12523273682972 -134.65283411661477 1068.7247708694663,0.69
54,56,2,0.0,-0.3660017063762999 0.929017942081879 0.05448315537472764 0.45441913030077885 0.22950329999750774 -0.860715684362111 -0.8121243777564617 -0.29026522109995134 -0.5061621246927469,-115.69829917705951 -109.33174933915005 1026.8811999671548,0.69
54,63,2,0.0,-0.32212187952904503 0.9466457267161059 0.00996809002823662 0.4723932406415324 0.16985157904108739 -0.864867080708614 -0.8204158219615627 -0.2738837512292117 -0.5019019524645711,-94.73155773754719 -120.69423166707111 1037.9378317006078,0.69
54,69,2,0.0,-0.3015675068316041 0.9520163148796734 0.05217255050595848 0.4419204482063576 0.18805403533729892 -0.8771214267423009 -0.8448451670456915 -0.24145520494759304 -0.477426463157682,-89.60561419188765 -115.06256252659308 1005.1444667062337,0.69
54,81,2,0.0,-0.475325645868428 0.8757495496537216 0.0844290036721112 0.40561177845502605 0.30328055492578265 -0.8622644548991105 -0.7807333831458168 -0.3756110106016768 -0.4993713579656672,-40.65361405003293 -98.06343852285305 1026.9693513615825,0.69
54,86,2,0.0,-0.4859319210798906 0.8699444679516766 0.08406420615149596 0.4027376778769838 0.30824265852968147 -0.8618519746921792 -0.7756755319680142 -0.3849455625706423 -0.5001443621228874,-45.04627716763035 -92.30934223936754 1032.5399396351215,0.69
54,90,2,0.0,-0.47901204192992325 0.8740041329499905 0.08163479204641255 0.40343301305572854 0.3017904061384731 -0.8638080543382033 -0.779608406613796 -0.38084028981859486 -0.4971633594584247,-47.772124966499206 -101.21060281202493 1035.3408945493577,0.69
54,135,2,0.0,-0.5219260863275794 0.8497349479861992 0.07445588345904908 0.36814783760751857 0.3031413280491614 -0.8789610371873712 -0.7694545666091561 -0.4313419216810285 -0.47104545059349995,-45.06800067270237 -100.2230153863991 1114.8587405146852,0.69
54,202,2,0.0,-0.6574518261040316 0.7518887481358448 0.04919762981268949 0.26788128470388484 0.2942637916414339 -0.9174139950067273 -0.7042703413163658 -0.5899763820319586 -0.3948811909759825,-32.68773905343109 -79.34992328562348 1220.4465334125077,0.69
54,390,2,0.0,-0.5269422934125914 0.848286500874855 0.0523625042045619 0.31817287011767004 0.25402371461282736 -0.9133662885914853 -0.788097610790797 -0.46463099858682994 -0.40375758942469736,-42.12177273209839 -76.04181936233866 1154.4349966500088,0.69
54,479,2,0.0,-0.7448404223825863 0.6642621419098269 0.06299644442585212 0.20102544363176428 0.3134278725062154 -0.9280903726194343 -0.6362401403539255 -0.6786153369631407 -0.36698734070921357,9.515712748448772 -107.50413554194728 1080.0591857494846,0.69
54,514,2,0.0,-0.835130083658103 0.5405484739925381 0.10180908914997819 0.10138717294341432 0.33319213034969253 -0.937391938004363 -0.5406277689240094 -0.7725220718771547 -0.3330634533101404,37.85334966629023 -112.99187065138473 1043.8447257977482,0.69
54,520,2,0.0,-0.8034634813241194 0.589931376795819 0.08017109735007952 0.14834839650457265 0.3287946439147006 -0.9326772407363264 -0.5765753961391767 -0.7374788490558863 -0.35168986303582406,39.94327935425247 -112.99031681258607 1050.4434846791623,0.69
54,524,2,0.0,-0.8368543986157891 0.536693869557511 0.10786290324662712 0.0897512698793293 0.3288843056811017 -0.9400956456827718 -0.5400179858786684 -0.7770423436699221 -0.3233972341741673,37.1078252994311 -107.74439287509104 1025.965681476395,0.69
54,530,2,0.0,-0.8013467794361784 0.593138980134869 0.07764978642489806 0.15314116951625917 0.3288917793755264 -0.931868005491332 -0.5782656148228573 -0.7348580459542973 -0.3543903652891467,28.938689755572852 -106.21273206540916 1024.0256141033042,0.69
54,537,2,0.0,-0.6816802256745966 0.7277241309524884 0.07569451204464162 0.2272721996663799 0.3089530807427312 -0.9235233300563556 -0.6954562654711194 -0.6123443337935125 -0.37599866979544383,17.346102945909394 -93.8325146680078 1022.0730000375679,0.69
54,543,2,0.0,-0.732053951864804 0.6773568331130106 0.07269616354551478 0.19571004629295585 0.31131747060670134 -0.929934949485745 -0.6525293781425724 -0.6665351852154235 -0.36046672180758776,25.01780327701166 -85.53207340988915 1020.7769319218436,0.69
54,560,2,0.0,-0.7450864639697067 0.661274571996926 0.0869603452120642 0.16714642637472085 0.3113505578343342 -0.9354800384222042 -0.6456843140105535 -0.6824784030037367 -0.3425127677535392,32.330582037586 -78.89760855723853 1007.0943625387945,0.69
54,561,2,0.0,-0.7415336037629192 0.6647590967622614 0.09068217995946248 0.16306941981056405 0.30968818258703945 -0.9367505505141603 -0.6507966493560211 -0.679844521076517 -0.33804607429937295,31.462771546276073 -78.267074150023 1013.071929799974,0.69
54,568,2,0.0,-0.72302898003143 0.6838140444002656 0.0981195531770378 0.17404784015538527 0.31776863971196334 -0.9320571017662246 -0.6685330533129649 -0.6568267993136093 -0.3487722929527004,19.22469472370299 -80.9754057887308 1012.1350323722895,0.69
54,577,2,0.0,-0.7245219222244015 0.6841350538554782 0.08382846952211531 0.17607137469942374 0.3012944535637596 -0.937134207711559 -0.6663834145803101 -0.6642144836857127 -0.33875103606396384,12.54049899982459 -78.5850314029406 1009.3711240312357,0.69
54,583,2,0.0,-0.7192692242666059 0.6901054685296614 0.08003889884532067 0.18513587035094248 0.30144087655320884 -0.935338498861365 -0.6696092088168396 -0.6579421253030461 -0.34458042199085637,7.224726181748267 -78.04506976143205 997.0081763713858,0.69
54,588,2,0.0,-0.6709522390980044 0.7384539637137423 0.06714786910123988 0.23700045895577482 0.2993770579210263 -0.9242316590797475 -0.702605063534363 -0.6042012253099238 -0.37588163566455357,3.692510328380886 -79.68696186986901 1013.9093826696948,0.69
54,589,2,0.0,-0.6376336063281354 0.7666513846536798 0.07529301753530676 0.24078273840455838 0.291191727325407 -0.92586772857879 -0.7317424799527348 -0.5722351198116393 -0.37027005102597776,1.6957585356852063 -79.49135669683488 1019.411050336533,0.69
54,595,2,0.0,-0.6643904414440642 0.7428922064382416 0.08183221206274682 0.21227382829723718 0.2925490429520933 -0.9323920201759819 -0.7166067004555542 -0.6021015089510529 -0.35206336046380715,3.0990896275265407 -75.28974746336624 1020.8463638987522,0.69
54,598,2,0.0,-0.696538793883339 0.7127434783433377 0.08264649233079219 0.18218903533041392 0.28709335448298134 -0.9404172272013537 -0.6940035043289887 -0.6399797964707553 -0.32982570562091407,3.2415437385036063 -68.75356754048263 999.7783391635407,0.69
54,604,2,0.0,-0.6371798984562509 0.7659852172139843 0.08525505271200895 0.2188813631712646 0.2859105314439778 -0.9329234249742642 -0.7389808697521005 -0.575779311037717 -0.34983633190588026,-5.071697699035305 -67.73351919633505 1009.1667875184995,0.69
54,681,2,0.0,-0.4955579936911781 0.8659151148089261 0.06792119576552363 0.29956040648526083 0.2437887809169098 -0.922404788130153 -0.8152826735281204 -0.43675856516442957 -0.38020536292949514,-74.49445744023673 -72.67295015740959 1046.7360022150897,0.69
54,741,2,0.0,-0.3076233623365281 0.9459141580255903 0.10302559192505506 0.3914840321736937 0.22451004750707648 -0.8923763169881845 -0.8672416730633945 -0.2341829289574907 -0.43937482436650294,-84.82124010081642 -60.4604949225326 1009.720822625221,0.69
54,866,2,0.0,-0.2104061745750052 0.9759362436688326 0.05725111347635059 0.4064388296298307 0.14058642655621945 -0.9027972831357473 -0.8891213187579332 -0.16668504720496802 -0.42623863687895713,-72.57434720494184 -50.573150158013384 1010.1440873431817,0.69
54,1012,2,0.0,-0.1389817940735244 0.9865368244962895 0.08619254508878177 0.38398930441132384 0.13391378309334412 -0.9135750176068391 -0.9128177665962753 -0.09387327953366714 -0.3974311668399722,-55.32506731725832 -46.58563527921018 983.4343222176701,0.69
54,1024,2,0.0,-0.16205569276309417 0.9821369564030776 0.09562923878381929 0.3799309673738255 0.15154029101817246 -0.9125173972196456 -0.9107087418453073 -0.11154612976444617 -0.39770221078227697,-22.92040012338525 -49.20006986307392 977.9315315921572,0.69
54,1025,2,0.0,-0.14311158050128525 0.9855813445452967 0.0902689803349368 0.36376148663465 0.1372044785989721 -0.9213319227584232 -0.9204328635852663 -0.09901688914861528 -0.3781520848753282,-20.8631389622634 -49.20500087581995 982.9741691614495,0.69
54,1028,2,0.0,-0.11360484666458026 0.9888086310728432 0.09670279173926138 0.36586601944477115 0.13212938064626678 -0.9212404043384508 -0.9237077430821696 -0.06927710939324533 -0.37678201587145954,-19.15492086104306 -43.53437903547459 984.1203977287325,0.69
54,1029,2,0.0,-0.10658804690299473 0.9896476088561295 0.09610722419647 0.3852649434882151 0.13021361011136534 -0.9135728427776233 -0.9166296479911762 -0.06034920071642136 -0.3951557444811623,-19.676208874612236 -42.6548405170223 982.8498462377975,0.69
54,1032,2,0.0,-0.0627406958946789 0.9934285672197972 0.09572505894629785 0.35096546480595203 0.11174940958750945 -0.9296963547150139 -0.9342841364339829 -0.024733606458901547 -0.35567035456914703,-20.164848126684966 -42.30617517314527 993.0054872859426,0.69
54,1033,2,0.0,-0.06804859590921097 0.9926388340376937 0.10018749300722585 0.3622291327476115 0.11814931116004035 -0.9245706006905698 -0.9296017663406725 -0.026624902491764246 -0.3676025987171553,-20.72936549608446 -43.17221858497056 992.6080384375433,0.69
54,1039,2,0.0,-0.08321153330586684 0.9906469081624754 0.1081413152916797 0.3833921405180758 0.13198974939285957 -0.9141056682048185 -0.9198294990452602 -0.03460360390678968 -0.3907893080456622,-29.84385597712574 -50.81367993594897 978.9557975940418,0.69
54,1042,2,0.0,-0.062822178537006 0.9922171612973101 0.10751036559779797 0.38411448137289367 0.12346307738417517 -0.9149934063819596 -0.9211457208734659 -0.016185590812102357 -0.388881199811158,-37.61318979349616 -54.72385249255916 980.7659043596647,0.69
54,1063,2,0.0,-0.027856868179762073 0.9949272106488933 0.09666354227746643 0.42080061676718755 0.09938713094259677 -0.9016923195477233 -0.9067253364848529 0.01555775412491428 -0.4214345980849447,-71.71541022555658 -66.15617515446505 970.2022798975772,0.69
54,1068,2,0.0,-0.018454896201639315 0.9956278865703034 0.09156706989817898 0.41734896747638633 0.09089348944015718 -0.9041892572486065 -0.9085588897548587 0.021528703187682574 -0.4172017003638356,-75.15070178648531 -70.54579641049592 964.6955032039017,0.69
54,1080,2,0.0,-0.012472922096028682 0.9963323530691774 0.08465381528332017 0.4143073472752105 0.082200795491565 -0.9064173714213184 -0.9100515634886656 0.02376702438653261 -0.41381309832295704,-82.21063975409928 -75.56357721154845 962.1207437481486,0.69
54,1083,2,0.0,-0.033081497816917826 0.9958468679129406 0.08482116581476484 0.4173701004252764 0.09087834646483328 -0.9041810246929609 -0.9081342487612634 0.005490155899818661 -0.41864309908920233,-83.30031650457465 -75.4184923093081 962.1451132634708,0.69
54,1089,2,0.0,-0.03366418282342398 0.9956079544052225 0.08735859385245981 0.4196791826439737 0.09341040449000626 -0.9028531885020393 -0.9070480177201848 0.006268768464483543 -0.4209805174729844,-75.41495853867183 -76.23552061435876 959.3109576673756,0.69
54,1096,2,0.0,0.00954308133490045 0.995275215261159 0.09662388672315309 0.4222475576657097 0.08357992840243522 -0.9026191863757309 -0.9064303225532442 0.04941296849104504 -0.41945491879452856,-71.26604061933044 -73.57515945919677 964.4630645305613,0.69
54,1106,2,0.0,-0.017786437982704295 0.9961297406960052 0.08607660730300842 0.404706207078041 0.08589518057504353 -0.9104037038075394 -0.9142737711300664 0.018642898242749728 -0.40466765841702435,-64.01142159874274 -55.60718466194161 963.4246123712961,0.69
54,1110,2,0.0,0.019550553340829224 0.996298009899002 0.0837141047575331 0.40852672898168735 0.06846102530234444 -0.910175257696052 -0.9125369513458566 0.05199387931131505 -0.4056759161480628,-54.41305600089021 -42.01104370697249 966.8462106850742,0.69
54,1111,2,0.0,-0.0409130173698079 0.9960812749106349 0.07841057825384068 0.38287916123133936 0.08811534666042953 -0.9195864470389383 -0.9228920158417688 -0.0076012798472491205 -0.38498382776449197,-52.611828126423575 -39.00847947193601 970.0464156778007,0.69
54,1134,2,0.0,0.07877641116968359 0.9924564781689191 0.0939383626841051 0.4220374943278758 0.05216830437110298 -0.905076141217131 -0.9031492846836966 0.11094416144885455 -0.4147442134807158,-139.2005104914337 -63.81349690059207 990.5821381492781,0.69
54,1178,2,0.0,0.130632058004317 0.9878595236535218 0.08407631621683442 0.38859530826974564 0.027000157909800926 -0.9210128543422109 -0.9121013933835961 0.15298546662961882 -0.38035048992714593,-153.73143396219027 -45.27324065695575 1038.8765081666422,0.69
54,1355,2,0.0,0.2392236285084195 0.9683452474159207 0.07127087322508363 0.3686720465335824 -0.0226822731051165 -0.9292827538438049 -0.8982499527792955 0.24858197097493817 -0.3624279597909201,-128.55638032342497 -29.48375767423345 1013.3047481275838,0.69
54,1531,2,0.0,0.3638720618661312 0.9302612420313014 0.04702280476184534 0.30991404314512483 -0.07330686312607859 -0.9479342749790494 -0.8783794216935707 0.3594998266939704 -0.31497534213375067,-127.95994307316602 -17.598470231595034 978.2522581568217,0.69
54,1539,2,0.0,0.37212057254071707 0.9271625440436962 0.043541892636748125 0.30215053999690167 -0.07664682456447369 -0.9501738343396768 -0.8776282417239943 0.36673543762036936 -0.30866452358806373,-126.81161331723051 -14.89478410750558 978.2128443838169,0.69
54,1543,2,0.0,0.37696079620444145 0.9249697300938811 0.04828619404101392 0.3088718555242394 -0.07638710654436454 -0.9480312161626289 -0.8732117354856879 0.372284848420981 -0.3144920613405692,-120.29631895533146 -11.844068879764167 975.7334824789858,0.69
54,1547,2,0.0,0.39351083113120205 0.918535565242136 0.037968950047904015 0.2708197963642899 -0.0763559246757855 -0.9595970043013422 -0.8785248224607174 0.3878945580337722 -0.278804498113193,-116.92764888995916 -5.707706643235999 988.906411972083,0.69
54,1550,2,0.0,0.3922321527925719 0.9188247554151862 0.04376079469030503 0.28382371471254053 -0.07563393117968281 -0.9558889095606669 -0.8749845925971943 0.38735071613530003 -0.2904503149025522,-115.1178955555166 -3.7026436828240223 985.9793132324368,0.69
54,1557,2,0.0,0.37990184669298643 0.9237168343868216 0.04921175418177848 0.2953174922417689 -0.07069665441263734 -0.9527799125878404 -0.8766197383445637 0.376495940117884 -0.2996475286389983,-114.10027006935458 -8.695029159115116 980.5288470489312,0.69
54,1559,2,0.0,0.39445449396787535 0.9177614600464787 0.04603862119897789 0.29426048485287654 -0.0786931110180965 -0.952480005738936 -0.8705265184029132 0.3892573656742402 -0.30110178349796185,-112.86075536446609 -11.547121867176894 982.6366554990157,0.69
54,1568,2,0.0,0.41822001861939573 0.9054414828063424 0.07257917910422773 0.29431179394647766 -0.059481426020462747 -0.9538566600399547 -0.8593442755787681 0.4202828585274727 -0.2913584302160798,-124.44399036020653 -11.329642343567086 971.8826436926049,0.69
54,1573,2,0.0,0.3970058475692315 0.9151430653915554 0.06999662035829479 0.29171539209799524 -0.05350575571951077 -0.9550074680954053 -0.8702232397545752 0.3995626408595167 -0.28820341604571553,-132.67531163501167 -12.962595805150286 965.8050158209383,0.69
54,1580,2,0.0,0.40248911410317234 0.911920554738809 0.08002134011191236 0.30547206977497116 -0.051390256763491515 -0.9508132603709192 -0.8629538386355544 0.40713627123439305 -0.2992502782446762,-139.5931141736178 -15.18915542711997 957.6330163633122,0.69
54,1585,2,0.0,0.39653733327298557 0.9144921709374125 0.08038788848406703 0.29411883370708236 -0.04360547151430427 -0.9547736247471441 -0.8696276530674114 0.4022469790417238 -0.28626056814076317,-140.37011598362028 -13.9443747847235 952.7864665129637,0.69
54,1595,2,0.0,0.3911558142120117 0.9155104901454306 0.0940088902275314 0.32059596808198354 -0.03979733591987433 -0.9463796264202102 -0.8626791722637763 0.4003207644968649 -0.3090759312125928,-128.1353842677833 -26.277662896401605 955.1613811648214,0.69
54,1597,2,0.0,0.38596246832787195 0.917915234165694 0.09200323868644988 0.3215812726283182 -0.04039742609574937 -0.9460198375613431 -0.8646493266851065 0.3947146701750237 -0.31077623945793265,-125.81195961765191 -27.110385944969412 954.3217443031588,0.69
54,1605,2,0.0,0.3686161645463403 0.9250460505672816 0.09171656101828013 0.3212832121006729 -0.03419591107590386 -0.9463655410505831 -0.8722953747770417 0.3783126273276684 -0.30980693205126497,-113.23323779998452 -29.55073340370206 954.7621338982761,0.69
54,1613,2,0.0,0.3967826706123566 0.9138254427172118 0.08652498219830812 0.311202188071359 -0.04524321102762219 -0.9492661639369162 -0.8635489044873625 0.4035791274317859 -0.3023361993874932,-110.0996639546212 -23.388488999901952 955.5105972095178,0.69
54,1619,2,0.0,0.40691780567387337 0.910299906383615 0.07597354713017762 0.2940422450726723 -0.0517881586498371 -0.9543883615888669 -0.8648451060959887 0.41069705022271696 -0.2887401520401639,-108.31839344377245 -17.460464840933597 957.3846759536802,0.69
54,1625,2,0.0,0.41821239081217004 0.9051242483926293 0.07647542836000465 0.2962950676845416 -0.05634593964207735 -0.9534329383609861 -0.8586661918562889 0.42139676085315253 -0.2917484205706855,-102.77632095422574 -17.737689554351057 961.0701633851152,0.69
54,1663,2,0.0,0.4119688612973734 0.9065613026175008 0.09180556583239413 0.31138993622516714 -0.04538170727133345 -0.9491979815943697 -0.8563398653216094 0.419627340912862 -0.30098991647456996,-102.48981173586702 -33.92684902735902 948.6715364344598,0.69
54,1844,2,0.0,0.5392024794384209 0.8375914955361824 0.08775632611339618 0.290690881045789 -0.08730360535936493 -0.9528257407144705 -0.7904172934876124 0.5392759656212371 -0.29055453026755584,-110.11971812646121 -37.48754648672156 907.1872815040542,0.69
59,1,2,0.0,0.6394753335833963 0.7683514243150078 -0.026596738362111738 0.3216290432406051 -0.29878349881435873 -0.8984893874611892 -0.6983022671326055 0.5660075172551589 -0.4381888110485186,-82.79662891117384 -61.498522159652765 998.9076227350462,0.69
59,29,2,0.0,0.6320854046790633 0.7745424109765466 -0.023496697434823466 0.32829117722508644 -0.29513080646029455 -0.8972863032690643 -0.7019208959333467 0.5594478176530271 -0.44082331514496065,-83.98234864724562 -67.59024251410462 1005.9805831571664,0.69
59,37,2,0.0,0.6275073478671586 0.7783312337665494 -0.020857107090060056 0.32472226435366613 -0.28595696242868635 -0.9015453769342876 -0.7076651605143164 0.5589535814197812 -0.43218157574363014,-98.65387062650825 -63.311584453164926 995.1331679679738,0.69
59,55,2,0.0,0.601313478537215 0.7988627112317606 -0.01550706719254602 0.3410404484436947 -0.27415961212700607 -0.8991818056453837 -0.7225742266748774 0.5354016022406076 -0.43730036732592936,-72.21481039718967 -55.20873740444404 990.3416909800791,0.69
59,61,2,0.0,0.6080330249886751 0.793807017252572 -0.012894180225830942 0.34766187681021843 -0.28082987293272954 -0.8945757664286371 -0.7137415918495418 0.5394487944459252 -0.44673027458962333,-84.92847442610037 -65.9892606475763 981.842894225931,0.69
59,68,2,0.0,0.6013577523053936 0.7988824067964841 -0.012480138351070869 0.3509475619389597 -0.2781434740346342 -0.8941319906037614 -0.717777585684664 0.5333133300068559 -0.44762956730503545,-93.17262333262602 -74.6320655030264 975.3305483468099,0.69
59,80,2,0.0,0.5722388605858839 0.8199293247378869 -0.01608069868637163 0.3605653198336729 -0.2691578708222482 -0.8930546963695309 -0.7365699807680262 0.5052424596263725 -0.4496606725321695,-81.96230709175434 -76.21433436925135 979.1615852827241,0.69
59,88,2,0.0,0.5472837310390102 0.8369014983033246 -0.00874070235568225 0.38347021782555946 -0.2600221964579797 -0.8861935733179213 -0.7439295059216554 0.48164752619194273 -0.4632327176833946,-76.25011824187293 -87.7899665107396 992.4548687251138,0.69
