scene_id,im_id,obj_id,score,R,t,time
2,3,9,0.9393317699432373,-0.9907911424899674 -0.12262652482804301 -0.05740772920106955 -0.07847547787585793 0.8655919143089094 -0.49456267272732324 0.11033816808150168 -0.48550321656157447 -0.8672439768443387,70.26815517944229 135.0333631077308 1002.0175106510166,0.69
2,8,9,0.9186946153640747,-0.992177154316942 -0.07893190074736592 0.09671736915333942 -0.10626128617195549 0.9406037761995486 -0.3224485621928421 -0.06552124474258053 -0.33020340889148525 -0.9416329833028501,-106.92808031178718 251.08209593003932 1007.8359993690304,0.69
2,17,9,0.9110402464866638,-0.9724090463749877 -0.2250377469150038 -0.06147079787594871 -0.06145655153836063 0.5013161469214538 -0.8630789147632099 0.22504163792751747 -0.8354879611934849 -0.5013144002516325,-9.673153271905738 129.98888979438826 944.4777989446653,0.69
2,27,9,0.91197669506073,-0.684218037114452 -0.728394874814854 0.03586898424405649 -0.36693077265797636 0.30133756452424865 -0.8800894728851238 0.6302439890739678 -0.6153345257256801 -0.47345109112355543,187.99804411777697 204.26979922840496 944.3903514364181,0.69
2,36,9,0.9281080365180969,-0.7103008087158058 -0.7022731690558539 0.04780331747819472 -0.6177363683421278 0.589358520820947 -0.5206326086245701 0.33745301949330986 -0.39933561068353723 -0.8524415109993502,92.05553690055973 230.12604858877418 963.2326242796094,0.69
2,38,9,0.9490886330604553,-0.8870598436141044 -0.4573130132219442 0.06316361124244961 -0.4439021472983605 0.8073512805178549 -0.38876058631255905 0.12679005272980243 -0.37289236755938826 -0.9191711291945197,176.31584858991857 236.43312381926737 989.0497196298516,0.69
2,39,9,0.9303046464920044,-0.9107577054531344 -0.4096501995219683 0.05202995280944581 -0.3786459670705136 0.7781888434844677 -0.5010482566555263 0.16476538950573666 -0.4760344923510461 -0.8638538814597667,222.33634950480928 266.05247338465546 956.0396674581649,0.69
2,41,9,0.9180495738983154,-0.9327292629945436 -0.3588967210189465 0.03477449633716939 -0.30025688341754003 0.7196734388611562 -0.6260319044251207 0.19965451638778692 -0.5943595587181266 -0.7790216871476383,279.1605730255934 185.8503228161097 962.8019612585418,0.69
2,47,9,0.8962852954864502,-0.9589898410684865 -0.2797420600999574 0.045638410779423835 -0.22035935042306612 0.6345625258444388 -0.7407915749217525 0.17827013605358566 -0.72046844525278 -0.6701827944572127,264.1598884285084 85.42702327036527 923.8343864620372,0.69
2,58,9,0.8968725204467773,-0.9299464793049985 -0.21823022763024097 -0.2959309266985995 0.14163868698971627 0.5301110082858799 -0.8360148331470901 0.33931994927511683 -0.8193643186291316 -0.4620650228932628,210.51438698097095 78.27364102681524 928.2058901990665,0.69
2,61,9,0.8574915528297424,-0.9539569836881641 -0.17602317453351904 -0.2428619264103003 0.1291952758617896 0.48959256994195377 -0.8623269079372562 0.27069291451306204 -0.8539993896278706 -0.4443088886660367,333.0834089737114 -13.670797695890458 904.4739719643368,0.69
2,62,9,0.8721449375152588,-0.987786997824877 0.08148865114580145 -0.132802284101421 0.15526737594279036 0.5859025191796025 -0.7953680154411766 0.012995726065013376 -0.8062740463102067 -0.591399419470978,134.87258181490503 -36.60643840521598 1015.0661311406473,0.69
2,64,9,0.9149386882781982,-0.9916091859974681 0.07038875087605591 -0.1084280683012855 0.12774183779719445 0.4048757540902018 -0.9054046866601067 -0.01983040901330481 -0.9116584050509264 -0.41047010534065254,147.54872978908313 1.4467222711706658 1025.3071264811397,0.69
2,65,9,0.8563066124916077,-0.8450062074177649 -0.05693135748390932 -0.5317173402856867 0.5005700420590586 0.26560164769849026 -0.8239450210619876 0.1881333102309045 -0.9624004287586776 -0.19593690899541083,353.3610719616079 7.06112517160383 954.5589802214637,0.69
2,69,9,0.8860557079315186,-0.9449021198963095 -0.2865153384869239 -0.15833175495517002 0.10962130222441654 0.17880013151179952 -0.9777595221065283 0.3084528390436433 -0.9412435783489239 -0.13754043879103217,208.48462648678898 166.4410909059404 972.887782475237,0.69
2,72,9,0.9002338647842407,-0.7946155544534106 -0.3824467870371626 -0.47150882887348966 0.28361607856952 0.4528461633637607 -0.8452764472665555 0.5367942255627816 -0.8053972978671291 -0.25137054718240215,118.73217773784694 74.01913680998935 939.7733336161019,0.69
2,79,9,0.8320509791374207,-0.9035270448281789 0.3504203077941454 -0.24666675323098275 0.4059207723259604 0.5153519349271176 -0.7547454602454868 -0.13735794792568062 -0.7820600942717459 -0.6078772927896827,134.28659475743308 -85.16009462815954 1184.3638018340155,0.69
2,89,9,0.8563171625137329,-0.4674644296925923 0.6166752578962884 -0.6333945320814872 0.7102203524833017 -0.1646385016754559 -0.6844568756938277 -0.5263687470687014 -0.7698089308812984 -0.3610126757396732,-104.71467690618906 -20.945319876534327 1208.6162242138475,0.69
2,96,9,0.9020913243293762,-0.8909934429636124 0.4379124406529562 -0.11984731501881801 0.17256663136954142 0.08248459587835988 -0.9815381037843374 -0.41994218927564003 -0.8952256619222636 -0.14906230879141713,31.411871608232097 72.09914231507865 1256.4570820080346,0.69
2,97,9,0.8892698287963867,-0.9004658244855297 0.3867320703634786 -0.19899649415498122 0.43007366184173207 0.7235895385452562 -0.5398655620595805 -0.06479154515551795 -0.5717136393862234 -0.8178909280681139,182.25428198298505 -239.836790088775 1034.3646548818137,0.69
2,102,9,0.933646023273468,-0.9590043192067874 0.22713709084127554 -0.16946816133683762 0.28131125730475903 0.8353189987716517 -0.472341133932607 0.034273783805438274 -0.5006504891191933 -0.8649707483426075,123.95294132626105 -246.79261951492438 1047.477575273352,0.69
2,107,9,0.9284319281578064,-0.9862999502591618 0.13808883800682387 -0.09024345370551962 0.16052830085034336 0.9294151831603253 -0.3322921635205389 0.03798779731541113 -0.34222637263803046 -0.9388493154527724,0.6803681659953271 -183.00321150208123 1046.5142350301708,0.69
2,110,9,0.8829011917114258,-0.9562420968263567 0.20421062065827789 -0.20952106020038624 0.2925028512194661 0.6511878868858241 -0.700283098469225 -0.0065676697249352906 -0.7309256859514079 -0.6824254591754679,94.75033627971729 -127.98245234488698 1152.2009685902262,0.69
2,119,9,0.8934317827224731,-0.9264617592547788 0.30002531830530604 -0.22727388106498347 0.3761741981470665 0.7176829363769559 -0.5860240400203408 -0.012711462817159777 -0.6284234330522297 -0.7777675793602468,110.15121099632255 103.05291966919974 844.9299813212318,0.69
2,124,9,0.8959596157073975,-0.9547314996268403 0.2828826055955637 -0.09200649472591355 0.293274833386826 0.9468706902690859 -0.13200669684252503 0.04977585481148761 -0.15301414104849775 -0.9869696230973759,-41.739127774422755 182.6719583122031 968.0597813161892,0.69
2,126,9,0.9298545122146606,-0.8789862760015374 0.47516754483951923 -0.03998663441866834 0.4626629412595961 0.829535841958601 -0.31275116257346575 -0.11543885561615824 -0.29340431359681546 -0.9489930344195436,65.12104248186165 144.87265028748465 928.1501621886887,0.69
2,136,9,0.8504381775856018,-0.89534500062291 0.03781115339683978 0.4437653056947589 -0.2677231167622718 0.7505801423851574 -0.6041140476831937 -0.35592367526010005 -0.6596967231507807 -0.6619052582156044,-209.46002717486408 105.31609431854791 887.6451507669326,0.69
2,162,9,0.8821388483047485,-0.9757410420007093 -0.20918972262171853 0.06456840484957337 -0.2120889950137077 0.8300739833064157 -0.5157474579984818 0.05429251467233219 -0.51693021017084 -0.854304091447118,102.26741431546725 -45.63313983286458 1064.987286341568,0.69
2,166,9,0.8160369396209717,-0.9704833285719663 0.23249507255590218 0.06409485315610342 0.13773226606884187 0.752478141442034 -0.6440547100483655 -0.19796952252157007 -0.6162164294216507 -0.762289564577276,6.846500022615718 -60.3802698886836 1022.7367935875749,0.69
2,175,9,0.8989337086677551,-0.997607421845268 -0.02713287629438039 0.06358646792543203 -0.04263879957426304 0.9654746900335153 -0.25698357082808515 -0.054418421973665976 -0.25907996821190454 -0.9643216296553838,58.467385970723434 -17.776879058511938 967.6904837610327,0.69
2,176,9,0.8627827763557434,-0.9966312715339578 -0.057050337077794694 0.05891831328133222 -0.07318242580158307 0.9429140155484105 -0.3248961246862876 -0.0370194699368183 -0.3281134229526155 -0.9439126763233534,25.91529174033842 -103.53008814872308 1003.4403849367324,0.69
2,178,9,0.8752053380012512,0.4339430133682216 -0.835569099049005 -0.3369239407690424 -0.8634194289530499 -0.27889605421216634 -0.4203853953829431 0.257294288423386 0.4733299817878835 -0.8424715885330407,338.19271218974416 134.6208129685252 969.222163420838,0.69
2,203,9,0.9252851605415344,-0.5497716728610267 -0.8184119670715605 -0.16719138696011718 -0.783284862512018 0.5746316611717912 -0.23719881563464196 0.29019981371309966 0.0005532928761376593 -0.9569659147471636,242.12145218468345 -56.63113297695399 895.1724757086134,0.69
2,207,9,0.4990953207015991,-0.15211797642953173 -0.8713081363115185 -0.4665643072978607 -0.6518971230372166 0.4432681153955831 -0.6152589039172437 0.7428931701279697 0.21055999019518448 -0.6354323160701063,257.05585309143214 -103.32143564809599 944.8739059050467,0.69
2,217,9,0.8553763031959534,-0.3905369465237436 -0.8897895808797676 -0.23612580366770247 -0.16733731120085266 0.3208356504608456 -0.9322353295565637 0.9052508589777641 -0.32455968195568236 -0.2741931712658918,95.21497533777398 73.89586986703569 958.6948320701629,0.69
2,219,9,0.7882073521614075,-0.22982650732951804 -0.9582064652109981 -0.17035300571624667 -0.07513882013252138 0.1919859793254739 -0.978517011324551 0.9703267152035998 -0.21208902321969247 -0.11612197032391913,117.48868922777875 42.27116129147509 869.8999997006401,0.69
2,221,9,0.5749402046203613,-0.6529594276798012 -0.5272309012091312 0.543756896613067 -0.6943349484687515 0.7034876767688041 -0.15167091998576004 -0.30256068009403103 -0.476584373898933 -0.8254237514249267,78.5870261255721 114.53187187088216 1335.6276405659949,0.69
2,224,9,0.8877687454223633,-0.23145392408437315 -0.8096662592571338 0.5393233071604684 -0.5614286793091836 -0.3415779015253695 -0.753738930425297 0.7944979037575184 -0.4772474052418563 -0.37551031292738735,123.32997432511814 -7.140762153189514 862.6846055371501,0.69
2,254,9,0.8012353181838989,-0.9733885436754803 0.19919783219312137 0.11329151199842454 0.09552058550375081 0.8020646796063675 -0.5895490373776857 -0.20830401049031377 -0.5630386073596518 -0.7997480639777477,8.290008587345852 -157.03622799652584 942.354561471471,0.69
2,263,9,0.8281161189079285,0.19191904977982788 -0.9773725356872502 -0.08893820785175965 -0.40230970024304497 0.0043089560384158565 -0.915493494235874 0.8951614286942658 0.21148134523435835 -0.39237948110968657,125.80179238561972 23.093148132896854 925.1754363821442,0.69
2,266,9,0.8589845299720764,-0.9123036301157339 -0.4094646026677468 0.006389494486925065 -0.36754755930784694 0.8118310818577303 -0.45369492632886244 0.18058482251977592 -0.4162559713587919 -0.8911341583530785,136.5326531673567 -114.49622198199926 844.6558188299481,0.69
2,268,9,0.857356607913971,-0.8019635614386427 -0.5916004740962212 -0.08284518799407933 -0.5478269661898784 0.7836416326231236 -0.29290170148867223 0.23820172383893826 -0.18951166367506722 -0.9525467275106592,126.72580372534534 -121.22972589442051 816.7812187215067,0.69
2,277,9,0.7079485654830933,-0.44883583908511726 -0.891975523961164 -0.054093014400805606 -0.5409315237420449 0.3193781888047784 -0.7780685439843258 0.711294226164439 -0.3199644311013121 -0.6258460566745989,146.82530909031186 -2.502485765432687 801.9440227873164,0.69
2,283,9,0.8070512413978577,-0.577612160258727 -0.5699055689769267 -0.5844414724934675 0.04814397115181146 0.6909247256739699 -0.7213218293480954 0.814890391625144 -0.4447815934831778 -0.37164900610062834,104.20831017878146 -68.41432227941883 879.4764652256447,0.69
2,307,9,0.8138399720191956,-0.9698623016706889 0.24066713856850142 0.0380321470769593 0.21417280140547518 0.9164904212834519 -0.33789838536727523 -0.11617713603013556 -0.3195694542801776 -0.9404138647185636,-94.25228013053156 -100.60927403302166 806.0101090293027,0.69
2,310,9,0.7739126682281494,-0.9616948277656343 0.27341558948579553 0.01967164647308295 0.22986831946749925 0.8434572770154791 -0.4855310263565254 -0.1493439451535104 -0.46241078845088396 -0.8739980828183878,-33.766217772774844 -150.27332966499168 851.5765885234347,0.69
2,338,9,0.8961139917373657,-0.9951508286087241 0.09609352942620299 -0.02099671216608553 0.08299177102336609 0.7057285108734108 -0.703604743362922 -0.05279388470055177 -0.7019353976989717 -0.7102812845594424,-71.97819569462428 59.08003993189423 588.3165901868311,0.69
2,342,9,0.9317500591278076,-0.952334156765154 -0.3049241906362041 0.008993988173167614 -0.26920142569557476 0.8261663294975581 -0.4949543296184026 0.143493018164206 -0.4737831085733093 -0.8688724415981546,-152.18798673976747 50.21607216294416 612.5740396725805,0.69
2,356,9,0.8082721829414368,-0.9020417807064538 0.43137606624959224 0.015339991100323302 0.0755374076683756 0.19274500026201224 -0.9783370916594847 -0.4249879126547862 -0.8813421891303199 -0.2064490730332873,-140.23505869518578 -70.67562861786467 758.4521881485437,0.69
2,362,9,0.6104806065559387,-0.6790924231762712 0.7325536899597511 0.04688893377902503 0.08463101481552121 0.14158541585285267 -0.9863017597820001 -0.7291577827301002 -0.6658217939840418 -0.1581463453260823,-149.91833999700634 -56.05668013085418 718.435900133972,0.69
2,365,9,0.8467498421669006,-0.26610320242166785 0.8525054901269766 -0.44991496414799986 0.4556192198154083 -0.3000791465396473 -0.8380713766421302 -0.8494705481626372 -0.4280033821307958 -0.308565864425844,-206.39126076340665 -54.87084542945322 708.5413179169744,0.69
2,368,9,0.9104469418525696,0.521906375461366 0.820615855709673 -0.23281613477304544 0.6539268911160767 -0.5601654623657388 -0.5085216572062996 -0.5477164926565956 0.11315596374234796 -0.8289767014467284,-49.02747650108862 -2.5436966046106715 627.0031833364594,0.69
2,387,9,0.8140219449996948,-0.6553626815401212 0.6161188009646729 -0.4369180457962279 0.6525789368427451 0.17060848273995388 -0.7382638260177476 -0.38031629840664655 -0.7689540745161731 -0.5138765848443005,-254.3514218831216 -72.28739424726312 756.9997199774956,0.69
2,389,9,0.8286389112472534,-0.9487796439399987 0.23323189987730342 -0.2131198445117504 0.26639759391843676 0.2279292988325109 -0.9365257907223845 -0.16985143272741862 -0.9453312200564115 -0.2783870959421426,-57.523123107108304 -74.73534223031014 798.4008573690024,0.69
2,402,9,0.9055069088935852,0.9251611074773675 0.36704429536967637 -0.0967233707426943 0.33948350425759527 -0.9141129936641561 -0.22169435074294952 -0.1697877367427761 0.17226700221148672 -0.9703072731876401,109.50326837089047 222.83775645603615 1013.6255630839921,0.69
2,415,9,0.9166399836540222,0.7633432176859909 0.5888725145917151 -0.2655866969018373 0.2413276520005136 -0.6413148730928317 -0.7283379695785774 -0.599222910437107 0.4918784352951002 -0.6316545800506219,127.5546594138853 120.11941314630033 909.9725090842923,0.69
2,417,9,0.8692499995231628,0.597172985680102 0.7666020416510853 -0.23602062390880288 0.33136044157851435 -0.5037432111128841 -0.7977737994034229 -0.7304688103750938 0.39820106352704343 -0.5548434284328572,97.82894983993282 119.35280737864957 938.2273657962494,0.69
2,425,9,0.9243052005767822,0.6310729284038323 -0.41709675341456476 -0.6540468311419614 -0.7221022849327358 -0.007834098773965348 -0.6917419439294699 0.28339945153569657 0.9088283254759557 -0.30613040633337407,41.63109979859331 70.02886001766953 973.7327431751842,0.69
2,428,9,0.8914747834205627,0.9414367815107584 -0.009180907777697728 -0.33706452995093095 -0.31383944542546294 -0.38937660862203827 -0.8659622735160221 -0.1232947237869589 0.9210328808410574 -0.36945479222216093,-69.39378518194596 106.8626762716255 1048.4661849501897,0.69
2,434,9,0.8893513083457947,-0.014411957028156674 0.9261676174378012 -0.3768366222969919 0.32776888909484214 -0.35167598525900545 -0.8768646171066781 -0.944648003669172 -0.1361526562417898 -0.29850059189581746,285.73726089019925 17.960489154289796 872.615377040842,0.69
2,435,9,0.8858693838119507,-0.023824997923308278 0.9247473809262318 -0.3798350312228052 0.31504561051190294 -0.35363852720205813 -0.8807304101571274 -0.9487774411162699 -0.1406487594983843 -0.2829121660169973,290.193858265856 25.61041484050132 835.9572958529958,0.69
2,438,9,0.9337955117225647,0.29805632796401527 0.9109825688935421 -0.2850845217347484 0.3426887036767873 -0.38086941469874036 -0.8587799143665168 -0.8909135074365695 0.1582695426137376 -0.4257039747851876,192.67459098260818 57.48686139441237 891.7304646287216,0.69
2,446,9,0.9147716760635376,0.9195097571540035 -0.3903516320025504 -0.04612385382349343 -0.30265566566330504 -0.6282445364580163 -0.7167345048569618 0.250801424518457 0.6730040161868263 -0.6958191141783294,146.11586659319482 53.26625173694924 898.0868390170757,0.69
2,453,9,0.8700973391532898,0.9542066085342693 -0.215900963201024 0.2070664683583458 -0.13768845211970018 -0.9314815648881709 -0.33672538429166027 0.26557793278510317 0.29279492543819013 -0.9185529343784367,22.58557862042712 174.7302871667924 1050.0432515571038,0.69
2,473,9,0.9090372323989868,0.9012210419310787 -0.2393964699531838 -0.3612339460164498 -0.43284250373895833 -0.45654537223874025 -0.7773118357804546 0.02116602318932076 0.8568871881766845 -0.515069263498614,-15.168488005027221 33.41333687574222 1007.644905915041,0.69
2,474,9,0.8650490045547485,-0.13023719234251474 0.9440935100689889 -0.3028625397376757 0.7287864599873186 -0.1159548150799401 -0.6748516700719721 -0.6722414517640904 -0.3086129049560197 -0.6729409375455737,209.25841725715378 37.684124673988265 823.7767840884859,0.69
2,476,9,0.9250920414924622,0.1473392558306641 0.9798780783664036 -0.1346480420512324 0.7613338346822152 -0.19925923164434622 -0.61698180748915 -0.6313968133110428 -0.011606469810807374 -0.7753730418316023,370.82274053811324 -75.20708247640121 898.949664460223,0.69
2,477,9,0.9150675535202026,0.44425020728922116 0.8872288701768168 -0.12436512874698041 0.5825794865846997 -0.3915445115416041 -0.7122457702874438 -0.6806194936483907 0.243962758236612 -0.6908250700860477,284.90718152998045 -183.07398901261945 1035.3923983829136,0.69
2,480,9,0.9163557291030884,0.44108452054972913 0.8819851295055043 -0.16597191648762316 0.44128872445963707 -0.3741760709034814 -0.8156325947557637 -0.7814785393062322 0.286521376679633 -0.5542533656274953,224.87408557513052 -207.29717661898087 1046.8783028506095,0.69
2,491,9,0.8846206665039062,0.23384959725584653 0.9555210715326301 0.179704890641332 0.7550477129340027 -0.062027897095804585 -0.6527292633052425 -0.6125498486298161 0.2883262420228292 -0.7359691984754408,50.445872835212164 60.006086926973786 1038.5722264065284,0.69
2,494,9,0.8983381986618042,0.15356896794722097 0.9780268689319431 0.14099650964050636 0.13129966964982048 0.12122702060675028 -0.9839026406228712 -0.9793758057219271 0.16960970821857613 -0.10979789635751747,-79.18383922471378 157.17777449597307 948.2143138335939,0.69
2,499,9,0.8896108269691467,-0.0029235856511133917 0.9996423989845966 0.026580571838490663 -0.007950039238772522 0.026556610916701473 -0.999615697802271 -0.999964124117982 -0.0031337786998273387 0.007869555770049885,-102.4952051051931 255.17540424875867 1046.7444943393791,0.69
2,501,9,0.830730676651001,-0.5316899272256292 0.8421980882082855 -0.0894885551627374 0.3509560508898023 0.12292670086619961 -0.9282881430665731 -0.7708019665456489 -0.5249680051512292 -0.36093340374215765,194.4359567946012 8.485727293041219 749.8068614405896,0.69
2,503,9,0.8724250197410583,-0.3144432442124123 0.9346270999183406 0.16612534504826804 0.1891942583686188 0.23319375377953877 -0.9538481041541973 -0.9302316801579713 -0.26850113090346656 -0.2501522814887722,145.47013115417815 97.20477892856839 993.3705713216754,0.69
2,521,9,0.8691679239273071,-0.752128051588981 -0.6173378537708749 0.23064554692109895 -0.5511938806286958 0.3974460214372123 -0.7336361264286335 0.3612321967522303 -0.678918724403224 -0.6392031489943217,-102.75392623446093 -94.79304681613482 914.1332933804158,0.69
2,532,9,0.950042724609375,-0.7482281848237227 0.663116282013742 -0.02076968857898634 0.6244238523869736 0.6933013257576296 -0.35976120451338833 -0.22416385972231923 -0.2821525619784171 -0.9328132159030593,127.03999738330374 14.104200294218261 900.7088753388498,0.69
2,535,9,0.8881258964538574,-0.6246654841203496 0.768161074504366 -0.14043360197967908 0.7808418224935575 0.6164892983989136 -0.1011285973627381 0.00889276074280436 -0.17282797393915422 -0.9849118794239706,174.70567707931102 124.79737132372928 981.8517138678745,0.69
2,540,9,0.8854357600212097,-0.9625668115654218 -0.11102451427474722 0.24726239201066363 -0.252442234190265 0.6993571526192905 -0.6687095718451066 -0.09868156702143543 -0.7060971111046233 -0.701205260975629,-62.568953909628355 49.63805277500619 795.9937483828076,0.69
2,560,9,0.9176385998725891,-0.052633599534832154 -0.9979791700313186 -0.03559888177468212 -0.469061839199984 0.056177966884901176 -0.8813767792737721 0.8815955394659933 -0.029691955480900423 -0.47107079358986503,208.70587540131032 129.33199726563606 739.7369774222476,0.69
2,563,9,0.8199502229690552,-0.5133722338054829 -0.8144541279049089 -0.2703949391098574 -0.23842913864081278 0.4380472225206904 -0.866756122960149 0.8243788542924724 -0.380498494583833 -0.41907087731655634,130.80269486998893 13.809659512729858 748.6605394484541,0.69
2,571,9,0.8425698280334473,-0.9949659908889497 0.0639715395240445 -0.07713831152737324 0.0963120720872282 0.3977385278819573 -0.9124297497388816 -0.027688657328137623 -0.9152659206860141 -0.4018975400349547,-11.74054522530471 145.43616907570942 787.5073908194626,0.69
2,589,9,0.8591485619544983,-0.8271540764580703 0.561071804190967 -0.03185222662060677 0.5210822579481185 0.7445066843814316 -0.4173524617910596 -0.2104505030891775 -0.3618124202584268 -0.9081863015352369,62.791356217633165 97.48781409619028 744.076260014186,0.69
2,603,9,0.8193901181221008,-0.9188820752830598 -0.38416575378125295 -0.08984656557253609 -0.041369276219643925 0.3202930100389416 -0.9464147984394884 0.3923573813611273 -0.8659267066801188 -0.31020416494554537,-102.3700226353221 7.305234283439955 767.4381315189916,0.69
2,607,9,0.914087176322937,-0.18552551017960983 0.936503655623645 -0.29755871366193476 0.4027248182849204 -0.20374986144603513 -0.8923557108564386 -0.8963219320143704 -0.2853890274069264 -0.3393524675403956,87.99280427562971 -17.607325611487543 683.2937265665526,0.69
2,611,9,0.8606575727462769,-0.2774266189653578 0.9149104850460958 -0.2932119974389992 0.39950728735537866 -0.16769584436962193 -0.9012613556183946 -0.8737438975119637 -0.36717422041025305 -0.3189901149357546,71.85956455996913 -34.80114977362809 651.2361638158604,0.69
2,615,9,0.8858968019485474,0.24475616883741247 0.9473737906833452 0.20634272107903787 0.8291203888857791 -0.09417699108106348 -0.5510808244575489 -0.5026467930365482 0.3059633884587941 -0.808537325281206,143.20590187887254 -44.149750559781715 817.1873456684727,0.69
2,625,9,0.8568317294120789,0.2124310330762269 -0.9745530765906885 0.07154968269524942 -0.34044974999565175 -0.14244589972800137 -0.9294100996753687 0.9159514309798666 0.17307647603965176 -0.3620462809194851,67.5148338603068 3.971135173076707 748.7309746597836,0.69
2,642,9,0.8536638617515564,-0.9131199169330415 0.38401591667814894 0.13690797287973072 0.2389038019321411 0.7761231822765301 -0.5835732853338306 -0.3303588817067954 -0.5001645545925791 -0.8004363982270193,72.27812478284194 57.22256272675873 740.0548526072505,0.69
2,648,9,0.9080533385276794,-0.8582787181340308 0.5039380827251374 0.09697448518820448 0.15167456454347986 0.429623588132243 -0.8901788578656104 -0.4902575531990817 -0.7493130062261627 -0.44517137175649557,119.72815419105592 3.2660675045168013 665.2332640855057,0.69
2,649,9,0.9312410950660706,-0.9216756083677664 0.3861673662048804 0.037267119801418475 0.22340166349398233 0.606812970562971 -0.7628038512649661 -0.31718412584495614 -0.6947321671226464 -0.645555145806338,96.56338833350615 45.03342739286254 617.559598601636,0.69
2,650,9,0.9054890275001526,-0.8586967086799273 0.510331484977087 0.046922680479074275 0.06382406628358456 0.1973381931786985 -0.9782556547631069 -0.5084942979673308 -0.8370301147235073 -0.20202508750316972,97.37139427204966 48.26379783180992 624.9158333248752,0.69
2,652,9,0.8922625184059143,-0.940277417384062 -0.3392364139730103 -0.028231786912822132 -0.27974208274366974 0.8172974886907427 -0.5037550814850795 0.19396583590878166 -0.46577190814231995 -0.8633850728879147,-55.036343434509526 77.19420710347131 659.3488459309181,0.69
2,667,9,0.912663459777832,-0.18816975970772987 0.9805607339941688 -0.055612844562674735 0.3973563293250023 0.024225223808116092 -0.9173445841540719 -0.8981648451575555 -0.19471462574820536 -0.3941904684829922,45.108676390258225 57.69085288514751 592.1435123531841,0.69
2,669,9,0.8980366587638855,0.12056742362988304 0.9922392540074518 -0.030409853106982243 0.6515895719874376 -0.10221140291109632 -0.7516540818702271 -0.7489289192149551 0.07081025294179927 -0.6588561163424369,-150.86722967508595 7.399515251666365 660.4751280930557,0.69
2,679,9,0.8897256851196289,0.30758567252485614 0.9515200616416917 0.0007914232896488183 0.5639452551013961 -0.18162929421855645 -0.8055908072528449 -0.7663920689216801 0.24823450963768223 -0.5924717925090497,81.07111562483146 -88.41909364436518 744.5840948486006,0.69
2,691,9,0.9242066740989685,0.9977462464136022 0.03987453199370844 -0.05396711467041834 0.028567770093893333 -0.9801761021047217 -0.19605787761438417 -0.060714992213042523 0.19407429134503393 -0.9791061531618999,-28.901216623552795 71.0444061259534 678.1831938581973,0.69
2,695,9,0.8687929511070251,0.9506087163621 -0.1429759411587176 0.27550126792118323 -0.01154664525631606 -0.9032668213671655 -0.4289239144657039 0.3101769549140062 0.4045576963388987 -0.860304206065063,4.706189968992385 55.088652501446994 633.8128804588829,0.69
2,703,9,0.9105049967765808,0.8326370521981452 -0.5416161639318324 -0.11561777663728717 -0.380595510089751 -0.4079399420054717 -0.8298988260119996 0.4023215094999339 0.7350081187880441 -0.5458025909698081,167.30570471946294 192.60397098010552 944.379423026392,0.69
2,708,9,0.8981612920761108,0.6933935398900091 -0.7176293041696674 -0.06491209930175917 -0.6377841554374039 -0.5693219521163146 -0.5187522394279054 0.33531592552665884 0.4010993600536263 -0.8524567633920048,150.84316421987464 188.89305900587246 987.4266445332427,0.69
2,711,9,0.9078186750411987,0.9861741797093487 -0.14672833953212588 0.07701481450174537 0.013255251749012473 -0.39341466649523893 -0.919265575602345 0.16518106905957286 0.907576825709309 -0.3860304649373565,8.299517842509788 250.91906372861195 929.4806291813287,0.69
2,740,9,0.8949717879295349,0.9480396117230449 0.3139193145352893 -0.051725801740644506 -0.007313163395730793 -0.14103688584216667 -0.9899773302824116 -0.3180682509229202 0.9389160030554585 -0.13141281125216264,-144.71655707990453 211.09843037040534 926.5934122481468,0.69
2,750,9,0.8522720336914062,0.9892624733745313 -0.14575678257810412 -0.010710700508556971 -0.09838042751948815 -0.6099339378837423 -0.7863217426084024 0.1080789075351313 0.7789323152560248 -0.6177243705698376,45.506401388077926 107.90065973302856 815.2050849688623,0.69
2,754,9,0.9046608209609985,0.9835157858466157 -0.1603156931520972 -0.08363956910264828 -0.18071557050388637 -0.8555741211138317 -0.4851131887072842 0.006211406279494527 0.4922314514630865 -0.8704421960260049,100.7888510811141 48.598746113201706 922.8127564866011,0.69
2,756,9,0.869583249092102,0.987182327520611 -0.15059922283444616 -0.0528292183611484 -0.12893127493842144 -0.5574490717407132 -0.8201385607067689 0.09406263112279101 0.8164376317252152 -0.5697208219199821,59.973759100557395 50.89446797137096 863.6546977545179,0.69
2,757,9,0.8844727873802185,0.9986439290804265 -0.02967532728169442 -0.04277473391538815 -0.05205291414997115 -0.5550687814260951 -0.8301741636636532 0.0008927705772859007 0.8312749381744132 -0.5558607560566062,71.76333708091722 20.498572415382327 879.0624622936948,0.69
2,758,9,0.894385814666748,0.9994191117353934 -0.014439345789489164 0.03086979739500563 0.01440132252997792 -0.6420204557349869 -0.7665522397901058 0.030887554248024966 0.7665515244985245 -0.6414395679107769,57.414311962089876 -13.189963020998265 929.2092296424562,0.69
2,761,9,0.8688581585884094,0.9865034562048629 0.1482285676133127 0.06956452141117365 0.11389514658591521 -0.3159603083172451 -0.9419113435733987 -0.1176385416435997 0.9371218572370287 -0.32857845061505486,17.14913740582187 120.3361335124974 893.7047554957065,0.69
2,762,9,0.8964685797691345,-0.9289637790960004 0.3700509312697293 -0.00941304382672814 0.14874620135714456 0.34988053183173384 -0.9249098231865435 -0.33897030063044997 -0.8606078791828188 -0.38007001141757213,39.175521110607946 22.994547841684494 906.7894003391491,0.69
2,764,9,0.8937903046607971,-0.7882628341869187 0.613586907110236 0.04639840150803934 0.3611286587364087 0.5223489972052129 -0.7724879396844658 -0.4982246441905992 -0.5921677402067788 -0.633332117754617,201.1323961161535 129.6856532341958 1022.2339034058651,0.69
2,768,9,0.9287181496620178,-0.7779288629561822 0.6276454159380032 -0.02979791992258171 0.5444510179564743 0.6496225562136374 -0.530625690581052 -0.3136873813621778 -0.4290125479638919 -0.8470823221291242,182.40353454293648 -23.141419151247156 1039.2106360776763,0.69
2,769,9,0.9427872896194458,-0.8591612949967495 0.5098135895481755 -0.04395421585596747 0.46253985917488133 0.7370033421459438 -0.4928315658926384 -0.21885782566312179 -0.44375238317975657 -0.8690138517700954,179.34514087808577 -21.337453426333873 1029.83886558686,0.69
2,770,9,0.9370924234390259,-0.6839540558340007 0.729523780043281 0.0013798041829489738 0.6270600345454207 0.5888552117153997 -0.509946323363065 -0.3728304743232726 -0.34791463606317924 -0.8602051170673826,149.60990498007345 10.755467526940137 893.3983934636544,0.69
2,773,9,0.9123436212539673,-0.9574685641925569 0.11103695298672939 0.26631699843319634 0.011194346125663786 0.9365890350675394 -0.3502508615350922 -0.2883203690304642 -0.3323729448416016 -0.8979975447290818,98.49322369302487 139.12305935611596 1001.8194093658806,0.69
2,775,9,0.8966166973114014,-0.8972881690136585 0.42221737414305527 0.12886594088377007 0.3767075917366932 0.8845378672354246 -0.2751075276224682 -0.23014198242836287 -0.1983059514950309 -0.9527378535177415,269.2928106002857 85.82727815031006 1027.5023992343054,0.69
2,785,9,0.8974078297615051,-0.7662608313034325 0.6398498419530685 0.05862182326408605 0.2823913408342479 0.4173186200906738 -0.8637709765600204 -0.5771477012273445 -0.6453195712809655 -0.5004629675507897,368.2347364509857 80.94134008395315 1034.3534356540813,0.69
2,788,9,0.8552168011665344,-0.9364346460281598 0.35079270003554086 0.00588517798292873 0.11899214656415358 0.3333381460819175 -0.9352681697902081 -0.3300470008561973 -0.8751172275577972 -0.35389096521016783,175.98039207355993 75.42203670742228 839.718968820409,0.69
2,791,9,0.891444742679596,-0.8806926133007036 0.46887758472714847 0.0673374443977015 0.1494638612364444 0.4099582973062603 -0.8997748321963918 -0.4494897941687561 -0.7823605339037673 -0.43112749845949505,188.54348295683351 -4.4577098932243615 949.9902596210268,0.69
2,794,9,0.8869298100471497,-0.6624432468134689 0.7010906675361631 0.2638954729526955 0.20360408751195036 0.5075224957318949 -0.8372372972308955 -0.7209121446470823 -0.5008919965618996 -0.478949775530356,-159.97819149167975 39.93288053824696 912.1497337814569,0.69
2,801,9,0.9163491725921631,-0.7655984358668526 0.6393497887602938 0.07135042123489399 0.08906228903864488 0.21517890823462982 -0.9725049851399992 -0.6371239625609965 -0.7381936636568487 -0.22168259125933565,-80.94042819839026 87.1319316584251 1010.4021556567342,0.69
2,803,9,0.895646333694458,-0.8899393750858313 0.44605119365188284 0.09511173068329379 -0.0021473751523771456 0.20444197736409198 -0.9788763285887627 -0.4560737850960037 -0.8713448287177648 -0.1809831263267756,-76.70963091592698 150.6032028253911 1002.5301155102381,0.69
2,804,9,0.919781506061554,-0.9514534203323541 0.2962369277611241 0.08354682261172612 -0.004104622114636053 0.2592025156582727 -0.9658142719766151 -0.30776539931441405 -0.9192702206136526 -0.245403179436954,9.948747718378545 92.54185482066069 1045.2182468953658,0.69
2,808,9,0.8939334750175476,-0.820827849681085 0.54715541700048 -0.16389811113907843 0.34595623016888666 0.24793552585967682 -0.9048990340496657 -0.45448424394610115 -0.7994679009589545 -0.392804209932919,156.90024462701737 -93.51406189281323 980.3141182027814,0.69
2,809,9,0.8643538951873779,-0.936605646681568 -0.34387242041868016 0.06724300022753898 -0.3151036850207184 0.7427122086241557 -0.5908369003769084 0.15323031779176793 -0.5745696943243938 -0.8039839153076429,-50.44348822686648 107.39652947604615 887.7149882876809,0.69
2,819,9,0.9023844003677368,-0.9947984780144108 -0.05164375479299164 0.08780040279573728 -0.0753143862863612 0.9532554787104555 -0.2926290066394807 -0.06858375433381528 -0.29771952388008055 -0.952186617077817,107.8307064802793 232.15181395292814 909.4326612523286,0.69
2,821,9,0.9163253903388977,-0.9968248247664111 -0.035818785979914954 0.07111457867652074 -0.07301840430324436 0.7674114825995318 -0.6369834605446175 -0.03175817001059658 -0.6401535994941475 -0.767590247262343,175.27013860614434 131.2716505572783 944.205152159915,0.69
2,828,9,0.8304467797279358,-0.9406310486676754 -0.33518933371841697 -0.05349150253781887 -0.14957256906172361 0.5507826573401609 -0.8211373277093101 0.30469866567910286 -0.7643864042058275 -0.5682183983281957,65.05833032047961 89.89821498343797 852.882160322997,0.69
2,837,9,0.9256238341331482,-0.4145483212019214 0.9097700104804283 -0.021638332170248853 0.6978631815802652 0.3025496196486511 -0.6491923501129124 -0.5840690619980982 -0.2842221942088583 -0.760316430925811,169.97319411062176 -49.96246092008434 968.3461253352125,0.69
2,840,9,0.9086629152297974,-0.7141303433660968 0.6927205590089056 -0.10077737747237975 0.47792395888942657 0.37729325651630563 -0.7932455408678822 -0.5114748695715938 -0.6146446336816995 -0.6005043147913351,191.2538555548866 -42.1965804989625 859.7975125158256,0.69
2,844,9,0.8868573307991028,-0.4851083940034604 0.8697921238381597 -0.09017487109215444 0.6180391187247533 0.26808052106001634 -0.7390267126120141 -0.6186254875070325 -0.41423965954178443 -0.667613668725703,310.6588683550202 -122.1433612539023 853.3983242249808,0.69
2,850,9,0.9299818873405457,-0.6801060159798047 0.729210387740822 -0.07555142248136504 0.3039265759295684 0.18666761272206944 -0.9342290076872863 -0.6671464932620166 -0.6583368535723362 -0.34858018267920854,133.83688814994437 -98.61541541701837 859.6671757338684,0.69
2,856,9,0.8214681148529053,-0.9743093830129086 0.18937296053149344 0.12189794088721387 0.028089745260757443 0.6392096661992183 -0.7685193353772367 -0.22345512387097102 -0.7453515173775535 -0.6281074137110527,136.04593737350302 77.67916825727325 828.9229965781983,0.69
2,867,9,0.8940442204475403,-0.26251847977220355 0.8014448127582332 -0.5373734826738403 0.8468639401275344 -0.07556745747683125 -0.5264133606607602 -0.4624992050693272 -0.593275460029663 -0.6588768578701432,182.43388105986315 -53.360037933462735 823.2160504785828,0.69
2,871,9,0.8295882344245911,-0.5240842838754096 0.7497049477880386 -0.40407691675834934 0.650492139228722 0.04612136575241599 -0.7581113351103342 -0.5497232396364927 -0.6601630941542148 -0.5118486582187096,39.83739515435535 -33.66062378022861 759.8359876373311,0.69
2,877,9,0.8214768767356873,-0.9811442592321182 0.108626593281894 0.15986308456872847 -0.12446720007307985 0.27766766299455947 -0.95257996254021 -0.14786432525063767 -0.9545160722371886 -0.25891158560223615,-14.176131125818058 143.9611721726088 789.4794455444687,0.69
2,883,9,0.8360152244567871,-0.8913430804365294 0.4371987179105561 -0.11985321862713869 0.1758838009342989 0.08984569010888843 -0.9803023209896841 -0.41781862276210546 -0.8948659301963752 -0.15697950645531344,87.42448237421446 91.5465274515304 765.6102192706678,0.69
2,886,9,0.8100227117538452,-0.9467233287798957 0.29482795390816463 -0.12958169754343996 0.19507799939290313 0.20485100528710976 -0.9591562124001092 -0.2562411225716452 -0.9333341005380582 -0.25145167304282867,24.458899283893263 57.33529596496153 786.2793062886235,0.69
2,894,9,0.8527914881706238,-0.68584263000229 0.7218348625789052 -0.09259761356123608 0.5904996330155298 0.47760398106122914 -0.6505417901126643 -0.4253587547941944 -0.5008481490832909 -0.7538043919212563,212.44889728167036 -61.34241827801526 804.3161463177938,0.69
2,902,9,0.8860233426094055,-0.7641235416569743 0.6374631987728561 0.09877187502462631 0.20410706645965426 0.3841770838443912 -0.9004156116316809 -0.6119277069285525 -0.6678687284632346 -0.42366949740813964,208.6546573912707 -113.43208796789455 824.1572825874356,0.69
2,903,9,0.8775111436843872,-0.8357487758120201 0.5307980511374634 -0.14063218919359086 0.2211220914989763 0.09089812811218212 -0.9710007986386109 -0.5026221288202793 -0.8426096125812788 -0.19333917452445748,173.0762132632357 20.90487773960117 911.1149372777853,0.69
2,904,9,0.9020799398422241,-0.855091712554819 0.49899407221541264 -0.1407944566165397 0.24069076270940465 0.14152019254961345 -0.9602291350751057 -0.4592233877607196 -0.8549719007046958 -0.24111600763733643,294.5206960510785 -25.46448012804182 866.7625967508158,0.69
2,907,9,0.9283190965652466,-0.9413665779421376 -0.3312246829832279 0.06418080177256899 -0.29311803912500084 0.7087207801950757 -0.6417138543456871 0.16706520006579484 -0.6229005258485045 -0.7642539851545642,121.03470859744434 154.15613283985653 680.9659203955778,0.69
2,909,9,0.9188848733901978,-0.8805058779200357 -0.46985681612895325 0.06280104525746918 -0.31593228316810407 0.482892918095591 -0.8167014277600558 0.3534065525714776 -0.7389512852619501 -0.5736329894708425,83.75674708922425 101.1361127722979 712.0676626247621,0.69
2,918,9,0.862911581993103,-0.9686390891578371 0.24340364911374013 0.04992973616584845 0.1763789534260543 0.8151042002311015 -0.5518112064410672 -0.17501079893482493 -0.5256993497843911 -0.8324730709713457,136.63362602669795 70.60116627961851 761.513552523921,0.69
2,925,9,0.9161390662193298,-0.9563514029784193 0.2887228016466059 0.04506814651774016 0.07256556959424207 0.38404171641205465 -0.9204597754191904 -0.2830657735062172 -0.8770126018847265 -0.3882301688492402,121.66953256255674 -1.0235980899033663 650.0940002085258,0.69
2,934,9,0.9170539975166321,-0.9921518512016876 0.12501994443694303 0.002172015204335888 0.06896248272430149 0.561607475617967 -0.8245248445659566 -0.10430187023042589 -0.8179040633368918 -0.5658215823414985,82.82117568981333 -0.43395450229886556 654.8851373712074,0.69
2,942,9,0.8792806267738342,-0.8847969516198229 0.4217332546851054 0.19818026212763215 0.16748714319037733 0.684707263307772 -0.7093123574558019 -0.43483607402122815 -0.5944047656826864 -0.6764617973422562,107.15453425321132 3.404310989133288 702.4453562795969,0.69
2,952,9,0.8634748458862305,-0.9077387806388839 -0.10915477109521088 0.40508707961546425 -0.41846172916858315 0.30461893459391554 -0.8556267211279154 -0.030001455722560078 -0.9461989963184385 -0.3221915145073,37.61943905329113 15.151357061454776 684.880420683211,0.69
2,956,9,0.8880590200424194,-0.9688112379177438 -0.21252131596051585 0.12743420085165397 -0.17355392368572656 0.21486861031546 -0.9610985984145394 0.17687232925920915 -0.9532398284605578 -0.24505103260118766,34.59381305217958 24.895722671552146 670.8858513656268,0.69
2,961,9,0.8205879330635071,-0.5442310427385251 0.8378477710066944 -0.042704621984644225 0.7835646878004204 0.48946564526045677 -0.38268755159005924 -0.2997314667364228 -0.24173227903794375 -0.9228903256179222,141.51469617778486 -40.42998288153999 741.1731099145338,0.69
