scene_id,im_id,obj_id,score,R,t,time
2,3,8,0.8310856223106384,0.41787319050318195 0.9075736738476496 -0.041134209575138886 0.78491524478122 -0.38345618803298387 -0.4866923159135047 -0.45748230038847304 0.17108880266660662 -0.87260447307665,103.46689241123475 -88.75743709941503 1037.9979221390574,0.69
2,8,8,0.9386640191078186,0.4469297717627646 0.8856381174176349 0.12609085648464274 0.8617213870966447 -0.3883760798825846 -0.32649697026966523 -0.24018748954164465 0.2545764041540059 -0.9367501397468261,-73.11228928498032 23.34053774109966 1020.8949995539567,0.69
2,17,8,0.7675536274909973,0.28274052454909115 0.957078028519682 -0.06371375913084887 0.4717838694066423 -0.19659372037232004 -0.8595178239442546 -0.8351513493645336 0.2129613965840974 -0.5071189872402235,53.918250041121496 -32.957611848092625 1065.3935973424962,0.69
2,27,8,0.7845242619514465,0.358819647389244 0.9317979297900247 0.05478210188084043 0.4685018770655253 -0.12902872473273708 -0.8739894618242963 -0.8073131064423135 0.3392701080744777 -0.48284712066408186,210.10791970073882 42.45426626747846 1086.0328257578517,0.69
2,36,8,0.8937608599662781,0.39982673357681087 0.9155394616735174 0.04388709646198968 0.7806200966106 -0.3150299509409602 -0.5398040336805515 -0.48038614455972356 0.2500872330381988 -0.8406458992859851,108.21363480683311 14.660340189209723 1022.7139869395212,0.69
2,38,8,0.8779543042182922,0.6457252413472256 0.7563461149252187 0.10478295245217566 0.7253911915959933 -0.5647859853985482 -0.39347733079853076 -0.23842510740694256 0.33008687513277346 -0.9133433762956129,128.67534435058167 16.022261047924324 1024.9429274914326,0.69
2,39,8,0.8623614311218262,0.7015253279041327 0.7074245145249378 0.0860974480350914 0.6486374732585893 -0.5837981974984412 -0.488312495111772 -0.29518069481880427 0.3984096144004654 -0.8684112715525756,163.3255464344078 50.14072584034042 1015.3848519648557,0.69
2,41,8,0.8045649528503418,0.7395995079194666 0.6690581648121948 0.07316925572548097 0.5561820962790284 -0.5463356971578262 -0.6262417917943018 -0.37901720760929625 0.503863551082245 -0.7761877854146131,208.44176668666597 -16.04030105055557 1044.7417194197876,0.69
2,47,8,0.7636759877204895,0.7593423702482961 0.6496505996134552 0.03678672542613415 0.4616627334416134 -0.49804790351314465 -0.7340407388949061 -0.4585484546881796 0.5743712947458638 -0.6781083471503968,181.21933117441245 -96.52816283377534 1009.5206961149787,0.69
2,58,8,0.653087317943573,0.7614059529454129 0.5731466003111283 -0.3029256499061834 0.08123542683194779 -0.5479505296269409 -0.8325569184800441 -0.6431654376960247 0.6093054994281204 -0.463772603891099,99.40814707826848 -42.679867622465906 1074.2789415193313,0.69
2,61,8,0.7765102982521057,0.8269523204131541 0.4982683844915565 -0.2605349818728276 0.06815153813232977 -0.5487680186075212 -0.833192072456149 -0.5581265336941954 0.6712542579155454 -0.4877627431618292,217.1425600994941 -136.45368290904744 1057.540855536124,0.69
2,62,8,0.8069851994514465,0.9514773334157924 0.27653610590977856 -0.13497653916228808 0.06803766983926844 -0.6168363296173296 -0.7841452785976997 -0.3001029148122618 0.736912969483152 -0.6057206583308079,-24.05557442562884 -164.10745191359024 1121.1431528435858,0.69
2,64,8,0.6482493281364441,0.9507467447789992 0.2874805098960862 -0.11591196539625546 0.027533715951226168 -0.4507943920912214 -0.8922030657563464 -0.30874345625138944 0.8450676733191209 -0.4365067075463491,-10.710857767202189 -105.05316508153453 1140.014975029196,0.69
2,65,8,0.6030675172805786,0.7667084209834771 0.3727812006955765 -0.52267807836276 -0.3849825370663176 -0.3845516945866321 -0.8389925150706239 -0.5137573779003126 0.844484559123797 -0.151324770128626,221.352506525904 -14.214481775105646 1164.5826072663785,0.69
2,69,8,0.6617723107337952,0.7138113092427314 0.6911893842049879 -0.11283018195282352 -0.035320520596884286 -0.12537339601541575 -0.9914806969358136 -0.69944683545066 0.7117153551342639 -0.06507977907281126,113.15733021744713 92.54504473563132 1147.1210808036562,0.69
2,72,8,0.6830295324325562,0.6118282179028454 0.624986766705448 -0.4848275706072195 -0.09466222922161849 -0.5506778885621804 -0.8293328194443367 -0.7853058602459441 0.5533040795907517 -0.2777576306271512,41.359712450567315 -19.578600226704594 1150.2350031042176,0.69
2,79,8,0.7267909049987793,-0.23789958232615627 0.9571658663164369 -0.165037247576859 0.5945433971559317 0.009141332407196945 -0.8040115577155003 -0.7680637588295157 -0.28939581959753014 -0.5712513649630515,277.5197362486943 -29.071894934755512 1057.3073236714258,0.69
2,89,8,0.6153262853622437,0.11513559364121706 0.7849327272754527 -0.6087892974821454 0.20526368595396288 -0.6184374683074416 -0.7585525143469467 -0.971910805735525 -0.037625941123135276 -0.23232234987000466,45.75076286510277 -115.4212580473516 1108.6046699046128,0.69
2,96,8,0.5245844721794128,-0.011745103921528832 0.9873931238567792 -0.15785078870320596 0.06858939927509944 -0.1566943142967805 -0.985262597571908 -0.9975758351328254 -0.022398902370730778 -0.06588431020837215,202.61051546413563 68.18870460903192 1147.327219138249,0.69
2,97,8,0.7159236073493958,-0.18137155315390685 0.9716769404538275 -0.15148690734459072 0.7983363577848122 0.05552973602117339 -0.5996461525402287 -0.5742503108796895 -0.22969625989055165 -0.7857965440537851,336.6900373386349 -155.97738551680487 947.8074829151448,0.69
2,102,8,0.7647489309310913,-0.37268638162119516 0.9207904259127336 -0.11510800363809787 0.8141419594545319 0.26492725136809125 -0.5167072878701091 -0.44528387665582153 -0.28628402510443235 -0.8483889003047889,249.42092439265298 -127.88316567687288 969.868860879535,0.69
2,107,8,0.6896854043006897,-0.4356954610876693 0.8997706766413288 -0.02412870995326713 0.8314823098065885 0.3920734267946858 -0.3935931865266121 -0.344683381766954 -0.19154936036927306 -0.9189680129775026,109.40220669949115 -27.715243782078364 975.7180795736857,0.69
2,110,8,0.8298454880714417,-0.1880542234513014 0.9704856595066319 -0.15097414922464775 0.6709232838976423 0.014673586530459248 -0.7413815704361264 -0.717284850088256 -0.24071200749092525 -0.6538808555719897,224.4360464508586 -33.023390972111486 1002.9670914106945,0.69
2,115,8,0.7753256559371948,-0.1059434972115354 0.9800662380099003 -0.1680658933624284 0.2891785178776805 -0.131345332139571 -0.9482215925210805 -0.9513946395669137 -0.1490589575915099 -0.2694989183003804,167.69383721636385 -95.79693686634123 1037.575550861889,0.69
2,119,8,0.7896001935005188,0.38074332866960425 0.899732219183749 -0.21334584935328804 0.6680570850139224 -0.4271772631077213 -0.6092777010908059 -0.6393232741237335 0.08945121377870052 -0.7637173767286081,304.2991194194225 -138.557576545278 866.1073423830649,0.69
2,124,8,0.8877515196800232,0.413215566955233 0.9088921357723003 -0.05628481817623513 0.8971428407379225 -0.4169153020428109 -0.14600121312935116 -0.15616535639685256 0.009834452390351606 -0.9876819655170515,170.61844490299836 -52.998051255960064 907.8314333462333,0.69
2,126,8,0.8063552975654602,0.574085598615329 0.8179513586508611 -0.03716584915873623 0.7681270699379408 -0.5537247824462619 -0.3215115390361506 -0.2835604519164005 0.15602704953324875 -0.9461760036710487,233.1191889196999 -124.64653976851238 928.6258695289016,0.69
2,136,8,0.8612490296363831,0.18253118068482743 0.8664959387661654 0.46461506236834893 0.7853242807992421 0.15583271843374336 -0.5991510142298876 -0.5915641487319496 0.4742372317388118 -0.6520359698419655,61.015890726872804 14.922646227388885 1032.9616863464623,0.69
2,153,8,0.5959164500236511,-0.2382504319427099 0.9518661209499688 -0.19284091751174642 0.6112584200562166 -0.007334180876174212 -0.7913970897730506 -0.7547184081427261 -0.3064263330370539 -0.5800888094352232,396.8603965647195 -141.03939668487106 925.0207353594152,0.69
2,156,8,0.8098502159118652,-0.13520190500116902 0.9906427722476843 0.01863713168590847 0.5768570241457067 0.09399421971847766 -0.8114191643985704 -0.8055783131253067 -0.09895445645819845 -0.5841674391552889,113.94045223549445 -11.090736564579558 963.0865368168888,0.69
2,162,8,0.8759044408798218,0.9553732890177361 0.29191870138534326 0.0452255504436156 0.2757610824765321 -0.8264476130637959 -0.49085656586474014 -0.10591366306008176 0.4814226985120762 -0.8700657913827818,143.27274995186687 -134.8360343168435 1078.9509994783643,0.69
2,166,8,0.8381350040435791,0.993638453070661 -0.10851809394258376 0.030107272649848967 -0.0654928158548266 -0.7743051907362737 -0.6294141424136166 0.09161504052692195 0.6234382847451152 -0.7764865674712724,17.624884586696353 -155.3823349920719 1015.8305561764815,0.69
2,175,8,0.7202633619308472,0.9893436347079795 0.13879626420601454 0.04398601488266883 0.1454596836569399 -0.9554415271880075 -0.25685203630703585 0.006375962141287356 0.26051311899231117 -0.965449253943298,88.40935061620065 -99.82601991318288 933.7532367473691,0.69
2,176,8,0.7253402471542358,0.9851193135030902 0.16444969679602148 0.04996233968597598 0.17170245063850212 -0.9287446570883271 -0.328559934219951 -0.0076293255228094235 0.332249393007094 -0.9431607149571513,57.084967780831704 -188.35549299582604 963.7562013518642,0.69
2,178,8,0.5225452184677124,-0.29074850346232495 0.5992023040510636 0.7459369320219471 0.6942750534740284 0.6685726822350224 -0.2664445884094901 -0.6583672666969806 0.4404170380320957 -0.6103977185024385,-230.8294717653789 -480.55673421559396 1202.887699821987,0.69
2,203,8,0.8454602956771851,0.44591379874137715 0.8813656786184039 -0.15606224606084268 0.842965649650099 -0.47214387543898395 -0.25785475445576816 -0.3009481643107685 -0.01657411955363515 -0.9534964609053365,303.5825439341015 -91.5711687874114 829.4194881628056,0.69
2,207,8,0.7644917964935303,0.001707713912357689 0.861886566859884 -0.5070982445046291 0.7308999125158978 -0.34716248368037395 -0.5875912931699441 -0.6824825284191872 -0.36963462471927205 -0.6305456705197463,273.1769053566546 -144.42199029147227 788.1379340169585,0.69
2,217,8,0.6314078569412231,0.3625666397371059 0.9025763165167668 -0.23216680342540136 0.19458995038427623 -0.3169426374407629 -0.9282683425505461 -0.911416580362234 0.2913818069734594 -0.2905451076953338,152.27564484194454 -3.4509561265298174 940.6663468480206,0.69
2,219,8,0.4622230529785156,0.23280060114376822 0.9550464774317919 -0.18354864764477485 0.09774043423140144 -0.21075502183622907 -0.9726402872013207 -0.9676004793422527 0.20849111903372797 -0.14241055319289564,185.32029280814965 -31.219003890570043 883.2169767597989,0.69
2,221,8,0.5883239507675171,0.11733607300579052 0.9768603464082127 -0.17881864999715974 0.20713939705912654 -0.20017600742763086 -0.9576130931834188 -0.9712494613422247 0.075322172469732 -0.22583412978750284,129.8275989221545 -0.4965090134547978 903.77991220749,0.69
2,224,8,0.774381697177887,0.1758313654169632 0.8530315498475203 0.4913456073888766 0.6064479882275 0.2993005007999724 -0.7366410576364204 -0.7754380494342694 0.427500158111811 -0.4646928515739752,230.0839541617629 -15.150410024483058 878.5846151134141,0.69
2,243,8,0.8292993903160095,0.971099028738782 0.22518140206130063 -0.07912024107838146 0.09819596673935968 -0.6790772173022679 -0.7274693705284994 -0.2175413259560512 0.698675510596096 -0.6815631316280011,106.6124803394452 -265.10112747688953 978.5228122301937,0.69
2,248,8,0.5733171701431274,0.8060779649621996 0.5006834222713349 0.31552246364571745 0.3880995147276598 -0.04471881936728184 -0.9205319081175578 -0.44678527400816825 0.8644746022047503 -0.23036184812677996,241.12612725869195 -0.6294084077987776 1033.1593897917544,0.69
2,249,8,0.8317385315895081,0.9425891698103342 0.3269886568831589 -0.06785333614504606 0.19121277913369014 -0.695021143525058 -0.6930968786173339 -0.27379432070851195 0.64033118643626 -0.717643812503735,66.05789567720579 -90.30525701378704 959.7176328491247,0.69
2,254,8,0.8336874842643738,0.9943179245398681 -0.06659117358164687 0.08305107187597413 -0.009042061020765487 -0.8301932779835577 -0.5574023343361711 0.10606651720135812 0.5534841793510767 -0.8260781785865303,24.90260412157702 -255.06345980700058 931.481679247664,0.69
2,258,8,0.5977457165718079,-0.13329331112349463 0.9615513013653627 -0.24010828401434398 0.3440094159594455 -0.18231848876497825 -0.9210958095582109 -0.9294570538443272 -0.20537542086878857 -0.30648086655122775,271.56981272301044 1.9274016272876562 875.3820165258834,0.69
2,263,8,0.8221530318260193,-0.28498442757007325 0.9559053332934484 -0.07091452477242594 0.40045568740717513 0.051517962519888716 -0.9148667345362637 -0.8708726189666343 -0.2891208974096141 -0.39747954439851974,184.01417453618416 -21.301646040547837 850.6897459783058,0.69
2,266,8,0.8614754676818848,0.8670191719763349 0.4981849744429774 -0.009459739146538498 0.4454852859148508 -0.783527958019657 -0.43315909206076936 -0.22320532130492357 0.37134306273417367 -0.9012678371607239,187.15905380318333 -197.08708367889264 820.008429973463,0.69
2,268,8,0.7445778250694275,0.7297178560499886 0.6778057963214681 -0.08995083676558303 0.6305759120935555 -0.7179852241137528 -0.29473926959552776 -0.26435935702976127 0.15835567696595207 -0.9513346466535666,181.29638964554653 -182.59829257807382 761.6411161998783,0.69
2,277,8,0.7481694221496582,0.3256028481861082 0.9421068514050058 -0.08010908680568646 0.5701604779994255 -0.2632275391360568 -0.7782212358756623 -0.7542544760096299 0.20771601569480125 -0.6228597291873323,213.75880533119062 -57.48233314933424 751.8858958821592,0.69
2,283,8,0.7499298453330994,0.5259908388954966 0.5890851747918955 -0.6134429836899383 0.029315058802439842 -0.7334106875139736 -0.6791534368371335 -0.8499848614683801 0.3392453688419088 -0.40303636931906794,122.54932268031922 -170.41254267565188 890.6337373213905,0.69
2,307,8,0.8868570923805237,0.9929124036004062 -0.11537786986655453 0.02851150507287248 -0.09973005999152958 -0.9393437097073232 -0.3281574472221689 0.06464421018583133 0.32298814556937083 -0.9441926624959069,-86.69106473033241 -192.80279200867344 770.5019016563564,0.69
2,310,8,0.7999877333641052,0.9914699776401665 -0.12689328618361576 -0.02975529128963037 -0.12635998083883973 -0.8798904645141503 -0.4580675994866716 0.03194430591851739 0.45792015065794683 -0.8884192123883794,-27.15538716457747 -247.4290817371213 825.4137056763577,0.69
2,322,8,0.57643061876297,0.9799291727723834 0.1553673853654388 -0.12489912695587405 -0.028685912045415984 -0.5101209046760602 -0.8596242092115606 -0.19727122141801365 0.8459536855982043 -0.4954255009817923,32.637936813404416 -97.64772240455717 939.2057172411565,0.69
2,326,8,0.5772773623466492,0.8363122127793315 0.0837449576501533 -0.5418197715332213 -0.4308321503337377 -0.5108036813611421 -0.7439511122020803 -0.3390656883185701 0.8556087781083588 -0.391111336870942,-8.690493573001142 -194.42845498578725 848.4113754187978,0.69
2,338,8,0.7746624946594238,0.45091797905133424 0.8921831179742921 -0.026120110450206235 0.6267861866083873 -0.33734708393843293 -0.7023788302868703 -0.6354620778970029 0.300343518258521 -0.7113239195998662,111.50751778197946 -153.53637109311148 688.2805190985715,0.69
2,342,8,0.8478379845619202,0.07736180856369201 0.9969543947464397 0.009853190930603828 0.8721178067006163 -0.06287896401448556 -0.4852388763487233 -0.48314147183973055 0.046132100323151654 -0.8743261105035773,111.73170132374437 -106.22369987861266 626.8318154109056,0.69
2,356,8,0.6295047402381897,0.1001439799173296 0.9934221563842911 -0.05553019440901691 0.2790824037619178 -0.08161615235537956 -0.9567924621281116 -0.9550309917467537 0.0803195049753751 -0.28542000967648273,141.27636822415735 -67.66590744346063 736.6650279993225,0.69
2,362,8,0.7288963198661804,0.41605291676210665 0.9093218137024265 0.005814600474095488 0.19445545786344887 -0.08272150655490584 -0.9774171204047959 -0.8883057161590597 0.40778792463511787 -0.21123911370985127,123.63911572984918 -61.88972758287859 777.5799801380842,0.69
2,365,8,0.6274639964103699,0.7378205164915397 0.5060137773425881 -0.4467336371750435 -0.06629745583342089 -0.6043047164777415 -0.7939902121517447 -0.671733230378082 0.6154395719989433 -0.41232099197540806,-2.4566275000086826 -212.9838411301584 829.3132550356075,0.69
2,368,8,0.7595800757408142,0.9829817542810624 -0.10941903903778012 -0.14756132503665673 -0.16913037395026365 -0.8525890444202195 -0.4944561031497747 -0.07170625745337075 0.5109984297731895 -0.8565855575547403,-17.054850340015147 -238.87751986587 752.3877560777199,0.69
2,387,8,0.7639386057853699,0.2645748157321476 0.8382214649494597 -0.47684897250416913 0.49207812857208316 -0.542596539739554 -0.6807702332238528 -0.8293728246460073 -0.054532290990240206 -0.5560278293197736,-1.2714869888247295 -174.18534952380023 671.8008676931624,0.69
2,389,8,0.8233872652053833,-0.1927390350043927 0.9357188714065141 -0.2954350319093774 0.3887141943813948 -0.20363952258257179 -0.898572323148652 -0.9009733289459785 -0.28802975286602206 -0.324477922194931,179.4014436476537 -97.70620499864826 645.4493904638485,0.69
2,402,8,0.7859595417976379,0.13521885169077896 0.9862786399396316 -0.09471170226670939 0.9689325229431974 -0.15160588166415678 -0.19541090713612774 -0.2070884548456473 -0.06534601015872699 -0.9761374241498881,-11.114508776744847 167.41601480497673 985.1053987085555,0.69
2,415,8,0.7718159556388855,-0.09694470477741612 0.9646281694783337 -0.2451412222872753 0.6928815162441267 -0.11140635068904547 -0.7123930301970887 -0.7145046736466181 -0.23891655379029123 -0.6575727729020657,56.335746560048406 34.62784893317566 923.1325063034114,0.69
2,417,8,0.8614456057548523,-0.3280716600533835 0.9133435095762613 -0.2411900068094342 0.6083925883813891 0.008968654923086627 -0.7935855477712936 -0.7226530594084624 -0.40709114058621854 -0.5586137833815066,50.48607940068866 26.767882524353446 976.7120400638458,0.69
2,425,8,0.7647820115089417,0.06527429805291352 0.7629666353717991 -0.6431338735622124 0.4117357541449608 -0.6076790807588834 -0.6791169292299516 -0.9089625596097893 -0.22047232959597207 -0.3538064684402269,-17.168467851741504 3.312846415046508 1047.5005261845954,0.69
2,428,8,0.8805921673774719,-0.5833457856267339 0.7349242683977063 -0.3458236748859534 0.5114564234082867 0.0016151371111950974 -0.8593076970948857 -0.6309675279647382 -0.678147263543995 -0.37682392121766783,-38.326643854232266 8.347968847485049 1080.362999735107,0.69
2,434,8,0.8114514350891113,-0.5326920768333605 0.7674013427350177 -0.35683936224504875 0.4843099345853367 -0.06935982583081857 -0.8721428219177553 -0.6940338886112898 -0.6374044192890495 -0.3347126644300771,32.222662275682524 -21.97203446838595 1086.07065277329,0.69
2,435,8,0.8533517122268677,-0.5441133722027183 0.7557424806688987 -0.3644090299410898 0.4769089253031681 -0.07875368442364117 -0.8754174627889708 -0.6902887186941158 -0.6501162666032294 -0.31756940145661905,37.723975901725964 -10.373380726243447 1052.5839239891636,0.69
2,438,8,0.875203549861908,-0.223380069135519 0.9330026180789691 -0.2821479388030337 0.494156637402419 -0.14110827869610842 -0.8578447828101281 -0.8401848382493851 -0.3310507035806012 -0.42952865938682616,-114.14235104014955 32.23757771491985 1001.6008055292225,0.69
2,442,8,0.8413304090499878,-0.5114501042346022 0.8078135825612739 -0.2930119565955197 0.3193305973230761 -0.1378953056720833 -0.9375568538957466 -0.7977761343207143 -0.5730812337732958 -0.18743302538553652,-65.00275495789577 113.05744702804888 1048.0712687683417,0.69
2,446,8,0.8035473823547363,0.5218644980698757 0.8515862088356395 -0.04958199849964917 0.5767761807540025 -0.39508684591039445 -0.7150074275861773 -0.6284796599485961 0.3445392765847152 -0.6973564396500389,-137.06076507855767 -17.81233990143908 894.0159025082208,0.69
2,453,8,0.8464937210083008,0.3569840221115741 0.9031515805830674 0.23849450821213916 0.9040699303546695 -0.26982384968126905 -0.3314402678789694 -0.23498929547012612 0.3339345933464919 -0.9128349896782919,-224.97094731021002 37.825905862106 962.3012247646781,0.69
2,473,8,0.8727267384529114,0.3764569536733975 0.8555580794767073 -0.35538786511792125 0.39131551342360354 -0.4945544816302272 -0.7760721832751634 -0.8397334880692606 0.15308898504329294 -0.5209716227141814,-292.517463336338 20.047888187980195 1099.0139808554743,0.69
2,474,8,0.8519337177276611,0.2807710300925589 0.9125057303566371 -0.29749104310392893 0.6137710717394413 -0.40900390108634666 -0.6752783725190431 -0.7378703816772841 0.007007207892615663 -0.6749060667092635,-122.78961932426004 -15.098530395766916 935.5406320096694,0.69
2,476,8,0.8854984641075134,0.5477726448697896 0.8250788185634508 -0.1385282378805699 0.6072680174233538 -0.5060077036938837 -0.6125208231702435 -0.575474312673524 0.2513983829709006 -0.7782211565439172,24.987351015807384 -91.32800001467335 896.8114181050393,0.69
2,477,8,0.8199503421783447,0.785377443193299 0.6079728063521025 -0.11641021630211484 0.3670115552308385 -0.6087758539516233 -0.703345205409487 -0.49848248720511484 0.5096675645769712 -0.7012518688516858,-84.91418602719695 -133.14464332985312 960.4951653963077,0.69
2,480,8,0.874144434928894,0.7506973081624159 0.6423138789259969 -0.1545523615372557 0.262754392359544 -0.5049269621927119 -0.8221975992099505 -0.6061465836029017 0.5766122126610566 -0.5478181042979968,-146.91996103159005 -166.4204658948261 976.3285562819992,0.69
2,491,8,0.8377059698104858,0.7080547191933463 0.6857720753273816 0.1684493257012556 0.6094583138082746 -0.47296689593090924 -0.6362883615810172 -0.35667783552949595 0.5531898191892696 -0.7528359353719356,-247.44492219866487 -42.43610917013151 958.1175713062337,0.69
2,494,8,0.8391405344009399,0.327417679803254 0.937666681928795 0.11652835085462149 0.10859520751019802 0.08516599503303723 -0.9904311355141505 -0.938618529466615 0.3369390848368242 -0.07394125540760399,-115.35841361074634 83.09500660122195 1047.986284667533,0.69
2,499,8,0.7122045159339905,0.19585116145595016 0.9805586843982805 -0.012123902320151592 -0.04363109217430766 -0.0036378000986896364 -0.9990410873463209 -0.9796625186011928 0.19619233639863515 0.042070378966826194,-134.62020768669527 198.78912640159484 1168.4918065463228,0.69
2,501,8,0.6130051612854004,0.28031846435618124 0.9542339878149324 -0.10420678979703807 0.29519208960571475 -0.18899308687389693 -0.9365592577878283 -0.9133910382608341 0.23177383289035786 -0.3346605767223094,-53.21712068495136 -93.90356572568699 882.9774223663118,0.69
2,503,8,0.9051181077957153,0.4892827661253375 0.8566454647400166 0.16358766002697017 0.3058415289638848 0.007122654397499373 -0.9520557898334359 -0.8167394529063547 0.5158563904176192 -0.2585127666703011,-120.39359141594329 -38.33958423165626 1083.34430492372,0.69
2,521,8,0.8289784789085388,0.2565234573405708 0.9379824701225362 0.2332050633602667 0.6836131282333849 -0.005505644105806562 -0.7298237998242769 -0.6832779864308568 0.34663896726393295 -0.6426294574894529,-120.92482534805485 -230.8357241308623 959.9119355589434,0.69
2,527,8,0.8641030192375183,0.6450293918670783 0.7640012223436679 0.015466605476590456 0.2565716577190349 -0.19746395370978775 -0.9461389810385181 -0.7197972409525433 0.6142557441674277 -0.3233911140931771,-96.20679866658975 -29.239021911099698 875.5446734878908,0.69
2,529,8,0.8886399269104004,0.5564826335866772 0.8300027955895998 -0.037715220135710104 0.18392199977667845 -0.1673249171643656 -0.9685943785166656 -0.810246738046247 0.5320692919248274 -0.24576918455337182,-96.22475096812524 -2.7154222044943523 932.1141473255057,0.69
2,532,8,0.8491598963737488,0.7771287821932861 0.6291414593364787 -0.01587072874023275 0.5819398840375306 -0.7279688673182314 -0.3625014476961395 -0.2396180862396775 0.2724744985487219 -0.9318480672231162,-61.18026121390834 -78.66977026985998 871.7108006985334,0.69
2,535,8,0.8913411498069763,0.870126050674018 0.4833570815001 -0.09615917898017841 0.46405085115203665 -0.8692676541879807 -0.170383546528402 -0.16594415772634674 0.10363241358875844 -0.9806746959977413,-31.469551554097162 81.48157079883605 954.5269760302007,0.69
2,540,8,0.7319790124893188,0.09482037025104095 0.9637668540255273 0.24932418347844593 0.7358064448996695 0.10084220854678971 -0.6696414896192706 -0.6705206730814237 0.24694999505394616 -0.6995839670213226,-117.87354515847484 -138.1144666935618 864.7879780866192,0.69
2,543,8,0.8216680884361267,0.5263418354847867 0.8226685593603251 0.21489698382832897 0.4847716187756941 -0.0827066244717638 -0.8707215926449051 -0.6985418740835075 0.5624731599894294 -0.4423383257681921,-63.90744188554505 -29.782509710917786 867.8884455401236,0.69
2,549,8,0.7412412762641907,0.16202988585731937 0.9829992956548422 -0.0863637703620466 0.9432293335197813 -0.17999897972214152 -0.2791393768116876 -0.2899392013455462 -0.03623192019576765 -0.956358984629744,-0.7512014308158337 -60.2354901619362 817.8678289050299,0.69
2,560,8,0.7909164428710938,-0.30440977291412086 0.9525102085673265 -0.0076806724576299334 0.46201357699440954 0.14059251375857285 -0.8756581523333613 -0.8329934842645554 -0.2701074742580693 -0.48287038377055413,-5.736468515500554 -52.35052083682295 969.0117707573417,0.69
2,563,8,0.9062188267707825,0.23094280594770522 0.9383308725714521 -0.25729476084891045 0.37200130426422656 -0.32950641210700704 -0.8677790928606668 -0.8990441869044674 0.10469335203184965 -0.425157443817723,-203.8338654103817 -31.565314218956196 905.228116898591,0.69
2,571,8,0.7530614733695984,-0.3591966180662931 0.9303264232569957 -0.07396307024172949 0.3810999345281918 0.07387416949453618 -0.9215776944914089 -0.8519041198822468 -0.3592149123732727 -0.38108269083798163,-45.187979477776025 -1.3870797368012333 1031.2269681446214,0.69
2,575,8,0.7212696075439453,-0.30328764110497497 0.9214292931035366 -0.24286758648221674 0.20202358288766775 -0.18690214073176037 -0.9613813300387705 -0.9312373911684442 -0.34064005577823997 -0.12946533779042202,-177.91802357694942 41.2793615216599 1044.3502398969986,0.69
2,589,8,0.8765727877616882,0.06440186199407871 0.9976652581007596 -0.022725161175243563 0.9154934137569909 -0.06812958538553171 -0.39652259577830773 -0.39714507366863716 0.004732058108346926 -0.9177436450811265,-147.0912439539669 -89.97521008256155 765.2207698734733,0.69
2,603,8,0.6762012839317322,-0.6199913408704694 0.7835185770943269 -0.041344607794957466 0.2874906615952955 0.17782737391351988 -0.9411304609789869 -0.7300409966167221 -0.5953789250847753 -0.33550570609717,-80.75504209790431 -135.68068777147334 1005.1528356641393,0.69
2,607,8,0.835089385509491,0.19729061132171155 0.933853174397754 -0.29831973342630785 0.26513053377587503 -0.3437871216189181 -0.900841947884699 -0.9438125951395355 0.09863398844321997 -0.3154189619850998,-265.0942526405134 -12.705377083842492 814.347644816561,0.69
2,611,8,0.8552269339561462,0.12604994099546618 0.9454131785720983 -0.3005084593771721 0.2938181322487731 -0.32491239193293686 -0.8989454058674868 -0.9475137558562843 0.02501718110858525 -0.31873472216327237,-265.99891391451956 -46.71070763588365 792.5257450644926,0.69
2,615,8,0.8941600322723389,0.5929829236887292 0.7819956328944524 0.19197417104280393 0.7255914138946953 -0.4155659716065949 -0.5484724453652744 -0.3491251241258122 0.46452960441361746 -0.8138328417601888,-198.98406035188668 -83.37605312108599 679.0120180833551,0.69
2,625,8,0.8857834935188293,0.8584287836130533 0.5059995754524882 0.0840503010495233 0.2645270456921992 -0.2963298988757195 -0.9177221982330293 -0.43946042547875797 0.810032728150047 -0.3882286874560168,-214.1238174026929 -63.37994141577173 690.2690431715104,0.69
2,642,8,0.9035863280296326,0.7060999537702708 0.6926880369792711 0.14699026740374904 0.6297520732553895 -0.5193685244099178 -0.5776405994065895 -0.3237826145983756 0.5004394261826993 -0.8029478184824785,-108.85920069245932 -67.49015487187098 707.4994237938027,0.69
2,648,8,0.8983089923858643,0.7997330924542223 0.5917783978475727 0.1011202683667638 0.33876810571777216 -0.3057688312988909 -0.8897986246081205 -0.49564417819843165 0.7458577274836472 -0.4450090998742957,-75.56313470794026 -95.0719820700189 672.5882035629631,0.69
2,649,8,0.9315556287765503,0.7136449026277061 0.6988774932364576 0.04776193464483125 0.4794944586875416 -0.43764435397000745 -0.7606263757759893 -0.5106819137598604 0.5657187188751139 -0.6474305476828126,-93.87285913641342 -64.98529285501147 627.0398466292579,0.69
2,650,8,0.9184734225273132,0.8183397620299562 0.5718616693569496 0.057395688000383666 0.17123554395136714 -0.1472666922520176 -0.974161644615938 -0.5486332311922365 0.8070233902889261 -0.2184372339097289,-103.37928728843855 -32.97505588245499 659.7274889700896,0.69
2,652,8,0.8199349045753479,0.06510272324868227 0.997835470786931 0.009274085670799376 0.868833994284401 -0.05211012389389724 -0.492353557277264 -0.4908045698660709 0.040111198276622295 -0.8703458886967839,-139.11981726122005 -123.00373828298602 696.9394545571026,0.69
2,667,8,0.6774725914001465,-0.4157690464947168 0.9082458841741343 -0.047175352225700906 0.376884203123716 0.12485486869767282 -0.9178069291513812 -0.8277042934603369 -0.3993753568301778 -0.39421431600601786,-152.73099790979833 -109.32896064580748 834.7354498782993,0.69
2,669,8,0.7735970616340637,-0.4764353141254718 0.8787850336882661 -0.02731768693861475 0.5995600927060114 0.30201341757254707 -0.7411582765108338 -0.6430684929994024 -0.36949257119956197 -0.6707742937380761,-155.39032666333105 -205.99507673230227 803.6812138749733,0.69
2,679,8,0.8451278209686279,0.7370523417774064 0.6758158999524122 -0.005168641209502167 0.39050867727062394 -0.4321100640778146 -0.8128861331693478 -0.5515947955309124 0.5971212288088392 -0.582399707803011,-265.4315486214653 -79.09629191820731 629.8915345415724,0.69
2,691,8,0.898666501045227,0.2791703918285159 0.9592869653986011 -0.042806662362957104 0.9397011937411339 -0.2820982748623755 -0.19334484684407743 -0.19754887700971868 0.013750684928941034 -0.9801965924528528,-166.13281216405318 -100.74070442071509 655.3164795909065,0.69
2,695,8,0.8624141812324524,0.43112487809123234 0.8599700493001802 0.27309861551729964 0.8614863866893762 -0.30232697389832475 -0.4079701047900008 -0.26827699312408926 0.4111568011843261 -0.8711931701983033,-133.07213996865448 -114.83195696694308 588.109065160152,0.69
2,703,8,0.856529951095581,0.8833136149616766 0.45120541923783297 -0.12716417449009074 0.14910730785847567 -0.5276009594558739 -0.8363039150478965 -0.44443679906881317 0.7197575266932975 -0.5333151361079251,197.00367700126762 6.943124120314259 1109.659033989166,0.69
2,708,8,0.9004135727882385,0.9656635462713092 0.25228962309570524 -0.06199888290079183 0.18673473432888907 -0.8399560394782783 -0.5095134843545204 -0.1806213010634081 0.48044125324767006 -0.8582261635373101,128.0361288770947 -49.72849256638778 1067.9542025449114,0.69
2,711,8,0.8933168053627014,0.619820315523463 0.7770221185439663 0.10981531659036153 0.35064665772071907 -0.1490378164237438 -0.9245726854633612 -0.7020467918121154 0.6115753073572291 -0.3648368752432072,143.84770883743937 128.73734525293872 1105.8378433880296,0.69
2,727,8,0.8261026740074158,0.8319961652649854 0.5545296190506028 -0.016711749757357452 0.01224321839560899 -0.04846840368077032 -0.9987496770702637 -0.5546462697861373 0.8307512957800498 -0.0471147532317866,169.58369917312646 142.20201492849512 1124.6637742567502,0.69
2,736,8,0.8990443348884583,0.67808717522469 0.7345019245257305 0.026546292844740693 0.266112744622804 -0.2116852262954223 -0.9404112781743816 -0.6851144356566419 0.6447451340151811 -0.3390013602017359,-28.008508793430103 92.83586984267333 1099.1212209033688,0.69
2,737,8,0.8934234976768494,0.6361072946095556 0.7649193260767362 -0.10132094718676832 0.10578248899753867 -0.21652474201804495 -0.9705292891590162 -0.7643151017518872 0.6066427784852725 -0.21864803805584754,24.03098991477367 84.73461790830211 1085.4417123765356,0.69
2,739,8,0.9185897707939148,0.7449028157089983 0.6648383957076816 -0.0557647087470407 0.1583488306314344 -0.2573740638479076 -0.9532493058460996 -0.6481091289177028 0.7012478155768114 -0.29699504736996407,-19.747408120809986 -42.19728152940319 1124.362391117616,0.69
2,740,8,0.8543344140052795,0.8282310213755982 0.5538780971462243 -0.08516119264554234 0.012478966132957459 -0.1701601415845193 -0.9853374049634923 -0.5602478475062497 0.8150242816736287 -0.14784373387803762,60.70111857339524 110.24920493833972 1155.479424575321,0.69
2,750,8,0.6351293325424194,0.9953189197041995 0.09656192133060396 0.004005424797391126 0.05921679349960032 -0.5765792952706437 -0.814892439302779 -0.07637813460991957 0.8113150507750673 -0.5795983686479447,107.2881752179142 -129.77731387995743 1006.7969523589355,0.69
2,754,8,0.7793750166893005,0.9912346386853409 0.09473073140384224 -0.09208680469011161 0.04113149598481862 -0.883671186598135 -0.4662975809655191 -0.1255471668672476 0.4584226461508387 -0.8798219060626249,151.14257939278835 -258.2668300527734 1010.4251962277475,0.69
2,756,8,0.7861115336418152,0.9903780624643828 0.11467623344303532 -0.07746389399335477 -0.002195601263398593 -0.5466669311320373 -0.8373472671130971 -0.1383707798792339 0.8294604438368346 -0.5411551527848681,120.40703135876103 -173.06731638711807 1066.8619277759567,0.69
2,757,8,0.7727622985839844,0.9732599852690924 0.22465187178797574 -0.04792220337343653 0.08330677323549557 -0.5396224411710553 -0.837775389061818 -0.21406770566130665 0.811381018687737 -0.5439079516849834,169.07253216599145 -200.5186116562487 1076.7043014197857,0.69
2,758,8,0.7663681507110596,0.9806174566848229 0.19147547596389383 0.041551723783615005 0.15286156643514795 -0.6149886077577267 -0.7735776327138773 -0.12256730865929287 0.7649353923257924 -0.6323378056192785,158.2064771048877 -249.36447414940568 1113.6343559965326,0.69
2,761,8,0.8146592378616333,0.9130061575587224 0.40202474350220047 0.0692521614958499 0.18689876886140583 -0.2613248532653276 -0.9469837228083414 -0.3626135773215726 0.8775451137564637 -0.3137291297667575,175.7767439063973 -16.987844679402954 1138.0505148279485,0.69
2,762,8,0.7822819352149963,0.9904509970421004 0.13786432960002926 -0.0004990813998728555 0.0533699581170621 -0.3867555950774024 -0.920636604337948 -0.1271159707860985 0.9118188067265661 -0.3904202782526145,-50.004059941041945 -110.30142000136155 1070.4852593146015,0.69
2,764,8,0.7586191892623901,0.9960070439687172 -0.08619154596170028 0.023259100787218368 -0.0411359157592972 -0.6743175937408716 -0.7372947980327574 0.07923259934737646 0.7333940279114991 -0.675170641411788,70.09966112561136 -34.13048533592956 1117.43611001976,0.69
2,768,8,0.8569249510765076,0.9882150457667971 -0.15082739736345713 -0.026117418032665478 -0.14259445922908215 -0.8450352201829006 -0.5153467733939963 0.055658274472829415 0.5129976343561471 -0.8565836699515728,35.95814778683023 -192.95629849601872 1077.6482346989333,0.69
2,769,8,0.8506917953491211,0.9989469754566773 -0.00879515050421681 -0.04502871920857522 -0.030159903749678335 -0.8654772016474139 -0.5000395920668408 -0.034573406424109776 0.5008710999410633 -0.8648310938050641,55.81411947352973 -206.57201808820744 1076.8950581596032,0.69
2,770,8,0.7458130717277527,0.952324631352944 -0.3042509532104232 0.02256444080911907 -0.25344583951509775 -0.8301336044776009 -0.49663206214411293 0.16983227888409996 0.4672360818553888 -0.8676678171175063,-15.189875791160642 -143.44402734591137 902.8302151242024,0.69
2,773,8,0.7293300628662109,0.8745712558941952 0.40423233002743736 0.26780840487975555 0.47738050090850365 -0.8146496387299837 -0.3293232810923834 0.08504690303589128 0.41586318600916783 -0.905441789849744,82.28156484513151 -85.17760878280721 1016.4232211994977,0.69
2,775,8,0.777765154838562,0.9870178774931755 0.08447986205787042 0.1365974465923501 0.11759237063782904 -0.9594074708770814 -0.2563383295432378 0.10939718404347616 0.2690733315137815 -0.9568865128067343,172.48679616016125 -119.42772859928205 1002.1445580169916,0.69
2,785,8,0.724483072757721,0.9794698981239032 -0.19213776361479656 0.061006544421524075 -0.04272790487864454 -0.49361828926232265 -0.8686284076925065 0.19701026575747854 0.8481886961630899 -0.491693899583191,218.1595637043837 -57.69884254460872 1123.8719751831404,0.69
2,788,8,0.6910340785980225,0.9889518912334883 0.14793083977387397 0.0095196359963656 0.05655797394537911 -0.31718267766099006 -0.9466764730228585 -0.1370231820127554 0.9367558997068561 -0.32204507752098666,88.86674229170703 -50.01030771455427 1005.9190790044461,0.69
2,791,8,0.7141789197921753,0.9971978467809417 0.019647218104222895 0.0721833858738884 0.07412142572147803 -0.3900484442198946 -0.9178062025344214 0.010122678720032134 0.920584704403894 -0.3904117485336809,80.2202696390308 -143.9171096879739 1086.8385025761827,0.69
2,794,8,0.7513914108276367,0.9627748352809835 -0.07451508292987005 0.25983094304880155 0.1942457841075185 -0.4777321066085358 -0.8567616994659751 0.18797125287163002 0.8753396693463201 -0.4454742095369211,-29.49403516435894 -88.86211404173315 1082.6808610518917,0.69
2,801,8,0.702302873134613,0.9977180830558734 -0.003474936520117093 0.06742812142937449 0.06497139593043563 -0.2222581440414637 -0.9728206592780063 0.01836693916154475 0.9749816625062367 -0.22152519794012382,63.28037196457588 -6.765627394290355 1205.1562510494493,0.69
2,803,8,0.7572984099388123,0.9668178794664853 0.23730504072039074 0.09460182658184998 0.1220248253419913 -0.10363963086890471 -0.987101194869915 -0.22443959085728446 0.9658908554086486 -0.12915775429204346,111.56875739596518 83.67772593462209 1160.5608110796657,0.69
2,804,8,0.6841892600059509,0.9069005975674418 0.41675468342288874 0.0620228988108818 0.15889837154330294 -0.20195310428984725 -0.9664192936756698 -0.39023404983766286 0.8863015725546141 -0.24937303149000423,223.25102994228268 22.233103405274125 1162.048561466805,0.69
2,808,8,0.7174128293991089,0.939996935844744 -0.2923419520697719 -0.1759032224336082 -0.26970466540359767 -0.32092812843722296 -0.9078901529575673 0.20896208761884463 0.9008558816136 -0.3805174457237903,-20.960343700905984 -194.4915588570616 1136.4719556793955,0.69
2,809,8,0.8468523025512695,0.7986448413098453 0.5994249837637092 0.0534425512962203 0.49627678150488086 -0.605769306882362 -0.621894607613235 -0.34040530781456524 0.5231952175614183 -0.781275233661308,-3.1727808410163805 -112.75149982370787 983.9449709000858,0.69
2,819,8,0.5798901915550232,0.9540540298871285 0.2853614166022208 0.09137707574060278 0.2996320453036131 -0.9098647645491715 -0.28699607603424604 0.0012431746875042199 0.30118926300028515 -0.9535635701777003,76.71705879065556 -20.63344323874918 915.769148553743,0.69
2,821,8,0.6414063572883606,0.9498689354341852 0.30324604320551574 0.07609758719779611 0.2799176306451667 -0.7164344725064751 -0.6390365925816497 -0.13926638342085196 0.6283020642052417 -0.7654027636246872,146.53311433867265 -98.76597575805214 1049.8577481055963,0.69
2,828,8,0.8582201600074768,0.8146414925792722 0.5756291468976064 -0.07078364083705696 0.259339152332293 -0.47072095571422645 -0.8433059859381132 -0.5187508483229528 0.6686350776719835 -0.5327519969655652,107.11727069110773 -92.98124205754661 1002.8301254370995,0.69
2,837,8,0.6796629428863525,0.9607829853290217 -0.276066812384967 -0.026137524784419913 -0.2350707712816299 -0.7608383331895934 -0.604869211679964 0.14709788438761576 0.5872922150419541 -0.7958957636272497,-9.552168970718341 -195.77079177341906 1008.9285377673434,0.69
2,840,8,0.6799250245094299,0.9908851374826874 0.08959431158722904 -0.10059574368295292 -0.031050020113831137 -0.5747487923148538 -0.8177406202357492 -0.13108219012072742 0.8134105267721999 -0.5667281309140442,75.71660172756656 -195.70475026273806 978.3294340987726,0.69
2,844,8,0.7296349406242371,0.9789374762785491 -0.191939448119883 -0.0695748934086136 -0.17933814691964184 -0.6455841317655391 -0.7423334546360983 0.0975666264498992 0.7391754710946313 -0.6664085656226337,138.93044166167635 -262.0897821828639 935.701248870778,0.69
2,850,8,0.6701421141624451,0.9968808485811893 0.017913930411336276 -0.07686133507340213 -0.06521845417844235 -0.3614354827728461 -0.9301134043907409 -0.04444240054972741 0.9322250173053592 -0.35913979192425916,6.375079970105375 -210.22666066341927 1008.6619480952363,0.69
