scene_id,im_id,obj_id,score,R,t,time
2,3,6,0.8132659792900085,0.25083544583281125 -0.9568151070858798 -0.14692321112094925 -0.9338712048931724 -0.19921804853238467 -0.29697936260003455 0.2548845852248213 0.21170030701721865 -0.9435130249358439,114.27430528557547 -318.8682991603415 1231.7734876561344,0.69
2,8,6,0.8518944978713989,0.2428643384985577 -0.9699802955894619 0.012455490911172776 -0.9630729061420835 -0.24263344164306377 -0.11670300103889297 0.11622173007101443 0.01634745131885778 -0.9930887524761713,-82.52657855813901 -234.94601474939577 1162.4119820250203,0.69
2,17,6,0.8099198341369629,0.3478867786332196 -0.9252636889008 -0.1512015054617016 -0.6853232920582394 -0.14091683077468087 -0.714474934596643 0.639770876654024 0.3521782968981817 -0.6831278596128532,99.40310468154044 -132.6834223653148 1340.8924253756693,0.69
2,36,6,0.8731340765953064,0.2762369503699119 -0.9603593882581559 -0.03745654328354053 -0.9131480920864422 -0.2501028208376721 -0.3218837382160372 0.29975608278936 0.12311955325398352 -0.9460379836123489,115.14546789477522 -207.7862411040401 1226.4266362072062,0.69
2,38,6,0.8035379648208618,-0.019046925774586665 -0.9990163056602694 0.04004541975613311 -0.9847972760885222 0.011828950881587974 -0.17330435923446458 0.1726601854139071 -0.04273753556241247 -0.9840538417316849,52.55942467185895 -228.13357832734295 1182.2114812107918,0.69
2,39,6,0.8344882726669312,-0.08391690728762846 -0.9949602145463092 0.05488282191398644 -0.9514097902921288 0.063624774540046 -0.3012827558972072 0.2962724482761897 -0.07749877118181317 -0.9519540833767888,71.1471981421932 -165.30393135172716 1184.8087956812021,0.69
2,41,6,0.8510119318962097,-0.1396781375857441 -0.988002772686436 0.06588276743195412 -0.8941591549825778 0.097266914290848 -0.43705669305615186 0.42540501106759476 -0.11995694456033729 -0.8970177857826052,102.6060147523369 -193.317245158708 1226.5453702723032,0.69
2,47,6,0.8487980961799622,-0.14204822103262837 -0.9868430968844318 0.0772204961976399 -0.8379207917452961 0.07834611314637163 -0.5401394572846833 0.5269829690439738 -0.1414305083297096 -0.838025275067046,55.70111098896344 -237.63611553044544 1232.5212215308686,0.69
2,58,6,0.7632886171340942,-0.07157485337751135 -0.9392080920049775 -0.33580530114391893 -0.5335540191004813 0.32050324878617986 -0.7826862565672326 0.842731955645276 0.12314961400619279 -0.5240582252998371,-13.400400653788077 -81.98623405216738 1353.6939686366009,0.69
2,61,6,0.7464857697486877,-0.35592739801413 -0.9170766208551748 -0.1796834962475548 -0.5630083053662209 0.3638952474843763 -0.7420255365868083 0.74588024201714 -0.16294391777276773 -0.6458420427854743,86.17724396568742 -169.6336350270793 1320.3408898159291,0.69
2,62,6,0.7933091521263123,-0.5733231141792303 -0.8193209477276628 0.0037136723703577457 -0.6102052685247306 0.42396008278007624 -0.6692588277144893 0.546763328152585 -0.38596765774317876 -0.7430200738632529,-220.89323758531242 -207.70650750902348 1297.8886919204256,0.69
2,64,6,0.7566601634025574,-0.5454955705538795 -0.8380229028967158 0.012336803745696734 -0.49311400924861803 0.30901159392202526 -0.8132345348695685 0.6776969502578951 -0.44969928734914777 -0.5818052892238241,-213.8437722096385 -114.53058866622011 1353.9563055538802,0.69
2,65,6,0.4792540669441223,0.4758176648160448 -0.5889819503661071 -0.6532211049804979 -0.3505632607146979 0.5541430796044116 -0.7550038725487557 0.8066616081642195 0.588239500092841 0.05719563308889786,102.49354962119074 70.89094065316141 1278.6079180863912,0.69
2,69,6,0.39575228095054626,0.011631094293858668 -0.9128556426341343 -0.4081167643659703 0.3893208781359095 0.380072311670998 -0.8390317584862613 0.9210287571476863 -0.14912951958644982 0.35981441729717145,23.713307082076533 160.7558299373826 1870.4248955940104,0.69
2,72,6,0.5412170886993408,0.30887857130887886 -0.7694754783226738 -0.559018350724087 -0.3058845204425087 0.4761638148543532 -0.8244408296397054 0.9005713121901243 0.4256471657176184 -0.08829383883780295,5.1703736104191815 -23.775765172184933 1722.645506955713,0.69
2,79,6,0.8494199514389038,0.7484285654302347 -0.5353822361952703 -0.3914339581776124 -0.6165439996544373 -0.34416459204726557 -0.7081131477885781 0.24439349201267646 0.7713083655370861 -0.5876693171455853,457.4461248787029 -108.7723979978932 1208.459443912209,0.69
2,89,6,0.8076456189155579,0.29435828223332117 -0.6154748130705137 -0.7311251303001866 -0.7071252134553139 0.37437238658918837 -0.5998493549678054 0.6429052295450904 0.6935676395531525 -0.32501814593687417,145.10715742879262 -190.242986756209 1249.2383115594555,0.69
2,96,6,0.8413214087486267,0.6902796784928913 -0.6701840561712944 -0.2727036785845435 -0.3514883377425386 0.018839774376848695 -0.9360026769899841 0.6324317464286069 0.7419557896230884 -0.22255716648547064,340.41672318174443 91.00512309591666 1296.8422908619568,0.69
2,97,6,0.8331425189971924,0.7269041917005657 -0.5886650917437141 -0.3536717487310968 -0.679594821948171 -0.542520924167976 -0.49378327717852066 0.0987986541881069 0.5992866230797169 -0.7944144820736396,508.37760562536585 -281.3795358098228 1086.6884909368691,0.69
2,102,6,0.8138693571090698,0.8297946414354804 -0.43682759177475416 -0.34730751231326845 -0.5554068585994213 -0.7071355283157701 -0.4375872096100385 -0.05444331424229115 0.5560044960770066 -0.8293943126622401,446.66045180408923 -231.8360678162284 1059.049574124392,0.69
2,107,6,0.8626858592033386,0.8875950208974139 -0.37151220672400637 -0.2723118784283536 -0.4491300624367491 -0.8292610687141562 -0.3325782117496835 -0.1022607739736071 0.41749821576877977 -0.9029052962167206,316.50686943812536 -130.26915087440966 1062.5687282053161,0.69
2,110,6,0.8253821730613708,0.8312771265580852 -0.41957956019609477 -0.36459749248587126 -0.5489416362374445 -0.5165160803898912 -0.6571713769661764 0.0874152095821453 0.7464342779939268 -0.6596926934333851,416.77365472436645 -111.18009466168175 1133.9175433118082,0.69
2,115,6,0.8274972438812256,0.7310909778355605 -0.5517312183518844 -0.40137095662664635 -0.5429153775967207 -0.11415505905728462 -0.8319924971179957 0.41321770883694486 0.826172672743158 -0.38300109649447833,303.6353617297335 -121.34448352469656 1245.904137042352,0.69
2,119,6,0.7820194363594055,0.3178120974896872 -0.8852711444653176 -0.3395445058696615 -0.8840249939525469 -0.14720059700338117 -0.44365729376293117 0.3427758462266634 0.4411654848454435 -0.8293839486176953,327.76878936599235 -317.9458875143155 1088.591601737902,0.69
2,124,6,0.8295130133628845,0.3660050938047883 -0.9085298352843422 -0.20152868209551317 -0.9227302029640169 -0.38241962936664264 0.04820995346465671 -0.1208687049940244 0.16831151319290752 -0.9782954516299163,175.6423642902358 -299.4596607552758 998.8025827112265,0.69
2,126,6,0.8121369481086731,0.20254624034267366 -0.9739868025866012 -0.10161067320994034 -0.975270072014659 -0.19125764151574143 -0.11076462067988306 0.0884494610247571 0.12153280606060916 -0.9886386953257822,187.22501100649976 -342.5202530246345 1058.212408329874,0.69
2,136,6,0.6997595429420471,0.571711318531754 -0.7650740259983401 0.29632398317614184 -0.5607027012037918 -0.6280059243424694 -0.5396489968984767 0.5989646476424586 0.14237378176283688 -0.7880171680497154,84.99327384919985 -123.1296463872002 1252.5723726779495,0.69
2,153,6,0.8011948466300964,0.8239343101697949 -0.38535260047969955 -0.41549443537616393 -0.5559274917012408 -0.4074620000232867 -0.7245131762140631 0.1098948428989781 0.8279360433273553 -0.5499500265148214,553.4675329752126 -231.9981326084674 1079.3329988668868,0.69
2,156,6,0.8459051847457886,0.8155680592110941 -0.5413914634858953 -0.20431354350421738 -0.4915658578003016 -0.46190593037194216 -0.7382451618075694 0.3053059911624777 0.7025227361102493 -0.6428452823257444,245.84263682468784 -90.3697220196421 1160.1179578735992,0.69
2,162,6,0.8479577898979187,-0.39148014822241106 -0.9181664259727813 0.06094019826131561 -0.8823711384842456 0.3557778198439474 -0.30796642167142824 0.26108325782741293 -0.1743346125227489 -0.9494435082503685,-46.51194440665293 -259.31411160726776 1205.6998396716233,0.69
2,166,6,0.8453422784805298,-0.7210417525174946 -0.6736985758045894 0.16195375909613552 -0.6516640076734262 0.5799322307267452 -0.48888917851319846 0.2354417385034136 -0.4580489457723589 -0.8571804658572906,-219.15714074121988 -186.09376221029143 1095.3974239726795,0.69
2,175,6,0.8077971935272217,-0.5576361898097095 -0.8198395285826582 0.13001933390028836 -0.8294329933674612 0.5565294296925525 -0.04812383400743788 -0.03290576435828506 -0.13467791674750215 -0.990342904964008,-132.78406652785623 -222.93820601909903 1016.8624827452837,0.69
2,176,6,0.8120999932289124,-0.5181664178068417 -0.8431582999666488 0.14348395260298769 -0.8547956782917198 0.5048896161641165 -0.12004509095939697 0.02877345705723413 -0.18485279734697502 -0.9823449147229164,-159.2703116814011 -312.19636956259353 1060.0215743635574,0.69
2,203,6,0.8587573766708374,0.3067778699287238 -0.9172173392330948 -0.2541646929299136 -0.9493293874123628 -0.3140307622559493 -0.01258548974874675 -0.06827190283903915 0.2451469619781365 -0.9670790631151247,299.91187832933207 -328.7334608978095 947.3154655358131,0.69
2,207,6,0.9201623201370239,0.5536219514029423 -0.5303685839986927 -0.6420373042370824 -0.8289925555954278 -0.27765812924838684 -0.4854660709355989 0.07920907581937686 0.8010088191583835 -0.5933892431939869,396.7405881139061 -322.32627810512247 963.6049088759241,0.69
2,221,6,0.7811341285705566,0.5958580500139585 -0.7266826723216118 -0.34188518245323823 -0.5017279138100776 -0.004435369387908894 -0.865014120117227 0.6270743853302814 0.686958966202432 -0.3672398317404255,209.65692138016777 -16.909009241687144 1105.1103208374338,0.69
2,224,6,0.7522032260894775,0.4628543349065142 -0.7445592383913039 0.4810378417384748 -0.2900809072874527 -0.6400108339561945 -0.7115048837822444 0.8376269646361301 0.18978322619467258 -0.5122142082855623,244.37221631802592 -73.30603428080659 1139.1956140356951,0.69
2,243,6,0.7605265974998474,-0.4939120111580495 -0.8693122334991156 0.018632389073603983 -0.6918629213795996 0.37993184515822187 -0.6139849273840157 0.5266655705985507 -0.3161455894417131 -0.7890978032048086,-94.98257623736033 -316.08027844764445 1144.5086897635672,0.69
2,248,6,0.65907883644104,-0.04269046384323394 -0.972107221007595 0.23061889593383456 -0.5113348650077987 -0.1770473562516448 -0.8409464248522374 0.8583205579061391 -0.15382387496482613 -0.489514080866424,97.37761540902886 -55.949282274889754 1260.3210762804817,0.69
2,249,6,0.8277873396873474,-0.40769587161566956 -0.9131054052646278 -0.004753434974798243 -0.7981874558599843 0.35890440296593884 -0.4838227101319539 0.44348716055293563 -0.19345838934557222 -0.8751531237540731,-118.60716619421275 -179.42754452965167 1130.2191587745322,0.69
2,254,6,0.8414493799209595,-0.683993658502853 -0.6882213077805163 0.24187622174318474 -0.71619435271023 0.5705304002498874 -0.4019461550216371 0.13863017086427154 -0.44815900516176077 -0.8831393898012725,-212.61222568007466 -298.22617524256395 983.2566387470389,0.69
2,258,6,0.7878076434135437,0.7233682174963775 -0.5165632684122513 -0.4581493333437976 -0.5903155727715569 -0.11850912525662394 -0.7984253952463556 0.3581423550203222 0.8480082410909477 -0.3906610763594647,411.46693914509694 -47.18882812400548 1073.6417089915913,0.69
2,263,6,0.8843559622764587,0.8725050373817457 -0.378349625143154 -0.3091706986399479 -0.43519979830743677 -0.31412447824978873 -0.8437576356498735 0.22211730075940722 0.8707338131245008 -0.4387328701898483,353.6800798266142 -59.35680083285256 1030.861332683244,0.69
2,266,6,0.8203945159912109,-0.1963686323630125 -0.9805298129786635 -0.0008037934481269909 -0.9504560033159486 0.19054715541840817 -0.24561182244066843 0.24098287487818187 -0.0474664873566628 -0.9693679314860102,43.28132602763073 -353.12222218941247 956.6412121084418,0.69
2,268,6,0.7823701500892639,-0.012774610178362789 -0.99263019876207 -0.12050766714348392 -0.9950092866661571 0.024546774326884457 -0.09671595172592248 0.09896124889519563 0.1186707393409126 -0.9879898414666952,86.63595250187491 -389.5878159135721 892.2288062722613,0.69
2,277,6,0.7088316679000854,0.36044486617572435 -0.9183937474091205 -0.16319443362871466 -0.7352343145027719 -0.17206060606916318 -0.6556108987934472 0.5740296170279051 0.3562977302186266 -0.7372529594486901,236.00088195523054 -178.66970281072375 989.9069351845033,0.69
2,307,6,0.851801335811615,-0.7475943104948946 -0.6384639395869374 0.18293863660471266 -0.6636797628858528 0.728585426411041 -0.1693884552064274 -0.025138004126057947 -0.2480465163403213 -0.9684219155306169,-331.4910531154077 -248.60721754837962 841.6525169157035,0.69
2,310,6,0.8446896076202393,-0.7673689585092802 -0.6242434167075895 0.1465095157783873 -0.6336248816442963 0.7032050770982069 -0.3225246175171071 0.09830763387262562 -0.34032745443255025 -0.9351539086598668,-264.41106086451464 -275.12409012345205 891.780160164511,0.69
2,322,6,0.718273401260376,-0.5759531585837354 -0.8174514238797503 0.007150434559333563 -0.5167846376312877 0.3573066021393513 -0.7779881942394307 0.6334126596664431 -0.4517799925457082 -0.6282382039558583,-181.19002864164847 -91.49184800907994 1115.0547603809136,0.69
2,326,6,0.5509335994720459,-0.640439785249532 -0.645573822760374 -0.4160184140589102 -0.245773743349519 0.6854761674519513 -0.6853595340661348 0.7276208824308841 -0.3366851098904461 -0.597671304504876,-171.81277150187657 -107.37062431260672 1025.505483723539,0.69
2,342,6,0.9413243532180786,0.677667327306792 -0.7153173818100003 -0.17055215267288665 -0.720862800683781 -0.6003475294965654 -0.34632306654005385 0.1453403457103532 0.3576365293253154 -0.9224815969985192,195.38608862269209 -287.5446553346118 788.7848052561537,0.69
2,356,6,0.7661598324775696,0.693892088631725 -0.6827756064433188 -0.22876022508351557 -0.4483328883325289 -0.16104814696776515 -0.8792389411290096 0.5634814908883118 0.7126576777136469 -0.4178607947894588,226.0337672542749 -77.30587966502489 951.1627313203475,0.69
2,365,6,0.7587464451789856,-0.12750801108049803 -0.887620876002609 -0.44257303080356847 -0.5650955526803778 0.43172279741328234 -0.7030522331480842 0.8151127059806844 0.1604512595089575 -0.5566387247316118,-81.17332532893195 -210.8871645729801 1046.1015364219843,0.69
2,368,6,0.8965693712234497,-0.7810657197937216 -0.623575902757978 0.03300658817097704 -0.5913921810869301 0.7217144057566363 -0.3596993253713287 0.20047850137199127 -0.300468650649145 -0.9324842950230974,-251.9432410063847 -258.87539358246016 862.7728988457707,0.69
2,387,6,0.9068752527236938,0.36285080867347463 -0.7161615334556314 -0.5961979106332764 -0.8613408108841863 -0.013631405565460941 -0.5078446536960711 0.3555717904310997 0.697801435066444 -0.6218053224835196,55.23269710454245 -307.4513058689339 882.5600012547554,0.69
2,389,6,0.9111952781677246,0.749056977795299 -0.4313386858517425 -0.502852445657635 -0.6028563817932717 -0.1290263842903261 -0.7873476837383153 0.27473228231734603 0.8929160824202109 -0.3566833929524127,346.79375946001755 -160.96479951573392 856.8121960667679,0.69
2,402,6,0.8292710781097412,0.14472977163378187 -0.9738535600772755 -0.17510721495029777 -0.9893229450716456 -0.14548762213937927 -0.008571006883377225 -0.01712902675574421 0.17447806546682504 -0.9845120624519315,220.38881996392024 -265.0660549475158 1096.6956680480496,0.69
2,415,6,0.8144126534461975,0.2990496807429215 -0.8798492363185674 -0.36937055892042964 -0.8215418347741056 -0.0404811912930092 -0.5687093166702083 0.48542589770587347 0.47352570627277746 -0.734938843262019,380.8785780100659 -246.86044208035565 1197.2889453530252,0.69
2,417,6,0.7762660980224609,0.5455848158306764 -0.73841203656665 -0.39633934070250865 -0.7203896048224021 -0.17156806796147728 -0.6720142969608529 0.4282242706793138 0.65215953746722 -0.6255492879795419,466.2873433592663 -179.62945640168928 1198.112725594957,0.69
2,428,6,0.8201200366020203,0.6856170138684528 -0.4893757908044335 -0.5389254546490092 -0.6704063734234086 -0.1359531410554935 -0.7294326822335413 0.2836980873523456 0.8614105170078206 -0.4212924357509169,429.6753848135585 -155.54915986311124 1161.5345806269,0.69
2,434,6,0.8165556192398071,0.6516236967111526 -0.5390097995049274 -0.5337180846871783 -0.6493010481183565 -0.03258429996957024 -0.7598331476764469 0.392166682415648 0.841668996359704 -0.371212329765531,479.5257142578158 -197.95023646385079 1191.9036785505332,0.69
2,435,6,0.8333871960639954,0.6534620815651457 -0.5408110131366667 -0.5296326614047128 -0.6412100550608099 -0.023626285321014295 -0.7670016062113844 0.40228966335895355 0.8408122541400206 -0.36221234109637646,485.6659876282864 -187.71674477820068 1145.970677201554,0.69
2,438,6,0.6639993786811829,0.44655517489964214 -0.7924593498718044 -0.41544753528105943 -0.6901605558083432 -0.009564924103470762 -0.7235930620405464 0.5694443633724624 0.6098497282344661 -0.5511954517189701,257.96567554244893 -163.52260242447218 1270.4311149569485,0.69
2,442,6,0.702307939529419,0.6543952852982386 -0.5980240446508742 -0.4627462075466918 -0.5396691436739864 0.05928108839076296 -0.8397874540176179 0.5296451887307416 0.7992828001268485 -0.2839418593229277,386.47446664981516 -6.533466813391811 1202.0468266522469,0.69
2,446,6,0.8219388723373413,-0.17474698673327493 -0.9841346398138127 -0.0307001847906187 -0.8010155252396793 0.1602250457514769 -0.5768033139978808 0.5725710601773735 -0.07620331641388384 -0.8163059693612955,0.8544566843094166 -254.26092622518954 1205.5003593753574,0.69
2,453,6,0.8680858612060547,0.0723977849023949 -0.9802250236588144 0.18416694528145777 -0.9868500541754408 -0.09715765465475368 -0.1291795677184183 0.14451827329149874 -0.1723928453708696 -0.9743691166851398,-41.01276438699639 -263.7480586472655 1196.1642439415823,0.69
2,473,6,0.7020897269248962,-0.20596003107913918 -0.9135006720550258 -0.3508518031204863 -0.5407038601424632 0.4050717478385144 -0.7372626497592907 0.8156100791584908 0.03786028602727848 -0.5773619293969885,-95.37586055398519 -192.92555047165422 1389.0462473418186,0.69
2,474,6,0.7785845398902893,0.05888917413952732 -0.9297087258213952 -0.3635570798385348 -0.8472086189989263 0.14607528260360592 -0.5107832883975446 0.5279863834068991 0.3380882975552909 -0.7790549929196713,117.99250553834428 -262.00969559920503 1137.021136057995,0.69
2,476,6,0.8548457622528076,-0.20307865340504216 -0.9712028704733019 -0.12459552526320361 -0.8654933935686396 0.2375519802866385 -0.4410104787314428 0.45790855661391017 0.018276789825222906 -0.8888114044798536,155.65645232801378 -373.82275674777117 1158.9022075172138,0.69
2,477,6,0.866093635559082,-0.4617882038385195 -0.8858676080782055 -0.04461205838552093 -0.7342150376686165 0.4099862118038128 -0.5411465463181221 0.4976745254248669 -0.21714024750966396 -0.8397441155819882,-49.43564353369464 -383.92466434250974 1294.6369281471334,0.69
2,480,6,0.8746616244316101,-0.41733309026468857 -0.9022101466072576 -0.1088574440680865 -0.6037678771644415 0.3648034202637428 -0.7087896832405359 0.6791888119473625 -0.23007676093596696 -0.6969700436910791,-94.45328327977357 -348.3012347572749 1324.5700222577752,0.69
2,491,6,0.8680446147918701,-0.341815556536067 -0.9094718471053429 0.23669196148736343 -0.8648292875891714 0.20586239957885089 -0.4579202722828989 0.36773962070729577 -0.36122241315072634 -0.8569048602964167,-194.40108088550483 -296.35153925459866 1263.6005754977937,0.69
2,503,6,0.77882981300354,-0.17446581166676123 -0.9663764943992201 0.18888661051575906 -0.44624448453624826 -0.09339959565733458 -0.8900238061715116 0.8777400187871328 -0.2395683338918569 -0.4149451443454226,26.19009654361648 -49.27125968836133 1418.7961378336804,0.69
2,521,6,0.5853258371353149,0.003330839472398761 -0.9759841440688823 0.2178161060035284 -0.7652802460279118 -0.14269514230162916 -0.6276816401671925 0.6436886285680897 -0.16459965640805288 -0.7473766805048732,93.006164803476 -363.1540177184104 1264.7541801652708,0.69
2,527,6,0.699126660823822,-0.2780977574625161 -0.9482569281591929 0.1532006380287344 -0.6043594262385074 0.048766435690539955 -0.7952179064047181 0.7465998400823445 -0.3137365661636081 -0.5866498494339587,-30.393158484168616 -108.70816767544946 1303.6107780084023,0.69
2,529,6,0.6565641760826111,-0.21856325866008275 -0.9743338935933212 -0.05388474514335734 -0.3798781753147055 0.13581850140116936 -0.9150114242984677 0.8988451890528513 -0.17951823994351995 -0.399813115898072,26.371500852455604 -47.358788609705584 1328.9667726956684,0.69
2,532,6,0.7433590292930603,-0.5002003861773461 -0.8593191859272441 0.10663071961387278 -0.8632458138730977 0.4852143897626149 -0.1391892984315476 0.06786927507058794 -0.16167106316416568 -0.984508115170597,-71.93989079906514 -439.12245235850366 1059.7193452576855,0.69
2,535,6,0.8524899482727051,-0.6691181440428822 -0.7431550022418928 0.0012457750444795634 -0.7418388291548915 0.6680309811182444 0.0583931487787349 -0.044227376936788215 0.038147751035259886 -0.9982928869927119,-108.75899957005453 -313.6515910657516 1065.7781966793307,0.69
2,540,6,0.8289685249328613,0.3218192442719521 -0.9348294064957111 0.15008782351378933 -0.7822414694831713 -0.3518316252317035 -0.5141135972794606 0.5334141518904786 0.04804672972945337 -0.8444885163963254,143.1864378674382 -253.0887478168507 1130.98635142837,0.69
2,543,6,0.8415524959564209,-0.12535220052429707 -0.9687115448723449 0.21420730299117247 -0.6512351139627757 -0.0825412016030378 -0.7543737643766636 0.7484515028815211 -0.23406172875752718 -0.6205122520671376,42.45323456329441 -131.9591971173684 1249.6909788599203,0.69
2,549,6,0.8781303763389587,0.1929105145084281 -0.9669719959727734 -0.1665853907055618 -0.9801901760059413 -0.18214868719718602 -0.07777579709513684 0.04486370753220952 0.17828913246962907 -0.9829548478896128,272.0493442331975 -352.0921775293571 936.1944423191298,0.69
2,560,6,0.5952671766281128,0.529013450564054 -0.8326365501704677 -0.16389369860533282 -0.5503422249606184 -0.18960526484437357 -0.8131256231165586 0.645963005556595 0.520352014374421 -0.558538787004782,376.94098075229135 -102.06967066483385 1144.0657420145735,0.69
2,563,6,0.6438128352165222,0.11236700518920872 -0.943257994618167 -0.312470817411359 -0.5709233818533306 0.1960885555669971 -0.797242604499286 0.813277411587193 0.26798065968379725 -0.5164941605066533,46.13035970733253 -178.49442021351626 1165.7488099575742,0.69
2,571,6,0.6754354238510132,0.6483586795139868 -0.7117062207325637 -0.2703798773382565 -0.47177492255347847 -0.09684132333640072 -0.8763847217655694 0.5975445131105621 0.6957700866414325 -0.3985530596877098,328.95745951960106 -34.128822657750966 1089.836555630681,0.69
2,575,6,0.7516375184059143,0.5693963944620715 -0.7254847213185365 -0.38660013593758413 -0.46435737034852886 0.10421900158077946 -0.8794945322811875 0.6783509258316025 0.6803016381303745 -0.2775422536849781,201.05153227256397 -5.3702184352465245 1216.870555227642,0.69
2,589,6,0.9014126062393188,0.30932714337141465 -0.9407558402065214 -0.1389070462251735 -0.9362891606387113 -0.2757344439396907 -0.21756177075885205 0.16637104929685934 0.19735492277263258 -0.9661116438658994,153.46647317119505 -329.6019505662382 921.3454887801512,0.69
2,603,6,0.7934225797653198,0.8407342826446702 -0.4415250791915892 -0.313403047896495 -0.4377778737056614 -0.21370192088818984 -0.8733166792764512 0.31861638262917646 0.8714281917941139 -0.3729564415139379,329.6503502484784 -118.8896220437623 1023.5345094149928,0.69
2,607,6,0.46348387002944946,-0.998578054889466 0.02400176400306543 0.04760024808666791 0.035962088159221056 -0.35583943541097796 0.9338549268604975 0.03935221097218798 0.9342388407313934 0.35447029771260485,-94.60576311610365 -647.9899092431061 5081.290712194587,0.69
2,615,6,0.7918878793716431,-0.226273937622115 -0.9436404065160255 0.24154272570966168 -0.9309434854814416 0.13653881547833013 -0.33867591988129203 0.28660832505816697 -0.30149616093417225 -0.9093710644996944,-119.58874810935482 -370.08322727381716 948.7481999898275,0.69
2,642,6,0.8148329854011536,-0.36595621508323006 -0.905203606741575 0.2160612852502765 -0.886491509565843 0.26842034349347577 -0.3769394151140443 0.2832116736817714 -0.32947981659107584 -0.9006854047609973,-91.22284533150282 -362.6031553750888 979.9347403175665,0.69
2,649,6,0.8623587489128113,-0.38375623299260986 -0.9146975713680315 0.12672610848892527 -0.7674812741013374 0.23961299565499206 -0.5946075228392494 0.5135208345754919 -0.32544425827884216 -0.7939662380795702,-70.01708430154135 -282.3350646585361 963.0745283244971,0.69
2,652,6,0.9178469181060791,0.30517302056950224 -0.9461693561464398 -0.10785627939956882 -0.9246596099677337 -0.2673217964263426 -0.2711893487025473 0.22775871709070727 0.1824900179320086 -0.9564639878972812,156.67180611846698 -342.71350522429265 885.149889774566,0.69
2,667,6,0.781816303730011,0.7111717978135186 -0.6562147804036605 -0.25222378154024966 -0.5256029939312944 -0.25803760785913954 -0.8106528762058351 0.4668791779091756 0.7090830380922315 -0.5284175227268149,243.86182983573227 -117.9860908600777 947.1621370514165,0.69
2,669,6,0.898020327091217,0.7454312731178254 -0.6212000924735313 -0.24174917201267587 -0.6081430822255485 -0.4852806327403347 -0.6282234467355948 0.27293627204742876 0.6153154902958459 -0.7395218987987004,248.84176415110568 -230.65026089682638 886.7180331827725,0.69
2,679,6,0.8155196905136108,-0.41258784738631205 -0.9074475762224024 0.07943654446926035 -0.6996972156491306 0.25987351202872744 -0.6654994847170874 0.5832624405891258 -0.33015852882205277 -0.7421591953510207,-246.24013511803298 -272.05358579557173 987.4442104666059,0.69
2,703,6,0.6176629066467285,0.2038431685940968 -0.9694271745638171 -0.1365976421272842 -0.4549674958223354 0.029740682360806292 -0.8900112749610913 0.8668636227012138 0.243570205546427 -0.4349954190648446,257.2923519473571 -79.62449784043287 1314.3576730994255,0.69
2,708,6,0.8840212821960449,0.1080030591498301 -0.9860501807587145 -0.12665062273824262 -0.9542171015237877 -0.0670757706397922 -0.29149710830918957 0.27893558821674175 0.15233476956619046 -0.9481503338645174,132.00105129622526 -244.86212171705907 1241.8981450767506,0.69
2,711,6,0.8622337579727173,0.69483780646583 -0.7132453697976697 -0.09209487047571693 -0.43044618289774617 -0.3098738412539017 -0.8477583890091043 0.5761219543937844 0.6286964648928266 -0.5223258070369003,296.4484183538635 113.28153071451447 1310.7987269758034,0.69
2,727,6,0.8172709941864014,0.3631154172463176 -0.9231508546659163 -0.1262524981440814 -0.3375823884142065 -0.0040529690791129 -0.9412872592754051 0.8684384404150893 0.38441653576717066 -0.3131111659429844,239.92780467304374 178.14013136479593 1321.1648643445794,0.69
2,736,6,0.9132817387580872,0.6311873894171715 -0.7583475576253239 -0.1628234052108052 -0.4752446336411612 -0.21222112688312444 -0.8538762975394829 0.6129804382164366 0.6163369006867616 -0.4943519062528461,111.6721175869082 74.05326412390833 1322.9174788355124,0.69
2,737,6,0.8346245884895325,0.6394891272142196 -0.7129982634193384 -0.28755370374210715 -0.46642912727150376 -0.06248785729144979 -0.8823486481679829 0.6111444390711078 0.6983757899957094 -0.37252346307357564,180.5021911298722 79.66342227310626 1291.6288751370396,0.69
2,739,6,0.8404848575592041,0.5415556336523983 -0.8079277679687845 -0.23231490999143245 -0.5301828611243086 -0.11378406988694922 -0.8402138532599926 0.6523983671265522 0.5781919293668326 -0.4899698596706423,100.5630877633655 -63.11299484456738 1347.513781742921,0.69
2,740,6,0.8302949070930481,0.4352512377998673 -0.8801336747671502 -0.18952855862522594 -0.36141088066267457 0.022001150956837634 -0.9321470510038664 0.8245838558523404 0.4742158410443992 -0.30851385831148637,157.38139246083736 136.1513545583254 1398.1434491821235,0.69
2,750,6,0.5783998370170593,-0.5318214751397952 -0.8459641003142097 0.0388672041662739 -0.6824711271767164 0.400963191776883 -0.6111151114235656 0.5013971271859016 -0.3515298846750653 -0.7905869092200182,81.65987780123814 -285.074669058811 1382.7190137512773,0.69
2,754,6,0.8836637735366821,-0.07555285878275608 -0.9916201206273476 -0.10479170719459556 -0.962783350731947 0.09989509257961937 -0.25113579998055685 0.2594994895623457 0.08191768335050831 -0.9622627022135735,114.11566350781145 -450.1863863764438 1181.4272519509966,0.69
2,761,6,0.6714264750480652,0.3331653909529805 -0.9425848733033593 -0.023120962152088254 -0.495288463297596 -0.15409290084589866 -0.8549530490226949 0.8023030352650138 0.2962923126383586 -0.5181898349793828,215.43442581970413 -43.76744902255981 1390.7878646855377,0.69
2,762,6,0.686651885509491,0.13673429248578706 -0.9880948024261809 -0.07051520883311463 -0.5825330721481481 -0.022628606086961822 -0.8124919482925363 0.801223410237152 0.15217295293490107 -0.5786920072741806,-71.06552324601833 -157.30548523607536 1331.43032657571,0.69
2,764,6,0.8637681603431702,-0.25471463206610556 -0.9632200297991705 0.0856015794545531 -0.7645686176702952 0.14639963954908375 -0.6276957658082718 0.5920770938696778 -0.22533157731126763 -0.773737937018248,-24.26661162187768 -140.2847053912915 1303.4097440027203,0.69
2,768,6,0.868513822555542,-0.3274967587840363 -0.9446691371581714 0.01860360950962958 -0.8871220335865414 0.300650274120291 -0.35017696982621965 0.32520819563970094 -0.13118549451913475 -0.9364987963241278,-62.38591705020342 -355.8640442452345 1236.3345645848813,0.69
2,769,6,0.9106280207633972,-0.14597818660679018 -0.9877471053469385 -0.055190804612154185 -0.9478163645558321 0.1556244151318924 -0.2782538058949465 0.28343342801292737 0.011691761783421128 -0.9589206404031776,-5.823493336476773 -399.05112554584724 1263.3023970073195,0.69
2,770,6,0.8184395432472229,-0.41487294386271345 -0.9054603430659126 0.08956566075034744 -0.8797595051899058 0.3740732574246298 -0.29341508329964755 0.23217160351494032 -0.2005262207659806 -0.9517802169128204,-140.7279045373505 -303.9531737346464 1051.2416557496033,0.69
2,773,6,0.8782750964164734,0.3130382211672812 -0.9321062758675779 0.18216740261830436 -0.933583388590275 -0.3372287439790802 -0.1212387346626157 0.17443946983617029 -0.13211610319172823 -0.9757644216924031,109.39724046263359 -297.4645170066464 1152.3604943038526,0.69
2,775,6,0.8682463765144348,-0.04829658494052813 -0.9935014992282287 0.10306411069981698 -0.998362183369256 0.04484821136557404 -0.03551885070608324 0.030665790406487023 -0.10461074977539625 -0.994040341399772,126.57548659646842 -347.5895906367481 1109.9979652806994,0.69
2,785,6,0.6827845573425293,-0.5392050136193032 -0.8115325099687589 0.22510650490737455 -0.5795049464615758 0.16358032877554585 -0.7983830490837407 0.6110908036571765 -0.5609424759291195 -0.5584904371465425,101.55935020381902 -124.27725112692964 1335.4563217655923,0.69
2,791,6,0.594132125377655,-0.11805992964082623 -0.9857750520095581 0.11962190371648646 -0.527193664553294 -0.03986282400441499 -0.8488096343216553 0.841503828314567 -0.1632743154876058 -0.5149881598968871,17.55973559031454 -193.85077848394837 1283.4216032919546,0.69
2,794,6,0.44892165064811707,-0.2308535986850524 -0.9355923001667323 0.2671584994771525 -0.6910471154130526 -0.035634362475054804 -0.7219307975770914 0.6849529182750151 -0.3512794330440075 -0.6383120394186692,-124.86807779486173 -178.57949306160515 1283.3800559787833,0.69
2,801,6,0.6658720970153809,-0.3083611143723979 -0.9375539667497226 0.16095335527684185 -0.31376604106168565 -0.059486493815100516 -0.9476350713909141 0.8980335709869034 -0.3427155037132786 -0.27582927490580866,-2.588462859762439 -5.621408657298063 1440.5426804258484,0.69
2,803,6,0.5214195251464844,0.7430613899834545 -0.6539419751863507 -0.1421958642339184 -0.13169997060635463 0.06543197799447231 -0.989127784463674 0.6561363337433326 0.7537098575347846 -0.037504162392364426,134.67441149853272 109.98065915363976 1481.0265399835175,0.69
2,804,6,0.6847831010818481,0.48134605993759183 -0.8760846022003707 -0.027959620347471348 -0.1892654919463591 -0.07273652393919106 -0.9792282530868616 0.8558531089742323 0.47663945270262953 -0.2008240224337694,266.7068349873283 32.9521229817808 1442.6011122927514,0.69
2,808,6,0.6963163018226624,-0.38214603592994045 -0.9162924888666173 -0.11988528712754237 -0.43462744865559566 0.2927009949583539 -0.8517189139766226 0.8155141863255113 -0.27337557022713277 -0.5101003915944682,-159.15392560751047 -206.3447763355968 1396.0747422374218,0.69
2,809,6,0.8489932417869568,0.475799313889152 -0.8753191310758143 -0.08620575198496762 -0.815889999389607 -0.402625025581119 -0.41498987658957476 0.3285399850834588 0.2677863094866594 -0.9057328362452561,82.44756765729767 -264.1954097870774 1183.7635882640077,0.69
2,819,6,0.8226362466812134,0.14297956136682 -0.9897092605155533 -0.0056942673899654725 -0.9872847804891678 -0.14222076803274097 -0.07100715002471872 0.06946659086069665 0.01577443469459095 -0.997459553046768,82.17481742922129 -252.10511874040697 1044.3911861358033,0.69
2,821,6,0.8219465613365173,0.15542744205507608 -0.9877937574072067 0.010286062588205469 -0.8893100103151357 -0.1444494025396783 -0.43389177874122375 0.4300814060262418 0.05829119087205628 -0.9009062777321559,149.7504050489088 -260.8993863131979 1235.093633410322,0.69
2,828,6,0.6760108470916748,0.45054355001091784 -0.8742827124022703 -0.18066612393608503 -0.6940730789809932 -0.215749382684427 -0.6868149422552868 0.5614918259221622 0.4348355351921208 -0.7040205868842038,208.83038760464376 -187.76511556216312 1253.9336895999904,0.69
2,837,6,0.8136694431304932,-0.43924975829597845 -0.8969273522179119 0.05080329399055078 -0.7940462714611941 0.3611728247168361 -0.48892198709470736 0.42017873413048884 -0.2550990308280834 -0.8708468957601401,-135.9000476277649 -316.3856532587825 1164.5258513464494,0.69
2,844,6,0.5839335322380066,-0.3715234927001556 -0.9232946333886872 -0.0974541652651536 -0.6924679885111619 0.3454911091659689 -0.6333434916177589 0.6184321945526312 -0.16781809629154604 -0.7677100411600064,29.803918743734705 -356.8949255545902 1129.22299848245,0.69
2,856,6,0.4404703676700592,0.8638956418952783 0.12414087412780583 -0.4881325263544002 -0.4279767392053492 -0.3300498840106476 -0.8413697075386743 -0.26555645466360156 0.935764990494591 -0.2319992498935204,-1072.8591284762767 -611.3085196552028 1894.5352623485423,0.69
2,867,6,0.6084724068641663,-0.5469102806211099 -0.6575626245787085 -0.5181703771039978 -0.4436255914720813 0.7525237769720178 -0.4867281578898172 0.7099897742517034 -0.03632299339164341 -0.7032745982964874,-103.6457039684312 -179.90288567410008 1107.4476355320749,0.69
2,871,6,0.6221537590026855,-0.2659950071887136 -0.8962860323255812 -0.35484926998479793 -0.6799299626791437 0.4353851033865561 -0.5900297090827007 0.6833314730069259 0.08432769418847763 -0.7252219922141361,-187.92225242074045 -191.12082984209016 1180.8940322884494,0.69
2,877,6,0.8210194110870361,0.642926008951382 -0.765296852045976 -0.031094617900323973 -0.3690273479177026 -0.27393442033119775 -0.8881321691317335 0.6711668671073346 0.5824780352994702 -0.45853503125824036,148.93452576061733 45.064011975482764 1206.1544424776341,0.69
2,883,6,0.7947839498519897,0.23277979921371017 -0.9453332887108601 -0.22838243875818137 -0.45780145803666467 0.100675055748642 -0.883335926004095 0.8580392707198947 0.3101765729469549 -0.40933983863942913,66.67831391379153 19.51028651674077 1171.6214589790247,0.69
2,886,6,0.7844654321670532,0.34965331011224354 -0.90557169275264 -0.24017175523501838 -0.4984280451018168 0.03726146868893798 -0.8661299364455226 0.7932919050283651 0.42255353771594645 -0.43833373265151065,79.15871524717748 -72.09010345517473 1243.1420072342253,0.69
2,894,6,0.8158912658691406,-0.5112379964716847 -0.8593806406166329 0.010031226094769113 -0.7576099748558487 0.44512323503556805 -0.4773808035838801 0.40578668899132087 -0.25165496252769676 -0.8786392563917489,-110.69868874895717 -288.2488818575902 1011.895452239753,0.69
2,902,6,0.6925109028816223,-0.3884017898891423 -0.9010999755204449 0.19277677175418256 -0.5307125529054865 0.04772009109571684 -0.8462074090282817 0.753318150451356 -0.4309775249625788 -0.49675963722677574,-85.39943327787682 -282.76239689070525 1092.1698077009107,0.69
2,903,6,0.6993736624717712,-0.5548353817342226 -0.8314160205782919 -0.030084878287899297 -0.14046822127820607 0.12925947039012886 -0.9816112612054737 0.8200160839805383 -0.5404066894850776 -0.18850525714950783,-73.70288447231201 -6.879591479426765 1144.4447251325312,0.69
2,904,6,0.7445105314254761,-0.11304691491760277 -0.9764836980841719 -0.18357554957965577 -0.35087560943010676 0.21208999523986338 -0.9120877921703625 0.9295733977124474 -0.03869652820363845 -0.3666004323106038,66.04782838691771 -86.33412290215355 1217.2025563627335,0.69
2,907,6,0.8606541752815247,0.580134945454462 -0.8097597737691459 -0.08793494099554494 -0.7324385489685815 -0.4713936070929401 -0.4912451925227417 0.3563386269370011 0.34939544355536223 -0.8665711782510448,282.0887679845324 -179.45869798293165 956.4721569555353,0.69
2,909,6,0.7702925801277161,0.7323091463001319 -0.6659010328126287 -0.1424750109466448 -0.5344950633238834 -0.43242881099817576 -0.7261682661071759 0.4219458988159144 0.6079318530211909 -0.6725923881182805,324.09816883323276 -128.15820135785407 1034.5997516343948,0.69
2,918,6,0.7836509943008423,0.07978464784507855 -0.9967994451471329 0.005027536434958013 -0.944288198354525 -0.07719527188866482 -0.3199385698011423 0.3193026909009727 0.020778742801313976 -0.9474249497617186,46.42615702209128 -317.8279064700015 1003.3530717739611,0.69
2,934,6,0.7253212332725525,0.30719082969153166 -0.94269968550005 -0.13019637902620484 -0.6917802042581982 -0.12725588562950407 -0.7108066464019144 0.6535089464956956 0.30842056113488503 -0.6912328220790218,44.06280717698851 -268.39703733674753 1015.3937785239797,0.69
2,942,6,0.550873875617981,-0.6670230908454677 -0.6597955700613871 0.3460491323588722 -0.716155686801504 0.43973944719802416 -0.5419873161245033 0.20542937604156158 -0.6093431088519384 -0.7658327148626061,-86.63372739257447 -358.07841472996097 1051.898850485193,0.69
2,952,6,0.8452376127243042,0.473370628775162 -0.8331755424724197 0.2858999182210398 -0.36631539765740406 -0.4813697517744302 -0.7963015707103194 0.8010825658146019 0.2722162329884336 -0.5330713322300136,97.40421703175078 -120.23408459189898 1091.225527751024,0.69
2,956,6,0.7423965334892273,0.5286622145677872 -0.8483264548580047 -0.029299980824782024 -0.40407976826700115 -0.2211595148464225 -0.887585494400501 0.7464822863039482 0.48107244254991866 -0.4597102361852363,166.35571924635914 -82.6754683789508 1100.1434458033334,0.69
2,961,6,0.8773952126502991,-0.6517287799743088 -0.751379991925075 0.10333298160738894 -0.7520765702985277 0.6225963602343089 -0.2162281309889961 0.09813475307556682 -0.2186364104115894 -0.970859253589897,-246.81445663576963 -279.08411513829645 836.1106272763619,0.69
2,968,6,0.726488471031189,-0.8729165622302559 -0.48545244006723015 -0.04850364745958832 -0.3538224200052857 0.6983872107455456 -0.6221454805498953 0.33589636867003336 -0.5259194161654704 -0.7813977202516371,-317.3046685275771 -160.04806461674073 924.8881565622004,0.69
2,969,6,0.8050116300582886,-0.8059328986566454 -0.57320546262636 -0.1480123659637874 -0.4624728124768894 0.76567868568718 -0.4470515048672451 0.3695822785018422 -0.29184181999784287 -0.8821775850234086,-239.62498549040916 -155.7827648557701 999.7728190885275,0.69
2,972,6,0.7167441248893738,0.27639882921165315 -0.9562662764035945 -0.09570003042649355 -0.7180888992942025 -0.13931735777643572 -0.6818643608025234 0.6387112179388025 0.25718764051835225 -0.7251913524330909,230.4042490136467 -221.57167719242656 889.4978271056252,0.69
2,982,6,0.7091926336288452,0.4015916926940397 -0.897337474381695 -0.183056191999662 -0.9156102433178238 -0.38913216613009904 -0.10116343022245003 0.019544684459246356 0.2082345176794139 -0.9778836285347099,88.80491013472333 -348.24596409089895 800.1937007959733,0.69
2,991,6,0.8120797872543335,0.2961536949915379 -0.939211511078355 -0.17370874013926974 -0.5854772748392023 -0.034813706289408275 -0.8099409648247559 0.754658432398208 0.34156952925035344 -0.5601972037577228,87.55831715977668 -151.60068253162595 1006.1119145317308,0.69
