scene_id,im_id,obj_id,score,R,t,time
2,3,12,0.8759647011756897,-0.41498651272122133 0.9093343959452592 -0.029952472524830492 0.7948201647145742 0.34631215325919196 -0.49832599597861565 -0.4427720632815232 -0.2306053964152895 -0.866472187159848,-66.02301090603854 118.8403209863219 989.1706401963372,0.69
2,8,12,0.6875402927398682,-0.37043546129590776 0.9093570706561528 0.1893337979921951 0.8477998537058274 0.4142882567338221 -0.33105988640852985 -0.3794904176271995 0.03788084450103718 -0.9244198529613168,-236.0759811051378 225.429090003258 959.8863273468069,0.69
2,17,12,0.812978208065033,-0.5248745828988652 0.8501646194279293 -0.04155468805930401 0.4496660362308578 0.23550158827201717 -0.8615912359012167 -0.7227081901342829 -0.47091307243940606 -0.5058989524781679,-138.72993621226243 112.29793187191633 943.2692421271993,0.69
2,27,12,0.8719652891159058,-0.4025015181572307 0.9139630936287921 0.05161386795826067 0.41897415196907356 0.23405676961405952 -0.8773129935089454 -0.8139122728297692 -0.3314949352287589 -0.4771351171887903,-15.317554152085252 174.71068479435172 950.3852764407332,0.69
2,36,12,0.8615114092826843,-0.3704725956840482 0.9262164954934553 0.06980730135842733 0.7700149357499486 0.3482846165528787 -0.5345791097626402 -0.5194487987945748 -0.14429424572184618 -0.8422304411991042,-111.73496111177255 202.3013235643774 964.5794962872252,0.69
2,38,12,0.8471408486366272,-0.07959626440295553 0.993259022767695 0.08426712516550261 0.912377762574532 0.10664426522483839 -0.3952136372319979 -0.4015361167474051 0.04542592195231743 -0.9147159299816507,-24.21678314850001 262.38282247526763 961.3029065579884,0.69
2,39,12,0.8469932079315186,-0.02653855368070368 0.9977419126040494 0.061699116701541185 0.8535803153076422 0.05474130624597695 -0.5180772478210085 -0.5202848743600403 0.03891613063625565 -0.8531056114505753,21.419865082309144 293.9732644225643 903.6611667137341,0.69
2,41,12,0.8270117044448853,-0.0002947298874098614 0.9993808697137747 0.03518224530118669 0.7681345801280426 0.022753036063459797 -0.6398840255557336 -0.6402883568719717 0.026836106275581362 -0.7676657107453457,78.95050467933314 218.01428640664793 908.7737475892628,0.69
2,47,12,0.8124163746833801,0.08329281831598812 0.9949303689985888 0.05635483352217574 0.6589637493284014 -0.012567900050690639 -0.752069694216814 -0.7475487164647104 0.09977779679191279 -0.6566698620915357,70.34581533293179 120.64031280772225 859.2044254362726,0.69
2,58,12,0.824666440486908,0.14010604820239614 0.9466668473367676 -0.2901588795997344 0.4630412455953776 -0.3216743417779315 -0.8259046087286449 -0.8751931787523194 -0.018641298109303372 -0.48341431698927906,27.421635916197438 159.8497690880111 871.114499643842,0.69
2,61,12,0.7739838361740112,0.18068935992159774 0.9560028720050573 -0.2311057418784861 0.4075016746247637 -0.2866238685278537 -0.8670577507687367 -0.8951501217053688 0.06249213317058172 -0.4413626546306946,150.6223376176574 64.5352202341671 846.4870621048684,0.69
2,62,12,0.8022847771644592,0.4500484857056092 0.8830149624842454 -0.13319510705365561 0.4790740484982434 -0.3646123307188416 -0.7984647170309261 -0.7536208705772358 0.29553751761277425 -0.5871227802714594,-19.4335231787301 56.62042555053438 912.9086545081061,0.69
2,64,12,0.7335199117660522,0.4321066637545947 0.8942463218596682 -0.11665053355783844 0.3279078466854456 -0.27629269310479465 -0.9034040025475946 -0.8400953965002951 0.3521162642897294 -0.41261829964466856,-7.965101344874697 70.0549081762874 902.5862055531397,0.69
2,65,12,0.5114043354988098,0.29757346776247595 0.7938360183456226 -0.5303530967770278 -0.04126864315628381 -0.5443036624498585 -0.8378725572160186 -0.9538065476687891 0.27121559509150545 -0.12920979298531,31.664907813997548 115.96171968854833 1081.9967892449504,0.69
2,69,12,0.7938791513442993,0.16219865432555758 0.9695833089155126 -0.18330249209278077 0.10018320452557178 -0.20098346716775017 -0.9744582964171515 -0.9816592698416113 0.13969199331985926 -0.12973521085795747,-113.41336020915922 132.42131008409143 1147.0514777975163,0.69
2,72,12,0.8375939130783081,-0.23726156198558934 0.8345726618165763 -0.49718751327095245 0.44193690567754795 -0.36304522882546175 -0.8202986853745549 -0.8651004118622954 -0.41435085854317166 -0.28269178166374775,-59.18784716788481 166.43753639295005 897.0894783769108,0.69
2,79,12,0.7765958905220032,-0.9049321127391041 0.38747621930717663 -0.17595468395288244 0.3527246542169424 0.45162076313667465 -0.8195266954842815 -0.23808231694327997 -0.8036795790458189 -0.5453585468145294,-22.73011371766613 92.91766874273522 1068.8810063730205,0.69
2,89,12,0.8332370519638062,-0.5467564577988377 0.5617231800852641 -0.6209061481497552 0.6520447167640199 -0.17955113548046953 -0.736613247971962 -0.5252571400708389 -0.8076066237361925 -0.2680978890294199,-129.63969087227053 151.96433978969867 999.5061356770865,0.69
2,96,12,0.7479972839355469,-0.8641771966513196 0.49588970056247184 -0.0853883930281476 0.12217879469399551 0.04217064688665284 -0.991611808455448 -0.48812919899857443 -0.8673609637384102 -0.09703011732336986,-105.40480103888588 159.9895322437657 1020.1230614371881,0.69
2,97,12,0.7888937592506409,-0.8899413534107206 0.43187626635325227 -0.14658539507833063 0.42138049430863456 0.6556556215495379 -0.6265414471100057 -0.17447884257326546 -0.6193533696455231 -0.7654792858092438,30.321419176413443 -37.373688986079934 977.865064614304,0.69
2,102,12,0.49484238028526306,-0.9601236355526808 0.2531546177747103 -0.11863955475490968 0.27559153831096234 0.785611958050015 -0.5539523042466913 -0.047030930933804574 -0.5645587576755512 -0.8240518798396967,-61.41407723785298 -70.85140394105471 1033.6633488160921,0.69
2,107,12,0.8496407866477966,-0.9850913899731963 0.16903797565824935 -0.031954908637594 0.1669926864580198 0.8949660876197101 -0.41370175813042287 -0.041332748156992595 -0.41287027598996573 -0.9098514929007702,-199.88763562466113 -28.8520987094504 1023.1669939291397,0.69
2,110,12,0.8206943869590759,-0.9605844283404545 0.24206480022622978 -0.13668280258056095 0.2597597281880508 0.6064852268671805 -0.7514656034733289 -0.09900727064974109 -0.7573508447762503 -0.6454589516578018,-90.70773199155238 39.10077090878693 1074.3472256518528,0.69
2,115,12,0.46596968173980713,-0.6382049311844922 0.7643444173719965 -0.09204388868393765 -0.015179890675295238 -0.13202858276529494 -0.9911296707555848 -0.769716854908923 -0.631146627151925 0.09586395727209007,-1191.630601488947 13.93712988928888 4613.220489472435,0.69
2,119,12,0.9294124841690063,-0.5829651872468453 0.7876701072257484 -0.1993173164610372 0.7127288430746943 0.3779774720437775 -0.5908896909549223 -0.39008869082256026 -0.4865273196957944 -0.7817429120126183,21.089913983667287 79.49355651301741 881.1266073539031,0.69
2,124,12,0.8361949920654297,-0.6048573764365912 0.7938544060105208 -0.06279121139082745 0.7948073857992266 0.5969385324597721 -0.10929596490160619 -0.04928258971729942 -0.11601538916220143 -0.9920240197839465,-127.38287827673584 133.65468561553374 946.8597784429638,0.69
2,126,12,0.8596271276473999,-0.4521414784990865 0.8918693212953654 -0.011713118833364955 0.8465867865451417 0.4249765843687764 -0.3204461196292115 -0.28081826199132925 -0.15480315394200667 -0.9471943239176304,-32.082778120384 119.74576484166586 928.7668758407015,0.69
2,136,12,0.8666872978210449,-0.6520210272471294 0.5954604272081516 0.46935643135753896 0.27531640643930544 0.762728207350554 -0.5851893352216507 -0.7064484810465275 -0.25233422546475126 -0.6612548542628316,-264.7227619142845 31.054050888219443 889.2224240517947,0.69
2,153,12,0.738785445690155,-0.949499861239008 0.23932794810290653 -0.2029092081793154 0.2991547940066506 0.49545438997198377 -0.8154945473026339 -0.09463837873686709 -0.8350132218799543 -0.5420299775434152,53.5284991662419 -48.35315110704137 1011.2734987096188,0.69
2,156,12,0.6875287890434265,-0.9296609408295997 0.36719807336171234 0.029935096713898462 0.1886427633771704 0.5442405991118903 -0.817444847132671 -0.31645606791662073 -0.7542995062955944 -0.5752284866737514,-241.60287844372846 26.23239879858194 988.226283086301,0.69
2,162,12,0.7566653490066528,0.16093550922999555 0.9868473738655714 -0.015232286877139095 0.8518220733610273 -0.14667757462579356 -0.5028765697830986 -0.4984966571641206 0.06795549864816186 -0.8642240062620787,66.05359738075752 195.60134544400725 942.3294313254058,0.69
2,166,12,0.8805248141288757,0.5286771335144635 0.8483618030721775 -0.02797748357258023 0.6469024831319655 -0.42403474886514747 -0.6338073122586771 -0.5495613394486798 0.31698072945053796 -0.7729848325422548,81.89345703865683 153.47639874876944 854.3982512826366,0.69
2,175,12,0.38492846488952637,0.8874605128143306 -0.18207692068020984 0.42339323701606063 0.18131267531661147 -0.7066537477325983 -0.6839343496162531 0.4237210780275847 0.6837312891561178 -0.5941144437430008,726.9532887516613 -557.9791308757209 2526.8776222547112,0.69
2,176,12,0.537211537361145,0.30628715343359114 0.9516820246068888 0.022124730092835554 0.9025364898435991 -0.28292334526938556 -0.32462634705515614 -0.3026814565551423 0.11939725600579364 -0.9455835399984203,26.71602769726256 167.32304400638884 914.6784160295259,0.69
2,178,12,0.8296636343002319,-0.9346647823994636 -0.11223823263403833 -0.337348964245262 0.05766441002253285 0.8884401060229059 -0.4553558979817445 0.35082269076973455 -0.4450581502963351 -0.8239215269040423,82.78379910004541 64.98750020480209 1062.3592133165612,0.69
2,203,12,0.9140728116035461,-0.56139785621301 0.8227383193914033 -0.08907359229561701 0.8189787938015383 0.5369102986082582 -0.202487200957909 -0.11876945037682943 -0.1866252637061775 -0.9752255270468393,17.353898787784736 119.66329194967771 872.6910576197112,0.69
2,207,12,0.8123592138290405,-0.7695579450844756 0.42942948380473134 -0.4726212940574746 0.6377280867327261 0.4786736184034367 -0.6034686855477904 -0.03291590116610127 -0.7658079951814052 -0.6422263292381127,-12.256959340797387 42.33413910875294 942.3723787559724,0.69
2,217,12,0.870847225189209,-0.5838960651301708 0.78764754890187 -0.19666398713130034 0.36392345521987013 0.03740598959213581 -0.9306774471767674 -0.725689399031249 -0.6149895370260454 -0.3084846276269788,-145.25767462785862 174.3461763167441 823.6688338508247,0.69
2,219,12,0.8737567663192749,-0.7363702804159549 0.6590562261478148 -0.15298268168629073 0.2097951988691028 0.007454889333998738 -0.9777169320189212 -0.64322996249522 -0.7520567235261038 -0.14375639097994797,-140.0282109388666 103.74544982526729 765.6126013026609,0.69
2,221,12,0.7289276123046875,-0.8180851319169773 0.5500778338151193 -0.16778287660440347 0.2578308388427051 0.0900285420399054 -0.9619865488455835 -0.5140622291883051 -0.830246492533052 -0.2154780410123398,-205.31340819269724 141.14136187471274 829.7375021211037,0.69
2,224,12,0.8869500756263733,-0.6442469570158695 0.5116247078783799 0.5684945177080911 -0.07238484847271567 0.6991825338242901 -0.7112694412855282 -0.7613844574768878 -0.4993835626884488 -0.4134123428602703,-95.11472379302124 -86.02169583152771 691.9775181363494,0.69
2,243,12,0.855548620223999,0.23564680033038887 0.968941170330658 -0.07499062562950792 0.6197422654511241 -0.2092620283610196 -0.7563920464281342 -0.7485920851221703 0.13176650532091644 -0.6498057234035068,57.949430593641026 17.422322415705622 764.6716735814853,0.69
2,248,12,0.8804144859313965,-0.1045442875818896 0.9492521442711479 0.2966325311401685 0.2546776183591553 0.3138745677631303 -0.914670468758239 -0.961358311266358 -0.020077905969896892 -0.27456706840216727,57.97261506370269 104.76859002608948 733.2745618005074,0.69
2,249,12,0.8826196193695068,0.16619793509021263 0.9830808213815512 -0.07700873329385577 0.7237985827302253 -0.17465534947808692 -0.6675411002600549 -0.6696968403759023 0.05520514043512703 -0.74057986366095,-9.20222027412383 210.79468867993472 789.3786722102835,0.69
2,254,12,0.9013373851776123,0.5036474387507806 0.8626768158189554 0.046129913161062186 0.7197888135824145 -0.38949972862027415 -0.5746251171384289 -0.4777481776850635 0.3226122639534978 -0.8171156624771063,76.77053601410263 73.79246224622271 796.3505747473242,0.69
2,258,12,0.8686795234680176,-0.9099614624141201 0.32818693238154656 -0.2535024148507194 0.3283846871542159 0.19694958882682245 -0.9237826349870263 -0.2532461927922783 -0.9238529086791555 -0.2869880989889311,-62.944112866210226 139.35917250876736 898.2387395166801,0.69
2,263,12,0.6554373502731323,-0.9773229673676902 0.1982752053867456 -0.07434218442080745 0.14512776335028138 0.37152490229051827 -0.9170099123144557 -0.15420035590282605 -0.9070039635563147 -0.39187505704315684,-158.65378833547075 29.05967792457752 936.9396037637293,0.69
2,266,12,0.949120044708252,-0.06046738232977944 0.9978195857335739 -0.02645316617464552 0.8810786238037596 0.04090101989835704 -0.4711980106572473 -0.4690886423164149 -0.05179942951185215 -0.8816306850104465,72.99912518898502 112.89013650891204 723.5825287626725,0.69
2,268,12,0.9211363196372986,-0.23307926815762836 0.9711070557182174 -0.05123613070285166 0.9262522586986183 0.20564872891104347 -0.3158565395127675 -0.2961938689622269 -0.12107719286293081 -0.9474225590292964,15.75459029706294 111.86063981408853 755.0999962375562,0.69
2,277,12,0.928096354007721,-0.6404353036421191 0.7671527850756495 -0.03632115360916849 0.4933031928961257 0.37465186077516166 -0.7850400901203688 -0.5886379037467044 -0.5206847295325484 -0.6183791965325989,-62.29946628917628 109.02403957509111 682.0965756277132,0.69
2,283,12,0.8581312298774719,-0.2797476471416116 0.7579070593891819 -0.5893370370567046 0.6297972417525797 -0.31844430074487473 -0.7084833530888011 -0.7246355554342991 -0.569359391466542 -0.388243731629081,-12.9280242177424 116.65438254277322 734.255008765402,0.69
2,307,12,0.9142458438873291,0.577415973419288 0.816153110215189 -0.022020316217752633 0.7644372623135695 -0.5499070010572376 -0.3365084875226342 -0.28675157475904334 0.17747222564195622 -0.9414229355071502,98.08674629599656 -37.50676542378697 794.6339741947857,0.69
2,310,12,0.8796091675758362,0.5888965155666782 0.8040286327188417 -0.08209050932778553 0.6903668769385876 -0.5532426468937943 -0.4661718018971223 -0.42023144715678573 0.2178543812417339 -0.8808774031579509,159.20410068794473 -94.59869262392449 806.8418156938446,0.69
2,322,12,0.8579612374305725,0.3635459400134232 0.9263060816465822 -0.09895146590279441 0.37569910930761985 -0.24298467375324595 -0.894320204169899 -0.8524579337217864 0.2879505016935793 -0.43634846144933115,175.88222907162853 27.283371776180104 798.9313546731867,0.69
2,326,12,0.7794602513313293,0.3720864861394646 0.7657058830640395 -0.5246390639987699 0.23854110473571005 -0.62512286176027 -0.7431820430124219 -0.897022735600304 0.15138001303266507 -0.4152520962865536,154.29361630653247 -137.2894974424272 690.8675417520324,0.69
2,338,12,0.9095285534858704,-0.5361829810464542 0.8440042334882079 -0.012832174021596199 0.6019589203351838 0.3716698008689444 -0.7067581038452542 -0.5917375001341706 -0.3866761086180812 -0.7073388989437386,48.074244705231386 45.25498276082564 584.4581447129787,0.69
2,342,12,0.7760778665542603,-0.8268130889254026 0.5603908542054807 0.048396348049061955 0.4721088079909918 0.7381759238717586 -0.4818812912257547 -0.30576688734877616 -0.3755774167051679 -0.8748989739747748,-36.008562472562865 78.22835350188043 585.3833362585501,0.69
2,356,12,0.8934535384178162,-0.8014506144436402 0.5970038382673634 -0.035543349616313114 0.18672031940293887 0.1933179971344816 -0.9632048973639913 -0.5681658516049483 -0.7785978224205026 -0.2664075749525068,-180.14527991165664 32.20025680791557 635.3416976306171,0.69
2,362,12,0.8354912996292114,-0.5193449929988805 0.8542789187590087 0.02209767433311205 0.18396674771787191 0.13701692091704465 -0.9733358100452904 -0.834528018691465 -0.5014318421743394 -0.22831796616242572,-148.39242344941195 39.76268930378231 592.6330442590313,0.69
2,365,12,0.8045032024383545,-0.08844385437258762 0.9093253081459644 -0.40657738327281334 0.46981719615833273 -0.32183868415611183 -0.8220046615285014 -0.8783219721819807 -0.26371830680843955 -0.39875201295598073,-116.11695758481109 27.682462181102384 595.8410486648718,0.69
2,368,12,0.7883313894271851,0.6322033876169896 0.7587357319789774 -0.15696804039016327 0.6050128591854098 -0.6099856081491526 -0.5117391895010621 -0.48402305410579144 0.22855556626176052 -0.8446798424402397,89.7609737250941 56.198990090452085 637.5559171281748,0.69
2,387,12,0.4309972822666168,0.9625524622892188 -0.06858547009315395 -0.2622761724462655 -0.21552832145745843 -0.7804453540652065 -0.5869008365710214 -0.16443935049340408 0.6214507885666695 -0.766001708483194,-234.65594799341076 -197.94597984886832 1368.034453269511,0.69
2,389,12,0.8315817713737488,-0.956960756180596 0.054785765775105355 -0.2849993526285579 0.28693326763936344 0.32592162045109274 -0.9008020855017661 0.04353631877018581 -0.9438080404356434 -0.3276140591564587,-93.23166838400141 56.212446594807965 657.2534203921712,0.69
2,402,12,0.8617291450500488,0.7017476720614826 0.7098152680208357 -0.06093020630852116 0.6940298063667011 -0.7004325270192211 -0.1664839420727029 -0.16085034233998088 0.07454233949895188 -0.9841598482925087,250.1620401341001 191.77647206714957 1004.3263708207614,0.69
2,415,12,0.8679736256599426,0.456463314883485 0.8565279928864898 -0.24083404985055917 0.48732240614713895 -0.4671451836487821 -0.7377616484073353 -0.7444179703852825 0.21939729897058197 -0.6306399214860012,363.14113399620567 82.80293696020584 843.3096580508693,0.69
2,417,12,0.9066110849380493,0.21461452365765277 0.9431267598788367 -0.25387501065612234 0.4992139301763039 -0.32933721670212845 -0.8014502165529834 -0.8394796353415177 0.04526491461764748 -0.5415025663388218,318.84112360860325 118.5474988062083 824.9137647580409,0.69
2,425,12,0.6332260370254517,0.4953203242337858 0.6012454794867198 -0.6270260359807414 -0.022855750346078785 -0.712520101522915 -0.7012793449132043 -0.8684096908009808 0.3616890630397326 -0.33918377113356346,252.61706011167635 -113.63692814245249 889.9701242953174,0.69
2,428,12,0.8275893926620483,-0.3324838485463588 0.878262722626021 -0.3436700168785913 0.47550563178532956 -0.15858568855298483 -0.8653005105318098 -0.8144623285310604 -0.45111547239227445 -0.36489169074131933,17.052308928150786 107.81033543231753 934.574921034303,0.69
2,434,12,0.7698259949684143,-0.14044211933098882 0.910543238627592 -0.38882775326279984 0.38834604985712934 -0.3105893076852413 -0.8675953132146157 -0.9107487890072569 -0.27284664656392416 -0.30998604933228346,44.7819867118622 68.7829416382344 983.7723119083959,0.69
2,435,12,0.7976647615432739,-0.12881935470341999 0.9206387984952189 -0.36855091447325716 0.3663179308589357 -0.3011846759272301 -0.8803970493577528 -0.9215295694577698 -0.24841898818707275 -0.2984480841337209,50.304257160385596 80.30608870496549 955.9953298449786,0.69
2,438,12,0.7081692814826965,0.20440471282397943 0.9357411472292906 -0.2874147156242312 0.35461651891152124 -0.3444551858933431 -0.8692512579376905 -0.9123956586319453 0.0757570478120268 -0.40223753158598363,-74.59276006821307 121.18428576888951 938.0145696270893,0.69
2,442,12,0.7619499564170837,-0.07942521871188335 0.9592940528796734 -0.27101024840817317 0.20558250388963106 -0.25026146531712223 -0.9460999064960299 -0.9754114356142434 -0.1308591574442427 -0.17733700173946643,-52.50112556095056 189.350723617889 946.9491002118207,0.69
2,446,12,0.9126632809638977,-0.3734170528455163 0.9274088255268482 -0.021738789733576847 0.6372956025241885 0.23943468584151206 -0.7324789049653975 -0.6741023806867177 -0.2873741490650963 -0.6804425609863123,-57.622321983568135 115.92943069145848 835.3860819152515,0.69
2,453,12,0.8693739175796509,-0.528352209788971 0.8245231824939295 0.20249805910475632 0.7396734829701205 0.5641064553730686 -0.36697008815063237 -0.4168058073035475 -0.04410701232813566 -0.9079248264374775,-191.2763140750275 200.9990337558862 990.368692864707,0.69
2,473,12,0.8102003335952759,-0.4510225629428266 0.8194761637210044 -0.3536063698656887 0.6217860025200768 0.004275494278139891 -0.7831755149510109 -0.6402818245012017 -0.573097319171695 -0.5114671523877456,-216.55342415914984 129.05007588487453 989.2320012409165,0.69
2,474,12,0.9120796322822571,-0.7117067834323934 0.6454118636121026 -0.27733910781761206 0.6230314852062625 0.3975636544464529 -0.6736281682834084 -0.324507662248513 -0.6522167331278261 -0.6850606616717025,-37.445411925252586 113.76323085841267 850.3176396953367,0.69
2,476,12,0.9070200324058533,-0.5123111153442426 0.8501883196555291 -0.1213142292397984 0.7027445702841253 0.33381587616445507 -0.6282650951284316 -0.4936470298005635 -0.40712010751357536 -0.768482809194335,137.47895224065556 27.959095357475224 845.6363535584859,0.69
2,477,12,0.7961524128913879,-0.6926201015118472 0.7133684503027555 -0.10669043581485704 0.5516383633475614 0.4285766761540699 -0.7155537357459281 -0.4647284272184595 -0.5544614384872717 -0.6903622253322403,217.51860287622975 -104.38373476358385 951.6816695967327,0.69
2,480,12,0.8615394234657288,-0.7369456668538215 0.6539553201681835 -0.17103661400152043 0.47646795672440645 0.3230769382517885 -0.8176793859360276 -0.47946779904415443 -0.6840787463396145 -0.5496789048946444,153.64778880573402 -139.44490234865196 941.156373663322,0.69
2,491,12,0.8340034484863281,-0.7926151461546369 0.5829982711248725 0.17853359894337492 0.3613927559014293 0.6850388354960499 -0.6325480771010105 -0.4910768840703399 -0.436846437238105 -0.7536635086058903,113.49043272808295 10.66644776562487 1092.1996181684249,0.69
2,494,12,0.8200699687004089,-0.9824613766785386 0.1520649241203148 0.1079161813037969 -0.09158476329994822 0.11060542123879546 -0.9896356258360353 -0.16242498104110561 -0.9821622572899407 -0.09473872433659314,231.4544806713817 191.3297177681567 897.4531459973538,0.69
2,499,12,0.7221910357475281,-0.9993040995079074 0.03720257136409108 0.002699146270739552 -0.002822485536405527 -0.0032632211863821148 -0.9999906924381277 -0.03719341718756046 -0.9993024167244813 0.0033659540287444,198.37677339738838 247.56302115865535 953.2011854722222,0.69
2,501,12,0.3891132175922394,0.8105600529424069 -0.576092373853037 0.1054038773593042 -0.05048030543708931 -0.24803108972854893 -0.9674359499682892 0.5834759115310423 0.778844114901333 -0.23012541221381477,126.33282374662252 -141.8039096865911 1360.804019969621,0.69
2,503,12,0.7918562889099121,-0.9286056886820575 0.34528162583721494 0.13591200758774755 -0.02896648195092788 0.29770300470309463 -0.9542189811118494 -0.36993569423713224 -0.8900300668235647 -0.2664471097222345,227.19020284979626 92.05646111443912 1018.5321661172615,0.69
2,521,12,0.8398687243461609,-0.9719368321768396 0.0926955495850643 0.21620899459821943 -0.1034981418813379 0.6568584271956517 -0.7468769251015627 -0.21125086718203182 -0.7482944218081394 -0.6288310817744793,180.93951069515805 -40.19169663708837 936.9649051707273,0.69
2,527,12,0.7986623048782349,-0.8643356038799208 0.5028141026933326 -0.010096633014600537 0.17179667583954483 0.27633031161079913 -0.9455831328104162 -0.47266252869887526 -0.8190357361054384 -0.32522391816440477,247.8645674938434 22.786127498700857 892.1928207338531,0.69
2,529,12,0.7520722150802612,-0.9127124086225242 0.40534917526046454 -0.051459744093143855 0.14787747156462847 0.2102862538898218 -0.9663911965806797 -0.3809045977014759 -0.8896469735466124 -0.25187288442631206,251.57414968081116 44.10966613263807 897.8721903155644,0.69
2,532,12,0.818882167339325,-0.9994362422691592 -0.024262814742661624 -0.023205892778899825 -0.014102489854800716 0.9306418946450163 -0.36565938209135207 0.030468301869283038 -0.3651259779203576 -0.9304594041810232,238.54810037015886 -101.41563310183665 935.5617457674759,0.69
2,535,12,0.7647268772125244,-0.9785153086187339 0.17194979647008515 -0.11375877237681646 0.1870206650231305 0.9725143257000632 -0.13870528887701952 0.08678168961877876 -0.15700048981467454 -0.9837783208349644,260.3513793081395 -16.679679803428353 979.4974522399625,0.69
2,540,12,0.9164987802505493,-0.65566942902783 -0.7201343828820661 0.22694508240846595 -0.6316021624237853 0.3584099041035278 -0.6874743988412211 0.4137345867339565 -0.5940949513601053 -0.6898368506455106,100.45011076820883 76.98243329064427 808.8583629902098,0.69
2,543,12,0.7456573247909546,-0.9168174215782643 -0.3414238594871887 0.20706415349706445 -0.325154840327618 0.3373468262297271 -0.8834429515504957 0.2317760671469439 -0.8772838007199283 -0.42030106791714505,216.35903971204763 103.23661894837605 873.0195120837157,0.69
2,549,12,0.8561671376228333,-0.7280543293330473 -0.6818041376849533 -0.07127419852291693 -0.6446334307724872 0.7162906232234529 -0.26716190411930046 0.23320513174006208 -0.1485626498075299 -0.9610122296892301,249.24245756162327 107.98121572412099 788.2948962298211,0.69
2,560,12,0.9490586519241333,-0.3125622432007178 -0.9487385483480251 -0.04690427489918003 -0.41714026762793804 0.18145421836581188 -0.8905438584149266 0.8534042660126724 -0.25878472427045324 -0.4524727894974878,-45.25027306869882 87.65701310822035 831.0717013143089,0.69
2,563,12,0.5070850253105164,-0.7287514155233441 -0.6400079520299677 -0.2435388997904219 -0.11927775201278695 0.4688476776347804 -0.8751883643257885 0.674310160273074 -0.6087459868573095 -0.41801211852962106,-132.20229763937252 87.72323429283207 739.3021177430901,0.69
2,571,12,0.8774320483207703,-0.03047219090828146 -0.9961552436409632 -0.08213510910604915 -0.3565564301140197 0.0876004764799918 -0.9301578729790039 0.9337767172753857 0.0009418530096212407 -0.3578549359549381,-85.80562174853019 120.95218967484958 860.5895097453063,0.69
2,575,12,0.8220977187156677,-0.07604425086962374 -0.9800591033959735 -0.18357948077156794 -0.13425201583308322 0.1924998310080155 -0.9720700650193067 0.9880251353859534 -0.04927442452800579 -0.1462134157080075,-216.18640771065026 131.06542416143074 908.8555940312297,0.69
2,589,12,0.8609867691993713,-0.6153436360096758 -0.7882527948941964 0.0031210517266340165 -0.7006843385876627 0.5451615936355452 -0.46026111554499427 0.36110063317635155 -0.2854056204181006 -0.8877781054708422,-90.59945010132071 103.1341301331529 744.9006278881853,0.69
2,603,12,0.8271177411079407,0.19142629337123362 -0.979054397658238 -0.06934306477374158 -0.31114225888911123 0.006474378407991477 -0.9503412950922483 0.9308847774776059 0.2034958693691229 -0.30338583060217794,-181.1018472612728 -20.69907902880078 866.9138247621687,0.69
2,607,12,0.5270946621894836,-0.6060231564790106 -0.7395959272957018 -0.29280334379721185 -0.07872009643493533 0.4220552455297909 -0.9031458996962023 0.7915422163273996 -0.5242778214347801 -0.31399631482409096,-175.34138704822954 88.9858660469188 630.945851828663,0.69
2,611,12,0.8166748881340027,-0.5302970059572045 -0.7969847365752794 -0.28913736378900806 -0.13192025789870826 0.41445347218995154 -0.9004584193318598 0.8374856004903983 -0.4393673281614435 -0.32492186740124374,-197.39546545242152 61.28549271181372 616.3881197197405,0.69
2,615,12,0.40835630893707275,-0.876844920079785 -0.4521676520530654 0.1633627881957646 -0.45907235254988144 0.6865148346380112 -0.563870514343729 0.14281302900853843 -0.5694223355812118 -0.8095447130867108,50.808426786446404 29.678019231466656 727.151492054113,0.69
2,625,12,0.3623162806034088,-0.958452258881872 -0.27028593576653637 0.09118541753506698 -0.17832823625966288 0.3182474443341389 -0.9310841016402907 0.22263941159811435 -0.9086605951077646 -0.35322459611647705,82.58768229796314 -37.73889944986701 832.4225746054123,0.69
2,642,12,0.8677448630332947,-0.9771598997507467 -0.16411717285486774 0.13499660696934856 -0.21229315875255608 0.7822864009410339 -0.5856275280838378 -0.009494475550198889 -0.6009105927480806 -0.7992598541508122,187.87990008286178 -33.7897175847416 816.6310743002991,0.69
2,648,12,0.7730889320373535,-0.9958295667971107 -0.030746277025873285 0.08589610201707358 -0.09067505971902917 0.43752220177513124 -0.8946241425865904 -0.010075089956409669 -0.8986818065382707 -0.4384854651633061,222.20845424045405 -50.70104573900312 798.3909627960618,0.69
2,649,12,0.8991642594337463,-0.987524838599837 -0.15567012788560577 0.02369608474928138 -0.11764242502060976 0.629359524153125 -0.768158088672522 0.10466591127791415 -0.761362857408891 -0.6398215738583162,209.77679477611431 -31.02591296037329 695.1281371462557,0.69
2,650,12,0.8231887221336365,-0.9992686016381123 -0.004979882548546168 0.037913883341254395 -0.0381177966202636 0.20876992264505811 -0.9772216498725315 -0.003048829452065721 -0.9779521052528999 -0.20880705081580242,195.90845586239868 22.631877802895495 764.3042189582716,0.69
2,652,12,0.8506883382797241,-0.6231902628580763 -0.7819051286221136 -0.01607066001499463 -0.6601210906402907 0.5369233965987651 -0.5253126801027349 0.4193733920633911 -0.3167611655794964 -0.8507574989443021,114.10858815557215 64.55799469779397 647.706589423326,0.69
2,667,12,0.8981946110725403,-0.7971395988645076 -0.6029489811735605 -0.0319528719193905 -0.20567975706162112 0.3209161317859046 -0.9245045559079977 0.5676832721308636 -0.7303871319111098 -0.3798293565292954,-211.37970309024703 16.123035863410358 700.1903823233225,0.69
2,669,12,0.9140095114707947,-0.7541541271832066 -0.6560058473388821 -0.030131058888317103 -0.4038367052106884 0.4994608651025697 -0.7664559737881675 0.5178488852716702 -0.565857908390603 -0.6415897127718777,-220.7296847546038 -42.95927498407497 709.0341842689413,0.69
2,679,12,0.4076271057128906,-0.9723578471567356 -0.23275324153344895 -0.0186049893413293 -0.11704248326543726 0.5548032320083778 -0.8237077338863088 0.20204275335626082 -0.7987611046544081 -0.5667092936484202,22.186385054362255 -22.511415799352992 645.0062727899289,0.69
2,691,12,0.32559239864349365,-0.5841741159884939 -0.8100056794319972 -0.05129718800256966 -0.7921248119071578 0.5827686977244378 -0.18143573879920338 0.17685837432847826 -0.06535628692384227 -0.9820639852827395,105.91941900908893 46.34858587389385 654.2460142287425,0.69
2,695,12,0.5954131484031677,-0.6929258036041186 -0.671866308227734 0.2616285431064862 -0.7088655073798681 0.5685056445477503 -0.41750571800207636 0.13177072188718253 -0.47475993511013814 -0.8701950820750188,130.38457606596188 26.932430785647284 670.7700548260295,0.69
2,703,12,0.8604106903076172,0.9255490098981409 0.35534433507195795 -0.13072656122165527 0.08664704668514567 -0.5348839186907028 -0.8404709886883782 -0.3685801399659419 0.7665700209754788 -0.5258508185448998,237.62054909688828 113.3588356128671 1030.879988445479,0.69
2,708,12,0.8434233069419861,0.986095131440998 0.15028668289080813 -0.0709246409510717 0.09130007814936952 -0.8465490287468158 -0.5244225754653798 -0.13885491521109283 0.5106551232226116 -0.848499061666081,190.97060028187005 64.88237755521368 1045.6847405311714,0.69
2,711,12,0.7948004603385925,0.7082045592091553 0.7010952008354614 0.08313736633337754 0.31995399529295016 -0.2137463004031932 -0.9230070205366953 -0.6293454879566907 0.6802779126426438 -0.37569431504765016,125.80390586620355 224.20283706797235 999.6133344647096,0.69
2,727,12,0.6408651471138,0.884341408957546 0.4667686970771696 -0.008200965300734914 0.02154503494852547 -0.05835491946685778 -0.998063382177246 -0.4663433111689812 0.8824520875395434 -0.061662219592330425,189.04784782355142 199.63897593469625 964.0154870056093,0.69
2,736,12,0.7019920349121094,0.762228039209896 0.6468520454541786 0.024307355553051857 0.22873991897266727 -0.23403038920102026 -0.9449380013518329 -0.6055464191212881 0.7258183024849705 -0.3263454091407154,-30.69454411301063 188.88610856830422 1009.1866728990384,0.69
2,737,12,0.7302302122116089,0.7175666731473521 0.6911702142404804 -0.0859174285870426 0.08169769502822333 -0.20603330573620715 -0.9751285882151575 -0.6916816870608304 0.6927005210581114 -0.20430964713029187,21.613976642851565 165.1442112330891 967.759714516624,0.69
2,739,12,0.7213954329490662,0.8296120562578391 0.5556317128339676 -0.054929371058036885 0.11967941228756845 -0.27305660844772883 -0.9545244506336787 -0.5453628832127673 0.7853110773930387 -0.2930287312494162,-6.026610986160497 47.03184651421485 1004.1534312992935,0.69
2,740,12,0.6766577363014221,0.8605324004530748 0.5046377582499855 -0.06946020960879762 0.009378554134016032 -0.15203034214107425 -0.9883313299652213 -0.5093093661938922 0.8498396954819757 -0.13555980779817678,83.3327665627517 178.09913586648753 1018.8030063255262,0.69
2,750,12,0.8438249230384827,0.9988707798479548 0.0016458148124915452 -0.04748111687335854 -0.036532867098903354 -0.6123088164819794 -0.7897741847388859 -0.030372928529735402 0.7906169771463556 -0.6115572586933189,186.61475266275568 -29.8348996879746 977.0047068853304,0.69
2,754,12,0.6237539052963257,0.993811921655071 -0.01637895425723529 -0.10986170503726225 -0.0685203848804653 -0.8688547915272453 -0.4903022619731423 -0.08742323050590112 0.49479599947613395 -0.864600542256553,233.8566184979917 -150.63246429682243 1007.4760514778793,0.69
2,756,12,0.8654028177261353,0.9956995124550716 -0.002424725434575614 -0.0926099433284545 -0.07831599119219582 -0.5560375587602044 -0.8274592671374082 -0.049488245274171325 0.8311536283711692 -0.5538362209400214,198.1268922821313 -78.84947533550815 1024.9998727151074,0.69
2,757,12,0.8483794927597046,0.9888031516228168 0.12500387774640498 -0.08150066189391689 0.0018423736354750697 -0.5563415791349262 -0.8309516550227481 -0.1492143860362399 0.821497460661942 -0.550342610676122,234.0818898132785 -98.04632418725875 1019.6186424512604,0.69
2,758,12,0.8793508410453796,0.9917164456453825 0.12809604667418387 -0.009481258510042827 0.07352481212782797 -0.6266512649158058 -0.7758236231135195 -0.1053213816755959 0.7686999382111762 -0.6308786028675228,220.66521885325642 -135.46186326196218 1059.7714120408118,0.69
2,761,12,0.768738865852356,0.9502428467669448 0.306424572897435 0.05605812423616363 0.1431005175268945 -0.26954879377064866 -0.9522949593798783 -0.2766961764314563 0.9129334197527296 -0.2999863280997981,214.75059343391052 78.86784019428893 1041.6793486748286,0.69
2,762,12,0.7314655780792236,0.997687141227249 0.06689677018674144 -0.012049496602830105 0.015089134557990377 -0.3908104870212601 -0.9203474785386747 -0.06627734339946173 0.9180370283233612 -0.39091601192471237,24.13408279263862 -18.252768164919544 1006.723191334008,0.69
2,764,12,0.8768713474273682,0.9781277348536668 -0.20761235839052186 0.012776656587713875 -0.12327196970674295 -0.6280577845008917 -0.7683407062055553 0.1675415046925827 0.7499603509328724 -0.6399135224653314,159.9867684232143 66.29331358206696 1103.1064131913672,0.69
2,768,12,0.7871271967887878,0.9684246035309959 -0.24113025657580348 -0.06332445530378168 -0.2368260004344437 -0.8104136207963861 -0.535857451889881 0.07789244375456662 0.5339344178748721 -0.8419304036644379,133.89155348624354 -102.68946921322531 1078.354419549819,0.69
2,769,12,0.4134034812450409,0.9907513323939424 -0.1195647371325504 -0.06415661301886223 -0.13557257501476583 -0.8525821772352618 -0.5047016028948652 0.0056457296688396975 0.5087316627606391 -0.8609066273651873,145.86400089958227 -108.6506741652611 1081.8382754098345,0.69
2,770,12,0.835300087928772,0.932624701087071 -0.35871938447507784 -0.039135279787844195 -0.3274877489991384 -0.7958674840155411 -0.5092609568210094 0.15153528030702584 0.48776567231468215 -0.859721878129013,89.79085886807489 -65.6709002203639 918.4573076565413,0.69
2,773,12,0.8056190013885498,0.9240798115338701 0.309417068160133 0.2243603794049091 0.3751105839151763 -0.8467677351597365 -0.3771955096859803 0.07327040159807095 0.43271870842804866 -0.8985465862302406,110.33521517477777 42.08549328489674 1034.4881938932917,0.69
2,775,12,0.8774325251579285,0.9977330938408256 -0.004232422163915349 0.06716219217268482 0.017714425330745864 -0.9463040961068541 -0.32279212633921456 0.0649220501063828 0.3232501265181755 -0.9440839385965467,240.26871805676868 -14.958836962650883 1026.6605272713,0.69
2,785,12,0.8017809391021729,0.9536294686092531 -0.29931522672993266 0.031642244668202923 -0.11947897200444872 -0.4729489079696838 -0.8729513764804107 0.27625280423697707 0.82869157440986 -0.48677989138142697,312.865256392401 30.275110792604856 1097.2648325829782,0.69
2,788,12,0.7868173122406006,0.9985187689057526 0.052545645322865486 -0.014114648438548517 0.004487413947357483 -0.33807175859721106 -0.9411096371598019 -0.05422297722373106 0.9396522980318797 -0.3378067902579849,159.32725122518968 38.51429165017339 934.7713446103793,0.69
2,791,12,0.854936957359314,0.9974842138979492 -0.06466765048849028 0.029040282448504103 -0.0014529183513388583 -0.4282226916913525 -0.9036720729052535 0.07087405768442198 0.9013564341041295 -0.4272393318111454,161.33106764745764 -50.22648342950225 1047.0662087869996,0.69
2,794,12,0.8299422860145569,0.9483468158148185 -0.2103328511920724 0.23748349130688667 0.09411995747221114 -0.5283481513238693 -0.843794800053946 0.3029517297183229 0.8225620479344177 -0.4812607679404304,44.682467476619465 17.42808506951738 1065.7655601322658,0.69
2,801,12,0.8623043894767761,0.9985302290205149 -0.04756561592884294 0.02597872039858546 0.014317432934990895 -0.23080104233256682 -0.9728956213142049 0.05227229520874433 0.9718376361509727 -0.22978080014243862,147.395236134153 77.44936940951798 1145.1854852799427,0.69
2,803,12,0.786632776260376,0.9879370165456351 0.13763554251491952 0.07097118271195149 0.08987767230296062 -0.1364162033016847 -0.9865660766001209 -0.12610493789027868 0.9810438710441943 -0.14714097908574542,167.4173536375476 160.4548208605413 1058.230224613732,0.69
2,804,12,0.8589512705802917,0.9544788660045276 0.2915385138130498 0.06305068845293693 0.11854516477846506 -0.17679702399064112 -0.9770823180345141 -0.27370995279375154 0.9400787771627073 -0.2033095041307993,263.2065631562275 108.85596181278704 1067.5008962020152,0.69
2,808,12,0.7061153650283813,0.8774673103829561 -0.46144309810695877 -0.13084871577036025 -0.2649263531901917 -0.2388668338159441 -0.9342144631122407 0.39983139770989307 0.8544079253566166 -0.33184627539442935,90.91711889896492 -130.299683789809 1069.5616641249949,0.69
2,809,12,0.7566020488739014,0.8779423918737141 0.47709371167704345 0.03998433229758888 0.396709552389975 -0.6781742864747038 -0.6186284573207675 -0.26802740082612364 0.5589823140697291 -0.7846655879823226,17.504823840344837 14.055479100820072 984.1436617106164,0.69
2,819,12,0.8119548559188843,0.9804067029727545 0.18206488183048175 0.07520023650325784 0.1962619279746824 -0.9354885825115511 -0.29384071810794016 0.016850887031660045 0.30284235303963364 -0.9528916815733384,130.51250842476384 95.56082307542042 931.2037131903597,0.69
2,821,12,0.8134983777999878,0.9835094504093781 0.17559530230015924 0.043306474868762795 0.16229164502696636 -0.7512012294027641 -0.6398110149866265 -0.07981593142903386 0.6362884587621338 -0.7673111587460619,197.30680253273619 22.41849213712321 1015.8914588761144,0.69
2,828,12,0.7984521389007568,0.8755417001339099 0.4754204558353051 -0.0860355827548901 0.1889251093544412 -0.5007903538141536 -0.844698955002377 -0.44467295215926417 0.7233148772837775 -0.5282816993971295,134.43831075172685 18.1970252054262 945.1368572897484,0.69
2,837,12,0.7171320915222168,0.9301169409491594 -0.3613996159857569 -0.065366610167006 -0.31806462672701685 -0.7036694605836202 -0.6353614589089901 0.18362289994546233 0.6117512630206042 -0.7694433200751791,98.24384955271898 -112.40473860450857 1007.7852203470445,0.69
2,840,12,0.7708883881568909,0.9925740339674863 0.00038911387731239977 -0.12164142256608916 -0.09758130880242528 -0.5945046282978952 -0.7981491935125832 -0.07262695963564149 0.8040920939312685 -0.5900518868805615,156.57329983737222 -100.3887132856197 931.8948859342888,0.69
2,844,12,0.8425673842430115,0.9355686781184241 -0.33977484970997734 -0.0962512339053726 -0.290637361214152 -0.5859968486233309 -0.7563977906300361 0.200602025887624 0.7356362857473031 -0.6469915627747349,240.73376340659937 -174.2654340719663 903.6264325929051,0.69
