scene_id,im_id,obj_id,score,R,t,time
57,1,18,0.9144596457481384,0.40335335563488484 0.5011081707735469 -0.7656348161376075 -0.07139036426080572 -0.8169349989080352 -0.572294175621104 -0.9122551651751761 0.28549572456189126 -0.29373917829954754,25.344885475220092 16.932929180104473 1054.2584202293206,0.69
57,24,18,0.9027007818222046,0.38280466767897314 0.49966690767316824 -0.7770415482968235 -0.05529558232327092 -0.8272087430449253 -0.5591673220115474 -0.9221729691216943 0.2570188257820207 -0.28902999535499796,25.681537783923595 22.7560923732458 1070.2952385355875,0.69
57,38,18,0.9289684891700745,0.3745457939439314 0.49403852542378246 -0.7846281817752947 -0.08132648356850172 -0.8254607110135812 -0.5585701546299581 -0.9236349123486469 0.2730211529717941 -0.2689944213560198,27.42213709693586 27.220203082290194 1065.3350164556805,0.69
57,49,18,0.9307007789611816,0.4110531645497143 0.515072271233661 -0.7521541406652387 -0.054483606622949404 -0.8097263510934745 -0.5842728583069754 -0.9099817759290684 0.28114727768741643 -0.30477758402798183,11.010382337265176 39.3715693784131 1055.0032513336232,0.69
57,61,18,0.8877575993537903,0.40083234805071755 0.5102638542516391 -0.7608969889547538 -0.09060204671409022 -0.804386880733875 -0.587156721186469 -0.9116604071074746 0.30429023176482206 -0.27619333258633305,15.16503024456181 42.78557174083536 1058.5440116855032,0.69
57,74,18,0.9042044878005981,0.409376054578082 0.5162883324439587 -0.752235072115306 -0.12786377024862078 -0.7838859261443321 -0.6075966680707284 -0.9033615567400969 0.3449191391834895 -0.2548895549625947,10.675388805781504 52.589694578867636 1036.2775473074878,0.69
57,81,18,0.9210178256034851,-0.6263294721081794 0.4760775911934869 0.617301805871404 0.04910698595747107 -0.7661931734233891 0.6407312423548341 0.7780102160632997 0.4316226918997697 0.45651063025775673,-1.2429730596941273 34.382890327714925 1017.9019688483846,0.69
57,88,18,0.9109487533569336,0.4351230746504896 0.4968911511813949 -0.7508442540129964 -0.07474877405461317 -0.8111129919842117 -0.5800933847336592 -0.8972627991196543 0.3085367046431413 -0.3157919745717337,-11.676902463536674 32.64168848991418 1042.5166283414565,0.69
57,119,18,0.9054532051086426,-0.7932455083192771 0.5298102700217823 0.3001043840245222 -0.47698303681200843 -0.8470285618276352 0.23458430902727068 0.3784821609070709 0.0429382490054499 0.9246121136170886,-18.295901664821496 22.54057767650786 1077.9081047070813,0.69
57,246,18,0.9385573267936707,-0.5538102712273729 0.5685600562571567 0.6083039091703443 -0.04884872167108395 -0.7514973530376448 0.6579251711011781 0.8312087498782509 0.3346508491043647 0.4439603848538326,-18.555563787980482 -0.9529887455155039 983.1421592315446,0.69
57,483,18,0.920325756072998,-0.49700176703778953 0.6223459901057378 0.6047104366228713 0.04998877085514436 -0.6751808187284112 0.7359565101346845 0.8663084706671791 0.39600041744995806 0.3044557488860282,-10.815487604630933 52.91358010955682 933.8147315395291,0.69
57,518,18,0.9244809150695801,-0.4724442699115452 0.625335530512932 0.6210892738615416 0.09485524594341344 -0.6645247330607911 0.7412215333269123 0.8762413446903551 0.4090994419803016 0.2546345468051108,-26.235660544835316 60.76258639634685 921.2961808340922,0.69
57,526,18,0.931344747543335,-0.4895074850115113 0.6221436796801207 0.6109989066698767 0.06230534640265134 -0.6739424805261796 0.7361518707113811 0.8697703524076634 0.39842034935015513 0.29113701121009916,-34.0044400193608 62.91561802252117 920.3529555566811,0.69
57,528,18,0.9250293970108032,-0.51559061391942 0.6210376360240767 0.590320737802614 0.03730461963487963 -0.6720315199391986 0.7395823156093633 0.8560225956083712 0.4033433907352857 0.3233255711478291,-35.87936268586918 63.85492311263852 917.6166706676976,0.69
57,537,18,0.939341127872467,-0.5055260515026156 0.6106187315525856 0.609580327708569 0.08427405016118583 -0.6681823461583907 0.7392091968798135 0.8586857956910694 0.42506130964765576 0.2863242695249828,-38.24808863858771 59.07300917019897 904.857839167105,0.69
57,541,18,0.9483962655067444,-0.47600492340138745 0.626961885317584 0.6167155805204375 0.051673212771548294 -0.6801068035393119 0.7312896928450492 0.8779232267000946 0.3799651696386932 0.29133705202382576,-34.490944330774425 56.24459196775513 919.8791225584772,0.69
57,553,18,0.9446892142295837,-0.4639932750974378 0.6214635999429118 0.6312632054938339 0.07558116192481001 -0.6822442599536425 0.7272071628651652 0.8826084798065614 0.38513083972372775 0.26958580761465745,-31.814731109376506 45.221408085354575 910.6221746803905,0.69
57,554,18,0.9322211742401123,-0.4768094205132969 0.6249183947766481 0.6181664633248484 0.041371300907079245 -0.6865218406067606 0.7259312486945038 0.8780325688555234 0.37170520878739777 0.30148639403675803,-32.36484913152806 45.10683635691764 911.010370729901,0.69
57,565,18,0.9149347543716431,-0.49683111242294453 0.62114685498732 0.6060820326225992 0.051164866280418164 -0.67619463855794 0.7349441932854522 0.8663376952361516 0.3961532472728938 0.3041736387132432,-35.289294288174204 44.90838169046652 898.5905109139725,0.69
57,574,18,0.9640765190124512,-0.46473243869144354 0.6366053013604768 0.6154327345109623 0.025957959776886974 -0.6849559249702586 0.7281219438887689 0.8850705874404174 0.35435726481599694 0.30179626260111303,-30.679045809732962 39.79225798812656 897.194400728119,0.69
57,575,18,0.9616849422454834,-0.49280966979996776 0.6307985924509845 0.5993594623541898 -0.00036760915578232245 -0.6889612198704242 0.7247981114615059 0.8701370548454739 0.3569671879550189 0.33975863860736655,-30.598505664552082 38.88341392609513 895.4485320426877,0.69
57,584,18,0.9496912360191345,-0.43546933058768733 0.6446644318293049 0.6283106178091467 0.04881702990574083 -0.6800265427481555 0.7315605229570369 0.8988789460815587 0.34924442943616285 0.26466010050461986,-32.8274169131406 41.20601746960295 886.5142721661869,0.69
57,592,18,0.9202943444252014,-0.5376574979578705 0.6273680181295507 0.5633238719581144 -0.0008514560861630494 -0.6685112905625599 0.7437015055873653 0.8431629082877257 0.39937704518234435 0.3599642841577534,-34.776839472706456 52.18455525468252 873.4137485586399,0.69
57,597,18,0.9259980916976929,-0.45811135671540093 0.6463129670683267 0.6102569405158054 0.01961676381019578 -0.6790163824900528 0.7338609779023121 0.8886783261821964 0.34816131449294996 0.29838654739205506,-33.85029566938542 53.16182444260247 881.4352035835589,0.69
57,606,18,0.9455469250679016,-0.44936531191317997 0.6492426250062059 0.6136406361415627 0.007668057763239533 -0.6840713287463467 0.7293748131635391 0.8933151836498192 0.3324611722626556 0.3024194960620604,-33.05994600929923 49.68773150085904 882.2119400229849,0.69
57,610,18,0.9531479477882385,-0.41557243792436727 0.6537391527975203 0.632395974795206 0.028720999911464984 -0.6854983724131574 0.727507447097965 0.909106513562456 0.3204950881347377 0.26609818766730253,-29.192847117943714 46.139349161080396 875.6502906360481,0.69
57,613,18,0.9593746662139893,-0.5079157148391205 0.6493969956825693 0.5659550941708348 -0.033257650708580444 -0.6713062182476603 0.7404335824443478 0.860764517907663 0.35725551547943635 0.36256439617081937,-29.520391561518764 45.943222999498474 857.5447153679515,0.69
57,621,18,0.9398337602615356,-0.4349640637638881 0.6578885023665672 0.6148080852492751 0.02971007506066614 -0.6719230296790877 0.7400248331149205 0.8999575404839354 0.3401502030585192 0.27271645473889927,-24.832555968740344 47.589845006456024 854.988072831376,0.69
57,790,18,0.892305314540863,-0.29123822367429186 0.7379980378879256 0.6087193057104523 0.03091893867280432 -0.6287088280935764 0.7770258867686128 0.9561507811545158 0.24512059389364577 0.16028592622821214,9.85670559964578 49.65141322091454 778.9977524399957,0.69
57,844,18,0.8051358461380005,-0.2619022919717049 0.7591486871958509 0.5959030627449269 0.03124372823405741 -0.6104626383616458 0.7914285796018332 0.9645885231050619 0.22589519227587584 0.13616292887802017,-36.35331727151905 61.26657209796415 779.7781070526643,0.69
57,978,18,0.8293760418891907,0.03213813313065739 0.8416581323941283 -0.5390535488925977 0.08438510216512402 -0.5396913941414501 -0.8376230379008448 -0.9959148030486634 -0.01856844809041147 -0.08836808136457419,10.617834665498592 29.64358834945354 797.2472070837514,0.69
57,1026,18,0.7743122577667236,0.00893354385692502 0.8215623463027641 0.570048684703029 0.12330024422233538 -0.5666261343928063 0.8146974122935324 0.9923292001996458 0.06300900697965695 -0.10636081736508363,-11.06896571203694 46.87103436715513 795.1410764259233,0.69
57,1028,18,0.778950035572052,-0.14249347070243146 0.8162210628268822 0.5598917640088392 0.011122622473318355 -0.5643077882694891 0.8254895561833071 0.9897332459185613 0.12385433660615996 0.0713316565583384,-11.893544862282212 45.71346560152398 794.8867237611798,0.69
57,1035,18,0.8434115648269653,-0.005430389771972299 0.818045134676203 0.5751283930562963 0.05125151674255507 -0.5741533115669177 0.8171421276915846 0.9986710133464936 0.033913602718307456 -0.03880817764534639,-21.94340550708538 43.80533664865617 797.3145796242569,0.69
57,1040,18,0.8366402983665466,-0.027558413314121788 0.8092920070649234 0.5867597303466181 0.10446273737105977 -0.5814371402910516 0.8068571053111631 0.9941469058225516 0.08353022920471348 -0.06851737336219932,-26.74020476105901 41.593893522731435 792.1967794359161,0.69
57,1046,18,0.8120576739311218,-0.009137241468047508 0.8072276428220784 0.5901695040259752 0.050817525983782474 -0.5890566678278839 0.8064922945325627 0.9986661553648658 0.03736006894293975 -0.035638958701631696,-23.14630841760996 39.60044580018032 794.2361399179604,0.69
57,1054,18,0.8637670874595642,0.08018853562373973 0.8172884143010977 0.57062198222967 0.21317765912834535 -0.5732817849927003 0.7911404936192705 0.9737171480481791 0.05820346076292521 -0.22019825783175384,-18.870456434988235 38.983700782240085 775.1898496578119,0.69
57,1057,18,0.8612911105155945,-0.06897208644114361 0.809204127587783 0.5834651070859769 0.0703539566017633 -0.579456333847026 0.8119610076567974 0.9951347507159183 0.09705172362951253 -0.016964399727313673,-19.71715416071838 37.37626508523012 778.73715299502,0.69
57,1066,18,0.8370195627212524,0.017085692568105992 0.8213587410507504 0.570156029178851 0.10658179870795809 -0.5684863485623826 0.8157595182910133 0.9941571300823853 0.04683043879504223 -0.09725487498639529,-1.725296985435648 36.78394258822111 780.3516711755714,0.69
57,1071,18,0.8339833617210388,-0.12439856696172025 0.8289023264775723 0.5453860373147982 -0.018009988687280376 -0.5514513056580934 0.8340126484625208 0.9920688669872443 0.09392758193444622 0.08352827369575777,-0.19197302688758144 39.31569582074694 786.6534399322737,0.69
57,1073,18,0.8514114618301392,0.01239790946771202 0.8321237356625728 0.5544514229288218 0.03746403668169812 -0.5544912727194506 0.8313458212040742 0.9992210655287161 0.010465038219176215 -0.038049246756386434,-0.34809034003451345 42.82045378146402 789.0749395033426,0.69
57,1076,18,0.820088803768158,0.029976590893711075 0.832936672766462 0.5525557918971867 0.11683539732732501 -0.5519346505581728 0.8256619353249814 0.9926987931541759 0.0398075454400757 -0.11386160633101561,-0.4405031093948022 47.14559370521313 791.8905312098411,0.69
57,1078,18,0.8318619132041931,-0.042169135554928516 0.834687767601463 0.5491066331989047 0.09803643725061023 -0.5434864413162237 0.8336734043236804 0.9942890027440501 0.08898774478496208 -0.05891146153618365,-4.052214141520908 49.34598544127821 795.7142009776558,0.69
57,1081,18,0.8176394701004028,0.03068055043891582 0.8383357431854672 0.54429025852245 0.10177537183327995 -0.5443365179883348 0.832670120079094 0.9943341880439205 0.029848565828289708 -0.10202247597971503,-9.356136198148004 50.989449381068276 798.3432778651202,0.69
57,1082,18,0.7884843349456787,0.06839574351928235 0.8365713423611655 0.5435719008636138 0.1882105217106934 -0.545884099692507 0.8164480076650871 0.9797442634615593 0.046464382519723624 -0.19478767766783323,-11.53357525728434 51.11193713369829 797.6743532095766,0.69
57,1083,18,0.809982180595398,-0.005733161926384955 0.8391550701166186 0.5438620221636169 -0.05643076382828882 -0.5432757797149439 0.837655654830119 0.9983900539108358 -0.02588813382019739 0.05046884959285103,-14.806486565697217 50.13363438062522 797.3822452848287,0.69
57,1086,18,0.8528310656547546,0.08246307981498047 0.8368650433766778 0.5411623967364878 0.009885108334358794 -0.543671963769899 0.8392395846501763 0.9965450943638459 -0.06385683193467728 -0.053105366156541045,-20.176244486741265 50.38969982798133 797.0025641091978,0.69
57,1087,18,0.8440588712692261,0.02936271954800529 0.8396232908453488 0.5423749258315431 -0.02769608027060222 -0.541717158850189 0.8401044262143387 0.9991850468448722 -0.03968941014056182 0.0073479850506597,-21.760589445825687 50.13967233546697 801.7864033169013,0.69
57,1092,18,0.8320373892784119,0.10776076085691066 0.8333026301280708 0.542212453786502 0.0033879534519308807 -0.5456929659340606 0.8379783462008406 0.9941710819526725 -0.08846419361373242 -0.06162747972556426,-22.48647419944229 49.40970517271237 793.0032089315224,0.69
57,1093,18,0.8350175023078918,0.00318167758126342 0.8403400261583678 0.5420502904380027 0.03868524851877736 -0.5417507072255208 0.8396485114425494 0.9992463802660532 0.018297859350271395 -0.03423243883202565,-23.95712289545513 51.748467280275904 814.9925282561176,0.69
57,1099,18,0.884602427482605,0.04095198379131515 0.8391455352037771 0.5423630755970792 0.009182081951422838 -0.5431115852089665 0.8396103235327933 0.9991189240498819 -0.029403686152777997 -0.02994659990776527,-18.652115994463397 55.230024107138036 816.3361304117324,0.69
57,1101,18,0.8519585132598877,-0.0018828102115546752 0.8470285500988267 0.5315440624663084 0.04462027891134546 -0.5309444338100562 0.8462310789116603 0.9990022451103806 0.02531093683762614 -0.036794982549536615,-15.713917920522395 56.81715425045866 817.5045133326663,0.69
57,1108,18,0.8413040041923523,0.12893936543581952 0.8506663707430053 0.5096482764887289 0.07694961298762887 -0.5209716139639513 0.8500984263630005 0.9886624282848329 -0.0703939140176143 -0.13263219732485165,-12.622642178385913 59.891988236683666 807.6759342136884,0.69
57,1116,18,0.8154027462005615,0.05673179842828002 0.860248289211941 0.5067093683316128 0.06390785031674756 -0.509614918784103 0.8580258861016752 0.9963419542079845 -0.016294645151136267 -0.08388798975069922,-13.055067654557373 60.728255697459545 817.7980343956883,0.69
57,1118,18,0.8473033308982849,0.016164917504260856 0.8607250335831467 0.508813435362483 0.08807827524211798 -0.5081274767301673 0.8567664120530212 0.9959823858243951 0.03096585143548558 -0.0840250151587092,-11.455919439991497 58.91680830050339 812.3307288117442,0.69
57,1159,18,0.7900994420051575,0.004634322549107894 0.8879596031267629 0.4598981042247 0.21160439620022103 -0.45035928666764713 0.8674099909621451 0.9773444134813741 0.09329660297765652 -0.1899832658672309,-9.366540277756013 67.29792838963368 831.4596025441497,0.69
57,1290,18,0.8421341776847839,0.1236373114532976 0.9082135603943344 0.39982739267394796 0.1049325775609325 -0.41262548456188863 0.9048366502615187 0.9867638873525011 -0.06991665184999762 -0.14631709541631555,-38.161743260458486 40.011448021260236 880.3279765060925,0.69
57,1440,18,0.878193199634552,0.4111697344662033 0.8593714993164704 0.30400670325102 0.07848414190921893 -0.3656380844741194 0.9274421980106742 0.9081738208777907 -0.357476457049494 -0.21778634880904724,-61.14204317344598 14.022020541249002 857.6043105213104,0.69
57,1527,18,0.9336932897567749,0.46826494996877366 0.8607207681010683 0.19971904263301699 0.14856518319462497 -0.2995096508864734 0.9424554925131534 0.8710087961513876 -0.4116475778932385 -0.26812301027987306,-15.273753949490853 38.488303582461995 942.8073211746386,0.69
57,1538,18,0.9074628949165344,0.5160861380215198 0.8417721350950977 0.15835015225592242 0.22011120547513824 -0.30900081890484365 0.9252402667093658 0.8277718015046869 -0.44264903308781484 -0.34475451866525075,-19.80099633324577 29.468541129825773 927.0344097403997,0.69
57,1539,18,0.9061574935913086,0.511187660130554 0.8427406947265035 0.16874625205360771 0.20574788527368648 -0.3106201096048333 0.9279994370766007 0.8344788696160349 -0.43966267633376854 -0.3321772827924465,-19.753056077347686 29.637223233102546 927.899076518457,0.69
57,1549,18,0.9473942518234253,0.5264792225936455 0.8325046297839629 0.17249831757283213 0.1554708494122387 -0.29374598432408594 0.9431554016579191 0.8358519265756512 -0.46973326269462845 -0.28408135939908385,-16.610545434787095 26.600598209922328 924.31514924627,0.69
57,1560,18,0.9140521883964539,0.5535422166065603 0.8226311720301906 0.1298805960816729 0.20759483659013728 -0.2873214697951576 0.9350672472158699 0.8065329492682924 -0.49063665558026265 -0.32981854700062696,-10.59944682223055 21.55662782873827 932.8535158033292,0.69
57,1563,18,0.8791418075561523,0.5008823552689354 0.8501834561508623 0.1621880299763791 0.18164616694849361 -0.28647397747979775 0.9407110769305445 0.8462396446711558 -0.4417247458704112 -0.2979223265761679,-6.401439137679659 23.626754297484638 964.1587851579128,0.69
57,1566,18,0.916124165058136,0.5815604111419026 0.8094770652071104 0.08083544455339448 0.2525283491587483 -0.2740932813213466 0.9279559827953341 0.7733155378392564 -0.5192492215094606 -0.3638177083350955,-2.610089974413061 25.932826798832984 928.4279457670059,0.69
57,1570,18,0.9430986642837524,0.5361189607126968 0.8296535003246523 0.15572902543646105 0.1699847816729249 -0.2868080261657615 0.9427864711197907 0.8268504302254102 -0.47897413868177907 -0.29479169002891226,2.3361453999134305 27.727562103574115 966.6130876490504,0.69
57,1585,18,0.9249909520149231,0.5542011825154531 0.8269447016139738 0.0949921563659295 0.2502931454218048 -0.2743959909089164 0.9284719605502223 0.7938604352487487 -0.49078437286214593 -0.35904917309607853,8.668685284160068 26.271677524317024 959.3159568838378,0.69
57,1589,18,0.9089823365211487,0.5839031373920658 0.8077193960577005 0.08152609015453977 0.245781884661961 -0.2715952010295788 0.9304984212505241 0.7737237176897946 -0.5232833114192412 -0.3571080854228825,3.268447101931881 25.70179414599911 944.0952198587114,0.69
57,1593,18,0.8791002035140991,0.5577471783208968 0.8189087769155385 0.13530151575564364 0.18156548260843253 -0.27943935720786595 0.9428401885624214 0.809908674234475 -0.501300369772407 -0.30454208028744345,-5.04771927698145 25.715792424055323 961.4867979217832,0.69
57,1602,18,0.9415752291679382,0.5650051335567277 0.8171793177136006 0.11396122917763979 0.19542660815779667 -0.26673197365253776 0.943749169565389 0.8016094060566428 -0.5109520691146641 -0.3104035167148731,-8.451460425793183 18.90367543356008 952.0068902746631,0.69
57,1612,18,0.9305633306503296,0.570893011722332 0.8132731745477917 0.11255182240889117 0.1473699514492834 -0.2363657125995402 0.9604235249707015 0.8076900807713571 -0.5317123220955754 -0.2547915617819594,12.6463646953933 2.4600051407091743 956.8109344680131,0.69
57,1621,18,0.9275936484336853,0.5986084718853908 0.8000329616696414 0.04018902373956834 0.22305148600616198 -0.21466036495015062 0.9508779954914888 0.7693607294224735 -0.560239402364356 -0.30694605399149455,51.74087213745712 -3.469669135479444 962.4338001977592,0.69
57,1628,18,0.9207465052604675,0.6149154624795646 0.7856276753008976 0.0683237133420801 0.15162684866121956 -0.20281177798759376 0.9674071952774483 0.773878719676805 -0.5845139335471987 -0.24383434688445904,77.2683341931463 -7.854460262583808 959.4814293834385,0.69
57,1712,18,0.9312126636505127,0.6802377303637461 0.7317980968543996 0.04181119024685076 0.12760200604260513 -0.1743964669931235 0.9763726749321797 0.7217993891958364 -0.6588303406345184 -0.21200996206764033,65.77570487718971 -46.92135199858474 905.0022229094042,0.69
57,1827,18,0.8865262269973755,0.7374779651981147 0.674514947155285 0.03399760155292425 0.146439833212894 -0.2088451794011692 0.9669224717057068 0.6593038951013623 -0.7081054138368077 -0.2527945743072333,27.108673464327875 -19.777330673131424 885.6478705892979,0.69
59,1,18,0.9357110857963562,0.9160023396404429 -0.28821142792801036 -0.27905893030851386 -0.39090514746193983 -0.4848626027827694 -0.7823691086120909 0.0901824786806939 0.8257375062539037 -0.5567986092875867,27.619160384085482 135.46946789307648 860.7091452019284,0.69
59,29,18,0.925900936126709,0.9229889294933947 -0.27492344157790216 -0.26927409326483503 -0.3747423025611817 -0.4829762123937984 -0.7913925605746396 0.08751938473150385 0.8313549660239618 -0.5488071407730739,25.001453338707876 130.65147959176517 858.7073888750313,0.69
59,37,18,0.9298876523971558,0.9224054439783573 -0.28501263658256537 -0.26064534123468225 -0.3734067516372589 -0.4856929827684848 -0.7903605027588128 0.09866911751302875 0.826359560650028 -0.5544314942096031,8.855964718409272 134.44024757918484 855.6374152692666,0.69
59,55,18,0.9226504564285278,0.9262331555814804 -0.24622890329928226 -0.2854180594874923 -0.3724227771056585 -0.4807462946827288 -0.7938414673231272 0.05825303935832005 0.8415784736605728 -0.5369844095284875,27.597089463551974 142.74553598260792 838.845537346393,0.69
59,61,18,0.9011969566345215,0.9288458648303636 -0.2501321439259054 -0.2732750811226009 -0.36556822358171553 -0.4992925484281181 -0.785536011263306 0.06004359495269081 0.829542561692398 -0.5552061824637509,15.086082449880221 135.41546510415782 842.9538322928585,0.69
59,68,18,0.8739342093467712,0.9282866033080067 -0.24658940251790157 -0.278348071099384 -0.3680151367251479 -0.5017503788086499 -0.7828227235501967 0.05337453756290658 0.8291201504795559 -0.5565167875353854,7.042263731387696 126.9875447943411 832.3109683294796,0.69
59,80,18,0.9135292768478394,0.9346849864056048 -0.22791432893904634 -0.2727985242852652 -0.3529216466937723 -0.5031128518438945 -0.788875002522237 0.04254747328467845 0.8336261254146055 -0.5506879293604698,11.887756346349688 127.75465757421567 834.1961973548217,0.69
59,88,18,0.8639103770256042,0.905519094193615 -0.19613648866718864 -0.37625210679022236 -0.4226931824827475 -0.4942190798112942 -0.7596564846251787 -0.0369546145072818 0.8469226522910952 -0.5304303700796502,17.24042584434869 114.2649491529214 830.2859871725055,0.69
59,99,18,0.9188601970672607,0.9441702662677999 -0.1664574410934355 -0.2843139613181479 -0.32874846298771454 -0.5326140771101413 -0.7799017200566546 -0.021609173491994066 0.8298277924778964 -0.5576010029153957,31.93928227732045 97.5483650013895 837.0413800789827,0.69
59,114,18,0.9261003136634827,0.9385476580923103 -0.16236909339310485 -0.3045727679884414 -0.3439130158259041 -0.5145726690657189 -0.7854545217872985 -0.02919128354442785 0.8419330411388327 -0.5387918180556805,24.51317287966984 108.35497344505252 838.2788140755839,0.69
59,120,18,0.8479500412940979,0.9438028883901223 -0.15642956019068768 -0.2911458407139117 -0.3298933586731366 -0.49960502360484726 -0.8009776478105722 -0.020161343452747588 0.8520120967963706 -0.5231337373395375,22.43957242872676 114.90609827859491 841.7347583093289,0.69
59,126,18,0.9509607553482056,0.9368241485854976 -0.15543969221887638 -0.313367223413615 -0.34791106401965605 -0.5070345699148107 -0.7885897770349384 -0.036309863119657476 0.8477938705806995 -0.5290814179746137,18.108537757588724 113.3520907981612 854.9740996946621,0.69
59,127,18,0.9241623282432556,0.9434901395306501 -0.1544137712928402 -0.2932281429937396 -0.3305094290909921 -0.5032757368858845 -0.7984215991216151 -0.024287319538824903 0.85021757209381 -0.5258709026106376,16.70990485152287 111.64055244973942 853.7873361375061,0.69
59,132,18,0.9277064800262451,0.9412012878545015 -0.15552510949904305 -0.2999201161248416 -0.33679600124741016 -0.5018744713659995 -0.7966746315371496 -0.02661934042725908 0.8508430850082811 -0.5247451337638191,9.74811791256054 106.59938307532218 853.3475028309402,0.69
59,164,18,0.8973193764686584,0.94663603619399 -0.09056042408447866 -0.30932026213710967 -0.31113431937884395 -0.5072371611695154 -0.8036827095523176 -0.0841168846522171 0.8570351637583669 -0.508345431569986,-2.4103139588300158 89.61902633251935 934.9978317573529,0.69
59,242,18,0.8708584308624268,0.9247094065609287 0.12218688421821813 -0.3605313838527497 -0.2703352988397376 -0.4560191111543852 -0.8479182722781684 -0.2680136929691555 0.8815423617654503 -0.3886537337965852,74.49283551252638 149.58307293559426 882.3777941238101,0.69
59,274,18,0.9358033537864685,0.7090874113473273 0.31822095537897277 -0.6292300585846485 -0.4679136456149938 -0.4552200965884108 -0.7575166558626447 -0.5274958419893302 0.8315708552010059 -0.17389091254069533,67.46342404740419 157.95299187427045 933.1646075997961,0.69
59,320,18,0.8616830110549927,0.5965734063482235 0.440945249495677 -0.6705724851090094 -0.5201653849447458 -0.4238482154121439 -0.7414719567166551 -0.6111694880664134 0.7911510457802201 -0.02349211819956265,38.55198488399405 149.67695534201212 909.0541257769486,0.69
59,422,18,0.9078078866004944,0.5030688468212186 0.5692991648393227 -0.6502462581754846 -0.45744622117781086 -0.4629481552811072 -0.7592245782717792 -0.7332562240363942 0.6793949267068966 0.0275289570601549,68.04371279301151 143.86080087875328 843.3102570592121,0.69
59,455,18,0.9319488406181335,0.40127803178626054 0.6379352205992803 -0.6572781721042411 -0.5446515010290331 -0.41075676746808476 -0.7311864470885595 -0.7364310447235138 0.65139660138668 0.18262470826620558,18.39177843131228 137.8963925070337 787.6506092481101,0.69
59,492,18,0.8761709332466125,0.3637380514660439 0.7492993398525227 -0.5533941897167507 -0.49446160385348237 -0.34816631024891453 -0.7964219627322555 -0.7894316640661985 0.5633211514795358 0.24385841807377195,0.5933734838841935 137.89216955665114 795.3182229279699,0.69
59,510,18,0.8635045289993286,0.40136183147429616 0.7748231496350138 -0.48842375763805335 -0.41444283141271104 -0.3219114916299204 -0.8512403485780119 -0.8167899483503785 0.5440791103748398 0.19191691412564227,-27.420983557760614 141.45767469184514 783.1944134538703,0.69
59,514,18,0.8779815435409546,0.44913233624579274 0.7543004512239211 -0.47886425406558086 -0.4058085222381436 -0.3052699058832147 -0.8614695164896707 -0.7959896907732474 0.5812410118405636 0.16899496541988301,-27.078804794709942 134.14496929850316 755.5445779589974,0.69
59,515,18,0.8688058257102966,0.4079226220205596 0.7740469310929525 -0.48420087041377136 -0.4176921304661092 -0.31336549353556364 -0.8528395814031473 -0.8118697054272653 0.5501394513455611 0.19548443795517512,-25.750408482074747 134.8182471018799 765.8915814914963,0.69
59,523,18,0.8887799978256226,0.4205142277130395 0.7804663578856519 -0.46264462441447607 -0.3950805813125515 -0.3015184135606299 -0.8677545623928561 -0.8167491160452164 0.5476850468038966 0.18155431954864398,-28.00624567754154 136.41422906138206 762.1377706195915,0.69
59,525,18,0.8636898994445801,0.4171234044618629 0.7858448668133703 -0.45656972167810417 -0.3884205127607744 -0.30002915524328877 -0.8712703433898433 -0.8216675548643759 0.5407682972466811 0.18008908344517438,-27.400678656276778 139.62448668741413 767.0716205422982,0.69
59,530,18,0.7891451120376587,0.4394227220041146 0.7935537731399794 -0.42092764285776846 -0.324438103610876 -0.296755356542292 -0.8981515324759158 -0.8376440701824812 0.5312331573789043 0.12705803472967458,-35.591723448724366 141.0497163324589 770.8155026194728,0.69
59,535,18,0.8296668529510498,0.44952603858503903 0.7824754816450987 -0.4308810291232522 -0.34585391181983516 -0.29228316474947835 -0.8916028394318554 -0.823596632043235 0.5498205818522077 0.13923331303513553,-37.90712319353351 139.74388249235233 763.9315429274919,0.69
59,545,18,0.8029719591140747,0.42878624568321155 0.8047765360362561 -0.4104595991792387 -0.3078483496337593 -0.296990739410512 -0.9038948469441389 -0.8493360637231103 0.5139369881122414 0.12040358428822029,-20.16720776540439 140.7630357839581 780.2385605745133,0.69
59,561,18,0.8292496204376221,0.3760902977605449 0.8152106717087546 -0.4404402895541527 -0.33866676591621836 -0.32151117036782395 -0.8842711060486833 -0.8624737153062892 0.48172827201740354 0.15516752993101557,-24.253359524233005 127.44287180211025 789.2106526856004,0.69
59,567,18,0.8831166625022888,0.3867726167029121 0.8118426435495576 -0.4373996628750971 -0.33461948020534327 -0.3184331477841009 -0.8869217179996302 -0.8593234236513563 0.48939948151461665 0.14849714157968263,-16.047444965779416 123.13108384732911 780.0896554238254,0.69
59,615,18,0.762608528137207,0.3220435580071661 0.8469159900151983 -0.4231090315777505 -0.3024577633797474 -0.3314582821824279 -0.8936748337868733 -0.897110499390909 0.415774834530965 0.14941231158556856,-6.837923282549408 116.03233586182739 792.0159753335704,0.69
59,629,18,0.7749853134155273,0.3941887789254581 0.8222285484769855 -0.4105550153617489 -0.292173821364338 -0.3114310823398889 -0.9042373245238029 -0.8713493356160985 0.4763936345313977 0.11747101897637902,-19.80998914232002 113.635213485058 772.3454033260923,0.69
59,636,18,0.8055654168128967,0.4055395116104048 0.8193455107091853 -0.4052291186520274 -0.26182383506944007 -0.3206228198195127 -0.9103017559032365 -0.8757773597851941 0.47526197143437554 0.08449896210005181,-27.805202660819763 115.95925653350994 773.0032650396363,0.69
59,637,18,0.8028488159179688,0.38359726475970535 0.8250399816616879 -0.4149242908393703 -0.29402193246237773 -0.3168077671817666 -0.90176712175838 -0.8754451677289455 0.4679122431749201 0.12105325682133883,-28.707328853176076 116.37302928853713 778.8130323631447,0.69
59,648,18,0.7605796456336975,0.3834591530638448 0.8296101889443949 -0.4058398850916508 -0.26529617696508423 -0.32196532055838945 -0.9088213635503098 -0.8846338318305883 0.45616364032809453 0.09663186236097976,-36.72390753909833 116.5695949148254 780.0079469375875,0.69
59,710,18,0.8709076046943665,0.4011116764643623 0.8604955379366473 -0.31409688345328846 -0.19742140674702313 -0.25362533678681176 -0.9469419077735459 -0.8945022141738808 0.44183890472761256 0.06814815556659282,-57.84343493256277 119.71479457418366 770.2570071133485,0.69
59,801,18,0.7956931591033936,0.3778169279351917 0.9034696540922265 -0.2024770433903234 -0.08132819022082322 -0.18545699827785178 -0.9792810767421041 -0.9223015203505955 0.38645605949996664 0.0034087585333336667,-86.89612000531604 115.94001571523552 770.9243645932481,0.69
59,908,18,0.8362737894058228,-0.2946478610808221 0.9524204494268961 0.07796105100603712 -0.16853132229091272 -0.1320951688997749 0.9768050264818544 0.9406273605245454 0.2746746327326374 0.19943423669424876,-114.83213347047358 92.47066715814333 764.6097501649903,0.69
59,1026,18,0.9075732827186584,-0.2364732156004914 0.9686185346434222 0.07654118269789878 -0.1920775780418802 -0.1238226058426728 0.973536936277148 0.9524634493339517 0.21551356483423434 0.2153306319484325,-121.58581515777486 98.76504722724803 792.1684667719269,0.69
59,1027,18,0.9131677150726318,-0.2961332615954515 0.9547713917700835 0.02677089528308224 -0.28761984880637126 -0.11586560875341778 0.9507102520120418 0.9108127765624723 0.27383708690682823 0.30892286397245194,-125.69090546420497 98.38626220388421 792.6244281633387,0.69
59,1032,18,0.9126185774803162,-0.3080781555478991 0.949813799905906 0.05423647833799755 -0.18368455221145547 -0.11532227722949884 0.976197089553887 0.9334601412771095 0.2907825955639474 0.20999439698242495,-137.6692731837024 101.8368347839815 799.9322250815269,0.69
59,1034,18,0.9065971970558167,-0.31263217115352737 0.948032859874745 0.05911702087845466 -0.16723471191798378 -0.11619977658931169 0.9790455367603199 0.935036724781193 0.29619471385949164 0.19487179065260674,-135.54523266403874 101.5032942589911 798.0286132990188,0.69
59,1039,18,0.872159481048584,-0.28504695640230415 0.958132596013837 0.02702149332602466 -0.275018715653761 -0.10875948053597573 0.9552675444260108 0.9182118158061019 0.2648646896989672 0.2945059548884047,-130.93108882748157 104.50641558222067 811.8764501247632,0.69
59,1044,18,0.9022946357727051,-0.2305913717310739 0.9715030811214331 0.05485784041269126 -0.255045647802348 -0.11475013843210413 0.9600958927455601 0.939031062755787 0.20739857545647583 0.27423802449398216,-125.80783919966804 102.26836745045959 813.9718016244605,0.69
59,1048,18,0.8941742777824402,-0.20996248829226283 0.9759490165422339 0.05864529495508014 -0.350292526741497 -0.1310900394404415 0.9274214507269936 0.9128038667858389 0.17418070693894422 0.3693916378467039,-131.15177490015222 100.4707678024621 812.8825621139465,0.69
59,1054,18,0.9013279676437378,-0.2691702247867729 0.9608671869782799 0.06543423474516508 -0.15366796901192886 -0.10992006649795161 0.9819896813515073 0.9507541981963514 0.25426723731053735 0.1772417181209882,-138.5997445774327 102.8599304489315 814.663489693347,0.69
59,1060,18,0.8533717393875122,-0.18381142084866786 0.9807280198600341 0.06622622310694082 -0.28612424032416506 -0.11783967339420176 0.9509188874311348 0.940396874018897 0.15584082403453936 0.3022703374460062,-143.07837685359334 98.51963570058386 809.459977085917,0.69
59,1063,18,0.829425573348999,-0.26326751705732265 0.9639480327721488 0.038657529372386756 -0.2680240057188423 -0.11157711128588788 0.9569292975949284 0.9267434093754855 0.24156725430364356 0.2877358420970533,-145.0821750489752 97.69987516925396 811.2875060450768,0.69
59,1064,18,0.8015671968460083,-0.3004334576062915 0.9536002296635449 0.01965552177794283 -0.2805421626715265 -0.10804374144766715 0.953741393092264 0.9116116676054072 0.28102162180092866 0.29998502556971796,-146.08048662932922 96.87540831202035 811.1645320990966,0.69
59,1068,18,0.8705805540084839,-0.2036052609870702 0.9774616658702885 0.05579954706328438 -0.28253939640330483 -0.11323035671155757 0.9525494085867828 0.9373987343593138 0.17817850059155294 0.29922572541227577,-148.55827773801778 100.1538173071322 811.7962739211065,0.69
59,1070,18,0.871306300163269,-0.3022470826796031 0.9526517084683186 0.03318769898718066 -0.17694101023775827 -0.09028088635088416 0.9800720588077904 0.9366635361258125 0.2903516556041884 0.19585029022239375,-147.62338465312862 103.6333785814899 808.0733437762292,0.69
59,1071,18,0.8727896809577942,-0.2248520762234716 0.9736343632915763 0.03844047913074322 -0.28953934523293384 -0.10443119229491149 0.9514520973953167 0.930380842117935 0.20280594836855803 0.30538702645373084,-146.8704689817645 104.0012222761428 813.0990100001601,0.69
59,1073,18,0.8706803321838379,-0.18286918540855934 0.980970152831137 0.0652412467881004 -0.33888828845150126 -0.1251894379276326 0.9324603651532731 0.9228833019284843 0.1484087729408855 0.35533258665053324,-150.28811400688542 103.09069824481132 810.2991323295649,0.69
59,1074,18,0.8855867385864258,-0.23612515028213754 0.9707228894250013 0.04406796285982373 -0.2608112968640304 -0.10699733590293015 0.9594420449082781 0.9360675086938659 0.21505497449734196 0.2784402577064009,-152.1250482774736 100.99358288033712 811.6999084960281,0.69
59,1075,18,0.8063653111457825,-0.19654329082353028 0.97833073895307 0.06511297913471176 -0.26718991305934997 -0.11733581446846086 0.9564736572443384 0.9433876643202381 0.1705909489467805 0.28446167219125074,-152.53721334742647 97.56776472947328 807.6008873867612,0.69
59,1076,18,0.7854438424110413,-0.2751968934588045 0.9613489359488986 0.00865408461616718 -0.36618004676592875 -0.11313777072905928 0.9236406325974194 0.8889200431878705 0.2510140796536704 0.38316196136163516,-159.430382577907 97.18740738614251 820.4373080924439,0.69
59,1078,18,0.8318718075752258,-0.22071913678248611 0.9745763454078231 0.03852284555332958 -0.35137853574443983 -0.11629976077867421 0.9289819644432914 0.9098440455792893 0.19150799621518322 0.36811479202764685,-160.9457355404512 91.24476715510032 816.3058665683136,0.69
59,1081,18,0.844774603843689,-0.17124642139878854 0.9830035874070413 0.06617106847403875 -0.34900570678458026 -0.12333308976246049 0.9289693028305298 0.9213412396012154 0.13598858817758297 0.36419421205664926,-161.5062284600009 88.83092727222852 805.345107466807,0.69
59,1090,18,0.8822115659713745,-0.27521705668179464 0.9603362787709497 0.04483083077274719 -0.2127166820126028 -0.10630450682582815 0.9713140403711185 0.937553830403865 0.2577859257307937 0.23353636031710057,-164.0515258374478 88.66514690162023 813.4848183867825,0.69
59,1093,18,0.8641550540924072,-0.2102816625257351 0.9775051644209116 0.01628729369353299 -0.4631515200819138 -0.11427751393186836 0.8788807195833598 0.8609717137346764 0.17726901404362294 0.47676346840836736,-163.39259408929297 83.95343388312558 815.1836944135501,0.69
59,1103,18,0.808343231678009,-0.185343323294884 0.9823868894151755 0.023745568327259603 -0.48226753173075393 -0.11198854648202317 0.8688363443682421 0.8561926654371287 0.14958129883785648 0.49452962973885106,-147.09398713326723 90.25188522036805 817.6334689467601,0.69
59,1110,18,0.890984833240509,-0.22083639718324477 0.9748268156479309 0.030724016222479 -0.3252932868126351 -0.10331650696839878 0.9399521141752284 0.9194648243591252 0.1975813221981363 0.33992066410366895,-153.8387470765625 88.9281976864912 818.0771745849784,0.69
59,1124,18,0.6822435855865479,-0.11441121413445998 0.9932295239049812 0.02012925541998567 -0.4318616434832546 -0.06797377548362649 0.8993748310545742 0.8946538967490283 0.09420551305515945 0.43671469673208063,-137.88813106245425 96.42570308185783 827.161575847338,0.69
59,1129,18,0.7290098071098328,-0.0921185677738332 0.9949541212329034 0.03975507656839172 -0.36352605324919707 -0.07077277585284625 0.9288918251374294 0.9270183267230263 0.07111617846695478 0.3682112316047632,-140.6917373074952 99.29961608759088 835.2989681494859,0.69
59,1131,18,0.7603476643562317,-0.0551557124093669 0.9963385750730764 0.06532450696306247 -0.34381848837931367 -0.08037479859311358 0.9355900484719151 0.9374148998374089 0.02914336240841836 0.3469927520717868,-140.497462757584 100.25825189836539 829.444595218563,0.69
59,1132,18,0.7822209596633911,-0.18385202320244143 0.9828065452733303 -0.01702140218286069 -0.40740451114658766 -0.060430463204575346 0.911246247407522 0.8945501650895713 0.174469062256843 0.41151008305196934,-143.10479161986538 101.08930985405112 838.2024114837894,0.69
59,1148,18,0.732260525226593,-0.1388726500644768 0.9903081464690735 0.0020401228046196818 -0.41646401381441445 -0.060270294123976775 0.9071522567043511 0.8984832287036064 0.1251290001686174 0.4207976010567852,-139.17714084587922 100.73474643834058 845.377144074418,0.69
59,1152,18,0.7235469222068787,-0.06003476528522733 0.9971743177937442 0.04515757843074336 -0.3306823496121974 -0.06255258323938051 0.941666797750158 0.9418306698192114 0.04159993104154697 0.3335032760337361,-133.63023510791052 99.83579153269996 831.5519320110346,0.69
59,1251,18,0.7592411637306213,-0.05366948619095768 0.9984674135735883 -0.013505935127494206 -0.31441004548766965 -0.004059552141129075 0.9492785910010061 0.9477689114696897 0.05519369590888912 0.31414605899720727,-114.58725932458736 73.46359929317796 842.9414697175376,0.69
59,1490,18,0.6699008941650391,0.11033306695497846 0.9938931021993905 -0.0017651449742859815 -0.5356707640200146 0.06096112838817902 0.842223588722053 0.837187820569866 -0.09197957504855064 0.5391255056694739,-102.06557814612583 50.482225984180296 827.6903573777879,0.69
59,1539,18,0.7917867302894592,0.15919550034285113 0.987236633821845 -0.004541091355806326 -0.44359680602619905 0.07563935393753685 0.8930288695329323 0.881974300279744 -0.14015176408459706 0.4499764623511229,-128.6114956416871 61.64734168445511 833.395269301375,0.69
59,1541,18,0.7233001589775085,0.16756897176584717 0.9858597298316009 -0.001110314234720966 -0.4515438537699771 0.07775106857596614 0.8888548359872117 0.876372516584069 -0.1484431353470363 0.45818756829975993,-126.64769164343222 64.1547450155934 832.8596429743043,0.69
59,1544,18,0.7334283590316772,0.12152388198210207 0.9919799549784893 -0.034752194590763896 -0.46973960545204174 0.08831839485421511 0.8783760949616828 0.874400737178189 -0.09041919072436516 0.4767050668610421,-125.92141194333483 66.11515991340335 852.99373186649,0.69
