scene_id,im_id,obj_id,score,R,t,time
50,620,10,0.9320065379142761,0.37078192694955303 -0.9268909730297237 -0.05825707479429976 -0.41169093812791413 -0.10781131987771264 -0.9049239143538996 0.8324850353675641 0.3595133424815246 -0.4215671031601351,-12.37224226501482 85.3433527830587 850.3853013113792,0.69
50,623,10,0.9001453518867493,0.38278573411587025 -0.9192809530434489 -0.09163848061214719 -0.4446155660531537 -0.09636481765212723 -0.8905227792381879 0.8098099037308745 0.38162331072721567 -0.44561369876720724,-11.686055574426721 79.66089695481661 840.0587437984332,0.69
50,629,10,0.8374146223068237,0.3726712396488573 -0.9237853418410691 -0.08795902078902124 -0.46167228128219895 -0.10234952251538587 -0.8811261430331999 0.80496885146835 0.36897861379821484 -0.46462880961609976,-8.173831235579655 75.3822436726421 841.8033825847765,0.69
50,633,10,0.8735359907150269,0.37406953044654023 -0.9244870988239813 -0.0734546833055813 -0.4319153079997798 -0.10357618704082183 -0.8959470632763634 0.8206833452111479 0.36687269942870226 -0.43804482568218583,-3.567440739974898 73.91731226303035 840.6767164278202,0.69
50,640,10,0.8530581593513489,0.3838879416029529 -0.9183408164861285 -0.09633375871125621 -0.45274061427785994 -0.0962698512643172 -0.8864299475541495 0.8047707651717686 0.3839039730364053 -0.45272702041264257,6.200038691805876 74.46546952901024 843.5944925276324,0.69
50,642,10,0.8537396192550659,0.3842136786621373 -0.9195790623680559 -0.08218392289977039 -0.43316617144208835 -0.10093837393450267 -0.8956441886070954 0.8153201316336495 0.3797180437136827 -0.43711244575182584,6.981125949191451 74.37561185169903 840.6330336605293,0.69
50,644,10,0.8606051206588745,0.3725200940336736 -0.9245456722653064 -0.08027502374111123 -0.4477955477168444 -0.10331213615030754 -0.8881473695108443 0.8128394226328559 0.3667995398300733 -0.45249328237481334,7.059697062357262 72.640786323351 837.8585002295486,0.69
50,651,10,0.9276899695396423,0.3875334577044093 -0.9177652979796102 -0.08674489601159535 -0.44564961467115427 -0.10414067351542333 -0.8891294287465723 0.8069784632213655 0.3832252313511623 -0.4493597466982684,12.03067380967007 69.2260962881249 833.4975483221019,0.69
50,653,10,0.9251109957695007,0.3982808292298837 -0.9135478146111184 -0.08247891540997554 -0.4322581645488915 -0.10762038684016684 -0.8953048260325622 0.8090273544502558 0.39223493311486496 -0.4377516384841955,14.597626862653492 69.90356000038396 831.3569217282352,0.69
50,660,10,0.8742138147354126,0.39239195038591523 -0.9159494416955398 -0.08405461040280005 -0.4313045099099892 -0.1025132304696601 -0.8963634627259073 0.8124069035918157 0.38797893993914634 -0.4352784914971739,19.887307237138025 72.27160691064567 830.1719103003566,0.69
50,662,10,0.8593441843986511,0.3838949893787782 -0.9190156866017671 -0.08963707329977949 -0.4468086678728407 -0.09993026388434867 -0.8890309087279822 0.8080758946061719 0.3813451325766289 -0.4489869022772801,19.836708299604027 73.58838230374128 835.7710645188744,0.69
50,671,10,0.878114640712738,0.3839863759714641 -0.9191432552026041 -0.08792121179705137 -0.43544783424763767 -0.09629868908613926 -0.8950484602128159 0.8142110578451653 0.38197151581741234 -0.43721632447428704,26.255680750398213 72.8432515622274 834.8857378214946,0.69
50,681,10,0.8610494136810303,0.3851652436353401 -0.9176036436525785 -0.09824097032725759 -0.44576509946054615 -0.09177847384483062 -0.8904325846697456 0.8080477777942705 0.3867560793241988 -0.4443855577170752,34.32881520978454 72.17964573152949 821.2761052993009,0.69
50,682,10,0.8439216017723083,0.38233314992632905 -0.9186668854291122 -0.09936053584489918 -0.44484565147391675 -0.088747288489045 -0.8911993408607237 0.8098973446259456 0.38493515350227026 -0.4425959994916646,35.13154909717746 73.08405490710317 820.2684147003259,0.69
50,701,10,0.8741296529769897,0.36622299523451163 -0.9249334562305835 -0.10187649045196984 -0.4439947920552471 -0.07747437157733295 -0.8926737065560493 0.8177709596147817 0.3721502697755907 -0.4390385339770013,38.21630079691724 84.5280831495852 827.357128948749,0.69
50,712,10,0.8915591835975647,0.36242041267172864 -0.9271775674126976 -0.09483249952166456 -0.42367831687349095 -0.07326605155457777 -0.9028448202769113 0.8301494614164968 0.3673878661255359 -0.4193781438435078,47.90338630465231 91.010374728051 821.3022517028114,0.69
50,721,10,0.8725424408912659,0.37442986641384424 -0.9223099051481038 -0.0956384546247312 -0.42350230250189647 -0.07834472690386729 -0.9025009160892588 0.8248927657052784 0.37842640319097015 -0.41993497407937186,58.08379858549616 89.10001742889 820.5879752567278,0.69
50,722,10,0.8912777304649353,0.38152942864403394 -0.9176408442654364 -0.11122309119231655 -0.43861007272287067 -0.07380514446135744 -0.8956416720748742 0.813668543809207 0.39049722353283844 -0.4306453520340716,58.39945903322925 88.39823564877963 812.8423332469265,0.69
50,735,10,0.8635619282722473,0.3790977471910235 -0.9185656001739109 -0.11190235141333577 -0.43084667330793763 -0.06819134974380336 -0.8998450332805097 0.8189359206764435 0.38934198077944443 -0.4216121201158296,67.08591564717601 89.43965641382341 818.2187888636057,0.69
50,737,10,0.8807045817375183,0.3872570533692853 -0.9144130490253622 -0.11781659640254 -0.43210630359837154 -0.06712642563715043 -0.8993209579297772 0.8144422121957398 0.39917767817517125 -0.4211188243719213,67.12988685677814 88.24578318399503 809.4225132352374,0.69
50,751,10,0.9269886612892151,0.389232511380621 -0.91230861506493 -0.12724402918268646 -0.44290395358952434 -0.06423565111617102 -0.8942649881441463 0.807672049769647 0.40443389077077996 -0.4290676963101576,73.12489935340096 90.51708225453073 807.9378429679308,0.69
50,757,10,0.9262084364891052,0.3963692483172496 -0.9113169045247664 -0.11132348591297592 -0.40401912043801724 -0.06425766432296331 -0.912490823458652 0.8244149254525355 0.40666011865334856 -0.3936592163127077,73.59749640042162 90.22383975629833 797.2992758860665,0.69
50,769,10,0.9150651097297668,0.3750229806817711 -0.9170743741320657 -0.13539703198681985 -0.4472474233198395 -0.0510591680130037 -0.8929516804931745 0.8119898437137772 0.3954333745046059 -0.4293075122025889,78.08555930752138 90.46988475894284 800.188316276013,0.69
50,923,10,0.9224560856819153,0.2610846621551828 -0.9552681752044946 -0.13891548736116127 -0.4734541068853383 -0.0013110575552310877 -0.8808175122018711 0.8412348113700006 0.2957380505947141 -0.4526179377463042,94.927650911031 75.6482931981147 765.1225561914503,0.69
50,1026,10,0.9202746748924255,0.10902265271971645 -0.9878216228946549 -0.11100676797261821 -0.5155484761448187 0.039289279498039065 -0.8559591820065258 0.8498963642343175 0.15054831071219504 -0.5049865109119187,75.60321543969526 81.95179455008844 738.9093414422204,0.69
50,1044,10,0.8629977703094482,0.09802517504544339 -0.9856016495840272 -0.13776956628571918 -0.5255828146100261 0.06628416123604175 -0.8481563033756443 0.8450761918572276 0.15554998652034474 -0.5115177725647544,68.80879835908492 83.53460207842085 735.58602272271,0.69
50,1052,10,0.8839941024780273,0.06981499579817707 -0.9919151266557837 -0.10597286385269278 -0.511225030961328 0.05564566217239664 -0.8576435903100921 0.8566065806893443 0.11405236425798604 -0.50320693966486,65.20394039764146 82.95530609834925 729.7203001072698,0.69
50,1058,10,0.8749958276748657,0.0862879217588407 -0.9885123552473649 -0.12408754200904953 -0.5343291398062799 0.05920465556496679 -0.8432005568744096 0.8408607286063614 0.13906161326096106 -0.5230823097800554,65.07823837957875 80.35390144280464 719.5139119143803,0.69
50,1066,10,0.9017407298088074,0.05755504546070722 -0.9924529015674147 -0.10828044566049466 -0.5185127187046629 0.06296816393574245 -0.8527482458921042 0.8531306917955274 0.10522475232083406 -0.5109753166401525,65.49626221979864 80.36229621458331 723.3446029039512,0.69
50,1077,10,0.8425321578979492,0.06236479128826722 -0.9906346858513266 -0.12146420046999334 -0.5381406636421882 0.06911818570330974 -0.8400162513545966 0.8405446204350586 0.11775226364417218 -0.5287902660453931,66.57308659829842 82.80924564401498 719.9748424205877,0.69
50,1094,10,0.8654032349586487,0.03158260969669413 -0.9940189683733379 -0.10454104112142554 -0.5138707186415296 0.07356264533277945 -0.8547077990368883 0.8572860801900288 0.08071448275030318 -0.5084739413055175,68.55168698080664 93.73114843460988 725.8957814874494,0.69
50,1098,10,0.8675190210342407,0.0407814038403167 -0.9935343762559778 -0.10595433119253944 -0.5027475865158932 0.07123675234362015 -0.8614930001851313 0.8634707530387222 0.08840117823411087 -0.49659187501766855,67.19220337130244 93.17498894043109 718.285134039295,0.69
50,1105,10,0.8326235413551331,0.036150849572257227 -0.9936812858053001 -0.10625732123260984 -0.5017746199452264 0.07390373180226184 -0.8618355232899856 0.8642426435058779 0.08447331333637464 -0.4959323668404265,69.27285266953741 95.45220273924966 721.6400404401054,0.69
50,1113,10,0.8846761584281921,0.04223920571409956 -0.9930099161663699 -0.1102141365519928 -0.4867529650646432 0.07588284591354133 -0.8702375220000802 0.8725178511075979 0.0904051994706116 -0.48014528989385985,70.67791708886536 100.38343688406599 717.5012610209421,0.69
50,1125,10,0.8564471006393433,0.07311288665390403 -0.9884686644671836 -0.1326054492530243 -0.48408126255145595 0.08107600955693861 -0.8712588661935741 0.8719632085424948 0.12789206402582692 -0.4725714579907385,69.27884023038685 98.38584399246102 713.7116693338926,0.69
50,1130,10,0.8666815757751465,0.029139074046862556 -0.994412660988061 -0.10146119470189097 -0.4995408414015378 0.0734326386073677 -0.863172401875201 0.8658001282833904 0.07583605510443764 -0.4946099782764817,66.30150340781123 97.01928427063095 709.5323026722892,0.69
50,1145,10,0.8078800439834595,0.03484001137756554 -0.9938995232111694 -0.10464182418049423 -0.49295583753672606 0.07399104799461187 -0.8669024553288127 0.8693564952570816 0.08178668948716167 -0.4873707229379445,66.88048405198366 94.08426406203081 708.2529546243697,0.69
50,1150,10,0.8393376469612122,0.011335594087429346 -0.9952943000241267 -0.09623284598394305 -0.494532727919503 0.07806511923401027 -0.8656461275691558 0.8690850852035032 0.05740290496537592 -0.49132069076964013,67.37661803439234 92.54190070797968 709.5593004268053,0.69
50,1169,10,0.8887217044830322,0.013806998511575963 -0.9948675558757716 -0.10023927901711127 -0.4848272555738072 0.08101513561830775 -0.8708496311381879 0.8745009428496187 0.060622554107494786 -0.4812203309177745,69.51004070880899 89.46251563035348 714.4676328360247,0.69
50,1189,10,0.8919860124588013,0.036632977084471774 -0.9919250372721207 -0.1214197077192617 -0.49338932330691376 0.08770752810427551 -0.8653752741791181 0.8690368235216933 0.09160846001620199 -0.48619223504369735,70.45842162807473 90.02440379430838 715.1765572486678,0.69
50,1192,10,0.8466553688049316,0.04818321913547907 -0.9910141346990432 -0.12477725041228138 -0.480261233608542 0.08654838832258571 -0.872845074438508 0.8758010760935065 0.10198216170227858 -0.47177549089369464,72.73762557129152 93.89522946208447 717.0172056661719,0.69
50,1209,10,0.8741970062255859,-0.0042675978115562785 -0.9944610393488492 -0.1050191831339663 -0.46994406054634774 0.09469509867223413 -0.8776020842299013 0.8826858827273322 0.04560788862315995 -0.4677451794825984,68.92021792099618 101.04089322317935 718.6141587582449,0.69
50,1216,10,0.8556822538375854,-0.04960145658269233 -0.9948265745244561 -0.08865541227027512 -0.47987017118681063 0.1015855409877855 -0.8714384640738326 0.8759362501403951 -0.0006815292774719484 -0.4824263894189742,70.26698072469343 99.66330096781796 718.8963905547816,0.69
50,1242,10,0.8506110310554504,-0.05169809736530606 -0.9937349920440878 -0.09908618630235294 -0.4819468866401694 0.11172635524928876 -0.8690479963733636 0.8746739422131287 0.002826151065832616 -0.48470352555299034,64.74309443505629 105.02972996443074 718.8750000697427,0.69
50,1246,10,0.8470972776412964,-0.03731071626818139 -0.9937792013589575 -0.10493240394610609 -0.4590576036203811 0.11031517010150294 -0.881530872859136 0.8876226827936908 0.015279469618736108 -0.46031783671535265,61.983400619090695 104.70623217226367 714.4937806143565,0.69
50,1263,10,0.8451830148696899,-0.04518332943741732 -0.9924021879484162 -0.11443934680059314 -0.48203412620292824 0.12199638288284376 -0.8676174178399614 0.8749866101356805 0.015961826922353484 -0.48388392426755766,62.28617082425593 96.13218850399093 707.8491153787952,0.69
50,1266,10,0.8124762177467346,-0.06474461314976065 -0.9926251366025601 -0.10248645399679152 -0.4931656129412495 0.12111135705629472 -0.8614637063766902 0.8675228027437489 -0.005232339508415063 -0.4973698918741456,61.27175814612156 93.53923916053378 708.4156554974157,0.69
50,1280,10,0.8291654586791992,-0.06686208058820786 -0.9908206318250898 -0.11749016013754582 -0.5090449320589918 0.13515047197627061 -0.8500632959195732 0.8581391025495066 0.002970769987965083 -0.5134086629588621,63.3822904772427 89.95050025716749 706.7149161207542,0.69
50,1284,10,0.8554062247276306,-0.05234151684568111 -0.9904805050419686 -0.12731352931287476 -0.520800501227798 0.13585250953028039 -0.8427994622537437 0.8520722994764985 0.022191547628139907 -0.5229534698983269,63.76986373748396 87.80262485481803 703.9877144488784,0.69
50,1324,10,0.8357461094856262,-0.09132617733631343 -0.9886444915130803 -0.1193381696439979 -0.5022124777240009 0.14920866797889942 -0.8517742662338905 0.8599082256563525 -0.017856169824625068 -0.5101362569429253,54.05801443129139 81.14815918304765 705.7330540211775,0.69
50,1480,10,0.8897231221199036,-0.2999393873629528 -0.9538315681848322 -0.01554681454190815 -0.4522930933504427 0.1565381144780551 -0.8780243598119264 0.8399210210584234 -0.2563223717308328 -0.4783633766651212,78.41141670486384 112.11446901047529 798.0259844589933,0.69
50,1542,10,0.8468506336212158,-0.2951300564355819 -0.9547266125395888 -0.037354318318127244 -0.45939117468057006 0.17607250910669037 -0.8706079600844919 0.8377696571337112 -0.23978233222144663 -0.4905572695827751,76.75157602799032 61.90181371143683 780.5729532343539,0.69
50,1564,10,0.8343915343284607,-0.2810615740711606 -0.9584270529041149 -0.04921357375943103 -0.4698811623400819 0.18214524450497183 -0.8637330624574688 0.8367891519723326 -0.21963764287060922 -0.5015408467669085,78.02428785528382 58.34388811280104 786.0972239024356,0.69
50,1592,10,0.8207949995994568,-0.3125611389241649 -0.9489575933116836 -0.042249503316917014 -0.42431388105226464 0.17927494392737753 -0.8875912487323206 0.8498607325796348 -0.2594994808779644 -0.45869026002660385,82.46832303479579 63.815802149934 785.0987690260424,0.69
50,1593,10,0.8386820554733276,-0.34958534156936105 -0.9367719496011356 -0.015760818516852237 -0.45408633431521384 0.1841227476214622 -0.8717249651102665 0.8195094202924122 -0.2975854973764868 -0.48974195430163436,81.60665179921428 62.389550316194594 776.4873475211516,0.69
50,1613,10,0.8936742544174194,-0.34653774318341735 -0.9376270592930683 -0.027696393822612242 -0.44640851704307927 0.19081245865054075 -0.8742482722517297 0.8250036536044815 -0.2905961171543225 -0.4846884238705198,79.47995793571182 67.8253806583595 780.7683333975592,0.69
50,1629,10,0.8955575227737427,-0.3386825178280628 -0.9403650942176053 -0.03174337245408726 -0.44345811130602775 0.18928947120015538 -0.8760789916495296 0.8298427897105181 -0.2826357827131595 -0.4811215633242656,77.21703393264826 67.40568096496534 774.2709581663651,0.69
50,1656,10,0.8105523586273193,-0.3285223964121289 -0.9436267019525425 -0.040517680311189186 -0.48654297221799914 0.2058464553188606 -0.8490601704343079 0.8095362692559905 -0.25922168928318473 -0.5267401110265524,75.98674556366606 57.29092334062972 762.8105231053169,0.69
50,1658,10,0.8202014565467834,-0.3254113038029114 -0.9444774267002947 -0.04549586586580623 -0.5009834109680911 0.2130162803850988 -0.8388323349905356 0.8019495653044938 -0.2501728497349121 -0.5424854283420404,77.48670693643228 55.946224894614346 763.7779548408887,0.69
50,1669,10,0.8791828155517578,-0.34379893996071176 -0.9382093223275827 -0.03956711234737231 -0.4920120960135442 0.21586252286658003 -0.843402317164255 0.7998289731300376 -0.27049332472224463 -0.535823641716616,73.19923991437061 59.320631699411614 750.5050145809646,0.69
50,1678,10,0.8532847166061401,-0.33589164026431173 -0.9406305433755693 -0.048897718449140815 -0.4628772402389896 0.21005701141788335 -0.8611740314378529 0.8203179057348967 -0.2666275170029689 -0.5059528641163569,66.35636552876849 66.03782469877451 752.053189936894,0.69
50,1695,10,0.8842443227767944,-0.3621238859407496 -0.931846355472242 -0.02299262978154304 -0.4694660820279151 0.20363757034663976 -0.8591468662392223 0.8052750393850103 -0.3003233419773052 -0.5112122858530035,61.264979752708435 60.76160861705696 739.9030200743144,0.69
50,1708,10,0.8674514889717102,-0.3551256363446258 -0.9344536685584826 -0.02611749850997591 -0.4603636222192052 0.19913386313189485 -0.8651075308257239 0.8136037842513012 -0.29519831617365594 -0.5009060155160854,55.59948507704705 62.375111041579714 733.9511439082962,0.69
50,1711,10,0.8556824326515198,-0.35519241671710966 -0.9345085293557367 -0.023068499475205118 -0.4635083290963027 0.19749555584849265 -0.8638029487553562 0.811787149420963 -0.2961238152892693 -0.5033014107406357,54.78922174197932 61.99108123263235 725.7252759869517,0.69
50,1713,10,0.8586762547492981,-0.35108181177457665 -0.9360528584247902 -0.023379642338162254 -0.43613468648743003 0.18557247845298974 -0.8805392611822176 0.828569910558905 -0.29894464617315747 -0.47339624189553264,55.638158951954075 62.45733864804477 731.7301288850374,0.69
50,1714,10,0.8620995879173279,-0.37095853969246795 -0.9286121540215624 -0.008320410606803996 -0.46837018019988386 0.19482441579796117 -0.8617846722404103 0.8018847399276033 -0.3157893513284089 -0.5072060226957313,56.91805838909922 60.251076788087744 727.2611300343181,0.69
50,1718,10,0.7965978384017944,-0.3529947230585486 -0.9354257837596975 -0.019321712407923297 -0.4668955392189871 0.19400985212015065 -0.8627680642778386 0.8108040952969036 -0.2955313525801839 -0.5052305797276104,59.687619739989 55.18787064277528 727.0091297965992,0.69
50,1719,10,0.7854986190795898,-0.36587765071437417 -0.9305688279130713 -0.013236359931021235 -0.4811673511874315 0.20131947560801522 -0.8531989503581126 0.7966250842516835 -0.305797523301623 -0.5214176348030357,59.65730644787073 53.85468004332441 725.5064364107941,0.69
50,1733,10,0.7935737371444702,-0.35424309311417157 -0.9348722697963632 -0.02292749761095203 -0.44523068727660814 0.19016631296820052 -0.8749893762322372 0.8223633418921975 -0.29975091755969047 -0.48359892610925037,58.10212420720281 67.75887917964631 717.7806599947467,0.69
50,1743,10,0.7808948159217834,-0.352421222409391 -0.935666499048089 -0.01809653432464059 -0.4555145180451234 0.18839847180603286 -0.8700646755680121 0.8174997283458811 -0.29838602242773343 -0.4926052940988015,67.61833662181243 65.17842453874567 718.758438123564,0.69
50,1745,10,0.8208065629005432,-0.33272518343585533 -0.9425054357281807 -0.03126429161854155 -0.4519488739071106 0.18847033446398165 -0.8719066167893955 0.827669117269499 -0.2759754276196841 -0.48867309693542715,69.94864676031035 63.57904534723797 720.7031216479941,0.69
50,1756,10,0.8236888647079468,-0.32656107023499503 -0.9445729652615764 -0.033760638381518215 -0.4560019796304274 0.18873643904887394 -0.8697360238303815 0.827900997692421 -0.2686270088284192 -0.4923611155928038,68.9712818542837 62.45792498959371 717.9733633326896,0.69
50,1778,10,0.7586221098899841,-0.3196135373035893 -0.9472383103226291 -0.024223340591632503 -0.4341721353948217 0.16912363607549574 -0.8848117045831301 0.8422242834417613 -0.27228069923836734 -0.46531868348829275,78.39917547734746 58.28253692651586 720.9535833189187,0.69
50,1782,10,0.6326342225074768,-0.3356707819013123 -0.9418147469335526 -0.017609901653630466 -0.43062148945797263 0.17005032443987478 -0.8863678807215944 0.8377889107613918 -0.2899445974947316 -0.46264659448531464,76.21267164728243 56.133473402529546 715.5177064724853,0.69
50,1874,10,0.8095686435699463,-0.3870804255958886 -0.9219379304462468 -0.014113699904616528 -0.4180680276581238 0.1891299831660722 -0.8885094111587382 0.8218198515310715 -0.3380241143351949 -0.4586412865817415,73.3406791080248 69.74443609600635 701.2142857266163,0.69
56,1,10,0.457815945148468,0.8996940999678437 0.42805079487781644 0.08557478301182705 0.2523049970998679 -0.3499488085330176 -0.9021518829137127 -0.35622003722627316 0.8332516717119691 -0.42284623288817613,-5.733284499062826 93.49676516387149 812.8485445990661,0.69
56,24,10,0.5802180767059326,0.9035838248159919 0.42208599053839924 0.07334635725188554 0.24160786179450044 -0.3606818261725153 -0.9008519641916471 -0.3537822955575822 0.8317163199433312 -0.42788555770197445,0.8004871691815723 98.70557306618831 824.9657301401386,0.69
56,32,10,0.5477569699287415,0.8789717754622417 0.44219304650841507 0.17853270725657328 0.3614946433331533 -0.3736783675481652 -0.8542166589735736 -0.3110148562081736 0.8153709507004434 -0.48830315580760275,9.501045198086093 104.25698524751824 839.2027953832876,0.69
56,39,10,0.5825256705284119,0.8932620768342969 0.41703353093675366 0.1678269828248795 0.32898094798958066 -0.3520197002046397 -0.8762725982978771 -0.30635665155102393 0.8379529609365072 -0.45164193484239834,12.427737614754001 104.3857300638238 828.0387970735985,0.69
56,46,10,0.5615941286087036,0.8907468566796004 0.4160414186052295 0.1829742476972089 0.3470800904403567 -0.3627443014465497 -0.8648421720683884 -0.2934372984733282 0.8338621647328787 -0.46751303948838885,13.03163915605484 106.23769456414522 838.3735223239988,0.69
56,53,10,0.5839190483093262,0.9136995875129341 0.39778162904161446 0.08320360193942035 0.23749241330125842 -0.35651160558823203 -0.9036021407152847 -0.32977328182106924 0.8453811274673101 -0.42021462601754034,14.44324567861333 101.34481138409741 847.8221290654769,0.69
56,62,10,0.5528767108917236,0.8987605335598807 0.395169132281544 0.18992330085329204 0.34350507739646025 -0.36546851618390264 -0.8651225494004818 -0.27245874021218397 0.8427776222528626 -0.464211281973846,16.813357750290855 101.3436262584877 829.130299417266,0.69
56,75,10,0.5362941026687622,0.912399747490233 0.3768839961367501 0.15964070356821033 0.30176709578041555 -0.3559101772574387 -0.8844572152618984 -0.2765200185954221 0.8551528513549917 -0.4384635448191956,9.460877216796124 99.38747831628214 826.3331001286882,0.69
56,85,10,0.49765968322753906,0.9159921714267609 0.36368550096076246 0.16938476400139016 0.3024102423382128 -0.34845131145304054 -0.887203318792034 -0.26364064029248374 0.8638949820074054 -0.4291608938948115,10.83024387045144 101.03021226723669 829.5075869938014,0.69
56,98,10,0.4895485043525696,0.9184025461830106 0.36632765578131904 0.14946843069466695 0.28997357339250324 -0.3662099195607038 -0.8841977276318489 -0.2691692588289858 0.8553913393442245 -0.44255346194143375,15.997770390386655 91.89263764134284 839.8407032238689,0.69
56,104,10,0.46339845657348633,0.9340149007684267 0.34540963572832023 0.09115014365636047 0.2180521434540416 -0.34913408192178763 -0.9113499084192244 -0.2829654181656198 0.8710898784779099 -0.4014137463212941,24.96605561633619 87.6302859436653 823.8931704417122,0.69
56,107,10,0.5375206470489502,0.9300229960334051 0.3434479286616894 0.1307698250631394 0.25553054930879504 -0.3485984234079431 -0.9017667534165594 -0.26412376875055077 0.8720795029671844 -0.4119659880202662,26.979556414803 86.70632729402239 824.383133007856,0.69
56,116,10,0.5435811877250671,0.9159306389487132 0.3673390554122413 0.16165730111518117 0.30301990967148784 -0.3688585675015901 -0.8787048944460016 -0.2631539453963885 0.8538181161989467 -0.44915991080326534,35.99006210579851 81.57796592096263 820.251016103484,0.69
56,119,10,0.5246778130531311,0.9200472238385267 0.36564730338706064 0.14076631497908482 0.28101076106481215 -0.36545421486307794 -0.8873985401185795 -0.2730312401041228 0.8560054125790222 -0.4389859628309576,40.21435963715219 81.69068559357513 819.5103337246901,0.69
56,128,10,0.5329141020774841,0.9330325546962505 0.3441066909931873 0.10507538765432904 0.23562818629455567 -0.36370291876346017 -0.9012211408452857 -0.27189999944929494 0.8656273864063331 -0.42042789893489996,40.43124733595482 80.40473223616196 828.7492753774678,0.69
56,132,10,0.5175021290779114,0.9435469394198306 0.32216010303880005 0.07701974501061586 0.19461951865191177 -0.3510341444230489 -0.915913900106815 -0.2680343561395977 0.8791973029185248 -0.39391583678448816,39.74304527289233 77.93047538264359 830.3098866861039,0.69
56,140,10,0.5216014981269836,0.9231603383451593 0.36791950200970835 0.11140121070876716 0.2520683240233803 -0.3605624261996834 -0.8980291180340659 -0.2902353350825758 0.8571055809256677 -0.42559778361215517,48.36880490488354 80.70486730493279 816.4441242106302,0.69
56,143,10,0.5688624382019043,0.9273469257144064 0.3594975949011183 0.10387087478379463 0.2414201487251173 -0.3626910134204788 -0.9000952952735441 -0.28590906099244484 0.8597771269604337 -0.4231303591070734,51.00233405175602 83.55518086245614 823.9533376365731,0.69
56,254,10,0.538008451461792,0.9815178245046235 0.1913659457378281 0.0013546186096711071 0.06752708528784361 -0.33970654570642966 -0.9381042349103506 -0.17906103130563988 0.9208575012541693 -0.3463504142507825,35.69951277441381 94.20814257613301 840.4450624910778,0.69
56,357,10,0.6835027933120728,0.9986117290401655 0.05133779137437816 -0.011791768324211173 0.008555710797587827 -0.378971638225134 -0.925368735820325 -0.05197513286331345 0.9239831863176727 -0.37888475420117107,12.323606444608593 95.7767774858435 800.742911468481,0.69
56,498,10,0.7484841346740723,0.9908936254217895 -0.1325260432483136 -0.02380485159391775 -0.07013277005507278 -0.35707182178867813 -0.9314403408962472 0.11494006117479068 0.9246277964378212 -0.36311461054558913,8.838117216229469 92.93048409458704 811.4206053509578,0.69
56,515,10,0.8021714091300964,0.990336264194691 -0.1380515944040852 -0.013260509167941976 -0.06454252871084727 -0.374144328561548 -0.9251217667922628 0.12275319062457227 0.9170375012439341 -0.3794388956126784,12.101244244215632 85.68830181442132 795.7205726517207,0.69
56,517,10,0.7879851460456848,0.9886539457295349 -0.14606884331033884 -0.03503239368643845 -0.08735081220344318 -0.3693354041898811 -0.925181709081679 0.12220151881552346 0.9177446552423376 -0.3779041367507141,12.591699271865682 86.24426562507269 797.5319636465483,0.69
56,522,10,0.8357473611831665,0.988176275444036 -0.15312213656367715 -0.007826873176907848 -0.06520536207630662 -0.37350526317186894 -0.9253334961728181 0.1387656636421653 0.9149029618910891 -0.3790734241764542,6.6216969408659185 85.47282690941707 793.6114281490819,0.69
56,527,10,0.8235754370689392,0.9886757092651526 -0.1486744585516901 0.020402139187086943 -0.0365315633507965 -0.3703054349666275 -0.9281914294547888 0.14555338123243383 0.9169349978098444 -0.3715432989615979,20.151334041284116 86.48373152422778 788.4139607227914,0.69
56,535,10,0.825896143913269,0.9913653350189348 -0.12971950022648188 -0.01917351777288457 -0.06485422867642932 -0.3579604633256719 -0.9314817420209889 0.1139679847394906 0.9246821929488327 -0.36328245277986815,32.323356599396995 98.06749321122508 801.2996626040026,0.69
56,538,10,0.8136827349662781,0.9909865967274969 -0.13352115938609527 -0.010847354638180644 -0.05783149200279138 -0.3533680487933355 -0.9336951004609172 0.1208349437835951 0.925906648689912 -0.35790472792718386,32.138164346264965 101.4849659146872 802.7959786435487,0.69
56,551,10,0.8272346258163452,0.989554213203754 -0.14092342652941728 -0.030381688332072915 -0.07847490524459991 -0.3497836796547855 -0.9335379299707159 0.12093034514773515 0.9261705919010635 -0.3571888664559455,33.06998825316023 101.14497878352321 813.0296402563346,0.69
56,553,10,0.7839499711990356,0.9899084193663981 -0.13962863016874807 -0.024190223329238703 -0.07218561859969666 -0.34995655045909246 -0.9339805400853661 0.12194489630525174 0.9263013863899655 -0.3565041147548367,35.90393606679204 98.25479386694171 807.7829230961339,0.69
56,559,10,0.8069087266921997,0.990281109448196 -0.13770848932456853 -0.01948579580092357 -0.06849377606986345 -0.3609432950456639 -0.930069105175132 0.12104514409814834 0.9223645210704521 -0.36686750109642374,44.96971458311398 93.01975501250587 818.42114888762,0.69
56,563,10,0.7714285850524902,0.9894491324487003 -0.13952964781307176 -0.0390114300900979 -0.08697150470674056 -0.35667359332565374 -0.9301719761383979 0.1158722212851719 0.9237507375939286 -0.36504548090493283,49.25411438223908 87.86316439155057 815.7484657950524,0.69
56,567,10,0.7851592898368835,0.9907272016384411 -0.1358653603212223 0.00046454111568672296 -0.04986995150460999 -0.36682678793159895 -0.928951611007115 0.1263827514757911 0.9203144633876894 -0.37020087602386664,54.44524622626277 88.16680624590164 822.7575876631864,0.69
56,570,10,0.8266082406044006,0.9908324178990271 -0.13476203934453962 -0.009503283225734897 -0.05809108968622399 -0.36148989815507804 -0.930564602180256 0.12196944264624174 0.9225856308676892 -0.36600438354893106,58.93680976248288 85.96289533700528 816.5655775888137,0.69
56,575,10,0.8340862989425659,0.9913601644562918 -0.13021681978738267 0.01576718661189195 -0.03297282954672448 -0.36374602657622357 -0.9309144002869933 0.12695596418001234 0.9223515642066586 -0.3648969377298936,62.67984506088376 91.78142072377594 818.0805315086769,0.69
56,578,10,0.8296617865562439,0.9905566663822858 -0.13698930101459966 0.005605541289148412 -0.04495959985361344 -0.36317972807366905 -0.9306337192995635 0.129522681668563 0.9215934117190006 -0.3659090848961213,63.192065507961885 92.44408822640575 822.3591478971575,0.69
56,587,10,0.8121934533119202,0.9898513351071785 -0.14095475243970446 -0.018058021796361463 -0.06589315523018402 -0.3426739428881975 -0.9371406836538829 0.1259064195358883 0.9288198569314277 -0.34848421325726475,62.52817326491904 97.65573168250168 819.8221738207917,0.69
56,589,10,0.834481418132782,0.9894203431767578 -0.14480267690696913 0.00892016079242687 -0.04258455542107627 -0.3486526026178449 -0.9362841012894495 0.13868648148819746 0.9259986757271194 -0.35113033535148297,59.33494580876578 98.59282736097546 821.3630789818295,0.69
56,596,10,0.7996646165847778,0.9885180587714167 -0.1498705306813852 0.01925802471879859 -0.03431258116284011 -0.34676349949006813 -0.9373247687943305 0.1471553405647698 0.9259016683507388 -0.3479244261166283,63.38002487623528 97.34360722256957 826.8476813596171,0.69
56,598,10,0.8072303533554077,0.9880851627677859 -0.15268679856186357 0.01935077939223613 -0.03604008752345895 -0.35177383198134593 -0.9353909788021592 0.14962895177558222 0.9235485437583068 -0.35308534961458227,66.2136142208328 96.64939580624156 838.2934385718088,0.69
56,601,10,0.8171026110649109,0.9882059771335396 -0.15137976372861167 0.023089259213232613 -0.03161902645871607 -0.34924828942376984 -0.936496593426999 0.14983051732991232 0.9247214712917834 -0.34991572786688274,66.58789973207105 96.35919991299333 837.0358460995776,0.69
56,603,10,0.8317751884460449,0.988202941323999 -0.15156368001872766 0.021986306142179543 -0.03285166898907675 -0.3499989013379974 -0.936173881769208 0.14958514165260212 0.9244074967033618 -0.3508490636091186,65.45823667501905 95.89919001640753 835.6604763639949,0.69
56,604,10,0.8561819791793823,0.9875771139203336 -0.15233974361517902 0.038523325090726306 -0.017719705696258387 -0.3515645371622518 -0.9359959338800193 0.15613281554760436 0.923685541039348 -0.3498965063901389,64.23804109452956 96.01137347672048 835.172567558567,0.69
56,608,10,0.8381319642066956,0.9847789220321693 -0.15928933662285194 0.0695512901347658 0.008760531108300065 -0.3541565559738775 -0.9351451154529026 0.17359069046426168 0.9215205049802059 -0.34737045223387564,58.05845713143201 94.56599971435153 835.1275628803432,0.69
56,628,10,0.8252543210983276,0.9785306459882905 -0.1968442564536388 0.06107465565152981 -0.013859649749926609 -0.358509753599874 -0.9334230909306706 0.2056348340397322 0.9125366268128484 -0.3535409732329198,45.49620876604715 86.99166770755002 838.1693892635842,0.69
56,631,10,0.8480497002601624,0.980490858362377 -0.19189504091250043 0.042590725997556686 -0.028102580600005117 -0.3512987837077315 -0.9358415515081008 0.19454542305443573 0.9163871768191972 -0.3498379918332375,49.894735443198556 86.19342842059625 837.2518865074916,0.69
56,634,10,0.8614688515663147,0.9803842466526802 -0.1943153377211549 0.032989065484947164 -0.03892579398168741 -0.3549705598956385 -0.9340667450296433 0.19321364206016056 0.9144601965824924 -0.3555714237507812,50.48204641739812 85.79702538775055 838.7709560263953,0.69
56,644,10,0.8716301321983337,0.9782885326049662 -0.1983451904951496 0.06008936995064049 -0.01573856413254135 -0.3602036932505954 -0.9327409055936577 0.20664908558391445 0.9115440114311946 -0.3555048110100034,56.398433750432844 89.122330302975 835.7880468194885,0.69
56,653,10,0.8297064900398254,0.9780594382988614 -0.20714347397963095 0.022165656817825174 -0.052838397943923254 -0.3495798811935893 -0.9354154212794418 0.20151386765489676 0.913720683717035 -0.3528550315504071,54.93199186152694 90.66844889278384 833.649447933159,0.69
56,753,10,0.8042858242988586,0.9575945457889551 -0.28757523144119873 0.01769667021746521 -0.09123473249032737 -0.36091634162404596 -0.9281247857568149 0.27329271754414375 0.8871526816790085 -0.37184836953667144,56.038060037569075 98.75375476490626 787.9131647396116,0.69
56,956,10,0.8129932880401611,0.8817987375605307 -0.4685216676435576 -0.054022526645408686 -0.23082028140388677 -0.32883462762855786 -0.9157454806686289 0.41128212230692046 0.8199727035828006 -0.3981102626783539,38.99215890478827 79.49261391693683 772.8002802061267,0.69
56,1025,10,0.7720361351966858,0.8331571002510652 -0.5451737825139376 -0.09292358775188653 -0.2936131273584871 -0.29365512327171683 -0.9097021490680575 0.4686582739523602 0.7852083898149071 -0.40473103021670553,46.766185080955054 73.27093683265196 785.2256675399337,0.69
56,1028,10,0.7295288443565369,0.8299086699306875 -0.5510098540825312 -0.08740560781680373 -0.2902973848216472 -0.29271307407940594 -0.9110688693115887 0.47642316058267953 0.7814775729136005 -0.40288183763167873,43.94488476179109 76.54276324996778 790.9987463536712,0.69
56,1036,10,0.7540897130966187,0.8250925228422179 -0.5618918990233185 -0.0591592981857719 -0.2692478960470869 -0.298980764419958 -0.9154867956344727 0.49671712193569617 0.7712898264069262 -0.39797500481448855,34.9390772359359 74.96972098007473 787.356545756994,0.69
56,1037,10,0.8060732483863831,0.8255825368584062 -0.5612946368749637 -0.05798107837769839 -0.26743845865697 -0.29873106285547246 -0.9160984788309736 0.49688041384786175 0.7718212763980028 -0.396738921248893,34.8156484631742 74.14578325111421 788.1445210408006,0.69
56,1044,10,0.7752056121826172,0.8255830997997631 -0.5609870811946651 -0.06087725402565883 -0.2669973522061963 -0.2933127065118104 -0.9179760727347946 0.49711664550676116 0.7741195973048395 -0.39193607875353664,39.29396089156401 77.60308004429464 781.3892986192595,0.69
56,1046,10,0.7283492088317871,0.8256068085415329 -0.5618094697765847 -0.052378596384566184 -0.2590023425733455 -0.29486502352920074 -0.9197675817513048 0.5012895213660306 0.7729325569339646 -0.3889525397784921,41.23611596568187 80.23325159535798 780.2826270207017,0.69
56,1047,10,0.6955627202987671,0.8258417923163592 -0.5626552476845389 -0.037475409494141826 -0.2421650605103901 -0.2938527686368466 -0.9246656876041521 0.5092557486486554 0.7727028035522523 -0.37893133923019273,42.28418978273476 82.06171282739635 780.2429208089358,0.69
56,1048,10,0.6960985660552979,0.8244095064588792 -0.5644700130596634 -0.04150385544320767 -0.248484983990444 -0.29507689571409745 -0.9225967907742803 0.5085313937128131 0.7709106497981173 -0.3835265201212934,43.229485193577204 83.1109623578773 783.9787901434137,0.69
56,1049,10,0.7362967133522034,0.8279427559418464 -0.5584472096003088 -0.05145393058891379 -0.2546041071985168 -0.2925446921635093 -0.9217344257890143 0.49968744378968166 0.7762437227936767 -0.3843932118838045,45.045021614386485 84.48621309513591 790.6390219493115,0.69
56,1054,10,0.705449640750885,0.8299132588376668 -0.5561210104444351 -0.04442301821921374 -0.24513804795450925 -0.29197835825532636 -0.9244760547226613 0.5011499977556588 0.7781247072627785 -0.37864312973658776,51.78488592257945 82.98590031134721 783.177904647365,0.69
56,1062,10,0.7608522772789001,0.8323946121075061 -0.5524033683070828 -0.044381622518605585 -0.24756254490106827 -0.298999731240698 -0.9215812210977918 0.49581447749788543 0.7781064704788028 -0.3856401489763728,63.374490814076836 82.28916962656399 796.7923402196884,0.69
56,1064,10,0.7491664886474609,0.8340010306340513 -0.5507989600652996 -0.032600406321466824 -0.23138919181182016 -0.2955009249709535 -0.9268971060770359 0.5009005118923446 0.7805765234314288 -0.37389700219939126,66.04150025139819 82.98646753714031 796.6798951211723,0.69
56,1070,10,0.7679688334465027,0.8341698253555913 -0.549816958771756 -0.043151063871004675 -0.24073355132757687 -0.29260495281575727 -0.9254348701302006 0.4961935708283969 0.7823577528437138 -0.3764416114537541,66.48182060053168 88.28794222634863 808.7961000572461,0.69
56,1071,10,0.7869406938552856,0.833118925678549 -0.5496506923581537 -0.061619575350879474 -0.2570804864172027 -0.2861837521411521 -0.9230430561538864 0.48971673361211054 0.7848458297019959 -0.37972956748147935,64.74610186610313 88.6614671986804 808.5591633534651,0.69
56,1078,10,0.7815069556236267,0.8276631454501278 -0.5586817462975382 -0.05337062879087806 -0.2502264432212867 -0.28222603487232667 -0.9261399421000417 0.5023548992260599 0.7798866402203447 -0.37338503401903744,64.28881396956565 90.62260902559747 814.3099258170467,0.69
56,1087,10,0.7818896174430847,0.8265648239941218 -0.5613943087474047 -0.04033635880431247 -0.23978830714270466 -0.2864008849293054 -0.9276185104175891 0.5092073835807984 0.7764090179909908 -0.37134468797744113,68.46104911128998 85.73448350571192 827.454366083328,0.69
56,1097,10,0.8142756223678589,0.8232333710601647 -0.566432793654801 -0.037956646919014014 -0.24140750185269805 -0.28877085134485014 -0.9264630664321222 0.5138182896921408 0.7718583326530774 -0.37446692710018503,62.54143573373422 75.72880910611302 817.0315690730068,0.69
56,1108,10,0.7714551091194153,0.8234052489220397 -0.5653896360070696 -0.04835654602457881 -0.25613748185183666 -0.29427540296042287 -0.9207581536989404 0.5063569753032281 0.7705430206732617 -0.3871253890582378,72.04568057886392 73.4528278278026 825.8535448252153,0.69
56,1116,10,0.7808718085289001,0.8226455138764539 -0.5672796415073356 -0.03805478721861455 -0.24361617468138697 -0.29122258046125404 -0.9251165159389908 0.513717352181677 0.7703137133407388 -0.37777144559462084,74.87494188458463 77.4831391019774 833.5793920271348,0.69
56,1124,10,0.7596580982208252,0.8206113090681807 -0.5698586567535713 -0.04310673674058685 -0.252613413763123 -0.2940402179314525 -0.9218062776016257 0.5126241728755562 0.7673339960941646 -0.3852466688004097,77.62168056600053 72.91114916938038 841.1503095344736,0.69
56,1135,10,0.7157858610153198,0.7984267185941629 -0.6020134564494464 -0.009724879883468929 -0.24044606282322506 -0.30400298707760176 -0.9218285495257266 0.5519967988202169 0.7383508529836516 -0.3874758727850638,51.620609112036306 68.30399753602863 846.8913357590196,0.69
56,1146,10,0.8006194829940796,0.8025324302567037 -0.5964327897908405 -0.014478454633840732 -0.2316545628794825 -0.28915626707175934 -0.9288298104121345 0.5497980191701175 0.7487700451242966 -0.370223658943043,54.783708144356694 71.76427558974126 831.8481200248146,0.69
56,1158,10,0.7124651074409485,0.8025074177021616 -0.5960134643789023 -0.027382381417019208 -0.24932901356721543 -0.2933092942979263 -0.9229326632382515 0.5420487870354546 0.7474875304361346 -0.3839863335014426,65.37768609508227 68.40405578797886 839.529180450316,0.69
