scene_id,im_id,obj_id,score,R,t,time
49,1,9,0.9002208709716797,-0.7817947424235354 -0.6192094499821799 -0.07332556015254194 -0.35371781065592384 0.5372610615913934 -0.7656593642883688 0.5134984821240445 -0.5726519088857168 -0.639053284246194,-69.70337308493743 -66.39663441657268 908.5252224603594,0.69
49,36,9,0.92594313621521,-0.7881034284191304 -0.607284039097263 -0.10049418874605057 -0.32822588588451174 0.5527159867987415 -0.7660109697467923 0.5207309804009557 -0.5707110773366919 -0.6349237058543746,-71.99310144116616 -58.4056565303555 922.6609658241424,0.69
49,47,9,0.8832404017448425,-0.7924019025690481 -0.5972666838465714 -0.12398279385411759 -0.30145915264383816 0.5601238333942401 -0.7716110876283471 0.5303033132955253 -0.5740503459023967 -0.6238946996706469,-76.09207999112768 -51.54153008124969 928.420414147744,0.69
49,58,9,0.9299978017807007,-0.7998875147833118 -0.5846361968754014 -0.13557463257130584 -0.28031057760759637 0.5636907759607952 -0.7769676242791669 0.5306655667886069 -0.5834836984867561 -0.6147689239260092,-84.07114491689926 -41.55459151850672 936.6251632041625,0.69
49,65,9,0.9172175526618958,-0.8044056367758892 -0.5784905244957372 -0.13520460270206688 -0.268469662094198 0.5569995567021467 -0.7859233641829458 0.5299581229287876 -0.5959028502216271 -0.6033607387289444,-78.28050944786978 -34.05720513993718 957.2334134330755,0.69
49,73,9,0.9026119112968445,-0.8042285846900181 -0.575032388878563 -0.15018034261548213 -0.2559312109546784 0.5631469504843528 -0.7857256056788819 0.5363912740031873 -0.5934671548626655 -0.600067610584383,-86.02993859778124 -24.786233570911058 957.0854156963161,0.69
49,91,9,0.9255297780036926,-0.8107265165320923 -0.5583233815984019 -0.1760611170936537 -0.22968164729627508 0.5799781241851296 -0.7815828275761744 0.5384875637254861 -0.5932119157832417 -0.5984402782949751,-90.49251404247408 -24.106307723534293 961.9123959731332,0.69
49,109,9,0.9308874011039734,-0.806954643268283 -0.5606337132092779 -0.18577955571304278 -0.20932994925091605 0.5656233198384415 -0.797653579194345 0.5522727370189184 -0.6047810344811727 -0.5737897910189023,-91.63153783244442 -9.160612349089579 963.564246959832,0.69
49,125,9,0.9158169031143188,-0.8085713614587366 -0.5664359900937812 -0.15925646786000058 -0.22460828905919789 0.5472991809097081 -0.8062349056332544 0.5438414014348901 -0.6161281325357905 -0.5697566624299313,-111.66775470589936 -2.05300929149165 964.9048069002711,0.69
49,148,9,0.9151006937026978,-0.7991430725339652 -0.5820344019458876 -0.1503539310176726 -0.2443085902559812 0.5429830011423121 -0.8034194254544902 0.5492573735036328 -0.6053143112648014 -0.5761171080864638,-107.08576860789782 -20.67071756953566 960.2721448391528,0.69
49,231,9,0.8816542625427246,-0.7416454304056184 -0.6663077822981214 -0.07743380920131149 -0.31538067943360726 0.4482440078129455 -0.836428321196613 0.5920279407244747 -0.5959121149202686 -0.5425787211942532,-99.10663832778071 -20.722559145459826 935.5604461984174,0.69
49,357,9,0.7971306443214417,-0.5876158329252423 -0.8054777541478118 0.07689746724418783 -0.4307200523779791 0.23093065907532295 -0.8724398358503284 0.6849728968178845 -0.545780741939503 -0.4826339320363635,-90.6701272220777 -28.404633256288207 932.3531351038681,0.69
49,521,9,0.8576122522354126,-0.47995598644088 -0.8755122193777984 0.055862373738716775 -0.4282638232854376 0.17824920363150487 -0.8858991585218231 0.7656581147904735 -0.44911643827062975 -0.4605019827651151,-36.778273896505645 -40.40803826939665 941.312994103255,0.69
49,526,9,0.8653420209884644,-0.48826861437528324 -0.8707826969123547 0.05771702499338616 -0.42370944217565554 0.17872639298738346 -0.8879905320784193 0.7629312346648521 -0.4580331551402864 -0.4562253390211888,-41.796469773181755 -35.856167589738845 945.1815940444005,0.69
49,537,9,0.8772423267364502,-0.48993677148391557 -0.8703248632340342 0.04996591222600982 -0.4206642816086713 0.18582731551573395 -0.8879807266978696 0.7635466731815275 -0.45607328494977173 -0.4571582183758116,-42.2048882566223 -32.2505120271342 953.295557738928,0.69
49,542,9,0.8361806869506836,-0.4801212285804448 -0.8753938802113035 0.05629529602909056 -0.4223682890696663 0.17445237970357974 -0.8894781591495776 0.7688228887427635 -0.45083469443284463 -0.45349690631897,-41.44981411866477 -31.149379865061597 954.766506945818,0.69
49,552,9,0.8743732571601868,-0.47351923351918623 -0.8790900972534552 0.05459062555341304 -0.4199692122858951 0.17086577852202756 -0.8913084463091474 0.7742127590135459 -0.4449780743373455 -0.450099008152274,-35.63467492160788 -32.34327719778336 952.381119147672,0.69
49,558,9,0.8856947422027588,-0.4708968818185335 -0.8801792199997216 0.05950350724339071 -0.42134944166545796 0.16513759669421524 -0.8917366327376407 0.7750617876671443 -0.4449877693136529 -0.44862580226673354,-36.08777899913049 -27.912566619878156 956.3495121933695,0.69
49,564,9,0.8798527717590332,-0.4630054357290454 -0.8844343123998445 0.05832592506914214 -0.41363652280863106 0.1574036789719152 -0.8967323507295202 0.7839201448388361 -0.4393176856170493 -0.43871309260146063,-37.29427988253082 -27.764841290658502 956.5957999951684,0.69
49,570,9,0.8477808237075806,-0.4669593322727681 -0.8825509763521378 0.05525175239989616 -0.4176727306997128 0.1650554558536843 -0.8934798187551737 0.7794218832142297 -0.4402958898659185 -0.44569166172810903,-38.86402729455869 -30.438218325865396 958.4138539267481,0.69
49,576,9,0.8270061016082764,-0.4620467164997484 -0.8847520116729053 0.06104678216374848 -0.4206218264424703 0.15802132680597913 -0.8933680872936296 0.7807625188826635 -0.4384554003718337 -0.4451592422861437,-36.2051360956459 -30.451290304889145 964.0777085805253,0.69
49,591,9,0.8834043741226196,-0.4577861360595954 -0.886570769446642 0.06651409169803413 -0.42100011233072343 0.15027502753487598 -0.8945257522938679 0.7830649775396316 -0.4375039278248611 -0.4420402177276124,-37.0379064965373 -25.434575497693743 965.1856792402205,0.69
49,594,9,0.8718900084495544,-0.450575304161535 -0.890283313234867 0.06616281021305581 -0.4175236478630945 0.14464216555280762 -0.8970800674517795 0.7890854825396522 -0.4318266621223642 -0.43688652431200325,-31.029499303953116 -23.379605444185867 956.9716085133344,0.69
49,617,9,0.8434906005859375,-0.4402238161018641 -0.8952358020975055 0.06896267381379839 -0.4030622342231629 0.12840093583837398 -0.9061203203873436 0.8023364799632039 -0.4266919946737527 -0.41736089251580566,-36.02634707429256 -20.128224676868733 951.4528497905112,0.69
49,629,9,0.8650892376899719,-0.4433199415835267 -0.8936888919496956 0.06919244033927396 -0.41147532351607297 0.13432010260948313 -0.901468894733657 0.7963388019754668 -0.4281101195261604 -0.427277705980051,-44.08172643489715 -25.126363063286995 952.6640343284224,0.69
49,631,9,0.8660982251167297,-0.4521301139686651 -0.8889260329094665 0.07340890993959825 -0.41154397457948944 0.1348864581759972 -0.9013529832357863 0.7913342637785872 -0.43773982160248237 -0.4268183823986831,-46.377926131314574 -24.416893938218834 962.4231083409953,0.69
49,651,9,0.8231829404830933,-0.4431373369411249 -0.8937248074704375 0.06989470023297506 -0.4012520033391237 0.1280224802750891 -0.9069768874456252 0.8016396512305687 -0.4299607110610735 -0.4153404104090863,-45.605108991236555 -17.82022759471273 963.8836120651216,0.69
49,669,9,0.8344154953956604,-0.4243954908292813 -0.9019199296531996 0.08018047055325461 -0.407370478163687 0.11110100076994711 -0.9064799287069767 0.8086641830107617 -0.41736915089915794 -0.41456631676156896,-45.214329203779876 -24.519536337775605 956.1351557328358,0.69
49,762,9,0.794735312461853,-0.38837772615233135 -0.9199866886503554 0.052794266117628 -0.38090773172166825 0.10810658250253868 -0.9182713470071227 0.8390900081298778 -0.37674588189624053 -0.3924162314823709,-39.02030473914606 -10.672370453980438 962.0544469085523,0.69
49,1024,9,0.6681853532791138,-0.986846548567627 0.12521298511811113 0.10225261824507864 0.001979685518260395 0.641830204675415 -0.7668442274748919 -0.16164767373955896 -0.7565551511450614 -0.6336358045837234,-28.1747249270354 -41.22003462429309 1305.6025211331942,0.69
49,1036,9,0.5399919152259827,-0.9256977216479765 0.22893145690832367 0.3011214309436941 -0.10005157872601717 0.6195233515865218 -0.7785759426243752 -0.3647922829915364 -0.7508536507714638 -0.5505864013876365,-51.6530568489588 -37.91817644141237 1340.0224139930885,0.69
49,1052,9,0.47523415088653564,-0.3392207905338369 -0.9407062289219505 -0.0010228084090498357 -0.3793637074690623 0.13779419155480466 -0.9149294717239607 0.86082079013284 -0.3099750822908199 -0.40361245723326356,-35.92265842401969 -14.43637334128083 1020.962342062,0.69
49,1067,9,0.4994107186794281,-0.3026836538797275 -0.9530643224229487 0.007141638362686276 -0.3547671311267839 0.10570946388612801 -0.9289595211401728 0.8846032378112174 -0.28371448071854444 -0.3701124222240022,-43.61615491794185 -7.986109256686483 954.7138299538865,0.69
49,1095,9,0.5966060161590576,-0.7567956354182925 0.5492280932130935 0.3544134137378722 0.15337946901860325 0.6762797341664537 -0.7205001454818187 -0.6354015302904095 -0.4909116242066998 -0.5960458644461395,-83.69690669814761 -35.56913262554577 1337.130895575652,0.69
49,1102,9,0.5244848728179932,0.3295985894213245 -0.9335372014978818 0.14097185276138047 0.32640471795851095 -0.027435610991718207 -0.9448318619436669 0.8859033411980667 0.3574291267776235 0.2956682082759111,-57.12573692610398 -4.23328401954879 834.2473763893277,0.69
49,1130,9,0.4425789713859558,-0.4097114183444073 -0.8927402343784978 -0.18748713982574716 -0.4137387485726369 0.36503281718917013 -0.8340091667988347 0.8129924978791396 -0.2641323840364201 -0.5189193406450319,-63.64913578340421 -27.643211142168234 1293.9602935973608,0.69
49,1144,9,0.530799388885498,-0.703975118558366 0.6527591185925806 -0.27986526319815397 -0.6729756019648087 -0.48714313607218607 0.5565926734496773 0.22698650094408288 0.5801698872502716 0.7822276077441712,-55.379598331710284 -77.77956082407076 1305.4625551816218,0.69
49,1150,9,0.5619515180587769,-0.5620535722490276 0.2837220933815368 0.7769154108712902 -0.7271839077102438 0.27803894984696087 -0.627612863742657 -0.39408038049282157 -0.917712436493697 0.050045355583064,-118.25843077053777 -56.5232054216123 1958.9554236842396,0.69
49,1157,9,0.6327530741691589,-0.8982951440635925 0.08908817079149622 0.43026635004005953 0.409316009227677 0.5257268432280997 0.7457021462349062 -0.15976932979047645 0.845975522183971 -0.5087230849134525,-75.94432244326316 -71.8468962878649 1226.2412544094525,0.69
49,1168,9,0.5199952125549316,-0.4101627811000086 -0.9106872804900408 0.04914438069566107 -0.4692224099897011 0.16451187568363146 -0.8676209844871838 0.7820465606111717 -0.3789254806854602 -0.49479152895288103,-76.76096454210655 -7.654240774954022 1241.9732604268893,0.69
49,1172,9,0.46784335374832153,-0.3701917337470384 0.9199565152553009 0.1289887216181546 -0.40910620147937543 -0.03678752435040278 -0.9117449171579106 -0.8340205010528692 -0.3902905175526205 0.3899783529018359,-65.11860226219969 -3.974358631331665 1099.3406567531374,0.69
49,1179,9,0.5001094341278076,-0.044508106101209144 -0.9899018033746391 0.13458621090929418 0.9971721675548905 -0.05218707832575875 -0.05407566097333197 0.06055325544646732 0.13179881839932645 0.9894252749568186,-139.10030423557154 -64.28723588136182 2084.3035568652635,0.69
49,1269,9,0.5268049240112305,-0.7565948151979163 0.5307084767179916 0.38198533788000344 0.17797693928773187 0.7292639618312289 -0.6606801669915566 -0.6291967058856892 -0.431882607561232 -0.6462112027725215,-73.86531241989033 -28.97369010708481 1165.2779782709001,0.69
49,1491,9,0.22369790077209473,-0.8927738227294308 -0.2122222773774577 0.3973872247994442 0.13867252686917875 -0.968719737989604 -0.2057960143469006 0.42863134712803674 -0.12862260382249396 0.8942770231002954,-15.036560979860855 -59.26197701152395 1344.3564551159193,0.69
49,1554,9,0.2896724343299866,-0.9886122240482382 -0.14896122447959592 -0.021364083503316363 0.1502079866405187 -0.985411591400849 -0.08000972617281728 -0.009134068742843556 -0.08230764930665245 0.9965651105942923,-32.706450893443744 -88.14742510971621 1500.6400857766598,0.69
49,1557,9,0.24947026371955872,-0.9953838173140419 0.04284704637681481 0.08587890803980439 0.05571411936603519 0.9865716036785578 0.15353308346537514 -0.0781472528793769 0.15760901443731495 -0.9844045943795188,-44.34699655127807 -106.24616786197501 1614.1804545663865,0.69
49,1565,9,0.35789403319358826,-0.9632391044111561 -0.086686626727162 0.2542751589909236 0.11305921795530689 -0.989414045150689 0.09098055008563422 0.2436966166538391 0.11638417420429578 0.9628430209677256,-40.87863028163344 -95.4689349798108 1453.547744498416,0.69
49,1568,9,0.19762228429317474,-0.975579785396349 0.0693126025589547 -0.20842227676646877 0.05996456092645759 0.9969045798590572 0.05084791135271661 0.21130152332368848 0.037108244131741915 -0.9767162558586542,-54.15284937665142 -112.92629960291073 1565.576559972544,0.69
49,1575,9,0.2869950234889984,-0.9817411095564166 -0.13308827734952622 0.13591138377292714 0.13892773004673503 -0.9897055042527707 0.03438169099725807 0.12993644458348788 0.05263577950315742 0.9901242321472075,-60.403148303371594 -95.57420220123456 1431.4329071038358,0.69
49,1582,9,0.29841941595077515,-0.9529362078607362 -0.103055965567865 0.2851176103099824 0.13173707533593795 -0.987781515151231 0.08326476630287212 0.2730529742191675 0.1169065707580781 0.9548690627429779,-47.429932598786294 -84.11026667317478 1400.8814326442136,0.69
49,1587,9,0.2384689897298813,-0.9610842882688975 -0.017964974776220353 -0.27567054707377936 0.051086334532715584 0.9691148471279011 -0.2412604391529542 0.2714906577889532 -0.2459546152393864 -0.9304832883914504,-49.25236463828529 -83.13460447102942 1499.8816016009107,0.69
49,1592,9,0.21142253279685974,-0.9925012698857743 -0.000444429163232115 -0.12223351323530036 0.01946006014699964 0.9866648548714126 -0.16159755635729592 0.12067533026348275 -0.1627644514145922 -0.9792574727932926,-58.9292090960275 -90.9574762103327 1577.4540979349194,0.69
49,1615,9,0.2413308322429657,-0.952714777692617 -0.06786066452272428 -0.2961916315101454 0.040501174179312455 0.9376885474675132 -0.3451084508359107 0.30115478952891395 -0.3407860298762252 -0.8906012994516661,-17.921342920689096 -96.75055679394391 1462.0455387319419,0.69
49,1618,9,0.22469259798526764,-0.9931017589542734 -0.1172544773992277 0.0005328149420440152 0.11524980204113763 -0.9769396589667492 -0.17973977263647195 0.021595821156118394 -0.17843847754272635 0.9837140490207644,-29.259549978156024 -116.87328127706789 1478.5718985979229,0.69
49,1631,9,0.25676751136779785,-0.9539339528196273 -0.03629406592714079 -0.2978132878774843 0.05502835921893507 0.9546488796877903 -0.29260450473722827 0.29492692881388916 -0.29551354840230787 -0.9086747764580483,-17.782137754093924 -89.58880815874559 1460.2009559831947,0.69
49,1641,9,0.3434179127216339,-0.20477466733553373 0.9784218511372555 -0.027532105527335426 0.3230483642746578 0.09410958551280191 0.9416916375619342 0.9239627102632931 0.18394039015875574 -0.33534883764694223,-12.478186462298929 -94.81461258829684 993.3447769009182,0.69
49,1644,9,0.19910749793052673,-0.9596466433445661 -0.020889828812241572 0.2804316939464984 0.09646922285086457 0.9122654827242229 0.3980771006632895 -0.2641439171362035 0.40906638102163284 -0.8734372827844064,-28.905824422323192 -103.31139251580775 1526.9394306468757,0.69
49,1655,9,0.5160319805145264,-0.6857503078379101 0.724484810200765 -0.06977302550824008 0.5329226202152859 0.43450274024733226 -0.7260859794682953 -0.49572169224584706 -0.5350973075113731 -0.6840547312393896,-23.11036375205006 -56.922802264918886 1241.4862133198817,0.69
49,1671,9,0.3965906500816345,-0.9099627111027986 -0.1301517268796909 -0.3937364504242401 -0.014348468352954419 0.9587847690304829 -0.28377083735135245 0.4144417761982616 -0.25257136548983106 -0.8743258657252646,-3.935518979123188 -82.30839702760056 1478.6213023893217,0.69
49,1677,9,0.35518351197242737,-0.20956102024301848 0.9773136978073087 -0.030693889830219645 0.4343994128227711 0.0649315597364859 -0.8983768934525302 -0.8760030416236788 -0.20159818607416008 -0.4381516203754945,-18.87741350255716 -29.290589440555692 978.0519609660789,0.69
49,1682,9,0.4238797128200531,-0.2640284957280863 0.9642506292482897 -0.022576036805461552 0.2694987503016643 0.09622734493396712 0.9581809441190119 0.9260990103813984 0.24690285960522368 -0.28527110069083084,-28.068193945814112 -98.07150747111953 954.178801744745,0.69
49,1688,9,0.45928019285202026,-0.9132195406322192 0.38544270271462727 -0.13215140381971652 0.23116334128282628 0.7571605798619373 0.610959381587757 0.3355496688337479 0.5273914857363344 -0.7805540599589396,-45.332513212294984 -106.74998723614144 1275.547174252641,0.69
49,1881,9,0.8153009414672852,0.20105959695135955 -0.9783893398940033 -0.04826321638197706 -0.41115283042609807 -0.03956764268408497 -0.9107072810102228 0.8891166338036677 0.20294999688150112 -0.4102230006465186,-7.148099967453206 -24.430131597854093 877.3913347767306,0.69
49,2061,9,0.8215217590332031,0.2696105942995006 -0.9592952203586544 -0.08404051188867723 -0.3961899455536236 -0.030957646888821078 -0.9176465284309225 0.8776922322110906 0.28070323171660844 -0.3884096306995559,-9.482364984384269 -35.952619951908126 851.1206945343835,0.69
49,2064,9,0.8284547328948975,0.2661921571851855 -0.9600199942205765 -0.08662185722912025 -0.4011869209835393 -0.028630953530938363 -0.9155486458575847 0.8764649393357644 0.27846342524043244 -0.39276880084665766,-9.676771498272057 -36.567872806199105 851.6655964877596,0.69
49,2089,9,0.826328694820404,0.27684877923894846 -0.958302423896601 -0.0707899554160295 -0.3881308384687344 -0.04412808720007955 -0.9205472090825216 0.8790387964495432 0.28232813581710514 -0.3841635303651003,-9.70972150375146 -33.593425982925424 856.6893293788273,0.69
49,2097,9,0.8639853000640869,0.2799050745373276 -0.9569131277872839 -0.07726846133197401 -0.38772077809582595 -0.039047081502685765 -0.9209494685697421 0.8782515285958918 0.2877370175950263 -0.38194457873427057,-6.172161960246081 -28.290525464589237 859.2324778364946,0.69
49,2119,9,0.8447129726409912,0.30917072055944284 -0.9479020772771227 -0.07677966815811904 -0.3842409412362911 -0.05065641331316373 -0.9218420834763921 0.8699266432444772 0.3145084731513 -0.3798842661777848,6.230881884747558 -32.113752971344184 851.5409958617529,0.69
49,2123,9,0.8223251104354858,0.3135990159663238 -0.9463353042213591 -0.07813545398358529 -0.38546709607127716 -0.05167086402491661 -0.9212737050721111 0.8677965055422441 0.31902917389352686 -0.3809850537402797,6.240518214760943 -32.16514733728267 857.2258548959089,0.69
49,2146,9,0.8519719839096069,0.3212093405703358 -0.9428786097477045 -0.08834300657440824 -0.382450816195432 -0.04381454271067131 -0.922936432826499 0.8663463122342114 0.33024265794607854 -0.37467833424270935,4.468158021536101 -30.74488623536133 866.7082460553418,0.69
49,2151,9,0.8594380617141724,0.3145519524888949 -0.9455799959069364 -0.08327989268762631 -0.38644489814327115 -0.047429663456505455 -0.9210921602768314 0.8670163838616092 0.32191442708434376 -0.38033365845070577,-1.3791578345951239 -34.3026489120457 867.0808233955398,0.69
49,2173,9,0.8275492191314697,0.32190918450436945 -0.9425449010994797 -0.08935091685653762 -0.39750555007064675 -0.04889825693313421 -0.9162959664496697 0.8592809869854939 0.33048157267883105 -0.39040762739086254,0.8461675962574493 -40.970543314407195 867.732370013402,0.69
49,2196,9,0.8442688584327698,0.34305712161593815 -0.9345424689274916 -0.09456312748368595 -0.40627413814785485 -0.05685723471479043 -0.9119805806774643 0.8469079855455404 0.35127998609584293 -0.39918571541038284,9.132915178938404 -49.91180151269826 866.6446581621396,0.69
53,1,9,0.8180640339851379,-0.8902071652615928 0.4536570743510045 0.041550713690702096 0.26875602479288757 0.5966357363462906 -0.7561719363028784 -0.36783338898806384 -0.6619826712277345 -0.6530524794683419,-38.48859246250611 8.128028634332034 863.3531243521419,0.69
53,14,9,0.7989323139190674,-0.8823225274670867 0.46809387829032917 0.04893954057009173 0.26949643920292404 0.5877372222430666 -0.7628477088167396 -0.38584793219743685 -0.6598886865957947 -0.6447234248279181,-62.50523026920299 28.414557478967915 861.7432251505991,0.69
53,33,9,0.8396637439727783,-0.8799992692562975 0.46632720509544456 0.09022318934871512 0.23267253593047996 0.5888315901679095 -0.774041891272049 -0.41408305583791094 -0.660163840427664 -0.6266729024457143,-85.80031828681854 37.37075246930378 847.9119446446189,0.69
53,43,9,0.8127055764198303,-0.883287146341522 0.46113139673536835 0.08462654461066119 0.22848630516653307 0.5810185882492305 -0.7811602962646126 -0.40938713396881177 -0.6706528424257664 -0.6185684598223897,-93.42560173134076 37.054299990559 858.5166169219368,0.69
53,52,9,0.8275769352912903,-0.8723838410283766 0.473805298607085 0.12022883566111583 0.20383978333957653 0.576162258343272 -0.791508935381563 -0.44429244495112796 -0.6659921854441175 -0.5992150134022991,-107.5008418612147 44.70362865805878 849.2196812856229,0.69
53,61,9,0.8152409195899963,-0.890616975969114 0.43494639050928485 0.1327517965926469 0.16462613484718694 0.5804899582484679 -0.7974519697749625 -0.42390994071961396 -0.6883698466345229 -0.5885977543309666,-114.31322630011316 49.91561325416645 858.4457193742431,0.69
53,75,9,0.7990403771400452,-0.8996769792689401 0.41551908127424436 0.1338851226631384 0.1467445072615971 0.5766844896028585 -0.8036796930618826 -0.4111537213282482 -0.7034052121988426 -0.5798049024365306,-103.3169437534602 56.2188491009485 858.9414748800828,0.69
53,84,9,0.789776086807251,-0.8991268076023435 0.4160680567501709 0.1358615324621154 0.1422431401239128 0.5713287050272253 -0.8083009339964928 -0.41392979228186366 -0.7074396673668011 -0.5728797815401088,-106.39431946009712 54.06601698687269 859.3497535757405,0.69
53,93,9,0.7527821063995361,-0.9043078427201103 0.4076890708641845 0.12655807794368185 0.143621474446223 0.5697586797034352 -0.809164951651078 -0.4019952707094873 -0.7135577540749568 -0.5737901479867968,-97.31886387989445 44.893730489926845 863.9974522254598,0.69
53,103,9,0.7980468273162842,-0.9232377067256348 0.3709186137652642 0.10025726329022747 0.1475795273102845 0.5832400627947056 -0.7987811416590285 -0.3547568463030195 -0.7226689498751713 -0.5932092117351631,-78.3504110277196 29.823286127223216 873.1356166942365,0.69
53,111,9,0.7238574624061584,-0.9130811001271111 0.3924369418392376 0.11079779452016048 0.14040798642226512 0.5576644252309597 -0.8181051192729871 -0.382842659508459 -0.7314394270967968 -0.5642941276929969,-87.60711475386826 39.93003776762742 876.7942683151739,0.69
53,118,9,0.7108432650566101,-0.9165726171742881 0.38547983811165865 0.10630113760297183 0.13963178446792576 0.5576511117374872 -0.8182470301469155 -0.3746966802796353 -0.7351398043823733 -0.564952976627318,-87.60506309785765 36.08099654172099 881.335703528974,0.69
53,123,9,0.7913820743560791,-0.9195049663435255 0.3807670192228749 0.09760683347859869 0.14420714312844718 0.5577696716914659 -0.8173721876917064 -0.3656705029672528 -0.7375021833278335 -0.5677813072357658,-77.79197622453471 32.212142166140396 882.2429625119204,0.69
53,126,9,0.727461040019989,-0.9110097254139029 0.39578225595448074 0.11583473603745806 0.14432707855925558 0.5691256501270608 -0.809484829235237 -0.38630425133026447 -0.7207304629603444 -0.5756010989957645,-80.67092031910009 33.66261602333037 887.4863966727693,0.69
53,131,9,0.7645560503005981,-0.9096175681841825 0.40139617776271747 0.10713070581386006 0.1450232185831562 0.5484357865436031 -0.8235207672609608 -0.3893124011927658 -0.7335525178988758 -0.557078592087098,-80.11529378246006 45.19833707046649 896.3764752402956,0.69
53,135,9,0.7573106288909912,-0.9104409181660036 0.39993468385605135 0.10559158668191496 0.14592462211101265 0.5494080305212976 -0.8227130852614823 -0.38704436333681735 -0.7336232443479891 -0.5585638693663675,-84.80039120892297 45.92411663439749 907.8243134003789,0.69
53,138,9,0.7987070679664612,-0.899288088558956 0.4257548879212325 0.10006852245915376 0.16596591444175343 0.5438936138210047 -0.8225782954152392 -0.4046433602809911 -0.7231268991372861 -0.5597778476544077,-84.28207407292894 39.2583806368153 910.1114418507683,0.69
53,139,9,0.8003340363502502,-0.8970252283103892 0.43069614557574365 0.09922988441438382 0.16812146428565836 0.5401381284401394 -0.8246126214481739 -0.40875532170375495 -0.723015651553534 -0.5569267946395455,-82.69201614660325 37.329255930489694 916.7026285103218,0.69
53,142,9,0.8023802638053894,-0.8973899113087298 0.4289049120150562 0.10359499761410801 0.16538295670938774 0.5446203343279749 -0.8222147949693837 -0.40907190652912223 -0.7207144149285776 -0.5596703560157419,-85.1737566698742 37.25573860098456 919.8525458147436,0.69
53,145,9,0.8180530667304993,-0.8850904494204643 0.4536024695774026 0.10420986487834205 0.1786223930151729 0.5378220235907729 -0.8239183889526069 -0.42977777636612835 -0.7106280817234905 -0.5570446951616885,-92.25713868860436 38.78827619773436 914.5605478856567,0.69
53,147,9,0.8047994375228882,-0.8771971887446162 0.4698086288221739 0.09901991891923015 0.19068561928672545 0.5301659660969713 -0.8261737365649571 -0.44064054132113184 -0.7058356045685807 -0.5546458443615403,-97.69685332241123 38.83721709765576 921.3546883999502,0.69
53,152,9,0.8389174342155457,-0.8688734018921522 0.48462307745868227 0.10099249615112657 0.19576657099538072 0.5237593754850444 -0.8290666838513214 -0.45468061445928154 -0.7005830353255726 -0.5499535884499147,-107.8895392362034 36.37225877486479 924.2156332195237,0.69
53,153,9,0.8176614046096802,-0.8644790551597263 0.4917328585570971 0.10428211258606296 0.1997443826005369 0.5264173840906285 -0.8264302265446913 -0.46127881461181014 -0.6936018552040107 -0.5532976790552058,-108.77052923937855 36.45903426616728 921.7769185619584,0.69
53,155,9,0.855390727519989,-0.859105946258397 0.5002634059303829 0.1080439623042298 0.2001648185551561 0.5227167301534086 -0.828674402543309 -0.471031865712126 -0.6902925066264749 -0.5492041849613789,-110.25607704226395 36.019322046603854 927.5687646324942,0.69
53,158,9,0.8561539649963379,-0.8639794947996133 0.4925984081432872 0.10433714995390922 0.19722043364333458 0.5217138717679775 -0.8300112870066295 -0.4632963771921168 -0.6965353144669449 -0.5479005590260828,-108.42327500668078 36.75980424190242 930.7950670062311,0.69
53,162,9,0.8775020241737366,-0.8474179310767473 0.520894345749993 0.1027225907738506 0.21054895031997456 0.5073234718128397 -0.8356386985216301 -0.48739305453479964 -0.6865070833672829 -0.5395887645955801,-108.13841390349185 35.89393845277357 929.7654634558542,0.69
53,164,9,0.864993155002594,-0.852118982133554 0.5149017824845782 0.09364504622178543 0.2168613631053251 0.5102461390281509 -0.8322379628441408 -0.4763028337935609 -0.6888577734199341 -0.5464527230412111,-108.21330811391003 35.59546615129833 937.0214958668287,0.69
53,165,9,0.8679808378219604,-0.842879018686439 0.5293764158141667 0.09651720177218495 0.22549255263039214 0.5103382837980472 -0.8298842960306537 -0.4885775972825771 -0.6777281508612508 -0.5495238711500838,-107.89969368457244 34.502860548578596 939.0012910034981,0.69
53,167,9,0.8496996760368347,-0.8438185203821811 0.5268842169865301 0.10180042509988829 0.22387334765402286 0.518042772550616 -0.8255376490616596 -0.48769973228433083 -0.6738135555912791 -0.5550894193111868,-107.49065029600361 34.69464546459165 939.7964057836585,0.69
53,168,9,0.8712130784988403,-0.8406613123279891 0.53273812783046 0.09735833354510515 0.2252989289546082 0.5075101907709405 -0.8316692845569986 -0.49247228405961074 -0.6772174639060484 -0.5466695126068128,-107.31757995229685 35.1702917162624 934.4687851944446,0.69
53,171,9,0.8634220957756042,-0.8402397530061916 0.5335702105300635 0.09643644488987749 0.22627808781069275 0.5066882658450261 -0.8319045788019782 -0.49274271627780675 -0.6771778434723511 -0.5464748702962521,-108.99855094371169 33.335409101294886 939.0928802104032,0.69
53,176,9,0.8268025517463684,-0.8283294745488421 0.5506439114809654 0.10325485142395044 0.23615163762542543 0.5103050871489274 -0.8269347749833449 -0.5080380749909096 -0.6605906453915831 -0.552736206142372,-116.2003783961458 32.32569907929696 944.7082204473825,0.69
53,179,9,0.8407292366027832,-0.8267725375508186 0.5541029648375061 0.09704161741266554 0.23908614454901833 0.5022736611898663 -0.8309987874597732 -0.5092003403734786 -0.6638456700417749 -0.5477444109530656,-120.728987198881 31.190126349971145 940.5445909015787,0.69
53,247,9,0.8731277585029602,-0.7412996362750996 0.6631986578152261 0.10316195776781101 0.29454885277861276 0.45956957058589465 -0.8378763531203751 -0.6030885694367023 -0.5907311995007366 -0.536023159342218,-119.21579782289778 35.49370020147261 932.9639423475968,0.69
53,316,9,0.8163698315620422,-0.673550195151245 0.7318354992899451 0.10366743264283446 0.31408317668534746 0.4103439269193374 -0.8561364492670888 -0.6690903472140073 -0.5440906759166658 -0.5062444504837413,-56.75773278963198 24.18843211114715 883.5480317754098,0.69
53,434,9,0.856937050819397,-0.4889517399889838 0.8632928179696198 0.1251067800073954 0.3802294477969262 0.3400027702082391 -0.8601300385864734 -0.7850807366059814 -0.37299279710578426 -0.494494297558034,-163.4355283582468 10.002103078312008 851.8958861312922,0.69
53,479,9,0.8565748929977417,-0.3825155156947331 0.9165669682088387 0.11656274293808788 0.358640502832416 0.2635564651002271 -0.895497057187786 -0.8515038872376948 -0.30073739789446013 -0.4295324755204952,-208.04065861138486 39.365255941583555 910.458961927575,0.69
53,513,9,0.9071089625358582,-0.4060507622866707 0.9065768659921853 0.11507025894731077 0.3506461743628751 0.27084224873749174 -0.8964885591592895 -0.8439016760565736 -0.3236709167450886 -0.42786341138533923,-133.45364507664775 33.75326000202686 926.2105945763816,0.69
53,519,9,0.869915783405304,-0.3953951079781135 0.911212960773809 0.11555798849410842 0.35308888168244634 0.2669308017706912 -0.8967029545497747 -0.8479333406696632 -0.31374972061164397 -0.4272822984829818,-132.07290381389495 31.91739360334618 914.9196838264104,0.69
53,523,9,0.8876156806945801,-0.38672929170294523 0.9144744551670771 0.11906689626346911 0.35227886414494214 0.26581556549949314 -0.8973525990461799 -0.8522558634680595 -0.30508778406396747 -0.42494868772505967,-136.22456975732422 34.226759364229224 907.1595241066002,0.69
53,526,9,0.8942885994911194,-0.3813489196489561 0.917647575604603 0.11178518895439005 0.34938547756948307 0.25502585891016316 -0.9016050129356414 -0.8558637680998762 -0.30476997600506534 -0.4178665722210304,-136.4384237383623 29.825232381730792 895.8826661951562,0.69
53,533,9,0.8317806720733643,-0.3678812229365611 0.9231177819072456 0.11187924980686781 0.35508071718440687 0.25065759553405687 -0.9006044937068061 -0.8594074063530682 -0.29158931826754614 -0.4199935468287106,-136.06200967346848 23.127158555516893 878.3281568213624,0.69
53,534,9,0.865993857383728,-0.3717261737973838 0.9227299041744008 0.10192730574413644 0.35372926261010446 0.24229585124953035 -0.9034203502470914 -0.8583095365235489 -0.2997703194273355 -0.4164642783038712,-135.43565673160663 24.639702549744804 881.6445057027097,0.69
53,538,9,0.8400294184684753,-0.38123187668920266 0.9181011677824513 0.1084089567910701 0.35476034720083666 0.2535720101139347 -0.8999146246954323 -0.853702144925249 -0.30461694208181844 -0.4223756223395849,-128.16068054308477 19.89519163846936 878.0855042979299,0.69
53,539,9,0.8441709876060486,-0.3735860671530493 0.9205014789981569 0.11450099384426027 0.353348733882406 0.2553534162306276 -0.8999662799700046 -0.8576585117007923 -0.29575608190120756 -0.4206545106445767,-128.09433718248334 19.040994283813617 874.1074771068207,0.69
53,542,9,0.8446805477142334,-0.3694923848594238 0.9222284891838635 0.11388586948583268 0.3482751600384982 0.2510662269223919 -0.9031445967280725 -0.8614985725066837 -0.29404143149665624 -0.4139563336057841,-128.554552901009 25.745676708614504 870.3218856054058,0.69
53,545,9,0.8164613246917725,-0.36469680186723474 0.9233789075631154 0.11986507320883566 0.34731761328249716 0.2543434545593177 -0.9025961902349148 -0.8639251809106859 -0.2875426928133987 -0.4134640027838685,-127.34547453509707 24.215459266148024 866.4804785382532,0.69
53,547,9,0.8365879654884338,-0.35508170258065785 0.9280992830524759 0.11202100378902824 0.34981270704681927 0.24303710917072796 -0.9047452865610917 -0.8669187127297446 -0.2820721261723957 -0.41095895312742203,-124.95841406673749 22.170632689259108 859.9649192390674,0.69
53,550,9,0.861365020275116,-0.3601886218254693 0.9258493560852861 0.1143115328561824 0.35416644848180723 0.2490766510725475 -0.9014027671691871 -0.8630355053398744 -0.2841897108041483 -0.41761935395261807,-121.96410413702941 19.91091539575764 857.3220022639555,0.69
53,551,9,0.8427738547325134,-0.35964222318152395 0.9256536311154098 0.11757051717122025 0.3521037797803308 0.2513161397511299 -0.9015892225204309 -0.864106706124571 -0.2828525288970343 -0.4163100375046187,-116.97623802935527 17.75077585234274 850.878101450645,0.69
53,552,9,0.8397562503814697,-0.35155341134401885 0.9276031404455207 0.12634323412035453 0.34656224536792957 0.25432160204951626 -0.9028926474484696 -0.8696578689679765 -0.273629195384146 -0.4108798539421261,-116.96239513494751 17.17080287490626 849.7977168672525,0.69
53,555,9,0.838519811630249,-0.36110793638726624 0.9252023955344547 0.11662583579737651 0.3437952643529215 0.24834013098374252 -0.905611393231933 -0.8668367057794882 -0.2869280513304409 -0.40775779437440685,-112.9130270801714 18.873063464064664 845.0328085914634,0.69
53,556,9,0.8290765285491943,-0.35336210778835864 0.9271239197108708 0.12480568207946158 0.3473833885152363 0.2539175829141693 -0.9026907789884078 -0.868596570430163 -0.27562129559774035 -0.4117923011057665,-111.66661823552846 17.421042677896803 842.6741297959321,0.69
53,567,9,0.8035653829574585,-0.3510268966161627 0.9283407326355713 0.12232580259976611 0.3499021733404703 0.25122313070046687 -0.9024718320771413 -0.8685324328680201 -0.273989822312266 -0.4130145158776526,-108.34291451259087 8.582766557585376 841.6853995222401,0.69
53,569,9,0.8652870655059814,-0.3523003878434525 0.9277481692811773 0.1231575053367745 0.3531515981698912 0.2536485020654946 -0.900525616576221 -0.8666997089161882 -0.27376225414646777 -0.41699621433442324,-105.13738663295392 5.365664925576583 838.7655486097891,0.69
53,576,9,0.8353323936462402,-0.34153319689973527 0.9316029349150846 0.12438266387663383 0.353787968805768 0.2500364055592381 -0.9012856755897685 -0.8707405747659493 -0.2638138880965462 -0.4149856430090655,-107.53865781963563 4.4277254753606385 832.6059586754354,0.69
53,579,9,0.8120545744895935,-0.3319042707805129 0.9344243652381032 0.12919233989298323 0.3504909325704649 0.24930955199166893 -0.9027739769574659 -0.8757828847514331 -0.25435379481163894 -0.4102541722412789,-110.04438506018045 9.107560587582272 829.5453578728367,0.69
53,583,9,0.8782161474227905,-0.32560962576129726 0.935922519969973 0.1342661842186756 0.3497378973481506 0.2511539211185434 -0.9025547690114295 -0.8784428124642392 -0.24692254761328658 -0.4091057084789722,-115.03246179194447 7.773594477106393 825.6850751002961,0.69
53,587,9,0.8704610466957092,-0.3153848727643833 0.9385279386593655 0.14034846058007278 0.34528114980894703 0.25125034720446493 -0.9042423295866254 -0.8839192890858335 -0.23672467422184418 -0.40329656457321406,-118.44285552692125 5.872563852445867 823.4425278002989,0.69
53,591,9,0.8523152470588684,-0.30345619540111524 0.9398696360060506 0.15671440516600538 0.3390422767703199 0.260211691301208 -0.904068697761715 -0.8904856383092759 -0.2212124386738215 -0.39761839109993735,-125.72866244976622 5.946137091419595 816.3326328282233,0.69
53,592,9,0.8930442333221436,-0.3025733631397911 0.9403914988670395 0.15528421934272374 0.34045601779340096 0.258807743765033 -0.9039404027453981 -0.8902466286746251 -0.22064084079303153 -0.39847027430864723,-129.51971081427328 7.713308443505367 816.7505300958134,0.69
53,602,9,0.8187167048454285,-0.2788610961776419 0.9465059017447031 0.16236707486756752 0.3389951063001228 0.2552099479257839 -0.9055110161584381 -0.8985092136106186 -0.19747015076250146 -0.39202899460966223,-139.01881036457766 10.79930209943155 810.8177542431889,0.69
53,604,9,0.7693402767181396,-0.28012742388640355 0.9464861370013165 0.16028917259469694 0.33475951196802195 0.25280779377547136 -0.9077578358534344 -0.8997025594793533 -0.20062953887876045 -0.387663633315787,-135.8115112014013 11.948723904334681 813.1609514503641,0.69
53,610,9,0.8772540092468262,-0.27913719194165365 0.9482648389523618 0.15124887861263697 0.34032982100145404 0.24498150133239216 -0.9078324057567264 -0.8979187273980018 -0.2019352847116589 -0.39110625126220455,-127.05039489904804 8.882858308444888 812.5091791697171,0.69
53,616,9,0.7838382720947266,-0.27334602626799165 0.9477621608129437 0.16440449037261234 0.33400178043577833 0.2537958309251769 -0.9077612499279364 -0.902066937975907 -0.1932215379717772 -0.385928331007964,-122.66598201573842 12.303115942471607 809.5298509242948,0.69
53,628,9,0.7942394614219666,-0.27446135229199564 0.9474424145900695 0.16438928533754205 0.3248780807391063 0.2522643345106864 -0.9114916007233171 -0.9050553567342295 -0.19676274182278347 -0.3770400836476897,-117.16699327036306 12.113099299233722 806.0114537763911,0.69
53,638,9,0.9000335931777954,-0.2923009674957804 0.9441818846403673 0.15192337910273968 0.32061442763650877 0.24641891749526912 -0.9145950502226511 -0.9009808728226947 -0.21862819081130358 -0.37474682252186153,-99.22297870035256 18.1342068285809 807.5691167167652,0.69
53,647,9,0.8011739253997803,-0.29575260049254903 0.9408435473841974 0.165359664511678 0.3106607529911425 0.25842343868132667 -0.9147170179301876 -0.9033384171244305 -0.21915917887608177 -0.36871256889546156,-88.36133166295667 24.82446981803116 802.5294072906579,0.69
53,655,9,0.8177350759506226,-0.28813739524649806 0.9424879556525043 0.16939095285913902 0.3036954860686103 0.2577018766918058 -0.9172561226239224 -0.9081552142679765 -0.21285252218257789 -0.3604828853058093,-94.57088618544162 30.18156070254104 802.6692155104796,0.69
53,665,9,0.8183159828186035,-0.28388865517143325 0.9419653595226192 0.17918842854486505 0.3122466897637628 0.267509017290807 -0.9115596142873374 -0.9065921002283925 -0.20283043935151784 -0.37006834054798965,-94.84796616235542 14.255782812308768 799.6983159407025,0.69
53,677,9,0.8513996601104736,-0.2723088812729799 0.9433204308486716 0.1897220016849253 0.2900299007343461 0.2684711058870374 -0.9185890931117223 -0.9174587346904948 -0.195114914979014 -0.3466981974179397,-102.05662801538753 21.665203510693612 794.1583200939848,0.69
53,686,9,0.8732452392578125,-0.2416542750892623 0.9502394281675497 0.19659155751682605 0.28787092198744446 0.2636788540165056 -0.9206540035315336 -0.9266787704513264 -0.1658869829141234 -0.3372654226191405,-112.21448207261167 33.62323800853342 783.0411985678861,0.69
53,687,9,0.7876703143119812,-0.23265803748925373 0.9534409544058045 0.19188690433012484 0.28374704828655567 0.25526169159230294 -0.9242992380144557 -0.9302461234427783 -0.16059830406073794 -0.32992474074021594,-116.23990004076714 39.912646515314655 786.4928697327975,0.69
53,692,9,0.8315080404281616,-0.23001657287983068 0.9537204028475526 0.19367439013178844 0.2781734254082786 0.2551396900039 -0.9260255309554586 -0.9325834662898774 -0.159126150512781 -0.3239860284421867,-122.8992611333732 41.32402825404902 784.2150822246522,0.69
53,716,9,0.7943188548088074,-0.19479668982608023 0.9570660772832444 0.2146596686535805 0.2811571780132725 0.26415265959266676 -0.9225909243439011 -0.9396833992810638 -0.1193645514538707 -0.3205420611585965,-129.15096522909707 26.019292786237116 777.0176030953204,0.69
59,29,9,0.2702493369579315,0.06657272393067182 -0.9976123689194056 -0.01837481448784606 -0.5281415687820963 -0.019607708906948407 -0.8489299270704309 0.8465427075776139 0.06622008102103633 -0.5281859001494937,-66.0685467254194 48.66893780281576 899.658037994927,0.69
