scene_id,im_id,obj_id,score,R,t,time
49,1,3,0.9285537004470825,-0.07518899539256774 0.9434792040118913 0.3227903446030331 -0.7071189555435853 0.17779188667848211 -0.6843776937789946 -0.7030856261386702 -0.2797088425995754 0.6537840359696772,18.701592765061605 -9.633856450361108 792.4532761980167,0.69
49,36,3,0.9260495901107788,-0.09621746846866874 0.9476900182870667 0.30434491617331255 -0.7095855991562978 0.1491159184884896 -0.688660090555081 -0.6980189655242035 -0.282219900241627 0.6581196332553277,17.218091218266846 -4.9572408850908625 803.8185910506584,0.69
49,47,3,0.8986411690711975,-0.11657311660248126 0.9492097729260393 0.2922524858188227 -0.7139067086168475 0.12448763298242926 -0.6890863811063832 -0.6904693475292324 -0.28896995728990393 0.6631353134213462,13.24592454619983 -1.9837842764155593 813.6403032382965,0.69
49,58,3,0.9292475581169128,-0.1257472098530803 0.9527810538884218 0.2763980871233257 -0.7227375674524292 0.10287224045462195 -0.683423522229658 -0.6795866742418591 -0.2857018822043611 0.6756747639935761,6.69998966630953 4.691777918694898 822.4612628468651,0.69
49,65,3,0.9128919839859009,-0.1310724291976908 0.9517935473029889 0.2773248305085749 -0.7295757153546375 0.09679206934332829 -0.6770159310363424 -0.6712222388069288 -0.2910675842903668 0.6817186864876044,12.908879197155933 11.052484599685462 833.8749869177777,0.69
49,73,3,0.8990973234176636,-0.14562845407483982 0.9520407520406731 0.2690924744722568 -0.7328017596380181 0.07893454423737689 -0.6758482956976827 -0.6646758115316046 -0.2956141812901869 0.6861620226921157,4.8842939662224 17.64047324804264 835.1147878838862,0.69
49,91,3,0.8722829818725586,-0.17083427688734587 0.9513041162430325 0.25658551841333765 -0.7319622194418829 0.051795425251258354 -0.679373640372332 -0.6595808965927464 -0.3038712101238036 0.6874702382705772,0.5411042971427893 15.450595182172778 838.8767989983231,0.69
49,109,3,0.8962968587875366,-0.17702958800415125 0.9512061607833877 0.2527199332439143 -0.746566065324537 0.03753688765897778 -0.6642515277895239 -0.6413264652865339 -0.30626430048669606 0.7034931010112856,-1.6397296190101827 26.94068096701297 840.0940701522268,0.69
49,125,3,0.920466959476471,-0.1529976165866922 0.9535449284724676 0.2595068374883939 -0.755074078635212 0.05661287919509783 -0.6531907207565235 -0.6375381283436912 -0.2958835096683785 0.7113354227186677,-20.374350142479305 34.922304673249194 841.7649005930336,0.69
49,148,3,0.9081366062164307,-0.14438749604046008 0.9503098905005194 0.275795871985165 -0.7516178799886508 0.07595445666975664 -0.6552110217276328 -0.643601439921115 -0.30189738741647526 0.7033030314185872,-17.481377065227147 19.395024438088203 834.9995305492251,0.69
49,231,3,0.934667706489563,-0.0829590384293255 0.9204021986503709 0.38207013840713266 -0.7894782520521061 0.17326583070063295 -0.5888149466923979 -0.6081462714509015 -0.35048358682138503 0.7122635522678268,-20.284685124562632 24.677047512578266 804.8523083778107,0.69
49,357,3,0.9502121806144714,0.05493048549177337 0.8204510248916915 0.5690718386265579 -0.8302851255933176 0.35410922994938243 -0.4303873412208406 -0.5546253257669784 -0.44885049740289734 0.7006596741636018,-35.60234785815816 22.237346460483515 792.6114253851597,0.69
49,521,3,0.9191946983337402,0.028634656590746044 0.7433757369133747 0.6682608549140278 -0.8515675093834838 0.3682380620258202 -0.3731400630297936 -0.5234623514679354 -0.5583844942725087 0.6435789952691856,-0.9808363123293838 5.152412822501146 799.4612165989364,0.69
49,526,3,0.9353010654449463,0.027821238041301433 0.7453293636583448 0.6661156944424115 -0.8565475800238455 0.36130215033695245 -0.3684928755311127 -0.5153175932074735 -0.5603078580838761 0.6484619358916264,-5.430345164251072 9.167185954107808 797.3872042543547,0.69
49,537,3,0.914746105670929,0.029225973053642718 0.7427491437579815 0.6689316496816795 -0.8607489790417809 0.3589357029900937 -0.36093816118213234 -0.5081899620984258 -0.5652334655394995 0.6498108123574183,-6.413467333880416 12.130002903170302 795.7597016283959,0.69
49,542,3,0.9104102253913879,0.03198536242474859 0.7397766607337517 0.6720918306482953 -0.8614360795923843 0.3614080437467869 -0.35680822116597016 -0.5068577881093086 -0.5675515114496128 0.648830073658889,-6.264973957536922 12.67783264211845 797.4821597480274,0.69
49,552,3,0.9038788080215454,0.0351294989380726 0.7310706144414992 0.6813968557342255 -0.863840476607412 0.36506435922857317 -0.3471421100870804 -0.50253910223886 -0.5764232562285808 0.6443529160326664,-2.493833922056538 11.166037311065143 796.107492523289,0.69
49,558,3,0.8957433104515076,0.03639987444707116 0.7286062033351169 0.6839649476411961 -0.8666524753727954 0.3637957732560392 -0.3414178119126869 -0.49758269269584127 -0.5803323494538513 0.6446904901632482,-3.5280752486059264 14.531117078625478 795.6690494037935,0.69
49,564,3,0.8986973166465759,0.03532503884880356 0.7290599467784876 0.6835376621911039 -0.8679285942252192 0.3614496326453265 -0.34066716658168505 -0.4954312232354413 -0.5812278013515076 0.6455401970284476,-5.294992311372145 14.027701791491431 796.1983567051791,0.69
49,570,3,0.922236442565918,0.037021317162993395 0.7268078670385338 0.6858423627091098 -0.8664148655035584 0.3653292192657033 -0.3403819066653847 -0.49795050246984196 -0.5816226319200523 0.6432421092624638,-6.904206158601921 11.780071533927348 798.2101292392626,0.69
49,576,3,0.9078124761581421,0.03222282983137825 0.7211070928118747 0.6920738760667569 -0.8682839152941882 0.3631429588930949 -0.33795004637928827 -0.49501993058770194 -0.5900269079480821 0.6378271836619793,-4.3057316765714955 11.973497859028004 798.0705304172783,0.69
49,591,3,0.9057266712188721,0.03587091008614207 0.7213779765172941 0.6916119524743669 -0.8720421292323781 0.3606152452818122 -0.3309065875956517 -0.4881145384573708 -0.5912448391877536 0.6420075836626816,-6.085402499138985 15.40538206986096 795.4087297653715,0.69
49,594,3,0.8878588080406189,0.03718073611312889 0.7158703234249141 0.6972426212600565 -0.8729959348990518 0.3628125477930798 -0.3259526849308415 -0.4863082258319472 -0.5965708132346091 0.6384415198628461,-1.8039764064920139 16.4350417749107 796.5624448858184,0.69
49,617,3,0.9224836230278015,0.04668242371569775 0.711954790185895 0.700671911844186 -0.879935480472079 0.36130629004683423 -0.3084984845651023 -0.47279414285965937 -0.602144618429785 0.6433409336997366,-7.949810470995948 17.742176013535715 795.1885362567166,0.69
49,629,3,0.8673232793807983,0.053207945498078724 0.7102068679453641 0.7019794293703412 -0.8785831055639353 0.3674115274787899 -0.3051237389868798 -0.4746163094052971 -0.6005122598240096 0.6435249681617308,-15.887225009709617 12.959775453603669 790.3661218317889,0.69
49,631,3,0.8677443861961365,0.049464880052284776 0.7069321013951837 0.7055495940459484 -0.87994454596915 0.3650314549703212 -0.3040553122400543 -0.47249425569054226 -0.6058044576422659 0.64011728412862,-16.685692012824596 14.157509258921788 792.2000666225543,0.69
49,651,3,0.8868476152420044,0.05290622305594661 0.7056673136729124 0.706565335956704 -0.886507729673303 0.3588950177447968 -0.29205891780161064 -0.45967921074532014 -0.6109238975941419 0.6445673080113061,-17.84758405639359 18.626681017594237 787.5440215450515,0.69
49,669,3,0.8954353928565979,0.05022188646962278 0.6946477234782487 0.7175948037617882 -0.8865598275788431 0.3618490134469128 -0.2882307471295668 -0.4598798041258224 -0.6217152336351288 0.6340195060273875,-18.667374731375276 11.911248640934375 782.8064130531797,0.69
49,762,3,0.9174886345863342,0.03977816220744135 0.6651792434701091 0.7456234115610455 -0.9030352775852721 0.3433558090662867 -0.2581357701228685 -0.42772068601821134 -0.6630560778976159 0.6143383858388971,-21.255583673250545 20.59295077217313 769.3259399736137,0.69
49,1024,3,0.8794722557067871,-0.003200357471778048 0.5726585204296345 0.8197877631993511 -0.9196214974247005 0.32032448047009865 -0.22735111322778556 -0.3927926414616305 -0.7546220551977683 0.5256039332260477,-25.2239004157181 9.321692110725886 756.8215052442763,0.69
49,1036,3,0.8187376856803894,-0.008067016259184712 0.5768465459579386 0.8168126992555089 -0.9220403193272992 0.3118441494639783 -0.2293357276568576 -0.3870097838343194 -0.7549842970959623 0.5293601216138493,-32.41439297056417 13.00622726017182 755.8493684349153,0.69
49,1052,3,0.8377702236175537,-0.010562827847004463 0.585719595901445 0.8104449281998888 -0.9245176717000649 0.303087628868989 -0.23109514045272572 -0.3809927838977606 -0.7517116762453688 0.5383066546256067,-36.6232316738061 13.386541216107137 751.3796047307133,0.69
49,1067,3,0.7465476989746094,-0.006813434043902555 0.58531294285628 0.8107788453341952 -0.9251303056907825 0.3040871005915442 -0.22729925812969082 -0.37958858598357426 -0.7516247695351381 0.5394188643459195,-44.00530799210649 15.895587374533244 751.7865200560868,0.69
49,1095,3,0.8340986371040344,-0.005966380809344418 0.593457696087288 0.8048430687126565 -0.9220167866473107 0.30830421239928163 -0.23416566306234204 -0.3871039233082062 -0.7434759414881067 0.5453384976212184,-54.5002792466329 13.393171051710688 751.3124587229377,0.69
49,1102,3,0.7811000347137451,-0.0053189943008928875 0.5938836139306973 0.804533381162175 -0.9211300741733452 0.3102383845853486 -0.23509898167214793 -0.38921856938362376 -0.7423303832085063 0.5453939011507899,-57.05869429123213 13.50658092831397 751.1695038171545,0.69
49,1130,3,0.8017293214797974,-0.011158118295337971 0.5817639740181497 0.8132811167921687 -0.9205353657737039 0.3116494044451933 -0.23556164600551954 -0.3904998550012288 -0.7512824550350995 0.5320568916952897,-54.66396756884325 14.855608141867748 749.2472477393284,0.69
49,1144,3,0.8552137613296509,-0.009028774201287337 0.5704632586016675 0.8212734939239118 -0.9194698190654623 0.31809734469564155 -0.23106131464463786 -0.39305690817507377 -0.7572223912980581 0.5216517200706831,-53.10106289675122 18.901444617023884 744.834275986568,0.69
49,1150,3,0.8464776873588562,-0.010826997144825157 0.5735663033706271 0.8190875849203064 -0.9210042209683551 0.3132717175874211 -0.23154277340979706 -0.3894021071993571 -0.7568900360009909 0.5248651944176899,-54.20018424222723 20.914332482199136 741.1313545179888,0.69
49,1157,3,0.8403865098953247,-0.017154353091008545 0.5716469504649029 0.8203203594902458 -0.9223972095648942 0.3075753325681816 -0.23362534661818962 -0.3858615243282567 -0.7606689022299713 0.5220092961081486,-56.990784533958404 21.422341284784334 738.4944941019153,0.69
49,1168,3,0.8491259217262268,-0.01816682425717242 0.5751818030918513 0.8178238562724958 -0.9231019196404636 0.30460226473186447 -0.2347345442756782 -0.3841260371967776 -0.7591991528658512 0.5254177707646305,-61.16607651184255 28.601794550283064 736.8159882869451,0.69
49,1172,3,0.8317304849624634,-0.024232466725640833 0.5626271510999303 0.8263555387371513 -0.9225410417150497 0.30586224620830293 -0.2353004732161047 -0.3851373961428599 -0.7680488104213091 0.5116348413690275,-63.285987979433095 28.307005147871408 737.1159139478566,0.69
49,1179,3,0.837113618850708,-0.024600138896822 0.5589318679243611 0.828848599072739 -0.9211361013261996 0.3094984607284852 -0.23604869336699963 -0.38846250269469595 -0.7692891977827865 0.5072386166045427,-63.36420866220085 28.962400193112313 736.6718430119582,0.69
49,1269,3,0.8466867804527283,-0.019089827804819492 0.5161626332317868 0.8562778255505689 -0.909829620315584 0.3461248812039346 -0.22892712510308316 -0.4145426883576441 -0.7834371083033982 0.4630125882332218,-63.70093356400165 19.215967460388782 717.2034904015538,0.69
49,1491,3,0.8745258450508118,-0.02147688122040048 0.3743693638228677 0.9270309180409821 -0.909146771564645 0.37843706584658043 -0.17388943310912863 -0.41592173702107466 -0.8465417689779354 0.3322290505796863,-63.92465641984753 24.632660747461404 742.4896027830271,0.69
49,1554,3,0.8871598243713379,-0.023857122815433396 0.3544828538864792 0.9347581205806486 -0.9071430244720782 0.3852821952852642 -0.1692606367346467 -0.42014565431838014 -0.851997380451762 0.3123749235465543,-66.98761165553518 9.26238483758561 737.7516541545759,0.69
49,1557,3,0.8505006432533264,-0.027152691538538054 0.3500093195970015 0.936352608549502 -0.9023103293703343 0.3945636314898473 -0.17365370775524097 -0.43023110168119144 -0.8495957961882745 0.30510355987008797,-70.42129717079067 5.4920658762049674 740.4018154019903,0.69
49,1565,3,0.8698611855506897,-0.027426051391759465 0.3512433200658083 0.935882440167677 -0.9006875129105818 0.39742196720475065 -0.17554994750798725 -0.43360098684390447 -0.8477522692934857 0.3054607570797563,-79.07001640071098 -0.15222001549301778 743.4950810060542,0.69
49,1568,3,0.860287070274353,-0.01805639489606592 0.36733646621882465 0.9299128384903736 -0.8999250640537683 0.39929684260554943 -0.1752053383121085 -0.43567057014581406 -0.8400154475193332 0.3233654314204224,-82.99948430591341 -0.8125871690588733 740.1198113750212,0.69
49,1575,3,0.8172915577888489,-0.025347108228706894 0.3544840673754522 0.9347184442822332 -0.8990888698922503 0.4006805963850566 -0.17633565639538584 -0.43703172440947413 -0.8448645487043892 0.30855658508968875,-88.56259763954388 0.8568982895329897 744.4358191978911,0.69
49,1582,3,0.8616517782211304,-0.026204685384931592 0.3464669680757389 0.9376960885576315 -0.8988634555595465 0.4023055408483662 -0.17376633754054494 -0.4374446281798736 -0.847414238631325 0.3008842060352517,-85.51671255562944 5.307535276559061 744.9511132990674,0.69
49,1587,3,0.8729037046432495,-0.02623379918029123 0.3467990520717952 0.9375725066695764 -0.8989662657572925 0.4020343123991218 -0.17386220027410915 -0.43723156428940185 -0.8474071212444877 0.3012137613940855,-85.17682555905472 6.503568720985513 746.141059663733,0.69
49,1592,3,0.8675768375396729,-0.029599932658485262 0.34315252847300265 0.9388131795992205 -0.898483708393824 0.4024339687243692 -0.17542498843561466 -0.4380078420958868 -0.8487009149396143 0.2964049379534123,-85.92257905593371 6.532743843612942 748.0848391342562,0.69
49,1595,3,0.8662626147270203,-0.03472105069428166 0.3308824239936022 0.9430330164584926 -0.9001104632897337 0.39967739670914915 -0.17337569736309266 -0.4342759520339879 -0.854853671719269 0.28395351280281433,-86.29270696039302 5.718249048601368 752.9317607592276,0.69
49,1614,3,0.892302393913269,-0.044698729805841664 0.30998020169621343 0.949691685817097 -0.8966340127242247 0.4067382697210825 -0.17496121618905963 -0.44051046614104356 -0.8593464112339533 0.2597581080919821,-72.08603886128579 -3.2972249286385793 748.2065764679342,0.69
49,1615,3,0.8921219706535339,-0.038442764484286185 0.3204391911051743 0.9464887102668826 -0.8951612277754095 0.40989694749068406 -0.1751310044664875 -0.4440816705814676 -0.8539925159166681 0.27108716792185483,-72.15131140651337 -3.815385260197348 747.2805385818706,0.69
49,1618,3,0.8894917368888855,-0.04007664189824833 0.3122234058224061 0.9491630037200232 -0.8936012439647341 0.41382448964614904 -0.17385657466367 -0.447068987471553 -0.8551408285339681 0.26241852795753395,-71.99525930234435 -3.3018699932735127 748.624297510422,0.69
49,1631,3,0.8707438707351685,-0.03976438855391207 0.2994949856538478 0.9532688744373938 -0.8955973067913292 0.41236523080146914 -0.1669142908626134 -0.4430849325705533 -0.860382281311193 0.25182945128538037,-72.58011425510115 1.2063911391128936 750.6493171987236,0.69
49,1641,3,0.8819317817687988,-0.03791425977341323 0.29655748526849823 0.9542621059421036 -0.8972910017569906 0.4101931496636291 -0.16312706132021115 -0.4398083299254011 -0.8624356427584936 0.2505461934014833,-70.07346776392455 7.722912108312496 758.4795777215163,0.69
49,1644,3,0.8887485861778259,-0.03985497948454042 0.2874416565173245 0.9569685860616656 -0.8984972436270082 0.4087103532307198 -0.160182865365459 -0.4371661970063049 -0.8662177216269572 0.24197639334126764,-68.8257286415621 9.413537876967464 759.7932319159356,0.69
49,1655,3,0.8598182797431946,-0.031225768399266496 0.29029951959175765 0.9564262335970666 -0.8903224169279687 0.426810458717493 -0.15861534050937076 -0.4542586766407617 -0.8564806017967704 0.24513268538166444,-75.23153096971599 0.8561852535918906 765.1197514172896,0.69
49,1671,3,0.8862900137901306,-0.029509669792867843 0.2759912799674456 0.9607070275430731 -0.8911483774669273 0.4280762637742036 -0.15035052953409056 -0.4527513100221566 -0.8605693032958179 0.23331679214786827,-71.55758378494387 5.224335678194075 765.4453986721279,0.69
49,1677,3,0.8532726764678955,-0.034808097453091325 0.27619786525201273 0.9604702679322914 -0.8925480055908062 0.42376670553881557 -0.15420712367673967 -0.4496069995758194 -0.8626334786611345 0.2317693409953514,-78.36841379847883 4.330973500340039 770.633740862049,0.69
49,1682,3,0.8506455421447754,-0.030004018936147236 0.28553822447255034 0.9578975316873632 -0.8919650204576046 0.42485570249532345 -0.1545834219354395 -0.4511077045759076 -0.8590492153667731 0.24194272969028663,-87.79221243900045 2.627079981348513 772.4419339971066,0.69
49,1688,3,0.8352676033973694,-0.024385074199936296 0.28335790249150045 0.9587041604436071 -0.890654926080652 0.4293773128361865 -0.1495624480604808 -0.45402551779006023 -0.8575216745465931 0.24190371406465605,-92.53300027202752 2.2323766873735402 777.3026500567807,0.69
49,1881,3,0.8816035389900208,-0.09364363942671883 0.16643268936290695 0.9815961637589814 -0.8814251675132936 0.4445889826129399 -0.15946883900421926 -0.4629476675274229 -0.880136805531175 0.10506503072049023,-86.20822144581828 8.409636659068877 747.0677224848395,0.69
49,2061,3,0.8458219170570374,-0.13099186192001788 0.09403504102894622 0.9869136452443098 -0.8945328617657256 0.41793798067175114 -0.15855221074851134 -0.4273781596337701 -0.903595736693519 0.029370960102595545,-97.79919634751656 -6.674804059701835 720.8520549475031,0.69
49,2064,3,0.866240382194519,-0.1288984125961412 0.0958453112402009 0.9870151344044651 -0.897939585987386 0.4110927767197655 -0.15718533279423708 -0.42082026941082235 -0.9065409010310027 0.03307409274494044,-98.36793019356956 -6.964861519940696 720.9982322485417,0.69
49,2089,3,0.8810440301895142,-0.12304710738125246 0.07244188654394912 0.9897532937247849 -0.8993361154428345 0.4135331181900981 -0.1420736133846362 -0.4195878463746291 -0.9076026295873806 0.01426555084014458,-99.66534320324705 -6.349692830630563 723.5540391252337,0.69
49,2097,3,0.8664014339447021,-0.11347184284549594 0.07938252256230433 0.9903648600353773 -0.902437511110904 0.4087383447493659 -0.13615984750103666 -0.4156088057551285 -0.909192708199529 0.025257472866502928,-97.25168893364211 -1.9520749191368298 725.562307472488,0.69
49,2119,3,0.8639559149742126,-0.11241526744808938 0.05943098452639328 0.9918824354341591 -0.9041736154008028 0.4078762103062893 -0.12691363314956083 -0.41210785100215747 -0.9111009577123732 0.007884414878763346,-88.98780101000072 -6.285563670454049 726.7999535140021,0.69
49,2123,3,0.8626718521118164,-0.1178352686339017 0.04705139126613861 0.9919178474278487 -0.9047422988008142 0.4066583380807045 -0.12676895846403968 -0.40933631921269126 -0.9123678877784773 -0.005349310614052971,-89.07087578340082 -6.199379124407892 726.3805244579215,0.69
49,2146,3,0.8181084990501404,-0.11677369789212211 0.04187859821365986 0.9922752070329374 -0.9033605379984686 0.4106730171496039 -0.12364227178582027 -0.4126786181373069 -0.9108204301600289 -0.01012433382416078,-92.48862934060456 -5.361654973723466 733.3972974588174,0.69
49,2151,3,0.8361022472381592,-0.11874000886596758 0.042117901498294086 0.9920316994269337 -0.9038870036050167 0.4089317167051678 -0.12555132729887386 -0.41096118430875517 -0.9115925259928058 -0.010486731883722733,-97.3158080003348 -8.306369016587167 733.9396274459261,0.69
49,2173,3,0.8827112913131714,-0.12205132455920742 0.026173383107470527 0.992178627158463 -0.9014761962923268 0.41532311745410067 -0.12184980765896009 -0.4152639422002122 -0.9092973452754147 -0.02709605475750787,-96.66811067016076 -14.252526068749688 734.3480228000731,0.69
49,2196,3,0.7924483418464661,-0.12459231378329605 0.0034296787571403975 0.9922020926453177 -0.9023912044652442 0.4153582400413005 -0.11475036615871459 -0.4125128718596432 -0.9096514550823387 -0.048655532231118404,-91.49824583417426 -22.532049358805914 729.1950596875846,0.69
51,1,3,0.933708667755127,0.10785102492209364 0.9647447324229267 -0.24007448362012535 -0.8551905343266636 -0.03311396531761557 -0.5172548842679204 -0.506968743041748 0.261095895339547 0.8214691881108569,-45.01802008358909 104.52056085418639 923.5003690989427,0.69
51,35,3,0.8893735408782959,0.09196193390367935 0.9688790911598083 -0.2298179919545893 -0.8622154623206294 -0.03797561915778047 -0.5051161736519698 -0.49812397979611367 0.2446040863577868 0.8318902221382058,-38.60923637986133 121.6393410753866 927.6765444973453,0.69
51,56,3,0.9406471252441406,0.08973593309207029 0.9682494137994878 -0.23332495577851042 -0.8676326896474401 -0.039033965916919655 -0.4956711262116703 -0.4890408757632069 0.2469198699613806 0.8365820937905679,-47.29049395189631 122.08447784428272 923.9802878234547,0.69
51,83,3,0.9165798425674438,0.08932405147841782 0.9687073943552809 -0.23157546922954336 -0.8536407423539647 -0.04532910164826087 -0.5188860718280397 -0.5131458825917372 0.24403126165547695 0.8228791202321172,-56.440220896460254 110.8412514033688 931.5573301087989,0.69
51,100,3,0.8806602358818054,0.08432105521884681 0.9705272403080922 -0.2257583563608203 -0.8428991888064679 -0.05135905906836191 -0.5356147912082072 -0.5314234819390079 0.23545513982831529 0.8137259735145791,-54.88272445183207 103.94107224650477 937.5105410477545,0.69
51,116,3,0.9549373388290405,0.0809134695245578 0.9750354182912726 -0.20678235787189875 -0.8412293755850053 -0.044467317300249665 -0.5388467271358167 -0.5345897007073377 0.21755135202908416 0.8166304311792187,-47.484236958102485 93.92002516806288 935.614890318441,0.69
51,138,3,0.9023305177688599,0.07805947926337253 0.9796053365361924 -0.18514886531368355 -0.8254061922990684 -0.04065076098021958 -0.5630738258399894 -0.5591165669263295 0.19677626955896516 0.80539913355241,-36.65925641157534 72.22113988510405 942.6439293860703,0.69
51,169,3,0.9467682242393494,0.08261589010379633 0.9823023209115739 -0.1680974866977289 -0.8240200418993214 -0.02753503687958503 -0.565891148801853 -0.5605047593469643 0.1852672989919582 0.8071619680545077,-35.94499263707777 77.34143736037348 936.5710456329501,0.69
51,240,3,0.8752175569534302,0.11441610980789407 0.9910327269571606 -0.06901512816971347 -0.834990223175919 0.05829621786069339 -0.547168052963409 -0.538238126684702 0.12023179730417685 0.8341726643207329,-21.991025913649803 99.85219947579905 954.5823802265041,0.69
51,407,3,0.896128237247467,0.14609509035336954 0.9880555325380951 0.049015193516933425 -0.8257668499393367 0.14908309354319005 -0.5439515978107408 -0.5447617223299617 0.03899353588037491 0.8376838126904684,-47.42462537011881 85.67193318834028 968.0397399894927,0.69
51,515,3,0.8766576051712036,0.11673714752497122 0.986906365451083 0.11130257957417924 -0.8342382099268275 0.15824956320656014 -0.5282079939219166 -0.5389054160850637 -0.031191370233869697 0.8417886022851093,-45.8216038055678 97.7418868991775 987.2848937932781,0.69
51,520,3,0.8421101570129395,0.11738219756627677 0.985658694487974 0.12123678350556066 -0.8333957740414007 0.16416082691623934 -0.5277335565568205 -0.5400674990262291 -0.039091698433799865 0.8407133492511671,-42.43931786230795 95.94716526393819 987.2460522321447,0.69
51,532,3,0.8466521501541138,0.1181114258568785 0.9842089802063563 0.13184223285131158 -0.8362061138195944 0.17018757768269355 -0.5213401227732515 -0.5355455408205608 -0.0486710559127444 0.8431026639879342,-41.03895677872184 97.60097770288397 984.701426894534,0.69
51,546,3,0.8643506169319153,0.12084872848289496 0.9812453632985573 0.1501769683711513 -0.834570286005813 0.18234585470009812 -0.5198484654107062 -0.5374830439560332 -0.06251020939632965 0.8409544881745884,-34.14243467335681 95.70758315242298 986.8890354526766,0.69
51,553,3,0.870790421962738,0.11678938848438902 0.9812744538750998 0.15316881180438643 -0.836890013191259 0.18027816017367382 -0.5168315884165073 -0.5347666262568909 -0.06782500377088302 0.8422733667315514,-39.40297970871559 97.85781616018365 984.8633826840226,0.69
51,571,3,0.8940327763557434,0.12190763119803649 0.9787604586546652 0.16482261383012062 -0.8383206642583247 0.19043951017570393 -0.5108338838032567 -0.5313727442513068 -0.075899654400712 0.8437311474211959,-37.59835788982097 102.32145722296006 978.8976843146839,0.69
51,582,3,0.8920647501945496,0.12247877507213656 0.9775162744903583 0.17164172791987242 -0.8501279449553165 0.1925739736209674 -0.49009972647399136 -0.5121341883362984 -0.08589061526337707 0.8546001259927355,-37.13776561080562 119.87790733579196 978.0617172428119,0.69
51,601,3,0.8937205076217651,0.1264720057496046 0.9744644179194839 0.1855368695718285 -0.8457988825811777 0.20365861673911423 -0.4930998053663601 -0.5182943970236449 -0.09456355554203891 0.8499580295386027,-36.291533076307275 111.60875129285526 976.2532972375118,0.69
51,611,3,0.8907696008682251,0.12435547091036658 0.973066435400535 0.19410674679556567 -0.8470199874619218 0.2059965646783194 -0.4900230159704104 -0.5168102724353174 -0.10347525132913593 0.849823519719068,-39.39372455823895 107.77765878099473 974.9920063707747,0.69
51,618,3,0.9124659895896912,0.14584063874666842 0.9681980214449372 0.2032808386446513 -0.8381176252048276 0.2300892669954726 -0.49458849110599656 -0.5256323376762355 -0.09824215227485136 0.8450201921288159,-42.687743391412546 101.07523017136295 970.9136232168589,0.69
51,636,3,0.9159137010574341,0.14608224445231344 0.964848987273685 0.21846374896700654 -0.8446980326079374 0.23659884255654706 -0.48011063455122727 -0.5149225296722357 -0.11440025986791702 0.8495689312693224,-38.96381992686781 110.8513915141045 961.6965035956712,0.69
51,637,3,0.9078719615936279,0.14565543495337074 0.9653700990064826 0.21643721078584982 -0.8477666456279185 0.2345598921166847 -0.47568200677658223 -0.5099766747894765 -0.11420257858044736 0.8525734937330888,-38.49640032278666 110.3268165695242 960.0166547967815,0.69
51,649,3,0.8622291088104248,0.15923068694919562 0.9632583666117148 0.2162843209440262 -0.8408692227924998 0.2471191217483114 -0.48152994696766344 -0.5172857416303148 -0.1051924846121361 0.8493232615954309,-54.53812790946968 103.23827654895517 959.5071301588745,0.69
51,654,3,0.8738681674003601,0.15724361770260542 0.9629779266661271 0.21897022045384207 -0.8437788825451831 0.2462168072427341 -0.47687994422285856 -0.5131390085177693 -0.10977612028579625 0.8512564603880544,-51.920559908145435 103.26607910067113 955.0531422349989,0.69
51,669,3,0.9111486673355103,0.15553808552458748 0.9603656961774015 0.23131284779934136 -0.8519229194482439 0.2489416548739255 -0.46071183161213947 -0.5000352420281265 -0.12540248033562384 0.85687745603181,-48.76262257997827 112.7525886776928 946.9798107232831,0.69
51,672,3,0.9208924770355225,0.15640050960922347 0.9594670436656607 0.23443948625061617 -0.8524517014857478 0.25101328161515624 -0.4586048725066537 -0.4988636860185647 -0.12812230318046858 0.8571579190555862,-45.8222144937643 112.69542506667881 946.304139851567,0.69
51,675,3,0.9405598640441895,0.1549169605455789 0.9576168850367646 0.24283870537417165 -0.8500698935300779 0.2544533475198161 -0.4611232699069976 -0.5033705508361426 -0.13499405701157338 0.8534604227042251,-43.51715804217273 109.3063893906829 945.925846451376,0.69
51,681,3,0.9468919634819031,0.15617938610791138 0.9567861475092432 0.2452922079671041 -0.8525411538399967 0.2559863467314897 -0.45568033893973636 -0.4987800921890562 -0.13795382641118228 0.8556793566601861,-43.67146723457839 108.28639167539664 941.6277064294754,0.69
51,685,3,0.9405166506767273,0.15512705101195956 0.9568386173207175 0.24575487471891708 -0.85355207611719 0.25506501062036346 -0.4543024253878345 -0.49737757428373064 -0.13928998801425585 0.8562790712370707,-45.919906052549095 109.09802919488945 936.6013290636525,0.69
51,694,3,0.9195817708969116,0.15487573675272426 0.9574811316195688 0.24339964822860968 -0.8554087372788701 0.2532248845505789 -0.45183298909145087 -0.49425640952067584 -0.13822821867063195 0.8582561163259332,-50.194206248001755 108.30921928690148 935.1745673595706,0.69
51,698,3,0.8965597152709961,0.14996847669633973 0.9586054679255362 0.24204341110768463 -0.8556243709378182 0.24850114135863655 -0.4540419788970159 -0.4953951875570077 -0.1390062574372791 0.8574735380981958,-50.119760176139124 103.29464410786106 929.3766091227737,0.69
51,780,3,0.9267845749855042,0.15484750676080294 0.9488793375871799 0.275045909531623 -0.8632916515465395 0.2653290274814266 -0.4293344052668137 -0.48036420976173 -0.17096347526847672 0.8602451488407904,-60.4695623276368 100.64699180064093 903.5258989886574,0.69
51,946,3,0.9385805726051331,0.1500055394332951 0.920829734180063 0.3599596349442545 -0.8826822126554946 0.28874340646048513 -0.37080905691096006 -0.44538797648895595 -0.26210655443057856 0.8561131376889408,-54.960101232592294 80.97515790251772 839.6967709234758,0.69
51,1038,3,0.9223178029060364,0.13108093998573433 0.903760825276101 0.40747289218881455 -0.8940813521088024 0.28533930712969824 -0.3452535526508592 -0.4282946684045369 -0.3190577541809707 0.8454382452392624,-47.5700166463328 79.41548056331212 819.7088742082378,0.69
51,1045,3,0.9268622398376465,0.1234311229029017 0.9059599714409967 0.4049707249241073 -0.8945617099314982 0.27823241377561325 -0.34978003237610633 -0.4295626904461825 -0.31909756199511174 0.8447796404420581,-49.260680303220326 78.2645156776849 817.1817594454183,0.69
51,1057,3,0.9145547151565552,0.12759671935543437 0.9029122572162616 0.4104491844045568 -0.8917478885588326 0.2855920508982627 -0.35103117199842493 -0.43417137222598423 -0.32122676761496627 0.8416107076950996,-49.445956084046564 71.88291704636673 814.8441575168426,0.69
51,1063,3,0.9066911339759827,0.12433330286574462 0.9018212532527872 0.41383530175671024 -0.8931517826611031 0.28339813672192193 -0.3492354352465346 -0.4322280913219184 -0.32619614235014377 0.8406990863490313,-48.80535092081481 72.58732275101279 815.409425538628,0.69
51,1076,3,0.9319508671760559,0.10887955392058968 0.9018851362550953 0.4180292379011091 -0.9011866853099824 0.26703633786182823 -0.34140028189992844 -0.419532836567128 -0.33955087286513064 0.8418416738190545,-47.180214866390024 82.23013326275571 811.9629792238487,0.69
51,1080,3,0.9342135190963745,0.10696952560542106 0.8994662094774074 0.4236957146350383 -0.9004174449183145 0.2683648008574301 -0.3423868551032965 -0.421670422816831 -0.34487805333058885 0.8386019215649213,-48.16749875314028 79.24092918751515 810.979953013133,0.69
51,1091,3,0.8819456100463867,0.10661672138291589 0.9062763734075792 0.4090183488851865 -0.9001574552418568 0.2626974508300888 -0.34742856114585347 -0.4223143740083478 -0.3311392219755605 0.8437993749555388,-59.30305076709386 73.02166077440394 806.04110476647,0.69
51,1092,3,0.8841869235038757,0.10009676510651344 0.9048998027790673 0.4136870611290818 -0.8998517878901713 0.2597419418523539 -0.35042956991902213 -0.42455552928453766 -0.33718017523747384 0.8402750335341117,-58.67874573720832 72.27527092206836 808.843804501124,0.69
51,1110,3,0.9221675395965576,0.1090653225982805 0.9040348056735326 0.41331080984817137 -0.9003576475064281 0.26605070549482523 -0.34434449129091105 -0.42126103781767377 -0.3345715054162922 0.8429715569224459,-67.86734226044014 68.42261982342067 802.346211287716,0.69
51,1111,3,0.9208904504776001,0.11038089908431081 0.9020718391030634 0.41723189501110325 -0.8986722612440939 0.2698873298409864 -0.34575858060463205 -0.42450468076072667 -0.33678958755953203 0.8404573455706803,-67.80887214811347 68.88539537350663 805.6197726163355,0.69
51,1149,3,0.9138707518577576,0.12428034553094713 0.8980437744857602 0.42198551494343683 -0.8941927838467433 0.28570289863915777 -0.3446637767819453 -0.4300856438328532 -0.3345014690798119 0.8385315176857264,-76.36297592627125 61.483098019183274 809.3784649680542,0.69
51,1150,3,0.9139639139175415,0.12743880177378863 0.8996996979976666 0.4174922816356833 -0.8972143679513951 0.28400262637588325 -0.33815512143567955 -0.4228069651082391 -0.3314859901029124 0.8434164502909889,-75.84931492018181 61.71279063542143 803.0620883131689,0.69
51,1160,3,0.9201072454452515,0.13190036112841275 0.8946722041149261 0.42680667979582354 -0.897281854900663 0.2907550907213655 -0.332184813147194 -0.4212927338564244 -0.3391505925157006 0.8411238363023779,-77.89185778301058 60.18391259728064 805.0445309261172,0.69
51,1182,3,0.9202629327774048,0.11167391140136107 0.8852270380551851 0.45155512244726526 -0.901139568120506 0.2817535220298786 -0.32948813573685254 -0.4188990526128088 -0.37011895914665394 0.8291776286178304,-58.840681860287894 65.58451399492637 804.2163129267086,0.69
51,1220,3,0.8952672481536865,0.12066239319107708 0.8766436124544984 0.46576449372201933 -0.906716611588369 0.28832897652356426 -0.30778464478687145 -0.4041108426398735 -0.38517837171835206 0.8296577901889973,-59.07656354580681 75.5925539676243 803.3415202882336,0.69
51,1528,3,0.9272161722183228,0.0662594741212188 0.8468041455466419 0.5277617087040338 -0.8941280028400392 0.2851567337631541 -0.34528358160621053 -0.44288237335263475 -0.44900821403906577 0.7760456346755557,-78.7221163059744 64.03374186044391 801.1252606993268,0.69
51,1536,3,0.9353519678115845,0.054814201864733514 0.8448274200498178 0.5322236687764846 -0.8939161731233296 0.2790045704228218 -0.35081380404955337 -0.4448699570688879 -0.4565337665662262 0.7704983071249284,-77.86506972225112 65.66618347273679 796.7483481800248,0.69
51,1545,3,0.9198024868965149,0.045467581473316976 0.8424625103722179 0.5368329513473522 -0.8973531339525163 0.2705829909772389 -0.3486290263007503 -0.4389647503166572 -0.46587741264323235 0.768289128107565,-75.43123741211511 77.1913566031441 796.5059695606241,0.69
51,1566,3,0.8841127157211304,0.05410127398457587 0.8363008925406323 0.5455949681668516 -0.8904521848189966 0.28765722303436847 -0.3526304419462835 -0.4518494867810758 -0.4667484752753858 0.7602485791659075,-71.25002066202859 73.78445967579243 791.8307369134476,0.69
51,1571,3,0.8940665125846863,0.0598046850056011 0.8341384107809693 0.5483033022982627 -0.8886752056360199 0.29465567938851134 -0.351332334822562 -0.45462047747451806 -0.4662522303044716 0.7588999138206218,-69.10959384526441 75.30340704318482 793.7330948308108,0.69
51,1584,3,0.9104097485542297,0.06318289536305688 0.8304716178121787 0.5534661812089005 -0.8833927068531986 0.3045735097991821 -0.3561633089008274 -0.4643546567141538 -0.4664245588913924 0.7528764066238564,-68.11461137073252 68.76190050718661 789.4428338784228,0.69
51,1588,3,0.9037902355194092,0.06535121927276988 0.8309265895914939 0.5525307419948788 -0.8801411125207252 0.3089084859380833 -0.3604541154796557 -0.4701923438236126 -0.46274890602279123 0.7515201991858687,-68.65482199094954 62.43860597388551 786.2252525530756,0.69
51,1603,3,0.9521015286445618,0.07124210651162877 0.8269391435168504 0.5577599978300732 -0.8708949383813064 0.3241788584027884 -0.3693914916000165 -0.4862782830454243 -0.45943413095272156 0.7432722991973477,-61.17970008992725 49.55256733102084 776.8525783334403,0.69
51,1611,3,0.9245844483375549,0.08794078648237114 0.8284456355948163 0.5531222712355408 -0.8647908541459562 0.339073762855566 -0.3703589636129727 -0.49437151683563846 -0.4457654228480137 0.746250622200586,-65.54478553658107 45.49800256263346 772.2003592961632,0.69
51,1617,3,0.9109477996826172,0.09109623267454947 0.8284223202192816 0.5526463025796937 -0.8599591163326826 0.34528394287291597 -0.37583150084904343 -0.5021670983137148 -0.44101639216318805 0.7438633928447811,-66.4375527384158 44.81956718751051 773.0156072835156,0.69
51,1628,3,0.8838983774185181,0.09256825998638907 0.8222861257968725 0.5614950084952334 -0.8639315175650115 0.3466872774953256 -0.36528107613274374 -0.4950287367425335 -0.45127980117090216 0.7424911385695068,-56.17034183772209 55.90713382712095 770.2768148294208,0.69
51,1629,3,0.8867449760437012,0.08815833599704037 0.8231297995177271 0.560968306538025 -0.8630845329564738 0.34427894860925945 -0.36953632367577716 -0.49730593879978835 -0.4515853614660349 0.740781657807516,-55.27438317178272 57.21630292990844 770.625875155289,0.69
51,1645,3,0.9193992018699646,0.08270021723080112 0.8198245006815917 0.5666113854769925 -0.862181947410429 0.3440024189428841 -0.3718932983007422 -0.49980292479090055 -0.4577664511993242 0.7352869593069349,-47.78631435191041 56.03761011337355 768.1634359341435,0.69
51,1650,3,0.9035433530807495,0.08312096975323113 0.820681337584704 0.5653079218686609 -0.8608468759060994 0.34490760314962154 -0.3741408846040381 -0.5020294419951797 -0.4555446053129864 0.7351500200232903,-43.52153784440432 56.16798039417935 760.1594517327183,0.69
51,1673,3,0.9378604888916016,0.05733447708688022 0.8135961202041784 0.5785966737943473 -0.8611369521026375 0.3335322531616799 -0.3836657214611085 -0.505129594718577 -0.4762537026518549 0.719740580521791,-19.02390167547194 57.964971362804164 755.8711905340124,0.69
51,1674,3,0.9387151002883911,0.05996262217932713 0.8097939263855573 0.5836422540653153 -0.8590436748233349 0.33964512853941153 -0.38299497569219787 -0.508378253554772 -0.47840880369043104 0.7160143628895239,-18.403809060701864 58.30447256118871 756.3933608643657,0.69
51,1687,3,0.923882007598877,0.05638587289161956 0.81093882401675 0.582407809906925 -0.8566925129909019 0.33887174400919806 -0.3889008604998171 -0.512736356740561 -0.4770158957671068 0.7138327981130601,-18.999830750059935 54.61403721603308 748.7875777781753,0.69
51,1693,3,0.9339556097984314,0.06571371638975454 0.8079693048822187 0.5855487254246153 -0.8546713046267138 0.34843713488918593 -0.3848746862004393 -0.5149938529010986 -0.4751601471065938 0.7134452789637913,-18.301207836687773 57.088934554778945 746.1070115572354,0.69
51,1698,3,0.9417029023170471,0.06536419213511357 0.8100652092077414 0.5826850600605289 -0.8580437541631116 0.34372113534373927 -0.3815975590326601 -0.5094000768827951 -0.4750264602621932 0.7175384475570444,-17.952158611300277 59.35187133421721 742.3094643642821,0.69
51,1699,3,0.941216230392456,0.06515810828324209 0.8068087457808713 0.5872087096224364 -0.854983654025804 0.3485722650219264 -0.3840577136397189 -0.5145457922028259 -0.4770293741364167 0.7125205989565389,-17.814373052022763 60.267893873786555 744.8150753295374,0.69
51,1700,3,0.9385057091712952,0.06633978230842952 0.8095294883356629 0.5833189871744876 -0.8577352179051704 0.34495413277873466 -0.3811783601465868 -0.5097934182082388 -0.4750459491395237 0.7172461341531853,-17.996298921167732 61.176085311227446 743.3907950225275,0.69
51,1708,3,0.919813871383667,0.05975549761717458 0.8084469107451542 0.5855278584415439 -0.8548429078106903 0.3443275789270067 -0.38817795063093125 -0.5154346548984533 -0.47733857051036915 0.7116705738140574,-14.822129346960386 57.632307520091956 738.9740707013199,0.69
51,1709,3,0.9235720634460449,0.06108098110021931 0.8084998011457188 0.5853180206478933 -0.852249210786069 0.3474904825104862 -0.3910519751633432 -0.5195578855742228 -0.47495098285187554 0.7102683770418617,-14.844363024588027 57.603967377748276 737.6815601875952,0.69
51,1715,3,0.9326460957527161,0.06250932826797984 0.8075002195393511 0.5865458032612507 -0.8526329903798936 0.34867533613808177 -0.3891561302161847 -0.5187577156971512 -0.47578241393823667 0.7102967879638609,-16.431624587408034 59.53755691174274 736.1947006386986,0.69
51,1717,3,0.9322138428688049,0.06389299656859326 0.8094864645590472 0.5836517357852887 -0.8526948998955071 0.3481390530301969 -0.38950045885393925 -0.518487311977523 -0.4727905069382554 0.712488627184596,-17.883281521176805 60.90621860623427 737.500138345679,0.69
51,1729,3,0.9337610602378845,0.06409608453537408 0.8128862875392421 0.5788847687389116 -0.8572423528496026 0.3418260823231727 -0.3850850268764928 -0.5109082504991596 -0.47156209874655997 0.7187502671983002,-16.92881779240303 70.00273682600223 731.031559403815,0.69
