scene_id,im_id,obj_id,score,R,t,time
52,1,11,0.9002651572227478,0.6650637602462128 0.7238940171088941 0.18348745679505205 0.5459235875013433 -0.3036239510234129 -0.7808840714053501 -0.5095661207506158 0.6195078275202669 -0.5971201053592892,17.827922322448735 -13.401009216963832 975.1589876627138,0.69
52,21,11,0.9125653505325317,0.6522710140443344 0.7337872580976841 0.1899968002126839 0.551156861822145 -0.2870693251602152 -0.7834649425586471 -0.5203543387961138 0.6157495127123869 -0.5916788822414722,8.497022568898656 -8.54285740854531 968.5527924151711,0.69
52,34,11,0.8917359709739685,0.6316115883073592 0.7564474798473876 0.169864686584326 0.5480858543781187 -0.2807053223416942 -0.7879126970925482 -0.5483326524532921 0.5907552219334012 -0.591894897774897,18.37980324993288 -10.496049797845437 969.2322932362914,0.69
52,39,11,0.9175521731376648,0.6277475484469073 0.7611058863697355 0.1632508657013404 0.550696733692301 -0.2860061268692742 -0.784177022676556 -0.550151000107724 0.5821669220477715 -0.5986781706007789,25.862942810105686 -9.115520407105521 973.2842448900824,0.69
52,48,11,0.8845275640487671,0.6121670016889753 0.775293269180035 0.1554731771311822 0.5311553728650963 -0.2575278677237678 -0.8071885574152983 -0.5857691797283899 0.5767146123602066 -0.5694512481069349,30.843415320714684 19.86704009062427 968.9878044365778,0.69
52,52,11,0.9103929400444031,0.588781606175026 0.7881924188267053 0.17913383581575107 0.546353585558407 -0.2247567341964123 -0.8068346608697697 -0.5956794270221437 0.572919821037352 -0.5629643850947412,22.41750453923406 13.704630278012187 967.310234024445,0.69
52,57,11,0.8790094256401062,0.5721051384526968 0.7995446597735526 0.18282244824860708 0.5612386875725422 -0.2190890756674293 -0.7981297591839573 -0.5980859855638408 0.5592211672950027 -0.5740773814751314,30.59995276580939 -2.5071350301356663 958.7453171986512,0.69
52,61,11,0.8797340393066406,0.5638761510848358 0.8078030814060024 0.1717494335033424 0.5616874267488701 -0.22266329359836234 -0.7968238778526673 -0.6054344893297575 0.5457794786861239 -0.5792873550968629,33.74545911571187 -6.328425256320976 959.1395486031969,0.69
52,65,11,0.8863152861595154,0.5564342452968475 0.8153730366778479 0.1598366094475011 0.5524416022576298 -0.21936179167517778 -0.8041695595134644 -0.620636130720691 0.5357678745611774 -0.5725063998177213,27.71753431518231 -5.696730965654812 954.302504926686,0.69
52,71,11,0.8754156231880188,0.5492714662909122 0.8210720338843456 0.15537558203159052 0.5553675124249968 -0.21974829636829285 -0.802045891695796 -0.6243939321145767 0.5268314734488224 -0.5766982019412239,26.510907025146096 -14.174852349740803 952.6176016498055,0.69
52,80,11,0.8611944317817688,0.5484042353154437 0.8209162857011226 0.15921446717794321 0.5437787704956808 -0.20545226042188358 -0.8136915984854118 -0.6352617125612792 0.5328093660571402 -0.55906773828893,7.786125626382194 -3.391984396056138 953.9235879925959,0.69
52,81,11,0.8772871494293213,0.551276669157542 0.8185978209917922 0.16121923430551227 0.5399893949166868 -0.202769262602837 -0.8168819250791465 -0.636007458619847 0.5373846235341978 -0.5538161057326991,6.097919837267467 -3.3538425106680254 952.1325487829516,0.69
52,84,11,0.9112105965614319,0.5417219231000238 0.8245692116398438 0.16316547811488355 0.5442178264889364 -0.1961281391860128 -0.8156964572382854 -0.6405968430803183 0.5306782153387104 -0.5549921768822075,4.145161678778019 -10.404356871099704 951.652313187657,0.69
52,88,11,0.8852078318595886,0.5320924511879008 0.8317179131934537 0.15850216484949967 0.5445474924306172 -0.19281748150750788 -0.816265549507407 -0.64834069120824 0.5206406934712545 -0.5555066304063287,2.7965530045285787 -14.125097733507697 951.8830964219901,0.69
52,92,11,0.8524030447006226,0.5366006591854198 0.82868482005157 0.15918920056922875 0.5307727746941973 -0.18480419640737145 -0.8271201065345037 -0.6560030443566525 0.5283264880794101 -0.5390093948981607,-9.720331197834753 -5.1008293018490924 944.7860871759998,0.69
52,97,11,0.8899827003479004,0.5551097650998098 0.8185547355278604 0.1477203223518983 0.5113612316928273 -0.19577668276820637 -0.8367682960090398 -0.656020456550273 0.5400366982244745 -0.5272547061510022,-23.443379688570033 3.7364143299460384 945.660115872014,0.69
52,98,11,0.8721988797187805,0.5484543546475684 0.8244079597111424 0.13981894304074316 0.503412961841037 -0.19202916568431716 -0.8424370536586221 -0.6676624976127938 0.5324249388331623 -0.5203368849024157,-25.672455553735386 5.892642414589584 940.2201634140196,0.69
52,114,11,0.7995960116386414,0.5801463340259267 0.7993945862358032 0.15620027725060842 0.4889057233037182 -0.18838361483607002 -0.85175278536801 -0.6514609925675874 0.5705084654570731 -0.50011865192639,-55.8345579673846 12.354788858849602 942.6502894044734,0.69
52,116,11,0.8362171649932861,0.5856398774445866 0.7957276421130812 0.15441325566105338 0.4806186984397489 -0.1874900381959792 -0.8566522936917593 -0.65271096256825 0.5759036422479256 -0.49224322665609344,-62.50611396275273 12.524736147331032 945.2631646728596,0.69
52,121,11,0.8493618369102478,0.6177046707283751 0.7732532908118976 0.14324904191274934 0.4721908023843171 -0.2190238133042799 -0.8538526894900004 -0.6288694506048172 0.5950696744535239 -0.500415124313577,-69.48447743145795 4.294807579453549 943.6371804472369,0.69
52,127,11,0.8419076800346375,0.6511779570506437 0.7471102244754805 0.13339258126128006 0.45798660779933986 -0.2466941467723549 -0.854043479586791 -0.6051574467258943 0.6172263040672012 -0.5028082678713024,-85.7948225176953 -10.102319529599843 951.5612459194713,0.69
52,132,11,0.8354082107543945,0.6786413182431168 0.7237582202644705 0.12497999749100255 0.43618603672940004 -0.26024693236931595 -0.8614019245129763 -0.5909210628633432 0.6390974673646947 -0.4923075508993233,-96.60960838430188 -11.763040281252913 961.7373395450641,0.69
52,136,11,0.8997277617454529,0.7017363559996759 0.7021420876797355 0.1206754961748189 0.42774144515844936 -0.2797715603830686 -0.8595144734642834 -0.5697397149243305 0.6547704656668365 -0.4966611465862587,-106.90122250468609 -13.055889810669044 959.9107149563825,0.69
52,143,11,0.8237643837928772,0.7085842594812669 0.6945410663125611 0.12458352387372632 0.4300152503882286 -0.28504966764633033 -0.8566408648951239 -0.5594597676767596 0.6605750481059117 -0.5006449581998593,-116.2895533366596 -22.919376419125285 960.6364829855771,0.69
52,150,11,0.8760852217674255,0.7105149644849753 0.6938443527992942 0.11725399494875471 0.4262618657095222 -0.29180556162455473 -0.8562419845153677 -0.5598832977369046 0.6583536498672324 -0.5030916065904318,-96.959690512013 -33.26663459312257 969.1378403906778,0.69
52,156,11,0.8717387318611145,0.716043476566272 0.688928626161616 0.11251261139070287 0.4253041623769226 -0.30274965769939133 -0.8529120788380045 -0.5535323921251142 0.658574212080894 -0.5097861297154711,-93.65667068584938 -41.56674367978947 968.7762655091293,0.69
52,164,11,0.9153671264648438,0.7187893906975327 0.686718964194017 0.10843835131984572 0.41940773243604657 -0.3039180371150054 -0.855412754574665 -0.55447178989875 0.6603414956917815 -0.5064683043133282,-90.24457379512866 -51.28575180477327 972.1706983169638,0.69
52,165,11,0.9109036922454834,0.719435853262692 0.6863513514035708 0.10646067568202969 0.42198066768722103 -0.3101838876878362 -0.8518909976734741 -0.5516741512327993 0.6578052738047573 -0.5127844114403426,-89.29448852686158 -52.29058200786095 971.2072860229503,0.69
52,167,11,0.9030579924583435,0.7184738175574814 0.6876452201379636 0.10459170476567631 0.4195917103743717 -0.30856032141758827 -0.8536587870055481 -0.5547415344730267 0.6572172998849666 -0.5102227461241076,-87.16152658418645 -53.726337089689366 971.4411217300263,0.69
52,169,11,0.8879235982894897,0.71356225753776 0.6927315878178943 0.10465109582280707 0.42246612825816227 -0.30629857694019935 -0.853055421551828 -0.5588839549425028 0.6529196956775831 -0.5112187358696068,-85.42022598767629 -55.34597270177471 970.7958984631096,0.69
52,170,11,0.8336017727851868,0.7103331555192165 0.696322786733147 0.10276859854204992 0.4244743847985593 -0.3073159334592508 -0.8516915014792354 -0.5614697719557102 0.6486073494173916 -0.5138678832752142,-83.51948125339618 -57.08111097230207 971.5214756845436,0.69
52,171,11,0.8922567367553711,0.7121015072508163 0.6945622333339089 0.10244387437679325 0.4208243855160393 -0.30546689575821184 -0.8541643941015626 -0.5619771169061633 0.6513626329641995 -0.5098121619300406,-83.51433600496104 -58.12990962343926 972.6577625915456,0.69
52,173,11,0.8844682574272156,0.7266345817772031 0.6796545211168692 0.1003589382709307 0.41333208010169575 -0.31578977979776846 -0.8540687364223575 -0.5487793510367119 0.6620774478115655 -0.510386791536624,-82.55982895691255 -58.10314733069637 969.0661483467513,0.69
52,175,11,0.8366682529449463,0.7270195302206027 0.6796940677162624 0.09725521574257665 0.41019772841955504 -0.31636739276430137 -0.8553651246075885 -0.5506182218899508 0.6617610196338549 -0.5088142358620775,-82.30042554686324 -57.26169314847049 972.9297216806472,0.69
52,259,11,0.8852910995483398,0.7961037676045433 0.6000168388024486 0.07873108889992397 0.3301709867517917 -0.3216268673744771 -0.8874363513459592 -0.5071547206851176 0.7324861441258782 -0.4541565126147633,-92.00111100974362 -29.858141519117424 930.1806215402448,0.69
52,388,11,0.9233494997024536,0.7831748384188639 0.6089871893480557 0.1255857303898086 0.32966622080362007 -0.23541776595842356 -0.9142749358547482 -0.5272166113929314 0.7574384982829301 -0.3851357760456102,-26.810719135517317 0.6592089096938443 880.2370613159098,0.69
52,516,11,0.9364641904830933,0.8874432733979072 0.4426039127567067 0.12863208352996874 0.2918503873559029 -0.32359384149077086 -0.9000613185497173 -0.3567461112626411 0.8362946861972158 -0.41634530132725645,-87.0142709319119 -57.15288228353014 858.4265979216141,0.69
52,520,11,0.9149830341339111,0.8847083370537394 0.4499775493518348 0.12170194504166339 0.28909539854608285 -0.3248440057968811 -0.9004999846959009 -0.36567062896422037 0.8318633162828813 -0.4174786391370924,-82.03271755402332 -58.82892561163182 857.9989477880964,0.69
52,524,11,0.8696728944778442,0.8826021682246047 0.45395805448394855 0.12221087273387347 0.29191621459610395 -0.3254314185063989 -0.8993771820014084 -0.36850825811792604 0.8294675862371365 -0.4197441924325227,-68.82814883743221 -60.60117316082366 855.1177815519313,0.69
52,526,11,0.9336806535720825,0.8766674483501333 0.46477077782405435 0.12426708769456951 0.29590381377481173 -0.3172419058558633 -0.9009986160713354 -0.3793350998744881 0.8266472628937712 -0.41564309780561626,-58.97049118493062 -57.90136602907401 856.0128656327383,0.69
52,527,11,0.9370172023773193,0.8756641973221532 0.46502783297598915 0.13023566364788397 0.3006989249086788 -0.3140220694017464 -0.9005388922680739 -0.3778787769734019 0.8277313902989909 -0.4148112527726142,-57.930003369972624 -56.270328362682015 858.5235961614505,0.69
52,532,11,0.9106804728507996,0.8811510509951511 0.4551785684766503 0.12800506290646482 0.2938308409188507 -0.3150203293421179 -0.9024553335351866 -0.3704541297584112 0.8328113008963862 -0.4113259958283786,-57.45666519944192 -47.71036946621982 855.8166209248778,0.69
52,537,11,0.8881757855415344,0.8849687413695805 0.4463596707673387 0.13264000569667397 0.29323156744131357 -0.3129237680702346 -0.9033791912771939 -0.3617258280170923 0.8383565826599083 -0.4078144990754373,-64.56269639146213 -47.33841093918576 866.3571558621511,0.69
52,539,11,0.8653590679168701,0.8905289027691319 0.43101516371894305 0.14554793704185215 0.29692916615819903 -0.3083038322945477 -0.9037598227831842 -0.3446612012069285 0.8480416709318173 -0.40253444665738725,-69.13281650781062 -47.95244057204842 867.8843308408013,0.69
52,543,11,0.8706713318824768,0.8928325106389603 0.4305957117897229 0.13205090281566742 0.2872159280992136 -0.31850281361792 -0.903362036153599 -0.3469252348737958 0.8444781173634819 -0.40804361372528697,-79.95791780010465 -51.32208983837748 874.3529869664985,0.69
52,544,11,0.8550118803977966,0.8973412317532303 0.42068192633045975 0.13343699132732656 0.2844721640409634 -0.3201693450555414 -0.9036410672233512 -0.3374230307513798 0.8488334980110055 -0.4069734524179114,-82.16456267899505 -51.79075892384403 881.5295099263195,0.69
52,550,11,0.8987314701080322,0.904823585469487 0.4052478574183035 0.1306462905558982 0.2739431224004426 -0.3191689096846231 -0.9072410775423615 -0.32595926872484837 0.8566827774319986 -0.39980642063848704,-89.70867136645128 -40.822927598299756 890.3504934421119,0.69
52,556,11,0.9022128582000732,0.9080639732399102 0.4008131243717506 0.12152637505950391 0.26617272502321637 -0.32823309807740864 -0.9063195428656614 -0.32337578907126435 0.8553431315313531 -0.4047421727281151,-89.32852852936203 -39.199939277526305 896.2963944790839,0.69
52,561,11,0.8971996903419495,0.9117959417583512 0.3913688017244936 0.12433270539055846 0.26475340047098317 -0.32882228638346067 -0.9065216715096255 -0.31390093585724244 0.859480287740381 -0.40343504737895564,-92.97099823984611 -40.382524971814725 908.813137590279,0.69
52,567,11,0.9069088697433472,0.9139748095072581 0.3870964653997268 0.1216814450161132 0.26044159348740054 -0.3296747749878923 -0.9074605881901576 -0.3111594831720783 0.8610870276642897 -0.4021304599509523,-91.28430866573949 -37.90687363785135 914.9546358699776,0.69
52,574,11,0.8939399123191833,0.9154678925614784 0.3862481607189092 0.11283127239513469 0.25128574274215765 -0.32975282301042497 -0.9100101929160891 -0.3142833326531453 0.8614380036067106 -0.3989367778965953,-84.70834289435277 -34.49850817157821 922.550606249329,0.69
52,575,11,0.8806283473968506,0.9138523259273866 0.3882617843191606 0.11885585065282692 0.2547752043626915 -0.32036071231126617 -0.9123916972711705 -0.3161700834029909 0.8640727983478707 -0.3916818575275425,-84.36909975270014 -34.05732908563914 928.6083962112147,0.69
52,582,11,0.7810896635055542,0.9160264152565405 0.3843818900359237 0.11465674495930507 0.24952892323489284 -0.32226815209895854 -0.913169510338556 -0.3140556049833963 0.865097567188311 -0.3911205392502157,-79.37007819053434 -25.00630873486599 933.4250706575796,0.69
52,587,11,0.8759992718696594,0.9196347591841487 0.375962211708493 0.11368520162084039 0.24630601081074985 -0.32655218831972177 -0.9125223379962248 -0.3059497650576114 0.8671886090527596 -0.39291049564796965,-73.43340702857354 -33.13237053677441 937.5329085086097,0.69
52,589,11,0.8723036646842957,0.9132619616339752 0.39162687336606894 0.11216497443489483 0.25229702489898065 -0.3275693349186688 -0.9105188312429701 -0.31984183694380375 0.8598411032734236 -0.39796290839970916,-69.44846537388106 -33.339167734404626 935.3473767478243,0.69
52,593,11,0.8224783539772034,0.9158344596250745 0.3841106787847103 0.11707360508157615 0.25251859659897746 -0.3242143711365235 -0.9116575014336423 -0.31222043644664044 0.8644906176426079 -0.3939217829378969,-69.85431189422629 -30.061575038026604 942.072994442395,0.69
52,594,11,0.7947788834571838,0.9165288406341205 0.38398511718217726 0.1119388854172873 0.2484097297273326 -0.3271356255541742 -0.9117427754965064 -0.3134764591842082 0.8634452572548355 -0.3952148747978279,-72.17735538650072 -28.828387141253284 939.5958157915418,0.69
52,604,11,0.7858479619026184,0.9210455061060815 0.3741824804826448 0.10799373584448022 0.24095827424555483 -0.3296609969649822 -0.9128322612356873 -0.30596451714928674 0.8667820362581987 -0.3937951445430665,-80.2381995391619 -27.542379899448555 947.8276862926839,0.69
52,608,11,0.8832950592041016,0.9273549417047171 0.35867922947060993 0.10659278794651292 0.22762163247875478 -0.3146534982978644 -0.9215104820004071 -0.29698687601230367 0.8788301237186203 -0.37343862831952346,-90.56639977017953 -11.522244853281219 967.2400880748891,0.69
52,622,11,0.9232025146484375,0.9311456654570781 0.35194898573005895 0.09539214403753538 0.21378038622951978 -0.314960828906405 -0.9247148872588499 -0.29540767790301675 0.881437228450315 -0.36851420072742713,-84.2104744745005 -3.6160956081315057 971.2698698364354,0.69
52,625,11,0.8898613452911377,0.9290291563395691 0.35775114586268825 0.09444016256297993 0.21218211318084496 -0.30600909532009646 -0.9280825310431653 -0.3031230402280559 0.8822542440902794 -0.360199765779478,-80.42324160491023 1.8281911104698465 976.2613925699344,0.69
52,632,11,0.8934149146080017,0.9296012376489733 0.355627703887675 0.09680121481199047 0.2160603003062878 -0.31303646481176317 -0.924838428229337 -0.29859585662405586 0.8806458470496151 -0.36783611361748103,-72.90891741043107 8.516520848381937 975.8721708321546,0.69
52,638,11,0.8293392658233643,0.9347364466180033 0.340854544983301 0.10042885306611632 0.21021376871751246 -0.3025627186651523 -0.92965906262217 -0.2864924899635746 0.8900977364526766 -0.35446871900957944,-72.06922871399252 23.378197022755565 970.9819965795009,0.69
52,643,11,0.9166186451911926,0.9435516346826784 0.31681155673978806 0.0966475566362516 0.20100874223446738 -0.31577453926558463 -0.9272981860744285 -0.26325994422426446 0.894380723108297 -0.3616314752608205,-85.19345704679922 18.083980735611966 960.5093587808783,0.69
52,650,11,0.8822361826896667,0.9504502633204571 0.2974433040289769 0.09039788627174464 0.18816776414771394 -0.31896330731172484 -0.9289000490496362 -0.2474614909227776 0.8998832643610457 -0.359128000903834,-105.55568209567319 18.350673177333846 945.298480820815,0.69
52,653,11,0.8810948729515076,0.9526014491903261 0.29263953410829796 0.08314193934091861 0.1827141206321803 -0.3318351519112186 -0.9254733826954009 -0.2432406814702256 0.8967984918770422 -0.3695760217397275,-108.24877559679689 15.741135297760442 933.870397078446,0.69
52,656,11,0.7987512946128845,0.9473145111684181 0.3055030667644089 0.09624496416583148 0.20193395608086068 -0.33638621482488107 -0.919818999508774 -0.24863204602640046 0.8907930122499446 -0.38035498552719904,-100.00885324117257 5.190703403472849 924.7128959401058,0.69
52,662,11,0.8827089071273804,0.9313393058200746 0.3471463542687407 0.10998411772844029 0.2284921201217353 -0.32191676042119033 -0.9187823193783174 -0.28354620166183836 0.8808285917690503 -0.37913393866191436,-66.36410229490359 2.3687430165643644 919.3935880282581,0.69
52,666,11,0.9074215888977051,0.9243366391070909 0.36727181594585656 0.10350454490523865 0.23530036563215573 -0.33508149202540083 -0.9123344406715147 -0.30039226943711705 0.867658807892748 -0.39614729274419425,-50.75512469577189 0.04248388258332092 908.2262181322297,0.69
52,669,11,0.9078326225280762,0.9135115220520754 0.3930132939380504 0.10505831650118944 0.2448555799906594 -0.32494893041787876 -0.91348450318969 -0.32487296598137916 0.8602027338995387 -0.39307609004647115,-32.15618155939715 -1.514683430052437 899.5622976909682,0.69
52,678,11,0.8641229867935181,0.8958613701463342 0.42828001779181557 0.11835806622184704 0.2736957031527557 -0.32204547932861094 -0.9062987207977977 -0.3500329520991582 0.8443121079341738 -0.4057265049765679,-13.888700801898015 -4.932974138894009 889.8672165207128,0.69
52,688,11,0.8949782848358154,0.9096885611406174 0.39213509406063396 0.13673620492017097 0.2755784797065277 -0.32367472517676754 -0.9051470454044377 -0.3106818682391235 0.861083468827385 -0.4025071880844442,-48.527082453257265 0.1644307062907262 885.7964214098706,0.69
52,742,11,0.9041998982429504,0.9586571921854947 0.23448245393725076 0.1612276857943093 0.23614085595500484 -0.3393649541203345 -0.910532220222734 -0.15878880319424638 0.9109607053602635 -0.3807055414223317,-127.45289780092244 -49.76824015155039 909.3252126655354,0.69
52,820,11,0.8471611738204956,0.9667552825222897 0.19464391836451722 0.16582511498248653 0.22451121328905044 -0.3357365506881469 -0.9148090968281327 -0.12238847504044746 0.9216261246165566 -0.3682748261849311,-81.10287512396692 -46.06308187818887 913.5348040516935,0.69
52,886,11,0.9313024878501892,0.9774644493634865 0.13987159853731843 0.15811130937776469 0.19349973530908796 -0.29424940858801385 -0.9359354347287622 -0.08438662610774826 0.9454381108608957 -0.31468345343524473,-53.236709983622625 -28.15965670385122 862.3409914577909,0.69
56,1,11,0.9501522779464722,-0.8264069961489158 -0.5624906075519338 0.025608458211751145 -0.21297547058201344 0.27015371990353443 -0.9389666748892918 0.521241715182598 -0.7814226027177225 -0.3430536260052717,34.95487041840755 7.1242153955090775 727.0831702480798,0.69
56,24,11,0.9048517942428589,-0.8318736959064776 -0.554192701488984 0.02926779245585237 -0.20868708689014265 0.26351217038712405 -0.9418126330768627 0.5142332679088384 -0.7895769662763782 -0.3348617035457888,41.74776659449945 11.717488546910946 729.3259279247063,0.69
56,32,11,0.9125739932060242,-0.8285695362150878 -0.5587707229482284 0.03532425274834819 -0.21241530430592953 0.25534995798380355 -0.9432264507817247 0.5180272793520958 -0.7890321147669366 -0.33026664941147454,50.7295623368328 14.197574184675581 730.0233050211989,0.69
56,39,11,0.9307723641395569,-0.8301345247827365 -0.5558911648873709 0.04314723124259903 -0.22318115758715143 0.260374060630872 -0.9393591003703803 0.5109470047488287 -0.7894240694017083 -0.3402099307595938,54.69132441083489 15.63498351857209 734.149151144429,0.69
56,46,11,0.9289833307266235,-0.833186692099863 -0.5505983202377437 0.051394803813848255 -0.22537473835818567 0.25322932932671305 -0.9407875073993716 0.5049813495740889 -0.7954347217214738 -0.3350782596084292,56.0910026235754 17.179974120508348 738.3470847200259,0.69
56,53,11,0.9405299425125122,-0.8377594568872677 -0.5438186628163005 0.04919709715665663 -0.22188656435071977 0.25672033407712413 -0.9406705175734827 0.498924287799847 -0.7989717967763449 -0.3357359423704811,58.59681672615402 13.701983978034697 739.9730808694815,0.69
56,62,11,0.934597909450531,-0.8302112099617447 -0.5550271104866722 0.05190619884629302 -0.23047869007125368 0.25697914409589084 -0.9385314554786015 0.5075715912823476 -0.791142607956719 -0.34126888753378415,60.231831765410604 14.228964826084901 738.4544044224705,0.69
56,75,11,0.9314373731613159,-0.8409091928520995 -0.5386569279987977 0.052157868972272564 -0.2239180772902315 0.2585746489197598 -0.939680714710411 0.4926788244277164 -0.8018652410816428 -0.3380528229516837,53.23227401050035 13.10660232373921 740.7014644740142,0.69
56,85,11,0.9367207884788513,-0.8401787140648809 -0.5390669712368279 0.05921595185283571 -0.2321890837674713 0.25889255345653805 -0.9375835296889425 0.49008974465041255 -0.8014870219075958 -0.3426814787848729,56.884636401417104 13.605655362606505 744.0178337035314,0.69
56,98,11,0.9455580711364746,-0.8589092933826596 -0.5086038442512001 0.05997462258157271 -0.2279481969968897 0.2748015861012776 -0.9340897750013591 0.458600529030188 -0.815969495685423 -0.35196496542143074,60.68286156077599 5.740181922400435 745.6446963910156,0.69
56,104,11,0.9125989079475403,-0.8510315534592892 -0.5217298170255996 0.059525566298049615 -0.2270759798731851 0.2634300748363013 -0.9375719145944877 0.47347839906515476 -0.8114201092517827 -0.34265961524598,70.32893867317001 4.7630389460280576 747.430629827593,0.69
56,107,11,0.9260355234146118,-0.8446750568044261 -0.531883711732452 0.060197720938168386 -0.23432654454021737 0.26631142940587815 -0.9349702097348555 0.4812640844030242 -0.8038519389548725 -0.34958109402856885,73.69370315729445 2.4424061850330787 749.6047806778402,0.69
56,116,11,0.942035973072052,-0.8387732794077167 -0.5418042268008036 0.05392184689351917 -0.23356505778952713 0.26857952987812017 -0.9345118511341753 0.4918401666511182 -0.7964378293069908 -0.3518238686009936,80.22974391450899 -1.1435189527808753 749.5989743136204,0.69
56,119,11,0.9486555457115173,-0.8434482963921428 -0.5342857766652228 0.055979283368337934 -0.23769409330834593 0.2777118504305123 -0.9307940943822025 0.48176393526240247 -0.7983826382028237 -0.36123216038551087,83.29476860363978 -1.3306534392561673 744.3050864638898,0.69
56,128,11,0.9454813599586487,-0.8422507005246431 -0.5359759052933644 0.057823752997419986 -0.24072722290665566 0.27796034934332925 -0.9299400240577795 0.48235273567939624 -0.7971623881856775 -0.3631362901786459,87.215935645481 -1.685961334351548 749.459629646909,0.69
56,132,11,0.9415730237960815,-0.8414484900851864 -0.5364054727283096 0.06506617677779722 -0.2467084092521227 0.27426140474392846 -0.9294706249646487 0.4807279889268441 -0.7981540269240055 -0.3631125858013553,87.0565739444459 -4.043051704567162 750.2054633790372,0.69
56,140,11,0.9362931847572327,-0.8345947621306458 -0.5466091362432124 0.0683376557948906 -0.24722678464155193 0.26081102356695784 -0.933196938990777 0.4922707588105263 -0.7957361762301658 -0.35280793338402106,93.2606612029732 -0.23814391852425576 748.0424504011255,0.69
56,143,11,0.9162185192108154,-0.8384787297467677 -0.540677742159952 0.0679779294702636 -0.2485416350099869 0.26842383645875545 -0.930685607327913 0.48495409620788865 -0.79725543156104 -0.3594486074776344,96.09280014613142 1.844584220056085 748.3790456831987,0.69
56,254,11,0.9415141344070435,-0.8986275742677015 -0.4379187251534453 0.026375612328969456 -0.16877434801048563 0.28958657754710937 -0.9421543576071744 0.40494901187604143 -0.8510974117364788 -0.33413993104100026,81.65447410435219 6.159193751978775 759.3300860915263,0.69
56,357,11,0.9518699049949646,-0.9472933822181087 -0.319068362261558 0.02882062125463647 -0.14274004262121237 0.33981795588466146 -0.9295961688232501 0.2868109625489766 -0.8847141555678293 -0.3674511323967202,61.123865972533544 6.744457765650069 725.0658185000864,0.69
56,498,11,0.9396936297416687,-0.9860227870264888 -0.16637414438169923 0.008871727327475792 -0.06787435649376186 0.35249003352707875 -0.9333508707847423 0.15215825707162037 -0.9209073896681123 -0.3588557432445387,59.48908368370615 -0.8836409451384531 742.6147019882255,0.69
56,515,11,0.9216446280479431,-0.9884415839022083 -0.1509778698295498 0.01374474570976017 -0.06736262513151942 0.3561718360067311 -0.9319892166602493 0.13581425532058425 -0.9221427796482093 -0.3622253193723344,63.85119314012644 -5.9546936009704865 736.9481242012153,0.69
56,517,11,0.9204339981079102,-0.9897215902064238 -0.14261660841040094 0.010567728459001668 -0.060765939708126465 0.35250341797084916 -0.9338355534516007 0.12945529904433103 -0.9248793669038051 -0.3575464756153528,63.84122863679281 -5.683442607239655 735.1277587294637,0.69
56,522,11,0.92717045545578,-0.9890847828400493 -0.14633239775044427 0.01726620174963881 -0.06776101270821248 0.3476646409784806 -0.9351672270615892 0.13084241480120626 -0.9261296490135225 -0.35378543738695534,59.14849532543283 -6.767759192803614 738.0599080582674,0.69
56,527,11,0.8719664812088013,-0.988410332001211 -0.15081401779725429 0.01732476923672048 -0.06905775949650118 0.34506622416448174 -0.9360343619729946 0.1351889102204007 -0.9263824442295511 -0.3514818993585638,71.7819063686859 -4.253940054203429 735.9829680423595,0.69
56,535,11,0.946864902973175,-0.9871285796560332 -0.1587241048276908 0.019591471943436065 -0.0736310367298122 0.3423045122714634 -0.9366995736673998 0.14197055207455972 -0.9260854601089705 -0.3495855874008551,83.61357287099612 6.17273710952109 741.4506081278807,0.69
56,538,11,0.9434681534767151,-0.9871706313159874 -0.15848983840382477 0.019367906183295 -0.07323056145522114 0.34162267014225556 -0.9369798482965517 0.14188526891875874 -0.9263773110172795 -0.3488461668074434,83.28952954058174 9.182130044173444 744.4144942702559,0.69
56,551,11,0.9451232552528381,-0.9871773370875057 -0.15799231234385178 0.022788909167940914 -0.07474227670525097 0.3313445614943087 -0.9405447217655629 0.14104785433936096 -0.9301877287990781 -0.3389045470008858,85.36411386855806 9.04530500214809 753.33531233381,0.69
56,553,11,0.9484497904777527,-0.9874339688982472 -0.15657712486500378 0.02139535077686442 -0.07418207341630673 0.3397019295277952 -0.9376031244928479 0.13953915955570945 -0.9274083259514668 -0.3470484402880736,87.49618014882549 6.747197790075811 750.6804364895298,0.69
56,559,11,0.9141262769699097,-0.9874112101895067 -0.15666819725008094 0.021775627717787793 -0.07573741950077281 0.34743216990908254 -0.9346414984365022 0.13886304504603778 -0.9245247229158754 -0.3549240643262528,96.02717378685581 0.8637702895676806 755.1994786478789,0.69
56,563,11,0.8691925406455994,-0.9877870793717598 -0.15454103366549918 0.019843254264567928 -0.07133955634987976 0.33536646876755105 -0.9393827757236055 0.13851842305632697 -0.929325777399929 -0.3422955534826686,99.85131205990211 -2.044931410772139 758.138263778407,0.69
56,567,11,0.9008941650390625,-0.9849024587115975 -0.1710593482092912 0.026567766448509028 -0.08431887248562625 0.3400081324170088 -0.936634826190576 0.15118688622563387 -0.9247341073414078 -0.3492983769685838,106.03952866318791 -2.8530248338528263 758.2324648323209,0.69
56,570,11,0.9192370772361755,-0.9823549537186058 -0.1850179472006442 0.027333205413453007 -0.0896971767771935 0.33783419768765344 -0.9369218064230015 0.16411325779081742 -0.9228414891444786 -0.34846868515102636,111.18347196868422 -4.489612432882839 758.6533344994639,0.69
56,575,11,0.9451825618743896,-0.9836123977827338 -0.1766286091045713 0.03617990290045075 -0.09359717363864983 0.3287255278421949 -0.9397760884549717 0.15409808569530614 -0.927761748398076 -0.33987044324916993,114.57371329246935 0.9884430778342548 758.9109368586481,0.69
56,578,11,0.9456910490989685,-0.9846491138172202 -0.17132561262609683 0.0333715015733024 -0.08893426093873527 0.3279307296602575 -0.9405063177755758 0.1501892802108235 -0.9290365821660546 -0.3381334190921854,115.77751003655317 1.1061659657641205 762.1792532659855,0.69
56,587,11,0.9452236890792847,-0.9829911397393163 -0.17900698831468234 0.04104774449964537 -0.09720563172252997 0.3174923919677033 -0.9432654166267576 0.15581875482567836 -0.9312116189014901 -0.3294926956207709,116.76674733036381 6.694460318219731 770.3526256343314,0.69
56,589,11,0.9459869265556335,-0.9865909892700606 -0.1572962768341211 0.04354424399672372 -0.09242821878653987 0.3185707257532774 -0.9433820631456681 0.1345185647524913 -0.9347569598495394 -0.3288376221629392,112.55502701515418 7.798972002773984 770.1772218592297,0.69
56,596,11,0.9463377594947815,-0.9848954650714838 -0.16816789900497625 0.041236884289162994 -0.09440385761921567 0.32188219523380057 -0.9420614438867989 0.14515107491243928 -0.9317249648558965 -0.3328960127668126,116.67481402069863 6.598585263933638 776.9624432429403,0.69
56,598,11,0.9412635564804077,-0.9826399061962752 -0.18051546221784207 0.04281334664395251 -0.1004387012335913 0.32359648621981374 -0.9408492872935068 0.15598359543582074 -0.9288161723433055 -0.33610955944222387,119.9283355637138 4.318352306097268 776.1953204616877,0.69
56,601,11,0.9361934661865234,-0.9842809600662563 -0.16916418961710677 0.05073922153754454 -0.10197527239240399 0.30980382618290114 -0.945316155105227 0.1441944363404618 -0.9356308386503848 -0.3221845717827503,121.18104731638742 5.6003471089325245 782.3673521023395,0.69
56,603,11,0.9406200051307678,-0.9834247178820155 -0.17342034289371128 0.052926448296735304 -0.1059197600992442 0.3125513226494411 -0.9439770522266967 0.14716259266266662 -0.9339363229796306 -0.3257393374158082,119.85555123919546 4.952383185817961 780.4073295190165,0.69
56,604,11,0.9445691108703613,-0.9822034107548343 -0.17876855351479398 0.057604376359773085 -0.11111913533254231 0.30582557183599157 -0.945580910009364 0.1514232401730933 -0.9351537434483257 -0.3202475268445719,119.62365505133914 4.861272464590633 787.190334876713,0.69
56,608,11,0.9418664574623108,-0.9859219709789817 -0.15798886956583708 0.05474837197789305 -0.10363252272066142 0.32042200673114574 -0.9415891024416847 0.1312180146758532 -0.9340070956345539 -0.33228388153630517,113.21476127154571 3.332500369464819 785.0941649039804,0.69
56,628,11,0.8665464520454407,-0.9894623595521106 -0.13860498155051604 0.041867626144212966 -0.08551313751006367 0.3260699059261588 -0.941470084369382 0.11684067075618584 -0.9351294431995429 -0.3344864453435412,100.12892616819194 -4.7884990732582144 790.4233005090989,0.69
56,631,11,0.8524235486984253,-0.9891652563577791 -0.14058190974611448 0.04229447087722746 -0.08537991519153718 0.3165260688672209 -0.9447335697482913 0.11942514683489083 -0.9381087220464368 -0.3250994615865521,104.93642249263549 -5.263732286871113 793.9400910202353,0.69
56,634,11,0.856920063495636,-0.989652607749349 -0.13599565038539121 0.0457482136390936 -0.08768877884668216 0.32088173538323583 -0.9430512127990828 0.11357109684814784 -0.9373046969762274 -0.32948673871191136,105.18273120269376 -5.764831740829839 789.8201203477684,0.69
56,644,11,0.8934701085090637,-0.9909515955240811 -0.1290203945115017 0.036995582552170225 -0.07739217369286416 0.3240573024695208 -0.9428665420764866 0.10966032454525898 -0.9371982727877137 -0.3311102697053574,109.66844692781822 -3.7537866330779632 786.9478373042833,0.69
56,653,11,0.9038389921188354,-0.9912607711815071 -0.12545906195277734 0.040768950079360045 -0.07841796646619394 0.3118905642896558 -0.9468763902655865 0.10607877286220396 -0.9417984389884119 -0.3190031257950927,109.60383819521338 -1.173478198378562 791.346548063896,0.69
56,753,11,0.9411466121673584,-0.9983876589060467 -0.050890452827758524 0.025144469672062037 -0.04137406116550688 0.3491470950217386 -0.9361540968775142 0.03886218736479534 -0.9356850259830318 -0.3506896955206369,107.5073807629339 3.979401011684469 741.7264854393766,0.69
56,956,11,0.9475522637367249,-0.9894908821674981 0.1423190065491485 -0.025555713299578828 0.07704362997027289 0.3693615333867585 -0.9260865708642936 -0.12236042329278905 -0.9183231228870621 -0.37644464238791286,83.49591355469042 -19.868000483767595 741.7641094805667,0.69
56,1025,11,0.9186555743217468,-0.9681669982974412 0.24193039393048898 -0.06420551300597838 0.1507197732380786 0.3586772560309106 -0.9212134258472348 -0.19984046978223552 -0.9015654776547154 -0.383723176441612,86.48900107226024 -28.90290644956875 754.519879914409,0.69
56,1028,11,0.9211239814758301,-0.9656637374106156 0.2523259558676824 -0.06184786371106597 0.1523208083116493 0.35704917220506915 -0.9215824759526198 -0.21045645061496215 -0.8993594946533535 -0.3832239316266888,83.50032132836658 -26.389913140976066 755.3712540861471,0.69
56,1036,11,0.8678706288337708,-0.9642460264608097 0.2600985669741975 -0.050777316909319636 0.14332528133287753 0.3506673347510826 -0.925467602928068 -0.2229068509162338 -0.8996561319729564 -0.3754082844291895,76.61238586295327 -27.07108103368705 757.0498679603039,0.69
56,1037,11,0.8702212572097778,-0.9640486529614085 0.26132285399742267 -0.04817219843370907 0.14280808615372131 0.35664071289257293 -0.9232622879965308 -0.22408936889644326 -0.8969491445372583 -0.38113801550288184,76.52463263213895 -28.01662487085252 754.5182310615785,0.69
56,1044,11,0.925780713558197,-0.9628970613815286 0.26636262982068604 -0.04336125710614036 0.1382008643275623 0.348688576365647 -0.9269934184292858 -0.2317968297495273 -0.8985918017359753 -0.37256275118557136,80.80097630824388 -24.511474201935673 751.5340013294253,0.69
56,1046,11,0.9426829218864441,-0.960743545416683 0.2742629280298434 -0.04185315100060426 0.13803191288211492 0.3416621992794524 -0.9296311809581432 -0.2406637300597801 -0.8989142272163817 -0.3661067892592118,82.89781996479547 -21.645193274288264 751.3944030664443,0.69
56,1047,11,0.9447305202484131,-0.9627747986033386 0.26740425868841217 -0.03949239939028737 0.13339467973547153 0.34295542661231626 -0.9298319389951257 -0.23509688767096043 -0.9004868337696366 -0.36585914723423696,84.75971101760477 -20.192752523096544 751.7974272726747,0.69
56,1048,11,0.9424135684967041,-0.9619841049799751 0.27061644878497293 -0.03678748989651845 0.1321309804598102 0.34328884643381585 -0.9298893331557627 -0.23901461413186767 -0.8993995249949547 -0.36599523039275295,85.83990624863108 -18.965299011608074 754.6016398351144,0.69
56,1049,11,0.9408811926841736,-0.9611518108000907 0.2731011708880695 -0.040036821243349674 0.13712929490762077 0.3465752967589124 -0.927944567393231 -0.23954697467061703 -0.8973858223395539 -0.3705616450607341,86.3008989392402 -18.437780942434944 750.5999248898208,0.69
56,1054,11,0.8993905186653137,-0.9638658931985231 0.2639932948749618 -0.03563818443291583 0.129375982490505 0.3469647330864932 -0.9289119060216825 -0.23286132156979095 -0.8999572291255179 -0.3685818642601537,93.92771031244163 -18.85055864182067 752.5967585876418,0.69
56,1062,11,0.9329007863998413,-0.9668697109892792 0.25325825373473937 -0.031987792776915866 0.12080208084773215 0.34355715819872557 -0.9313298751319395 -0.22487734264342085 -0.904338839133677 -0.36276913429891966,105.91118144617293 -19.18031690504204 761.6234833359523,0.69
56,1064,11,0.9383965134620667,-0.9644490995122248 0.2623394436187758 -0.03187398267944708 0.12118740004312833 0.33186247105727096 -0.9355110444962951 -0.2348436682579399 -0.9061155095381346 -0.3518566964740071,108.76808849709609 -18.54223861416747 765.6439776943433,0.69
56,1070,11,0.9349490404129028,-0.9689157810093851 0.24563272224800525 -0.029441044003367542 0.1149635637854425 0.34168358852539904 -0.9327570446446152 -0.21905613050705613 -0.907147667744034 -0.35930143416612714,109.17976096342059 -14.547630915630664 768.8657251984124,0.69
56,1071,11,0.9276112914085388,-0.96413814556914 0.26416194802695986 -0.025614477802641977 0.11861865671243425 0.34256524072787264 -0.931975681080141 -0.23741788167330186 -0.901591659821483 -0.36161475136131527,107.64501330536946 -13.456790198338638 772.2567436732753,0.69
56,1078,11,0.9057290554046631,-0.9660539305652587 0.2567704789682437 -0.02843807957357118 0.1165343821067335 0.33488337911474264 -0.9350255933287032 -0.23056352926344587 -0.9065991636457152 -0.35343799378458707,107.80466847507769 -10.888379853757428 783.829689638818,0.69
56,1087,11,0.9283428192138672,-0.9652413717999782 0.2601665412685144 -0.024949247885953388 0.11594095548420431 0.3406789778405447 -0.9330034988674648 -0.23423660902409366 -0.9034662167795208 -0.3590014012939138,112.63061126123836 -15.979493252334914 792.9908204043111,0.69
56,1097,11,0.8847293853759766,-0.9601589648272815 0.2782013521705321 -0.026434256416475663 0.12429606063257936 0.3404250950675404 -0.9320199804507833 -0.2502903345577423 -0.8981730135662861 -0.3614415390187329,107.06773195714581 -24.303335111748204 797.9031919950693,0.69
56,1108,11,0.917597770690918,-0.9616339804795961 0.27349301151905836 -0.021486280208646666 0.11986965769146961 0.34844164885253215 -0.9296341659544676 -0.24676173275428703 -0.8965433564502974 -0.36785684342273295,116.35923601492168 -27.339942408115053 794.8381141783877,0.69
56,1116,11,0.9212703108787537,-0.9585260724690936 0.2847789450868865 -0.011345520357139982 0.11128773744637262 0.33733744954646305 -0.9347825868230297 -0.26237913005999813 -0.8972760988506758 -0.3550391450815966,117.76535564533957 -23.747926375854213 797.7736342263908,0.69
56,1124,11,0.8815918564796448,-0.9598330463500622 0.2805355576153488 -0.004508220026190668 0.10665207900815636 0.34994667636065035 -0.9306786006712372 -0.25951080358551015 -0.893776887493506 -0.36581008488671185,122.30114262085392 -27.27184584338356 802.4569640406385,0.69
56,1135,11,0.8449287414550781,-0.9500209954087855 0.3120391441740212 0.009575008388806538 0.1058615885517437 0.35085209342749835 -0.9304279298295186 -0.2936893466774078 -0.8829124424543391 -0.3663498145318369,98.39678661746949 -31.674961048186233 810.8876405465707,0.69
56,1146,11,0.8426963686943054,-0.9485420578469888 0.31649825440442547 0.009839687716154982 0.10544518457431917 0.34501370152211197 -0.9326558094024285 -0.2985787627167874 -0.8836257130261448 -0.36063322328031533,102.06918843696796 -27.36576883033582 810.5088283762947,0.69
56,1158,11,0.8918939232826233,-0.9471880895371947 0.32041424976332084 0.013016588934405243 0.10331638141415801 0.3433404625758688 -0.9335111419204769 -0.3035793938500492 -0.8828658082102834 -0.3583120376471325,110.72031340239066 -30.789718150205424 806.6532815592396,0.69
56,1171,11,0.9121593236923218,-0.9473863434005825 0.3197598226136098 0.01458671245302856 0.0974902456731418 0.33165015004670995 -0.9383516558159768 -0.3048848443866389 -0.8875594818467705 -0.3453742866040084,112.3572751639303 -24.25334311382277 816.5598808795183,0.69
