scene_id,im_id,obj_id,score,R,t,time
50,620,4,0.46660059690475464,-0.26690159214514075 -0.9634429047110076 -0.023266058377070575 -0.5317957797553163 0.16737047643432912 -0.8301688817659818 0.8037143701246257 -0.20920060463622492 -0.5570263173989303,118.55584904230992 -25.967724614742803 1018.1093868068549,0.69
50,623,4,0.5101193785667419,-0.08432811391068085 -0.9874873628717522 -0.1332571850702991 -0.7368022739006357 0.15182812900634834 -0.6588403664145697 0.6708287250700584 0.042625431505431854 -0.7403863141697422,112.90469559925934 -33.66578056680957 950.2559646207584,0.69
50,629,4,0.26445719599723816,-0.431432264290762 -0.9009132737109505 -0.04713252147259406 -0.5256857409959966 0.29351351050734187 -0.7984386769584415 0.7331580341525533 -0.3196953118221701 -0.6002284603019832,125.77069700264818 -38.58448132984593 1043.808035087281,0.69
50,633,4,0.24695320427417755,-0.46198498144213707 -0.8868875175085624 -0.0006389126763033381 -0.5249998625281787 0.2740560272448085 -0.8057719517805186 0.7148041838624772 -0.37191911112269066 -0.5922255934307517,122.40166198324184 -37.5322356572111 996.2356133624728,0.69
50,642,4,0.21509142220020294,1.0 0.0 0.0 0.0 1.0 0.0 0.0 0.0 1.0,0.0 0.0 0.0,0.69
50,644,4,0.22843916714191437,1.0 0.0 0.0 0.0 1.0 0.0 0.0 0.0 1.0,0.0 0.0 0.0,0.69
50,651,4,0.16536104679107666,1.0 0.0 0.0 0.0 1.0 0.0 0.0 0.0 1.0,0.0 0.0 0.0,0.69
50,660,4,0.15592512488365173,0.11223198144717861 0.258941524130875 -0.9593504414035676 -0.9653990972265214 -0.20028860462138542 -0.16700017345211388 -0.23539024069544162 0.9448988104234222 0.22750312667245742,104.85569189332632 -18.095677895676967 527.953801189343,0.69
50,662,4,0.1556369960308075,1.0 0.0 0.0 0.0 1.0 0.0 0.0 0.0 1.0,0.0 0.0 0.0,0.69
50,671,4,0.12065199762582779,1.0 0.0 0.0 0.0 1.0 0.0 0.0 0.0 1.0,0.0 0.0 0.0,0.69
50,712,4,0.17375239729881287,-0.370169746899292 -0.8181210956390786 -0.440059349805068 0.7298830497356978 0.036905199381951775 -0.6825750800953159 0.57466955042795 -0.5738605049390585 0.5834715320236563,159.94193726988752 -1.7273485364822996 717.3335995942214,0.69
50,751,4,0.15854987502098083,-0.8334784388277794 -0.5524584943171276 0.010163860785133982 0.04333276578636863 -0.047015047096102824 0.9979538349822876 -0.5508502186788266 0.83221343260212 0.06312558259600831,839.0689671670453 -178.72488589848064 4714.422330866268,0.69
50,757,4,0.1606920212507248,1.0 0.0 0.0 0.0 1.0 0.0 0.0 0.0 1.0,0.0 0.0 0.0,0.69
50,769,4,0.2074781358242035,-0.22144106640387617 0.39565435140975114 -0.8913032527262781 -0.8121978583243842 0.4310309593824214 0.39312459982447456 0.5397207546900509 0.8109685235965689 0.22590166155299385,913.5307481204626 -63.89681561104248 4243.454698734496,0.69
50,923,4,0.8467538952827454,-0.4314430344794342 -0.8986540926200984 -0.07923212616310199 -0.6211458153562995 0.3596044437988082 -0.6963207020227877 0.6542436733087573 -0.25120801304356805 -0.7133440615286337,180.37976683362012 -32.369634376799894 801.8439125384419,0.69
50,1026,4,0.791782557964325,-0.7750045258280196 -0.6302950256078422 -0.045783901538606286 -0.28400721435112664 0.4120991659682536 -0.8657448698114145 0.5645421925264758 -0.6579532339781298 -0.49838705315760423,154.45579356531942 -36.83498260794926 875.8763808057458,0.69
50,1044,4,0.7979415655136108,-0.791692732927646 -0.6086221504497424 -0.052931036372684315 -0.26760203661229465 0.42336964527429344 -0.865532953423075 0.5491919214905727 -0.6710716962011213 -0.49804719849351886,143.25550732733706 -37.664186316538206 878.1547772734455,0.69
50,1052,4,0.7614169716835022,-0.8042351909981644 -0.5918847085133543 -0.05364931861829467 -0.2496369729889093 0.4183567720237702 -0.8733034942211017 0.539339539879175 -0.6889485489714836 -0.48421354544560913,138.88760233324325 -38.89508000993605 876.1184850660056,0.69
50,1058,4,0.7483989596366882,-0.8142338343706008 -0.5775824205727902 -0.058496242712034796 -0.2365499588472764 0.42210335461367987 -0.8751416313907308 0.5301578820837247 -0.6987326423383657 -0.4803179307451939,138.67112883967962 -39.67225658921504 876.3287178317992,0.69
50,1066,4,0.7474634051322937,-0.8109173288811136 -0.5825627824548898 -0.05507894533065155 -0.24854099789437734 0.4281135102621212 -0.8688763978246341 0.5297550925531413 -0.690897551616346 -0.49195539948713995,136.81678125902152 -41.65737966564845 872.1172649423204,0.69
50,1077,4,0.7429570555686951,-0.8219693123544687 -0.5661278123606429 -0.06217515274830371 -0.2312299883823993 0.4314915962150371 -0.8719791825889395 0.5204797229673772 -0.702363369252378 -0.4855785781027109,136.32071739340734 -38.5179384641193 862.5673489185508,0.69
50,1094,4,0.7648013830184937,-0.8156074635975497 -0.5757481602956993 -0.05743275407021037 -0.23073403812904716 0.4146652462321051 -0.8802355009972791 0.5306093374344583 -0.7046749530694172 -0.47104876769181714,135.13857394015238 -26.791508997528258 859.7371555355052,0.69
50,1098,4,0.7818394899368286,-0.8258713551738481 -0.5605316919376682 -0.06116148327834037 -0.21520989855446032 0.41361150340255715 -0.8846526006389487 0.5211729120622929 -0.7174466855359857 -0.4622218613890281,133.3432297218311 -26.815319100707775 861.5719449579575,0.69
50,1105,4,0.7641646862030029,-0.8347275513508361 -0.5474664294957134 -0.0592488277609976 -0.21364685253367968 0.4211455462942455 -0.8814711857111233 0.5075282626793206 -0.7231299588675169 -0.4685062701501166,133.90233896115882 -25.427407975493878 862.3494764345941,0.69
50,1113,4,0.7308197617530823,-0.8348670536346132 -0.5476214028076852 -0.05574766311158827 -0.20910900174112704 0.4092076772869573 -0.8881568004807726 0.5091860447285348 -0.7298355130002626 -0.4561465727344165,135.4769451199968 -19.091331027347252 862.2947111811737,0.69
50,1125,4,0.7748823165893555,-0.8403435360127123 -0.5391016726072376 -0.05649892099615825 -0.19277840738347438 0.3946520446649029 -0.8983797912289115 0.5066154627805418 -0.7440558784351416 -0.43557045657134186,133.4371640739039 -20.572609578532784 868.396164153178,0.69
50,1130,4,0.7829859256744385,-0.8390296589973723 -0.541449506944583 -0.053494511421471186 -0.20728026852050474 0.40900176602099014 -0.8886801706315826 0.50305478986371 -0.7345406638309273 -0.4553964114636826,130.09233277063265 -21.60787706207917 863.3360384455343,0.69
50,1145,4,0.8433902859687805,-0.8298872655287584 -0.5551164346576829 -0.055972050937436624 -0.2076657006276465 0.4004439652395446 -0.8924794605401623 0.517843686160244 -0.7290338638747673 -0.4476019906432478,128.68376089310027 -25.257959410049114 856.6347560377193,0.69
50,1150,4,0.8427565693855286,-0.8414526332969188 -0.5372076734519593 -0.058011908277648155 -0.20006639515412794 0.40949365315514274 -0.8901058282899219 0.5019271893887733 -0.7373756597623689 -0.45204671544243946,128.59316922896917 -28.350134435438157 858.4244941624728,0.69
50,1169,4,0.8016270399093628,-0.8431139193942805 -0.5349396113549323 -0.0547588451946269 -0.19754418671761634 0.4028311625883878 -0.8937020469607102 0.5001351949400188 -0.7426753440441671 -0.44530677081219827,127.65187101026443 -32.32115412051681 863.9025129098869,0.69
50,1189,4,0.8295996785163879,-0.852159219643061 -0.5200166325444076 -0.058372649884216365 -0.18253550692089474 0.39994559998895074 -0.8981783262596635 0.4904135531268102 -0.7547358603688136 -0.4357388300150504,127.21391709759159 -30.037917196868218 866.3394494803943,0.69
50,1192,4,0.8505058288574219,-0.8479191845436125 -0.5274164592696371 -0.05352508733644862 -0.1875975577944919 0.3929566568442474 -0.9002178748232755 0.49582276348755666 -0.753270830666681 -0.43213752773196057,128.00895887513434 -26.2165438367508 864.5522652880642,0.69
50,1209,4,0.7423571944236755,-0.8625677839773056 -0.5028835546546345 -0.05554231272101756 -0.17368480285001578 0.3974301043775852 -0.9010454491274971 0.47519512550470383 -0.7675659206819574 -0.4301536354655482,120.43801944432897 -19.50469600852322 870.363672392357,0.69
50,1216,4,0.7826460003852844,-0.8634629895112584 -0.5009170259305613 -0.05927730490805347 -0.16871845654043643 0.3975630901544085 -0.9019299705462119 0.475358546958918 -0.7687819733056694 -0.42779496181388965,121.0553511289022 -20.95705313427883 874.4736207240993,0.69
50,1242,4,0.8189351558685303,-0.8723270716909819 -0.4855734182277317 -0.05713086298729972 -0.16259018772976586 0.3983032824178867 -0.9027286004492917 0.46109642250730676 -0.7781856788233602 -0.4264002092227326,110.58759701150123 -16.225685634844922 870.988212981038,0.69
50,1246,4,0.7943665385246277,-0.8783013714180101 -0.47454961937169204 -0.05821820779984285 -0.1555917529334506 0.39884059361034796 -0.9037241765647533 0.4520817485636194 -0.784683910656213 -0.4241382474770854,107.97371892449809 -16.274135930588066 872.609459031812,0.69
50,1263,4,0.7986006140708923,-0.8836038035820923 -0.4645528466490837 -0.058608625350639376 -0.15441399921238744 0.40726894330071073 -0.9001601661204295 0.44204144052621974 -0.7863349543883671 -0.4315978502779514,105.60640596010808 -25.51644676883513 871.201476228722,0.69
50,1266,4,0.7972954511642456,-0.894708225202631 -0.4432791948510829 -0.05477907599562293 -0.14396994395242355 0.4023140300422803 -0.9041106549916749 0.42281183402678624 -0.801028699013534 -0.4237725526312326,105.34466849292454 -28.075324386376053 873.3428125076341,0.69
50,1280,4,0.7577434778213501,-0.8923788577403193 -0.44642491258553163 -0.06606641870938484 -0.1408602512610685 0.4146188969319353 -0.8990270073371622 0.42874043881205326 -0.7929665615459114 -0.43288066299767025,103.46111436342308 -32.4596920735993 866.544666990418,0.69
50,1284,4,0.7590799927711487,-0.890850658838632 -0.44923086725460637 -0.06765154508545781 -0.1405837248873182 0.41420881348674354 -0.8992592924883851 0.4319968980717134 -0.7915950269775438 -0.4321527430444465,104.51730161729694 -34.01357630310418 869.1234454343021,0.69
50,1324,4,0.8091635704040527,-0.9166101064490708 -0.3951405879674793 -0.0607439585155419 -0.12578766166411756 0.4292795565552149 -0.8943693456826611 0.3794777686880967 -0.8121471406490777 -0.44318579061949914,85.05324220691654 -44.42357600200472 866.0602073974025,0.69
50,1480,4,0.8780129551887512,-0.9474315930394712 -0.3151022251077379 -0.05553345156607878 -0.06787670889032268 0.3675538390315102 -0.927521928475773 0.3126757568167189 -0.8749941503492187 -0.3696202212457278,95.47364466945743 -1.7869796767988053 972.2864208080246,0.69
50,1542,4,0.910428524017334,-0.9399072329656024 -0.3379787732083217 -0.048422538962178574 -0.09642512227439667 0.3988108050100837 -0.9119496354522968 0.327531050762082 -0.8524789092216928 -0.40743480474657545,90.80431693325401 -54.59524951167012 952.1390981921112,0.69
50,1564,4,0.9049147367477417,-0.9461239288443504 -0.31975616342685487 -0.0510441692915905 -0.08651731550452971 0.4015415163949646 -0.9117451204855016 0.31203247489006614 -0.8582076709991415 -0.40757248196144125,89.32415293412384 -58.736571762254876 953.7610844945801,0.69
50,1592,4,0.8982772827148438,-0.9497299653136628 -0.3081484199996135 -0.05529506521427287 -0.07710688356521771 0.40141522086622916 -0.9126447002880016 0.30342630323056846 -0.8625023893930139 -0.40499642813137604,89.89660476109869 -54.341429679917866 948.2680480665425,0.69
50,1593,4,0.9043589234352112,-0.9493171827435711 -0.3099519642710301 -0.052217491249001324 -0.08062365675540008 0.4006886758196092 -0.9126600742014058 0.3038037401336542 -0.8621939253523295 -0.40537010566437326,90.22121768207968 -53.663828825632265 944.8689089052499,0.69
50,1613,4,0.9270445108413696,-0.9531853001719974 -0.29732774888170244 -0.055081696424119364 -0.07102764451528208 0.3972079077429518 -0.9149759295965536 0.2939266188194432 -0.8682292829497322 -0.3997312284247554,84.25741357808435 -48.85333182672398 945.8908868429293,0.69
50,1629,4,0.9018389582633972,-0.9546837384605911 -0.29348389745917514 -0.04945868428377366 -0.07558805159661103 0.399823352949053 -0.9134701598259273 0.28786351970115576 -0.8683366215752676 -0.40388872930116904,80.25606444024199 -49.45300782025787 942.9203329749123,0.69
50,1656,4,0.8411356210708618,-0.9556105945934794 -0.2901606041727794 -0.05113917565609706 -0.07521160078788049 0.40805724086545714 -0.9098530119113719 0.2848712105629876 -0.8656189184412262 -0.4117672660970275,78.57048202020319 -59.64015622422478 932.6438175507784,0.69
50,1658,4,0.8784594535827637,-0.9610262571829775 -0.2721211877038926 -0.048770813069920996 -0.07027225214777919 0.4110699559916473 -0.9088912486425998 0.2673767820566275 -0.8700411199958588 -0.4141715899641054,79.3036699199537 -61.26866535087309 929.9320315261932,0.69
50,1669,4,0.8832732439041138,-0.9583291497362718 -0.28181951534798777 -0.046722601969275274 -0.07544460187501943 0.40743649574854457 -0.9101118689370368 0.27552377903490266 -0.8686617654191829 -0.41172003167826876,73.7657057338296 -57.34585498665501 920.9697944249098,0.69
50,1678,4,0.8802365064620972,-0.9582353089060525 -0.28091380162853197 -0.05359597765064235 -0.07142806372606794 0.4165644476450179 -0.9062958085915138 0.27691717981748104 -0.8646163871988588 -0.41923189109265757,64.67866520260705 -52.86994559441985 912.5724314671694,0.69
50,1695,4,0.809675395488739,-0.9631664638278117 -0.2658221151510902 -0.040607463033651287 -0.07528500293589171 0.4115342966461949 -0.9082795225132319 0.25815214756102955 -0.8717672428925751 -0.4163884519641561,58.55207904696269 -57.61440541819278 906.2306404732778,0.69
50,1708,4,0.8586874008178711,-0.9626227998331147 -0.2681663340855732 -0.03800213815774266 -0.07821292318100839 0.4095614207817936 -0.9089236388468948 0.2593069298899223 -0.871978359748855 -0.4152272344641661,52.54977641623924 -56.74684154484979 892.4050233034086,0.69
50,1711,4,0.8661306500434875,-0.9634838861170048 -0.2648673358775224 -0.03929498158822163 -0.07500277302850179 0.407831613155892 -0.9099714057863016 0.25704743770539706 -0.873795553717119 -0.41280497220029155,51.54075971272139 -56.08241650359517 889.7765287246308,0.69
50,1713,4,0.8513678312301636,-0.9628312435126531 -0.2672644032881367 -0.03906066116842874 -0.0766431758063318 0.40900546388530246 -0.9093076234774942 0.25900158323492595 -0.8725160567273273 -0.4142872320441424,53.170973728005656 -56.83177564414038 890.025454628543,0.69
50,1714,4,0.829444944858551,-0.9632324081692869 -0.2658988121681711 -0.03848570565745972 -0.07702847884239232 0.41054598803924747 -0.9085805441192901 0.2573906394949592 -0.8722097301638144 -0.415932981750597,53.81306410120813 -57.688246925513326 888.0141484497419,0.69
50,1718,4,0.7648308277130127,-0.9662614219758621 -0.2553619009367692 -0.033603034850217164 -0.07920277476605521 0.4187369817911354 -0.9046470364456006 0.24508322029576557 -0.8714640782214779 -0.4248347625831099,56.85341937496935 -64.39494574040003 885.2049794132852,0.69
50,1719,4,0.7605994343757629,-0.9684581385812983 -0.24703211149589893 -0.03261854848893511 -0.07618719597439332 0.4182003805833522 -0.9051541044758615 0.23724321905000076 -0.8741187434037878 -0.42383024602425,56.4596788123469 -65.01392735131982 887.8501557894156,0.69
50,1733,4,0.7906200885772705,-0.9660778670109431 -0.2553146151234731 -0.03883300369454293 -0.06878118804704134 0.39931253492662055 -0.91423117843427 0.2489230865999076 -0.8805475266871343 -0.4033278445666082,54.05218982718685 -50.21002312306265 877.8948621978594,0.69
50,1743,4,0.8349645733833313,-0.9665218468016266 -0.2542173489572981 -0.03477152778202723 -0.07197227782535393 0.3986862304506499 -0.9142588697265569 0.24628339546100753 -0.8811485851649395 -0.40363555341672064,64.65362544091214 -51.06177077349277 884.1495711679975,0.69
50,1745,4,0.8415331244468689,-0.9654392414011499 -0.2582957687891867 -0.034790328948937826 -0.07252702385717294 0.39446967529727006 -0.9160423058359737 0.25033358139329476 -0.881859949819964 -0.39956992745993447,67.00579455604759 -52.20598619736861 882.747557656498,0.69
50,1756,4,0.8435700535774231,-0.9655244808858656 -0.2584167056680662 -0.03135734430311371 -0.0750271787429654 0.3916056161743511 -0.9170692252118037 0.2492657201862123 -0.8831001345330952 -0.39749308563505603,65.06717218471387 -52.51345082018631 876.6165812523031,0.69
50,1778,4,0.7923377156257629,-0.9681206352364868 -0.24974777896123102 -0.019195898864943814 -0.08306531012968632 0.3924013620824154 -0.9160356572147855 0.2363103676996845 -0.8852385090696163 -0.40063723264050566,74.78873295246572 -55.15699497360732 878.7644111035094,0.69
50,1782,4,0.7825343608856201,-0.968770701068375 -0.24731853667143885 -0.01780084745700429 -0.083480048641107 0.3929129698956022 -0.9157786192998262 0.23348321188121385 -0.8856934794309573 -0.4012887367757989,71.4755237642652 -57.28828793238908 874.3813842018618,0.69
50,1874,4,0.82448810338974,-0.9837278496568329 -0.1794328295387031 -0.00913112771119333 -0.05910727708404701 0.37120845707117056 -0.9266663969274761 0.16966392546812387 -0.911047825902996 -0.3757738832225721,52.777646565317056 -37.54144000102914 853.542631070073,0.69
51,1,4,0.9138787388801575,-0.10839073088350881 -0.677959279757511 -0.7270644156119979 0.931433023561813 0.1863223868238838 -0.3125963703991945 0.34739598742218986 -0.7110943560167864 0.6112780421085267,112.24340631979224 58.861290060528866 977.342051635188,0.69
51,35,4,0.907860517501831,-0.10527197454974102 -0.6816171462768669 -0.7240965938849452 0.9382918819436784 0.17313275703094866 -0.299388364372186 0.32943308220788803 -0.7109311600599899 0.6213298077533123,118.2469582237561 75.39151331038362 981.4656237870993,0.69
51,56,4,0.9091289639472961,-0.08960257893901735 -0.6876397705086474 -0.7205018555578411 0.935082175412365 0.19099197272053203 -0.29856890592022267 0.34291792468979576 -0.7004809864451244 0.6258863191948751,109.32916016101754 75.14597960862653 981.1466795495901,0.69
51,83,4,0.9246279001235962,-0.09456154706464481 -0.6886941715050509 -0.7188591322030433 0.9318054061361588 0.19294774125825265 -0.30742455048152273 0.3504237419356298 -0.6989073667363292 0.6234835152668603,101.02915931767154 63.05882860226866 983.0265382448758,0.69
51,100,4,0.9409658908843994,-0.0977926246546088 -0.6926721896202368 -0.7145920796439528 0.9281367960087803 0.19565645707130508 -0.3166711838814201 0.3591638768831277 -0.6942073094782358 0.6237607882908883,103.13406787605612 54.94047948583669 983.2461033086926,0.69
51,116,4,0.9393917322158813,-0.09878586891721053 -0.6989570641611204 -0.7083081070844375 0.9226314027720831 0.20233897793766153 -0.32834468569775965 0.3728171760006367 -0.6859431175151551 0.6248915048330392,110.8662010602452 45.89984977927948 985.6477224099827,0.69
51,138,4,0.9162244200706482,-0.0897349719089473 -0.7197211656063447 -0.6884395969108296 0.9105870087785091 0.22072481578937997 -0.3494450674119639 0.4034587144433842 -0.6582415965836473 0.6355620081995954,123.63138677048202 23.77396519384311 981.4324575016819,0.69
51,169,4,0.9164914488792419,-0.10026646743418866 -0.7323457908555455 -0.6735104142657591 0.9118349129949677 0.20322885896356035 -0.3567283592985411 0.3981252654023964 -0.6498982024136817 0.64740142071804,125.94225431025993 30.904508995409667 976.5680856820238,0.69
51,240,4,0.9087973237037659,-0.15663357722755933 -0.7820557322930188 -0.6032037417593901 0.9166169812921767 0.11233422936148862 -0.3836591332427501 0.36780325187757135 -0.6130006953514744 0.699250252346678,144.599836945888 68.32208988175043 985.9610503339525,0.69
51,407,4,0.9246446490287781,-0.2082653612191696 -0.836519524724542 -0.5068141908736131 0.9051829300951235 0.03143850956428962 -0.4238578572832914 0.37049885611247946 -0.5470344640614542 0.7506556419213419,124.10260798225897 70.10665925537647 996.6065915804083,0.69
51,515,4,0.9317166209220886,-0.19946533952287515 -0.8698360697523074 -0.45121922619374627 0.9134800766358143 0.0015918184441017225 -0.40688034568343046 0.35463745983532385 -0.49333829961994646 0.7942604070515218,126.80737258047839 83.54349448871008 993.284688606759,0.69
51,520,4,0.9550154805183411,-0.19703619814946216 -0.8746794251355701 -0.4428460679099619 0.9083293724843624 0.007113796223183422 -0.41819510397117193 0.3689369698213641 -0.48464966434302187 0.7930953379961492,131.06454603648797 82.77602111711309 994.5838485409557,0.69
51,532,4,0.9289759993553162,-0.20521155362529342 -0.8778094416654125 -0.4328265268924146 0.9099586110005597 -0.008290098441568139 -0.41461620872050015 0.3603658481663122 -0.4789382615649807 0.8004714842419364,132.34252027941778 86.82995667912904 991.1094560929529,0.69
51,546,4,0.9299024343490601,-0.20893745217809379 -0.8845772352111391 -0.41697512638470885 0.9096103091987332 -0.01921772937269095 -0.4150177879044982 0.35910197225399904 -0.46599763285233015 0.8086358758423429,139.68641882980847 86.28373306120659 985.3311250829664,0.69
51,553,4,0.8959228992462158,-0.21455546380143042 -0.8847849080811203 -0.4136684897171119 0.9096098626928271 -0.02673395014119828 -0.41460245247922023 0.3557750000279519 -0.46523215961682096 0.8105449938241427,134.49415226403886 89.12457618972877 983.6389659035133,0.69
51,571,4,0.9313380718231201,-0.21771890362188406 -0.8893293961865405 -0.40210906988548345 0.9120449405474149 -0.03868505017896817 -0.4082615501299549 0.3475233883173158 -0.4556277998225464 0.8195308429835437,136.5818765247334 95.54283729856884 976.7710472238779,0.69
51,582,4,0.9339889883995056,-0.2213105814891787 -0.8880533241639976 -0.4029676413338861 0.9163774985164435 -0.048032436745237606 -0.3974231563875718 0.333577437386984 -0.4572244289860162 0.8244221702530471,137.19552208518306 113.71742286378289 976.1755433599491,0.69
51,601,4,0.9268008470535278,-0.23289649767954845 -0.895240139033199 -0.3798740775999575 0.9123400074345227 -0.0658750269701589 -0.4040992349114952 0.33674164013821484 -0.4406876153076001 0.8321054581671278,138.83362667017212 108.62114662511121 968.5086528430304,0.69
51,611,4,0.9375571608543396,-0.22664903528936686 -0.9006188172194417 -0.3708314453665619 0.9095736981632784 -0.05956936569710525 -0.41125074866803846 0.34828996886499186 -0.4305081146049381 0.8326805274817735,136.1152534332251 105.01432223734707 963.6880142440294,0.69
51,618,4,0.9106664061546326,-0.25578633194055556 -0.891449292504166 -0.37402073643879347 0.9024892131644023 -0.0815075350133816 -0.42292994911443693 0.3465350956458721 -0.4457293804876047 0.8253718839746375,132.74932186465975 101.65793632990899 962.783023722604,0.69
51,636,4,0.9228192567825317,-0.24918626857278725 -0.9008313588169836 -0.35554052726337426 0.9051828124138366 -0.08612173527031008 -0.4162056256522831 0.34431131213677624 -0.425541901210654 0.8368774167395566,136.53156440463772 112.53271609462962 948.2486866513132,0.69
51,637,4,0.911230742931366,-0.24743276415916493 -0.9036261022458054 -0.3496239330489382 0.9067463186351643 -0.08879351216866582 -0.4122218163056514 0.3414500561753245 -0.4190173976540907 0.8413300657893199,137.33259414435105 112.52630840998269 949.1484132761091,0.69
51,649,4,0.9192184209823608,-0.2603021970910926 -0.89786411684365 -0.35508139049254944 0.9006854909998404 -0.0933073095121304 -0.42433405742879493 0.3478626345153017 -0.43027174398998114 0.8329812806011272,121.15209855859007 106.83975441183597 944.9260387539988,0.69
51,654,4,0.9353618621826172,-0.2594659163425712 -0.8978685365676815 -0.35568178094797087 0.9022230555471986 -0.0939874294310672 -0.4209036958117822 0.3444865691076897 -0.4301144663351264 0.8344642290437994,123.81296987246958 106.85117845150704 944.6844215521922,0.69
51,669,4,0.9062492251396179,-0.2631952042763983 -0.9037574214378729 -0.3375660048670076 0.9036461175352822 -0.10840337879562956 -0.41433368403872584 0.3378638464075676 -0.41409084831913257 0.8452081345023986,126.29950431358508 118.07123456433166 933.5692331787494,0.69
51,672,4,0.9386529326438904,-0.2576604326618066 -0.9064184030259552 -0.3346890797388053 0.9052039992073382 -0.105287174162916 -0.411728467288612 0.3379597923711823 -0.40904802849135624 0.8476219022227789,129.85074724148245 118.21145411700229 933.0414453893947,0.69
51,675,4,0.9197148084640503,-0.26549090414685717 -0.9062774641393564 -0.3289008023833661 0.9035665639736706 -0.11490302556207821 -0.4127526610277577 0.33627673764936367 -0.406765845063002 0.8493877224248552,131.65878529634185 114.75574387215724 929.5481901247045,0.69
51,681,4,0.9189413189888,-0.25055808855362116 -0.9130376875045844 -0.3218428583278438 0.9041799519386305 -0.10190533492588116 -0.4148179326233374 0.34594690166644265 -0.3949398484705296 0.8510835783384989,131.82413056654084 113.73239291207094 926.2203442940048,0.69
51,685,4,0.9286355972290039,-0.2610871049101955 -0.9087163725704961 -0.3256809449014969 0.9054825717502104 -0.11361202960216787 -0.408893163291221 0.334566638961863 -0.4016551517807227 0.8524894739184566,129.198592497346 114.97544175504852 923.438044851946,0.69
51,694,4,0.8965350985527039,-0.2615573163515408 -0.9083031911861801 -0.32645533100867163 0.9050868982243698 -0.11332704018445217 -0.409847152760173 0.3352692603349866 -0.40266896434171945 0.8517348344587052,125.34278759916839 113.75423534062847 919.903729371579,0.69
51,698,4,0.9260674715042114,-0.2604546909208192 -0.90660687310699 -0.33200501745080124 0.904740341468918 -0.10913464431707576 -0.41174572727411635 0.33705825682817236 -0.40761943899297987 0.8486684420072436,125.29156024911082 109.05870131535247 920.0095427254907,0.69
51,780,4,0.904429018497467,-0.252075487746777 -0.9215595854866914 -0.2952725501546361 0.90859664494724 -0.1203836646844405 -0.3999498844452431 0.333031658056473 -0.3691012106113198 0.8676717184842517,114.66858437649067 109.05075698462866 886.345543878346,0.69
51,946,4,0.8627578616142273,-0.26474522173410353 -0.9424882772432664 -0.20402405453274486 0.9131983800181923 -0.1770634508043547 -0.36703848997265043 0.3098042709536296 -0.2834861224968057 0.907555470508892,118.1797943456277 96.20105922843295 814.0875169710181,0.69
51,1038,4,0.8202657103538513,-0.27216793313924725 -0.9494989293134839 -0.15612943157283998 0.9166420496191885 -0.20647195956953657 -0.34225236709400403 0.2927319064274401 -0.23626492152679684 0.9265456911643877,123.47151108207903 95.12670692419906 782.5842454582643,0.69
51,1045,4,0.8339847922325134,-0.25811541229883916 -0.9535921568811381 -0.15504332384394723 0.9198906048270752 -0.19353506337197612 -0.3410944948199588 0.2952587155101065 -0.23066464310852663 0.927154848628285,121.71624770094107 92.74961061635858 778.4297553025222,0.69
51,1057,4,0.8597887754440308,-0.2691022755396406 -0.9518733813566743 -0.14670048113076872 0.9149271437691214 -0.2050805460343268 -0.3476352847924678 0.30081935924050024 -0.22776969838605415 0.9260824356412667,121.41766062220228 87.53445443163538 777.7726143843071,0.69
51,1063,4,0.8766828775405884,-0.25457082680943066 -0.9562180928053443 -0.14436292158748204 0.9206111340485863 -0.19392311120938976 -0.3389232461851016 0.2960892331769923 -0.21918208396349637 0.9296721895733353,121.63405205123175 87.0102069236863 771.7567204985818,0.69
51,1076,4,0.8313277363777161,-0.24947800316118518 -0.9580208644346752 -0.1412683589716597 0.9248310606175675 -0.1924540555619012 -0.32809898782953006 0.28713800733391803 -0.2125028465823804 0.9340205056307341,123.64686123277892 94.81953988600259 771.0829361626579,0.69
51,1080,4,0.8436893820762634,-0.24333472820963697 -0.9601814401990688 -0.1372581944525878 0.925891357166705 -0.1877835236819485 -0.32781479978425104 0.28898685916688255 -0.20685490115255528 0.9347179494895917,122.57724512227264 91.56014685883314 770.4949876943252,0.69
51,1091,4,0.8630709052085876,-0.24485273980414468 -0.9579155455232274 -0.1498163657793828 0.9265171272559977 -0.18564324943574073 -0.32726533094758603 0.2856801510635583 -0.21893924176327403 0.9329804176425276,111.46355966652284 84.68899771936373 769.5733120429112,0.69
51,1092,4,0.8506826162338257,-0.24118637847620894 -0.9587190333365406 -0.15062186413592182 0.9249702582255569 -0.1801211466158943 -0.3346436820558877 0.2936990844992156 -0.2200322423192218 0.9302293588703261,112.29755455899335 83.69090271956344 770.4519163115755,0.69
51,1110,4,0.784085214138031,-0.25133905351001595 -0.956606538375265 -0.14741984574127853 0.9251809900729394 -0.19269395097103792 -0.326969687993898 0.2843744288580552 -0.21857029074616757 0.9334656995384408,102.1892460217346 81.30549821654249 762.7239267748613,0.69
51,1111,4,0.785090982913971,-0.2528175804499735 -0.9559592351938468 -0.1490812250520402 0.924949315334233 -0.19360780979716918 -0.32708527947352983 0.28381690414447686 -0.22058548599837435 0.9331612981091242,102.43230344935581 81.39169812144243 763.0061570278523,0.69
51,1149,4,0.8594689965248108,-0.27753047012673604 -0.949915138581063 -0.14365955466223923 0.917191276562337 -0.21747857390150438 -0.3338610970025089 0.28589683515069486 -0.22441991753917015 0.9316108094384309,93.94538715364784 76.52687499456577 763.2312950604581,0.69
51,1150,4,0.8487676978111267,-0.26431276654318125 -0.9546424691469202 -0.13710039220717585 0.9194835469798859 -0.20653896713163777 -0.334502110441002 0.29101334724644135 -0.21447473314418153 0.9323689294303807,94.85303233595957 77.23385438928172 764.8082721377093,0.69
51,1160,4,0.8435052037239075,-0.28134562058575563 -0.9498284399717641 -0.13664031761534073 0.9157288887245524 -0.22318039264079426 -0.334112428227382 0.2868540467424377 -0.21912655466991232 0.9325761678844153,92.47646553046289 77.09720647546175 766.4387428054955,0.69
51,1182,4,0.8339789509773254,-0.2727421516388626 -0.9558581546626571 -0.10930190704787991 0.9212750376388613 -0.2267427372246842 -0.3159747397172319 0.2772436180382124 -0.18687674890354233 0.9424505594333976,109.35231840262104 80.2803367369712 753.5331022590193,0.69
51,1220,4,0.8288495540618896,-0.27180519134625003 -0.9574022346101505 -0.0974828144891103 0.9266426382021409 -0.23303512011655858 -0.295005175985163 0.2597216953259858 -0.17051567070434054 0.9505098879134528,108.544471056693 91.43085107996741 749.856368054684,0.69
51,1528,4,0.79030841588974,-0.21344781504037047 -0.9768650373279577 -0.01321851356015194 0.9228165656825318 -0.19715959724378918 -0.33096477050671835 0.32070175608560325 -0.08284197040700399 0.94355052412825,86.09834410117097 78.32921122699474 745.8177974143555,0.69
51,1536,4,0.8023214340209961,-0.20661507126332568 -0.9783480609449358 -0.012053380112454548 0.9247170847550232 -0.19123391787716604 -0.32913204313090033 0.31970068108939387 -0.07914960706556806 0.9442069763628862,86.37069208694761 79.2670006967345 737.0994375367427,0.69
51,1545,4,0.8066436648368835,-0.19865279413738968 -0.9800199526242246 -0.00989746633339425 0.9275477025045002 -0.1847357738073938 -0.32485066331224666 0.3165317155673837 -0.07371286410251768 0.9457135331091401,88.97837379866584 89.3669489335873 735.5124074915736,0.69
51,1566,4,0.8381709456443787,-0.2016520614486923 -0.9794561181440039 0.001469266405978692 0.9236042597020314 -0.1906520798333744 -0.33257624075611764 0.3260239524540418 -0.06570766382612875 0.9430752278268988,92.2377356198313 88.54262464537189 727.3091829797958,0.69
51,1571,4,0.869555652141571,-0.19359702011993707 -0.981026636302638 0.010340825180443103 0.9234254897203186 -0.18576975445975918 -0.3358198375062894 0.33136921814717574 -0.05546473828201626 0.9418694729482621,94.8940948418966 90.45622059986233 726.1538507139417,0.69
51,1584,4,0.8529426455497742,-0.19931271514622728 -0.9799153511337454 0.006351865353409453 0.9187304613260286 -0.18911487646748304 -0.3466553085275801 0.34089409060982856 -0.06325715857606631 0.9379710821108401,95.67136908329893 85.91677144358718 723.4123786564656,0.69
51,1588,4,0.8802627921104431,-0.20812908904671912 -0.9780774901945121 0.006834139842542275 0.9143931052349382 -0.19704838509769584 -0.35363425036214713 0.3472283562605313 -0.06735248403136096 0.9353588143078648,94.61661411170743 80.49455840416117 719.4020670077251,0.69
51,1603,4,0.9165650010108948,-0.23642284637722555 -0.9714315685480518 0.02061420236541356 0.8997738237701994 -0.22689256204644792 -0.37272889792173713 0.3667578271405325 -0.06957350728740266 0.9277112823044058,101.19730163088794 70.90924634258269 710.8960330541954,0.69
51,1611,4,0.8697198629379272,-0.243852844090942 -0.9697512602898668 0.010875826174305409 0.8934221929503581 -0.22899348344490789 -0.386469623235177 0.3772698975170584 -0.08452501230985787 0.9222380098008792,97.26594779555374 68.99967354928106 708.5282897794018,0.69
51,1617,4,0.8595978617668152,-0.23652924471336623 -0.9715884365748618 0.008356213816116065 0.8973995027425911 -0.22174890964140714 -0.381446658853106 0.37246214421424806 -0.0827244279935688 0.9243530819662266,96.44095221643663 68.48269754306634 704.1121282408146,0.69
51,1628,4,0.8725862503051758,-0.2409182754288579 -0.9702857045371897 0.022450749100081102 0.8948593128401318 -0.23102687428249946 -0.3819075720413852 0.3757461839961553 -0.07191825171698796 0.9239277949506116,106.10570479811255 80.12768875446899 701.0811668961624,0.69
51,1629,4,0.8747957944869995,-0.23228567583213522 -0.9724594137886895 0.019132520402877357 0.8967986122541562 -0.2217455352088371 -0.38285919954203224 0.37655758372688164 -0.07177469016794652 0.9236085642679305,107.08271891804577 81.1503604681037 701.9030543655957,0.69
51,1645,4,0.9139142632484436,-0.2345532357160931 -0.9718267997532641 0.023182987219951906 0.8942023590537271 -0.22504981863961993 -0.3869815501971948 0.38129636856107163 -0.07003749289918834 0.9217959800902451,114.5296662477855 80.03190449573748 698.9964869803869,0.69
51,1650,4,0.8813414573669434,-0.22486360904613134 -0.9740400980326867 0.026119815298404542 0.8939459529832778 -0.21689050453966963 -0.3921978355184365 0.3876815580751394 -0.0648413175760772 0.919509985298382,117.67549167777257 80.18903513268278 692.8595985278913,0.69
51,1673,4,0.8911818265914917,-0.20595520892722297 -0.9772025359683768 0.05155245496304667 0.898910569395781 -0.20974735806331735 -0.38466327354455276 0.38670691763181164 -0.032882358224915226 0.9216162489741984,140.62544949414965 80.29837632393047 677.9146546281333,0.69
51,1674,4,0.8930333852767944,-0.2028806219799506 -0.9776827841818967 0.05455113875405393 0.8990311962693402 -0.2080577461770612 -0.3852984328935706 0.3880494315928682 -0.029126410181435913 0.9211782079871379,141.63237759637474 80.76034843371875 679.5424438421112,0.69
51,1687,4,0.8762814402580261,-0.19999829201142272 -0.9784032838360581 0.05222736228579755 0.8958553109143679 -0.20419096054188302 -0.3946508755083473 0.3967920678378482 -0.03214134116370149 0.9173456213931384,140.9117219276162 77.90940021738552 673.1733927302872,0.69
51,1693,4,0.9108520746231079,-0.21388085094469922 -0.9750980709122579 0.05864071710308966 0.8925139091735033 -0.2194625399961263 -0.39402425746428393 0.39708173406869646 -0.03193658782089823 0.9172274259022978,141.88268762440225 81.69110221893152 672.8502040730883,0.69
51,1698,4,0.916594922542572,-0.20969761157834932 -0.9761158313680606 0.05678728247570958 0.8932829836118975 -0.21487158020837138 -0.3948109866862677 0.3975832276238053 -0.03206380781188825 0.9170057193610298,142.05636911236877 84.06510269883559 670.5623311878373,0.69
51,1699,4,0.8949520587921143,-0.20877874695515097 -0.976608066341268 0.051459883181043886 0.8940683559768823 -0.2119271979116697 -0.3946246794437758 0.3962993939695491 -0.036380592937411305 0.9174002631332141,141.18426960460863 84.0745362114781 666.6868159374601,0.69
51,1700,4,0.8894880414009094,-0.21336891542647174 -0.9753338498547771 0.05654721263856127 0.8925289211356723 -0.21813915151880714 -0.3947245058405272 0.3973233328991951 -0.03375191701391872 0.9170577829296042,141.29316188635792 85.11971136178536 667.4088246976341,0.69
51,1708,4,0.9500264525413513,-0.20513179693404826 -0.9771623859471447 0.055449232426536293 0.8932100548956051 -0.21006716905770628 -0.39755198693689253 0.4001209113755472 -0.03202274151544038 0.9159027242594253,144.3054227626029 81.55943001267121 661.5985172814333,0.69
51,1709,4,0.9501805901527405,-0.20738711060604098 -0.9764358432899508 0.05969614973447482 0.8908580014290569 -0.21371893030766587 -0.4008693554239013 0.4041814043771742 -0.0299543447064049 0.9141882353153015,144.8704392974416 81.88079366831934 663.56821031211,0.69
51,1715,4,0.943415105342865,-0.20426404022046074 -0.9774600661602265 0.05336685239790245 0.8917912879313007 -0.20829058420469404 -0.4016507578749222 0.40371338922885136 -0.03445071252837664 0.9142366475719736,143.30129063166848 83.43439377420765 661.5492735758896,0.69
51,1717,4,0.9131464958190918,-0.20026169665877225 -0.9782323190559571 0.05437630739351404 0.8935669370904508 -0.20512623364162774 -0.3993261288856397 0.40178773225440834 -0.03138085764290657 0.9151949846800165,141.54822443787737 84.522984753939 658.8242631927584,0.69
51,1729,4,0.9509969353675842,-0.21575808056942347 -0.9754266843900243 0.044623245611248946 0.8924787039231137 -0.21553856001851734 -0.39626366498691623 0.39614418298482834 -0.04567179134901189 0.917051729054722,142.0819021666078 93.56932748839478 654.7212587128009,0.69
51,1927,4,0.942635178565979,-0.20408277120885443 -0.9710193069795001 -0.1243854009470815 0.904390176626763 -0.13837272013783464 -0.4036476170407418 0.3747380830883449 -0.19487045900984665 0.9064198107326231,96.53873344087292 77.3417726058913 599.267857229673,0.69
53,1,4,0.817645788192749,0.03867056236710675 -0.9952196083337052 0.08968009140449484 -0.6651336424892226 -0.0926130784832353 -0.7409588755949128 0.7457223513045798 -0.03099594944448364 -0.6655354429951905,-29.33886888213994 72.1714126238899 789.5870574007567,0.69
53,14,4,0.8309187889099121,0.020499623635674924 -0.9951020748713644 0.09670380559989022 -0.6469502817525385 -0.08694693036995593 -0.7575589509995597 0.7622565830290394 -0.04703288090206392 -0.6455639470594261,-51.72914145033931 91.77106760916054 787.6237835824331,0.69
53,33,4,0.8084533214569092,0.015010296062997863 -0.9885913094163865 0.1498729927588544 -0.6387371725295883 -0.12480045165550258 -0.7592362423485126 0.76927856816696 -0.08433309085392887 -0.6333233094920909,-76.05933892361695 99.69773333187473 777.2151317243472,0.69
53,43,4,0.8526169657707214,0.016984594479538373 -0.9883768315580422 0.15107204370647626 -0.6355525843865723 -0.12731395235736787 -0.7614880629495745 0.7718707379023477 -0.08308066185600427 -0.6303278254969027,-82.51169891864839 98.56796974379687 781.9212349189581,0.69
53,52,4,0.8492359519004822,0.0009542716984862754 -0.9853472422283077 0.1705576195852727 -0.6147316276884888 -0.1351030438656371 -0.7770792710256151 0.7887357702583211 -0.10410561834650855 -0.6058530390645116,-97.03499788545385 104.59482370170923 774.9313573450445,0.69
53,61,4,0.808403730392456,0.030093448935294864 -0.9824096449105457 0.18429778598212926 -0.6021705566972888 -0.16498483279469545 -0.7811341917971483 0.7978001033956166 -0.0874716784704761 -0.5965431254213747,-103.7245215053045 109.0887696154273 779.7025141280055,0.69
53,75,4,0.8684490919113159,0.05013817927871178 -0.981807768206388 0.18313838829750367 -0.585432546113522 -0.17745458073429177 -0.7910616952725341 0.8091692634607759 -0.0675527798540384 -0.5836794711177848,-96.28033047645079 114.7814283227602 785.8777729734726,0.69
53,84,4,0.8727813363075256,0.03443633792908518 -0.983445036468242 0.17790446558760775 -0.5888990023740032 -0.1637910245263423 -0.7914356987699729 0.8074726643255101 -0.07751361513043786 -0.584790163936153,-99.60888765208715 110.98942641574853 784.8459541451564,0.69
53,93,4,0.7663231492042542,0.05769192467268558 -0.9845969501159466 0.16504692559977469 -0.5772944861202975 -0.16778061966920932 -0.7991124701558086 0.8144953763666574 -0.04917834366662416 -0.5780819772242904,-90.55534511752467 101.68039851756313 788.3798807517062,0.69
53,103,4,0.7813714742660522,0.08422101221995337 -0.9848388726308795 0.15165492427146832 -0.577893923833111 -0.17226136085779253 -0.797724661993217 0.8117545404230377 -0.020455280749963167 -0.5836404266258666,-73.03645906960126 87.71429442931074 785.8175170488486,0.69
53,111,4,0.8685523867607117,0.07792272898325026 -0.9837321279776555 0.16186151084293132 -0.5645467261765286 -0.17735626212991473 -0.8061214240092298 0.8217146963947807 -0.028563204789700647 -0.5691828362318867,-83.69516943800524 94.9416900471701 799.3832138992691,0.69
