scene_id,im_id,obj_id,score,R,t,time
48,1,19,0.6487630009651184,0.16647470503915085 0.24027614613801912 0.9563229298616598 0.4215414361620586 0.8594197899950946 -0.28931028699860734 -0.8913972123473108 0.451292585981477 0.041785304325737016,42.56233658233416 -27.967520023150982 862.1283858904832,0.69
48,36,19,0.4360417127609253,0.28025400895627073 -0.9549307393478486 -0.09780068257691316 -0.4011348466268699 -0.023942018879982152 -0.9157060743238457 0.8720943327906541 0.29586156016035986 -0.3897658424412045,-35.65428985432056 76.43658143576988 532.8973123852098,0.69
48,47,19,0.6346638798713684,0.11001277311304458 0.21581614625302514 0.9702167699893003 0.5386100098996194 0.8074473436244347 -0.2406824557581545 -0.8353421137401789 0.549046608486326 -0.027411215254954158,50.76358631296056 -35.30523534301102 831.0222674212612,0.69
48,83,19,0.7718373537063599,0.12845495321088385 0.2289752173599609 0.9649195172813889 0.37773186095850414 0.8883418360522122 -0.2610889188307498 -0.9169612675639114 0.3980190097901647 0.027620674018601576,72.23755296863892 -21.462854150165224 878.3338156569752,0.69
48,112,19,0.3918934762477875,0.10488802211521864 0.23145380034127316 0.9671750829732637 0.4195391508227331 0.8714625686948125 -0.25404702771490795 -0.9016570322155191 0.4324143032687763 -0.005697945672025417,83.08164226051916 -33.66469018379155 871.8239982895183,0.69
48,1024,19,0.832993745803833,-0.5579191457663188 0.08441958424528082 0.8255904314993209 0.051948251441439636 0.9964143933194836 -0.06678125454004602 -0.8282678346764155 0.005629438836987792 -0.5603041169390268,146.8465947270527 8.016675349209354 976.7472867236116,0.69
48,1027,19,0.8218719363212585,-0.5691552736384773 0.08494852270897288 0.8178300697449769 0.048319215749953515 0.9963853102650341 -0.06986821077830124 -0.8208090690768591 -0.00024895303734775304 -0.5712025999096693,159.01525612489812 14.524611579679426 977.3561169677688,0.69
48,1059,19,0.8547588586807251,-0.5853220791948275 0.05291514322287211 0.8090723399206947 0.025247454650276207 0.998573709743536 -0.047043726922030224 -0.8104076934733082 -0.007108714844135798 -0.585823212695211,166.94252982184983 -0.9985409468530235 987.3350383672781,0.69
48,1074,19,0.9113245010375977,-0.5703703508099764 0.05946317526555914 0.8192324418040601 0.014197026252364218 0.9979408372430613 -0.06255021829064682 -0.8212649434637368 -0.024046125466596128 -0.5700400656862206,146.01206548387472 24.359314184269824 1014.0912442987229,0.69
48,1075,19,0.9108900427818298,-0.5769902017073925 0.0609509039759578 0.8144736302902483 0.005428158209064601 0.9974757337253468 -0.07080039355496892 -0.8167330299627412 -0.036430041635917634 -0.5758645759501841,146.19249753698617 22.750035775987005 1016.0026363203649,0.69
48,1083,19,0.8601646423339844,-0.5812316154131165 0.04434170662541054 0.8125291516602992 0.005003752462158142 0.998690118620535 -0.050921600829109445 -0.8137227855391275 -0.025531549566129675 -0.5806921458666336,154.31316517455613 23.44604614766884 1017.1174091184209,0.69
48,1087,19,0.8945303559303284,-0.5762562574890118 0.043021149006244194 0.816135960758341 0.007636639056003057 0.9988533964683644 -0.04726070362934644 -0.8172333861564188 -0.021001740446808803 -0.5759240570157829,151.84211829522357 27.667473067050974 1021.502491856622,0.69
48,1090,19,0.9055653214454651,-0.5845369848743489 0.04481250299348842 0.8101286026856871 0.00039307422983423865 0.9984891343098611 -0.05494810422384025 -0.8113669692603065 -0.0318007584909977 -0.5836714426393861,146.12419570300668 27.452092878552797 1032.4780739024088,0.69
48,1094,19,0.8578610420227051,-0.567984963643458 0.06094470690282572 0.8207794001895203 0.008659086735467534 0.9976419463299931 -0.0680849993743903 -0.8229933786439887 -0.03156405587740185 -0.567173350118569,136.47720490027743 24.80000655688815 1034.2412234893477,0.69
48,1097,19,0.8514553904533386,-0.5685917939145768 0.06344277946684246 0.8201697297672752 0.006388467814647303 0.9973320822760218 -0.07271798362135586 -0.8225950154067219 -0.03610722083595132 -0.5674801399445792,138.56479867794886 23.64382403485057 1022.2592126259516,0.69
48,1103,19,0.9151374697685242,-0.602394309403816 0.04792686385831102 0.7967585027589019 0.0022614134686505492 0.9982942134842988 -0.05833994628801983 -0.7981954535118727 -0.03334185124542658 -0.6014751357691392,151.0295060196587 17.754434930615314 1030.9875510153713,0.69
48,1104,19,0.9137732982635498,-0.5989983824201268 0.05033490418338757 0.7991666505047124 0.008115328895335783 0.9983527180584416 -0.056797814942498165 -0.8007091102859967 -0.027536299064524497 -0.5984201475041069,148.5464401446509 16.337837260630597 1027.3468586116228,0.69
48,1107,19,0.9185733795166016,-0.6010798593037738 0.048492939516205896 0.7977163891737675 0.0029572676148357513 0.9982855369672106 -0.05845717449845078 -0.7991834941411204 -0.03277836937929764 -0.6001927367048225,147.84186945480351 13.707040001584355 1029.7456999126152,0.69
48,1113,19,0.8690510988235474,-0.6109884441981914 0.03874040536229999 0.7906910281827144 -0.002842788629307376 0.9986880598796939 -0.05112805107318261 -0.7916344103240349 -0.0334864158443027 -0.6100767331613457,160.88945534398732 21.16064792234022 1029.8403320857915,0.69
48,1119,19,0.8983036875724792,-0.6219937895302297 0.03298308496228407 0.7823271961859662 0.0026700183745379576 0.9991959720188974 -0.04000350613496735 -0.7830176222714941 -0.022793104386666835 -0.6215817545622735,165.93342778198036 18.20987135326909 1041.4648409639092,0.69
48,1120,19,0.8983078002929688,-0.6252352670396999 0.03613193058803833 0.7795994769378545 -0.002216340156118695 0.9988414821290594 -0.04807058783223062 -0.7804331801545263 -0.03178328444646656 -0.6244308401606118,166.56506739120113 18.471496197539285 1044.6331237271252,0.69
48,1122,19,0.8928303718566895,-0.6255599637619262 0.0319093661666911 0.7795232671890034 0.006270385610284354 0.9993365995516523 -0.035875382378992265 -0.780150891816754 -0.01755429142348386 -0.6253450510319432,166.50277566158465 18.81433320018005 1045.603757581876,0.69
48,1124,19,0.9018999934196472,-0.6228582100842379 0.0348237707452026 0.7815593100473851 0.0031791619444332224 0.9991132392813762 -0.041983663751589614 -0.7823282834334894 -0.023665166041273486 -0.6224165942969777,164.54833561407872 14.559901998113569 1042.668313407341,0.69
48,1126,19,0.9011788964271545,-0.6286190563283924 0.0366526931569747 0.776849188778068 -0.0015702576947021277 0.9988269678819414 -0.0483965135370245 -0.7777117822892834 -0.03164282408553048 -0.6278241118118342,164.41140096474695 15.185341987959182 1051.4705060692995,0.69
48,1128,19,0.8656389117240906,-0.6361899153135608 0.03833893738653406 0.7705793388959997 -0.0037661287327001615 0.9985983768964308 -0.05279297239389619 -0.7715233035545287 -0.03648845762546528 -0.6351538274563269,163.0846100366896 18.99687817952754 1046.246334119473,0.69
48,1132,19,0.8292142152786255,-0.637130692920979 0.04532726492996142 0.7694218083678176 0.002375777525551046 0.9983800134093911 -0.05684808269249857 -0.770752123460703 -0.034391683277111604 -0.6362062372392969,161.61897656760462 21.428993729269205 1059.6924027632078,0.69
48,1133,19,0.8325535655021667,-0.635269327827539 0.046657087436580605 0.7708800148618995 0.002469673706906754 0.9982910394144943 -0.05838579738695146 -0.7722867225540839 -0.0351868841567992 -0.6342989053671839,159.01165478375356 20.02607989347423 1054.4060834724642,0.69
48,1137,19,0.9021685719490051,-0.6416751630772677 0.05135924744521013 0.7652549985407636 0.008227272149283652 0.9981589564189207 -0.06009167757412547 -0.7669323940757385 -0.03226337587036902 -0.6409163576432606,153.83472921569185 23.10126994580506 1064.7473871246239,0.69
48,1540,19,0.8725461363792419,-0.7262544802365847 -0.06701028512772615 0.6841520676161034 -0.06082392145930981 0.9975980710428798 0.03314421864876253 -0.6847297864958118 -0.017541674339301528 -0.7285858968898411,152.81983995919845 43.14552143957358 1002.6176654524686,0.69
48,1542,19,0.8940399885177612,-0.7271804059996594 -0.07784543068257606 0.6820181420255736 -0.06652980042225363 0.9968640610625601 0.042846579999290355 -0.6832147852512754 -0.014217337433736812 -0.7300790536170378,152.27387500320185 45.56444308242958 1000.5883537056932,0.69
48,1543,19,0.920083224773407,-0.7219098609702446 -0.08120687545772994 0.687205643175546 -0.07795540896341853 0.9963123631555321 0.03584172480204159 -0.6875820728082351 -0.027696902386943154 -0.7255782347554947,147.81322874224045 48.33968847450352 996.4571059645212,0.69
48,1568,19,0.85786372423172,-0.7187546980163593 -0.089350324196547 0.68949851605742 -0.11320127274485671 0.9935140025327056 0.01074237498821887 -0.6859862651164065 -0.07033097708275421 -0.7242074272846339,140.67584261111244 67.75212115081271 1012.1784582625935,0.69
48,1569,19,0.8643048405647278,-0.724160058793438 -0.0878308855680427 0.6840160413240456 -0.11182567384173747 0.9936852023352726 0.009205288140509211 -0.6805051270329464 -0.06982445273857746 -0.7294088825080431,141.46529569680027 68.17044382115377 1008.7553662947553,0.69
48,1571,19,0.878843367099762,-0.7236979294502124 -0.09031441580684282 0.6841817106638736 -0.11954501967430511 0.9928180969056376 0.00460594482576402 -0.6796839671351279 -0.07845720332854514 -0.7292970396658127,143.25615515933535 69.7272320090171 1009.9925469014551,0.69
48,1572,19,0.8893333077430725,-0.728263062592404 -0.09070895141820988 0.6792678395126192 -0.12318716529596295 0.992383353435744 0.00044958866998263264 -0.6741348781734094 -0.08334966080456424 -0.7338903188310135,145.05167283200072 70.43865812198018 1004.0421321004154,0.69
48,1576,19,0.9016451835632324,-0.7255813606783004 -0.09186040865392078 0.6819775321505551 -0.11155130774481939 0.9936430763965435 0.015157257985316842 -0.6790346049920043 -0.06507766169084081 -0.7312160441156947,148.45288277454932 78.90243213290793 1001.5249165696374,0.69
48,1577,19,0.9055510759353638,-0.7265876441527308 -0.09460900949608832 0.6805288610240964 -0.12354409698926828 0.992320643571601 0.006049499214810489 -0.6758751744691406 -0.07967983222756429 -0.7326963033020544,148.895765589387 80.09131294105794 1009.129149445072,0.69
48,1579,19,0.9010734558105469,-0.7285278547867513 -0.08990124657869533 0.679091253561266 -0.11507993941870759 0.9933236702167269 0.008043241296753864 -0.675280513818666 -0.07229005499214836 -0.734009792581837,148.36013670007696 79.47478738625998 1003.7999299968338,0.69
48,1580,19,0.9095720052719116,-0.7311333527889265 -0.08812869984113256 0.6765185531113947 -0.11629429707091024 0.9932079049695005 0.0037005371067760987 -0.6722496983327001 -0.07596966348752185 -0.7364162907766141,147.87423312555177 80.13643382988468 1006.0786372371883,0.69
48,1583,19,0.9273677468299866,-0.7402918454809695 -0.09051133595048168 0.6661649056944079 -0.12673198189321203 0.9919184683759251 -0.006062743617987698 -0.6602325259178004 -0.08891259842799508 -0.7457798345094773,149.7991539556534 82.26951507979831 1009.1576347020963,0.69
48,1586,19,0.9154692888259888,-0.7320015212885165 -0.09354657320434909 0.6748502141016337 -0.13087638018731293 0.9913883210292743 -0.004535420137370849 -0.6686143476925719 -0.09164188763049298 -0.7379407960610096,151.18802594191476 81.13565176778845 1005.3775264269267,0.69
48,1587,19,0.9184331893920898,-0.7320395042404746 -0.09922542536926017 0.6739973881193083 -0.1324932996751484 0.9911818467423965 0.002017976591449512 -0.6682542104413197 -0.08782289934078524 -0.7387309717203057,149.90423857898335 82.21331939018759 1002.7005768658477,0.69
48,1588,19,0.9162116646766663,-0.7374089852426569 -0.0976531129728072 0.668350101376603 -0.12436158212028857 0.9922066175249274 0.007760478869311499 -0.6638992283290696 -0.07739442916943354 -0.7438063706083753,148.62178479681054 82.72297898726411 1002.6066392349013,0.69
48,1589,19,0.9234444499015808,-0.7372810833430155 -0.094082222216083 0.6690030938698514 -0.13207719398315945 0.9912202860159052 -0.006161121657792423 -0.6625497860342907 -0.0929025298548475 -0.7432340822193806,149.27737381595364 85.06016470617237 1005.1976235317734,0.69
48,1597,19,0.860047459602356,-0.7341060590604334 -0.09788059866850723 0.6719432137130746 -0.15195583788048173 0.9881407795680183 -0.022073130470094744 -0.6618139597989762 -0.11830971286840186 -0.7402736618684984,142.76024469549222 100.07766693359717 1009.411173905052,0.69
48,1605,19,0.8514587879180908,-0.7481643939051601 -0.0847508881590299 0.6580785110066889 -0.12266508522135067 0.9923797078273607 -0.011652997902724754 -0.6520761585583112 -0.08944161474804518 -0.7528591375490499,157.85643860852554 82.94857755749493 1007.9923605958687,0.69
48,1608,19,0.8381903171539307,-0.7479097359695359 -0.07737239869395726 0.6592757683718726 -0.1202297396793694 0.9925464498900478 -0.019908654080419703 -0.6528214430750654 -0.09415443022506198 -0.7516376166281087,158.11413343064433 78.56064084584054 1004.4402675645006,0.69
48,1609,19,0.8493008017539978,-0.7472748166719339 -0.07408300569322476 0.6603726649668246 -0.10985919198286184 0.993864469474212 -0.012820852296775945 -0.6553711210488306 -0.08212870743047565 -0.75082858836821,157.086244072905 77.59888893922363 1004.1049351546543,0.69
48,1611,19,0.8674343228340149,-0.7507837358300598 -0.0717092772215071 0.6566441666332146 -0.11353109886307322 0.9933053906733281 -0.021332849088909055 -0.6507184272817259 -0.0905658899347658 -0.7538987650714926,155.26990889264124 77.01595586455076 1007.4750108651873,0.69
48,1619,19,0.9331797361373901,-0.7482697665967786 -0.06502423305737812 0.6602001253502626 -0.11577342510619587 0.9927124699425939 -0.03344347559173229 -0.6532142607417438 -0.10145837144255034 -0.7503448063576124,149.09553686723382 71.08327518949613 1001.3548985915791,0.69
48,1622,19,0.9339516758918762,-0.7516268225336924 -0.06393330454328981 0.656482788973238 -0.11245039572503936 0.9931410295113721 -0.032028175133374005 -0.6499323258226105 -0.0978949849137686 -0.753660761735375,150.88396117770242 70.93007398243725 1003.0718995210615,0.69
48,1624,19,0.9153155088424683,-0.7473130234400367 -0.06251093696707216 0.6615252283597434 -0.10718427650099893 0.993867902741168 -0.027168414967193577 -0.655770368244761 -0.09120841332010415 -0.7494306168497258,152.13665325849854 69.59076885479469 1001.051956924206,0.69
48,1626,19,0.8990442156791687,-0.7551395252037785 -0.05856649334351505 0.6529427718663073 -0.11252493115696707 0.9927990849941358 -0.041086697396193916 -0.6458346826728435 -0.10449852961764866 -0.7562920202968015,153.90300822400476 69.96211499945098 1002.5971706019077,0.69
48,1631,19,0.863082766532898,-0.7579834504116139 -0.06343238604020962 0.6491821172085307 -0.11173388047133925 0.9931761820763416 -0.03341573448359225 -0.6426325768718243 -0.09786421081022051 -0.7598986559966872,156.56727286509064 67.77774805792365 996.8145595414439,0.69
48,1639,19,0.9069496393203735,-0.7559370300586772 -0.06802576623926962 0.6511003776021229 -0.12605888764310716 0.9910986975673839 -0.04280804277723796 -0.6423926863159708 -0.11443717406418072 -0.7577834583573035,160.9327637979624 72.91904197010913 992.7681387037177,0.69
48,1641,19,0.8913125395774841,-0.7637124461346589 -0.07315611345189912 0.6413980688181317 -0.12029763914832134 0.9922826189257734 -0.03006130724284222 -0.6342489870976195 -0.10011686792155033 -0.7666190938942383,158.93792147179548 73.65218913805487 988.1169401245909,0.69
48,1643,19,0.8640049695968628,-0.7628597364583816 -0.0832170203898971 0.6411863613709169 -0.14272514020715085 0.9888934352374573 -0.04146454023753304 -0.6306144280330871 -0.12314504156354941 -0.7662641462934396,157.83663751820905 75.8274812373339 996.7489406612594,0.69
48,1644,19,0.8545301556587219,-0.7592550352406586 -0.0773776425078589 0.6461768271159467 -0.11786248450735355 0.9928365016261831 -0.019598872019478693 -0.6400314259530229 -0.0910405485407906 -0.762936034221698,155.97857535697233 74.8231804899992 993.0596375106405,0.69
48,1645,19,0.8668407797813416,-0.7642575853995011 -0.07895136628314378 0.6400601728910728 -0.12329148739531895 0.9920594526567752 -0.024844547292908165 -0.6330162338322572 -0.09790160446266705 -0.7679229932411589,155.0356790507898 75.46902660950414 995.7080979063038,0.69
48,1648,19,0.9061380624771118,-0.7648844169864302 -0.07895080855896734 0.6393110342229477 -0.1275308048317252 0.991376196652915 -0.030151791472037323 -0.6314172332699687 -0.10459448617344076 -0.76835686434873,153.47110595050748 73.6067558958348 999.9369097900128,0.69
48,1649,19,0.9078081846237183,-0.7565056938561212 -0.07126580497066877 0.6500925474154825 -0.12997542737281234 0.9905991765377397 -0.04265746970938312 -0.6409411232262473 -0.11676667540285096 -0.7586567208381152,153.21055998263876 71.89138556038124 1005.1419423926908,0.69
48,1724,19,0.9175921082496643,-0.7854920962880534 -0.03182569508297055 0.6180528228246239 -0.09629980412643079 0.9927978048782701 -0.07126616556332611 -0.6113333905441541 -0.11549737556054739 -0.7828996371466876,142.70627818925635 45.50588851407642 970.1691914691913,0.69
48,1874,19,0.8327516317367554,-0.8246652595746078 0.007885314192589869 0.5655661159146909 -0.05481534514598914 0.9940820924537336 -0.09378737334701753 -0.5629586908355456 -0.10834489043277912 -0.8193527305927759,106.22002514450698 12.249910152061041 907.345748767107,0.69
48,2040,19,0.8890600204467773,-0.8635183960140844 -0.010916484463591003 0.504199177024536 -0.054452128178321305 0.9959391939916156 -0.07169440430174963 -0.5013690711263659 -0.08936415522057624 -0.8606062411344679,120.4728627230434 12.596956001642607 810.6789449415928,0.69
48,2050,19,0.9209089279174805,-0.8642438949498619 -0.013190905436770019 0.502900079593999 -0.05059684201307139 0.9968664946138475 -0.06080420622460534 -0.500522176951428 -0.07799481989246614 -0.8622032002084805,120.62798999718149 19.02598040822518 811.6100062785996,0.69
48,2051,19,0.9191016554832458,-0.8672330112253761 -0.0109910112243197 0.49778117874547384 -0.0600007861885898 0.9947775361462046 -0.08256851237389293 -0.4942740230860991 -0.10147340169302227 -0.8633633874859004,120.75541187762563 19.104248853514083 808.990159228339,0.69
48,2066,19,0.9105107188224792,-0.8692878404650186 -0.01595893979068478 0.4940485428178308 -0.062246414524485545 0.995056558341186 -0.07738106732941798 -0.49037132287533963 -0.0980191713031247 -0.8659839535225458,118.42380678866004 14.333396427700109 807.7832149847551,0.69
48,2069,19,0.8939429521560669,-0.8670544699652767 -0.01353352775218037 0.49802950689674436 -0.050972722377314615 0.9967950900663793 -0.061654926753698276 -0.49559895852057495 -0.07884409962793446 -0.8649654792343922,116.44878612180304 12.103044973177125 802.5611467844997,0.69
48,2070,19,0.886578381061554,-0.8603712704419539 -0.01464903585845807 0.5094572432957605 -0.056502574918780274 0.9961667616683437 -0.06677755592077997 -0.5065261454511956 -0.08623913668180408 -0.8579009705547205,115.95144974944539 12.407300483795217 797.8247185786694,0.69
48,2083,19,0.9027997255325317,-0.8765416867942246 -0.01949000279687477 0.4809311916510649 -0.05577965178629586 0.9965609415924542 -0.06127740316756789 -0.47808294443384514 -0.08053837273833443 -0.8746143543060143,119.23786075644288 10.6155912530153 796.1346174944279,0.69
48,2090,19,0.8962265849113464,-0.8769335276513361 -0.013792742890083566 0.48041372620331246 -0.058447826055337444 0.9952295061090249 -0.07811582297711075 -0.4770444839953484 -0.09658152211243276 -0.8735562774521499,114.02901730206696 7.319423366904916 799.5241014452857,0.69
48,2104,19,0.9096279740333557,-0.8770725716960863 -0.018650044205463776 0.47999570813659137 -0.054058713441352796 0.9967304055089047 -0.06005126339320454 -0.4773063580966414 -0.07861726645711216 -0.8752130974427499,115.11462749188686 5.073590212589335 784.8099220827955,0.69
48,2133,19,0.885994017124176,-0.8940781314473116 -0.017941762787869464 0.4475515478866633 -0.052845776349386045 0.9964440603987074 -0.06562437365924195 -0.4447826646686167 -0.08232452638309534 -0.8918469899966499,121.03337753068159 6.503646840608672 771.2885085735272,0.69
48,2144,19,0.8774524331092834,-0.890125301226006 -0.01602538493291517 0.45543400746437934 -0.050872682983615386 0.9966292043729703 -0.06435991855921398 -0.45286744003445534 -0.08045754177609445 -0.8879401250805077,118.12944159443865 9.407679232803057 764.3100590647676,0.69
48,2160,19,0.9120688438415527,-0.9029079106847564 -0.017621337517840445 0.4294726921318407 -0.05464732995759817 0.9957574308772444 -0.07403248058288502 -0.4263460732215014 -0.09031404828060917 -0.9000402205078251,122.37851512456169 4.548512255910069 759.6490297323849,0.69
54,1,19,0.7824645042419434,0.9911883469987446 -0.11331822566052657 -0.06859038203018207 -0.12069334199075474 -0.5592666072461165 -0.8201548507559538 0.05457818220680375 0.8212063332394411 -0.5680152993313059,91.57349785187452 73.68860006548883 949.8232762821721,0.69
54,22,19,0.7656427025794983,0.9940488281233859 -0.07818616271304882 -0.07585414469053028 -0.1068861133815894 -0.5656074892655776 -0.817718488755677 0.021030598486521078 0.8209598601922623 -0.5705984769348764,111.8209547495415 73.66364827120731 954.6094839215261,0.69
54,32,19,0.7546137571334839,0.997726437733331 -0.03493000130441254 -0.057635496500257385 -0.06736528690762315 -0.5418710856022781 -0.8377575094907012 -0.0019681381585291806 0.8397354473863078 -0.5429921775082094,110.7366575739402 96.82387342388108 951.512975114788,0.69
54,38,19,0.7763034105300903,0.9959998994077512 -0.05708475927682104 -0.06874249513988222 -0.08867270645772095 -0.5366031603422994 -0.8391627967445408 0.011015966104350041 0.841901644237 -0.5395185538253748,103.02377564689652 76.74184283267263 961.7900323463282,0.69
54,43,19,0.6991806626319885,0.9974333440899918 -0.04072180705622119 -0.0588936204315194 -0.07159882276391695 -0.5606272630615685 -0.8249670784285373 0.0005767809611918022 0.8270663856923283 -0.5621039592295647,99.190547250515 50.69453134085568 961.1659870535609,0.69
54,50,19,0.7450156807899475,0.9964930073612117 -0.048036023805389794 -0.06851442692729798 -0.08367585956724077 -0.5701790716157749 -0.8172479286098293 0.00019184861591365482 0.8201148497060282 -0.5721989133909358,92.8821976669912 50.111420888967444 958.325194208928,0.69
54,56,19,0.7665678858757019,0.9967181112906363 -0.048202456396592604 -0.06503483545424994 -0.08087820823162026 -0.5589908593747002 -0.8252199310297691 0.0034237491831982103 0.8277715520195587 -0.5610548418904,80.69435150472881 58.697927168582176 962.9395335905496,0.69
54,63,19,0.7515231966972351,0.9971805763418016 -0.014239615484014399 -0.07367585437237735 -0.06900988498211022 -0.5596260646831428 -0.8258670010976435 -0.029470899908015297 0.82862289437242 -0.559030915943372,97.80350339420289 46.43478890678555 949.8654752008861,0.69
54,69,19,0.728992760181427,0.9986337086433172 0.007968218167840518 -0.05164516880138875 -0.03809161108037431 -0.5655740901954824 -0.8238173205661883 -0.035773525498554753 0.824658993765776 -0.5644978289370317,99.537873239757 53.118967606556026 949.6842191012455,0.69
54,81,19,0.764173150062561,0.9959084078862758 0.07945236033159356 -0.04305537758703422 0.0072480175874184635 -0.545136412310977 -0.8383160252636052 -0.09007724097948351 0.8345739118918442 -0.5434818085705069,133.71133005579622 86.74844537436275 947.2108092680638,0.69
54,86,19,0.7616516351699829,0.9952375560493391 0.08261719402606868 -0.05173592833029622 -0.00012619599691580247 -0.5296453444976079 -0.848219189317585 -0.09747918292388888 0.844186121837637 -0.5271125122715472,127.98385880935164 91.14305826006404 948.3620864765163,0.69
54,90,19,0.7699684500694275,0.9942523284929305 0.09675954347909041 -0.045824644375092496 0.013132214381624367 -0.5350059374793679 -0.8447462292353003 -0.10625371632004567 0.8392891263489248 -0.5332015661648404,123.87602127308054 82.45221602524411 941.0531202649031,0.69
54,135,19,0.8135979771614075,0.9935104476881281 0.0977996573536574 -0.05807079606861376 0.001346146900035615 -0.5206280330056607 -0.8537825479225846 -0.11373292497363657 0.8481637095927673 -0.5173810428560146,122.23865044538583 75.95575227891166 1033.4680574372644,0.69
54,202,19,0.8234217166900635,0.9930710404027009 0.10074522225653107 -0.06050048682431769 -0.008194335637436302 -0.4542117869060378 -0.8908560520640164 -0.11722952519292365 0.8851791077675221 -0.4502390316209106,123.78439288185862 88.38781865923 1097.7334360638288,0.69
54,390,19,0.7941625118255615,0.986154401068657 0.14886187013914112 -0.07307284633566558 -0.00507650315199229 -0.41334340940534764 -0.9105610660559297 -0.16575200260831277 0.8983247572675713 -0.40686472458483447,118.1360855095572 92.07801684278944 1037.2118041739627,0.69
54,479,19,0.7235169410705566,0.964184535685897 0.26022357181075195 -0.051301791569355756 0.07099937304057165 -0.4395893959216115 -0.8953883247067267 -0.25555287157849926 0.8596771810786461 -0.4423210080480644,134.76735559221225 71.89085078140663 947.4846030219834,0.69
54,514,19,0.6777347922325134,0.952564443228421 0.3012770582550164 -0.043047829981681496 0.097076677233423 -0.4348507734645206 -0.8952546696636807 -0.28843907542884356 0.8486088256590971 -0.4434703606547368,145.35106731694952 66.54676264749556 893.3032376239977,0.69
54,520,19,0.7237253189086914,0.9505738282340578 0.3086117643044721 -0.03417858992598907 0.10829339981197378 -0.43268384567726303 -0.895018004984871 -0.291001609331653 0.8470793756330133 -0.4447185567789731,147.77946621074798 70.51252242669021 887.8117238468959,0.69
54,524,19,0.6800225973129272,0.9491432142606145 0.31149216395540547 -0.04582347234123643 0.0991499489373291 -0.43385641111767104 -0.895509855980279 -0.29882511013760926 0.8454237081644174 -0.44267630072635744,145.50379395101484 70.36250568982206 890.2890736700604,0.69
54,530,19,0.6492526531219482,0.9517098520362292 0.3040361721670949 -0.042548367197336914 0.09919191314421288 -0.43569243070114116 -0.8946133635244462 -0.2905328241420747 0.8471918978860178 -0.4448107083381856,140.09739176536345 75.11299543550204 885.1272886912018,0.69
54,537,19,0.5860646963119507,0.9513513907546528 0.3030101322755489 -0.0558156881847956 0.0816628419750906 -0.4226573476282305 -0.9026028732152478 -0.2970887267294728 0.8541344310085057 -0.42684032402765926,141.34774371766318 88.05581345358688 876.7842599704359,0.69
54,543,19,0.5299751162528992,0.94968839617161 0.3085587000681132 -0.053698033383647134 0.08538826640227182 -0.4200409678487358 -0.9034790696466144 -0.3013317011829485 0.8534384066474707 -0.4252553255647915,144.03359216715367 94.28729464502688 874.1870314411267,0.69
54,560,19,0.6526263356208801,0.9481421662297336 0.3139358706670813 -0.049706153801012704 0.09006518657961357 -0.41533501014592367 -0.9051989237253132 -0.3048191181398695 0.8537804743934986 -0.4220713289964686,148.445334485578 101.69401900636012 864.444293129348,0.69
54,561,19,0.6787176132202148,0.9489171322069426 0.3127051631819745 -0.04209224540798956 0.09581002911956257 -0.41267018757719787 -0.9058276627510938 -0.3006272019033878 0.8555225287532383 -0.4215501017333583,147.1560202199887 100.41197309319593 857.6868561381253,0.69
54,568,19,0.5557214617729187,0.9552034314724099 0.29360556197952126 -0.0371776610079574 0.09163713507008713 -0.41287127384886557 -0.9061677254827395 -0.281405472547141 0.8621676665272854 -0.4212812300772677,137.6072450795178 99.56615685570665 857.2993828719545,0.69
54,577,19,0.6280384063720703,0.961012263638392 0.27232131637065426 -0.04792212210209311 0.07266753428607152 -0.4159593773131711 -0.9064751656201187 -0.26678616642808994 0.8676513683936613 -0.4195309813675392,134.44808033485853 100.43746736259979 860.3493508330259,0.69
54,583,19,0.6554176211357117,0.966180626265062 0.2511420676783082 -0.05850349794941054 0.056968224245233734 -0.42915384132178813 -0.9014330823223089 -0.2514947690438062 0.8676143396239009 -0.4289472448012519,135.2744177338518 100.0141133792719 863.0771022253949,0.69
54,588,19,0.47951894998550415,0.9712687941636788 0.23412368089215113 -0.04269697330424449 0.06306217086750511 -0.4261911918752954 -0.9024323966776643 -0.2294778684085042 0.8738118619093161 -0.42871055258444923,135.5195759907082 100.2458414900682 853.1336252657179,0.69
54,589,19,0.617060661315918,0.9704261523028348 0.23522931791905494 -0.05422408061047573 0.05552739172379134 -0.4361187301460945 -0.8981743494356267 -0.23492507676931346 0.8686009562549968 -0.43628269172388445,137.90143926555433 102.0245321485743 867.0824011881166,0.69
54,595,19,0.6586765646934509,0.9731177210679027 0.22607573697035271 -0.04395067800300083 0.058092829955379455 -0.42561117837340046 -0.9030395051997343 -0.22286122150653964 0.8762105260706 -0.4273031593046037,138.3717577906954 103.28852309195061 857.7682109685638,0.69
54,598,19,0.7141013741493225,0.973569103575782 0.2197613543560229 -0.0621944345922911 0.03992228807424904 -0.43186672692192607 -0.9010534618393404 -0.22487643602112897 0.8747548669823733 -0.42922547828977486,139.91671976309712 106.44597511675096 864.9802438352584,0.69
54,604,19,0.5495808720588684,0.976664492747019 0.2087558155258909 -0.050472547898120626 0.0461502409421914 -0.43350638424617216 -0.8999679828076039 -0.20975372194119835 0.876637453170882 -0.4330244240569856,138.01839322932094 109.99677453615818 867.6712444098191,0.69
54,681,19,0.7186927199363708,0.9982560266863931 0.01864067780298977 -0.05601276921685169 -0.04154675346604812 -0.45221858512656854 -0.8909389533197865 -0.041937721215232746 0.891712328274747 -0.45065546833707004,106.80973564299188 99.83098021750737 895.9931479463983,0.69
54,741,19,0.7203207015991211,0.9948192189966137 -0.09648143090598736 -0.03203209336432113 -0.07251139137193373 -0.4525921263689865 -0.888764572465682 0.07125180444222909 0.8864827695105716 -0.45724334847496007,121.10711710284045 107.17510118339189 930.5213614597067,0.69
54,866,19,0.8064706325531006,0.9782127999231365 -0.1981258830342983 -0.06201493802639346 -0.1434264562422044 -0.4289873260663528 -0.8918512912611855 0.1500952021762884 0.8813149315348744 -0.4480573866563733,148.70847860657508 99.66884557807627 937.3657611506825,0.69
54,1012,19,0.8105058670043945,0.9672369075487056 -0.24861044085212436 -0.051435526389152345 -0.15721309924069593 -0.4274614582545888 -0.8902588068275403 0.19934092932148156 0.8691775137485858 -0.4525413168883867,179.8379977743067 98.57718616219498 935.0111098385562,0.69
54,1024,19,0.860784113407135,0.9665241005043446 -0.25320895484896055 -0.041429317259216336 -0.15221454072062782 -0.43588367316532506 -0.8870378554836952 0.20654756531481094 0.863649609883662 -0.4598341598993303,212.10128184103436 98.82055438757274 939.9535600965112,0.69
54,1025,19,0.8741962909698486,0.9630186990010488 -0.26575382867754826 -0.04438341939904811 -0.16370620823989937 -0.44629369717559064 -0.8797853222491592 0.21399827746512867 0.854515557731143 -0.47329472724444255,216.457188746531 100.05629408928368 945.0495877635034,0.69
54,1028,19,0.7909650802612305,0.9635647656330314 -0.262773820527496 -0.049928565730898586 -0.1623911178085459 -0.426396873493309 -0.8898397783489015 0.21253721388842073 0.865526213075326 -0.45353313792051986,215.92211607877016 103.51403264367323 933.7677332600786,0.69
54,1029,19,0.7686543464660645,0.964500748603664 -0.2619173700322342 -0.03372828513828646 -0.1460073683723367 -0.42247284925135253 -0.8945381713635415 0.22004580051424888 0.8677073140874415 -0.44571724529706236,216.67856538216327 104.16729723191423 933.1067083422195,0.69
54,1032,19,0.7103040218353271,0.962627156440091 -0.2668930377396788 -0.046011564743561356 -0.15854801924830414 -0.41760791892411686 -0.8946877397418095 0.2195711348891378 0.8685457572620771 -0.4443160859855755,217.72413155398908 104.83545239060578 932.9679525241776,0.69
54,1033,19,0.8036457896232605,0.9601038657655936 -0.27793848795851617 -0.03083445886174968 -0.1545398360588926 -0.43545181733407645 -0.8868478752589649 0.23306223635083773 0.8562312255995946 -0.4610315415406654,220.60585219100386 105.42695309288449 942.8099298963178,0.69
54,1039,19,0.8660938143730164,0.9571220927817734 -0.2876848548368937 -0.03398122726615091 -0.16144944251056614 -0.43235134075543935 -0.8871338093320542 0.24052313198955685 0.8545816183633073 -0.46025957951300156,207.2363673321249 94.67053305962467 933.7066561177948,0.69
54,1042,19,0.8145272135734558,0.9568092277406783 -0.28844177802868376 -0.03629658934305274 -0.16428524397248143 -0.43346106849994803 -0.8860710246406807 0.2398467434075121 0.8537639268454336 -0.4621262780823834,200.813652637222 89.56992249347546 929.1566632619958,0.69
54,1063,19,0.8294662237167358,0.9322592770089004 -0.35925703173602985 -0.04274371976161584 -0.20913043487543995 -0.43870417408071005 -0.8739582992643138 0.2952238161796092 0.823694744910018 -0.48411761542828535,172.86623412185884 72.13979486098017 950.3496155791672,0.69
54,1068,19,0.8302407264709473,0.9304331414239325 -0.3641665903871805 -0.04094952729602519 -0.2087381419814714 -0.4348158045691699 -0.8759929247311241 0.3012018549446791 0.82360057706551 -0.4805824924352151,168.57702463040886 64.49913746415409 941.5029801826454,0.69
54,1080,19,0.8558131456375122,0.9208096041165419 -0.38698360100851253 -0.04851149881442293 -0.22864232472287666 -0.4348584671775506 -0.8709884045550261 0.3159625932164376 0.8131062698531327 -0.48890268317270325,162.36775550722754 58.08823156898297 942.928767934255,0.69
54,1083,19,0.8849265575408936,0.9240928999649485 -0.37879150746421036 -0.05068832318555069 -0.22607268057521773 -0.4348826143779263 -0.8716468635917618 0.3081289589310089 0.8169419230182835 -0.4875063477363979,162.0984643481545 55.70270984818089 942.323404421451,0.69
54,1089,19,0.8396345973014832,0.9208971684782574 -0.38661718292979425 -0.049754989218751516 -0.2324930626175939 -0.44230889651898186 -0.8662042576060525 0.31288237553978593 0.8092527379771977 -0.4972068233170075,168.28702083160164 56.12140117471465 941.7421503521786,0.69
54,1096,19,0.8059570789337158,0.9240132189073644 -0.38045669642787905 -0.038108705404876625 -0.21502190146824074 -0.43462081687722187 -0.8745686522085954 0.3161726635454639 0.816307201781389 -0.48340190229911784,173.47278830301394 61.46848045317121 945.6688671427071,0.69
54,1106,19,0.8235477805137634,0.9244937221920186 -0.3784285292775654 -0.04586072237073485 -0.21921310921933984 -0.4293581154881718 -0.8761262588296481 0.31186049825833434 0.8200264976775231 -0.4798953768612477,181.12546661581973 79.40069054792276 943.9401218161343,0.69
54,1110,19,0.848160982131958,0.930086923138753 -0.363930519424415 -0.04992887378824837 -0.2076495692924205 -0.40875959085156843 -0.8887053804605498 0.3030181047049163 0.8369409620267931 -0.45575196576943755,189.61695266592253 91.77183107071296 934.4487575071697,0.69
54,1111,19,0.8504775762557983,0.9243063564012128 -0.3774048278940525 -0.05677460170335635 -0.22522575922594412 -0.41930117330513084 -0.879465680652769 0.3081089367373352 0.8256828216374625 -0.4725640286303938,191.3539693972704 95.32758599726397 946.1610774806804,0.69
54,1134,19,0.8466924428939819,0.8791209993155111 -0.4754052883348086 -0.03370579157644174 -0.2598439368160999 -0.4188149231958074 -0.8701006772830377 0.39953397485371345 0.7736820224948928 -0.4917201755122569,109.8101974099012 58.53239996859847 1001.9347729278552,0.69
54,1178,19,0.7539153695106506,0.8588403205608163 -0.5095762025540493 -0.05220534043169098 -0.2723286003766923 -0.3678964838170935 -0.889094657846897 0.43385531827542023 0.7778073482460894 -0.4547365081214838,95.98295798824434 67.72824019984579 1039.5397119929564,0.69
54,1355,19,0.8159987330436707,0.8172149283472117 -0.5723277044114876 -0.06782889981076304 -0.3001896409790611 -0.3222321300554938 -0.897804340493385 0.4919816463399057 0.7540606428683149 -0.4351397551841245,131.553318624991 81.28208176383504 1019.777166265315,0.69
54,1531,19,0.8054283261299133,0.7610457891303575 -0.6447965643348135 -0.07104011169031346 -0.3158886903719984 -0.27271789040290706 -0.9087570013756439 0.5665894829080533 0.7140464570853979 -0.41123474437573493,134.1548060572585 76.18671205521902 983.8933986349427,0.69
54,1539,19,0.8047072887420654,0.7450826117622946 -0.6623783389427218 -0.07814625870096664 -0.33245750159861215 -0.26726166950461105 -0.9044574117361286 0.5782074984642507 0.6998758004911219 -0.4193446704163828,136.09377613159003 78.79000896557956 988.6398221395489,0.69
54,1543,19,0.7774030566215515,0.7358523834688901 -0.6733063074195422 -0.07197142580367744 -0.34123294923162106 -0.27691365512938737 -0.898264383108655 0.5848772042932118 0.6855490091831096 -0.43352187015906485,148.66444685453152 84.54704196355337 1022.0693478399712,0.69
54,1547,19,0.8198930025100708,0.7379095507292984 -0.6685310068391863 -0.09249750178825777 -0.3561880197735198 -0.26935532944251683 -0.8947501333169681 0.5732535124291029 0.693191170886861 -0.43688260561871717,157.43991186233646 91.53957412426004 1036.5931509441027,0.69
54,1550,19,0.835914671421051,0.7322570484806132 -0.6748742148926936 -0.09134773682708955 -0.3511041898168111 -0.2591713897336321 -0.8997533209922696 0.5835455961992528 0.6909232843207037 -0.42673124134512364,153.84229361077385 91.25585074235411 1015.5867363673106,0.69
54,1557,19,0.7749400734901428,0.7509064794518386 -0.6538721783965837 -0.09268567006906633 -0.33650431440004164 -0.2580693680821966 -0.905629641546595 0.5682466942335903 0.7112322936822839 -0.413816769737567,150.8172523166927 84.67156380480341 996.5969031426364,0.69
54,1559,19,0.7931782603263855,0.7303157907268423 -0.6808489724643367 -0.05552947423921678 -0.32497355245228166 -0.274779489401223 -0.9049245396224744 0.6008585823815544 0.6789262912118369 -0.4219337093427933,156.27015914473753 84.74208593253474 1019.6014391197858,0.69
54,1568,19,0.700756847858429,0.7191194939995154 -0.6934511716702751 -0.04463883801135249 -0.32356723851634334 -0.2773096305978069 -0.9046566259839233 0.6149564175685859 0.6649998806667794 -0.42379684189996114,143.32603277082623 86.18214470993331 1013.4443762188143,0.69
54,1573,19,0.7672058343887329,0.7311593131701298 -0.6810593026057653 -0.0395510442179815 -0.3088780225317319 -0.2787926880700675 -0.9093233771742336 0.6082766031678936 0.6770767042313709 -0.4142061209418739,131.30636599919717 84.33527785421265 1000.4119416069063,0.69
54,1580,19,0.7783462405204773,0.7334813426128934 -0.6768057074251508 -0.06276268346341224 -0.32968342220766456 -0.27349611437927335 -0.9036087187167255 0.5944021880513479 0.6834719524722145 -0.42373591896792195,123.44928323040958 84.38273209688946 996.3378120850401,0.69
54,1585,19,0.7735983729362488,0.7278344102165981 -0.6835693775896996 -0.05468068513001306 -0.32330678419595144 -0.2717340069636287 -0.9064399333394152 0.6047559793813777 0.6774168107458817 -0.41877997793751964,118.33489489940203 85.8804892588193 981.8402134400799,0.69
54,1595,19,0.7315953969955444,0.7271518799628283 -0.6841941455112917 -0.055933127166268026 -0.33305011292880654 -0.28036411676060613 -0.9002630639491742 0.6002730759784531 0.6732565137309248 -0.43173823200435657,134.60585039826523 80.05473028503678 997.1588498986669,0.69
54,1597,19,0.7739125490188599,0.7301064765201066 -0.6824770558150278 -0.03419943317434426 -0.31465675487517775 -0.29134695363438357 -0.9033870041235855 0.6065770021644551 0.6703297851759359 -0.4274603134223889,138.59272018315772 78.4502746519686 1004.054069899613,0.69
54,1605,19,0.77804034948349,0.7380499574955076 -0.6716301782877516 -0.06477008456102817 -0.3316463274851907 -0.2774894070957423 -0.9016708614651135 0.5876163490803037 0.6869589016548351 -0.42754472716982295,145.86076283515288 73.8353673069159 987.455577574606,0.69
54,1613,19,0.729152262210846,0.7085025295899472 -0.7053306936852943 -0.02308198670104833 -0.32069215833862286 -0.29265430391613645 -0.9008384971677649 0.6286339993547609 0.6456485661292705 -0.433540337120383,154.37203254940314 79.39284282232632 1008.1582462973862,0.69
54,1619,19,0.7399848103523254,0.7215736072115733 -0.6893787051709082 -0.0639416158113032 -0.3428684451010446 -0.275584418108072 -0.8980503648738349 0.6014754847287379 0.6699330036301525 -0.4352206473932647,155.26497542719548 82.52694973972895 997.2017204561424,0.69
