scene_id,im_id,obj_id,score,R,t,time
50,620,15,0.8749054074287415,-0.6531395098230472 0.7551663865923877 0.05596882408186232 -0.2566738875138166 -0.29031946035972434 0.9218639413736623 0.7124095003413798 0.5877400271356675 0.38345060219787164,-108.4246295265893 41.233198148901096 932.6280947026554,0.69
50,623,15,0.9059432148933411,-0.6584617890756346 0.7508708685607852 0.05119581109901905 -0.25871483423531205 -0.28970375370906987 0.9214870425749185 0.7067493946753046 0.5935188908818713 0.3850202842610295,-107.88505486962681 37.28221459129607 931.0534446511645,0.69
50,629,15,0.923362135887146,-0.660462239350865 0.7494469805461987 0.04603100848153019 -0.2645390795406872 -0.2896268651270839 0.919856159620853 0.7027152380498142 0.5953532584498415 0.38954562231624323,-104.7525692514877 32.26547337301896 926.6751190150387,0.69
50,633,15,0.9032191038131714,-0.6600858008101769 0.7498979812185761 0.04404263086023852 -0.2692800194804127 -0.2909485995315124 0.9180616447381298 0.701266715791799 0.594139655464063 0.3939835823072183,-100.54759931442561 29.61026135550913 926.0251121047211,0.69
50,640,15,0.9122664332389832,-0.6584360337416815 0.750817835021541 0.05229309786280795 -0.2620016877736776 -0.2937895257875862 0.9192621117729423 0.7055615530017685 0.5915744189458088 0.3901571501006502,-89.7935485684089 31.04234205225346 925.3881393489181,0.69
50,642,15,0.9119500517845154,-0.6562554993473322 0.7526638957906646 0.05315806194363737 -0.26218318222886366 -0.2935268432986633 0.9192942789006513 0.7075229314536247 0.5893547762055906 0.3899644204679805,-89.36208174792726 30.48892436739443 922.1709058367338,0.69
50,644,15,0.905078649520874,-0.6579589222706599 0.7514907136314453 0.048494988711548837 -0.2671117974412835 -0.29310727741878306 0.9180083940748229 0.7040890172926424 0.5910582299992531 0.39358458363867777,-89.65182311349163 29.396173181902697 924.1160802310418,0.69
50,651,15,0.8692795634269714,-0.6596744202015197 0.7499562536148586 0.04894156715670872 -0.2632791726058815 -0.2915969612824836 0.9195951769353645 0.7039273660000379 0.5937481198578971 0.3898069183088738,-84.22349314048628 25.573376045087443 919.8366480603362,0.69
50,653,15,0.875381588935852,-0.6570505177994579 0.7522534130475756 0.048983870995852774 -0.26491573290173565 -0.29124596811326886 0.9192363355083943 0.7057650257136585 0.5910081121406361 0.39064707840115787,-81.36418747050325 25.80765541960969 915.8614455771102,0.69
50,660,15,0.8691236972808838,-0.6586969624190269 0.7507531473900609 0.04988009005469407 -0.2638667495366708 -0.2925778863781079 0.9191150738027697 0.7046223457916296 0.5922566099980956 0.3908189577344794,-76.15773831347312 28.50453812440397 919.1205507116218,0.69
50,662,15,0.8857091069221497,-0.6604339806501027 0.7493661313249137 0.047721676686725834 -0.2654935334031371 -0.29248939499216076 0.9186746635987287 0.7023817629493077 0.5940541684394213 0.3921217974507032,-76.14750291045252 30.06900234765321 918.1826025917294,0.69
50,671,15,0.8949860334396362,-0.6631472905142739 0.7469018908635503 0.04871587531832344 -0.26322903334444736 -0.2936495101947363 0.9189561693393974 0.7006754934262543 0.5965798610302268 0.39133913978163526,-70.06499266896418 28.67214563495878 917.4755127331358,0.69
50,681,15,0.8929218649864197,-0.6665256779725903 0.7435287077865407 0.05393126459165942 -0.2556904141354436 -0.295966175170699 0.9203403909826365 0.7002613317343918 0.5996407956869713 0.3873822187781366,-62.66361280467875 30.448956849254508 912.19612824819,0.69
50,682,15,0.8916604518890381,-0.6653497081270212 0.7445406732951368 0.054488087730365176 -0.25682103843187953 -0.2968156464983793 0.9197518285997154 0.7009655627162141 0.5979629234350349 0.3886999126356576,-61.87203683065456 31.440379219160327 914.951819092518,0.69
50,701,15,0.8728252649307251,-0.6746661522680775 0.7358026387171017 0.05848127769412942 -0.2435801239323782 -0.29673086762987855 0.9233739845916751 0.6967742146555618 0.6087242964204485 0.3794211706515007,-59.64545076587626 43.9435167961618 908.6461668424721,0.69
50,712,15,0.8951391577720642,-0.6736120559255483 0.7362663355776444 0.06448783766590183 -0.2345487193094667 -0.29569887498981307 0.9260394557469179 0.7008806577314323 0.608665801918283 0.37187665319717,-49.837540534898565 51.52648895427433 909.804868291049,0.69
50,721,15,0.9009329676628113,-0.672593256371024 0.7374745209552671 0.06123432392066913 -0.23869163758251785 -0.29452654846914417 0.9253542102325082 0.7004602869773546 0.6077708805040368 0.3741255714047754,-39.04962407478716 49.294280387932275 910.3806304289714,0.69
50,722,15,0.8989520072937012,-0.6767405099388055 0.7338206235636315 0.05941022336643281 -0.2403949059908945 -0.29652521375618224 0.9242743568770477 0.6958682140904235 0.6112119845352626 0.3770773641828302,-38.65359372374387 49.894781028742756 910.354830497229,0.69
50,735,15,0.8750054240226746,-0.671325149834803 0.73836237963192 0.06437033123705904 -0.2367192373513093 -0.2959051594593105 0.9254210605303812 0.7023436095438577 0.6060207364023522 0.37343315490627826,-29.88936082348982 50.68963835342201 907.6901780419723,0.69
50,737,15,0.8811001777648926,-0.6778091745170223 0.7325760743302361 0.06250614577346175 -0.23597052659142015 -0.2972689513589255 0.9251751624087908 0.6963423249528358 0.6123426049825907 0.3743579845581153,-28.988259270934133 49.97506383329451 903.069699940011,0.69
50,751,15,0.8687523007392883,-0.6740424273834962 0.7357374479614407 0.06600919446676423 -0.23511543682065222 -0.29839224247999385 0.9250312432541914 0.7002767577576731 0.6079905240173955 0.37411226289638555,-23.61739014536851 53.722838343817 905.0502805396349,0.69
50,757,15,0.8570268750190735,-0.679675132256591 0.7302328362325741 0.06929444046758676 -0.22908842132804969 -0.3010682426041964 0.9256761898788597 0.6968215049820199 0.6132845328091614 0.37191648526469134,-22.320789467856088 54.008946928668344 901.5598246247025,0.69
50,769,15,0.8783416152000427,-0.6843838120850534 0.7249441527108256 0.07794083144484887 -0.2170401696358049 -0.30460648434021853 0.9274203224333365 0.6960692225062046 0.6177951643937302 0.36580974881942674,-19.281956538255244 54.814644052543116 897.4782369515068,0.69
50,923,15,0.8107211589813232,-0.7616678845804421 0.6396924663011216 0.10322587929556609 -0.18438691223825113 -0.3666947123527642 0.9118862070059877 0.6211791208612842 0.6755209371219459 0.3972505044878989,-11.321511509081056 45.832975462181615 851.4403275488309,0.69
50,1026,15,0.8982816934585571,-0.8263968013172627 0.5515637227509171 0.11333925409030135 -0.14071584440881607 -0.3971852098076627 0.9068864097792825 0.5452223197053752 0.7334993993557134 0.4058463419077438,-37.31259855392979 58.7050646980737 809.2133322134673,0.69
50,1044,15,0.825890839099884,-0.8402700680686817 0.5289133763481833 0.11915054774452027 -0.1290851490666983 -0.4086164218006503 0.903531761547574 0.5265769051129022 0.7438301285608153 0.41162301058968875,-46.49544033282278 62.28062480766467 803.090342111803,0.69
50,1052,15,0.8008946776390076,-0.842535987466801 0.5249320973646582 0.12074519857817889 -0.12675160998924703 -0.4110899074988712 0.9027397838345798 0.5235142206172404 0.7452861068803786 0.41289402962819954,-49.25799316014204 61.56794283863985 797.2824560047774,0.69
50,1058,15,0.813637375831604,-0.8441769038581892 0.5224292721434013 0.1201374654307216 -0.12455519434767803 -0.4091327753235663 0.9039338337052378 0.5213936694604319 0.7481163196747898 0.41045171906429356,-49.442880022277 60.6525305386726 794.6853931000185,0.69
50,1066,15,0.8263267278671265,-0.8477510737500866 0.5167507166016143 0.11952746064103278 -0.12492313737897848 -0.41354959672756175 0.9018708004996414 0.5154729155862299 0.7496301941212009 0.4151412354354146,-50.44369928992003 59.10119384860554 787.9186149414996,0.69
50,1077,15,0.8204250335693359,-0.8500335805209536 0.5133338262159939 0.11803090633039856 -0.1225765869214051 -0.4107144066203181 0.9034869432001877 0.5122674031454926 0.7535264156331667 0.41204374599987004,-48.917571702297316 63.083286205601595 784.4600363701011,0.69
50,1094,15,0.7706923484802246,-0.8532157970687058 0.5067258444125865 0.1234978632882558 -0.10982167464572948 -0.4060255779953783 0.9072389044741891 0.5098646912764415 0.7605078228511988 0.40207691797927003,-48.80986773123596 73.93290657522643 784.7468953604811,0.69
50,1098,15,0.7860381603240967,-0.854535629120905 0.5043100607924123 0.12425868640257018 -0.10887852192846784 -0.40785435307592777 0.9065320149557259 0.5078526617293749 0.7611348036061483 0.4034346102081714,-50.47301559443877 74.34769334574872 784.2155839479204,0.69
50,1105,15,0.8018015623092651,-0.8567104506876695 0.5013736331180376 0.12112672577325598 -0.10753580041131816 -0.40328957119965914 0.9087318490024944 0.5044633339623676 0.7654946125059369 0.39941800524257576,-49.137402413216044 75.65805447889653 781.9261095135248,0.69
50,1113,15,0.8390787839889526,-0.8613047094413377 0.49566793996443287 0.11165791859778013 -0.10760416526466737 -0.39272561057926003 0.9133388957078538 0.4965637331822243 0.7746482350632208 0.3915923528384714,-47.59336185560651 80.34360524565736 775.547921174634,0.69
50,1125,15,0.8862404823303223,-0.8636181707082571 0.49261719666474985 0.10720052599072111 -0.11184862258637568 -0.3945569480391744 0.9120387603493301 0.4915826897359737 0.7756630146553176 0.39584510461513844,-50.4311791710096 78.32417115567797 772.6702320108311,0.69
50,1130,15,0.8969698548316956,-0.8663153529000864 0.4876479908544974 0.10815334643537838 -0.10823258080892106 -0.39464276477555793 0.912437831669503 0.4876304110502537 0.7787531863343327 0.39466448661247044,-52.641744182712934 77.76361380522842 768.6884505135167,0.69
50,1145,15,0.8873423933982849,-0.8727982363363962 0.47632287973914655 0.10648827581045317 -0.10462344572517254 -0.39568889303109644 0.9124057400830057 0.47673595758309284 0.7852049504230294 0.39519110893148834,-52.66062619490502 74.4348236436239 762.3857441185379,0.69
50,1150,15,0.879548966884613,-0.8737915935880674 0.4754710361638156 0.10205657619249323 -0.11002157074078422 -0.39770756157712417 0.910891842885921 0.4736913604305627 0.7847012101645352 0.39982559425299047,-52.713261115015825 72.15187334648718 760.7983944929668,0.69
50,1169,15,0.8596514463424683,-0.8812394403637536 0.4612384290355266 0.10332550666809684 -0.10241878864225881 -0.39973618719346615 0.9108904283068756 0.4614406142510993 0.7921300980450562 0.399502775072587,-52.147027760258936 68.68839892109165 760.0387263358085,0.69
50,1189,15,0.8656858801841736,-0.8871114034674883 0.4498654386436637 0.10322037081839872 -0.0965192971461735 -0.3995035043298063 0.9116364271498881 0.4513506210434991 0.7987603126984645 0.3978248103644354,-50.559827089500416 71.20296785993786 763.1164503850304,0.69
50,1192,15,0.8549277782440186,-0.888215116342622 0.44777547053978495 0.10281553911417085 -0.09449627021733564 -0.39706230662038733 0.9129140044803291 0.4496046730356299 0.8011483337336304 0.39498985473091874,-49.28173620317693 74.204022853132 761.9735930730781,0.69
50,1209,15,0.897487461566925,-0.8960113596528805 0.43198119497180665 0.10274186373492833 -0.0847416785809125 -0.3934913877306532 0.9154143191435745 0.43586981001703473 0.8115151107481208 0.38917956490954064,-54.327422230509534 81.84457854174646 757.7629463893645,0.69
50,1216,15,0.896459698677063,-0.898542693152298 0.42599888773097205 0.10557450560902082 -0.08063367464213964 -0.3966922977140519 0.9144033199021376 0.4314153904258865 0.8131175613564868 0.3907948212519704,-53.9316226298716 80.9014532919586 758.2145860960956,0.69
50,1242,15,0.8423392176628113,-0.9055536012334613 0.40976524829313976 0.10984132457491338 -0.06623257703868887 -0.39230028956033136 0.9174495782056336 0.4190297376462966 0.8235246955022917 0.38238874835164016,-61.23916965698325 87.08726444993314 752.7396792870853,0.69
50,1246,15,0.8516107797622681,-0.9072212165497164 0.40559184962357786 0.11155678267580993 -0.06259563150529668 -0.39241167603839866 0.9176572690417638 0.4159704931344361 0.8255351767354678 0.38139247608445825,-63.46474528624395 87.26933807613038 751.800321810841,0.69
50,1263,15,0.8930570483207703,-0.9149843988440067 0.38990050457834957 0.10383229941411018 -0.0652568153812482 -0.39694596982878094 0.9155192215802938 0.3981772192358205 0.8309100393943004 0.3886430348216623,-64.00827056468849 79.16788419674303 742.5249854289067,0.69
50,1266,15,0.8910227417945862,-0.9135674734410411 0.3919887110539804 0.10834815123846311 -0.06533809461990414 -0.4044241354431015 0.9122346474797703 0.4014042910358512 0.8263086403259617 0.39508053110811014,-63.65881827121418 77.50238356281359 744.1544307092086,0.69
50,1280,15,0.8871427774429321,-0.9198425592126003 0.3763425962830277 0.11070644283041542 -0.058261945989090874 -0.4101381481551105 0.9101605600538076 0.38793712365637073 0.830754446061438 0.3991889758477495,-62.7828182939616 75.07432559151322 739.4996259410015,0.69
50,1284,15,0.8826596736907959,-0.9209229098411815 0.37288702346386204 0.11338545701241151 -0.05435948341944424 -0.41096838195506913 0.9100274916702266 0.38593528044482195 0.8319015907939439 0.39874014413209335,-61.88171661096472 74.16787826636148 741.4840571472108,0.69
50,1324,15,0.8835710883140564,-0.9383303111924586 0.327189028254511 0.11172988359133065 -0.04016785239988835 -0.42413837848002967 0.9047061288252178 0.343398850800413 0.844425233925538 0.4111243772616213,-72.8764028263305 68.27822527199214 730.4739515403695,0.69
50,1480,15,0.8162168264389038,-0.950040023068979 0.2876414018102551 0.1211873695222618 0.011755379762852236 -0.3550127427313252 0.9347875499518662 0.31190666170142145 0.8895101890720606 0.33389498038045107,-54.59217687127048 102.50663603951048 815.4686229407399,0.69
50,1542,15,0.8324644565582275,-0.9597852580628159 0.2601070704933891 0.10562466702736144 -0.0005630138782593275 -0.37802568773687617 0.925794935407639 0.2807346459214942 0.8885048628400459 0.36296992614943235,-53.52255736039528 53.37273097737458 801.235103801354,0.69
50,1564,15,0.8744996786117554,-0.9630190595029287 0.24788629359322975 0.10557782192632496 0.0026816583545232475 -0.3830136750406137 0.92373877987251 0.2694199319697139 0.889861174667428 0.36818472276418546,-53.90056197813296 50.20078288250535 797.0657891810058,0.69
50,1592,15,0.8146184086799622,-0.9640669770490649 0.2385673940119132 0.11687798029501795 0.01722183446356093 -0.3829051029908732 0.9236271382550746 0.2651004944944233 0.8924512763271245 0.3650375969689955,-50.20345411087443 55.72856150366417 792.7076311961313,0.69
50,1593,15,0.8144552707672119,-0.9644558474766582 0.23801158316611187 0.11478416505268638 0.015355720411494592 -0.38317043673896944 0.923550008532246 0.26379749831779176 0.892485799712258 0.36589612896728774,-49.68297890269119 55.980691482994985 791.1928916192132,0.69
50,1613,15,0.9001803398132324,-0.9672238650660532 0.22606752465197255 0.11563506883474081 0.021017694690223007 -0.38255244158511914 0.923694693038329 0.253053850704932 0.8958499337137855 0.3652624329279047,-53.703661494725054 61.304443294136526 789.6439721716375,0.69
50,1629,15,0.8954702615737915,-0.970666494170235 0.21362835264555008 0.11031538442671487 0.02008548155366867 -0.3851716151524913 0.9226263600784331 0.2395895042067215 0.8977782319853661 0.3695823529975528,-56.03174213673539 60.98835604652818 779.5347213588759,0.69
50,1656,15,0.8603578209877014,-0.9719256936121188 0.20647154648065327 0.1128270649732991 0.023182693440740615 -0.3931596923142957 0.9191779039251111 0.23414313746389037 0.8959882570844417 0.3773354400866027,-56.026254713320434 52.60343442367941 772.8303454303438,0.69
50,1658,15,0.8791667819023132,-0.9726105827505593 0.20592327622763468 0.10781585518509926 0.0189123111587121 -0.39219706080714745 0.9196867890650983 0.23166997821956362 0.8965361508616995 0.37756052678985796,-54.72654791353731 51.008136092359386 769.2461847721326,0.69
50,1669,15,0.8360073566436768,-0.9740907268732784 0.1955850425360386 0.11355063608657123 0.027416433122978354 -0.3962603238593978 0.9177287698060135 0.2244896323091608 0.8970642378731981 0.3806312626606969,-58.918595654704916 55.667406346574175 760.7547499573905,0.69
50,1678,15,0.8610442280769348,-0.9757785863445698 0.18715413516107482 0.1132672950304014 0.030704799472886804 -0.3954722870498695 0.917964533881825 0.2165949346608172 0.8992079847664034 0.3801468590053325,-66.73815932406276 61.07114774450485 750.6177371266077,0.69
50,1695,15,0.8082769513130188,-0.9764983895609385 0.18643247186259618 0.10813800728743198 0.02605142424263096 -0.395963006444892 0.9178968465040356 0.21394442848512055 0.899141941498852 0.3818004067020493,-72.54499763803042 55.70614388751211 743.9812769728255,0.69
50,1708,15,0.8324057459831238,-0.9775595806108686 0.1831013838731146 0.10416885129276215 0.023517602623116876 -0.39654244487799484 0.9177151038187418 0.2093422764822348 0.8995709936597184 0.3833377605236701,-77.9584023277295 56.20586003934234 733.7519815146566,0.69
50,1711,15,0.8383381962776184,-0.9791920077189402 0.17778470639269864 0.09785504684078958 0.020281760150136968 -0.3940490705830535 0.9188655941854849 0.2019199401360933 0.9017305185838471 0.3822439137905832,-78.2969630233961 56.1820982877097 729.7270847955533,0.69
50,1713,15,0.83563631772995,-0.9788646149205937 0.17805240929869842 0.1006051946933503 0.022900231245943148 -0.39341083563286694 0.9190775232892664 0.20322314106725267 0.9019563481397413 0.38101850478051746,-77.45101385903993 55.32039487661275 731.0970360064082,0.69
50,1714,15,0.8398523330688477,-0.9796757278197776 0.17866785930663606 0.09117710442634458 0.013602771419207377 -0.3943269797139699 0.9188695215749486 0.20012604260941463 0.9014344286305257 0.3838821928001511,-76.75499778025109 54.220093966898766 731.9980692275963,0.69
50,1718,15,0.8345540165901184,-0.9787011781005863 0.18310875852969938 0.09281802914432409 0.012419746459515366 -0.398490560256503 0.9170883399565932 0.2049140158271408 0.8987082151266732 0.3877290164295465,-73.7962579855162 48.22382006802151 727.319548212262,0.69
50,1719,15,0.8361068964004517,-0.9793705878784342 0.17963394396849147 0.09254673291356902 0.014697992786389127 -0.39344926548790604 0.9192288314098283 0.20153714448384413 0.901625932225417 0.38269238002858896,-73.96788722398796 47.433156276726066 726.2660452822398,0.69
50,1733,15,0.8192996382713318,-0.9792562289305149 0.17592059457944487 0.10054443049518777 0.025192282366947594 -0.3866534011928755 0.9218809555767628 0.20105369185849595 0.9052906117644189 0.3742009102624859,-75.14211518848413 61.18598348453558 716.9507400976398,0.69
50,1743,15,0.7955324649810791,-0.979487218377944 0.17957132086069494 0.09142718282099618 0.01673564169032088 -0.3796574046058905 0.9249757691016196 0.20081012756196262 0.9075320357167922 0.36886433389023054,-66.01743683705875 58.28560857460865 721.9871351784184,0.69
50,1745,15,0.8235929608345032,-0.9786531772980571 0.1852104732263809 0.08907883683388593 0.012572768793157094 -0.3786684429301743 0.925446992438633 0.20513381985740878 0.906811607190875 0.36825646635817644,-64.29788264705817 56.398585911503204 723.1606127489074,0.69
50,1756,15,0.8235654234886169,-0.9810466102997286 0.17437104920501223 0.08451204422185075 0.013291764769215286 -0.37455751009795746 0.9271084082341928 0.19331548672760984 0.9106598754904941 0.3651406766753128,-64.52807634520843 55.243950557986665 715.6661429955826,0.69
50,1778,15,0.872613251209259,-0.9824336791923096 0.17199708328184724 0.07239523003070708 0.005682348692941985 -0.36019287186493565 0.9328605501204464 0.18652553954349926 0.9168849973689325 0.3528882609237366,-54.67261968370348 48.90283791019395 715.9250618003293,0.69
50,1782,15,0.87558513879776,-0.9837580693965517 0.1655079479854864 0.06947791052415543 0.0049622671294869275 -0.3618406144446349 0.9322267672853342 0.179430869144929 0.9174303727760285 0.35514232964535897,-56.55094351612714 46.84683570235482 712.0642806459525,0.69
50,1874,15,0.8406867980957031,-0.9932972121233243 0.08783982711041177 0.07513197163155541 0.041767329010602566 -0.33331799314783095 0.9418888499558867 0.10777819174281947 0.9387136305695768 0.32741499838512644,-59.89372905906091 64.00820708229931 681.8305007164575,0.69
54,1,15,0.9195733666419983,-0.6947621805068063 0.05487379028844669 0.7171432072304726 -0.40379581736725284 -0.8548775487631006 -0.32578108370116543 0.5951927842423337 -0.5159198036130936 0.616094396846527,24.105280535762112 2.407998741137151 934.8177450083706,0.69
54,22,15,0.895675003528595,-0.6647251737825115 0.05860160492562891 0.7447860734734175 -0.419296730588792 -0.8543657213760563 -0.30700075872075877 0.6183289537595344 -0.5163574982874869 0.5924898639680916,44.08914725238352 0.11197024929785115 933.900307182616,0.69
54,32,15,0.9356733560562134,-0.6399599983683324 0.09172518774552366 0.7629139469307483 -0.4296395476311712 -0.8658655350960032 -0.25629423373184823 0.6370722561842471 -0.49179606044168456 0.5935280745966041,47.35835938410429 21.623119993896612 937.8296219483093,0.69
54,38,15,0.9012173414230347,-0.6487928485211185 0.0842513758361281 0.7562866820046299 -0.43406628388468294 -0.857280730316843 -0.2768685800555236 0.6250234402823582 -0.5079089043294471 0.5927682886258895,38.91862971320466 2.2705932289327713 954.6787083940068,0.69
54,43,15,0.9350414872169495,-0.6444937260517354 0.08247625995490049 0.7601483431698071 -0.4464090410656091 -0.8477206575309018 -0.28651117753110344 0.6207630829348942 -0.5239917493045361 0.5831687933402626,34.84249597959932 -24.315013875838623 953.0287555529346,0.69
54,50,15,0.8967340588569641,-0.6387414191664531 0.07702879957663977 0.7655559832415966 -0.4420520089711206 -0.8511135521944209 -0.28318852843219405 0.6297613999014406 -0.5192998029142484 0.5776922138019525,27.93653050578644 -25.15338705697192 939.165949028105,0.69
54,56,15,0.9359160661697388,-0.6489522315522844 0.08110669725037223 0.7564936911993696 -0.431710001607876 -0.8579903662733812 -0.2783505090597056 0.6264882087278565 -0.5072220766520381 0.5918093352438399,15.380186226561879 -16.2571892307081 948.8249340201938,0.69
54,63,15,0.9457963109016418,-0.6218836820371627 0.07015607868854104 0.7799607750643287 -0.44877860959329674 -0.8481367116816341 -0.28153486084208507 0.6417619851529137 -0.5251116480529756 0.5589269285798274,32.94356211537765 -28.504368146529618 941.7336555652473,0.69
54,69,15,0.9226447343826294,-0.5973317397135101 0.0899648501911808 0.7969323173651011 -0.4643359554064559 -0.8489931378853912 -0.25219590072063347 0.6539013023749116 -0.5206889451040767 0.5489044627244328,36.63029442987951 -24.492753521513535 934.7952141053462,0.69
54,81,15,0.9018449187278748,-0.5381764823596398 0.10306952111698273 0.83650627472346 -0.4681143822394761 -0.8618907656795631 -0.19496982632410242 0.700881586985675 -0.4965087933289932 0.5120976656570784,72.66980615807118 4.6914395600315615 932.9738333393019,0.69
54,86,15,0.9325034022331238,-0.5391530060755998 0.1050912281622001 0.8356254363068448 -0.462541922560596 -0.866106424436337 -0.18951156013302065 0.7038245562024615 -0.4886875231816997 0.5155729810346386,67.24499613563808 9.420823708993893 936.8925600580385,0.69
54,90,15,0.9438555240631104,-0.5444053084994713 0.10735230890093905 0.8319244808582287 -0.46250976797473187 -0.8658102405558403 -0.19093805769567845 0.6997910935454634 -0.4887208908183442 0.5210031825931283,63.9820884892236 1.0057605817430932 938.6912372398101,0.69
54,135,15,0.8801834583282471,-0.5403743268408159 0.10004115326058075 0.8354563750104662 -0.44675597667856526 -0.87550373757119 -0.184125779837748 0.7130250235393685 -0.4727419731239977 0.5177937259696304,63.601439042403435 -4.331574709769821 1032.2132821515802,0.69
54,202,15,0.9092220664024353,-0.5189870139149926 0.08838463842782998 0.8502003499632199 -0.3949148922980684 -0.906915556009311 -0.14678692758392403 0.7580862135857668 -0.4119372888660419 0.5055818062518571,65.02638228150917 7.371518604786786 1098.5679036866845,0.69
54,390,15,0.9408526420593262,-0.4821625329178578 0.0776858604360387 0.8726306199868008 -0.3600915377457377 -0.925606416653584 -0.116562626487319 0.7986572332948259 -0.3704290330657475 0.4742667552842278,58.48066249175536 8.711924424303813 1029.44970558214,0.69
54,479,15,0.9301677346229553,-0.40088181962792446 0.08876637923490799 0.9118192236454158 -0.41881870425927376 -0.9029566029705394 -0.09623027649594923 0.8147911754887797 -0.4204639141108644 0.3991559059768306,80.16136183786173 -15.417323746244783 943.4174653477806,0.69
54,514,15,0.9238754510879517,-0.35670314836756356 0.09605322026354993 0.9292667231864437 -0.4387827798092264 -0.8953838475572646 -0.07587778117761429 0.8247621087850462 -0.43481207942115857 0.36153273641800654,95.67629813899242 -20.789059336475432 908.4711987933634,0.69
54,520,15,0.9362398386001587,-0.3489963542219523 0.0962070096326432 0.9321725999177032 -0.441432616905182 -0.8943226456756093 -0.07296745962428514 0.8266430846937683 -0.4369567675746919 0.354584254865678,98.75077875572252 -17.61631428647374 905.9841640271111,0.69
54,524,15,0.9322056174278259,-0.35806707951396954 0.09949311093898863 0.9283798185247346 -0.4387858787695079 -0.8956007055415811 -0.07325523070671042 0.8241692296857531 -0.4335902410215257 0.3643413011588005,94.85501974303541 -17.87354472124899 904.6634324980032,0.69
54,530,15,0.8986544609069824,-0.35594708538173925 0.09800195926672417 0.9293531559036793 -0.43750378937765744 -0.8962439964810693 -0.07305568459628323 0.8257675863634001 -0.43259948538055915 0.3618916668839448,88.77499185944707 -13.1031143970866 893.5884856981269,0.69
54,537,15,0.9098467826843262,-0.3542366414706224 0.09016754439236496 0.9307986977740486 -0.4207822452948359 -0.9042565879063766 -0.07254188633165079 0.8351399307207448 -0.4173605601469411 0.3582617185097806,89.61669862068857 0.23666184089774234 889.0361145520926,0.69
54,543,15,0.938183605670929,-0.3559435543361038 0.092581801990502 0.92991010106718 -0.4162647773124927 -0.9066160787503053 -0.06907185331523671 0.8366766527730782 -0.4116745021149746 0.36124269267740994,92.00941424557124 6.761610588304373 882.3212970498275,0.69
54,560,15,0.890661358833313,-0.34480401477049405 0.10074521776749532 0.9332526948769715 -0.41953838242929986 -0.905933065948799 -0.05720861551564366 0.8397009807465727 -0.411261086315725 0.3546358439521504,97.80780421379255 12.519742279786044 876.0401573388916,0.69
54,561,15,0.8955472707748413,-0.3447429249702929 0.09528297927203916 0.9338487401843895 -0.41605232976211076 -0.9072911595571136 -0.061018117711289094 0.8414587182877405 -0.40956550837509875 0.3524249136582146,97.66200405854056 13.183639380530519 872.4338744416805,0.69
54,568,15,0.8869898915290833,-0.3699235300270085 0.10662894940179496 0.9229229919564397 -0.4155428627831585 -0.907477670443281 -0.061712290808340425 0.8309516900051013 -0.40634289066785156 0.38000624216104717,88.19716474137228 12.051406505483191 875.5525888990268,0.69
54,577,15,0.882915198802948,-0.3836895197409329 0.11030146945507943 0.9168510992942218 -0.41875834944612 -0.905675103782891 -0.0662876395492544 0.8230575904577602 -0.40937292561172245 0.39368770690226706,82.85047360539804 13.154296524495642 871.1238237766274,0.69
54,583,15,0.8916672468185425,-0.40289341514962906 0.10019666206306815 0.9097458573362607 -0.4152981371691629 -0.9057839281045372 -0.08416016190180317 0.8156006089336201 -0.4117233348972753 0.40654586728704345,81.35989348991522 12.47159358521639 865.4474489748172,0.69
54,588,15,0.8856627345085144,-0.40496519246274665 0.09439973715656988 0.9094459206123149 -0.4142451624284412 -0.9056596788683278 -0.09045159742509704 0.8151098933875387 -0.413363321663749 0.40586528061028726,82.36723689500178 14.87620250728516 861.0851925738798,0.69
54,589,15,0.8860911130905151,-0.4103187437092761 0.0947254081938928 0.9070091651154039 -0.4122341258500078 -0.9064389132407378 -0.09182331973758232 0.8134504004827346 -0.41157695951723383 0.41097792197273564,82.56066259473106 15.452755778183192 863.6327648941997,0.69
54,595,15,0.8964162468910217,-0.42638264546130267 0.0943330276996392 0.8996105376964193 -0.40853070852098833 -0.9074166180387775 -0.09847711156612768 0.8070319075753826 -0.4095074617050187 0.4254446367779855,84.0339510756324 18.71008640945986 863.3692955932607,0.69
54,598,15,0.9089949131011963,-0.4252415365488056 0.09499449489399026 0.9000809305464965 -0.4060698398432424 -0.9087926856031121 -0.09593299622115109 0.808873859611803 -0.4062904140317854 0.4250307973577747,83.71337995531921 20.49923232840747 863.9012973482573,0.69
54,604,15,0.9015946984291077,-0.43630848771344555 0.0946906631780837 0.894800861564237 -0.4043692043230711 -0.9090043591089667 -0.10097832300064771 0.8038161793248083 -0.40588761181858146 0.43489630537390866,81.26859826732206 24.200304185352966 864.2590714012955,0.69
54,681,15,0.9252475500106812,-0.5943699932027993 0.09238314497220218 0.7988677398075039 -0.3764792122239317 -0.9097658226064742 -0.1748986871889358 0.7106248756857252 -0.4047116288695081 0.5755178394406529,43.09805218362353 19.011626230933892 877.9385405464773,0.69
54,741,15,0.8697899580001831,-0.6760743046414452 0.10315638319362591 0.7295767918526442 -0.3534594511668669 -0.9141946227494584 -0.19827911669359752 0.6465214234535496 -0.3919272283758629 0.654525092470266,54.1712190546733 25.96973775458991 894.1136743872883,0.69
54,866,15,0.9213423132896423,-0.7597432294713864 0.07030614437948443 0.6464110699352845 -0.29654979961893824 -0.9221899767049 -0.248241542073408 0.5786609038274106 -0.38029290412458017 0.7214768641156397,80.04690598946677 23.90368318995606 912.0591443669515,0.69
54,1012,15,0.8918805718421936,-0.7992872725370219 0.08344916065150146 0.5951269558227792 -0.2922404906325017 -0.9193019918988878 -0.2635893460017148 0.525105086240081 -0.38460380299380414 0.7591736053943788,106.12073577041174 24.91179232508383 900.0891914363391,0.69
54,1024,15,0.8951904773712158,-0.7852221076610177 0.0894364619441386 0.6127212750633881 -0.30459936841933444 -0.9173048550448917 -0.25645862759831894 0.5391154481174993 -0.38801149749200126 0.7475303414678782,137.34594503211176 23.078009945764766 894.7396671810632,0.69
54,1025,15,0.9104539155960083,-0.7925023020472264 0.08882163798815423 0.6033662385938983 -0.30094239627060687 -0.9174526041186641 -0.2602198941718098 0.5304467695978106 -0.38780334684087525 0.7538134973600985,140.40662277479902 23.9370686671049 893.9798872408426,0.69
54,1028,15,0.9022852182388306,-0.7964182165127902 0.09180162991988401 0.5977378063588077 -0.2952999633125336 -0.9215950405194668 -0.25191370140891367 0.5277461094827731 -0.37714061307949276 0.7610840964649184,143.4307135157681 28.598749658834976 895.6110774340525,0.69
54,1029,15,0.8905518054962158,-0.796449913208003 0.08666714246874706 0.598461646362795 -0.2980005519088719 -0.9174101357662301 -0.2637315185096307 0.5261779231524 -0.38839084593961515 0.756498079295207,142.9404943804911 29.409945740536315 891.1400417242202,0.69
54,1032,15,0.8932250738143921,-0.7991840874616969 0.0896703466951478 0.594360179749272 -0.29781348080284836 -0.9179813858090506 -0.2619490522223479 0.5221225191467099 -0.38635398824351075 0.7603411541987102,144.8128465941264 30.165378037323585 892.6653859118139,0.69
54,1033,15,0.8932364583015442,-0.8053054286785768 0.091544430145159 0.5857497621426846 -0.2947998364583168 -0.9190339266926344 -0.26166715119033757 0.5143697337178414 -0.3834009114455982 0.7670902933408306,145.13318739612308 29.6897926048593 896.1215908611726,0.69
54,1039,15,0.9053393602371216,-0.8229855170366756 0.10315381026907003 0.5586180539284863 -0.2966156160291924 -0.9167058173667577 -0.2677118240451259 0.4844729250180027 -0.3860177921196359 0.7850326420548271,136.26724028218075 20.975025059157687 898.1502043718756,0.69
54,1042,15,0.8939403295516968,-0.8217756587133451 0.0969225705108617 0.5615075975192283 -0.29973673805271495 -0.9116022976225249 -0.28131679443441054 0.4846056691865735 -0.3994837497256945 0.7781838337419584,129.4155118192808 17.026446760743518 893.7296858980685,0.69
54,1063,15,0.8953725695610046,-0.8516995783635417 0.08791020554488015 0.5166039333729682 -0.2812258409332276 -0.9085183359075519 -0.3090411941977502 0.44217627096754547 -0.40849263038741535 0.7985073051089804,99.89939960586926 1.07763152316015 899.2988046002679,0.69
54,1068,15,0.8978660702705383,-0.8596038517547377 0.0827281714196043 0.5042194638270008 -0.2701836282817026 -0.9111560414208109 -0.3111197119934592 0.43368424580212084 -0.4036715469734359 0.8055850402701871,96.63262859850734 -5.10953868952862 899.5745232050233,0.69
54,1080,15,0.9213683605194092,-0.8669297300337038 0.08092291242065167 0.4918173699952546 -0.26508318656894714 -0.9104680578320248 -0.31745679999967463 0.4220944768439199 -0.4055852535693824 0.810763131071534,90.61196179871004 -10.798514047965831 899.7527694309031,0.69
54,1083,15,0.9215297102928162,-0.8696909155792452 0.0779465174546019 0.48740337686113155 -0.2648340988010333 -0.9069738762021566 -0.3275076915113291 0.4165340459928568 -0.41391149815333084 0.8094298365054786,89.94079906733919 -12.724527547706955 898.609018038485,0.69
54,1089,15,0.919970691204071,-0.8682745416926869 0.07766556070716948 0.4899667141024951 -0.26633564165373624 -0.9062379016949536 -0.32832634910469927 0.41852675689046187 -0.41557300948397646 0.8075484057040687,97.3028676177542 -12.351343747689558 898.3162654144378,0.69
54,1096,15,0.8509103059768677,-0.8630875430682503 0.08665776363095418 0.49756439282056036 -0.27557005434171145 -0.9064030187398651 -0.3201479544981761 0.4232505619021875 -0.41342955823421934 0.8061854391067484,102.06736936844612 -7.356991061954034 897.1314231833267,0.69
54,1106,15,0.8962270617485046,-0.8573905626626046 0.07737098381442878 0.5088174072500765 -0.26742353637058447 -0.9116701181374041 -0.3119971921193889 0.43973409607642827 -0.4035731985141229 0.8023481776566375,108.4865897498485 9.574752945192147 892.9296332760003,0.69
54,1110,15,0.8578687906265259,-0.858094499051475 0.06860919280565508 0.508887619578385 -0.2594953496727569 -0.9131148503474873 -0.3144573636808337 0.44309817670106966 -0.4018881047473823 0.8013425965632582,118.87196926751577 22.48564193753422 894.6098904748858,0.69
54,1111,15,0.8803707361221313,-0.8621534728125984 0.0785989914990622 0.5005133243506182 -0.260432642285668 -0.916138466634631 -0.30473783615503486 0.4345874229073848 -0.39308079129827483 0.8103217036233449,119.38389755047884 24.725099376238497 896.7932268161803,0.69
54,1134,15,0.8615590929985046,-0.9116275059365664 0.08521568107218319 0.40208653063647914 -0.23333883440757364 -0.9126416675007514 -0.33561611269240893 0.3383611661777859 -0.3997792821556074 0.8518733748521291,39.94911868386566 -7.402696254583216 943.3138829768587,0.69
54,1178,15,0.9012231230735779,-0.9305082679382273 0.0682498174253191 0.3598559791361131 -0.19052954073422979 -0.9292884502381171 -0.31641976923327975 0.31281441368038587 -0.362994405845943 0.877714192615311,28.686003120513845 3.925960450187265 1001.2274670688208,0.69
54,1355,15,0.9197559952735901,-0.9566082655130153 0.05731128768069192 0.28568521602729485 -0.14766628512218738 -0.9405861672370377 -0.30576515537345456 0.2511877675970588 -0.3346835495011981 0.9082354469535336,62.88272044517136 16.619695335690253 971.6709703109937,0.69
54,1531,15,0.9371494650840759,-0.9878112104174146 0.035683657459566476 0.15151134995105486 -0.08240289078248822 -0.9456667964355396 -0.3145219765136185 0.13205595845842022 -0.32317330754511925 0.9370806993669093,70.20898652406504 16.48277226075823 953.7078061133643,0.69
54,1539,15,0.9152031540870667,-0.9843716696406808 0.028431248781123984 0.1737932107464619 -0.08481837715673404 -0.9414164362213608 -0.3264060914088008 0.15433165231188414 -0.3360457672773431 0.9291151615325548,72.1319920819432 18.610736209721498 948.6441386261653,0.69
54,1543,15,0.8741716742515564,-0.9877820162195252 0.031667968567576754 0.1525903935380355 -0.07701491300182187 -0.9504124019528799 -0.30130544201769616 0.13548207117036332 -0.3093758328974008 0.9412391844852339,77.43503335054784 21.72735145208113 952.6932436948742,0.69
54,1547,15,0.9220155477523804,-0.9863471437886471 0.028207652706680707 0.16224561710184174 -0.07791467763242949 -0.9479077744793745 -0.308869153673516 0.14508140800741062 -0.31729352248405374 0.9371639161001925,84.0923546510395 26.838310793161597 953.2461957121967,0.69
54,1550,15,0.9346694350242615,-0.9882900667134293 0.029517102190130255 0.14970465829045976 -0.07494152816420638 -0.9485227611160889 -0.30771470390789724 0.13291542947295237 -0.3153304811194262 0.9396276796077326,84.92054364567599 28.419547509766673 954.7735668305936,0.69
54,1557,15,0.9248340725898743,-0.9896126600082491 0.032429584431686746 0.14005393677075187 -0.07531954686278805 -0.9467689832037816 -0.31297836714965127 0.12244896492736038 -0.3202761534939274 0.9393771534859426,85.22113900568527 23.911919849925884 953.2174537211195,0.69
54,1559,15,0.9129988551139832,-0.9864981163774278 0.03281821542210725 0.16045071243311984 -0.08295902148191586 -0.944858330493519 -0.316797310676343 0.14120646988913285 -0.325830784355175 0.9348235303135779,87.2895400829828 22.17174718935672 950.6632202442727,0.69
54,1568,15,0.8716521263122559,-0.9913765928895861 0.0516245954753068 0.12044647032041678 -0.08826532016917531 -0.9424224632890963 -0.3225664798821253 0.09685909521603578 -0.33041610407200717 0.938852232166387,75.44091676174567 22.052646655156227 942.0610863542447,0.69
54,1573,15,0.9087705612182617,-0.9926974470127561 0.05809465312383851 0.10572033850105114 -0.08878733029696331 -0.9451542718288666 -0.31432501081266645 0.08166142708215363 -0.3214162623795906 0.9434103018331104,65.96165876111428 21.747990188834493 939.6193508599176,0.69
54,1580,15,0.8694474697113037,-0.993270290262962 0.06940151699644989 0.09272302798940109 -0.09457878530244512 -0.948128165747582 -0.3034927259208042 0.06685045887386094 -0.31021993932485686 0.9483114495742612,58.42480755497283 21.13629127639118 940.8677650742145,0.69
54,1585,15,0.8795095682144165,-0.9884473095572883 0.07003497325608089 0.13441361073186817 -0.1086861275874441 -0.9456322831457284 -0.30654022695666355 0.10563731300541478 -0.3176077574518876 0.9423195161448048,57.66579999914027 23.362770542406327 935.3063613554712,0.69
54,1595,15,0.9109571576118469,-0.9880099879687798 0.07673003775029619 0.1339730009396284 -0.1162614801417857 -0.9407283152429251 -0.31861184085882455 0.1015850968851865 -0.33036758044191605 0.9383697191852375,70.58712675062712 14.101016190554047 931.4796800993386,0.69
54,1597,15,0.9119371771812439,-0.9880005666039104 0.08121200385828167 0.13137538133027296 -0.11913473398612032 -0.942052198785285 -0.31359937806358357 0.09829443294718443 -0.3254877343205616 0.9404232766464572,72.4833450527084 13.308680486776337 933.389233332446,0.69
54,1605,15,0.9186230897903442,-0.9908277749137209 0.0793704919225861 0.10936473595950248 -0.11044554986890964 -0.9419766744490887 -0.31698852551470935 0.07785949507721711 -0.326159883808236 0.942102769988773,83.84469358057339 9.631491695077857 937.8660932704893,0.69
54,1613,15,0.9103670120239258,-0.9902497968390209 0.06968663728984154 0.12061970172203104 -0.10414373051244774 -0.9454127729552879 -0.3087859649141198 0.09251715114090106 -0.3183370247335793 0.9434522327222212,88.31028832283585 14.748912639882944 937.5975192751914,0.69
54,1619,15,0.8871458768844604,-0.991094086767841 0.06307609683807695 0.11727709572415518 -0.09689887221808051 -0.945705835706921 -0.31024358312902867 0.09134067952825414 -0.31884459900953 0.9433954642384967,90.67491209098529 18.60729157324109 935.8459348064696,0.69
54,1625,15,0.9142261147499084,-0.9907083575287319 0.0577447611766196 0.12313607464661724 -0.09476838214086968 -0.9425008918337521 -0.3204856044177087 0.09754949548369904 -0.3291771733417084 0.9392158881118008,97.35523617199686 18.1728034768291 933.1997037378675,0.69
54,1663,15,0.91905277967453,-0.989864443445847 0.08001159290752838 0.11733085102411685 -0.11399676611022594 -0.9403761856576309 -0.3204642987360922 0.08469427913415396 -0.3305915522943756 0.9399660124885054,96.34205334705258 5.1523440766390145 932.4356790564045,0.69
