scene_id,im_id,obj_id,score,R,t,time
50,620,2,0.9440094828605652,0.945889612948142 0.03806314946722129 0.3222484084824161 0.11288406839898832 0.892466200008447 -0.4367622567761266 -0.30422035963838234 0.4495055933969216 0.8398777853273502,53.409915605139425 -86.25660580119062 1045.6400730668781,0.69
50,623,2,0.9284941554069519,0.9453869667533146 0.040377585224185 0.3234395363965744 0.1130758349892737 0.8900465952670886 -0.44162304490927773 -0.3057079302773251 0.4540778665217311 0.8368727218045926,54.12113225063503 -90.32520864973978 1047.5064159074418,0.69
50,629,2,0.8841671347618103,0.9460035551052796 0.03711568742031569 0.32202437714478965 0.1165676237390496 0.8880175133979102 -0.444788584604443 -0.30247192071993007 0.4583091987358641 0.8357412371841457,57.16737339623286 -95.55150763594446 1042.6218961886455,0.69
50,633,2,0.9096074104309082,0.9444378630381021 0.03968866897737218 0.3262850477953713 0.1170177825808935 0.8870444145373011 -0.44660838012516907 -0.3071546213552287 0.45997501692263826 0.8331140512481738,61.8326875659632 -98.61650607908612 1036.9331160506151,0.69
50,640,2,0.9193475842475891,0.9442526066891407 0.044688129329788745 0.3261747780834181 0.11129161621464095 0.8890919865232472 -0.44399281037025734 -0.3098405895312879 0.45554188676470825 0.8345540117222814,71.96562778653974 -97.4997597562919 1035.7253254736615,0.69
50,642,2,0.9181646704673767,0.9453220291978024 0.04146372775432865 0.3234919170459505 0.11542991324745742 0.8851462430699801 -0.45076830357378056 -0.3050281892563925 0.46346185135328505 0.8319620881381266,72.16014274476058 -98.60139756824643 1034.4521646434432,0.69
50,644,2,0.9238659143447876,0.945399062828285 0.040713622375855255 0.3233620462522413 0.11515021586769968 0.88645045279916 -0.44827003303565405 -0.304895129165788 0.4610292785552784 0.833361244914699,72.05671482446469 -99.5034272108626 1034.9214109935117,0.69
50,651,2,0.9068686366081238,0.9448286596817814 0.039423670702018306 0.3251839141659798 0.11888715199810806 0.883766883704918 -0.452572580208166 -0.30522884682432494 0.4662637337975975 0.8303213122709882,77.7715287241084 -103.4763412923795 1030.1405789958474,0.69
50,653,2,0.9326557517051697,0.9442584324249171 0.04020977951764351 0.32674024304572685 0.11847559962427612 0.884504720555118 -0.45123711240253805 -0.30714743216915613 0.464795194625391 0.8304371631647024,80.26719646490099 -102.8749073904507 1026.0259212719036,0.69
50,660,2,0.9523389339447021,0.9447752718037203 0.03727231187231993 0.3255924761967005 0.12050270835079822 0.8843997260368468 -0.4509060011422257 -0.30476020584769414 0.46523961498742006 0.8310675770224876,85.56343626790162 -100.63931145915666 1026.5364304381037,0.69
50,662,2,0.9464693665504456,0.9447360272865165 0.03733735683389927 0.32569888015089715 0.12021466461811717 0.8848316761195361 -0.45013480130539346 -0.30499552973387006 0.4644123455724993 0.8314438646849259,85.66455833861448 -98.85158815328265 1029.8189049467844,0.69
50,671,2,0.9028409719467163,0.9461806383902743 0.03993459398566706 0.3211657325098255 0.11605249072961205 0.8844972987860418 -0.4518809000562524 -0.3021159031412053 0.46483304168636225 0.8322597097215378,91.44646918428009 -100.66919199957175 1027.1724231894,0.69
50,681,2,0.9022720456123352,0.9478123920559893 0.044143519036591125 0.3157578489795142 0.10819233398691082 0.8870708799445757 -0.4487757489223554 -0.2999101337593786 0.4595177947385959 0.8360007822885152,96.93747839653068 -99.26540789784065 1019.808387217738,0.69
50,682,2,0.9044776558876038,0.9463646304697169 0.048876900341076064 0.319382270655346 0.10789209970787522 0.8839458762562253 -0.45497140862942126 -0.30455423329276204 0.46502767279234297 0.8312616811334416,98.45371174828462 -99.34787404652265 1023.8406626072532,0.69
50,701,2,0.9021345376968384,0.951411892534831 0.052319403924353594 0.30344371919071145 0.09308067149367356 0.8904898017585906 -0.4453806254859239 -0.29351558619190543 0.4519851689347188 0.8423526623246798,97.10594099851737 -87.29565608874448 1025.5845768511358,0.69
50,712,2,0.930203378200531,0.9505387156235215 0.0537033749822442 0.3059282556683879 0.09270167634808496 0.8909999898843118 -0.44443831656193994 -0.296449910276662 0.4508158887413715 0.8419515931188006,107.16291112631038 -79.44465259200027 1025.1437151772325,0.69
50,721,2,0.9305022358894348,0.9505330524032481 0.05082339936675605 0.3064374297728186 0.09355275986077542 0.8938774768395427 -0.43844148699844204 -0.2962006033271979 0.44542119221673787 0.8449054172585377,118.46374146405023 -80.24521715376379 1022.3422240798373,0.69
50,722,2,0.9359896183013916,0.9500111656087662 0.051836531580101014 0.3078827036590699 0.09411354023730595 0.8927074232225909 -0.4406995553291188 -0.2976935114554472 0.4476454294606695 0.8432035001826654,119.06800216527779 -80.33502073942304 1022.4837506385076,0.69
50,735,2,0.9064448475837708,0.9507204828887696 0.05757978275819514 0.3046557598885399 0.08720459286125001 0.8932786785454082 -0.4409632200536377 -0.2975330610195247 0.44580014700949605 0.8442371151084649,127.1117530054573 -79.88123408984444 1021.7558858731999,0.69
50,737,2,0.8931654691696167,0.9499256753621451 0.05481715855904029 0.3076301194865117 0.0910571168493414 0.8932040238836145 -0.44033529632452223 -0.29891439035091266 0.44629771548332225 0.8434859432115687,127.74992524826715 -80.36250526942534 1017.1318491517511,0.69
50,751,2,0.8929235935211182,0.9518931587322323 0.05732318614393986 0.3010207080735149 0.08463197753433205 0.8949574190544609 -0.4380509633113554 -0.2945111928898482 0.44245369295518977 0.8470524699526667,132.551783997845 -77.04323720380687 1016.0750253864084,0.69
50,757,2,0.9014527201652527,0.9518197205653116 0.06013054566184506 0.3007050665043422 0.08250555472916277 0.8942160972436682 -0.43996636788410953 -0.29535072876464213 0.4435785036593987 0.8461714117774741,133.09591010680543 -77.49851375795348 1014.7014465900936,0.69
50,769,2,0.9148865342140198,0.9538263523000069 0.06498882328194487 0.2932434867247546 0.07508549089562859 0.8937206307301685 -0.4422958322935367 -0.2908220395964269 0.4438917515067136 0.8475745714857639,134.56344587466586 -77.63327395586542 1013.7888002398297,0.69
50,923,2,0.9204330444335938,0.9808469861458285 0.08232729522446877 0.17652593642201153 0.010641433629104843 0.882281420503805 -0.47060201330222273 -0.19448894482453816 0.4634670554578947 0.8645069917856226,120.20543866298942 -99.2305893258815 984.649639841304,0.69
50,1026,2,0.932774007320404,0.9942333164683852 0.08623385553142571 0.06374821240208292 -0.04520022654162412 0.8760487229002365 -0.4800995465790929 -0.09724737500242223 0.47444953078810176 0.8748946169625735,72.76020522035316 -93.41983020789671 951.6445413893086,0.69
50,1044,2,0.8963677883148193,0.9944372254377598 0.0975090114622638 0.039832114522105166 -0.06664327650029524 0.8753067658085386 -0.4789537967561186 -0.08156763059544632 0.47363494213734725 0.8769359516096923,58.604425528791566 -92.18896911349705 951.1184901016018,0.69
50,1052,2,0.9312673211097717,0.9950047854237758 0.09494545186311582 0.030835663675275564 -0.06843434157222464 0.8736334526348852 -0.4817482032460795 -0.07267886816236227 0.4772315492585948 0.8757669955615359,53.73571478751758 -93.59597004281261 943.1967080305176,0.69
50,1058,2,0.9291738271713257,0.9954043865302129 0.09138042839052744 0.02863083274329063 -0.06652438936607998 0.8749314263238473 -0.4796556106733124 -0.06888115051217411 0.47554665022275333 0.876989606874584,53.37722201433 -94.09575841267741 942.5435081692169,0.69
50,1066,2,0.9172172546386719,0.9952886938254176 0.09455538009130775 0.021440523293111812 -0.07260198853693141 0.8734014837091403 -0.48155871865760635 -0.06426015253465733 0.47773332346661845 0.8761515305275462,50.521338657565366 -95.73338587594009 935.1886938965029,0.69
50,1077,2,0.9245879650115967,0.994868388723343 0.09856928257441637 0.022825110115486876 -0.07549668246390949 0.8734027080551314 -0.4811111727022212 -0.06735829611831688 0.4769190770924641 0.876362398696629,51.56224380442503 -92.70199548942128 933.012965914537,0.69
50,1094,2,0.8960625529289246,0.9956727655606151 0.0928876740547233 0.002761146424898029 -0.0809010777052633 0.8810414037849703 -0.4660698021141638 -0.045724824187777846 0.46382962909382186 0.8847436440165504,48.71524972905055 -80.13679899976945 936.6518540972191,0.69
50,1098,2,0.8744962811470032,0.9960423976255394 0.0888793316737857 8.083061378856213e-05 -0.07849074934782618 0.8800468023033055 -0.46835545051012656 -0.0416982541503077 0.46649554141164956 0.8835401323334828,46.78141359033817 -80.08668042695155 935.5331520316211,0.69
50,1105,2,0.8896064758300781,0.9958649937667726 0.09082433443043868 -0.001963279188951849 -0.08131489513805105 0.8815439396134059 -0.4650464174247163 -0.040506814471070185 0.4632830914313014 0.885284121158435,47.276751275933336 -78.22867422364382 935.3402130984523,0.69
50,1113,2,0.9056853652000427,0.9966100634612255 0.08203537757384116 -0.0062111379093857475 -0.07579828869430727 0.8862388723521808 -0.4569849894284816 -0.031984384296505394 0.4559066329395223 0.8894527200492004,48.37046203879386 -71.33837320084874 933.2713895235922,0.69
50,1125,2,0.8808057904243469,0.9970069806488967 0.07603460719556204 -0.013993535864356086 -0.07392910349827073 0.8846864315642535 -0.46028730751786906 -0.022617873315420443 0.45994418826062355 0.8876597182997343,44.84659304042836 -73.25826682814434 927.0255280820588,0.69
50,1130,2,0.8589984178543091,0.9969540759384108 0.07529449347931229 -0.020330020203712038 -0.07614562103201196 0.8833477420219371 -0.4624917416153444 -0.016864603981082936 0.4626310689052769 0.886390477846035,41.34747002920581 -74.12671033783604 925.7040932272671,0.69
50,1145,2,0.8776078224182129,0.9968978334776804 0.07547285253657973 -0.022328415472189764 -0.07725974040654726 0.8842255343035098 -0.46062581017349163 -0.015021388744718749 0.460921959788926 0.8873135324475311,39.52783342325641 -77.39970156952327 916.2256763600035,0.69
50,1150,2,0.8620532751083374,0.9973275330264435 0.06907059394887073 -0.023812704989953255 -0.07218846027517449 0.8814174512500136 -0.46678914172785707 -0.01125246952841361 0.46726066567118624 0.8840479920490923,39.52503433085886 -80.34241060757205 915.9380526137867,0.69
50,1169,2,0.8793447613716125,0.9967117897445085 0.0719055008868225 -0.03735247149137409 -0.08102691300053773 0.8816453742932077 -0.46490437012034325 -0.0004975478891871242 0.46640222226057737 0.8845726196963667,37.087740446785915 -84.59143520168666 921.0930828187644,0.69
50,1189,2,0.8877045512199402,0.9963605475738198 0.06595340155343196 -0.05399822276640011 -0.08352643565151269 0.8817869172590307 -0.464193027843126 0.016999817227009256 0.4670138984809201 0.8840865482744894,35.74676217244539 -82.17196179580355 923.5237867156326,0.69
50,1192,2,0.9046315550804138,0.9963910159716918 0.06314556025473343 -0.05672372969944538 -0.08216377404615881 0.8852613540240839 -0.4577788213820484 0.021308625610106168 0.46078734063726345 0.8872547374813204,36.24861605861828 -77.99781083540665 921.9952016234951,0.69
50,1209,2,0.841101348400116,0.995715915787017 0.0590257562693785 -0.0711742590073827 -0.08500322065745856 0.8872648584307696 -0.4533602579314665 0.03639048675521502 0.457468065651204 0.8884811204426711,27.87636843539734 -70.11958961521815 923.7734558097665,0.69
50,1216,2,0.8311488032341003,0.9946124634264886 0.06388210357348414 -0.08164021337379339 -0.09412860678221244 0.8864727823821142 -0.45310684333935225 0.04342640880767716 0.4583503931914309 0.8877100112532973,27.211596924753437 -71.1598486722356 927.5417052463073,0.69
50,1242,2,0.8743219971656799,0.9926673915729819 0.07006655812358903 -0.09849937634526355 -0.10690295435703837 0.8892153932249051 -0.4448232714254217 0.056419926067207124 0.4520914308904684 0.8901854470041508,15.843446658975052 -64.97548250314212 920.7858010395151,0.69
50,1246,2,0.8551138639450073,0.9920676104496116 0.06320380240068481 -0.10866064448038654 -0.1049875153052305 0.8919897439307894 -0.4396952562313115 0.06913376835405224 0.44761543325088765 0.8915497439788699,12.263624183990476 -63.976965029949085 915.7837480798474,0.69
50,1263,2,0.8575093746185303,0.9914592381552402 0.06407233006965057 -0.1135927620760959 -0.10899532964284553 0.8853647993272072 -0.4519393656546655 0.07161422479283161 0.4604605397118626 0.8847866941673468,9.556557140000882 -73.91859340294796 911.6801112857166,0.69
50,1266,2,0.8454189300537109,0.9908093269871291 0.06387131504100271 -0.11923645696784727 -0.11146933508399326 0.8848946765426311 -0.45225656298438016 0.07662548460691612 0.46139122937204297 0.8838815919382585,8.969273282743963 -76.18741523748086 911.9129341962388,0.69
50,1280,2,0.857367217540741,0.9891551531430711 0.07301430004530483 -0.12744016242692788 -0.12365707101057187 0.8821963717471454 -0.45435502689555324 0.07925283464705818 0.46518649342502055 0.8816578216832988,6.763298964241725 -79.98228438187012 909.3970362632795,0.69
50,1284,2,0.8297946453094482,0.9885881322439719 0.07064311285808836 -0.1330528293276564 -0.12442522938330608 0.880810830996283 -0.45682670925915553 0.08492271238771602 0.4681685920748601 0.8795489197965947,7.2078694092506215 -81.64788552893977 912.498991092975,0.69
50,1324,2,0.9172272682189941,0.9806698916233877 0.06890394317388183 -0.18313604308945713 -0.14702015517217126 0.8770893252847475 -0.4572738670038964 0.1291186959217127 0.47535940306954794 0.8702653619884221,-15.021868589354185 -89.82556215811496 902.243673860536,0.69
50,1480,2,0.8766730427742004,0.9728435268217527 0.07264216716479005 -0.21976939702928705 -0.15158330920521268 0.9174903877284163 -0.36774160601753686 0.17492276207346652 0.39106841342092963 0.9035859247094469,-5.857868054641194 -40.36829788974645 994.6292806482681,0.69
50,1542,2,0.9112634658813477,0.9630403903842212 0.052669994925208574 -0.264157298069134 -0.1582064781711815 0.9043156534358422 -0.39646425969509186 0.2179998090670684 0.4236024912408853 0.8792252343178268,-13.315530485010871 -94.37636296643748 982.2154354807233,0.69
50,1564,2,0.929542064666748,0.9609722882827417 0.051660750346753256 -0.2717782699669744 -0.16108159229611768 0.9031846038093497 -0.39788225904794416 0.2249110530320342 0.42613230142217384 0.8762569713894794,-15.674645847677395 -98.11740515462162 978.2582530432869,0.69
50,1592,2,0.9099274277687073,0.9571479227459302 0.06048911556142775 -0.28321179509643873 -0.17299531856414485 0.9037086550262575 -0.3916417835031431 0.23225088533316937 0.42385343425437644 0.8754471957421133,-15.190524312195995 -92.84213237944027 976.9930976205956,0.69
50,1593,2,0.9076981544494629,0.957620394133392 0.05873420516715325 -0.28198133605469317 -0.16974325181060995 0.9060037944539077 -0.38774263745412535 0.23270240481045076 0.41917468623296444 0.8775774457088839,-14.552260005363408 -91.60809231601561 973.4448926722305,0.69
50,1613,2,0.875158429145813,0.9535282599029287 0.05419630289074197 -0.2963893019652834 -0.17044985019112835 0.9081829315411214 -0.38229649674983524 0.2484566484043341 0.4150500254310916 0.875215842094586,-21.447130051485154 -85.96149037744934 972.0838908123872,0.69
50,1629,2,0.8708811402320862,0.9498567274622128 0.05376190174717078 -0.3080289843753394 -0.17627721059081383 0.9057129329063776 -0.38550023111854237 0.25826060930985467 0.4204684781129916 0.8697745205467031,-26.37546457019007 -86.61446305442792 964.8289269940369,0.69
50,1656,2,0.9048202633857727,0.9461698502683222 0.04895175907953288 -0.319947401499434 -0.17810458600843798 0.904127228674865 -0.38837187180777066 0.2702616711374064 0.42444985528531864 0.8641764573640551,-28.608744911217933 -96.10465608938334 953.0420616489581,0.69
50,1658,2,0.8917312622070312,0.9463684850375883 0.048577372017961015 -0.31941654536903474 -0.1791509952586816 0.9016263469211706 -0.3936684536960115 0.26887099402033654 0.42977921013633674 0.8619734445498322,-27.353991662743418 -98.24899563136935 951.5682071999712,0.69
50,1669,2,0.9234146475791931,0.9441160567323806 0.04892188949906945 -0.3259624520522896 -0.1830911106926155 0.9001619394568519 -0.3952039067856281 0.274084871172133 0.4327991814700206 0.8588145037861409,-33.66023123578322 -94.51578813158326 944.3536129473122,0.69
50,1678,2,0.8591339588165283,0.9414972990667811 0.050242682555164064 -0.33325442037520986 -0.18712751049649431 0.900327999573384 -0.39292847695168776 0.2802965049110326 0.43230216982320324 0.8570581679797526,-43.146660718239396 -89.32682473629566 933.14245229886,0.69
50,1695,2,0.916189968585968,0.939473566962898 0.039652497213132215 -0.3403191097231713 -0.18140661684056356 0.9001980284876794 -0.39589790208253967 0.2906562511704683 0.4336717525636847 0.8529054781650027,-49.29883616667328 -94.84962731279711 927.1076180034263,0.69
50,1708,2,0.878319263458252,0.938102323632262 0.03928825244267488 -0.34412274498462236 -0.18221253075643257 0.9009263765197209 -0.3938657864379467 0.294554959270909 0.43218988571118455 0.8523199391413216,-55.02114155318655 -93.78003551798527 913.1645259740421,0.69
50,1711,2,0.8612653017044067,0.939106084300198 0.0393470949938696 -0.341367204848229 -0.1826014496121251 0.8986951708705317 -0.3987526808104696 0.29109529887976526 0.43680521513545273 0.8511549394796291,-55.85975429970341 -93.9265823803006 910.1710601335317,0.69
50,1713,2,0.870839536190033,0.9389476857655521 0.0366183590217779 -0.34210574268501576 -0.17910329843410355 0.900997110738381 -0.39512809939450527 0.2937673431229865 0.4322768814355468 0.8525476208932963,-54.56739893619668 -94.34069842802285 912.4726127514981,0.69
50,1714,2,0.8701213598251343,0.938275944911982 0.03629399854290047 -0.34397819243274036 -0.18014573239416024 0.9002296138962687 -0.3964015102952393 0.29527235952540326 0.43390020504021776 0.8512020005652936,-53.988615070297854 -95.84625413223947 914.4810680804819,0.69
50,1718,2,0.8875700235366821,0.9399545112538801 0.03410318233390709 -0.3395916514406379 -0.1777638117064344 0.8982983314573432 -0.4018210235273318 0.2913512382350189 0.43806059016493765 0.8504218807881578,-50.239312887618546 -102.79104716489833 911.5768047360531,0.69
50,1719,2,0.8983438014984131,0.9383673293522521 0.03268783114606254 -0.34409048359303496 -0.1769529584358358 0.9005932700452735 -0.39701311370024855 0.2969080761871046 0.4334319642621292 0.8508715100711416,-50.76184724280917 -102.29896603507072 905.4405417444899,0.69
50,1733,2,0.8537983894348145,0.9372116952262128 0.032819762346596226 -0.34721333720167097 -0.17661683429515757 0.903128154600563 -0.3913643190319456 0.3007336565380822 0.4281149373325983 0.8522187913076901,-53.47235589750904 -87.88338381378429 899.3956426968128,0.69
50,1743,2,0.8583794236183167,0.939764618208226 0.04080374107102372 -0.3393781328821232 -0.17973813683775924 0.9034990873628301 -0.38908045607640573 0.2907518951443621 0.42664323954463623 0.8564104632831269,-42.347866691887376 -89.15257949002955 905.8656791344486,0.69
50,1745,2,0.8669523596763611,0.938983491825052 0.03263965733928065 -0.3424100682643647 -0.170845293435485 0.9082643029712358 -0.38192648724475514 0.2985328923100026 0.41712181520144614 0.858421518539741,-40.36385960767058 -89.84679188436837 904.5109153316723,0.69
50,1756,2,0.8865826725959778,0.9370373536242191 0.025280963296456613 -0.34831289210668515 -0.16610948357316252 0.9095933015880067 -0.3808512375892809 0.30719478735808214 0.41472991042488466 0.8565223079517484,-41.96465650348025 -90.73718285191309 900.41783657072,0.69
50,1778,2,0.9014526009559631,0.9362272822257374 0.01440199164133453 -0.3510997844672827 -0.1546906323946587 0.9140280095505555 -0.37499814133724746 0.3155143170532044 0.4053953383967464 0.8579658124544576,-32.104618418874516 -93.80822936787057 904.2480500949482,0.69
50,1782,2,0.8646585941314697,0.9325483175639467 0.006165111041371546 -0.3609925578381081 -0.15012886522375438 0.9159369917183044 -0.3721837597594104 0.3283518832522208 0.401274742050718 0.855081061746107,-35.94000668672896 -95.74402844838927 902.1732349957556,0.69
50,1874,2,0.8827120065689087,0.9043770082209794 0.010258834414672235 -0.4266110445332174 -0.16506469731509948 0.9303031560955711 -0.3275510394715516 0.39351730927818795 0.3666480520541078 0.843038156445711,-56.41673881913053 -72.16388404159356 882.196104799821,0.69
54,1,2,0.8306905031204224,-0.25570214711870065 0.9653150948174816 0.052755849688950474 0.4713977731278276 0.17213965659802122 -0.8649578475951534 -0.844038240513433 -0.1963025887344128 -0.4990638658600286,-122.60691162945061 -90.19497078687085 1033.4493766323833,0.69
54,22,2,0.769518256187439,-0.3074753227526763 0.9495950928545807 0.061058050449044 0.4635886898213748 0.2055265990545171 -0.8618841823300767 -0.8309900436033146 -0.23670229552664712 -0.5034159023358094,-96.51742287426889 -96.10642610205127 1033.6849194292513,0.69
54,32,2,0.8658864498138428,-0.34021028100232 0.9362089740906511 0.08814602391743714 0.42311972128646913 0.23611920443721823 -0.8747670677125403 -0.8397777480731337 -0.2603084288456022 -0.47645866107475765,-87.22794742512386 -77.17168353496292 1044.5207078470958,0.69
54,38,2,0.7962363362312317,-0.320992252933439 0.9433028821739087 0.08452009251717757 0.43138265748869536 0.22507178043948228 -0.8736427739458461 -0.8431328343592759 -0.2439720601466458 -0.47917080200393625,-98.32692184685553 -95.54975586752192 1055.3074690426888,0.69
54,43,2,0.8253017663955688,-0.31603050719661474 0.944361467856515 0.09113800825637369 0.4565851875838999 0.23559194110486126 -0.8579198119669568 -0.8316577932058506 -0.22951656871418236 -0.5056356985870782,-102.30186713159821 -124.70502909184994 1055.2182184332223,0.69
54,50,2,0.8403011560440063,-0.32771614328217047 0.9408228342435729 0.08633958534849878 0.4456046356568522 0.23450393501642863 -0.863970145978977 -0.8330898139536842 -0.2446636446791826 -0.4960857414388311,-107.82393706376777 -126.19071766517534 1046.2106579923634,0.69
54,56,2,0.8541314601898193,-0.31912852657396296 0.9438631055746497 0.0853195256767712 0.46066935476260473 0.23316952614868747 -0.8563969393092212 -0.82821538811431 -0.23399660256203364 -0.509219855151082,-120.79535311317804 -115.42139557257016 1045.697628375758,0.69
54,63,2,0.8325059413909912,-0.31673250291216126 0.9450778146579468 0.08067493935763353 0.43727884126848054 0.22096532232377886 -0.871757730857171 -0.8417052551682764 -0.24083656402570697 -0.4832494312985778,-102.32998480723481 -129.5659987269795 1056.6634893080968,0.69
54,69,2,0.852678656578064,-0.3574541801544857 0.9284234993811952 0.10127346585784869 0.42234880471980263 0.257413319609032 -0.8691144171164189 -0.832975387536654 -0.2678958541758989 -0.48413202235911545,-92.50085924754 -128.9167580946693 1045.3112389734126,0.69
54,81,2,0.8410404920578003,-0.4178172058884604 0.9006820192365338 0.11916661733707395 0.4002373054253997 0.30022259232127946 -0.8658386075971125 -0.8156217761986102 -0.31406734195693026 -0.48592470909260577,-45.59690334858749 -103.81482784920128 1048.0826370714874,0.69
54,86,2,0.8676445484161377,-0.42650339935886805 0.8968156955614501 0.11754343252586408 0.3961943213614177 0.302063269160624 -0.8670569999400051 -0.8130958799897436 -0.32323271743223775 -0.48414429700769546,-50.313373256715366 -97.50561071559909 1050.054785624043,0.69
54,90,2,0.7964131236076355,-0.4269315750758784 0.8961574260787644 0.12095990198042605 0.3961498078962918 0.30559438546563666 -0.8658391312914953 -0.8128928342081515 -0.321735822151908 -0.4854804845071272,-53.44937499494175 -106.75675280947871 1053.0833643382746,0.69
54,135,2,0.8714469075202942,-0.4342027212563766 0.8935376287838177 0.11427380627663603 0.3790769967026116 0.29632001432494537 -0.8766385114067214 -0.8171711126957963 -0.33732025592581416 -0.4673825173427626,-52.59753192562793 -108.95890399618435 1144.4996496835831,0.69
54,202,2,0.8823356032371521,-0.4616441236965425 0.8812221675931787 0.10164740232210201 0.31274144977266827 0.2689147261479069 -0.9109762102573733 -0.8301069139879159 -0.3887574583248225 -0.3997376013665501,-47.826326824559914 -87.03714453579133 1226.5026331153856,0.69
54,390,2,0.8980759978294373,-0.46551875891816774 0.8791424964170194 0.10198409723550117 0.2559413976534217 0.24403295714199202 -0.9353832993996354 -0.8472226897708194 -0.4093365202644224 -0.3386108786133608,-49.284689434663626 -79.92910605729374 1178.620965213912,0.69
54,479,2,0.8972814083099365,-0.556912539124369 0.8215037837392105 0.12239263486096463 0.2690806583408609 0.3178657019990305 -0.9091517996459737 -0.7857760642020715 -0.47338454642586747 -0.39807417415888535,-9.463362558690868 -117.41207991508125 1096.2244476467945,0.69
54,514,2,0.9377684593200684,-0.6060845423521455 0.7847961463283846 0.12944704025163328 0.2582807669047753 0.3481083303050442 -0.9011723674299582 -0.7522981941815841 -0.5127529610644402 -0.4136808285995097,14.738869642453757 -127.65121148300345 1066.3682599260267,0.69
54,520,2,0.9104384779930115,-0.6226734731474814 0.771868879523049 0.12843745038844973 0.24361984333943665 0.3472182644165691 -0.9055875710205026 -0.7435906923635616 -0.5325954465439771 -0.4042461781524975,20.178779709249255 -123.66297744675231 1060.390283648892,0.69
54,524,2,0.9327077865600586,-0.6121976318897395 0.7795459276805852 0.1323714702842374 0.24709316783115276 0.3476356521645215 -0.904485721145068 -0.7511052029641125 -0.5210159306400944 -0.4054421957560357,15.223661744242502 -124.54776067517894 1060.0452582798418,0.69
54,530,2,0.9046089053153992,-0.6192790410044846 0.7740964693046811 0.13140824016245461 0.23117334519303034 0.33970324670999286 -0.9116800911761505 -0.75036814554246 -0.5342062901021636 -0.38932157115995136,10.066874695768718 -119.23577435365185 1056.7727428785593,0.69
54,537,2,0.9059630036354065,-0.5819401076011514 0.8029279894179111 0.12904400402370975 0.2531690318475577 0.3296650544445925 -0.9095198695968187 -0.7728202588432388 -0.49661614521414305 -0.39512181898006427,7.0550841813562 -102.35386124729683 1039.5045919681077,0.69
54,543,2,0.8831467628479004,-0.5673684945035484 0.8125755052757537 0.1334692461604205 0.2535989708745538 0.3266248353792087 -0.910496446387833 -0.7834414805307062 -0.48273933456821017 -0.39138495301237297,9.111570450477785 -95.13501074078405 1038.1306307306127,0.69
54,560,2,0.882073163986206,-0.5884105542518692 0.796968670151583 0.13643298150310268 0.24929917296496856 0.3393345013564396 -0.907029226953663 -0.7691702945408067 -0.4996929407005807 -0.39835163236770477,17.377655089245266 -89.93161570366767 1026.9695844690468,0.69
54,561,2,0.8801081776618958,-0.6232569153739855 0.7710494796745806 0.13051251791327628 0.23661770982760144 0.34500548981070045 -0.9082858973893735 -0.7453609037469338 -0.53521389359212 -0.39747101941087104,19.877353276297107 -89.56503115689719 1029.2303269699128,0.69
54,568,2,0.851294994354248,-0.5698170708966881 0.8097374286923232 0.14012067045751186 0.24663799819093446 0.33116424807536016 -0.9107688722420467 -0.7838866012141593 -0.4844125693780311 -0.38841506029695494,3.7881396260646447 -89.23553259482414 1018.1407090507639,0.69
54,577,2,0.9049588441848755,-0.5810009855317539 0.8026278667902118 0.13500504532396018 0.24385143880524113 0.32991470419145275 -0.9119719095185332 -0.7765142179018644 -0.496935403659329 -0.38740272841862566,-3.4618819916617625 -88.61050475809652 1021.7351531952093,0.69
54,583,2,0.903740644454956,-0.5508403570110139 0.8240606227620513 0.13228375221847744 0.2582957562320174 0.31903572220925036 -0.9118659497244934 -0.7936360648310468 -0.4681242334759465 -0.3885891128583614,-9.757690528821612 -88.42038670051859 1015.7300773832895,0.69
54,588,2,0.9151239395141602,-0.5168523648249894 0.8465371385379199 0.12743039688726937 0.2865427093529156 0.31134012548141365 -0.9060687622812676 -0.8066950530972077 -0.43178953130112874 -0.40348592536449757,-11.35020542614864 -85.47697509129733 1008.2110314380878,0.69
54,589,2,0.9203681945800781,-0.5359029330116423 0.8353445478498822 0.12250523567176569 0.28267901661642697 0.3142560029062109 -0.9062757517456711 -0.7955505137665924 -0.4510461739277777 -0.40454508899605224,-10.769598365482157 -85.03203650059811 1013.6420913108051,0.69
54,595,2,0.9025895595550537,-0.5194002266827367 0.8455130675148361 0.12381864634849649 0.27544548619764214 0.30281699199558076 -0.9123769251203654 -0.8089210027284904 -0.4397834944838205 -0.39017597225397305,-11.636255899489942 -80.24180416872088 1007.5233082237424,0.69
54,598,2,0.8759974241256714,-0.5317517034598234 0.8388151173782756 0.1167446989171082 0.28323904873811023 0.30605383550481347 -0.9089041154284225 -0.7981326751471256 -0.4502446541942086 -0.4003298442934664,-12.035735249389798 -79.11537497042018 1010.789456872663,0.69
54,604,2,0.8366681337356567,-0.5109314229442996 0.8510200142616411 0.12130134531087966 0.2727048271290952 0.2942864004153245 -0.9159844932044874 -0.8152184727474001 -0.4349257981043517 -0.38243743518997864,-17.418376459976674 -73.71716090778759 1010.6617162094893,0.69
54,681,2,0.8460766673088074,-0.3787887829143819 0.9200664358724353 0.09998405632517454 0.331041028684753 0.23558468600567573 -0.9137350234323668 -0.8642516388561738 -0.31301375257423014 -0.39381657587488217,-82.69756309059619 -71.50459973490901 1006.2534579248419,0.69
54,741,2,0.8040118217468262,-0.3166041388442151 0.9420911516832504 0.1105716111252788 0.31109290310961124 0.21324769725225035 -0.9261461144179393 -0.8960932010129008 -0.25882364949273745 -0.36059297492008,-84.29185330164474 -58.51993646179764 1004.0435602557059,0.69
54,866,2,0.6788763999938965,-0.14058971723454672 0.9877750172939781 0.06734275475351253 0.3271863148428029 0.11054972436009858 -0.9384710298264367 -0.9344429606923563 -0.10990574895694794 -0.33872862229034606,-77.16651266769651 -51.470271867195414 1028.9081814126903,0.69
54,1012,2,0.7886203527450562,-0.0014831569096012132 0.9956330250861622 0.09334173559217318 0.3659856390867422 0.0874062581229984 -0.9265066961567008 -0.9306193164918998 0.032787579945970646 -0.3645170261777031,-58.81578528394493 -51.08905261519919 1004.4616305341145,0.69
54,1024,2,0.7595577239990234,-0.013818657046976046 0.9945014256098971 0.10380731755180117 0.37041016767589496 0.10152246758226324 -0.9233035775184258 -0.928765499143747 0.025692470412374435 -0.36977634397616077,-25.62818833255067 -53.99704547197919 995.4637105441843,0.69
54,1025,2,0.8066456317901611,-0.036215996626085545 0.9946771606697602 0.09646630308207776 0.351952426245901 0.10304018191044473 -0.9303290872435872 -0.9353170004057463 0.0002587543359468536 -0.3538107429095261,-22.314594434255653 -52.30374515730654 995.110303928073,0.69
54,1028,2,0.7509912252426147,0.03288847896645808 0.9938571017222041 0.10567123216662788 0.36796828908495793 0.08626141016303412 -0.9258284437975395 -0.9292565233449598 0.06933275180623744 -0.3628708907418905,-21.63004910705861 -47.13612357500236 994.2904627463367,0.69
54,1029,2,0.7854399681091309,0.014327127210841839 0.9945516863617094 0.10325539492425767 0.37197276146907504 0.09055306897489923 -0.9238162189658168 -0.9281330713593581 0.05164382687511837 -0.3686487718611551,-21.534350001684963 -45.833524628735525 992.9626287498717,0.69
54,1032,2,0.8163231015205383,0.01606981980763611 0.9945556975298846 0.10295982421408384 0.37758034425889436 0.08931250335475438 -0.9216595685901829 -0.925837374769827 0.05368650906281697 -0.3740894468224987,-20.97343511732162 -44.826264320924395 989.8433626599488,0.69
54,1033,2,0.7911614775657654,0.0008105172877002076 0.994714297693919 0.10267818183538469 0.36493066047092704 0.0953027574389893 -0.9261441558811341 -0.9310343474383637 0.038221072562385106 -0.36292450110484653,-20.52694975112845 -44.77206762122242 988.1257147468567,0.69
54,1039,2,0.7684394717216492,0.048663648226899725 0.9922607413535403 0.11423865593471949 0.3876119872807107 0.08664950452096876 -0.9177411457936102 -0.9205372326297001 0.08894090473338617 -0.3803954768496336,-32.015244785348614 -54.506270810528065 984.3488657492779,0.69
54,1042,2,0.7987095713615417,0.05364391299477245 0.9920186826634061 0.11411075254054526 0.3979056429019387 0.08357474093441164 -0.9136117129418497 -0.9158566645198386 0.09441501959172727 -0.3902465555646706,-39.55516751852238 -58.265329011000475 982.288524450138,0.69
54,1063,2,0.84513258934021,0.13092502007162576 0.9861306414409662 0.10200488777736766 0.41155986154517976 0.03954289952342027 -0.9105244859212703 -0.9019296643775263 0.16119155408553432 -0.40067463534310943,-76.71327429070624 -70.76714152071094 980.3746049636442,0.69
54,1068,2,0.8178128004074097,0.11304666930013729 0.9896055251761706 0.08888956688464988 0.38547593683509834 0.038773809072606746 -0.9219028657353789 -0.9157667567024086 0.13848283745936274 -0.3770858669427364,-80.71154292094387 -74.86561309915493 981.3222479692299,0.69
54,1080,2,0.8078116178512573,0.09144166915822716 0.9921365502742063 0.08546043968735001 0.3902465910375144 0.04325275791917271 -0.9196938605405524 -0.9161582938145334 0.11744898697895756 -0.38322280220840277,-86.37202965958372 -78.51615747837107 972.1402357113964,0.69
54,1083,2,0.8372471928596497,0.12730664441668704 0.9881530477886146 0.08571214869221117 0.4066044802189196 0.026827591404968487 -0.9132103136765981 -0.9046910052350834 0.1511086843483213 -0.3983721257332824,-88.9625411116353 -80.91761646379236 976.4359438148209,0.69
54,1089,2,0.8722023963928223,0.1155133420335338 0.9895477262120301 0.08632476678708695 0.40179345240748165 0.03293077264764965 -0.9151380146269226 -0.9084154828131898 0.14039537656714324 -0.39378985363242847,-81.43316837971467 -81.0590631867072 973.923707407557,0.69
54,1096,2,0.8089584708213806,0.15025177137705703 0.9831573369978003 0.10404833446745076 0.41607417116805456 0.03258653403239653 -0.9087466103851898 -0.8968314720642185 0.1798326124682323 -0.4041701896577452,-76.38458573177337 -77.21301231947834 970.6026791726165,0.69
54,1106,2,0.8440771698951721,0.09247094029219527 0.9923767864238344 0.08147047912330407 0.359950963045173 0.042971523034899706 -0.9319810901573666 -0.9283773098284607 0.11550654516158199 -0.3532333628361082,-68.41665567119968 -58.232309003865346 977.3003988554998,0.69
54,1110,2,0.8484206199645996,0.0822862953439838 0.9935686391517127 0.07778383439235237 0.3625650432032357 0.0428561057963921 -0.9309725794259489 -0.9283186710637673 0.10480798390477086 -0.35670678640056597,-57.544704139538 -43.473761516326874 978.0534643440903,0.69
54,1111,2,0.8312668204307556,0.15651121367156928 0.9834156018402243 0.09164056990373876 0.38651673053376756 0.02439934832336843 -0.9219595917494876 -0.908905416978323 0.1797176281243011 -0.376287811560295,-58.306364404659575 -42.88495940655059 976.0383665120348,0.69
54,1134,2,0.8516063690185547,0.2294116403613502 0.968599573878894 0.09583926517007296 0.3942387924160618 -0.0024429333129236674 -0.9190047914081589 -0.8899135204170345 0.24861395286357862 -0.3824199636793386,-147.74529638568333 -68.35416445412324 1004.9946141922783,0.69
54,1178,2,0.8521250486373901,0.2008085913883514 0.9773701891907799 0.06650881825596971 0.3478634581500254 -0.007674713835522873 -0.9375137936326317 -0.9157875977040375 0.21139681182251158 -0.34153252237926934,-159.61777628523376 -47.85960618465071 1053.2604793206738,0.69
54,1355,2,0.8917410373687744,0.24531124578250008 0.9671098595743517 0.06723772904192721 0.3373850291045744 -0.020146083653582503 -0.9411511448484395 -0.9088419746186591 0.253559962982133 -0.3312304489985123,-129.3718729548002 -29.379789661121585 1008.7611703818429,0.69
54,1531,2,0.9045529961585999,0.34187693169332656 0.9383285657324406 0.05157195271130954 0.3176897184794826 -0.06375292347607875 -0.9460490513290949 -0.8844169866914496 0.33981622603806655 -0.3198929917532771,-125.47769835505113 -18.12422749262023 968.2215411236878,0.69
54,1539,2,0.8974630832672119,0.35947339528938316 0.9322295020393279 0.04155759385033869 0.2948573525307998 -0.07122047943328313 -0.9528834057573996 -0.8853462710926445 0.35478979528278454 -0.3004765904784421,-126.1432274199587 -15.453422604148141 975.6439015895979,0.69
54,1543,2,0.9087777137756348,0.3370209222105578 0.9405175273415414 0.04293808048455533 0.2824946200998148 -0.05751251425239201 -0.9575432628967895 -0.8981167449764016 0.33484189025228234 -0.285074062175555,-119.44046946425499 -11.106920327746838 974.0469824114685,0.69
54,1547,2,0.9326278567314148,0.31556086265740213 0.947964319105017 0.04224916168017573 0.2932760101658717 -0.05508875034500993 -0.9544393178440486 -0.9024469645470052 0.3135743600634252 -0.2953990468683163,-112.05902855993016 -5.868568353010065 975.7936324274525,0.69
54,1550,2,0.9203062057495117,0.3528136701585266 0.9349149163944681 0.0381656030005445 0.2683089826967453 -0.06200900440687729 -0.9613350993158971 -0.8963999129593376 0.3494123387569373 -0.272723694553479,-113.22748805428168 -3.539195851284049 980.7076348954326,0.69
54,1557,2,0.9186847805976868,0.35282397602643356 0.9345876712785733 0.045399632542478474 0.27525320510702767 -0.05729541296116136 -0.9596629141172011 -0.8942879374223982 0.35108847937194326 -0.2774634473819739,-113.32407708118028 -8.37829135031153 980.8416979241686,0.69
54,1559,2,0.8843244314193726,0.371177892465574 0.9274932007780132 0.04453464556243075 0.2873120657443904 -0.06910900324194147 -0.9553406316851583 -0.8829941953504035 0.36739666326936354 -0.29213172165314805,-111.42644169443375 -11.736584022738862 975.3528539536594,0.69
54,1568,2,0.9057903289794922,0.3760153792086074 0.9243463052750766 0.06477918278986078 0.29992220920710155 -0.0552630058867809 -0.9523616270118663 -0.8767320588543224 0.3775313339375589 -0.2980117260652482,-121.5051073095876 -12.293624359816103 963.931240399263,0.69
54,1573,2,0.8991708755493164,0.3710603363653102 0.9258494569502245 0.07153327786029035 0.29322624021519056 -0.04372990727937354 -0.9550424426477608 -0.8810973832816249 0.3753538041292673 -0.2877097893710987,-130.97128494879243 -13.472343055864433 960.1826662445557,0.69
54,1580,2,0.9128136038780212,0.3972341185881473 0.9146161346151438 0.07538157156196063 0.27866630941648296 -0.04195127306677082 -0.9594713016470446 -0.8743855802937825 0.4021410411655723 -0.27153717974630065,-139.21213683500753 -14.952843408986865 955.8835907406678,0.69
54,1585,2,0.8967281579971313,0.39225475944807453 0.9163722078410651 0.07998862660919553 0.29003489470753163 -0.0406891288079938 -0.9561506966210076 -0.8729352573600888 0.39825415439558043 -0.2817404212468231,-140.14785222798918 -14.46360041593661 949.0130518308421,0.69
54,1595,2,0.878922164440155,0.3647800890362001 0.9269654445146904 0.0875816836925642 0.2962552270361125 -0.02637625173854441 -0.9547445385012717 -0.8827051189930437 0.37421832934786525 -0.284239889676958,-126.53959365062548 -26.12784328147977 952.1670866183428,0.69
54,1597,2,0.8809261322021484,0.39332379841226084 0.9155235340337211 0.08433888920869748 0.27118180340575404 -0.027872298127475936 -0.9621245057157082 -0.8784969089895275 0.401297637206474 -0.2592361611896514,-126.55409757098083 -26.131989458966732 957.0529050774219,0.69
54,1605,2,0.895462691783905,0.3597398119808646 0.9286736672906525 0.09029112557113772 0.30834688626189444 -0.026992945485742714 -0.9508909393966263 -0.8806301524525303 0.3699143151797923 -0.29606407079633823,-112.19802152500625 -29.819368630003666 948.9065777560106,0.69
54,1613,2,0.9025078415870667,0.35882615031079457 0.9301765414057681 0.07755898188822713 0.2752695814692361 -0.026058137248733848 -0.9610138557798622 -0.8918915020174183 0.36618653074837343 -0.2653996483185008,-108.45405925371348 -22.95331796098289 956.7397076968014,0.69
54,1619,2,0.909500777721405,0.38760442592451705 0.9188217247854328 0.07436025192297274 0.2905780142061468 -0.045228743054747556 -0.9557817629886542 -0.8748298272599866 0.39207269589198646 -0.2845202531846409,-107.22531738640615 -17.749223906480147 956.2074421628068,0.69
54,1625,2,0.9395201206207275,0.3696297154050162 0.9263339134679354 0.0726591649331757 0.2949624539611879 -0.04282492260879711 -0.9545486769970113 -0.8811191884431986 0.37426128141010023 -0.2890630882601044,-99.52196122187632 -17.89681943185532 953.3930216926601,0.69
54,1663,2,0.9364724159240723,0.40710693530212383 0.9084059661246477 0.09519739459700371 0.3272101580359881 -0.04774018786648648 -0.943744873861859 -0.8527587324132049 0.4153546378356907 -0.3166750213095533,-100.58064473643961 -34.47125941297919 938.9106730026106,0.69
