scene_id,im_id,obj_id,score,R,t,time
8,1,20,0.0,-0.037199974984856166 -0.9987220143102232 0.03421257069055389 -0.8307786010736952 0.011881646997579431 -0.5564761831944461 0.5553585129077971 -0.04912397171193483 -0.8301588748812392,-8.842594665872982 -65.10535644998771 753.9820372371297,0.69
8,12,20,0.0,0.7728574355689375 -0.6321813447683483 0.055119249021449546 -0.5603509788124851 -0.7206397498561377 -0.4082709045121552 0.29782237127135974 0.28464907913809645 -0.9111952243707921,45.9698749143483 -42.52116408450514 755.0610043799877,0.69
8,18,20,0.0,0.9702455447194148 -0.17601053173643444 0.16626447506903924 -0.11559570433639334 -0.9401151139922115 -0.3206574583295768 0.2127468356782274 0.2918970112235971 -0.9324885622610245,55.6266612447632 -12.86417631421784 744.5477294897797,0.69
8,25,20,0.0,0.8911849198604165 0.42878502094207716 0.14809741533560344 0.4531549730763307 -0.8565511677425923 -0.24692239148159817 0.020976391242865988 0.2871645919233499 -0.9576515484015687,48.6082938436703 23.445271435842166 734.5721648241247,0.69
8,34,20,0.0,0.20817700935662709 0.9779851871985868 -0.014398138611499384 0.8704533768159769 -0.19196073658692092 -0.4532791572515439 -0.44606417875121274 0.08182939098607447 -0.8912523207295756,9.717281910989792 57.32193085949833 775.4450531557047,0.69
8,46,20,0.0,-0.6241041362615488 0.7785339757054226 0.06617307438478617 0.7225416369131219 0.6072963687826568 -0.3303402842377922 -0.29736780260837303 -0.15835393628106464 -0.941539388892552,-57.66548016219704 39.417838695388454 785.5640250256986,0.69
8,52,20,0.0,-0.866836482176526 0.4056734171272905 0.289868231795229 0.3512051890174895 0.9094661056388248 -0.2225450918383488 -0.3539059597901888 -0.09110697739699732 -0.9308330088123048,-77.95997010800595 9.711570343759792 753.1142057312783,0.69
8,58,20,0.0,-0.9695290379144144 -0.19884431840756245 -0.1430887196035452 -0.11694768931305455 0.8889177541207176 -0.44288651410188173 0.21525957029848247 -0.412657440798068 -0.8850859585084951,-71.06392353853497 -19.632639465035385 755.5187528212906,0.69
8,68,20,0.0,-0.3808797465854553 -0.9192124148794002 -0.09989572049182521 -0.7496230063815118 0.37023204471889903 -0.548628819300269 0.5412910187177904 -0.13407747534483483 -0.8300766613154547,-33.86086828932167 -60.29772648426124 759.0005570222692,0.69
8,84,20,0.0,0.19251906211091496 -0.8889320765935955 0.41561541589182127 -0.014831903314828365 -0.4261260455121735 -0.9045422090650146 0.9811811378986008 0.16797725006427217 -0.09522194123652261,50.24800786100008 4.195727417330424 1134.8065881539526,0.69
8,92,20,0.0,0.9995441960273196 0.02648210729303668 -0.014494763931158831 0.010614130583073794 -0.7577433001285641 -0.6524664216204834 -0.02826199603823812 0.6520151755163319 -0.7576790022670166,68.9935835462476 -17.832437551522887 903.6775271328391,0.69
8,100,20,0.0,-0.7543104802942083 0.6555699907051065 -0.03526594115045495 -0.6114715055809332 -0.6819851949872336 0.40124654725095366 0.23899434549986243 0.32422859390425685 0.9152909492144895,44.599838725553575 14.3870975915624 625.9275593957519,0.69
8,115,20,0.0,-0.34263945286454245 0.924684765457024 0.16600087310726952 0.6425916692068909 0.3595742234160263 -0.6765961310269691 -0.6853277697617315 -0.1251577500055454 -0.7173990421006712,-38.59986697672615 27.324268186792768 706.5944141245384,0.69
8,127,20,0.0,-0.9814612005613628 0.09804335185261005 -0.1646858006937869 0.13909232447654046 0.9555160735116796 -0.26008144595979094 0.13186067292548292 -0.2781663790222107 -0.9514390303731031,-72.0343703561255 -23.71318019118099 748.1181448086596,0.69
8,136,20,0.0,-0.792219447300221 -0.6100873530871875 -0.013482170537482768 -0.49880235763413944 0.660123467558547 -0.5616344145412604 0.3515459505355686 -0.43821276702253864 -0.827275658701798,-61.14667609979216 -64.64732398763206 782.0221265694736,0.69
8,144,20,0.0,-0.1400920123898577 -0.9864511132884083 -0.08537229736055985 -0.6538144633926272 0.15691326793267224 -0.740205967150563 0.7435730465281613 -0.04787930073371299 -0.6669383007730774,-15.055907607508708 -88.48916880037442 771.694028897641,0.69
8,155,20,0.0,0.11304944536646089 -0.9824976331650284 0.148048045334792 -0.5032310105000952 -0.18509635903421773 -0.8440958997313804 0.8567253778039893 0.020922205844345232 -0.5153483174797591,37.882744569623085 -28.814466470846167 944.7646208439209,0.69
8,165,20,0.0,0.8470372469441748 -0.35973712286593296 0.3913018077154429 0.03508824856517154 -0.6967261913953124 -0.7164784916774621 0.530374129367055 0.620614064178313 -0.5775304894481463,45.32100815757665 -32.7968802268335 731.1626710620384,0.69
8,172,20,0.0,0.9970165673270549 0.046185773881766985 -0.06184528087348083 0.03742902630457407 -0.9900102703262857 -0.13593650222940937 -0.06750579579020564 0.1332161361825849 -0.9887853298847602,23.209303067497768 20.853463728406208 763.2721487755578,0.69
8,178,20,0.0,0.7819872772075338 0.622553508468776 0.030381365650086756 0.5388771713114854 -0.650778855808628 -0.5348815523756121 -0.3132208366709957 0.43464239315284275 -0.8443806591517187,3.1439461574308503 25.204450612400105 740.6159981157156,0.69
8,194,20,0.0,0.245428034126974 0.6980510397385278 -0.6726736400250347 0.058722190152857234 -0.7033275516963675 -0.7084363481699999 -0.9676346337581253 0.13436927083509065 -0.21360738425210224,-87.63711931636153 9.106705473661773 822.3386841979348,0.69
8,207,20,0.0,-0.8366890628662595 -0.5476752239032491 -0.0018058799811439818 -0.4331120625279307 0.6636807044289904 -0.6098703664398194 0.3352094171898846 -0.5094897169631235 -0.7924991324512942,-62.870153555161274 -73.24630399912913 765.494756650511,0.69
8,216,20,0.0,-0.16267380850438284 -0.9847482068481215 -0.06171062417516654 -0.5629697832379918 0.14399901977028295 -0.8138361662313651 0.810309974755123 -0.09764861194408753 -0.5778083535202179,-17.42594405112743 -95.4747744022726 784.7015576009815,0.69
8,228,20,0.0,0.15023985607122659 -0.9836219976769573 0.09957786568152993 -0.4947327556400072 -0.16200261763467838 -0.8538118366340193 0.8559599792890683 0.0790121355584309 -0.5109692713754459,33.45087639587507 -35.68357354828978 837.1170613830541,0.69
8,238,20,0.0,0.9148605464962002 -0.4017647166563989 -0.04019070681981171 -0.2709160154360485 -0.5369853468315554 -0.7989062835329614 0.29939053599759513 0.7417761453013958 -0.6001112040421135,45.46048928590735 -9.24019263774965 821.5158788174147,0.69
8,263,20,0.0,-0.568301134730966 0.7997599447564798 0.19343694328284045 0.40949220427448724 0.4788085563004483 -0.7765684136326316 -0.7136875751348892 -0.36211379037064145 -0.5996029085332133,-53.03618260642343 -26.40911447258693 726.2294651561831,0.69
8,272,20,0.0,-0.992147259509777 0.039093142205333435 -0.11880884512422757 0.11288674111870259 0.6888942747498807 -0.7160176407718146 0.053855353743505724 -0.7238068833945626 -0.6878976642087193,-71.77119094323889 -49.26714926634439 728.1122792749389,0.69
8,280,20,0.0,-0.7339859920892244 -0.6759788907256328 -0.06570466277320106 -0.42801171249768255 0.5355050879849141 -0.7280386491849665 0.5273239397008238 -0.5062478049686859 -0.6823801159051963,-60.89151571751483 -93.62466898021333 849.8303342315448,0.69
8,288,20,0.0,-0.12329611039378008 -0.9913392214143634 -0.04521744406010375 -0.4793294216996259 0.09938936271072474 -0.8719891398825206 0.86893116796146 -0.0858388179410679 -0.48743237754545315,-14.664191247430972 -97.00085102699911 782.3321422808168,0.69
8,303,20,0.0,-0.44317747705247107 -0.8901569724494196 0.10589753648262848 0.8946849814882334 -0.44659130101746225 -0.009746473974196757 0.055968810357249266 0.0904255177215679 0.9943292804760304,35.51911640370957 -75.28694583094784 712.7024658300313,0.69
8,309,20,0.0,0.8936101622156073 -0.448829957833317 0.003542165487091631 -0.2075491171805483 -0.4201971595009927 -0.8833785774541241 0.39797517754574857 0.7886609005768195 -0.46864671337670744,45.57036287039624 -20.410173807797058 819.2674748005977,0.69
8,319,20,0.0,0.8939321746975831 0.44794448425330347 0.015198883758100551 0.21490890856999798 -0.39862753784147514 -0.8915773926539948 -0.3933184817138683 0.8002760930463219 -0.4526132420078009,18.466409326534198 -0.6766437345838057 736.3915544261469,0.69
8,333,20,0.0,-0.47571072836969786 0.8677779799871066 0.1437382355654489 0.3483696202775363 0.33592456907781254 -0.875096161320327 -0.8076743840073528 -0.366218597751921 -0.46211040680659865,-47.47037808563349 -43.98323353894215 742.3137875412694,0.69
8,345,20,0.0,-0.9663541923328578 -0.24008476207882984 -0.09229778967159476 -0.08325019125834425 0.6314601893037257 -0.7709263486092244 0.24337004872448742 -0.7373041003155034 -0.6302013035862324,-74.36715685530363 -82.7301186475206 847.4006675818225,0.69
8,360,20,0.0,-0.12766218074483326 -0.9915371513508726 -0.023589088546834447 -0.36694794381485246 0.0693145204624327 -0.9276554876586001 0.9214399460287823 -0.10977055499568139 -0.3726913617437553,-16.272572454227358 -95.97893093670211 790.9593561248728,0.69
8,375,20,0.0,0.6930787546398403 -0.7207557109037029 -0.012371138451466812 -0.17362165935089768 -0.15024904700812877 -0.9732834855669696 0.6996408787879167 0.6767100036742819 -0.2292732248999536,43.01896403934508 -81.63957546351911 789.5638741131279,0.69
8,381,20,0.0,0.8623292356303167 -0.5060060153179531 -0.018606499920215125 -0.16826547740699216 -0.2517106036211651 -0.9530626952817247 0.4775720034614996 0.8249846571220074 -0.30220075615897013,47.71251982560452 -29.257345461736346 871.1060106766719,0.69
8,389,20,0.0,0.9547002402076279 0.2971399444679842 0.01597825863667282 0.08671857264185692 -0.22645517296362264 -0.9701535671206775 -0.2846530177364296 0.9275914553506727 -0.24196435988377474,31.16027827898178 -14.497378122364337 753.7359417963655,0.69
8,410,20,0.0,-0.4111461620028486 0.9112112878222696 0.025550389734958046 0.22911047673041102 0.1304246248964589 -0.9646231423063525 -0.8823078957612762 -0.3907472407655605 -0.2623916365119321,-54.34487339269207 -23.31495376389529 759.7029661914398,0.69
8,417,20,0.0,-0.98373008416319 -0.14430534963175404 -0.10700975460181392 0.005463749133129553 0.5713405862118988 -0.8206948775229767 0.17956967716653452 -0.8079269153919187 -0.5612564747311213,-75.02113592917779 -89.95890379596733 855.2379472923795,0.69
8,425,20,0.0,-0.6143710256458698 -0.7857218272798228 -0.07203785798382867 -0.2706678168160784 0.2956367209380377 -0.9161538419790762 0.741139106906969 -0.5433600457974994 -0.39430024707585376,-53.57180207063843 -98.66803312702793 845.0480303267195,0.69
8,432,20,0.0,0.019667041616809544 -0.9997787848529187 -0.007455791846877169 0.42090770468994526 0.0015151793092836874 0.9071022039242891 -0.9068902423152895 -0.02097821702819369 0.42084439262467727,-13.374124081793788 -98.22327146411762 774.1055630999019,0.69
8,441,20,0.0,0.4884214946201501 -0.8725578981251163 -0.009335845569500678 -0.20256178820349008 -0.10296611881450968 -0.9738412089946084 0.8487715626438146 0.4775360643927905 -0.22703775380192118,28.66206286058785 -96.49356997891499 841.889938366064,0.69
8,451,20,0.0,0.8719899209213722 -0.48949863456622766 0.004966343658888678 -0.0745340595384866 -0.14278782700738263 -0.9869429114326843 0.4838163409603409 0.8602341095401348 -0.1609938663534692,43.23481130474375 -82.2988710384896 783.1886061127743,0.69
8,459,20,0.0,0.9997835626474699 -0.012024674392509434 0.01697748702508887 0.015148400042214311 -0.138594415300177 -0.9902333634168076 0.01426021865519511 0.99027622169441 -0.13838226371377885,33.53711369438136 -29.72599755919255 774.8530601488832,0.69
8,465,20,0.0,0.8215316072498986 0.5697669910016023 0.02124604091067661 0.1199833395871941 -0.1363318271966103 -0.9833705461903655 -0.5573955655644401 0.8104191562754508 -0.18036345148306573,13.766640501817564 -27.672644033969824 742.6778026079501,0.69
8,471,20,0.0,0.45069263288398853 0.8921477606540827 0.030798113968297514 0.20055882017901727 -0.06757838443101338 -0.9773481066672689 -0.8698576379572116 0.44666042483927315 -0.20938518230739475,-12.624277647099307 -27.60031746750651 717.8550272938418,0.69
8,479,20,0.0,-0.16350485259791936 0.986196674388234 0.026120539858891623 0.17083355791721094 0.054380079141558624 -0.9837981004667088 -0.9716388519744769 -0.15639349864410945 -0.17736689351616708,-47.03352222669079 -31.571231072170384 760.0468039084241,0.69
8,484,20,0.0,-0.9184327166733115 0.27418013754977427 -0.2851431169031923 0.2553296473221904 -0.13967690521185705 -0.956711624967923 -0.3021392330406738 -0.95148074826747 0.058277521686912914,-74.12433051779051 -94.92844163526483 928.3690686354098,0.69
8,495,20,0.0,-0.7308705136567277 -0.6819365249735431 -0.028122378529550685 -0.16891404461657755 0.22064968837628995 -0.9606153031004214 0.6612838556916537 -0.6973351353018533 -0.2764550076868312,-60.12711396972502 -95.92602189876985 849.5504600955824,0.69
10,5,20,0.0,0.25442373665031837 0.965962423650166 0.04674567707057484 0.8798748906888652 -0.21114746858982614 -0.42571930099933897 -0.40135861640700665 0.14944344282706248 -0.9036470098616206,-91.77610671913486 18.978823522254032 903.3928539520467,0.69
10,13,20,0.0,-0.08280304453875997 -0.9944177759216719 -0.06539833901642744 -0.34495174920811117 0.0901667157910585 -0.9342795374414012 0.9349609331589082 -0.05480191871139062 -0.35049222983138106,-558.728748419931 246.58775299258463 4372.328859631955,0.69
10,20,20,0.0,0.2390255074428374 0.9706240532349326 0.02749098167553704 -0.09404800400670021 0.05132019590022363 -0.9942440396779446 -0.9664480222619578 0.23506421415126827 0.1035520907147553,16.31891981446635 -15.68236521186734 95.85806307312798,0.69
10,29,20,0.0,0.02635588263305844 0.33532515329992996 0.9417337251128958 -0.23714956432313095 0.917265324369338 -0.3199756379022669 -0.9711155706670457 -0.2148985022609323 0.10369755124411804,-34.055895460685 -25.953931817609543 755.3705702565727,0.69
10,35,20,0.0,-0.05680307565063239 -0.19721208905025908 0.9787138511991447 -0.22807685653666762 0.9569375592182996 0.17958690172079955 -0.9719847519940739 -0.21302089026608745 -0.09933650991082102,-8.085626379829346 -33.732552634625044 756.6045251906864,0.69
10,45,20,0.0,0.08818446068305896 -0.9947470622275699 -0.05197867912574877 -0.7867027955242251 -0.037543471641336756 -0.6161892560337983 0.611000992150101 0.09523008939791905 -0.7858810454928002,59.2436415945593 52.551611243825455 809.6578859367062,0.69
10,54,20,0.0,0.7594446176734159 -0.6503300008851394 -0.017741551105014866 -0.6199775409164086 -0.715196562082902 -0.3226789834247659 0.1971591272199193 0.2560561804243981 -0.9463421743853264,23.644436259031806 78.0826871920878 777.831319169374,0.69
10,60,20,0.0,-0.15614816374676832 -0.6932378010149498 -0.7035901521500064 -0.12195155090575283 -0.6933467538119291 0.7102098972910345 -0.9801762954643384 0.19670188159348384 0.023723397467248608,40.30557573427935 27.658391687676183 739.398166396731,0.69
10,65,20,0.0,0.006301103818106224 -0.3246865069745954 0.9458007021985705 0.21412378078420272 -0.9234436765868268 -0.3184380358476082 0.9767862113038613 0.20452493334662145 0.06370438796666911,20.881021802334402 46.694989799028995 731.2146576412573,0.69
10,71,20,0.0,-0.03190338770576273 0.260127270360044 -0.965047137225912 -0.3452824696480614 -0.9089627742286085 -0.2335951438287347 -0.9379563902477721 0.325761382428403 0.11881637812904566,0.3349378323869345 60.4239548371036 724.0084314310114,0.69
10,80,20,0.0,0.08782655041829479 0.8235771175716826 -0.560363478872367 -0.4133658655418009 -0.4816843052265636 -0.7727282130887163 -0.9063195673968982 0.29950118782856555 0.29813399712675814,-37.30608966565918 32.30333953922643 726.1728630142895,0.69
10,103,20,0.0,-0.009692436615275593 0.15611398460941495 -0.9876914905383312 0.45021212703047986 0.8826432846381689 0.13509208991586136 0.8928690258639 -0.4433613152864326 -0.07883937316046245,-29.08340277355734 -36.798238219360044 765.8770620963951,0.69
10,129,20,0.0,-0.016530141066282367 -0.8935459555787373 -0.44866733746196596 -0.33756086427575843 -0.41739522969017695 0.8437024861533164 -0.9411585505884389 0.16539905532005178 -0.29472654300809553,40.082629727785516 5.1885898182299925 750.2172032007458,0.69
10,136,20,0.0,0.046073973444409 -0.4119159442868792 0.9100562860687753 0.45268765742122236 -0.8034994016968074 -0.38660392689593626 0.8904780029790349 0.42978362732323927 0.149448853777301,27.83100833261758 31.533241044562224 735.8142854454866,0.69
10,145,20,0.0,0.03631883813680381 0.3577941858038104 -0.9330939194965217 -0.612201328955657 -0.7300280432445553 -0.3037574507752087 -0.789867377995395 0.5822734552437663 0.19252830570377333,-12.007513125972133 26.147915970603755 735.491144110711,0.69
10,160,20,0.0,0.05485602157592301 0.9908169114130331 0.12358262400029979 -0.5467013856589121 0.13337265037245802 -0.8266373636917529 -0.8355288216545778 -0.022216754726189114 0.5489972713902581,-55.959073691598284 -8.268012224489746 764.2425138910068,0.69
10,168,20,0.0,0.06249096997664467 0.702723524391018 0.7087132896586917 -0.5298389351826315 0.6251331497002339 -0.5731310913834641 -0.8457928714738104 -0.3396883769182154 0.41139546078044553,-49.211065968756685 -33.54246706017034 776.8832966891202,0.69
10,176,20,0.0,0.03635282832513531 0.07551443864982399 0.9964818319609069 -0.6050380583382078 0.7952798985313384 -0.0381946456236385 -0.7953662174338904 -0.6015209493836319 0.07459978295892998,-23.09442972679461 -47.66656096316342 780.0356751265979,0.69
10,185,20,0.0,-0.01568600458599817 -0.6653083732933625 0.7464038569607396 -0.5598039311535532 0.6243739020753462 0.5447722359594278 -0.8284766188162198 -0.4092945135632123 -0.3822361746903313,15.339897038633115 -46.33551488644228 777.730596410372,0.69
10,196,20,0.0,-0.03613173294045413 -0.9985258563565282 -0.04050446965683968 -0.7348940678362943 -0.0009177302914047392 0.6781812934828979 -0.6772187290187299 0.05427035985300255 -0.7337775692317676,43.80407403501901 -9.915649361869114 796.5613689180401,0.69
10,208,20,0.0,0.02070672628947956 -0.35923450625474285 0.9330175780778646 0.6259528842347785 -0.7230211878906599 -0.29227272979075747 0.7795859274028328 0.590077055457243 0.20989247346766682,27.020033585795947 18.792384489043034 746.6355955819707,0.69
10,212,20,0.0,-0.004138537099665052 -0.03326060438890904 0.9994381445123852 0.6338838328944485 -0.7730831424373426 -0.023102841259172335 0.7734171958947629 0.6334320698187677 0.02428279266053046,10.745220383588476 25.800970839324975 745.4756447284688,0.69
10,217,20,0.0,-0.03586600587738109 0.3312880661626031 0.9428477325849847 0.727869255887101 -0.637812677682235 0.25179621625865495 0.6847773185180435 0.6953008021037084 -0.21825860495563087,-8.509403734723328 9.425343127834271 733.6854024827712,0.69
10,230,20,0.0,-0.033651623580296275 0.9947106527076528 0.09704785221902384 0.7500070385404785 -0.03904597449448621 0.6602763467030434 0.6605732437588974 0.09500594331772816 -0.7447260304059186,-52.801512910313036 -12.181319361382494 758.496682157056,0.69
10,244,20,0.0,-0.9136648072203349 -0.22777122307138303 -0.336655446989343 -0.07835012553612192 0.9114019255614386 -0.4039898363961355 0.3988456817811896 -0.34273429945581557 -0.8505617685394925,33.804165179990946 -64.2755197796337 947.645265999439,0.69
10,252,20,0.0,0.026748306208267958 -0.22312369642000124 0.97442308275762 -0.7234786724031324 0.668344988069549 0.17289762144146226 -0.68982834001858 -0.709599036793448 -0.14354813927397658,-7.833056575752404 -55.55044413982669 797.7028626728336,0.69
10,269,20,0.0,-0.13131815802268754 -0.9909918699418192 -0.02628031740190101 0.38125887201704617 -0.07495676205843982 0.9214245255743978 -0.9150941011075406 0.11098016728645993 0.3876676264369406,41.19943235824427 -34.364541792978414 745.8696490517029,0.69
10,280,20,0.0,0.01680878694950616 -0.4071117116171988 0.9132236960052017 0.7427296796986858 -0.6063828061041282 -0.2839938649970648 0.6693803758521563 0.6830519355988958 0.2921813917733779,29.019977832247076 1.613628198709758 753.3621657866255,0.69
10,287,20,0.0,-0.026954771132296496 0.15733835634725662 0.9871768240468114 0.7312661949405563 -0.6702052570460387 0.12678590444135812 0.681559382922989 0.7253065248912329 -0.09699099184892179,0.2899596517926977 9.04099828240671 734.2172757101265,0.69
10,301,20,0.0,0.013759510946741507 0.9908213610017972 -0.13447567230191718 -0.828426009750194 -0.06401490092931056 -0.5564282872288053 -0.5599294796917536 0.11905932572275335 0.819941372739884,-47.75919155930374 -24.036839643410705 748.7754753563102,0.69
10,310,20,0.0,-0.08852642470812366 0.8106785015325499 -0.5787602606272622 0.7772089354779776 0.41962462068013173 0.46889385614683055 0.6229842235093805 -0.40830814940678706 -0.6672144425793097,-59.18548476594611 -48.8428869515911 849.5324858550608,0.69
10,315,20,0.0,-0.8695231813961263 0.4840291738573675 0.09820995809852257 0.062189441553606006 0.30456765957177634 -0.9504583179194243 -0.4899611314931112 -0.8203379179325584 -0.29493014431906617,7.431204810423606 -36.10422644210852 688.077545389727,0.69
10,325,20,0.0,0.014027534852281837 -0.3729434703689485 -0.9277480240750358 0.8297911269051581 0.5220323021067161 -0.19730423529825686 0.5578977630134718 -0.7670693863441085 0.3167880088611891,-3.038757609773742 -57.61999107271997 803.001089557414,0.69
10,342,20,0.0,-0.005149728435572376 -0.98402052362683 -0.17798058708246625 -0.8584035207690852 -0.08694739752058145 0.5055527129742622 -0.5129491941979036 0.15538262176182213 -0.8442389265048988,45.24339900688463 -34.77920100954886 807.0907068441416,0.69
10,346,20,0.0,-0.006041839559297046 -0.8333674003491366 -0.5526864139908465 -0.851446505636917 -0.2855557652559443 0.4398826581803097 -0.5244066592001124 0.47324061635114734 -0.7078424788200856,42.090429863700784 -24.131145277856984 769.8669366223969,0.69
10,355,20,0.0,0.00409071844824882 -0.19159997736570133 -0.9814645763837021 -0.8472354334053578 -0.5220285642221818 0.09837834374781357 -0.531201832079872 0.8311291276387744 -0.1644657617420633,17.6793236784304 -10.454820758541446 742.0189291460091,0.69
10,366,20,0.0,0.037284023506149955 0.6739468330637901 -0.7378384428819639 -0.9055718435467066 -0.28942215235373353 -0.3101200636888104 -0.42255122502083997 0.6797282427045535 0.5995164537384838,-25.291634558783695 -26.56306432848857 732.7317452534154,0.69
10,374,20,0.0,-0.04918773732859494 0.9959943226746143 0.07467178648210873 0.8536037225388265 0.003101704863544663 0.5209136821919707 0.5185954602234301 0.08936268028028221 -0.8503370273066867,-47.073002104446566 -38.50803629208972 739.0362927022377,0.69
10,382,20,0.0,-0.14139005383572023 0.9711128602642867 -0.1922203561167441 0.5899830073554184 0.23858110486184758 0.7713618524627439 0.7949395597831246 -0.004343849930157961 -0.6066730810408487,-62.30516290872696 -69.22437836501732 829.4274296439377,0.69
10,395,20,0.0,-0.06937433644198249 -0.1328056593568388 -0.9887112107617826 0.9311472601804005 0.3470332746716655 -0.11194948025423673 0.3579832137150681 -0.9284021559181428 0.09958642269293688,-15.523065983985523 -56.89273385755485 797.7615877392933,0.69
10,415,20,0.0,0.025671798175345595 -0.9917633515734137 -0.12548471322959281 -0.9085846012504517 -0.07549862464535728 0.410821104676009 -0.41691123893342236 0.10346696164732166 -0.9030390947785542,40.608292532147466 -42.14133450328173 789.0393051360231,0.69
10,417,20,0.0,0.0009162718364568168 -0.8978400834420555 -0.4403207297081118 -0.9427564444728889 -0.1476142083116695 0.299032325860191 -0.3334808043212653 0.41484121066895163 -0.8465797795128114,43.56582195001103 -35.70120058327496 775.222057824784,0.69
10,431,20,0.0,0.025817001161827724 0.07201116312312517 -0.9970696439249692 -0.9226365587840848 -0.382217339536425 -0.05149452158006085 -0.38480548702698136 0.9212623392624665 0.0565724262390771,2.809189847203528 -23.77864612760012 728.4777486219219,0.69
10,441,20,0.0,0.04438354632475 0.8267310687049549 -0.5608438649513803 -0.9801979661381104 -0.07240874681134522 -0.1843065939241528 -0.19298198878224587 0.5579181959957694 0.8071463551193649,-36.15003876258957 -40.24133501471179 747.3240881888148,0.69
10,450,20,0.0,-0.12398155987928994 0.9919375924938509 -0.026237099828302857 0.6280981691475567 0.09892046869551918 0.7718208540759608 0.7681935060408833 0.07921207906980449 -0.6352984997668844,-57.373294511345485 -70.08814011458615 779.9470437152034,0.69
10,457,20,0.0,-0.0622556719036475 -0.9510263943609462 0.30277554152316183 -0.36038735552622925 0.3043169809166799 0.8817664821836724 -0.9307229369112147 -0.05422151191709401 -0.36168334541804337,-109.83106427270039 -56.50400013959699 1044.7026264604417,0.69
10,465,20,0.0,0.7467096605572352 0.5653879300688426 -0.3503729032944306 -0.6158425679237737 0.3886321982173286 -0.6853487769317309 -0.2513217347615422 0.7275311010817592 0.6383853715391765,-73.43446363432172 -156.04818290557066 1875.9342455639885,0.69
10,475,20,0.0,0.1484603241596186 -0.9886169161490989 -0.02441567640403844 0.9640869405149631 0.15018635966861876 -0.21904435281007872 0.22021785413294473 0.008980560858545386 0.9754093736722786,33.99708924212533 -69.9452788231933 961.6055651098526,0.69
10,482,20,0.0,0.1646683212985418 -0.9863041103155772 -0.00940988497900258 -0.5378139421904982 -0.0817853278508276 -0.8390871967405105 0.8268255605302945 0.1432318474464757 -0.5439155544115593,34.93696740113292 -34.46503799026305 727.0466029178899,0.69
10,496,20,0.0,0.00023292258822360523 -0.5035544383396839 -0.8639634676162371 -0.9820324371311551 -0.1631555085631854 0.09482917508726862 -0.1887120509382254 0.8484180618385568 -0.4945447949142677,30.68869068518908 -39.544885894008345 753.5849344886598,0.69
13,2,20,339.0295857480916,-0.7725058192451988 0.007126799184059229 -0.6349676904895983 0.6056296223906844 -0.29235791727997174 -0.7400943241821506 -0.19091233515732095 -0.9562824148425545 0.2215319917024886,-102.75456053700034 -52.61453738557213 779.7345143329014,0.69
13,2,20,314.6592910663442,0.7688276891985781 0.037284443040826676 0.6383681184306671 -0.6048326082161978 -0.2816370316401188 0.7448879771128906 0.20756083532296304 -0.9587963562279939 -0.19397950129834782,-102.65519095760507 -52.606786961576475 782.7488351381563,0.69
13,7,20,315.34812559601096,-0.9539463485962282 0.06298176524993267 -0.2932910862026426 0.2685753792187448 -0.2561774431778425 -0.9285689975895011 -0.13361747519479245 -0.9645757693685166 0.22746418502635424,-66.78991756690762 -80.11831628595347 800.697906164413,0.69
13,7,20,266.8111030220593,0.9435071998723394 0.11563943668156347 0.3105184124541223 -0.28594466023294934 -0.1893439787429665 0.9393532397336193 0.16742107117481042 -0.9750776268573462 -0.1455809277650247,-65.79286942389024 -78.34167227493664 789.0636438708535,0.69
13,20,20,328.64047969217296,0.6250778793156453 -0.035293094666228486 -0.7797640939791572 0.7440823733432973 -0.2748862279969395 0.608916236716858 -0.23583694890763324 -0.9608287876237344 -0.14556433080752695,51.54938243912275 -62.12295464558253 809.3340536332144,0.69
13,20,20,327.2422023330329,-0.6228442619765009 -0.0276280422552454 0.7818578621489269 -0.7448125608865914 -0.2848902408047238 -0.6034001987402593 0.23941444081029378 -0.9581619080173085 0.15686453887391394,51.82985965651587 -62.81110139254201 810.5830103269416,0.69
13,25,20,404.96467320035555,0.23549733389716698 -0.050777442266036144 -0.9705476068098082 0.9286202262724133 -0.28285287981814905 0.240122309951308 -0.28671498231710685 -0.9578183020466352 -0.019458139155688725,78.38296852528178 -24.923641217098154 783.3627584421524,0.69
13,25,20,369.11661144143255,-0.23270585139200284 -0.052918345055742666 0.971106397612787 -0.927660631999455 -0.28777237619414203 -0.23797649324659975 0.2920509177631442 -0.9562356970204253 0.017876050390582043,79.23179170371108 -25.408909676794522 784.0980842593963,0.69
13,32,20,431.70188859102086,-0.3410469382338997 -0.06413877540571694 -0.9378556410294379 0.8970950047618409 -0.3203301208761473 -0.30431754154308266 -0.280904856406285 -0.9451321765493587 0.16678618197691575,83.83659680050823 37.28535483756638 755.9227866495521,0.69
13,32,20,392.5551618299844,0.34435954911002253 -0.04887574031252395 0.937564751334885 -0.8913157784238285 -0.33071769865376655 0.3101322087914785 0.2949113156009224 -0.942463243742725 -0.15744951611381347,84.55786054640271 37.31478512099363 756.7985127475498,0.69
13,40,20,465.57196533144145,0.8688940462590031 -0.032494275508946846 0.49393041861663745 -0.48110197566143925 -0.290213120013883 0.8272346909955286 0.11646469589673047 -0.9564101981006667 -0.26779751227135384,46.01603014960388 97.6322527068751 740.135296210647,0.69
13,40,20,399.93330507289585,-0.8701958717518588 -0.04339210458090345 -0.4907914730779892 0.48180279756743105 -0.28333771036509336 -0.8292079390245027 -0.10307865463916213 -0.958038030114205 0.2674657432507458,45.331054977739846 97.3500359128235 739.8684738869905,0.69
13,55,20,418.02904519329786,-0.6759249817375368 -0.10246334363287427 -0.7298127720687559 -0.3285217601179715 -0.8445599793040846 0.42283790568830765 -0.6596960453057912 0.5255660801169114 0.5371977505895235,-21.67170103153715 29.86215696406067 691.0736713448009,0.69
13,55,20,381.4777878511476,0.6756755248169072 -0.07369621322238121 0.7335062735383235 0.33550511870511757 -0.8552351952904276 -0.39497984259859276 0.6564288997949903 0.5129733218143273 -0.5531360326544574,-20.984088926367303 29.626612227636958 693.5190912729206,0.69
13,60,20,420.97995385045334,-0.5864033327534335 0.33762030481777633 -0.7363040547969416 -0.6058559260330179 -0.7861595494808904 0.12203179770321235 -0.5376520512620967 0.5176540278359235 0.6655558423144554,-32.546666716167024 28.123076643439692 699.5797840036615,0.69
13,60,20,389.27998193673375,-0.3375256492458535 0.029425264350281755 0.9408563067329044 -0.8891119625708741 -0.3381985462518006 -0.3083855725006236 0.3091219081762627 -0.9406146379528041 0.14031303843328857,-118.74162497972335 66.43152564986454 762.0320433241728,0.69
13,69,20,393.20267363734615,-0.388664412975253 0.0703540567496912 -0.9186894365265463 0.8577732279491284 -0.336410375275348 -0.388655565791656 -0.33640015383518285 -0.9390837907801204 0.07040291466767878,-127.76274207323421 -13.390035860426776 778.8140857526646,0.69
13,69,20,354.46589651160184,0.3855903474242265 0.08969344919762567 0.9183001519896952 -0.8527677852117173 -0.3453620766129106 0.39180625383309126 0.352288501768603 -0.9341734963103219 -0.05668059908806555,-126.94654996071681 -13.326685143225605 778.0012468741704,0.69
13,78,20,234.39824940858858,-0.4299476633639136 -0.8913092739650887 0.1439193694807521 0.8487485045845304 -0.45336684947266886 -0.27218463543107946 0.3078489609101094 0.005126201620385573 0.9514214309776257,-74.80266121080894 -43.31682921236036 729.2587879369304,0.69
13,78,20,157.58170638501437,0.3802440507005423 0.9216628037340137 -0.077150101231305 -0.9248857415424979 0.3788366340962713 -0.03269816138549177 -0.0009093944288454184 0.08378830992307376 0.9964831619861962,-49.69273894723242 -23.373823416302695 758.9231811539764,0.69
13,84,20,140.03333550613078,-0.5865219310472856 0.6083184460295535 -0.53473422615422 0.5598348059528514 0.7816025001234282 0.2751045652920715 0.5853007897178139 -0.1380079708603661 -0.7989848468742745,-31.21051716220075 -33.871906970170514 705.7236190780316,0.69
13,84,20,134.2368376780979,-0.9721076590910479 0.07930102342930322 0.22072165009257286 -0.22778385828356712 -0.5434046639712606 -0.8079764136902348 0.05586781758736306 -0.8357168891779958 0.5463113289148224,-15.353991033056547 -98.82862366198665 856.4012603240309,0.69
13,91,20,226.13781466907372,0.6207120140368493 0.035953587082391436 -0.7832138502390175 0.710633722479421 -0.4478267774835965 0.5426332922367538 -0.3312345213068203 -0.893397177600515 -0.30352129241632336,47.020669654112695 -71.46813084177604 819.938121921733,0.69
13,91,20,217.02221321576124,-0.6282818777660439 0.023682895302109597 0.7776252327058859 -0.6991633084232873 -0.4555815919616064 -0.5510136851479566 0.34122214205027346 -0.8898789431916219 0.3027918695057469,47.953354909166954 -72.52038936174748 826.9514217243507,0.69
13,105,20,435.99733710143795,-0.44841373792458933 -0.04933983870315661 -0.892463276531446 0.7966519559658802 -0.47481794467702254 -0.3740235025615708 -0.4053033193748048 -0.8786998917317759 0.25222156841620536,80.89740806303915 36.59030930483888 752.4585334050087,0.69
13,105,20,434.35857601200433,0.4513762915935625 -0.029722174197514217 0.8918385704533174 -0.7899432509660561 -0.4781565808568834 0.38386969721043795 0.41502903951461345 -0.8777715400628044 -0.23930737517960082,81.51385104959897 36.37641476741803 751.0310697671715,0.69
13,112,20,506.4581431062839,0.8880422427819603 -0.017072286617729332 0.4594447867420277 -0.41801165758699355 -0.44607181171625937 0.7913824567890977 0.1914346602790604 -0.8948343287010261 -0.40326702694619676,42.36318114931232 82.43190571096734 719.7625894162078,0.69
13,112,20,492.1388771631317,-0.8881978318936341 -0.03281562024824941 -0.4582878423951156 0.4212608518086573 -0.4563557705857336 -0.7837593414987445 -0.1834227525496554 -0.8891920747064854 0.4191581421448042,41.72240527309792 82.31921188573921 721.6049775509947,0.69
13,124,20,458.3126481952108,-0.8529425994890257 -0.008217888937396833 0.5219400236409505 -0.44546484041629447 -0.50977690109109 -0.7359949640227508 0.27212129267991636 -0.86026738716249 0.4311496545920378,-64.91252282041542 91.70546985470406 716.407184871432,0.69
13,124,20,436.39259545344464,0.6722874440534734 -0.2853328768924848 0.6830920449926975 0.3069584584812352 -0.7322293120858431 -0.6079611330415101 0.6736513173258635 0.6184055173480837 -0.4046832326382916,-15.94631657784143 9.196202275482667 707.6953817043815,0.69
13,137,20,436.6283669261852,-0.10652171767913443 0.06203070784825132 -0.9923735763040709 0.8761644292109672 -0.46600792255916273 -0.12317673927131445 -0.4700946890235059 -0.8826034258917977 -0.004709135372328532,-130.25688400806604 6.149903840984744 760.1362075219653,0.69
13,137,20,361.29484840833726,-0.3290087133211984 0.70681337796693 -0.6262332754538897 -0.8795266252792991 -0.47078020136899945 -0.0692742190412241 -0.343782172288699 0.5279970177244774 0.7765519733350251,-41.75524316325669 0.7414696447963859 704.2933619449931,0.69
13,144,20,312.2042198487933,0.6294523275055012 0.025058449927028048 0.7766349473756398 -0.6125249325155255 -0.5989944636804654 0.5157701421437679 0.47812443405954363 -0.8003609851607001 -0.36168953397608145,-116.95629059950694 -54.847975154411074 817.917008710473,0.69
13,144,20,151.10126710252305,-0.8484471482308027 -0.18870844601620118 -0.49449626799518787 0.46744074578817585 -0.7053992021978085 -0.5328331021208134 -0.24826716624638878 -0.6832284302785164 0.6867039582113548,-112.99018016689357 -51.265044226808755 818.0309183494886,0.69
13,153,20,178.61698033200403,0.5301574798886421 -0.8410274595707323 0.10773049134819368 -0.846393201478042 -0.5173575449753434 0.12633178202192724 -0.05051331517405605 -0.15815809465558645 -0.9861208962825202,-76.97070050822367 -67.1452714983707 742.3853739456433,0.69
13,153,20,112.57439557049905,0.498014857672808 0.7811487962441018 0.37654715463474614 -0.7513969574768383 0.6054810996851181 -0.2622884866299902 -0.4328785208712524 -0.1523128230008579 0.8884914125177721,-36.118176634323014 -48.32863726907555 725.1658437205026,0.69
13,163,20,165.14979437599433,0.18469253643055805 0.6896899284789636 0.7001546040279453 -0.37075466186461525 0.708668049141114 -0.6002754174811611 -0.9101811070839153 -0.14871919405782658 0.3865914557078165,-118.43884259233799 -54.568439218854664 874.9808628602101,0.69
13,163,20,146.91561740504858,-0.19730573259150028 0.6763587705589051 -0.709654325270112 0.35798377804279835 0.7236036800717531 0.5901231471860944 0.9126434476534284 -0.13761005658985337 -0.38489662219952175,-117.04034824536468 -53.34694295416678 860.7329491532814,0.69
13,172,20,400.1339556982928,-0.0026282381327816795 -0.035143788591400216 -0.999378810305562 0.8163338933199816 -0.5772949018769601 0.018154087250863427 -0.5775742956376767 -0.8157790818538522 0.03020633424180552,86.39495876142252 -18.772618175629812 782.3088497387039,0.69
13,172,20,327.3922902678073,-0.000788304269396356 -0.017865094707178286 0.9998400956990485 -0.814222369959281 -0.5804486519773595 -0.011013386198527764 0.5805525909289104 -0.8141008541997544 -0.014088589601506274,87.16999565538055 -19.22630878493917 784.5462675108273,0.69
13,186,20,520.5634337476129,-0.9380783281354517 -0.009439243050730517 -0.34629460142084967 0.2756688403302843 -0.6257306321115597 -0.7297039581283798 -0.20979928682803498 -0.7799821002612158 0.5895864504197417,29.51402881318372 68.22946670832162 706.9118824065129,0.69
13,186,20,233.9235999692383,0.3682715649021289 -0.9234493953442704 0.10778343436186477 0.008044474541845537 -0.11276192791161899 -0.9935894695713117 0.9296834627516414 0.3667778099230599 -0.034098346501863386,2.5726085867086588 -21.370006789607338 731.9715159814873,0.69
13,194,20,475.17773121819545,0.9399649237182153 -0.016028965734959086 -0.340894432980178 0.25927414788421305 -0.6159789859338327 0.7438728420414623 -0.22190731943386816 -0.7875994928549629 -0.5748427440929219,-44.23348256957859 77.45060207149878 707.1103116698677,0.69
13,194,20,308.2106590011722,-0.6293277211357602 -0.5096511088212117 -0.5866876227494325 -0.27210199447612576 -0.5626395906456509 0.7806389662579041 -0.7279471986429961 0.6509166139494398 0.21540760820456417,-12.223898248464156 -14.342331200600372 695.9618757865834,0.69
13,213,20,379.95466914579373,-0.36812446715211455 0.055989779987027366 -0.9280891774075248 0.6923791813165137 -0.6497107541346625 -0.313826393474549 -0.620560590082424 -0.7581167987182268 0.20040826713931192,-127.09066039656835 -32.60226153558605 788.2070427676191,0.69
13,213,20,329.86292487031704,0.36513871732491787 0.07585530384394173 0.9278575806604467 -0.6861811409332561 -0.651635702159098 0.3233053564343685 0.629149552124015 -0.7547296764738767 -0.18588694551202034,-126.83248715359566 -32.7839528448764 790.8381307744859,0.69
13,221,20,193.58303411953722,-0.2811556700264359 -0.9587708131858091 0.041352351747006966 0.9069990864119194 -0.27955823446316486 -0.3149600780920999 0.3135349206387217 -0.05104626653204322 0.9482036343598403,-76.0881387525529 -69.95969186319527 714.9766117345549,0.69
13,221,20,182.5380565474728,0.2929913040966635 -0.9269750628313228 0.2342505680091345 -0.9102765170869461 -0.19549203288988115 0.3649377036106855 -0.29249403098831867 -0.32015636486793003 -0.9010810972774633,-80.53688437520104 -68.6105052107264 701.235748054635,0.69
13,231,20,68.42222236532531,-0.7267095261616742 0.4714928966964247 -0.4995875428297723 0.5778085564629136 0.8128712228581967 -0.07333244252896001 0.37152461111495544 -0.34195734151182355 -0.8631538912164198,-29.9528827856257 -73.24747027280054 796.007098247477,0.69
13,231,20,59.15712207180446,0.9158397200397159 -0.3985016693395717 0.04933585644486946 -0.4015425932826758 -0.9092260248961738 0.1098707487520046 0.0010737678509544282 -0.12043444351628459 -0.9927207018278228,-53.90130213198486 -106.88753793137717 753.2353021058018,0.69
13,238,20,187.08330817834658,0.5688737101454959 -0.007001276594460093 -0.822395089984945 0.6057758644585236 -0.6727666057240511 0.424759574656143 -0.5562538125216099 -0.7398216517165384 -0.37847803067891084,56.62928568251906 -64.51921619912412 803.46335193889,0.69
13,238,20,183.82018852231093,-0.5473380591969137 -0.006681879857294348 0.8368849391858646 -0.6220382683397001 -0.6657395582626169 -0.4121398224938269 0.5599012785085449 -0.7461542689322822 0.3602282127743861,57.51184313800044 -65.51130698894028 803.4446922257558,0.69
13,244,20,369.34041338060007,0.05579407571238015 -0.02608206315839867 -0.9981015715330794 0.7206871839773743 -0.6908014326916824 0.05833835309538177 -0.6910115801968617 -0.722573945401106 -0.01974561878787373,86.98039396255149 -30.82686005269663 807.037320994735,0.69
13,244,20,301.33127133998,-0.06192737826585959 0.0008560934719533675 0.9980802908208759 -0.7162393921980065 -0.6964760920682654 -0.04384274445272801 0.6951015270339631 -0.7175794870822914 0.04374410627465575,87.58160123856551 -31.217243063197127 808.3785369013463,0.69
