scene_id,im_id,obj_id,score,R,t,time
3,5,11,0.0,0.5582831591545095 -0.07305058430700057 -0.8264281737313087 -0.8284463871848518 0.00456206804659684 -0.5600497934072511 0.04468218621360165 0.9973178027427084 -0.05797156688954519,-2.502590114524003 -107.78462081651791 806.6540299103694,0.69
3,10,11,0.0,0.851494127239277 -0.05911876651428974 -0.5210208467257824 -0.5209743538795767 0.01741859306570072 -0.8533945835399761 0.059527085236722566 0.9980989750828524 -0.01596753148672468,45.636284041411095 -95.855384579668 809.1500203688967,0.69
3,16,11,0.0,0.9958560187045273 0.08445730161874578 -0.03373061240547666 -0.03049185026126369 -0.039348879413224847 -0.9987601878111523 -0.08567985222683899 0.9956498530568885 -0.03661055899850945,89.74415817706965 -56.93733725225183 785.637556665936,0.69
3,24,11,0.0,0.80857611522374 0.11326887795288862 0.577386202794091 0.5734318418802847 0.06817168411868435 -0.8164119941562634 -0.13183546035672553 0.9912228724014173 -0.009829985799292347,107.79642504878247 17.898419154713952 772.0683643798333,0.69
3,34,11,0.0,-0.05590863445112537 -0.11132745652644677 0.9922098679297455 -0.9171164467599942 -0.3871062899480655 -0.09511121576852638 0.3946791705627921 -0.9152895267105359 -0.08045765729792465,53.74301803285747 99.7832745315646 746.819621844086,0.69
3,41,11,0.0,-0.5016588407723005 0.0028383479007464407 0.8650608945364402 0.8467262472814224 0.20642786835934768 0.4903490566212353 -0.17718089524469388 0.9784577042191503 -0.1059596688107255,-14.688343805521761 114.4131596601423 749.7583436588179,0.69
3,46,11,0.0,-0.8347601012544803 -0.0749234327243139 0.5454924862749395 0.5251305121361971 0.1895735152712138 0.8296383715398473 -0.16557028289274986 0.9790037597152116 -0.1189038262054457,-66.44808664643959 104.50276539669994 776.8258391236094,0.69
3,55,11,0.0,-0.9730242583423225 -0.12275123855706366 -0.19533541949702843 -0.22668708705883128 0.3514202983734749 0.9083593663588659 -0.042857405872906776 0.9281357160048337 -0.36976659589265193,-121.32884916469472 39.31223458439403 776.8192282844335,0.69
3,69,11,0.0,-0.11106013197494519 -0.09486836507773172 -0.9892753107164789 -0.9690388681100306 0.23121734970717833 0.08661529476033047 0.22052056406997128 0.9682657334130267 -0.11761016248775058,-79.76100607144737 -83.79076011839369 807.6408886770627,0.69
3,79,11,0.0,0.6476283346385265 -0.02552165356496694 -0.7615288473673463 -0.7619562088340759 -0.02238132972604745 -0.6472416951177484 -0.0005253499132285566 0.9994236945755308 -0.03394116569101463,13.591185374333675 -114.10203038495317 855.0265706526402,0.69
3,88,11,0.0,0.2966506689945855 -0.0741840090421183 0.9521003693873369 0.9040602604437268 0.3430352875095577 -0.2549545783265239 -0.30769047120683696 0.9363885541406802 0.1688284620638376,-12.87057914322486 -99.16616463445456 754.6456871236488,0.69
3,101,11,0.0,0.5096157579158769 0.13040047452806214 0.8504631065053219 0.8400948098463845 0.1380713687597271 -0.5245731670586881 -0.18582919510398072 0.9818003938538992 -0.03918541661555991,96.2975101933924 45.179122382929314 777.2783758793581,0.69
3,109,11,0.0,0.13147375670448735 -0.006198916182896308 0.9913002697145638 -0.7924130789211541 -0.6015088120701223 0.10133440361835239 0.5956476841663251 -0.7988421135870014 -0.08399472547217535,29.64084961200607 92.87756335870293 716.2650718332584,0.69
3,117,11,0.0,-0.7526187198297347 0.036067599435123 0.6574680150644887 0.5766547329488965 0.5181126517211507 0.6316871053726794 -0.3178590592219896 0.8545515832279904 -0.4107398325863303,-48.71526857568364 93.32065882657066 737.1638963008022,0.69
3,144,11,0.0,0.06278794665243026 -0.1255865339731304 -0.9900937815377832 -0.9101768011855487 0.39977666523497035 -0.10842881774348084 0.4094335896562641 0.9079684137778266 -0.08920479383398422,-62.00166581063419 -102.78259967668077 872.9452701751629,0.69
3,154,11,0.0,0.8145273059403236 -0.060731653357381093 0.576937547883718 0.5052908652041727 0.5628489452732156 -0.6541270567298432 -0.2850024726538652 0.8243256219997701 0.4891429847149759,-62.99562635569152 -79.48432838976206 730.5856673858174,0.69
3,163,11,0.0,0.9931749637520773 0.07830535191780212 0.08643936161893633 0.08499988413861297 0.021539403662118137 -0.9961481183972104 -0.07986558127555606 0.9966967071034746 0.014736450610919044,105.43990828030574 -57.49275967003318 857.003724046164,0.69
3,179,11,0.0,0.029939132952940817 0.09766829012033612 0.9947685929013822 0.7738362198909889 0.6276678026520606 -0.08491545382766919 -0.6326777640338336 0.7723302626589895 -0.05678743063605707,55.17289443100011 65.9049399512214 726.0710327670167,0.69
3,190,11,0.0,0.7756382186009739 -0.024341779914101247 0.6307081984532317 -0.4749390841915354 -0.680650884518408 0.5578057365352335 0.41571410867664005 -0.7322034219770638 -0.5394997022170305,-52.472995928136804 72.15459124871249 718.1874953407337,0.69
3,203,11,0.0,-0.8792044322284179 -0.09499916982851878 -0.4668776328780354 -0.4061387202483213 0.6617700466163702 0.6301680294305818 0.24910019322545932 0.7436636088536666 -0.6204139993599272,-125.86090811633387 -9.52842207108279 791.0942339416388,0.69
3,216,11,0.0,0.04259455413441382 0.2567993075937594 -0.9655256700769049 0.2052641701075801 -0.9480362461294564 -0.24309236206597537 -0.9777792820612109 -0.18783341461021938 -0.09309287796458177,-66.908667558977 -113.49179832448124 993.64524976532,0.69
3,225,11,0.0,0.8019713463248399 0.0602728387624451 0.594314011766036 0.34885500200814545 0.7603615127598653 -0.5478599798191378 -0.4849145772688429 0.646697421381163 0.5887616647941116,-62.05260620089825 -75.15182669545693 744.6249450728893,0.69
3,238,11,0.0,0.880768453394551 0.05699765204838733 0.47010445559039493 0.3263190410493938 0.6463500851481542 -0.6897444823103539 -0.343165870904399 0.7609092160632206 0.5506853456888793,116.19310430134448 -29.343770035600887 840.3650048616039,0.69
3,251,11,0.0,0.009195667632375115 -0.10325193447757997 0.9946127275092719 -0.6699395581848009 -0.7390579865630997 -0.07052858198242179 0.742358692328681 -0.6656818538340481 -0.07596868697112213,51.98044300545643 49.05014338394576 725.0882119962108,0.69
3,261,11,0.0,-0.7612610770763966 0.0307309505241862 0.6477168989677238 0.4147666070316256 0.7908937416086356 0.4499508319536326 -0.49844782497264206 0.6111813954663322 -0.6148227936697445,-47.79032666355324 53.15931729330521 716.1679549645835,0.69
3,269,11,0.0,-0.9992879744887798 -0.035966319428198286 0.011400346876322832 -0.023808393423678482 0.8355015030270134 0.5489721293856228 -0.02926951391285855 0.5483098232809535 -0.8357629049251435,-108.57883733193832 17.553935018644403 749.009328484797,0.69
3,281,11,0.0,-0.5163372767986174 -0.12442115268617876 -0.8472987627469017 -0.5595415545938616 0.7980153813440509 0.223796112166842 0.6483124750233273 0.589653142027202 -0.4816638940449821,-106.76804691814289 -59.339593191051364 813.3604707761888,0.69
3,292,11,0.0,0.9848322211900914 0.07462801188627792 0.15664021178385987 -0.0018907284975078764 0.9073389577177483 -0.4203955767529183 -0.1734990525955102 0.4137229455197906 0.8937177424102583,-96.15845301348844 -51.15187832956958 765.9309063210231,0.69
3,318,11,0.0,0.45587910585000335 0.08419188528711644 0.8860507701600413 0.4758370727938067 0.8182464870618464 -0.32257056060026457 -0.7521657536769557 0.568668983559635 0.3329598566386474,93.67079348586294 8.566932879480886 759.7654415051402,0.69
3,323,11,0.0,0.008725962539393145 0.14293035335701057 0.9896942819209378 0.5709861519746215 0.8118028903699789 -0.12227379703011534 -0.8209133156618762 0.5661686862377568 -0.0745274908529529,57.72022226833736 27.576934465287927 722.5416239060647,0.69
3,328,11,0.0,-0.38146137646962 0.07072806162280929 0.9216749750107046 0.4594685068992804 0.8796838144022061 0.12265837862344092 -0.8021071682946418 0.4702700585598297 -0.3680627155696236,8.529026146959625 35.509320117287 708.5439010898425,0.69
3,335,11,0.0,-0.8615474992663413 0.0577460161957558 0.5043821013095461 0.2530814297335345 0.9101109666412994 0.3280972696065444 -0.44009737153491807 0.41032112547705724 -0.7987182717049219,-60.671628918575905 27.269420925144825 707.9952571404474,0.69
3,354,11,0.0,0.48232177378431207 0.14776972799915625 -0.8634406835565549 0.48601049633961646 -0.8651947006090257 0.1234176951890529 -0.728806904454997 -0.47916827683509444 -0.4891198815153718,-107.71704908918255 -64.98282184067172 858.0319766182397,0.69
3,391,11,0.0,0.34434319952625453 0.08687724601013555 0.9348155460120013 0.36080127001665296 0.9069999131991506 -0.21719484572867592 -0.8667469091346056 0.4120722043312645 0.2809738313850246,84.98531386179458 -2.6844832343116463 742.9324364961743,0.69
3,405,11,0.0,-0.7690656150822724 0.04286771819278383 0.637730694286444 0.205159477792822 0.9615100977186523 0.18277833749338002 -0.6053492119181312 0.2714050307603222 -0.7482590733884127,-46.6209414953072 8.270117077695117 710.1685761824051,0.69
3,416,11,0.0,0.9710549456529493 0.05668805687127341 -0.23203180112024915 0.10743279029577898 -0.9712783226367749 0.21231254212871198 -0.2133318731277883 -0.23109496788993955 -0.949254774928068,-118.47846728038968 -23.96316784740331 767.6684716937694,0.69
3,428,11,0.0,0.9283970808563724 -0.22792619231388905 -0.2934765938105764 -0.20222685055268802 0.35267240547357465 -0.913633665827296 0.3117421389111629 0.9075636756034114 0.2813272357101576,-85.28563317045695 -41.76705396164102 584.8188274109922,0.69
3,432,11,0.0,0.9929861289268428 0.03281645017093672 -0.11358533513205832 -0.05432966831388836 0.9799197043459758 -0.19184801321723005 0.10500873725450874 0.1966734695699296 0.9748295807306729,-90.45586049838244 -37.12630988589329 631.7342524603446,0.69
3,454,11,0.0,-0.4962318196022695 0.7859271758769479 -0.36888000139924315 -0.6200813550471937 -0.6182221003595427 -0.4830119540444848 -0.6076619902026593 -0.01095028972768905 0.794120265965945,184.19758459032874 -62.94113513683461 1240.4762670779824,0.69
3,459,11,0.0,0.6544983605564836 0.05155558095710942 0.7543035980963171 0.1799298922341429 0.9583875546585205 -0.22162700412240155 -0.7343412898029669 0.2807762759704534 0.6179866931760576,106.05523706361173 -26.380320278399644 792.168482247793,0.69
3,466,11,0.0,0.0006054563280816494 0.14733979408470338 0.9890857488113517 0.393500253294589 0.9092558020255254 -0.1356887509707908 -0.9193243084351296 0.3892876463002598 -0.05742773161352203,63.981375746458944 -18.654484091899253 722.0597968691785,0.69
3,476,11,0.0,-0.6978163219657298 0.08430988060015276 0.7112975641961731 0.1937532090815594 0.9782456027523307 0.07412985003577927 -0.6895738356179261 0.18954520497474364 -0.6989710584153424,-35.153604858789265 -14.942458144955935 714.4726034803601,0.69
3,493,11,0.0,0.09838689941656527 -0.06332356778521755 -0.9931314836345415 -0.06998208009509913 0.9950624184995335 -0.07037962599660882 0.9926845050109112 0.07642584021658094 0.09346959108946525,-70.88026426186083 -22.99800883383178 614.7593754728485,0.69
6,2,11,315.0311593688582,0.8760582132958068 -0.48049909424140813 -0.040529339374643314 0.4683673118176688 0.8279156282527751 0.308525158966823 -0.11469118596321709 -0.2892686172539274 0.9503523551474746,-98.91726057803173 40.26689119979586 743.4861280459068,0.69
6,2,11,252.32898528715046,0.9800202787313673 -0.1975795989663508 0.022859469538691696 -0.17946059745138604 -0.9279430213396452 -0.32667360332515744 0.0857563247678325 0.3160443817240653 -0.9448607312948123,-32.1516808995534 85.0878931995898 724.4455656883111,0.69
6,11,11,314.76364218566664,0.2736656841928787 -0.9597473217764632 -0.06318363425879882 0.9159905473496699 0.24002451944864556 0.3214802439178787 -0.29337418165424106 -0.14585372263453833 0.9448059489293829,-98.8534247410322 -29.67259135912611 763.9167305441993,0.69
6,11,11,298.6289064868954,-0.8269136507920338 -0.5614198630690488 0.03196171906079003 -0.5474534894558911 0.7907508479090644 -0.2738754706315702 0.1284853727719964 -0.2439689199111765 -0.9612339335983802,-82.995029570968 44.99296461561063 724.7785964448253,0.69
6,23,11,333.2525145419249,-0.7239158192749083 -0.6889346993581281 -0.03626108966735446 0.6584926872909603 -0.705692146040417 0.2615071238058353 -0.20575049790430133 0.16543148139697142 0.96452016960504,-20.26624569775357 -85.56661518509527 774.5659597546677,0.69
6,23,11,260.9351134217908,0.028396925398696315 -0.9988316282000621 0.03910234181112039 -0.9648993748150064 -0.037607330720957344 -0.25991322620762125 0.26108008562414414 -0.03034908867260043 -0.9648399461606222,-84.27501713983874 -37.87521646722251 761.4978299510599,0.69
6,32,11,323.74213318208143,-0.9987481764687933 0.01826745926389992 0.0465658666009984 -0.006684451395172163 -0.9713219542086344 0.23767410330506167 0.0495721505465095 0.2370653099978175 0.9702281384735412,52.94065866931353 -67.14775181076047 769.922236365552,0.69
6,32,11,283.21687529546296,0.7771961992949954 -0.6292555545782414 0.0018747890130752926 -0.5964057232140578 -0.7375667857691521 -0.3166945687056827 0.20066459856918062 0.2450156802382074 -0.9485257167407103,-30.671306120814357 -76.48065229317763 788.541318997117,0.69
6,39,11,253.07765469026575,0.9914013026502599 -0.12931216615762722 -0.02004546799130351 -0.12925671046763307 -0.9438406623452444 -0.3040682602686062 0.020399997609182353 0.30404468057723455 -0.9524393273643381,22.215125372080124 -72.5246367250105 777.8471558774968,0.69
6,39,11,240.47917343736813,0.8540973415195583 0.5138572744637104 0.0804265670655547 0.5137557531189629 -0.8094066900315269 -0.28445709038337424 -0.08107254372714875 0.2842736562063654 -0.9553092332018333,-56.76749500059924 -46.17926841221618 635.2309374751504,0.69
6,45,11,323.3410082189961,-0.4275621628324745 0.9018052904796984 0.06275201173542908 -0.8437201635324957 -0.423016840608764 0.33044369900193055 0.3245410337117872 0.08834008503621933 0.941737302443244,87.93376821202277 28.56895385058667 752.2421007681469,0.69
6,45,11,266.6207120647259,0.9129509377497759 0.4070310223245827 -0.029091787968598994 0.3809145258619074 -0.8756023120945243 -0.2970264551216296 -0.14637181849387265 0.26008909611924946 -0.9544259808024238,60.21250353422349 -48.3021221371071 782.0409570160906,0.69
6,58,11,318.3850095361782,0.6553783845309884 0.7535055258286358 0.0520441700410604 -0.7361710753131068 0.6218515833926193 0.26711936677155473 0.1689121693718245 -0.21337767169458774 0.9622570593455269,12.243138529825522 98.10274463053577 745.0537419643642,0.69
6,58,11,236.04247060291738,-0.15082745374462947 0.9879077614590205 -0.03590729794817388 0.9526855576852732 0.1355616644620855 -0.27205378752402803 -0.26389639515312 -0.0752415442245589 -0.9616118773433968,70.90260214135336 40.86718888557901 738.3407961472022,0.69
6,65,11,314.8445736733258,0.9620877390332159 0.2723529583727907 0.01452750727219591 -0.26663469164171516 0.9280084571146806 0.26020423658495173 0.05738574400565233 -0.2542128430847249 0.9654443053826041,-46.52802457965076 90.0315614896771 732.541545720491,0.69
6,65,11,106.90064276986473,0.5911460621264095 -0.8048252808356171 -0.05293959350343733 -0.7782892601519606 -0.5519659308126835 -0.2993316534451401 0.21168883004200464 0.21815104526441745 -0.9526793588010025,34.456909247059365 78.48140423643525 732.9770291975464,0.69
6,72,11,383.57936139662047,0.956847194089977 -0.2887611772354669 -0.032564239338961326 0.2699039190212239 0.8416043350485993 0.4678183597555674 -0.10768157530015288 -0.45641990069342087 0.8832245199222479,-87.76877134657599 42.73540934318881 716.0280151992318,0.69
6,72,11,293.8897103375686,-0.9270993253768312 0.3747915279427295 0.0042604539873898895 0.33534520554146907 0.83449347269658 -0.43722332639870726 -0.16742291959637529 -0.4039207281251543 -0.8993428775415251,-13.119056532619336 72.10073271430092 713.1957730366386,0.69
6,80,11,335.3008830389852,0.5553293404418678 -0.8316057495911053 -0.006418792052675287 0.7478306888915678 0.49597980193558444 0.4413086185697048 -0.363811193335723 -0.24987179376423 0.8973324368842813,-105.23990906143686 -13.385646159663375 764.1851939573916,0.69
6,80,11,322.34732965028314,-0.9686388891083081 -0.24697572968563558 0.027234012801472612 -0.23282224443162342 0.863874559624772 -0.4466705136125807 0.0867900052128372 -0.43900311408844594 -0.8942839374694161,-67.99950705930894 50.95828499981314 720.1492051118926,0.69
6,87,11,330.3083745606499,-0.04108225365618781 -0.998405799952046 -0.03870538795366407 0.8859624135086653 -0.05431029781624243 0.46056594902468817 -0.4619338159135238 -0.015370431783982369 0.8867812016175943,-81.60536118185708 -59.578084681027875 773.0591430961689,0.69
6,87,11,317.10057252351913,-0.587971700348725 -0.8084954368133738 0.02498816201686399 -0.7327123717094409 0.5192635953987496 -0.4398839606504087 0.3426687320619658 -0.27694845575578864 -0.8977069081395823,-93.79785252131985 9.847439712656186 738.9293724430282,0.69
6,96,11,335.81851483872794,-0.7515797377422724 -0.6577638726599384 -0.04974520719282784 0.5897116710549795 -0.703781056049977 0.39614690477993486 -0.29558085668189116 0.26840065754125775 0.916838614039908,-16.582329374796785 -90.255910825689 791.9722898183616,0.69
6,96,11,271.1731218543313,0.11391526729100176 -0.993482785045251 0.003907390017830553 -0.8846601651544899 -0.10322559867600667 -0.454665666140309 0.4521058549353796 0.04833664858791778 -0.8906536163607252,-81.66562495090274 -48.00275606544781 775.8756064880769,0.69
6,105,11,289.36731910527976,0.7824917532344552 -0.6226483646431606 -0.0039585511574496135 -0.5527932415327383 -0.6917496715256248 -0.4646525842604535 0.28657684525410665 0.36577507562898237 -0.8854842210975958,-27.090528714900692 -81.86240275279039 799.9756065248777,0.69
6,105,11,260.98204956121253,-0.9978890111161856 0.06157588563095504 0.020638115280344586 -0.05373695174930388 -0.9613539598660381 0.27002019159051976 0.03646726628435747 0.2683411525626503 0.9626334527384215,57.71914156310751 -75.60256638263708 812.630024593053,0.69
6,119,11,366.5641805193236,-0.2675533645575295 0.9630104257935848 0.03203305990386213 -0.8479972962552165 -0.2511243104952497 0.4667302928053073 0.4575104180866139 0.09771131199172442 0.8838193915337385,84.02653089653383 26.94909577523658 751.9347724542273,0.69
6,119,11,336.2644418334799,0.8254221977723081 0.563357580320293 -0.03614460015545559 0.4841595902542746 -0.7393991596892983 -0.46784439059966576 -0.2902889708368993 0.36866939030305224 -0.8830714546762508,66.6966708618274 -46.152168132842924 782.4491598687398,0.69
6,128,11,354.39868576876603,0.45402411384294594 0.8906336714251062 0.02517473680027979 -0.8061207721691959 0.39857828967758835 0.43738386764377546 0.37951469632474955 -0.21887670118476332 0.8989224576969967,31.641120542986734 74.87436787835924 725.7356390994568,0.69
6,128,11,301.9317089072256,0.06899182965669215 0.9969965266894875 -0.03518598030068232 0.891394695830278 -0.07744428479882903 -0.4465622901652625 -0.4479460053246018 -0.0005554467534327201 -0.8940604385569445,77.67443686870024 12.685974126250175 746.1865569886775,0.69
6,134,11,365.82605673967106,0.8396061366561527 0.5431855412912324 0.003317080264472458 -0.4904694932737525 0.7554697590733581 0.43440202496469893 0.23345494524022942 -0.36635353261268455 0.9007129829668763,-19.39800793052633 82.2453183011378 727.9731884616879,0.69
6,134,11,354.9405725540233,-0.342742799171164 0.9389682422612046 -0.029428109711955447 0.8510527344268656 0.2970825822902847 -0.4329563286571648 -0.397789664069933 -0.17343753724220057 -0.9009344059555557,55.46282878917765 48.33365582532948 731.1503078120079,0.69
6,139,11,395.63101509841994,0.9893338812296746 0.14479676906455477 -0.015886066835250873 -0.12123000669099174 0.8789229100348716 0.46130012323164965 0.080757395504871 -0.4544539733397642 0.8871019271690096,-58.46804349456375 68.81879322629516 716.7899417090895,0.69
6,139,11,192.3913611572714,-0.7075399442644599 0.706385310159824 -0.02017475800733015 0.6388737232856715 0.6271943619868527 -0.44549702354449894 -0.3020390586751127 -0.32809606197318797 -0.8950560770992719,24.00230434842556 67.27136547556955 719.9002643364263,0.69
6,145,11,442.7002696604745,0.9474173165511212 -0.31837152727754486 -0.03224901421805122 0.27240275049040213 0.7495063684387177 0.6033547424153297 -0.16792012930061812 -0.580413451161126 0.7968205920324192,-89.92038229496245 25.22714767159531 714.5735704137402,0.69
6,145,11,336.83346277735995,-0.9371542504178674 0.348881966861518 0.004825362428252433 0.2769986583009368 0.7523309128739849 -0.597720621054417 -0.2121642152277481 -0.5588198016651127 -0.8016899494466412,-17.032845496061793 54.636208017589915 708.6085149522247,0.69
6,156,11,354.9289794084498,-0.8481280304515597 -0.5297771253232013 0.0038783303937712232 -0.42681121051681176 0.6789148768314728 -0.5974167562046448 0.31386467552040964 -0.5083412116887547 -0.8019215534946524,-85.30775310984873 18.778547697533856 736.6108266595143,0.69
6,156,11,218.653366048323,0.8566433230233402 0.511317025435734 0.06868126832755171 0.43692598586893433 -0.6482485045091606 -0.6235940660991703 -0.2743317334760746 0.5642063238755743 -0.7787254484777175,-84.95445606846921 18.640832589409783 730.9259855716981,0.69
6,170,11,285.81926744418104,0.22323225127086288 -0.9747493458394184 -0.0055744755957625736 -0.7795620980324941 -0.17509237065234418 -0.6013531383891813 0.58519253011613 0.13858706478227945 -0.7989639091794538,-74.61207138427189 -61.06221370004717 792.2439286250975,0.69
6,170,11,142.33420106003567,-0.20428793457735028 0.9781561654046963 0.03843118352198721 0.8034376518391168 0.18996779190345703 -0.5642695965995077 -0.5592444719381378 -0.0843964105878045 -0.8246956205088809,-76.49214257708674 -63.765176371078745 816.1768914147186,0.69
6,177,11,206.31056173045283,0.713082478126531 -0.7000173228094936 0.03858921035154167 -0.5225860240711399 -0.5674189963510642 -0.6363485915954156 0.46735128846986645 0.43360284863752946 -0.7704358135620224,-29.908396241296753 -81.60164504803818 813.2244852841372,0.69
6,177,11,111.35106446728095,-0.9928467147240962 -0.03993121656547139 0.1125206603480905 -0.04813984663008843 -0.7285366947070209 -0.6833131343914008 0.10926095472766328 -0.6838419279402005 0.721402981254603,58.95383447296252 -112.59214138021801 855.8384116452607,0.69
6,194,11,393.0777168555896,-0.05298831829098763 0.9985821169551813 0.005098413675014013 -0.8066708211722989 -0.04581318881747319 0.5892226557079958 0.5886207814832074 0.027109176079016695 0.8079546201231942,72.82015144456386 28.631514243915422 729.6080204773717,0.69
6,194,11,271.0204386277836,0.7470994484737207 0.6643289881395388 -0.02257010429216627 0.5283639675669666 -0.6141118841363876 -0.5862577176799889 -0.4033285656473594 0.42606758768997255 -0.8098101498826075,77.08048091533058 -39.628904848287114 814.2543205639638,0.69
6,206,11,427.76504997721594,0.8168496289486358 0.5766978371428975 -0.013277361228046486 -0.46216807038460006 0.6680534515274235 0.5831854427360749 0.3451917704746903 -0.47023844008864313 0.8122305405853366,-14.188962443766094 62.46955407828295 705.3456759129958,0.69
6,206,11,358.12446075880985,-0.289606137144254 0.9571428887093609 -0.0024033146866841992 0.7678580549286771 0.23083305364778628 -0.5975869048304074 -0.5714212918762583 -0.174910239656624 -0.8018005458053332,59.16001014554025 31.283479326696 736.8876230238901,0.69
6,214,11,416.294425510203,0.9977702852497446 -0.06325034697402444 -0.02130379028033754 0.063619476325645 0.804852884574051 0.5900545707177262 -0.020174739272014915 -0.5900942533193277 0.8070822461774335,-73.56622923902279 40.80071751088778 704.2271483324552,0.69
6,214,11,308.57700778056113,-0.8236840651638259 0.5670045650152655 -0.00709817209172639 0.462172601756582 0.6640374269683196 -0.5877506118847049 -0.328543828097175 -0.487401393963069 -0.8090110222871572,6.190769924327343 53.97803309917891 707.9005295899073,0.69
6,231,11,359.2680074303472,-0.6276850989284968 -0.7784387551319955 -0.006672412732454502 -0.5219760890745079 0.427217400514068 -0.7382589350170329 0.5775399371624481 -0.4599112927582355 -0.6744844132934757,-93.52889685451836 -12.143913411036191 743.4632141757982,0.69
6,231,11,169.1386461619106,-0.03874138191094073 -0.9992383561221725 0.004670437012631312 0.6870293086837223 -0.02324222538356388 0.7262578935672825 -0.7255961923392358 0.031344961532564386 0.68740647294692,-79.81415799999121 -64.58754489814673 795.2199211165453,0.69
6,248,11,136.48544137336418,0.853399003875783 -0.5209847755598253 0.016882056115896854 -0.3363838221767668 -0.5751761175774555 -0.7456663851524183 0.398190989804605 0.6306720997502615 -0.6661055758924596,-31.859220907372684 -79.28198632989668 824.46795219603,0.69
6,248,11,55.34896681746982,-0.23566539336651954 -0.7020932178272972 -0.6719575402139 -0.01314474339504057 0.6936718045121985 -0.7201712597333139 0.9717453566086551 -0.16088673377783885 -0.17270327386536896,-37.141720050455355 -77.60750014627763 815.3026004022656,0.69
6,259,11,419.5007353029336,-0.5970927319704569 0.8018700578294646 0.022015444229615544 -0.5425482035216289 -0.4239061442391771 0.7252206751959895 0.5908652268356205 0.42107955451772416 0.6881644370959935,88.55639341208101 -20.61173147921154 762.092093422615,0.69
6,259,11,78.52116887009063,-0.9980735549218065 -0.021835093536827634 -0.058072434562241836 0.05563021131858853 0.09943639405871374 -0.9934876361209782 0.02746740894946329 -0.9948043185606091 -0.09803014443917146,65.89596289163167 -79.06637631110034 1126.7932709504219,0.69
6,273,11,449.4509835793383,0.5276232664852321 0.849458630413565 -0.005807226477786309 -0.5944977210576978 0.3741255554812706 0.7117601621283918 0.606783444336328 -0.3720888387895305 0.7023985675722875,23.446798551896148 38.70293232204363 694.7623711429175,0.69
6,273,11,348.6040296202595,-0.012637126337766258 0.9995374641083705 -0.027661541564618752 0.6901698211838025 -0.01129822649161194 -0.7235592360030119 -0.7235370902483447 -0.028234870673549017 -0.6897078157546184,75.90862555890796 -4.3730287457976305 739.2560880632542,0.69
6,282,11,465.1263025856531,0.9787254196784051 0.20461996649613212 -0.01507389088628934 -0.13690337780916528 0.7060148509108586 0.6948384671546036 0.1528202146961289 -0.6779924037955293 0.7190078458374354,-49.29392871556913 34.656679221847966 688.971052140607,0.69
6,282,11,428.976808605395,-0.6506605797715012 0.7593505298462331 -0.005251928565693287 0.525266113422574 0.44506573834005014 -0.7252668465094556 -0.5483943107120621 -0.4746612069445655 -0.688447832882471,31.677506551467186 30.029320396771176 713.9160658653697,0.69
6,289,11,438.0725636803649,0.9460318966639572 -0.32323927570927363 -0.023238354789880775 0.2048875193121094 0.5410082195299831 0.8156783746251508 -0.2510871460758718 -0.7764190086801985 0.5780387253770565,-90.0038516733538 -4.191395615222937 721.3966287197699,0.69
6,289,11,420.609395054212,-0.9418850632731186 0.33572822436335403 0.011793512997520572 0.1802683832538379 0.5347431755515831 -0.8255622606442565 -0.2834710524586958 -0.7754587645818682 -0.5641877939579353,-16.410005303828623 15.493163971979211 702.3266279374716,0.69
6,298,11,375.0764923189483,-0.9287680378880159 -0.37047892935734095 0.011631624988948236 -0.21407979814908215 0.5105389080000816 -0.8327783999615576 0.30258845288955327 -0.775948056457597 -0.5534842742640339,-76.02222224727065 -2.7120420337351576 724.8841760913297,0.69
6,298,11,235.2770003984071,0.9498781234577848 0.3062826999421661 0.0626295321110985 0.21540161727484028 -0.4960232687808724 -0.8411676765683058 -0.22656940184345564 0.8124972766379441 -0.5371354406518185,-76.87006932017214 -2.737932176018158 725.8147796591469,0.69
6,315,11,181.74202652815748,-0.3358863390173409 0.9409892566808 0.04146789207137175 0.5414213531866272 0.22891131427170996 -0.8089885836722044 -0.7707420356870962 -0.2492766114374012 -0.5863598599965704,-68.91628367563624 -65.57870796376493 814.8378010966024,0.69
6,315,11,158.38258543861906,0.3481867918754613 -0.9374238914863549 0.00155101065553237 -0.5198816465154616 -0.19447558922179953 -0.8318066595148219 0.7800570694377735 0.28881775026374856 -0.5550633076980858,-69.7227633993478 -65.64937750759304 820.1668387910764,0.69
6,321,11,236.6003219384963,-0.9884637770249715 0.12496914960903382 0.08556911332672851 0.010737755528282433 0.6213719925794687 -0.7834421149287522 -0.15107634532163672 -0.7734853317832319 -0.6155455948997131,-88.93041780636287 -40.34770651623248 724.9240604281354,0.69
6,321,11,232.85857845390086,0.9843552153139647 -0.1586883915561744 0.07656895238614482 -0.0351995025190402 -0.6029188909574588 -0.7970255993059695 0.17264357823738918 0.7818611163831733 -0.5990721071636104,-88.91453497803575 -40.30455551897907 722.2246272117222,0.69
6,329,11,372.19920430088405,-0.7674956153100623 0.640854117932442 0.016014993251972975 -0.349631248410865 -0.439401346313363 0.8274566133596758 0.5373159876780971 0.6294699805288858 0.5613012319588077,87.34967349846052 -39.651865850039904 791.6515376956464,0.69
6,329,11,106.15256010964136,0.8288448751926536 -0.5593481058294584 -0.01207763933355599 0.3310148164291441 0.47286726057603057 0.8165939904136574 -0.45104918154371426 -0.6808276216343734 0.5770861161459597,82.89938567446102 -39.34458246677076 763.7209540270528,0.69
6,354,11,442.2084750023742,0.9645432340552573 0.26233375046600504 -0.028937052452954665 -0.12886772061553162 0.5638051119906039 0.815792195523235 0.2303246843514228 -0.7831377905960755 0.5776207585593813,-46.26791486546956 17.029693980672445 696.769372179786,0.69
6,354,11,392.02911403155224,-0.5940675328287714 0.8044126269678711 -0.0020228725578573803 0.4560662739028476 0.33473631402450765 -0.8245939327218329 -0.6626366426987791 -0.4907870471476755 -0.5657214456823746,35.60621745464181 10.146529048774223 717.2014324615783,0.69
6,361,11,412.78767506855615,0.9298468029241167 -0.36628847723130115 -0.034895193642871414 0.17565214368439447 0.358560439812955 0.9168319013975339 -0.3233129250600349 -0.8586426279009882 0.3977456348477119,-92.92078543458639 -20.131515293547217 734.9518575557742,0.69
6,361,11,397.7888329775747,-0.9636699343682479 0.26706457688397794 -0.004095041938554478 0.11006411731905223 0.38309009426634455 -0.9171302359827538 -0.2433642284179715 -0.8842615514929877 -0.39856663292069494,-18.89933837719571 -4.839406930880765 697.6527715080078,0.69
6,367,11,337.0127164454917,-0.9864777960073959 -0.1637625951302628 0.006585622263092311 -0.06994049132732548 0.3842897384057682 -0.9205594628425254 0.14822241955008975 -0.9085720716554236 -0.39054693053522915,-60.925337601230765 -12.504751781821248 706.1474142484268,0.69
6,367,11,281.40128525536966,0.6358314890282876 -0.7701156396208213 -0.051383063080012226 0.336089285044235 0.21632578184947052 0.9166499596823592 -0.6948109887145755 -0.6001042057164983 0.39637435871010285,-109.6301707163675 -40.97369615880862 805.8976807737688,0.69
6,374,11,389.369399647141,-0.6806725038185985 -0.7325837750165956 0.0024403130443018672 -0.29626945050704956 0.2722260570910169 -0.9154875130426026 0.6700069814871865 -0.6238701679220706 -0.402338984359354,-90.17308187005254 -29.076060756771156 743.8211359201487,0.69
6,374,11,144.3528399091005,0.732706316870199 0.6763290983188348 0.07563335233704499 0.3287593598781298 -0.25445660217167354 -0.9094883841499951 -0.5958680529370828 0.6912530566865355 -0.40879148121076525,-92.80777180949303 -29.73043808606901 755.9732706605625,0.69
6,388,11,97.57035320451223,0.9086208719961033 -0.4110557143863931 -0.07376524007506904 -0.21395012094713695 -0.3064809695651422 -0.9275207604367224 0.3586550664911149 0.8585468041782593 -0.36642042562547134,-83.01305149443372 -30.906418331649654 683.0967817324414,0.69
6,388,11,96.80190285642902,-0.43325556081504085 0.9011699736859591 0.013501760984851896 0.36690506059654976 0.19004062123130705 -0.9106400160275523 -0.8232073223262086 -0.38958598641232783 -0.41297997973224676,-57.33611374278266 -60.999934582178454 822.6540729779026,0.69
6,402,11,374.6325131740504,-0.7160226535935886 0.6980687182955605 0.0034094102113305658 -0.2779364414628501 -0.28955821424820793 0.9159188692610042 0.6403615338601808 0.654871059903079 0.40134897639542355,88.39183548193499 -38.14485898217054 792.6482637825769,0.69
6,402,11,108.55026540456092,0.7687415429460711 -0.6394527087936549 -0.011690738443360271 0.28161618029537205 0.3220302226773774 0.903874362219774 -0.5742201382263934 -0.6981380729474764 0.4276382395862719,84.9189502738517 -38.21316752601636 766.9749918629358,0.69
6,409,11,365.24041075597677,-0.1591077973092568 0.9869156671149977 -0.026118476953211178 -0.4319588410823276 -0.04580161865342669 0.9007295772536497 0.8877478631042763 0.15459520604367083 0.433594342470132,70.98285093378179 -17.15222583704124 701.07948764698,0.69
6,409,11,66.45910527881013,-0.8331164331127097 0.10838634447257336 0.5423738647920167 -0.5132329333293626 0.21404790031758747 -0.8311290227851331 -0.20617702351060893 -0.970791376507592 -0.12269938172134764,76.14940613759896 -68.9887375658628 1158.33951126069,0.69
6,426,11,431.1931813285946,0.9821217376767211 0.18628671094377985 -0.02709527096388356 -0.06243239592300119 0.45811895192330443 0.886695675994874 0.17759247822520885 -0.8691514754140625 0.4615589068183898,-48.91329878465435 -4.786660964848259 689.8209927598633,0.69
6,426,11,398.51576957401915,-0.5858314498441903 0.8100967194917545 0.023341324772845118 0.31259528493691097 0.2524420130139656 -0.9157276985549077 -0.7477203355591349 -0.5291656972387326 -0.4011208853415395,32.474001387339705 -7.432274455295702 713.163373511722,0.69
6,434,11,326.6833218289416,0.9656357168028284 -0.2584756696385945 0.027165983132726265 -0.03683086145094114 -0.2395627568077376 -0.97018203095886 0.2572764079340913 0.9358418743332428 -0.2408502359661997,-26.11409231419849 -24.20401183628855 682.4989228211151,0.69
6,434,11,311.16611229117854,-0.9891806069648608 0.144522617695762 0.0251980114095222 0.020735755361598773 0.30777593751619436 -0.9512328845953607 -0.1452300081051217 -0.9404186223487875 -0.30744277432620615,-24.605367296082306 -25.283409223826858 685.8346534864439,0.69
6,442,11,385.7001386275567,-0.9056260129429355 -0.4235076877738883 0.021971870141082872 -0.1449036230179746 0.2603365415926927 -0.954582539724995 0.39855296350340513 -0.8676785830640119 -0.2971353425203441,-75.40148672131322 -33.530829352695314 713.8585823864638,0.69
6,442,11,186.97800834618695,-0.3615574368310304 -0.9322987613130336 -0.009759074052308192 -0.4526429855279295 0.18467240547953534 -0.8723591177415208 0.8151015565710433 -0.31099055019177835 -0.48876817630332375,8.538874978825257 -27.089487623172595 600.1055025305575,0.69
6,462,11,53.25121965624217,0.9913999179218785 -0.13075678859346931 0.005372614002071091 -0.00974025603348977 -0.11466639078623328 -0.9933563037684217 0.13050413846654266 0.9847610273872447 -0.114953855012887,-87.87485075174796 -42.531949751995604 745.1684946269208,0.69
6,462,11,29.503595135516864,-0.7367425233336187 0.6309390567408824 0.24315912689211988 0.0024150432018496537 0.3620636598354575 -0.932150242070927 -0.676169077877971 -0.6861674816730098 -0.26827143943434306,-88.12224374249142 -42.06482928005259 661.9104236721051,0.69
6,475,11,357.75097302150573,-0.6687142233216109 0.7432511323443938 -0.019976030540401313 -0.18601802145616003 -0.14122997433232087 0.9723432470293745 0.7198740051015248 0.6539356609169347 0.23270059767912354,87.55809881978047 -39.476608708749595 785.7586561086647,0.69
6,475,11,108.61723705441855,0.9923333179152729 -0.07601038396169463 -0.09745259198842098 0.10391874819448449 0.08634354381527702 0.9908308060486971 -0.0668990278625723 -0.9933615726267123 0.09358047926585801,76.73485541669106 -39.109222535728684 794.9435391893232,0.69
6,485,11,357.29396567161376,0.42795055804766224 0.9035583583671298 -0.02099078110962671 -0.2965585908861719 0.16232181598371928 0.9411188183366412 0.8537630362332999 -0.39652732702885096 0.3374237052743213,55.93135385671236 -25.623878401302626 679.8869229434963,0.69
6,485,11,65.02124115121597,-0.9656852782082068 0.25918846676949653 0.01653124755171037 0.01060116530355297 -0.024260583320859563 0.9996494582558121 0.25949866810090777 0.9655220156944168 0.02068038837270003,77.58570432629617 -21.257198286256557 656.6006206218028,0.69
6,496,11,335.0135885503946,-0.9598017127658962 -0.2768110338362064 -0.04643623281644149 0.058511834084042674 -0.3591358140224875 0.9314493181910254 -0.27451236300715787 0.8912895818043288 0.36089589069881367,-31.167413647980897 -23.563994269944992 679.4354304609006,0.69
6,496,11,329.735923633422,0.9571400992709038 0.28840114977783204 -0.02660088672410474 -0.07073333871133217 0.32183283255036305 0.9441506355912481 0.2808551675907569 -0.9018028635458164 0.32843868550786376,-31.10711120319122 -23.159494903631348 677.3049322027473,0.69
6,501,11,398.119188237116,-0.790607630658632 0.6120797194925449 0.017262425387863822 0.13833452433471705 0.2060039728676918 -0.9687238628937638 -0.5964923584769813 -0.7634924886000225 -0.24754006974611853,12.13833123292242 -24.303435185645593 716.6070023506901,0.69
6,501,11,371.62955507147325,0.9989014265434295 -0.0054486217982199076 -0.04654301848829276 0.045710330990571764 0.33202913137413764 0.9421609318792984 0.010320159409329541 -0.9432533956681183 0.33191343128944095,-69.68431428148641 -28.578992902577767 706.6477996090975,0.69
16,8,11,0.0,-0.8082154445179844 0.5874218158792135 -0.04151391901235531 0.5788836854263109 0.7795716019243409 -0.239085332507808 -0.10808086782520292 -0.21726418872488978 -0.9701107144588532,55.262996468057466 123.17620656498161 694.1260202333789,0.69
16,14,11,0.0,-0.9871006877593365 0.15686779406716753 0.03201136375641954 0.14594983913412027 0.963870414169524 -0.22282834008580282 -0.0658093966069399 -0.21528195436025405 -0.9743319780470412,-11.65994164570931 140.19561596704148 700.3761590427733,0.69
16,20,11,0.0,-0.8794660313138061 -0.472514775484686 0.05717767670866099 -0.47000184109519483 0.843213219909911 -0.2609400987512014 0.07508507929189777 -0.2563615663819683 -0.9636601984879903,-80.3619682086195 124.99051167641007 724.3710251970715,0.69
16,31,11,0.0,0.3076140482255051 0.9431832206300311 0.12561452804623338 0.9154628115809899 -0.25737609118540883 -0.3093305486018941 -0.2594252068449495 0.2101498513158691 -0.9426216643199823,-143.93117724309627 22.419405212019008 747.0817735009887,0.69
16,35,11,0.0,-0.012956568932450563 0.9896739650567593 0.1427500270064095 0.9614453215774478 0.051549169834819386 -0.27012141104728926 -0.27469077330397595 0.1337464989380018 -0.9521853039631996,-138.85600098053746 -23.047568988986182 759.151870713566,0.69
16,48,11,0.0,-0.9754935336425762 0.21587978867843724 0.042523906942723386 0.20344209352332052 0.9585681900706621 -0.19939493365555425 -0.0838074006539317 -0.18585731576886513 -0.9789961071275124,-27.67675010673404 -113.475411624987 795.8440309178292,0.69
16,55,11,0.0,0.8056473988232775 0.5799680677304582 0.12070339341661364 0.5891856060856706 -0.7632909848217904 -0.265041872298025 -0.06158401051204933 0.28464699700291973 -0.9566522339630382,-103.28114541601278 54.30465514198016 715.7498896921801,0.69
16,61,11,0.0,0.5685385946308202 0.8113961045276239 0.13564743997808634 0.8140626119982317 -0.5311268417832866 -0.23496029810146182 -0.11859987420662653 0.24400950697607807 -0.9624933404151239,-117.95029353576108 2.08957742969521 732.987241363548,0.69
16,68,11,0.0,-0.10682008466912873 0.9889069380209664 -0.10321113043309081 0.9730850273108601 0.08266010664732071 -0.21511121865787516 -0.20419353352812813 -0.12341140426658256 -0.9711202943828572,128.85585501382823 17.793373738328636 745.6187827816836,0.69
16,73,11,0.0,0.4604422358096849 -0.8841693611543942 -0.07897777078653334 -0.8226551239394047 -0.3915898699333099 -0.41218432869513205 0.3335138595903062 0.2547585416849539 -0.9076709706164086,109.13498587930513 61.76157014633217 709.3177219712567,0.69
16,86,11,0.0,0.9981193893021726 -0.047007863075025275 0.03934393864596218 -0.024168839233400016 -0.8916132888748716 -0.4521521981720812 0.05633428715416239 0.4503509785832097 -0.8910726368708546,-18.186846389775997 123.39402476407224 695.9764219655941,0.69
