scene_id,im_id,obj_id,score,R,t,time
8,1,22,0.0,0.22602940552442208 0.9738499989500635 0.022954027603826477 0.9371187944741282 -0.21095054079079845 -0.27804358360412895 -0.2659305790645989 0.08435667658834498 -0.9602941623447143,-106.97800859089983 54.69269558553906 750.442510604949,0.69
8,12,22,0.0,-0.6813245055390411 0.7313877875298179 0.02947579352992799 0.6919667971597699 0.6566883532833738 -0.29990391509685355 -0.23870247124910718 -0.1839356162199394 -0.9535139324128202,-106.64996636805498 -43.42367168276776 776.408964400198,0.69
8,18,22,0.0,-0.9505620644624971 0.3096027647157446 -0.024039336204703575 0.2970378786792018 0.8839448762265258 -0.3611231845542901 -0.09055528827492773 -0.3504105932662986 -0.9322082148813136,-67.92176119985199 -82.71779680847168 791.2363856259083,0.69
8,25,22,0.0,-0.9515525279803365 -0.3074861276511743 -0.0002603772582178629 -0.29047559321784006 0.8991885006145314 -0.3272368715584097 0.10085492669659113 -0.3113074391412402 -0.9449423062263369,-3.3517024153109074 -100.01113719454511 800.0910015905686,0.69
8,34,22,0.0,-0.4544261353021657 -0.8906907459772152 -0.012918304257519636 -0.8435839770177939 0.4349600197526551 -0.31492198229976287 0.28611704121422066 -0.13221110485629398 -0.9490296425715574,74.25244785323508 -66.58047754683032 789.8896253908921,0.69
8,46,22,0.0,0.5440427089421445 -0.8390575179159897 -0.00011169400869889823 -0.8071247712244963 -0.5233012148492742 -0.2733229632011884 0.229275237482589 0.14878951631728685 -0.9619223177114512,97.88444163916243 37.46165434831605 758.1120478331549,0.69
8,52,22,0.0,0.8940849933664511 -0.44788356164248183 0.003512811887787494 -0.43370531140609275 -0.8676871362760001 -0.24293772123591284 0.11185583353163964 0.21568344570596787 -0.9700355270573047,66.72638310888637 83.13408938660749 741.0610407377405,0.69
8,58,22,0.0,0.9988035157316353 0.04578509003620943 -0.01718320379034738 0.039456710404517085 -0.9620641528784708 -0.2699550587603137 -0.02889126106936985 0.26895406908356406 -0.9627195872927978,16.86059770943778 108.94359066182552 736.8331533205655,0.69
8,68,22,0.0,0.6137116919040171 0.7895273957513793 0.0021096393892174464 0.7560328616549878 -0.5869016329368952 -0.289759875334346 -0.22753520896353086 0.1794239800418289 -0.9570970504958584,-75.4792600908304 89.95096760523224 740.0954484873342,0.69
8,84,22,0.0,-0.641184768539844 0.76717448268967 0.018039005026438265 0.6596873797767191 0.5630543241050286 -0.4977774493385137 -0.392039096973546 -0.30726721467879875 -0.8671171807937492,-107.68370590691724 -44.845109209601965 775.0329370438961,0.69
8,92,22,0.0,-0.9847512257823434 0.17379916881225588 -0.007672824795407901 0.15307426050562678 0.8446791349593019 -0.5129185410326487 -0.08266374108898987 -0.5062716739899382 -0.8584029927863708,-55.499687103853645 -92.77014027135063 811.2923334636955,0.69
8,100,22,0.0,-0.8591329190044147 -0.5115235101254075 -0.015307712825111064 -0.43609882422075197 0.7474496991310767 -0.5011354734821123 0.26778432178944234 -0.42386630658480673 -0.8652334431504154,20.056068170475868 -98.5592978544247 813.9290687133939,0.69
8,115,22,0.0,0.25966920173837293 -0.9656691859373676 0.007411410096468285 -0.8578465522708802 -0.23418645410831151 -0.45744507590435335 0.44347626591004874 0.11242654510051184 -0.8892069913868437,103.60804467979393 -5.432215677181625 774.1850079801342,0.69
8,127,22,0.0,0.9668859427653609 -0.2551901288593107 -0.003093835081025481 -0.2373724416618117 -0.8947921631212259 -0.37815513847671983 0.09373311913219347 0.36636727876491065 -0.9257370681938496,48.43038008233115 79.63953981256513 722.9416490632228,0.69
8,136,22,0.0,0.8673165119807614 0.49737989310609426 -0.019372918708756237 0.44846439760795204 -0.7977213108543583 -0.4031381826209731 -0.21596701628642864 0.3409603380784554 -0.9149340390070548,-35.05065293516562 90.98172528052899 722.1358341049014,0.69
8,144,22,0.0,0.3460716128079979 0.9381740861336246 0.007988924571500355 0.7400527402716127 -0.2677353827801936 -0.6169600525350244 -0.5766770156898469 0.21942458593986514 -0.7869539190195134,-97.91287167050079 36.838951430026114 722.3718342577728,0.69
8,155,22,0.0,-0.5794768283196297 0.8144968674781649 0.02831003901232526 0.620134141786597 0.4632035064480584 -0.633147816710146 -0.5288102226992435 -0.3493384669378402 -0.7735130146844953,-111.64884461584799 -43.45187611938613 783.2148349224877,0.69
8,165,22,0.0,-0.9962660797469122 0.08223091533927979 -0.026305415947736648 0.08060871758834684 0.7768254502586603 -0.6245353908940559 -0.03092140026715125 -0.6243238713944015 -0.7805533746084411,-47.040553368001234 -97.86059916842159 848.239064892741,0.69
8,172,22,0.0,-0.8592962346529224 -0.5114670290414919 -0.0033851609679955708 -0.3924948762039808 0.6636304887289924 -0.6368220682285906 0.3279599872925527 -0.5458901470376503 -0.7710033684117605,20.244968982315925 -97.23212093883961 828.8513349051137,0.69
8,178,22,0.0,-0.49277739106239377 -0.8701403254669708 0.0051241442187489605 -0.6734290313645308 0.3776334607369989 -0.63552050246017 0.5510569685369836 -0.31662088264678845 -0.7720669880902812,69.40016456716431 -74.06029688139328 803.1320171674541,0.69
8,194,22,0.0,0.7788323488483614 -0.6268576359005773 0.021672025758650265 -0.48102659922368723 -0.6191067689735026 -0.6207416688530618 0.40253395288675786 0.47302887113191017 -0.7837155758622079,81.4842431428201 37.509154560674425 721.1053241466174,0.69
8,207,22,0.0,0.9051447960655109 0.4245665642262093 -0.02135721650112718 0.3405202667271916 -0.754206830122595 -0.5614427890217036 -0.2544775945020824 0.5009144537119875 -0.8272399071362881,-25.709840139426554 72.32882234077199 696.0780853375733,0.69
8,216,22,0.0,0.39000131464384846 0.9207943532201068 0.006060829484117347 0.6226521477447224 -0.25886300661198414 -0.7384404151430828 -0.6783828399104408 0.2917665211873515 -0.6742914945550449,-94.1254240833133 23.487755500587372 710.891145898549,0.69
8,228,22,0.0,-0.6061551712300847 0.7946917396704701 0.03226371476672274 0.5055761915298752 0.4163113700465416 -0.7556967366133841 -0.6139777055799125 -0.4417577187435361 -0.6541265129784399,-110.37436413108283 -50.005902268017564 794.7038575672807,0.69
8,238,22,0.0,-0.03048732454249556 0.999235023170068 -0.02449268283701106 -0.6849539998712049 -0.0387318443824122 -0.7275560887596049 -0.7279481719893786 -0.005404877524095242 0.6856108562415502,-76.94489501916519 -38.467681126103656 794.9809187456236,0.69
8,263,22,0.0,0.5548319023018651 -0.8309922522800964 -0.04016760932077251 -0.5765759549048296 -0.34926158578949534 -0.738631513623262 0.5997680621821053 0.43297600550406884 -0.6729116214214634,100.14331943409103 1.3963992635028242 757.1759649578686,0.69
8,272,22,0.0,0.9746462890915186 -0.22312576719393754 0.016718348430672256 -0.14846967069525321 -0.7008161579414899 -0.6977201943843762 0.16739584237302801 0.6775482305948747 -0.716175276851958,43.955316216072525 44.12838272086788 692.137106397979,0.69
8,280,22,0.0,0.8878656077391511 0.4599592571152996 -0.01149540725376999 0.3144077640952764 -0.6247678224973808 -0.7147117781654997 -0.3359202590952165 0.6309537619872181 -0.6993246240220486,-29.573447204628906 51.13474623220393 686.0562545629679,0.69
8,288,22,0.0,0.3322147903949568 0.9431549917461062 -0.009591380882747358 0.5041397392266644 -0.1861531680197116 -0.8433208887302013 -0.7971677717866587 0.2753282760281404 -0.5373247472842342,-95.30931607120154 5.248875994243242 707.7158074090482,0.69
8,303,22,0.0,0.05387533976058256 0.6500514755120084 -0.757977919830349 0.21288239623060504 -0.7491065555804224 -0.6273120864143712 -0.9755913761103047 -0.12756350407188013 -0.17874288597901133,-68.71114829077403 -39.5309196879664 767.9605141496222,0.69
8,309,22,0.0,-0.07018159997956383 0.9971940819461662 -0.02604814687941165 -0.8042359983469536 -0.07201124174070146 -0.5899312163513992 -0.5901516771027493 -0.02045345923077979 0.8070332422015265,-76.85361780323791 -45.84986044676729 818.7272469096406,0.69
8,319,22,0.0,0.022098345285544867 0.8819308446381477 0.4708605402998686 -0.823570068250993 0.2830651433156185 -0.49153480784249975 -0.5667839145712373 -0.3769245414078947 0.7325871171865859,-54.22964287571758 -70.25169466377365 824.7874735474917,0.69
8,333,22,0.0,0.46546596015943276 -0.8849985643501159 -0.01090784264150374 -0.4857779056590204 -0.24515453530099252 -0.8389988558960557 0.7398386758654847 0.39582419698597077 -0.5440238402625548,107.6155320504495 -18.05949835564704 801.6475245607095,0.69
8,345,22,0.0,0.996552196829416 -0.08296592923196366 0.0006112128441279133 -0.046129771918906076 -0.5601847563501574 -0.8270822709353794 0.06896204127760239 0.8242024589502214 -0.5620805489636114,31.891480919958568 27.899957703349145 685.3375441937859,0.69
8,360,22,0.0,0.36708609491021016 0.930172499018241 0.00518854447147582 0.35683540921869067 -0.1356670240703442 -0.924263463146535 -0.8590205408785647 0.3411357217443769 -0.3817199624052183,-91.90104895761296 -8.612234992791425 704.2670195466295,0.69
8,375,22,0.0,0.7528163211798337 0.5679201867879584 -0.33276755852094686 -0.07916539727104349 -0.42376010329578184 -0.9023082703431605 -0.653452696405929 0.705616068619103 -0.2740538948206029,-70.27066073965554 -44.90393824500472 761.760885734924,0.69
8,381,22,0.0,-0.45090968286349464 0.0893090916210611 -0.8880902792249015 -0.040225490082742066 -0.9960039322175074 -0.07973755046943772 -0.8916626984726599 -0.00023056687494513173 0.45270031918629117,-56.374289038424536 -49.189577509628265 535.106502310443,0.69
8,389,22,0.0,0.032207080003181204 0.9567345528546631 0.2891741678844371 -0.9182794746738152 0.14255751240290593 -0.3693780746745502 -0.3946207171328578 -0.2536461137716943 0.8831410638046825,-61.787582693394 -65.24225126038613 824.9041436553014,0.69
8,410,22,0.0,0.7492768699127351 -0.6621970180610401 0.008904015096588225 -0.25909728661296655 -0.3054892308380392 -0.916266842089018 0.6094692513027807 0.684230545293799 -0.4004694652571882,86.11439042997351 -9.53061101830531 719.3380645280628,0.69
8,417,22,0.0,0.9925633310626837 -0.11979747138308469 0.02160091849826626 -0.03059254817732799 -0.41724350296186113 -0.9082796679614344 0.11782245043185785 0.9008642656284767 -0.41780551107889663,36.800768921569336 5.763782095280565 678.2113118407751,0.69
8,425,22,0.0,0.8501120970537823 0.5266017482830556 0.00014542369221814955 0.21082223430277128 -0.34008481267669 -0.9164585673723871 -0.4825592274181567 0.7791231731195589 -0.4001295704415029,-37.91189805270003 6.983888042941975 681.0511903834998,0.69
8,432,22,0.0,0.42634425750278937 0.9042391836782342 0.024126184847917953 0.24854832548701822 -0.09146083352033368 -0.9642917845908288 -0.8697438151501824 0.41711678776175676 -0.2637409361007863,-91.64608140107832 -24.718013970269492 704.3456465445494,0.69
8,441,22,0.0,-0.43054174530486045 0.9025681137723882 0.0021460547984247236 0.19025903233871344 0.09308086364884949 -0.9773113390501107 -0.8822898084889006 -0.4203650233115707 -0.21179693343597183,-106.75165576983069 -40.84355411417238 750.2974739197938,0.69
8,459,22,0.0,-0.02911133014146522 0.9337470925279656 0.3567476666398328 -0.9753250345703934 0.05160467265126215 -0.21465794814265987 -0.2188460815222777 -0.35419390869427264 0.9092046346374492,-66.36700036563104 -63.530201089806084 865.8355501536665,0.69
8,465,22,0.0,-0.02558956599980189 -0.8771721103510884 0.4794937569292844 -0.9619101874351873 -0.108981466810262 -0.25070267489655257 0.2721653273661885 -0.46764530224744233 -0.8409720006430379,-40.7689191335599 -97.065587893292 1278.2289014987996,0.69
8,479,22,0.0,0.598865912888596 -0.8006113990774602 0.019519376202646044 -0.1762504858583992 -0.15553469207825105 -0.971979797009589 0.7812140453261109 0.5786452689060505 -0.2342525734284636,107.03349385878931 -31.39784453255301 804.1639898663068,0.69
8,484,22,0.0,0.8587560820072987 -0.5118266830937136 0.023904771255133545 -0.09747788779361663 -0.20899685932772294 -0.9730459260396926 0.5030268909380174 0.8332789204488706 -0.22936910805249403,77.67099430511522 -19.875534016387764 720.1444680019583,0.69
8,495,22,0.0,0.9163328506657347 0.399660346172234 0.0246112675069515 0.11410890161739307 -0.2017226923433855 -0.9727728994813785 -0.38381410261021 0.8941921287347736 -0.23044993284072207,-18.06274482858071 -13.927017905034413 668.667007041056,0.69
10,5,22,0.0,0.39267403458644834 0.9196375653802384 -0.008593654816674318 0.8876795384929219 -0.38143863307221215 -0.25793333662207246 -0.24048313766789095 0.09365531240410079 -0.96612449661309,-56.82493010251368 -57.65552255108271 790.13820954165,0.69
10,13,22,0.0,-0.2789864024749964 0.9602932570674904 0.0018567888329015791 0.9189875687371595 0.2675461903609869 -0.2896219683136738 -0.27861880004878303 -0.07909422516235268 -0.9571393147318437,6.095237852688277 -70.32622195986261 797.5903443643352,0.69
10,20,22,0.0,-0.7914015564845581 0.609538091165622 -0.046334563902002385 0.5893713283420065 0.740703417080591 -0.32249013202501975 -0.16224984968312778 -0.28252745591058204 -0.9454381116363443,57.91554991130637 -46.760013979615486 788.5745121944772,0.69
10,29,22,0.0,-0.9918014643617187 -0.11915779629732803 -0.0461657326543721 -0.09901788269770412 0.9449723156010056 -0.31180567931603975 0.08077941690810961 -0.30467809624132447 -0.9490236790906473,87.28707624331942 16.531070291462267 762.3984258898288,0.69
10,35,22,0.0,-0.8043185288414282 -0.5940258982765955 -0.014315597753659093 -0.5604276822676325 0.7663920691575052 -0.31394905523127015 0.19746523013049702 -0.24449218496541258 -0.9493318989586036,75.53103091612974 61.32739857215129 751.0578717349969,0.69
10,45,22,0.0,-0.07683675762702957 -0.9964347394279975 0.03484139403674216 -0.9513369988952294 0.06281052306691437 -0.30168319927546305 0.29841921387602255 -0.056326266103116 -0.9527713915397007,11.993957263111808 107.84092003934944 748.5379179955214,0.69
10,54,22,0.0,0.6696544371544116 -0.7414553290032246 0.04250799797836387 -0.7053141050661718 -0.6528509673368039 -0.27625645267052945 0.23258320660381693 0.15501486877109336 -0.9601434489000937,-58.632124222490866 93.83791061620755 740.1137309446126,0.69
10,60,22,0.0,0.9429820536734287 -0.32261758013311403 0.08187028422387196 -0.28938100696812574 -0.9161878177854414 -0.2772336836455201 0.16444901719365007 0.23773468306203133 -0.9573080701704327,-91.233642308545 59.183382328079695 749.7569232220221,0.69
10,65,22,0.0,0.993886843623069 0.0976753663890781 0.05146323808052243 0.10868241280743356 -0.9475830345389612 -0.3004571946222762 0.019418424738577095 0.3042136016924509 -0.9524059057597128,-100.18139477423347 21.705629594016205 759.131663779127,0.69
10,71,22,0.0,0.8107051214501391 0.5840185593280854 0.04098204991046391 0.5713388782795984 -0.773938816953256 -0.2731127858215445 -0.1277853364855546 0.2448285726244839 -0.9611086711740412,-89.44668720410438 -23.329828797557813 772.5739572870789,0.69
10,80,22,0.0,0.18534051545892571 0.9824861247237492 -0.019232993909682833 0.886595442153245 -0.1756278906969343 -0.4279057909896035 -0.4237893524883706 0.062256395130586395 -0.9036186839496138,-38.756126222949796 -71.15896053929407 819.0544842358325,0.69
10,103,22,0.0,-0.9717226696011156 -0.23411670895916525 -0.030731416651540847 -0.1962519793259082 0.8731358760058929 -0.4462274113521996 0.1313019953920898 -0.4275781900630005 -0.8943917918834587,87.51662308437038 18.520061309184204 767.5579632635126,0.69
10,129,22,0.0,0.8196022886906684 -0.5718083152073603 0.03587950714180638 -0.4932261176437589 -0.7360575985030371 -0.4636239948061433 0.2915134392220773 0.3622905772245008 -0.8853052876873911,-73.99485445559027 68.10594838741501 733.9595282562026,0.69
10,136,22,0.0,0.9981816976861229 -0.03117705416529308 0.051587689403814516 -0.004332074423605043 -0.8907382545365808 -0.4544959791200728 0.06012097417406344 0.4534460863197517 -0.8892536844262507,-99.64851329540764 22.624750397084725 760.5122847266927,0.69
10,145,22,0.0,0.6845067154880307 0.7288226885255483 -0.01637208423446951 0.5845221816777967 -0.5621240779015384 -0.5851071185432409 -0.43564248596574895 0.3909399055273547 -0.8107907342143503,-79.38521997197262 -46.810366290557745 803.8049937388621,0.69
10,160,22,0.0,-0.5443809406705916 0.8344702319971677 -0.085491656582351 0.6767160320358077 0.37665711262859647 -0.6326016372821052 -0.49568619450244256 -0.4022298489879653 -0.769744337532148,31.50434554679965 -66.98573289222655 824.1566683815456,0.69
10,168,22,0.0,-0.9495915562119782 0.31209722171290116 -0.029516106958768967 0.27860958352455595 0.7970250634366819 -0.5358430257286427 -0.14371004258292727 -0.5170554829540458 -0.8438015472893917,80.1123185897041 -34.25163232069892 807.743437458125,0.69
10,176,22,0.0,-0.9224642774595045 -0.3832036332875463 -0.04705987937020177 -0.28852748641219356 0.7652284489565986 -0.5754800695872448 0.2565376120489463 -0.5172817378785979 -0.8164606893546816,86.89118977031303 17.64607518988343 764.1858786596669,0.69
10,185,22,0.0,-0.3943021578492427 -0.9189605290613914 0.006111819912168248 -0.7231822780070449 0.30618140487816736 -0.6190802371933491 0.5670389766955817 -0.24852463325400923 -0.7853039574419499,43.495049228634436 64.67379410872073 729.4520506044357,0.69
10,196,22,0.0,0.526776995751124 -0.8497228738697727 0.021841116498781787 -0.6515776113930317 -0.42017304363490526 -0.631586280514334 0.5458503577710381 0.3184739408885347 -0.7749978941236909,-43.87861736589877 68.29541984538889 714.6983309207045,0.69
10,208,22,0.0,0.9992748469527923 0.024271688685935575 0.029337098967119488 0.037203565759099 -0.7863858252392811 -0.6166143272399233 0.008104007791329701 0.6172586321721777 -0.7867185685279395,-100.55516777038501 8.063235687386339 767.8008517222112,0.69
10,212,22,0.0,0.9367758659508187 0.3470424133464963 0.04486134539592691 0.29986820493839994 -0.7300571400438768 -0.6140811281402295 -0.18036085118205336 0.5887088716926175 -0.7879668950858851,-97.92844233322646 -17.394081781236093 779.5932530604655,0.69
10,217,22,0.0,0.7178642664845192 0.6960959845539754 -0.011012501644718342 0.4710224328287098 -0.49727888309291934 -0.7285956218657796 -0.5126487712623203 0.5178456263382847 -0.684855564776649,-82.07435011261596 -46.18449640882621 813.946177092624,0.69
10,230,22,0.0,-0.33486001939904964 0.9418025025824699 -0.029611037426360565 0.6415746571284178 0.20487243435181846 -0.7391949979358041 -0.6901092136311624 -0.266524542532498 -0.6728402050184139,12.046106374252732 -71.12315074019594 855.8047171899451,0.69
10,244,22,0.0,-0.03740322014039754 -0.9825707400699694 -0.18208717659813695 -0.7123260452104737 -0.10157923654093992 0.6944589721636301 -0.7008513426097824 0.15568044020400246 -0.6961113388675357,69.64451949601907 30.860939838496936 714.2450566823433,0.69
10,252,22,0.0,-0.7765444894296977 -0.6300291918098608 -0.00647096621715515 -0.42562182820086386 0.5321189380843533 -0.7319122181593459 0.46456938695454775 -0.5656082152863352 -0.681368205528613,76.40909037546714 24.914279516759333 749.1159853214608,0.69
10,269,22,0.0,0.5831231021255869 -0.8123472158937319 0.0077102916374874875 -0.5265231031104278 -0.3851450864970191 -0.7579160139739558 0.6186605447726552 0.4378986905402964 -0.6523065745220535,-46.65091983355893 47.985920223345225 705.5077313027572,0.69
10,280,22,0.0,0.9982535360459541 -0.03231238213303129 0.04945490605226849 0.01552112903319531 -0.66428368932721 -0.747319392661107 0.056999757238822016 0.7467818222578264 -0.6626220171560825,-99.57731506242091 0.4291833825514792 763.5942559624696,0.69
10,287,22,0.0,0.8373723261092687 0.5465846180291987 0.007269305347028576 0.3863778366602629 -0.5824224933164892 -0.7151896298302566 -0.38667784369431946 0.6016887024141963 -0.6988926602726862,-91.06172575065352 -37.11356389192042 807.2793099248237,0.69
10,301,22,0.0,-0.254478445934042 0.96682716970701 0.022044148233205052 0.5213664436024642 0.15635581686379085 -0.838886100742035 -0.8145046052910405 -0.20198535206590967 -0.5438604283366248,3.454399613680416 -68.06800260209113 885.6386183900045,0.69
10,310,22,0.0,-0.03608374972805761 -0.9587406459162198 0.2819828662768589 -0.8201209860830041 0.18964564485033353 0.5398482171643642 -0.5710512509327024 -0.21178031839019232 -0.7931264499124617,99.19650934682801 -14.341340921352339 756.3228110692888,0.69
10,315,22,0.0,-0.009641844577823466 -0.9973999699052309 -0.0714166287791693 -0.8541077011295841 -0.02892605954583638 0.5192911687582293 -0.5200067977481392 0.06600441736880427 -0.8516080948320833,77.90342545810813 7.000282357334099 750.5325823816509,0.69
10,325,22,0.0,-0.7288766318948402 -0.6842160742548804 0.024232606316151484 -0.3773443722513583 0.37193780284481126 -0.848099932522814 0.5712705840561563 -0.6273042599458523 -0.5292818580358903,71.689093993474 14.967070588595318 746.3654734078335,0.69
10,342,22,0.0,0.6499118279701507 -0.7599203220412956 0.011649893267776934 -0.3974438111967522 -0.3528942958933605 -0.8470560978278414 0.6478063235303415 0.5458815989521746 -0.5313758059222491,-52.77949205568791 26.22613530090114 702.5546163306601,0.69
10,346,22,0.0,0.8530696262256129 -0.5207960932122848 0.0323054500992338 -0.25449714687824804 -0.46931986263563075 -0.8455590273697656 0.455525427437508 0.7130990785511463 -0.5329036396266982,-78.74460375657846 14.514920177018166 727.0995621068165,0.69
10,355,22,0.0,0.9685824728564136 0.23932258245291443 0.06762170364183157 0.18938552796209573 -0.5335750617645849 -0.8242759096694735 -0.1611865846585068 0.8111857709495328 -0.5621356864095524,-101.99904596529517 -23.508884062613287 795.3868597402228,0.69
10,366,22,0.0,-0.1032895057955322 -0.9772286455798688 -0.18535223832112274 -0.021759193470675564 -0.18408435841116 0.9826695713656028 -0.9944133021495745 0.10553256960051277 -0.00224972475928209,60.03904948239208 25.131971941436614 801.619286652724,0.69
10,374,22,0.0,-0.20174143035937597 0.9766936988406334 0.07327901419611876 0.4018766474623196 0.15077444486944513 -0.9031955640938218 -0.8931940189572474 -0.152762840440051 -0.4229278414572491,5.6755421569828375 -59.96341702992378 887.5880062737234,0.69
10,382,22,0.0,-0.03920573360225488 -0.9743701351398028 0.2215079009885465 -0.9090213144721285 0.12682430414020163 0.3969834325443792 -0.41490138622095857 -0.18579137662172684 -0.8906954609095808,102.83646669173496 -27.035821991743976 771.335592772297,0.69
10,395,22,0.0,-0.018585884396725705 -0.7446146393667414 -0.667235793211013 -0.9250323232412558 -0.24045284013190726 0.29410479872213036 -0.37943348015176126 0.6226808737332772 -0.6843235810833102,16.32402915631267 1.6373857655109343 688.4137210838167,0.69
10,415,22,0.0,0.6598553472258064 -0.7509897803343326 0.02460224727340271 -0.27972002213291547 -0.2759006863295328 -0.9195844281526597 0.6973862846052195 0.599910960990282 -0.3921214211545249,-57.04567402950071 5.695500813962624 711.2598677666316,0.69
10,417,22,0.0,0.7855644169565719 -0.6185424407520624 0.017140472576987864 -0.23173395184697743 -0.3197666793787468 -0.9187212016278238 0.5737490064244677 0.7177426556556125 -0.39453460922885464,-69.99808118010554 1.8214790147099655 722.9781129209434,0.69
10,431,22,0.0,0.0593063818795946 0.9685750004170415 0.24154755563962926 -0.926330356057774 0.14357509112776135 -0.348279004037758 -0.37201454879376605 -0.2030976656064346 0.9057353441877973,-37.16459240204669 -82.42778021555381 920.4939788754198,0.69
10,441,22,0.0,-0.2748758641989122 -0.7883778439656886 0.550366818063111 -0.8029496065066224 -0.12664331883999713 -0.5824374637710479 0.5288810723515839 -0.6020148211939662 -0.5982164878796268,27.302301375204866 -40.8288446624608 1073.2818914268005,0.69
10,450,22,0.0,-0.02354007592229912 -0.838196772080147 0.5448596480746162 -0.9805892366629229 0.12547746658690773 0.15066570386042613 -0.19465511492482948 -0.5307368242861557 -0.8248804819973908,107.82120741831625 -46.400218316486395 831.3279420104989,0.69
10,457,22,0.0,-0.061529276613475736 -0.9980981597593414 -0.003769828171045861 -0.9832330315861088 0.05996244281298224 0.17221298165321425 -0.17165941196862122 0.014302759765748227 -0.9850525251709528,94.69378126115413 -32.42961353921896 762.2477863798587,0.69
10,465,22,0.0,-0.0058909753245279806 -0.8862711087984213 -0.4631293751414847 -0.9758324117456537 -0.09607488167067701 0.1962669643588192 -0.21844084003772363 0.4530928589386306 -0.8642860988020297,37.47162047130909 -24.893210905460318 747.5031342252555,0.69
10,475,22,0.0,-0.32059189886597944 -0.9468724744492955 0.025560741612366156 -0.2010565443668738 0.04165393490993463 -0.978693627073238 0.9256333509272217 -0.3189004026914792 -0.203728821756902,38.28612426409084 -9.964714790871543 710.6193741349049,0.69
10,482,22,0.0,0.27027059817287535 -0.9621019199575653 0.03624499106418139 -0.28307297841477874 -0.11538934692813735 -0.952131812044364 0.9202301302688705 0.24707325680749914 -0.30353140383801025,-16.16520428819105 -11.553052478466409 671.0254089829111,0.69
10,496,22,0.0,0.9945103543678202 -0.09430770821972163 0.04533443752311146 0.02377729318530232 -0.2182404271359872 -0.9756053281385265 0.10190090963270752 0.9713275308225572 -0.21479998250042076,-93.68098821317908 -26.042170110027325 746.7680892387576,0.69
14,2,22,290.312055146352,0.40238114283938703 -0.9025531961120158 -0.15325516002814965 0.8495246025876596 0.30573829165009325 0.4299209771773893 -0.3411705812134856 -0.30318612304468606 0.8897644684452086,18.969580599481233 116.78354036966032 720.0471209384012,0.69
14,2,22,252.36782768520524,-0.39269281317721566 0.8958635901823595 0.20789608525544157 -0.8462378104100494 -0.44049784752456544 0.2997385770277662 0.36010265579605183 -0.058224342948616795 0.9310939819249353,-10.059968475059327 125.80289513176938 695.3011693331742,0.69
14,7,22,391.457077491381,-0.03417213087543354 -0.9884427215487694 -0.14769309966513058 0.9008317099537628 -0.09446263135014699 0.42376767410951266 -0.43282155192782645 -0.11856558309926271 0.893648536445464,-28.327883298507622 112.87788461411715 675.9379344561801,0.69
14,7,22,103.96084821691083,-0.02409027776980943 0.29487647066107425 -0.955231660681032 -0.9974651111151556 0.05690518652220289 0.042721796016832625 0.06695528825271363 0.9538394344947907 0.29275812982333066,-84.5731275856748 109.78315311367481 691.1073550718414,0.69
14,12,22,444.20154706603233,-0.4827144831109522 -0.8664398004823969 -0.12754920593618163 0.8428016721404136 -0.4991744335250962 0.20127152394768147 -0.23805896167178642 -0.010342004395837184 0.9711956413168396,-70.96637128364608 92.89704981696168 689.1173439893969,0.69
14,12,22,47.59526082237364,0.5418492792532189 0.09126363479367483 -0.8355060188514587 -0.8386526988383056 0.12414770403376434 -0.5303291414908021 0.055326388857340036 0.9880578406891934 0.143807837577146,-118.76257421441474 62.220458582039356 663.63514258323,0.69
14,20,22,334.8346523144178,-0.9237830353398242 -0.374866772273504 -0.07810125903969808 0.36340741934408166 -0.9225611279696302 0.12967656968426605 -0.12066462275255307 0.0914104381602472 0.9884756853920763,-118.41027808321222 32.1413777046249 728.3625315201359,0.69
14,20,22,95.52355983938112,0.7602845788601225 -0.6215758551529792 0.18870828131888948 -0.4887500069838889 -0.7387239673907124 -0.46412318480741105 0.42789109574836337 0.2606345262879964 -0.8654356439885618,-95.6103669062701 38.32415910311246 576.3961979148296,0.69
14,28,22,300.14206338711534,-0.9488333025828387 0.31493698290981914 -0.02302304726580838 -0.31053549318442547 -0.9173699367846868 0.24899820593001337 0.057298092310730755 0.24340726340707247 0.96823025811954,-110.11093072459552 -41.642487917635094 742.2048158408207,0.69
14,28,22,96.10399775062191,0.9960268043280691 0.08871551792869231 -0.007756412744145794 0.07165808210919539 -0.8501296908009008 -0.5216748298386614 -0.052874609487404134 0.5190463040012986 -0.8531091430609251,-110.04896695264371 -25.426623117602176 744.2103946872753,0.69
14,34,22,234.27843627853034,0.7276028581736059 0.6400090316666728 -0.2469463912728545 0.6388654388478437 -0.7633148413131888 -0.09592394944315592 -0.2498900394640607 -0.08797097485028278 -0.9642697111081221,-68.57730692727593 -75.10678307209075 733.9641661009775,0.69
14,34,22,148.46152854558633,-0.7014977493476593 0.6758023461039597 -0.22625670522782787 -0.6908385102526573 -0.7228084182196344 -0.017033593358973823 -0.1750515935718877 0.1443578177696439 0.9739187645983252,-75.14501622063595 -86.6513967269197 748.5584506439207,0.69
14,40,22,268.2782126027533,-0.2608073680508223 0.9501388531694577 0.17092593854716998 -0.8995737822662981 -0.30344177548059753 0.3141498036801704 0.35035200446052805 -0.07182790955478677 0.9338598526435751,-14.205989083702258 -92.00177733708881 722.5721350273442,0.69
14,40,22,134.3068512890795,0.2705881506426977 0.942699244658305 -0.1951926915958315 0.8409018079260803 -0.3301574163460229 -0.42881258127341404 -0.4686856112133313 -0.04810628391779781 -0.8820541838737608,-15.350442470487911 -89.35279422390883 737.9415807539594,0.69
14,54,22,377.48500985145535,-0.8397682925346112 -0.46788607019187833 -0.2754484346913309 0.4483903689190186 -0.8837216033174411 0.13409774379428477 -0.3061621987022077 -0.01089739191054178 0.9519169895192428,105.9522209670744 -4.883973032432313 702.3623325490246,0.69
14,54,22,75.04431254078293,0.6623718846184864 -0.5349262256914391 -0.5245163672703327 -0.503331781110915 -0.8363234440920457 0.2173021283506741 -0.5549059421115158 0.12007093707275926 -0.8232025057540827,97.87494975267371 -7.319183085276418 654.6090902201271,0.69
14,65,22,436.1588251864059,-0.9246856197155238 0.35362932151690774 -0.14107731091429698 -0.36651352067289744 -0.9271050228678827 0.07838441003860533 -0.10307445782188362 0.12418767868284744 0.9868906102542931,69.07572132977053 89.75110351386947 676.7120331368997,0.69
14,65,22,58.79191553379859,-0.9109797224457283 -0.1279577533720067 -0.39210044458619603 -0.3895477704801423 0.5793101841828723 0.7159973777996379 0.13553036488792575 0.8050009464926086 -0.5775854883386097,89.02382710401652 74.47501915936986 739.722135309269,0.69
14,74,22,286.6364661729034,-0.40435793277282467 0.8554241498117581 0.323642064822419 -0.7252477584008279 -0.5154915842725238 0.45638154594459446 0.5572345566619701 -0.050179183562852586 0.8288375585111376,-4.24873288822651 98.55415309926062 645.2841356196785,0.69
14,74,22,90.28802464648268,0.44010613430225554 -0.7096196045344718 -0.5502241428816669 0.7968723082238536 0.026218087302026825 0.6035786082062641 -0.4138853886470417 -0.7040970307837998 0.5770149532775768,18.06353211948076 95.01682208134896 724.43421138854,0.69
14,80,22,277.9372061009828,-0.07753733257943013 -0.9806407039016721 -0.17981037764183727 0.8601272048290646 -0.1569964745811826 0.48531772941241347 -0.5041519151698299 -0.11702955532818779 0.8556488354519509,-34.99778504368501 88.12446940107398 682.720145193086,0.69
14,80,22,78.91608013696168,0.15114062702961836 0.9543880323424812 0.25748785327184154 -0.7263162619464048 -0.06947360697240215 0.6838407018936836 0.6705379918343894 -0.2903737275575939 0.6826872635775572,-87.25567590923016 122.6935503691808 889.5516351302216,0.69
14,96,22,338.3863398974259,0.9929810862424302 -0.03388012801513525 0.11331680939067035 -0.09857518291231081 -0.7665054271520848 0.6346277361258366 0.06535668044360834 -0.6413435639905323 -0.7644651314803795,-115.27323006118478 -14.898051417856724 723.8156009431133,0.69
14,96,22,249.61269214559744,0.9937371511949776 -0.08888645054947031 0.06771759921620808 -0.09541013213949837 -0.990389531046788 0.100127336317546 0.05816683780311492 -0.10596119903832757 -0.9926675391481007,-117.81521543110443 -4.403594668057037 739.437896788686,0.69
14,114,22,189.30110568994422,-0.12605761509274704 0.9795712859995461 0.1566830345708314 -0.8156755394317493 -0.19224099109393988 0.5456343241731999 0.5646086184693373 -0.05902115712534983 0.8232457779799004,-1.4720667125017879 -95.59796196305037 714.708303603898,0.69
14,114,22,96.16345144966189,0.17200438241218907 0.9038919174863452 -0.3916553254251238 0.724139551126553 -0.3855622278718909 -0.5718073792219706 -0.6678595682665898 -0.18525973642786578 -0.7208622802820537,1.2010788649807913 -98.10581750760014 803.273834095062,0.69
14,132,22,382.8771819311222,-0.9979604253120127 0.008852851345793711 -0.06321879889808144 -0.014069478866828702 -0.9964871880374229 0.08255503522914671 -0.0622658756903221 0.08327611362401029 0.9945793329967189,107.93870104890398 37.16708646571437 721.2763438586015,0.69
14,132,22,159.54613351787128,-0.9994507610350037 -0.005242467334134219 0.03272144255381141 0.00018721208024799832 -0.9882849489209994 -0.15261986989856405 0.03313821386539797 -0.1525299192698539 0.9877431257717476,107.34424428036579 27.67153595860499 716.7820721582681,0.69
14,143,22,367.6839688929532,-0.6960506905694122 0.6797343762946508 0.23124578664521925 -0.628014096742165 -0.7324894421034676 0.2627879591991864 0.34801110679253733 0.03768812664849144 0.9367325523642062,23.991007866247116 101.32568701730511 688.0341227441218,0.69
14,143,22,49.30759159115349,0.5064511271099276 0.6200287245634776 0.5992258643994529 0.6769767947379264 -0.7163307146362937 0.16903469068513896 0.5340502553462995 0.3200541953870382 -0.782531556411438,30.498083568655545 77.47256614413735 494.2173962755893,0.69
14,147,22,233.08819559577512,-0.2869171667346101 0.8802544403513745 0.37792943742803664 -0.6706720875118611 -0.4662794976771042 0.5768729332170731 0.6840157092241861 -0.08795197716751804 0.7241456754319934,-19.21623828068106 72.03488708081463 639.2221913484739,0.69
14,147,22,147.46027474825118,0.2936329340204815 0.9221683444336036 0.2517642639119181 0.8427674829051149 -0.37403257213651353 0.38709508488060185 0.4511348687657606 0.09851486946410787 -0.8870017760287573,-20.643481418650364 63.119540394212066 587.2762948920912,0.69
14,157,22,331.7013962577562,0.5241956350740672 -0.19939110204253974 0.8279264004702092 -0.7100620387523947 -0.6390570508667797 0.29566532914808763 0.47013916800463273 -0.7428655828369731 -0.4765709690530845,-89.15001413560535 42.79732232164413 698.369083123735,0.69
14,157,22,129.50043988467812,0.29190267482082555 -0.16743505149475243 0.9416784652753811 -0.6295164097777243 -0.7748667992662506 0.057363169503090616 0.7200707730862377 -0.6095465092393079 -0.331588803823595,-76.14730148026915 39.37744202470074 618.65541099323,0.69
14,166,22,424.2387581027038,0.9891423490305093 -0.10450054432120273 0.10332980978874406 -0.13361902962850195 -0.9322268343672026 0.3363020728554045 0.06118307180538751 -0.346457451243694 -0.9360683021030998,-118.25128783585004 -9.784630434063036 751.5948242552745,0.69
14,166,22,173.22945297150036,0.9865389820609378 0.16315091891961692 -0.011073144533204356 -0.13577859339964987 0.854996589357622 0.5005447090532937 0.09113183005175088 -0.4923033717561952 0.8656398672132081,-134.21828063610565 -85.34888973041157 773.9879638162172,0.69
14,173,22,312.69045045897155,0.924383766217667 0.009923433005643176 -0.38133473252593203 0.25975779650213093 -0.7484568713717831 0.6101952137248535 -0.2793573695279921 -0.6631092196416398 -0.6944390707014232,-89.47741919293198 -66.72136449864973 743.6085948538926,0.69
14,173,22,80.79026996667848,0.27889843342927034 -0.9503849637494987 0.13778274387441405 -0.896172114689833 -0.3091342331536203 -0.31829477963811403 0.34509593547744244 -0.03470513753591639 -0.9379255560787124,-80.77778398648526 -54.93703251155289 773.1541604495079,0.69
14,181,22,310.27156470762066,0.5318044331107709 0.09601573834507299 -0.8414065740851929 0.6532694892868607 -0.6787639048336701 0.33543782711827896 -0.5389091011391577 -0.7280525664297866 -0.4236938059783103,-30.325962877728628 -102.3632555890224 800.5277371525763,0.69
14,181,22,47.384415836523296,-0.8838939388973345 0.451376989599223 0.1224349543263611 -0.46142886995272303 -0.8843368614215146 -0.07093457200334678 0.07625550966788065 -0.11919366086956083 0.9899383659873998,-33.19819527251419 -78.83382986851757 677.9720015897827,0.69
14,194,22,241.2165499421948,-0.5997401590639924 -0.5373581866124454 -0.5929231998214284 0.5399668439011501 -0.818613574460373 0.19572333329637118 -0.5905485154441827 -0.20277572583964734 0.7811110394283745,93.24402145842309 -58.685174753374284 744.1604879350108,0.69
14,194,22,59.14396534730028,-0.43607098454739945 -0.275568556387381 -0.8566820105304164 0.26252397833979246 -0.949508739248597 0.17179730756676032 -0.8607689917931 -0.1499837485233474 0.4863965644886641,91.2668451379697 -61.04702382480344 733.7401452908665,0.69
14,217,22,202.7344243851237,0.43995675882862495 -0.8462887591390502 -0.30038872568040575 0.5775008287321657 0.010470636719909582 0.8163229499287288 -0.6876996751305569 -0.5326215372302987 0.49333908714368124,30.723485519086328 34.648755584803304 644.4661390889497,0.69
14,217,22,127.2720657038877,-0.8114423086308843 0.5839904849593305 -0.0227264876465062 0.4322417099534324 0.5735097306584684 -0.6958833903870559 -0.3933554168183191 -0.5744925607151209 -0.7177951056831395,2.307363792369222 63.92449192027782 762.0689929269138,0.69
14,225,22,261.0985208079677,0.217301421157583 -0.08255595103067792 0.9726071186827263 -0.6433361303977406 -0.761486647621817 0.07909936041807197 0.7340972113335915 -0.6429017035621442 -0.21858335679812635,-59.517197372509195 39.502098963388974 668.0558711241079,0.69
14,225,22,91.90035983506773,-0.9284621693950561 0.08165075054224684 0.362341213413702 -0.28102414951094673 0.4834491327854785 -0.829037009668819 -0.2428650394640513 -0.8715561318382518 -0.4259183978900988,-77.53296044811066 62.844376855167 840.7114142139039,0.69
14,239,22,374.296266875894,0.9978321549380628 -0.06550449617013526 0.006336525322240004 -0.06471063008062414 -0.9590728122924934 0.2756662385493306 -0.011980188906326902 -0.27547867740147247 -0.9612325282526097,-115.1769864418946 -31.321369255288513 753.569203126007,0.69
14,239,22,62.246952146156836,0.004091161506166063 0.025380426537343646 0.9996694935559017 -0.13256214491383433 -0.9908414853501419 0.02569880629461402 0.9911662525194117 -0.13262347023776377 -0.0006892087629585264,-91.34423908502548 -21.90909838017925 596.8722246380919,0.69
14,249,22,280.54248002116486,0.7540258652678475 0.14540998374176944 -0.6405473683774623 0.47719604816745537 -0.7913889390318236 0.38208307838930544 -0.45136340804327246 -0.593767196640487 -0.6661167991225408,-68.10330171544265 -93.25200574104025 805.8028928355175,0.69
14,249,22,52.65223580747229,-0.7062503353106243 0.027618909378287825 -0.7074232535889562 -0.06931294109051873 -0.997135671393112 0.030268284272319746 -0.7045609839261702 0.07041057221867754 0.7061417501102921,-49.83576176713941 -73.48555458316994 684.849396164212,0.69
14,253,22,256.88087101607823,0.4776034343188086 0.19565166964356204 -0.8565135046761173 0.6079592179435431 -0.777384051902171 0.16142993887639936 -0.6342559017024235 -0.5978247736702195 -0.49022952903899664,-31.4260843423265 -99.14162432707825 802.5152996342485,0.69
14,253,22,85.77126946430468,-0.51860442102718 0.3173755056942795 -0.7939283612999123 -0.3223489446500428 -0.932612120989979 -0.16225224086457568 -0.7919220999404343 0.17177723995882876 0.5859624283672633,-34.51358346908788 -96.0471499203562 795.5609447997249,0.69
14,263,22,169.4928382036645,-0.29842343681881656 0.12877001143197914 -0.9457070035233183 0.6230174256830112 -0.7243551071189043 -0.295226973845674 -0.7230440786373672 -0.6772945909621371 0.13593857951616128,62.733197701364496 -88.00314666889884 819.960658747896,0.69
14,263,22,86.90576378248649,0.40630281010468944 0.7850254751758463 0.46760349637911114 -0.5807034467048575 -0.17326815633307657 0.7954631688431811 0.7054796478185119 -0.5947378828743576 0.385467660365945,59.23883058005037 -101.10731217673074 854.3784807319498,0.69
14,282,22,310.9783292455957,0.905403753317992 -0.39767144977683233 -0.14866560298228032 0.3168958054261395 0.3999988949394328 0.8599871699918267 -0.28252626777170825 -0.8257471175121502 0.4881809151732215,85.56800972909684 6.771089228203318 703.4912772595595,0.69
14,282,22,130.9778125612986,-0.8784160153840559 0.4710558667455432 0.08057092727158474 -0.45509644054766346 -0.8759868988583607 0.1597941889724377 0.14585106690609081 0.1036982325457727 0.9838567694787888,73.53775968653909 46.982133810857995 778.3353952623728,0.69
