scene_id,im_id,obj_id,score,R,t,time
8,1,24,0.0,-0.1830695847086976 -0.9823792935680049 0.03763576388772473 -0.9521289825781292 0.1676388754507675 -0.255631782007517 0.244818152287206 -0.08263250574943051 -0.9660413766005309,-104.4941746016338 -34.804352469714225 729.6437065250375,0.69
8,12,24,0.0,0.6964351930039866 -0.7173431686520617 0.019919847733345028 -0.6880905340845018 -0.6754012419192508 -0.2652632264699322 0.20373865330075425 0.17103198765772815 -0.9639702383108317,-33.730820280513754 -96.39686932851139 762.5752875099439,0.69
8,18,24,0.0,-0.9758485611377117 0.21836489395011266 -0.00602982716286574 0.2121441314660143 0.9407429313029764 -0.26457060435356977 -0.052100414681539864 -0.2594600360241222 -0.964347466682198,21.231242191250427 -93.01948781872743 739.6509363586382,0.69
8,25,24,0.0,-0.9125551013170009 -0.39809899620762773 -0.0935968817792423 -0.36466559258810866 0.8957207713846702 -0.2543684439792288 0.18510049336152995 -0.19799365880888645 -0.9625675656434661,73.42768384948747 -60.716140837075685 726.8403234234933,0.69
8,34,24,0.0,-0.6522912568555629 0.7573742929359927 0.030004943417629215 -0.7031718114311577 -0.6194380808034997 0.3490642743952769 0.28295851257457205 0.20659294385380644 0.9366182977667064,-20.910495182436183 -35.982667065577076 657.569293322757,0.69
8,46,24,0.0,-0.6295017456185162 0.7763217587065141 -0.032435770717922 0.7443914552408981 0.5905919223428009 -0.311580716071731 -0.22273058529887332 -0.220285515234796 -0.9496659297617039,35.02246244495881 90.78114259770514 689.8035604695044,0.69
8,52,24,0.0,-0.9296904704583255 0.36753778169470724 0.024322996647434418 0.34147910679208754 0.8847633878557342 -0.3171525928232701 -0.1380856573415771 -0.2865479480592709 -0.9480625637053527,-18.84189449555561 100.78614673427263 700.2262221279555,0.69
8,58,24,0.0,-0.9790857423405789 -0.20259119860207586 0.01865249029947145 -0.19959208360358366 0.9387184260400744 -0.28101728910447193 0.03942219309193343 -0.27886291051665607 -0.9595214264569614,-67.54970144161749 80.03276770197976 692.3379321101578,0.69
8,68,24,0.0,0.610205882056654 0.792238415733444 -0.002659725479003519 0.7636575653618486 -0.5890791020890767 -0.26422137375227844 -0.2108931112413941 0.15919831694490322 -0.9644583928365366,-111.00434424879504 6.977019240769585 725.4276327530441,0.69
8,84,24,0.0,-0.7099110433376262 0.7040442010662527 0.01865672780164812 0.6246880632081424 0.6416852462927158 -0.4449773796222856 -0.3252554907031435 -0.30423972067308663 -0.8953474510670254,-37.17497551808109 -99.94094791033791 776.5810333008882,0.69
8,92,24,0.0,-0.9951863649729041 0.0936697887912303 -0.028810929173216163 0.09720888165456361 0.9062331731631212 -0.4114509316870841 -0.012431102102662468 -0.412271035274741 -0.9109764328312816,33.24279046059914 -94.8198387484301 756.6679119929006,0.69
8,100,24,0.0,-0.8076401865339367 -0.5869871229075284 -0.05624452538843419 -0.5017815724666271 0.734223979905717 -0.4573077747691686 0.30972985427360256 -0.3411176701259432 -0.8875281136389434,87.21376987548065 -52.493288549723914 756.5333843725738,0.69
8,115,24,0.0,0.08238256665328011 0.9966007544285636 -0.00022132337380637024 -0.8457438805469466 0.07002967390480473 0.5289736602990539 0.527191048130571 -0.04339102493839764 0.848638213684598,11.84267250743713 -44.174592575817016 714.0129120535727,0.69
8,127,24,0.0,0.9839506226535267 -0.17584704367133575 0.030314838145493905 -0.14114616930963408 -0.8709282595196408 -0.4707034370591585 0.10917385707646432 0.45887011670203637 -0.8817705398395362,-41.04356265437372 77.20686033287018 699.8320959613824,0.69
8,136,24,0.0,-0.8462942986092415 -0.5306030488504211 0.04739582990231847 -0.4918301169409428 0.7440610853197787 -0.4521904879391108 0.20466825892490106 -0.4059969283915708 -0.8906612138884568,-101.44880292499751 30.603634441082896 715.958873384946,0.69
8,144,24,0.0,0.33444423345960184 0.9418359775988168 0.03304611938035812 0.7640700116742267 -0.25045960822921054 -0.5945309091256886 -0.551673881895606 0.2240869829913191 -0.8033933980859448,-112.12157760718264 -44.87253751810574 772.3030265881727,0.69
8,155,24,0.0,-0.6462984501044988 0.7627462987891599 0.022724371849631303 0.6121432132033809 0.5360080859664584 -0.5813570489016319 -0.45560838438461926 -0.3618195896603883 -0.8133311654033831,-45.27826097159905 -100.27079844786637 794.3038657301531,0.69
8,165,24,0.0,-0.9985879392977877 0.047032979459498 -0.024698711143705438 0.052970802030699246 0.8463047717089052 -0.5300587962810933 -0.0040276073818370645 -0.5306186316234095 -0.8476011126425437,41.301358539817954 -96.60084940440585 784.6092547826536,0.69
8,172,24,0.0,-0.8284758326287521 -0.5568904455671049 -0.05916778165663392 -0.4164905110842064 0.6833189587072988 -0.5996756246905397 0.3743840927802786 -0.4721739428507718 -0.7980528295581965,89.15417218092026 -60.65520115163938 781.4107650476022,0.69
8,178,24,0.0,-0.48089013034917566 -0.8760936819853373 -0.034706525584208836 -0.6835749312889239 0.39941670278556574 -0.6108941077218293 0.5490628341511523 -0.27004843625039093 -0.7909512287319761,98.0544707994573 -17.227418917398722 739.2186487389566,0.69
8,194,24,0.0,0.8191842815607526 -0.5733975167884702 0.012345063167445575 -0.4590009640578809 -0.6683538137808863 -0.5853386153317411 0.3438825785609503 0.47383379717508556 -0.8106949517647878,3.6820984785168442 58.552027608876735 671.5583857570402,0.69
8,207,24,0.0,-0.8781849291428061 -0.47471979550515553 0.05858622689666851 -0.41399275045041795 0.6930062717262829 -0.5902137832366631 0.23958554380626265 -0.5425711226222606 -0.8051182174659055,-96.38714889505646 19.75260654345741 701.6805916002825,0.69
8,216,24,0.0,0.42266469905096027 0.904602900748101 0.05521000031048079 0.6666962942625817 -0.26908456755516585 -0.6950608223171486 -0.6138978770061865 0.3305859759000238 -0.7168279494729025,-113.88988758158652 -51.00759252502893 781.3830084475742,0.69
8,228,24,0.0,-0.6273494656211289 0.7782984250821403 0.02615739856224142 0.5110954029828656 0.4368478671685456 -0.7402333618529194 -0.587549263495978 -0.4510160778342086 -0.6718410232342029,-42.14207855093051 -102.20383928256105 833.4075772126242,0.69
8,238,24,0.0,-0.987622935571303 -0.15426431685061426 0.02834532907085878 -0.13402239162006374 0.7361268581792781 -0.6634419697392855 0.08147966419886776 -0.659029414528455 -0.7476906413138535,53.30430148049079 -109.85011748299175 927.2876681353077,0.69
8,263,24,0.0,0.5679304114340844 -0.8230153741701152 0.010037013895396962 -0.51906037677049 -0.36759372074623214 -0.7716548332867604 0.6387733346306717 0.43303643073945464 -0.6359623232686396,36.85892083047855 34.427922886706114 709.1528242603481,0.69
8,272,24,0.0,-0.9907313121416992 0.1301655242816419 0.03883816976213373 0.05925855240820303 0.6714410231112223 -0.7386848965897699 -0.12222884728439229 -0.7295367631393499 -0.6729310663951313,-43.91557460679558 32.344655445257764 670.8495219546477,0.69
8,280,24,0.0,0.8459853044983159 0.5320383698948646 0.0352709162413784 0.3980641507375221 -0.5861747241091906 -0.7056515604128778 -0.35475878631896685 0.6110109375249589 -0.7076806043367051,-97.06195257506248 -0.20200029497470454 700.0802745012097,0.69
8,288,24,0.0,0.377000350002341 0.924573642759487 0.0550846186567987 0.5944420428222191 -0.19592169404020476 -0.7799059863405097 -0.7102882469979771 0.3267694430617235 -0.6234679921677388,-112.50920389281357 -60.877153433332715 790.4224433875188,0.69
8,303,24,0.0,0.8052144529936306 -0.5915807992267856 0.04076570465925344 -0.28691677310527647 -0.4488471228797157 -0.8462948809921141 0.5189493713273226 0.6697525052351793 -0.5311526444725451,-11.493383224670858 -99.86191637386506 858.3440634515683,0.69
8,309,24,0.0,-0.24131730100779045 -0.9604597570556673 -0.13886329720586488 0.5047259895246178 -0.24643289429148474 0.8273587517573726 -0.828865269952066 0.12956806584838254 0.544237522208455,-65.44414915883574 -39.0393195390106 768.0555155804476,0.69
8,319,24,0.0,-0.6832481225655576 -0.7301647938257633 -0.0056015058708830945 -0.40688926833257877 0.38709213457321834 -0.82740606878807 0.6063110804912111 -0.5630444504734331 -0.5615761929290184,95.78244355184144 -52.23187253791704 770.9553755016616,0.69
8,333,24,0.0,0.5441772703097595 -0.838966555541466 -0.002493423571584774 -0.42785954626161454 -0.2749627923660716 -0.8610061971246538 0.7216698047937329 0.46960683714905704 -0.5085883515691592,48.89152219034534 7.462290474323284 696.6364135550158,0.69
8,345,24,0.0,-0.9983774889009116 -0.018632811494945146 0.05380713699597886 -0.055665900195943106 0.5183016109593921 -0.8533842907109753 -0.011987377164563471 -0.8549948879453567 -0.5184978730679825,-56.66752279203322 7.472431995154971 687.0170175203547,0.69
8,360,24,0.0,0.3878492868650636 0.9196475156830132 0.06181729188765611 0.47664299272341426 -0.14271021980760545 -0.8674360210702183 -0.7889134224779859 0.36589922118054163 -0.4936936011065407,-115.90826776775222 -65.22019339285133 815.6357234042252,0.69
8,375,24,0.0,0.8126626576759852 -0.5824309648554032 -0.018803616583207727 -0.1773160829835586 -0.21641271714455215 -0.9600648637323833 0.555102163150507 0.7835430473405504 -0.2791449111660678,-15.544855458698816 -91.12254777996496 892.4310312140924,0.69
8,381,24,0.0,-0.5203903977163508 0.20711358026702653 0.8284309258070901 0.7650259165388478 0.5440865422779718 0.3445361832027185 -0.37937999550386725 0.8130644497092314 -0.4415846686995718,-181.84671792963897 -233.19359771168646 3014.3587988827085,0.69
8,389,24,0.0,-0.8076257191450942 -0.5896948921180549 -0.0007949749963842567 -0.20885550450376375 0.2873014775015458 -0.9347926183191152 0.5514708297034827 -0.7547965257175632 -0.35519308657524307,91.69757466087361 -65.0984670956644 822.4055320692721,0.69
8,410,24,0.0,0.778104904262612 -0.6279493093581716 0.015245420265320664 -0.20852551058625485 -0.2811305342272322 -0.9367404838907373 0.5925114930507362 0.7257033054917871 -0.34969249777637645,11.440247401940674 -9.151905240134925 685.5086031027347,0.69
8,417,24,0.0,0.9990348061051382 -0.029575110623304014 0.03247720773232421 0.017906898613279564 -0.4009255198850458 -0.9159356257330312 0.0401098388493763 0.9156331363250924 -0.4000089505135504,-50.05914913906081 -14.574737937253198 670.9784637141505,0.69
8,425,24,0.0,0.7621172203182989 0.6469657909577171 0.02475091563486842 0.292941887658127 -0.3104854383008008 -0.9043140179486618 -0.577375435007069 0.696443865601252 -0.42614967924050196,-99.9781833005628 -35.12190778630475 715.2345593755879,0.69
8,432,24,0.0,0.3081667014163736 0.9501769065664585 0.04687355721456454 0.2760848446899302 -0.04217300029703991 -0.9602075799422137 -0.9103902694288251 0.30884508134943844 -0.27532575806772963,-115.51133549968722 -69.54283549454662 834.7131762166971,0.69
8,441,24,0.0,0.5951092886888311 -0.3196536359136084 -0.7373374312778945 0.7492056705083334 -0.11126606576498634 0.6529247474918839 -0.2907504046333077 -0.9409789666386769 0.17327084737247597,-28.781456489104947 -78.50892704904395 1185.9655601050176,0.69
8,459,24,0.0,-0.9723364347309074 0.22779795284104093 0.05167156254864759 0.026515994609028204 -0.11213839987571772 0.9933387545561722 0.2320749011088487 0.9672295859591683 0.10299596264210309,-56.89513301740082 -67.53157974015923 937.0428114242283,0.69
8,465,24,0.0,-0.5457013844573942 -0.8361966694325584 0.054636334349770665 -0.23389907763504886 0.08938476839869791 -0.9681433698888742 0.8046746053422817 -0.5410965655113773 -0.24436302156634782,98.02502035020488 -55.44802679031002 788.7558359671592,0.69
8,471,24,0.0,0.1276870651125982 -0.9917343810754933 0.01260677578686209 -0.2101716953645763 -0.03947765900951483 -0.9768671214176003 0.9692903960478054 0.12208370829859944 -0.2134752826384158,88.54917513923904 -43.23818832273779 728.6142975066296,0.69
8,479,24,0.0,0.4983206945180997 -0.8664274054801185 0.031305533823728526 -0.21618230861187715 -0.1591415652526023 -0.9632959937901697 0.8396080602627858 0.47326262607767977 -0.26660981208466544,38.428645362619456 -34.464548722886086 676.8082628756754,0.69
8,484,24,0.0,0.8243337949321246 -0.5656386947206498 -0.022949108207544033 -0.11777675620335631 -0.13170829864453693 -0.9842670164982552 0.5537169224712363 0.8140674364589711 -0.17519069229300338,-6.370869632394612 -33.670291872516884 695.0665183112048,0.69
8,495,24,0.0,0.8813080706156033 0.4725309349014506 -0.003255799281893179 0.05181060148431735 -0.10347476456709877 -0.9932817498935621 -0.4696932469619253 0.8752185376572782 -0.11567525707522455,-91.18155807451852 -42.89237448450014 715.169438691066,0.69
10,5,24,0.0,-0.8295383000601461 -0.3245329936861105 -0.4544717205090478 0.47906387531529643 0.00467966062164038 -0.8777675684054159 0.2869913101493027 -0.9458628001912314 0.15159007590600893,18.77049956606873 97.3861668422483 730.9585984441159,0.69
10,13,24,0.0,-0.5753788851597986 -0.7812410740663531 0.24207751383372722 0.10798334304927193 -0.36595017930108653 -0.9243484537193786 0.8107272883875136 -0.5057102435794175 0.2949210290953762,-38.11943485704522 99.07768366926412 741.2483231607647,0.69
10,20,24,0.0,-0.3984083657795153 -0.5137534692429805 0.7598211282385468 -0.1678961320784322 -0.7735595276653563 -0.6110781832067421 0.9017104096715296 -0.37102968883763576 0.221935366922556,-81.27472169453102 67.15861824616927 751.300640912841,0.69
10,29,24,0.0,-0.0022589384823282765 0.05741284760038223 0.9983479664562595 0.10023306612236449 -0.9933097807738495 0.05734990736450024 0.9949614211880996 0.10019702764764199 -0.003510840061139109,-97.73023235984496 2.537106521686473 779.9366939580704,0.69
10,35,24,0.0,0.14412440641829338 0.5146056947909374 0.845227267877292 -0.0007654665133475236 -0.8540866700037324 0.5201301511957874 0.9895592804554924 -0.07561044247107834 -0.1227008209171242,-76.43260652977469 -38.173636114356746 789.6798132260058,0.69
10,45,24,0.0,0.7426625972626038 0.6629015659413132 0.09494093163498668 0.0410402579357273 -0.18656122940665204 0.9815857603443765 0.6684070345648176 -0.7250906298903839 -0.16575769843187757,-5.676227870138583 -70.30743656472009 815.1878695011561,0.69
10,54,24,0.0,0.6100998374322628 0.47047832724054206 -0.6375173189506835 0.631351423418464 0.1974749288480114 0.7499326853951307 0.47872076256687013 -0.8600312762181466 -0.17655773960373475,57.61204381095238 -42.99397653992413 795.8098743812644,0.69
10,60,24,0.0,0.26326623295664453 0.20728113216699467 -0.9421918184915354 0.8610888019375176 0.389877049429616 0.3263770235569089 0.4349907651463742 -0.8972348736956369 -0.07584599964234326,82.04543300313748 -2.9322147941433814 785.2060627152837,0.69
10,65,24,0.0,0.006634028697117267 0.12722912668254088 -0.991851167759984 -0.8876475758201048 -0.45599411052994293 -0.06442943661632888 -0.4604755919741429 0.8808417113679416 0.1099095478584946,82.55063184301868 31.75366871682942 761.4816216415493,0.69
10,71,24,0.0,-0.5463974566742895 -0.1656866424349937 -0.8209736633159961 0.8320292647652803 0.004737067719127075 -0.5547115130980895 0.09579729596400499 -0.9861670734252099 0.13526781353279116,55.33158604130489 77.72723584798723 730.3434712210013,0.69
10,80,24,0.0,-0.9495004326788057 -0.030795326483731206 -0.31225082259222503 0.3133720376588056 -0.1429107560677667 -0.9388154673915996 -0.01571287231313595 -0.9892563690302427 0.1453442189313746,-8.693340456423133 88.78365137251102 749.8535771866092,0.69
10,103,24,0.0,0.02102795292942017 0.2000818218770818 0.9795535155109935 0.17926332252057303 -0.9646464553012385 0.1931887094880044 0.9835763754759889 0.17153565468759915 -0.056151872421261406,-94.64305825210711 -16.440373127034512 791.1366768798733,0.69
10,129,24,0.0,0.5780075354066999 0.04108750334224698 -0.8149963840914717 0.8058733973870398 0.12835326892171942 0.5780082229008331 0.12835636484780577 -0.9908770132696639 0.04107783072226848,84.0914061248937 -35.27495891942105 844.0263255879054,0.69
10,136,24,0.0,0.042390418923377415 -0.1253326790110561 -0.991208742876803 0.9989108665290722 0.024677061211719253 0.03959953762471524 0.019497002683457387 -0.9918078252473433 0.12624224595790673,89.5901421174346 16.140880675313046 790.4393183894153,0.69
10,145,24,0.0,-0.6016775985312299 -0.09470534421530546 -0.7931046369822539 0.7987318610736436 -0.07555172094147777 -0.5969249128396429 -0.0033884408695057933 -0.9926342907837921 0.12110195385968126,44.69225250986345 56.0099537939024 747.012605930232,0.69
10,160,24,0.0,-0.5396961834763858 0.6509936488902598 0.5337933107913294 -0.0018779755682784005 0.6331317814672783 -0.7740417433858693 -0.841857768716776 -0.4187498255529382 -0.3404762559277747,-55.780230012546035 55.22861401100461 693.887637707517,0.69
10,168,24,0.0,-0.1851105721641969 -0.2909558469207712 0.9386579628467767 -0.03580961113928072 -0.9525339584275282 -0.3023189206656399 0.9820650425624046 -0.08957540502281162 0.1659050903134146,-92.17601639173023 17.116734808528737 750.9869760717668,0.69
10,176,24,0.0,0.07648322511561123 0.29949658479289903 0.9510268723718087 0.19426605315440412 -0.9400175492198943 0.28040632615979555 0.9779626868483915 0.16330585677192735 -0.13007759329055002,-90.41727677123478 -32.903232307272745 805.7314758351234,0.69
10,185,24,0.0,0.12173964184802288 0.8692543544569189 0.47914123894776633 0.3367389399510247 -0.4902725092696646 0.8038903861690889 0.933694996197032 0.06348018519279786 -0.3523973895540553,-41.214404773924315 -77.59000848070592 907.3925324727405,0.69
10,196,24,0.0,0.8490071184893695 0.2133081951565867 -0.48341134309552314 0.47259678234140434 0.1025989293241697 0.8752860909566 0.2363031825323758 -0.9715827672311679 -0.01370154533244745,60.43544129531554 -71.3630529283457 901.9918330055762,0.69
10,208,24,0.0,-0.022530456036678193 -0.12933883939313345 -0.9913444624222283 0.9991383197673331 -0.03748567647790274 -0.017816902971751813 -0.03485680024457388 -0.9908916634443099 0.13007196005780303,100.94648390035934 11.338422013237876 863.7122463282074,0.69
10,212,24,0.0,0.23567820017986701 0.11316004299672344 -0.9652204880901349 -0.9718310212830894 0.0269293064726549 -0.23413517148170931 -0.0005020277344506829 0.9932117685176116 0.11631909063551149,71.4593278903933 32.13569068718575 727.2969980165992,0.69
10,217,24,0.0,0.6180181054353002 -0.031142902310498988 -0.7855467783587686 -0.7782656944442617 0.1170460379844364 -0.6169300882947244 0.1111581315305023 0.9926380733317779 0.048099118150159256,51.459890064783 35.77143854744351 804.8452666507528,0.69
10,230,24,0.0,-0.5494286066740415 -0.7864381100646854 0.2822114547747971 0.4690601698487057 -0.5698289041876129 -0.6747426005625017 0.6914555395900195 -0.23834873398075815 0.6819670943528329,-41.00009737031773 45.18661841299478 708.7334632135928,0.69
10,244,24,0.0,-0.11201405673475384 -0.03913921701176925 0.9929355330460932 0.055872903123345426 -0.9978913466293402 -0.03303148526559584 0.9921346026575188 0.05177820018103806 0.11396467959688128,-96.14727964152816 -13.419559723657805 769.5395117586032,0.69
10,252,24,0.0,0.2613269755614228 0.42917860413077147 0.8645888835743157 0.26054425960054706 -0.8938306461509479 0.3649430980174604 0.9294218098544503 0.12989419447281483 -0.3454020810723879,-76.45246178212761 -52.90211324788491 850.4733237938244,0.69
10,269,24,0.0,0.12385071681698101 0.9151736756670871 -0.38355983015680045 -0.07767280536094412 0.39429080486258977 0.9156973826041945 0.9892562535820946 -0.08361760919091671 0.11991730559812552,101.72713007372711 -157.304987282004 1661.6405871634743,0.69
10,280,24,0.0,0.014598843317150834 -0.12542830787501463 -0.9919952688180583 0.9998846287886554 -0.0023315948193278757 0.015009756086329151 -0.004195579337098798 -0.9920999461995796 0.12537979847175162,119.84040484471622 -6.295693146024404 977.9904165406491,0.69
10,287,24,0.0,-0.4397706341237617 -0.11462762482919459 -0.8907650066029773 0.8979940837449878 -0.04017863172566405 -0.43816926308408866 0.014436582746077786 -0.9925956806165696 0.1206043112825772,62.04033874714193 25.459475953060828 736.1050806656276,0.69
10,301,24,0.0,-0.6543777284472249 -0.7228200002483756 0.22208339819353537 0.5396404268558308 -0.6521368445684691 -0.5324525759719234 0.5296961376252489 -0.22857992737162777 0.8168067204594206,-32.532927540440085 28.354153341312955 701.3821819042957,0.69
10,310,24,0.0,-0.23656462166375586 0.21992742945296323 0.9463979636238109 -0.4203553240877486 0.8550029312191414 -0.3037620600367334 -0.8759786420274001 -0.4696827795234653 -0.10981577906177262,-86.44815446108575 4.424547499900542 774.0606940913551,0.69
10,315,24,0.0,-0.1618571781386346 0.006304956773636711 0.9867940521735429 0.41743583324596967 0.9065422884035861 0.06267698507611882 -0.8941753625588446 0.4220679173498877 -0.1493622915487276,-86.73351542023026 -9.931504064713389 668.642845910996,0.69
10,325,24,0.0,0.17947597271602533 0.5015565137826357 0.8463033963655378 0.6417696144568785 -0.7116996511527106 0.28568403614654303 0.74560052117572 0.49185838412221716 -0.4496167176509074,-69.5761296567577 -57.31649973124351 874.9797380285747,0.69
10,346,24,0.0,-0.054257191774723296 -0.15125384330900532 -0.9870047781165883 0.8335019639226835 0.5374425597140798 -0.12817944899634665 0.5498460086949348 -0.829625077907022 0.09691025141860474,229.85019522894228 -78.44083538563343 1918.2667506947255,0.69
10,355,24,0.0,0.11602499126836996 0.12060969822275869 -0.9858962937833723 -0.9928839688345834 0.040892139870355004 -0.11184479124263702 0.026825842623492524 0.9918574159582809 0.12449594602275693,81.5527183701239 -4.212175711643238 755.409602900071,0.69
10,366,24,0.0,-0.6015154384091969 -0.6932547537596581 -0.3969597255957179 0.788311670442065 -0.43461589167035086 -0.435515484170686 0.12939817464026637 -0.5748972717775079 0.8079289815958733,26.527156538170324 7.264881329545261 696.8140064217293,0.69
10,374,24,0.0,-0.5614682258860244 -0.807766299302101 0.17963027871767295 0.7231754646088439 -0.5844936998273687 -0.3679461404198945 0.40220725839818344 -0.07668585641369893 0.9123314094767947,-36.77747385324917 8.369016326634629 691.4114062941552,0.69
10,382,24,0.0,-0.4907184973670753 -0.05528171762269754 0.8695626993141347 -0.3171722508481286 -0.9181835823845973 -0.23736190160031842 0.8115399679829279 -0.39227903428053834 0.4330358410457462,-83.85342646603391 -8.405125465708656 771.7395623841085,0.69
10,395,24,0.0,0.7283947066969197 0.2926740612632184 0.6195022559439167 -0.5078052644811638 0.8376113604620318 0.20134801263027036 -0.45997278682670295 -0.4612473335301117 0.7587331103162945,-54.144082491186396 -45.57340396399301 690.9042796884913,0.69
10,415,24,0.0,0.9707084991597575 -0.002159069666944194 0.24025059433263535 -0.23730542169596197 0.14773003364481133 0.9601364350929532 -0.03756522983708323 -0.9890253664984919 0.14289044030239012,-82.19870365621168 -42.82627065672766 855.644890967406,0.69
10,417,24,0.0,0.9558095010435441 0.08943039481683816 0.28005428437678986 -0.2842215538515787 0.03761500318681345 0.9580204694376057 0.07514190602510402 -0.9952825307510228 0.061370823204141396,-72.08164312753007 -43.47957502463055 779.51599215272,0.69
10,431,24,0.0,-0.2617297622805406 -0.08449898544403012 -0.9614351007714983 0.9642500012584099 0.019905630947037456 -0.2642455315227804 0.04146645161727869 -0.9962247172779491 0.07626825076492794,65.86253236787793 -7.4434706494055956 756.138924186657,0.69
10,441,24,0.0,-0.6566418622244723 -0.7307328527399514 -0.1866841254657447 0.7475188460841832 -0.5976899104130238 -0.2897970768303974 0.10018502644282046 -0.329842794247509 0.9387047946823579,3.7005023857350143 -11.409024799869663 680.7093393036896,0.69
10,450,24,0.0,-0.6297067556681253 -0.3593706598374797 0.6887104839581711 0.36768723801443753 -0.9188470038823261 -0.14326994959790731 0.6843065810491947 0.16301200049213246 0.7107401711091859,-64.97860451759004 -17.98831017656799 807.6993690092271,0.69
10,457,24,0.0,-0.029614132418625205 0.11162256251570651 0.993309320754879 -0.3884551624075609 -0.9169177878864446 0.09145685899015127 0.9209916340336689 -0.3831477179820547 0.07051408543784865,-83.12033392002408 -23.216891977902087 740.3658737769654,0.69
10,475,24,0.0,-0.613884538860233 -0.7804334628306151 0.11861443016165502 -0.23609057829332425 0.03813241302055015 -0.9709825734370079 0.7532642376945045 -0.6240749387464981 -0.20766188634188953,-50.02278353913618 -57.771433921983316 1418.2908539347081,0.69
10,482,24,0.0,0.08655115753650541 0.8059413799314517 0.5856341769767868 0.12299192778248802 0.5746991351913681 -0.8090697681353818 -0.9886262604389173 0.1420542013615952 -0.04938340861140636,-128.79821401993024 -80.50666390969224 1187.50621738777,0.69
10,496,24,0.0,0.13862688013213387 0.21865537794673728 -0.9659049714127164 -0.9630468682774633 -0.19765220812749656 -0.18295992491060625 -0.2309184219714851 0.9555749213522162 0.18317546799968842,98.73437868038461 -35.79959005071056 835.7475255989866,0.69
14,2,24,0.0,0.8019994821960656 0.5945907340706558 -0.05708493246524292 0.5563624446366557 -0.778362864080305 -0.2908815601213469 -0.21738827188964654 0.201526948019423 -0.9550545683189049,84.38734447447496 102.99133599532396 703.4605960039099,0.69
14,7,24,0.0,0.431618930728774 0.9020550463339894 0.0013386634885460547 0.8744956546388449 -0.4180672515407654 -0.24592096943312697 -0.22127460011110436 0.1073148012742668 -0.9692889583468572,33.48779342220747 125.06911030726131 675.7280613772544,0.69
14,12,24,0.0,-0.0020807230563273382 0.9962435163611696 -0.08657093449821796 0.9578040306342999 -0.02289640465228715 -0.2865086273651945 -0.28741452554151126 -0.08351413510496652 -0.9541584143869494,-17.653061488399356 133.73062503694868 683.1033775702986,0.69
14,20,24,0.0,-0.625081782344576 0.777373315654693 0.07045206518589116 0.7268136212437656 0.6125786463449125 -0.3106273684284078 -0.2846308580520601 -0.14296198848037506 -0.9479172666927663,-102.24522770732315 99.06501786564266 704.3857064399058,0.69
14,28,24,0.0,0.9868684380978103 -0.1335058502334387 0.09092235060662504 -0.11113953859293152 -0.9697000677245883 -0.21755408894405814 0.11721215315716069 0.20459219586380983 -0.9718041698531071,-139.52385182648152 17.748435774155123 730.0382193328909,0.69
14,34,24,0.0,-0.9182327900290229 -0.3912626025209971 0.06133611647318876 -0.3957597451858239 0.9006726791263415 -0.1793403166213027 0.014925394667078266 -0.18895052512198432 -0.981873174931548,-127.96221803136845 -46.7176234445266 765.0110474839765,0.69
14,40,24,0.0,0.6885593162488285 0.7250703192738014 -0.012613489411507764 0.7003416262899697 -0.6693879094290776 -0.24787382515241432 -0.18816927085065444 0.1618420798752813 -0.9687102077965196,-80.81599509591217 -94.15139034275853 782.2780848474616,0.69
14,54,24,0.0,0.3572950380117894 -0.9338779529677707 -0.014567936466067966 -0.9063480749284093 -0.34291127187470705 -0.2468704654162518 0.22555137526896082 0.101409213496588 -0.9689389808095676,69.98934611157978 -87.13029183283096 756.2772572890926,0.69
14,65,24,0.0,0.9954303590300162 -0.06990692805986112 -0.06504937917156486 -0.086254347965354 -0.9505321721426483 -0.29841041734304496 -0.04097057210296491 0.30265758066007864 -0.952218357883602,120.65613182218634 14.602221120510556 705.3777500705196,0.69
14,74,24,0.0,-0.8421608431650973 -0.5370063515123916 -0.048880391516455596 -0.4564829936023904 0.7582505385323509 -0.46548834289077445 0.28703377987834855 -0.36970298788453004 -0.8837031797826682,89.60473704030716 83.39551312531924 705.3480418004253,0.69
14,80,24,0.0,-0.40794353399632133 -0.9129913981109447 0.005364703721060071 -0.8153160540151275 0.36164312001724785 -0.45218799830313094 0.4109036445881127 -0.18884109912731675 -0.8919065164828616,28.823361762504625 112.73075614834706 680.9229346297691,0.69
14,96,24,0.0,-0.8244295171880783 0.5540371353080655 0.11558037847603836 0.45965013624826584 0.7746024359275657 -0.43441088672135364 -0.3302086059387046 -0.30501462088679343 -0.8932683569954233,-130.8771095198615 51.644640674361796 733.4175705429648,0.69
14,114,24,0.0,0.5243954402695454 0.8500617371796075 -0.04903534651348676 0.7726975842144239 -0.49928190855926574 -0.3919898201925789 -0.35769800890374415 0.16766818054897895 -0.9186618070093542,-63.14175861054724 -107.33643080683719 798.8603561870656,0.69
14,132,24,0.0,0.7861782532610768 -0.6155847335504289 -0.054581955983734165 -0.5664652697133922 -0.6824945761892894 -0.46186388869529105 0.24706446994235448 0.3940261276766427 -0.8852697658907445,109.18485368532005 -48.632061301176876 744.5752037830113,0.69
14,143,24,0.0,0.9547627268482206 0.29047226466525844 -0.06367102073618146 0.22734595999506957 -0.8510290565224976 -0.473353313528434 -0.19168189767234517 0.4374647510539149 -0.8785685184947528,108.66872056765236 57.7626912055918 706.9009625355275,0.69
14,147,24,0.0,-0.7255125658936326 -0.6877281750540206 -0.02571913620835256 -0.5249692789622334 0.5772033275044637 -0.6254946641368312 0.4450154748728522 -0.4403024823398579 -0.7798044313602284,77.64749346228567 72.0292430168436 693.8931007040773,0.69
14,157,24,0.0,0.05665172988776679 -0.9983824736588935 0.0047976860539485355 -0.8021872138610142 -0.04837869515231841 -0.595109381352086 0.5943788820429499 0.02986533351743753 -0.803630391682187,-32.822591072237095 90.29250068385767 666.2261026425379,0.69
14,166,24,0.0,0.6221700434937117 -0.7740202524285806 0.11746099697103299 -0.567432198626612 -0.5492129891120339 -0.6135028871589718 0.539374764834991 0.31505196622306825 -0.7809078829402203,-122.29048393339754 46.415554708551426 719.9443597630593,0.69
14,173,24,0.0,0.9925958161409013 -0.026793235421739094 0.11847222592326843 0.02577382450369304 -0.9066963036008481 -0.4209958705343932 0.11869817079480006 0.42093222206454334 -0.899292393316976,-144.34135635869674 -22.284802777378655 768.7892771928663,0.69
14,181,24,0.0,0.7721288574488013 0.6349567414980017 0.02543548546908006 0.5859297562660319 -0.6958755162446612 -0.41526327385558026 -0.24597428364940196 0.33554016498396433 -0.9093456160699834,-109.91231199019087 -90.72006104910642 828.4633533325856,0.69
14,194,24,0.0,-0.15816716967482336 0.9859241292642472 -0.05419186075040652 0.8358945136599915 0.10448018690570382 -0.5388545746092127 -0.525607751531674 -0.1305277820185611 -0.8406539059869602,31.535129807355627 -111.91667423409744 809.4637636825012,0.69
14,217,24,0.0,-0.8686946293036207 -0.4953467884710174 0.0010955229317964055 -0.3280512607943234 0.5736468676803055 -0.7505408992798654 0.3711495807761336 -0.6523502359561337 -0.6608230915590624,93.13065273292368 37.51673248374615 690.255475979945,0.69
14,225,24,0.0,-0.2661871478355371 -0.9639054720422132 0.005535638559366396 -0.6477763390097117 0.17462791605830874 -0.7415462936002764 0.7138138531482539 -0.20097594856153872 -0.6708788647389576,14.620557947764038 67.14863542458245 671.106136719793,0.69
14,239,24,0.0,0.7214568608891895 -0.680013295685171 0.13069780245784202 -0.4228014109844098 -0.5820661707060294 -0.6945775261187276 0.5483967220411781 0.4458485063460588 -0.7074462132512119,-133.11936122809144 17.699537091648835 746.4726302755698,0.69
14,249,24,0.0,0.9259832390330691 0.35797381816262497 0.12004077032366302 0.3658799643135279 -0.7722831017088816 -0.5193367525304183 -0.09320350177841018 0.5248176410192223 -0.8460966557854136,-147.832295222419 -73.4273669863351 887.8213233217509,0.69
14,253,24,0.0,0.7062723694697762 0.6969588790569314 0.12420813591409145 0.6438243243227673 -0.5593833691112666 -0.5220924111419937 -0.2943969760949999 0.4487076634797249 -0.843796096933783,-123.81194479321901 -105.70296797973926 943.6294371156283,0.69
14,263,24,0.0,0.15698497733955696 0.9875795471096078 -0.006508073484584598 0.7663474543072792 -0.1259694284306001 -0.6299549844057275 -0.6229504764958859 0.09390602340451792 -0.7766043797210385,-2.520640883141938 -114.63302950763197 845.5926628594319,0.69
14,282,24,0.0,0.9948427882430577 0.012392568923723875 -0.10066901666475436 -0.07309717496482071 -0.6004825101945397 -0.7962898705638712 -0.07031806092989357 0.7995418558061456 -0.5964798329542453,143.50898542313053 -12.094253197464989 827.6829865770807,0.69
14,290,24,0.0,-0.8308584079518737 -0.5563798800792693 0.010758019271954883 -0.28008478864573294 0.40139752962472 -0.8720278289025228 0.48086049651115337 -0.7275448111657113 -0.48933805353854987,92.41539034742668 19.65102307599009 707.1300831938386,0.69
14,295,24,0.0,-0.4525430574890955 -0.8917377541294246 -0.00292557321410597 -0.43046374443669777 0.22132449539363608 -0.8750522455626805 0.7809646252193236 -0.3947394654692665 -0.4840196365407908,43.59085715121331 36.64033982203108 682.9058010129903,0.69
14,308,24,0.0,0.45252290374416126 -0.8843015640309453 0.11503810429321304 -0.36677102940722484 -0.30215001256400115 -0.8798774811842491 0.8128357974243733 0.35597206879191773 -0.4610659959978455,-107.3199059039063 19.127394502932212 721.7475543818659,0.69
14,317,24,0.0,0.9865503485839221 -0.11124963303634686 0.11975779247389329 -0.006360257231840347 -0.7582249441764449 -0.6519620243208739 0.16333388147254307 0.6424316719915864 -0.7487346592653555,-161.90432969261263 -49.38511569223507 874.1911565456946,0.69
14,326,24,0.0,0.1399472756668415 0.985681208946947 -0.09406016352481283 0.9217111034708988 -0.16438988695592416 -0.35131838381314023 -0.3617504689311232 -0.03753024640878172 -0.9315192315956814,-133.6676375940975 -134.37441079406796 1121.1048246595135,0.69
14,333,24,0.0,0.4723808776435109 -0.8745846803424189 -0.10935238153371557 0.49964046522694927 0.36791920222983876 -0.7842160838304433 0.7260962139720493 0.31581180715880147 0.6107758922178805,-39.381766576491124 -151.88859820294834 1122.619077779785,0.69
14,346,24,0.0,-0.028232956456733016 0.9099255528167359 0.41380960416702456 -0.00043308284962051413 0.4139634530314485 -0.9102933988519992 -0.9996012768143894 -0.02587948773521298 -0.01129333899275936,123.65188098384354 -110.15192944641116 1147.3749567416958,0.69
14,357,24,0.0,0.9499477832847605 0.310505539657696 -0.03443136468763228 0.11657628516825572 -0.45456839553024764 -0.8830501364709854 -0.2898433693716993 0.8348376390813602 -0.4680138220227277,124.40895779916394 -6.603981491061965 739.4507348170216,0.69
14,360,24,0.0,-0.9071015900361985 -0.4204927288567867 0.01877685629633849 -0.16840117484730666 0.32167392919276605 -0.9317547572122907 0.3857560753427577 -0.8483582664513035 -0.36260240219818196,104.92585264467087 -10.25858464736666 703.7148776734389,0.69
14,367,24,0.0,-0.45970308148360367 -0.8880523885492821 0.006002671604707799 -0.29169175152853155 0.1446040351655098 -0.9455186910389817 0.8388021214593442 -0.4364087856651911 -0.3255124772255845,44.52246340150327 7.466524431003819 674.8681778781058,0.69
14,376,24,0.0,0.13328389706532107 -0.9899613560184093 0.047031015014285305 -0.3786888756601066 -0.09472378834674955 -0.9206639665874434 0.9158767047121386 0.10489955915747734 -0.3875125085132109,-59.80321446150609 3.7368380106584214 655.5745766811605,0.69
14,385,24,0.0,0.646709050262345 -0.7461378376080066 0.15825843294568534 -0.38791610499831 -0.5003977639917307 -0.7740304730919942 0.656725589414419 0.43918151723601057 -0.6130506464612526,-168.77336169366896 -44.47437003640793 916.3715563698264,0.69
14,398,24,0.0,-0.27783851534238435 -0.3364575548184466 0.8997789023965452 -0.8672145339601209 -0.31505229964924286 -0.3855917537682231 0.41321267100691617 -0.8874335819041984 -0.20424721840949123,-63.080599418684116 -223.0435018247572 1743.2311994873514,0.69
14,406,24,0.0,0.8912501306565538 -0.3391237585988325 0.3011117416483067 0.43550075865608107 0.8252417706630746 -0.3596041005923753 -0.12653969264485188 0.45163159356567845 0.8831854900748043,57.78730741553358 -103.91588626427885 842.6245290163307,0.69
14,427,24,0.0,0.9825060019411582 -0.1435763353724644 -0.11860772348634831 -0.15082456067227185 -0.23986571872314533 -0.9590184507502684 0.10924242787313275 0.9601303416216167 -0.2573243460109067,128.48784054739934 -28.557808058408728 750.8550004561379,0.69
14,438,24,0.0,-0.6649637941822648 -0.7465661270200414 0.021498149060374172 -0.13876858452041563 0.09521536302809153 -0.9857369398544568 0.7338708553805138 -0.6584626433061515 -0.1669146937610616,59.407993328197115 -20.902830448396386 682.5470736206619,0.69
14,446,24,0.0,-0.19181289131358115 -0.981320237498615 0.014778572379846977 -0.20761440847000895 0.02585456925360219 -0.97786900893952 0.9592205544720007 -0.19063612649330863 -0.20869546031012426,-31.075193182320852 -19.86403513215007 641.6788612752963,0.69
14,454,24,0.0,0.63350712693215 -0.7737094983964738 0.006506321330038256 -0.1726422956109514 -0.14954509236562252 -0.9735660753721538 0.7542303082562739 0.6156377810372218 -0.2283128657505135,-110.69909468616346 -33.820252638872276 713.6087258310298,0.69
14,463,24,0.0,-0.02893632152228391 0.9332757385266015 -0.3579931356526066 -0.9512444556245228 -0.1357342334918966 -0.27696606922504524 -0.3070776366659811 0.3325246062113206 0.8917010212642138,-1511.5416168584575 -956.44557784111 8798.342616838903,0.69
14,483,24,0.0,0.06867577646064954 0.0036339855486399175 -0.9976324132046629 0.5537660239879982 0.8316548992799742 0.041149959661464564 0.8298354224808983 -0.5552809402929735 0.05510216822685532,198.42858537749208 -78.66394437225443 1605.1959941378404,0.69
14,493,24,0.0,0.9362855443456596 -0.013437597147313407 -0.35098263551386455 0.2938315975055075 0.5774464197231317 0.7617208311818039 0.19243796859433218 -0.8163179915522157 0.5446031260573552,100.50158888515944 -28.515476055413988 604.860781124706,0.69
19,1,24,0.0,-0.9736026760278158 -0.22366169117773774 -0.04553325302446605 -0.20128871594545175 0.9353969042878703 -0.2907154696291551 0.10761357751002894 -0.27387602915951453 -0.9557255037861602,63.73262995740987 -63.58909880208184 715.2177525222795,0.69
19,6,24,0.0,0.7480773542477286 0.6570114360348668 -0.09336083215739142 0.5979213003227278 -0.7283512936400969 -0.33465581075662737 -0.28787217767977635 0.19452600333168696 -0.9377042408700644,83.50302623247148 -28.79342082039248 711.1967592884412,0.69
19,17,24,0.0,0.14444627427873113 -0.9893980200412655 -0.015060935741742637 -0.9401718037362272 -0.13248143338962493 -0.3138879565488287 0.3085648283689548 0.05949981298671214 -0.9493405705794858,61.1250020822571 49.96188344179757 679.9987437965468,0.69
19,33,24,0.0,-0.9991454060843312 -0.0027542507188646308 0.04124162464737036 -0.014267830622737461 0.9594294550165503 -0.2815875527362066 -0.03879286673987665 -0.28193533824198536 -0.9586488296245291,-56.588466693426845 66.82302527337544 675.5377554094937,0.69
19,42,24,0.0,-0.7569977011676483 -0.6515155796521029 0.04981897126075567 -0.6370328506976562 0.7189005780499099 -0.2781566213691905 0.1454084851682096 -0.24230024422210097 -0.9592429119315904,-99.45777232875459 12.299415752801064 695.6967460635453,0.69
19,47,24,0.0,-0.47640188018925356 -0.8780431472908351 0.04562324021536489 -0.8583046847324537 0.4531855986503194 -0.24069873564743646 0.19066807996743235 -0.15382797103113663 -0.9695270179886565,-101.03453590344897 -26.802458850899946 710.5373254150311,0.69
19,55,24,0.0,-0.20565842291908132 0.9782354777297316 0.02756742993680089 0.9334987329021814 0.20455285468541695 -0.2945135740675957 -0.2937426233158179 -0.03483503625563053 -0.9552495964388629,-70.74906297074929 -81.3514419317665 762.2313135376227,0.69
19,74,24,0.0,-0.9377531657811504 -0.3461914384038035 -0.02775766638850813 -0.29165903806754834 0.8283830017206063 -0.47824325188534544 0.18855769828077182 -0.44037834919108265 -0.8777886442548651,73.79846065066218 -69.82122546375348 754.349158614008,0.69
19,80,24,0.0,-0.5675447405234167 -0.8184053202259213 -0.09003165737736224 -0.678026119815012 0.5266076372239713 -0.512801108877492 0.46709051408994223 -0.22999375696590912 -0.8537735785346721,88.77072413096064 -25.905398822680766 723.8057668716343,0.69
19,88,24,0.0,0.16356715696354207 -0.9852158055081894 -0.050947048390590916 -0.8712813703373765 -0.12004325935437055 -0.4758764436138888 0.46272514397413855 0.12222697108424388 -0.8780353117464492,63.105524054055905 26.00927949066955 668.1788380672098,0.69
19,98,24,0.0,0.7843425671726757 -0.6197283010043753 0.027268484651821467 -0.5452128113889019 -0.7096681169091038 -0.4462220906007414 0.29588803223244087 0.33512385289160923 -0.8945067219449483,-5.6603456600624895 54.90968701651075 653.83524993857,0.69
