scene_id,im_id,obj_id,score,R,t,time
1,1,29,0.0,0.8255849119961357 0.049884375713072276 0.5620685920277433 0.5360791151597499 0.2416085640113962 -0.8088538088467474 -0.17614975269319105 0.9690907340678003 0.17272641306430095,45.47728713087961 -40.74792676587819 753.27860111006,0.69
1,17,29,0.0,0.4092299549950479 -0.06939190581563398 0.9097887707275932 -0.8600209805987558 -0.36240517089539215 0.3592024568933741 0.3047864118767528 -0.9294338360074674 -0.20798554666067204,45.564722422718646 45.397298789157205 727.7761838266574,0.69
1,30,29,0.0,-0.999861149407972 -0.0018617103136062511 0.016559466757036144 0.014935384557631447 0.34059672036929667 0.9400908511212069 -0.007390276901770129 0.9402076409540543 -0.3405216229535616,-27.556083760189463 66.04250987733434 732.9384102844351,0.69
1,38,29,0.0,-0.77730747107133 -0.012894267753650934 -0.6289887385921871 -0.5954199501871975 0.33791429175060583 0.7288957499874466 0.20314570715564945 0.9410885554982508 -0.270340807823102,-65.01110388623783 38.33014146719178 728.5478351623821,0.69
1,57,29,0.0,-0.6891623064956744 0.047382584162350305 -0.7230561568949259 0.6904174270563505 -0.25995908714676497 -0.6750889196444492 -0.21995247605437634 -0.9644564084124891 0.14644024224792362,-43.05503292078108 -56.25054214769312 757.1937654476841,0.69
1,67,29,0.0,0.9963741417472705 0.022377389028984448 0.08208423793662094 0.07438358610611155 0.23921381679684595 -0.968113542912958 -0.04129953722967124 0.970709020414321 0.23668195096137873,16.563592558440515 -61.15002832335201 763.8735601433993,0.69
1,76,29,0.0,-0.6185898717900858 -0.05850986210691739 0.783532492341546 -0.6925412997274472 -0.4304263724761098 -0.5788952289049163 0.3711241284133159 -0.9007273360530847 0.2257368986146704,58.59941465561159 -33.54074414630899 779.4360398468986,0.69
1,89,29,0.0,0.4480312421400311 -0.05131967848551777 0.8925437225517887 -0.7902302376932838 -0.4896211091741891 0.3685204755318938 0.41809589510263967 -0.8704237244303374 -0.25991991544924514,43.529154809763334 32.12227222448534 725.3915933517143,0.69
1,101,29,0.0,-0.9984400456508833 0.0027771883502815155 0.05576524424342819 0.04987609462228461 0.49329327973006265 0.8684319866048161 -0.025096821031577947 0.8698586249489199 -0.49266228004189994,-24.528845609437777 49.62956471878637 721.2812345648925,0.69
1,109,29,0.0,-0.8027017530943885 -0.038628212175826765 -0.5951283532174337 -0.5327978966737391 0.4947960671942493 0.6865152971268329 0.26794831008841014 0.8681501673749785 -0.41775470076058013,-64.22504390973131 26.272425226549704 730.715414224724,0.69
1,127,29,0.0,-0.5979080067949584 0.05098431076222609 -0.7999416325373876 0.7091157323382401 -0.4316401701560936 -0.5575317404937766 -0.3737123139005208 -0.900603888268155 0.22192733692675004,-49.9273813592288 -60.60887728725487 776.1552719242469,0.69
1,135,29,0.0,0.9704121714342187 -0.05305139865348836 -0.23555416921216504 -0.19976659947682507 0.3715624102896907 -0.9066612823944681 0.13562272400224962 0.9268909991798518 0.34997078788605407,-4.641427964107674 -72.84713475261752 778.0498971993748,0.69
1,142,29,0.0,0.9273525652012478 0.004487460239707197 0.3741618400041118 0.3427796413779482 0.3908228249129291 -0.8542597011353651 -0.15006444372825553 0.9204549865298547 0.3608923392105382,35.23237450187339 -59.50848090244868 775.295699080174,0.69
1,157,29,0.0,0.1148199496645429 -0.04670809547453425 0.992287626132753 -0.7932281668757742 -0.6056276721826537 0.06327873230019104 0.5980012160806459 -0.7943761555483411 -0.10658831578698957,57.61255626681445 0.0003514900882280331 739.7220799746507,0.69
1,168,29,0.0,0.8845015187387166 -0.013965497588226933 0.4663282408626098 -0.36659632299536515 -0.6390323227541009 0.6761988068917131 0.28855536611745924 -0.7690530900741583 -0.5703447600637768,7.783456161763804 32.22232869936871 713.7384701898011,0.69
1,176,29,0.0,-0.9795006003671743 -0.013761903736860967 -0.20097060453181304 -0.16594359359568095 0.6207075472534326 0.7662798865474547 0.11419850097482233 0.7839213932456277 -0.6102671149479854,-40.67481271190192 26.09417505170557 720.2361183038644,0.69
1,181,29,0.0,0.8042001841288899 0.04256013346591134 -0.5928327748078908 0.47916290735074174 -0.6365699129515405 0.6043026180185327 -0.3516603077776109 -0.7700437526298307 -0.532322878495302,-63.877505076742096 10.6915613622116 728.2076637333034,0.69
1,197,29,0.0,0.4776950576102075 -0.062062668299600665 -0.8763307920747246 -0.6915360365575471 0.5886505205366348 -0.4186507790679812 0.5418351613517337 0.8060017306901286 0.23827687266593484,-58.901335068410624 -60.64479834545102 786.0703788132766,0.69
1,212,29,0.0,0.97736828509705 -0.00104346098624776 0.21154230422216092 0.1788398273879208 0.5382044384589775 -0.8236214534377521 -0.11299359020010735 0.8428136766879301 0.5262105614309383,25.929615347437597 -71.39010191571741 794.140793965057,0.69
1,220,29,0.0,0.6390148601329723 0.04535577712344041 0.7678560164580118 0.5201963950794873 0.7098739347254537 -0.4748417708497307 -0.5666177892332217 0.7028668794863868 0.4300260813549861,57.61269393173063 -49.92236961899243 783.3053439030223,0.69
1,230,29,0.0,0.17801910272532784 -0.05726648883220892 0.9823592765998086 -0.6750773042725744 -0.7334424629063642 0.0795788091260512 0.7159468083041802 -0.677335000470725 -0.16922607605324902,56.45797849493796 -10.070660386471634 744.7387667072787,0.69
1,236,29,0.0,-0.6523592573510588 0.02480285591390244 0.757503939057012 0.5115818620282442 0.7518415129301137 0.41595473056412285 -0.5592060423422565 0.6588771947589867 -0.503159462232838,32.39964230356657 7.970218459735334 717.701090234352,0.69
1,246,29,0.0,-0.9996744116871997 -0.010620817005986974 -0.023200622060117474 -0.02323713669592902 0.7545533757489324 0.6558271408107965 0.010540687644825675 0.6561527271847729 -0.7545544993649956,-27.57628602749769 12.805633661439524 712.2141559106198,0.69
1,252,29,0.0,-0.8599075157587553 -0.04203272040825934 -0.5087163401707154 -0.36126684190940295 0.7541859401394404 0.5483519277186814 0.3606179880128173 0.6553142895672798 -0.6637151863642408,-58.534238080085736 -0.7289663681691101 730.0057720768154,0.69
1,267,29,0.0,0.28150974353194075 -0.06102144666169673 -0.9576161273411672 -0.6395626735743687 0.73204814481086 -0.2346595411428725 0.7153403741345699 0.678514477904703 0.16705164592640775,-66.41920342486881 -57.97638364980287 786.7916721390249,0.69
1,273,29,0.0,-0.718178277160444 0.06598054690543009 -0.6927239923987885 0.4529740259488174 -0.7113668263283464 -0.5373748879648699 -0.5282371569953939 -0.699716946936114 0.48100072779552683,-39.85539592496473 -74.06099728147912 806.1366434650816,0.69
1,283,29,0.0,-0.9941828166468111 -0.0022434916052386303 0.10768237473992831 -0.08004218253076267 -0.6535831212239152 -0.7526103591280929 0.07206785760604514 -0.7568514189698149 0.6496015344066337,19.917293156129634 -76.36542716999462 810.0589141843378,0.69
1,292,29,0.0,-0.6326133156317767 -0.04791463531724929 0.7729842046302013 -0.40995948129225745 -0.8260647081977557 -0.38671736652074445 0.6570643930270101 -0.5615347590243828 0.5029364749384111,59.12342182884391 -54.114380019359345 801.7000941856201,0.69
1,308,29,0.0,-0.6653154644225588 0.023517949980260994 0.7461918244184405 0.39506727059005564 0.8591781784787964 0.3251687397865615 -0.6334644303421608 0.5111357585364017 -0.580915701144924,32.058667650519666 -8.262428431192191 717.2553679290644,0.69
1,314,29,0.0,-0.9448849467425252 -0.007378513404362089 0.32731940816168703 0.1582282148603068 0.8649503927597896 0.4762611154469855 -0.286629149671655 0.5018031243472164 -0.8161111167934647,-3.4098298286104045 -2.852924003945291 707.0288476243857,0.69
1,323,29,0.0,0.9033708747688354 0.046130519872832176 -0.4263719476650062 0.25029342388417397 -0.864023801359675 0.4368249908651223 -0.3482445470925938 -0.5013330687479524 -0.7920801030199124,-54.2432374885107 -13.655034533859416 726.1542961352332,0.69
1,337,29,0.0,-0.11039935853615102 0.057880555087195695 -0.9922004953524285 0.512762762972313 -0.851868090505112 -0.10674785847113699 -0.8514025666767783 -0.5205483625197302 0.06436669740029832,-70.00122941539635 -54.82470179015005 780.6745462582718,0.69
1,347,29,0.0,-0.8419539558222784 0.03496803008699412 -0.5384150565753636 0.2764272234542304 -0.8290271209747099 -0.4861090647393533 -0.46335896064347554 -0.5581140291734467 0.688336548522,-26.87782455320991 -78.30749090048275 844.5211388647585,0.69
1,356,29,0.0,-0.9810711002434475 0.008607936505540273 0.1934564542635578 -0.12420617041438474 -0.7944180461795427 -0.5945357812068763 0.14856757216197708 -0.6073103583287498 0.7804497454471367,26.982218912033556 -74.38359475642623 833.144393678342,0.69
1,364,29,0.0,0.6490123985502443 0.03733486255039012 0.7598611811156051 0.3057783821914509 0.9017662915210157 -0.3054785368251155 -0.696622198549858 0.4306084805421021 0.5738413099218148,57.1982173730746 -58.15256024187455 811.6160874845514,0.69
1,375,29,0.0,-0.2300187855782091 0.03527040540345447 0.9725468404060557 0.3776700481902109 0.9242571159000512 0.05580428664648579 -0.8969150979781363 0.38013784632787534 -0.22591707506975872,54.46238674782895 -32.76092125105782 741.4941144469827,0.69
1,384,29,0.0,-0.8609897471870115 0.027602510874154676 0.5078727760298717 0.17989733472242242 0.9505087709737368 0.25331803185277774 -0.47574531442633755 0.30946918698868614 -0.8233439245576217,12.198606113878718 -21.51097923997579 713.2376145577826,0.69
1,394,29,0.0,-0.9382769886641852 -0.02886889966318521 -0.34467793543466846 -0.15111412778240005 0.9305895926554885 0.33341795156508425 0.31112829014384563 0.36492409714011675 -0.8775132992716621,-43.69376491450664 -27.288628726350307 709.8316635094044,0.69
1,396,29,0.0,0.8825894308567572 0.04890592991447233 -0.46759395479320165 0.2013013195033383 -0.9381060951888556 0.28184168062182174 -0.42486900958549667 -0.3428777685833813 -0.8378073528593077,-55.55676510745657 -30.011504813392417 733.1302778619648,0.69
1,402,29,0.0,0.5106308311244019 0.04694359110766522 -0.8585175907103586 0.3233834579306209 -0.9356769431441018 0.14118001701849897 -0.7966676179198178 -0.3497212566064946 -0.49296627596169035,-74.13520479544715 -41.31453606218222 756.0850157931234,0.69
1,418,29,0.0,0.7704348472059406 -0.06188145784482156 -0.6345083383106627 -0.23161627689114261 0.9000999429116892 -0.3690176053380914 0.5939562664791445 0.4312664813608558 0.6791356091126294,-36.00792599947306 -75.30185623228016 859.5862414952676,0.69
1,425,29,0.0,0.9993746941765022 -0.019217646230090108 -0.02968000527287648 0.002380285204227662 0.8740645206267024 -0.4858040222393795 0.035278249417586005 0.4854295992777821 0.8735637064708232,8.134343857708554 -78.84113717599564 877.9702688183604,0.69
1,434,29,0.0,-0.8187874382699508 -0.034679147842786855 0.57304841648523 -0.14599761997601818 -0.9527789826892208 -0.2662647274932066 0.5552223211405226 -0.3016779190636788 0.7750603894257139,54.54380760416142 -64.02375761999845 863.7554537342938,0.69
1,442,29,0.0,0.18350297565156087 0.04558507893617865 0.9819616380008972 0.19664406645370608 0.9770312538985138 -0.08210383690211125 -0.9631499203424009 0.20816322798198633 0.1703241071033296,63.656543546203665 -47.92068859139304 771.493668093344,0.69
1,455,29,0.0,0.8157867926333904 -0.022524372025011535 0.5779139742468642 -0.11025479325418955 -0.9869728280748249 0.1171687552483944 0.5677462369134667 -0.15930250879022936 -0.8076428178122658,19.01046216573552 -37.8734532875421 724.6883416932582,0.69
1,464,29,0.0,0.9944070024150684 0.03425707287067391 -0.09990578815169919 0.0493514032181336 -0.9870286621558452 0.15277060935678544 -0.0933764025237643 -0.1568466545425043 -0.9831988478484626,-35.44545108122423 -39.62184510240078 725.321533193938,0.69
1,474,29,0.0,0.5076001798955293 0.04180593328807512 -0.860577899618587 0.1963163793672218 -0.9781606148318901 0.06827657565991155 -0.8389290414344773 -0.2036027395041913 -0.5047216935145717,-73.71413406531822 -51.12206854067173 773.032259085767,0.69
1,482,29,0.0,0.17632550762863505 -0.06680400288235536 -0.9820623913776549 -0.20202473005663982 0.9739989556544413 -0.1025282538113254 0.9633770413524738 0.21647923591640839 0.1582447996365189,-69.92957052263303 -60.82024863393984 813.7168453919912,0.69
1,488,29,0.0,-0.6271625400744825 0.0816432608650734 -0.7745976544520651 0.12477842167887451 -0.9711153261161587 -0.20338478031956053 -0.7688286504876441 -0.2242083881963931 0.5988598374008087,-50.11969582502789 -68.07371219533329 869.706161538127,0.69
1,493,29,0.0,0.9258643221509263 -0.11111492357376049 -0.36114918070958324 -0.06098461336153496 0.8993114912828033 -0.433035470348382 0.3729023114719858 0.4229566353728213 0.8258641236262491,-20.39740611684015 -78.19608042316567 911.4038059722593,0.69
15,1,29,0.0,0.9453081148083411 -0.32595038269799925 0.012203118311684885 -0.3091019312422524 -0.9071368136271689 -0.2855850091735503 0.10415644089450751 0.26619381920205204 -0.9582756839442469,-58.940411453206245 -86.7081996851711 751.7228212038582,0.69
15,12,29,0.0,0.799804088474806 0.5992902766918344 -0.03412600652885657 0.5679170992816269 -0.7738942722971862 -0.2802816862535815 -0.19438001029562135 0.20478969595229343 -0.9593109985970354,43.946514746126546 -87.39352154867724 754.3429036545286,0.69
15,18,29,0.0,-0.3954512558197424 -0.9174769666781154 -0.04306181470529265 -0.872615551234243 0.38991947190184517 -0.294117162328117 0.2866363619897985 -0.07873259202458706 -0.9547988138547006,86.99820358289303 -50.728781365104375 747.0506595134214,0.69
15,28,29,0.0,-0.4576394221867933 0.8875936937852607 -0.05237932810923038 0.8466080420666955 0.41699091607048655 -0.33071649342403847 -0.27170016998252666 -0.195693665373544 -0.9422754411339253,98.90105624730764 38.859048279612836 718.010006243355,0.69
15,40,29,0.0,0.9951168211734176 -0.04693195008661219 -0.08683262220375283 -0.0708089305560425 -0.9523218776868126 -0.296764446375527 -0.06876487163677018 0.3014638176301283 -0.950994720852144,18.17888000471015 108.55275731889493 695.1280558508116,0.69
15,53,29,0.0,0.48407718237327213 0.8731469326392222 0.0573037130408665 0.8398672270832571 -0.44525290165615017 -0.31043984028835414 -0.2455449498096694 0.19840435375640253 -0.9488642632291887,-96.75266987095608 70.65086839461554 710.6651320309898,0.69
15,62,29,0.0,0.2856283692143772 -0.9579869742591637 0.026026752577086282 -0.9168277850561964 -0.28106156205242083 -0.2836039683883187 0.27900402729868456 0.05714328907602548 -0.9585882313405942,-118.22344015562702 -8.463459549044117 732.6919188829578,0.69
15,72,29,0.0,-0.9339739895277909 0.35723106250302006 0.008863118441343118 0.3184573142637306 0.8433401075997098 -0.4328537881382612 -0.16210344190507942 -0.4014516544948776 -0.9014205695599874,-62.532120724906186 -95.25888970143238 773.8347044768379,0.69
15,77,29,0.0,0.9975814431534211 0.06936785203922467 -0.004400611253281643 0.06118129693014456 -0.9063697493875884 -0.4180319680371653 -0.03298656062525705 0.4167516988550189 -0.908421657777693,-16.99179347176144 -107.8860395831576 778.1554605369547,0.69
15,90,29,0.0,0.3580744888329259 0.933026505442307 -0.03527322765434046 0.8247641497853502 -0.33378229858050124 -0.45645752746905743 -0.43766055074210963 0.13435370220590692 -0.8890457384340131,89.56973561457545 -59.54702667766319 759.4709297148877,0.69
15,103,29,0.0,-0.7024948934331823 0.7115091615453318 -0.015988675284727 0.6322050980154806 0.6135635039446614 -0.4731348017958359 -0.32682967849254163 -0.34248290419261407 -0.8808449475317744,83.49399953375227 46.855465221482376 699.5405438712083,0.69
15,112,29,0.0,-0.999775894571667 0.011876770838234877 -0.017524352994590982 0.018619026843375845 0.8872505654390617 -0.46091188525299565 0.010074347265635927 -0.4611348787963463 -0.8872728616861052,12.37714014343032 86.54065423532819 680.4205794209449,0.69
15,126,29,0.0,0.3647699736353739 0.9306822995747227 0.027808696344027273 0.8417350872536679 -0.3168464955563477 -0.4371388122092583 -0.39802626699767985 0.18286266844812046 -0.8989640344685232,-103.51889961526527 38.67690957243431 706.132002968873,0.69
15,144,29,0.0,0.9329361305717974 -0.3591291436024065 0.02562097752085138 -0.2754575867134977 -0.7577766867047262 -0.591521437488772 0.23184756672369414 0.5447942284039079 -0.8058820971470286,-62.78443746677829 -103.31004158544302 799.5256593195609,0.69
15,149,29,0.0,0.998008052165821 0.059630691791224995 0.02059389250927665 0.06055260362561333 -0.81385335321276 -0.5779066547968676 -0.017700565141911928 0.5780025086977101 -0.8158429934324438,-16.937900691750045 -114.25317912113942 808.4697364855418,0.69
15,156,29,0.0,0.7752246213313516 0.6311018723455505 -0.027151670364883945 0.49511751647214874 -0.6337550513832307 -0.5943174065503132 -0.3922823362886919 0.44728621884446557 -0.8037721114020482,49.24017209108202 -102.031847892945 798.519801675994,0.69
15,159,29,0.0,0.5883507869427022 0.8082627495354673 -0.02355162876044603 0.6329812581373024 -0.4784932282741848 -0.6085876743269343 -0.5031680418615844 0.3431552975099108 -0.7931370395083459,71.60742624666432 -87.67353034440485 786.3758242788062,0.69
15,164,29,0.0,-0.18355303579871307 -0.9825571570663454 -0.02982811001015445 -0.7766385170091847 0.163552953018412 -0.6083445121448305 0.6026117298450562 -0.0884978228921976 -0.7931123743811406,98.1591612770857 -55.905936814776766 764.4031469305712,0.69
15,175,29,0.0,0.7044278103467007 -0.7093919296550626 -0.02333559835142726 -0.5641015102652669 -0.5395945245360425 -0.6250017881631758 0.4307794634457375 0.4534322873715422 -0.7802744482824063,84.57719368072864 25.005547629980768 704.3831655518934,0.69
15,183,29,0.0,-0.9952629371631296 0.09721925854092064 0.000318870152014563 0.07555269866300687 0.7755116477172861 -0.6267961981214916 -0.0611839491546361 -0.623802933644571 -0.7791831776561079,22.63225495968193 58.70048020774438 671.9275316543983,0.69
15,190,29,0.0,0.878377609081923 0.477605875482065 0.018585036145640915 0.39115784363952943 -0.695955496984915 -0.602197216512791 -0.2746785707382321 0.5362262338989862 -0.7981310098321652,-44.640283614732105 55.95699391719288 676.5223038101894,0.69
15,198,29,0.0,-0.3659164470701681 -0.9302299613642352 0.0278814049832255 -0.746398352163551 0.2754461879432877 -0.6058208459891813 0.5558728754410318 -0.24249044626088892 -0.795112400746658,-102.79039826896765 17.245647157776894 703.4016917604806,0.69
15,210,29,0.0,0.6256442273232292 -0.7792981597930313 0.035548262409226844 -0.6069602161179939 -0.5149006364112949 -0.6053731334253627 0.49006999180435284 0.3571718252696295 -0.7951475903041163,-103.55704326712436 -70.46670076470195 768.8658488210522,0.69
15,217,29,0.0,0.9637986377659244 -0.2654087532990043 0.025502539340540545 -0.1587927895421094 -0.6481958504671117 -0.7447328309042464 0.21418925236804692 0.7137228685627818 -0.6668752739909698,-53.84267037065848 -107.33489031008081 821.5087070851096,0.69
15,231,29,0.0,-0.591111961885004 -0.8063636969247483 -0.019084988821432447 -0.538342386530162 0.41203559601917994 -0.7351286570921645 0.6006447563922217 -0.4242690843026064 -0.6776589265431074,72.01991882116357 -91.92524627383371 806.2542524867541,0.69
15,239,29,0.0,0.07323388895820593 -0.9972821503813 -0.008069079185814954 -0.6632013561237492 -0.04265533142258171 -0.7472245204333496 0.7448494873084608 0.06007358181496725 -0.6645226903757641,104.27354138602428 -45.249239511565534 753.8353959873042,0.69
15,253,29,0.0,0.9662967590731565 -0.2573358078338129 0.006989664600907261 -0.1637583106333344 -0.6354094493557928 -0.7546111895326524 0.19862977899406375 0.7280337311388032 -0.6561349687532911,40.3199375969344 28.04693087333592 671.5627781630285,0.69
15,267,29,0.0,-0.5924553546934166 -0.8046526672037487 0.039124645135656 -0.5669132648933698 0.3819212453026497 -0.7298941789563829 0.5723687646815101 -0.454609994993913 -0.6824395575203686,-85.48361670352506 11.104587471234623 686.7404309775138,0.69
15,273,29,0.0,-0.1137990277648464 -0.9925210283695691 0.0441790620542018 -0.6800321065535317 0.04539736199164435 -0.7317755213045638 0.7242969800683572 -0.11331852350085114 -0.6801123413785733,-112.93065165511985 -21.49516441775031 718.3043789782412,0.69
15,293,29,0.0,-0.99858479653774 0.024915450217129764 0.04698536436123685 -0.02479500814678201 0.5634667021841087 -0.8257666032849513 -0.04704903500265942 -0.8257629780210802 -0.5620515033651949,-21.554874506090005 -110.26468209582553 847.2482036614457,0.69
15,304,29,0.0,-0.5424385328457295 -0.8396680946715229 -0.026794194797884197 -0.4385478950542321 0.3102241231119657 -0.8434670931239193 0.7165446125871542 -0.4457785147695058 -0.5365121936566015,76.8382518029438 -91.86355796709874 825.4005442723861,0.69
15,311,29,0.0,-0.0118527457021812 0.9998273892076337 -0.014307487884545056 0.5216612407700951 -0.006024089587949533 -0.8531314436960119 -0.8530703735903179 -0.017575611934818602 -0.5214997944080058,103.5181298070036 -58.522659058923665 768.115286695541,0.69
15,320,29,0.0,-0.7283347691459228 0.6852135046982923 0.003304093255147189 0.3503849306537268 0.37657024421476615 -0.8575693858474747 -0.5888623476025094 -0.6234398961817531 -0.5143576882140934,82.43059646906497 -15.012503646318338 698.5974250094523,0.69
15,338,29,0.0,0.6901955815342147 0.7221856768473065 0.045584069445861186 0.4062700595612572 -0.33460418090136096 -0.8502850585700197 -0.5988110703174581 0.605382433078403 -0.5243447451680364,-73.649817176624 -6.8049644900431785 681.7301433248932,0.69
15,349,29,0.0,-0.19961595895352413 0.9797007235000871 0.018438039604875445 0.5195933514266259 0.12178411814938261 -0.8456898827110468 -0.8307684503423995 -0.1592329141226249 -0.5333560358481986,-115.6310405576127 -55.855084605681654 749.493839720875,0.69
15,362,29,0.0,-0.7818285336570278 0.551536267839668 -0.29077807554420565 -0.006590332713174274 0.4590328070280154 0.8883948725576428 0.6234586686176009 0.6964887847836968 -0.35525013891073687,-478.2600319728838 -741.1426359001651 5378.304059735836,0.69
15,379,29,0.0,0.28433089374300036 0.9587255192984826 0.0011495691200612557 0.3504906748952116 -0.10282941913864924 -0.9309040752790307 -0.8923632834640867 0.265087700969817 -0.36526193494495296,93.85177067304927 -78.80683563873151 810.8244839038384,0.69
15,392,29,0.0,-0.7591327003167379 0.6508944277334316 0.007347602016056831 0.22069922890464572 0.2679860217081206 -0.9378034669001547 -0.612380105547782 -0.7102956680950709 -0.3470888506055245,79.54582497103354 -34.05071168708926 699.931178293134,0.69
15,400,29,0.0,-0.9981768468037108 0.04478782705164232 0.04046026511274296 -0.02080101114481307 0.3740136943458552 -0.9271898804328691 -0.056659513237889994 -0.9263410856643233 -0.3724001779938996,13.807710849808446 -21.43236246181446 666.5472497531765,0.69
15,414,29,0.0,-0.3663431400290708 -0.9293953321627018 0.044911249234707795 -0.35134041470577926 0.09347279164198308 -0.9315700457920626 0.8615988722996403 -0.3570534326635664 -0.36077725742506606,-100.00484054556517 -42.16162887799987 705.4724994225727,0.69
15,420,29,0.0,-0.14539409193776454 0.9887199925750245 0.0359629574984629 0.38023735794099234 0.08939867911536781 -0.920558215322899 -0.9133893527163793 -0.12016926584976223 -0.3889463174905795,-116.01455014850396 -64.14451017189297 757.0811385447697,0.69
15,427,29,0.0,0.7030594482906154 -0.7106560701213135 0.025987731125026503 -0.26853701253859774 -0.2991501867574572 -0.9156402342950115 0.6584795251685057 0.6367708502771695 -0.40115782327053007,-100.21979100652896 -91.37177408791631 849.105683292546,0.69
15,437,29,0.0,0.08210876451619314 -0.8459925397464942 -0.5268346737667338 -0.008907705326933357 0.527975549782393 -0.8492128541289211 0.996583565776314 0.074420706293721 0.0358155678345444,237.2717426100995 -59.68968415277774 1329.822041907089,0.69
15,445,29,0.0,0.4738410208588324 0.8779770890755763 -0.0680508487076914 0.231040068871668 -0.19851668464395134 -0.9524765679499675 -0.8497618334140657 0.43559999652932924 -0.2969132356369686,53.31603854891665 -33.596050325960924 882.6665138570555,0.69
15,455,29,0.0,-0.07165004246214646 0.9974292439615144 -0.001083838334042686 0.10477695020846234 0.006445994038059455 -0.9944748563266317 -0.9919113176691685 -0.07136772695850019 -0.10496944997755753,102.64100763566883 -63.044347001927015 770.8283162154343,0.69
15,464,29,0.0,0.7416912854786226 -0.6699863096694298 0.031817949346347574 -0.09931031862568585 -0.15660571538078535 -0.9826556418830235 0.6633486999003861 0.7256672755234392 -0.18268964824219258,77.37850887326564 -52.30015335813342 692.2862638396639,0.69
15,471,29,0.0,0.9958025109798833 0.08948727423801602 0.01921944004412049 0.032941446058335475 -0.15449167689425605 -0.9874447746086797 -0.08539449781891806 0.9839331021567731 -0.15679103999401206,29.68218064787205 -45.33694808603763 662.4167428948513,0.69
15,480,29,0.0,0.7786016217153018 0.6264697144662255 0.03626584507367703 0.15994627092559444 -0.14224004629466874 -0.9768239143505275 -0.6067921432247606 0.7663572705251098 -0.2109498253945834,-59.9245199665507 -50.67566803478794 676.2024447639611,0.69
15,491,29,0.0,-0.0759352278084322 0.9964341097549054 0.03678187182064907 0.2201270257062386 0.05273062413438956 -0.9740449547285397 -0.9725111483841234 -0.06586764148917829 -0.2233461888487166,-113.76955980093409 -69.0699092244571 759.3607875434126,0.69
