scene_id,im_id,obj_id,score,R,t,time
3,5,18,0.0,-0.9025865236364969 -0.43017294695240993 -0.01699420666175603 0.4163018913174875 -0.8821784111679294 0.22012266161099955 -0.10968273626813915 0.19160502754235578 0.9753241567731354,-69.92907798883596 88.01369069370695 730.0022179302267,0.69
3,10,18,0.0,-0.996303170616659 -0.06379049052947466 -0.05753925214322322 0.04843249181064354 -0.9702823726837545 0.23707891301462378 -0.07095270224737293 0.23341570336460357 0.9697849367084451,-103.65429332317875 56.0248121620356 744.7896374336436,0.69
3,16,18,0.0,-0.9001714974337899 0.43105543798468365 -0.062309586675254595 -0.4290598456429658 -0.8530864964658053 0.29690247288382765 0.0748259584946486 0.29399768524859204 0.952872728649439,-118.1385503063852 3.525110463376035 753.5420994138796,0.69
3,24,18,0.0,-0.39812783436947724 0.9153411399050249 -0.06037238688042444 -0.8781460968425228 -0.3612658357633274 0.31360234136636655 0.2652426438197913 0.1778695969175005 0.947633234111116,-93.07839853684077 -64.24103346849594 775.9783878104562,0.69
3,34,18,0.0,0.4828444588951599 0.8750112926425431 -0.03487787640132564 -0.819978999842601 0.4657400783720714 0.33274707994977915 0.30740147743849267 -0.1320659575591027 0.9423709007193661,-8.057059115052443 -101.26304604483965 783.5723607203854,0.69
3,41,18,0.0,0.9053979275316727 0.4243653211412942 0.012987187301270298 -0.41163110531670355 0.8699147052221298 0.2716767173941191 0.10399243221071883 -0.2513214671510203 0.962300937436911,55.14117190965642 -83.17427906395278 781.5073531358838,0.69
3,46,18,0.0,0.9997705922327786 0.0015228762575487048 0.021364544329876667 -0.006809735058340319 0.9683134883528863 0.24964497948546813 -0.0203073980350581 -0.24973319587465495 0.9681017201013935,87.84516165373277 -50.26105603660514 774.3034950398767,0.69
3,55,18,0.0,0.7367470776157794 -0.6741534946653699 0.05216137704353381 0.6517607080387177 0.728575961137373 0.21067759327850383 -0.1800325611701344 -0.12121936513289537 0.9761629691989446,99.09370211182586 28.842996887253715 749.1846422329947,0.69
3,69,18,0.0,-0.3937566570300359 -0.9178316609982963 0.050405725008567284 0.9019443955322083 -0.37519777008168576 0.213829232551983 -0.17734712406061243 0.12965984495918187 0.9755697423519195,3.6805762984595414 106.55631400659652 725.4570548965463,0.69
3,79,18,0.0,-0.9480419696906148 -0.3167914083356168 -0.029319401594778402 0.27493548308827975 -0.8621660933775611 0.42553508382868827 -0.16008405243544283 0.3953641752040908 0.9044668402550947,-81.46058700601125 63.59076853566363 720.7835648927014,0.69
3,88,18,0.0,-0.9184520498679006 0.39374265137074804 -0.03758399373383433 -0.364165755018375 -0.8047060135165364 0.4688619569577179 0.15436688428982503 0.44431402892757904 0.8824714775746552,-117.2759002330593 -3.7667461382585374 750.2463414274116,0.69
3,101,18,0.0,-0.06149289682878821 0.9959075660579775 -0.06623249586176894 -0.883104613105858 -0.023364125201353142 0.468594024678856 0.46512887026151883 0.08730542664720634 0.8809272935533287,-60.10995607579246 -95.26070456804685 806.530060583787,0.69
3,109,18,0.0,0.6707222638440142 0.7416651200874149 -0.00803084240169874 -0.6626639804839889 0.6040713590107439 0.44268978098893186 0.33317877146222286 -0.2916001420929579 0.8966388701022785,15.38941816437635 -104.26079883438065 808.730903020974,0.69
3,117,18,0.0,0.9892953048219107 0.14564668867807487 0.009046653217329732 -0.13761688558240573 0.9105385348582872 0.38984762323338934 0.04854268904708248 -0.3869193955014863 0.9208349410859922,80.19531351863023 -69.0706300445941 798.0385509573405,0.69
3,144,18,0.0,-0.574101909979579 -0.8187705074648933 0.004674726032640075 0.6570995703327981 -0.4573209152319505 0.5992309531056145 -0.4884947815752501 0.3470913951642881 0.8005625595646203,-16.359208438979373 67.35371694359104 688.4919726955815,0.69
3,154,18,0.0,-0.9918260870588832 -0.12599615703702133 -0.0201489811496001 0.08917888996846332 -0.7974394612229522 0.5967725121588965 -0.09125863582947857 0.5900976818259414 0.8021574579159582,-97.05933011248378 31.34866850190055 723.5091516652197,0.69
3,163,18,0.0,-0.8173248205637687 0.5751493461929017 -0.034400105585318475 -0.47514105377947574 -0.6390279623524325 0.6048836601736134 0.32591581229472844 0.5107313314312876 0.7955704810956046,-116.2614978814347 -34.27457566822255 769.8474756281611,0.69
3,179,18,0.0,0.4957697121380115 0.8681565532801849 -0.022728649833689968 -0.7332578669300271 0.4324710568948596 0.524691991108564 0.4653442737498975 -0.243460436097762 0.8509886738043391,-9.471890208057262 -111.10390880729787 861.4010296832981,0.69
3,190,18,0.0,0.992474778685002 0.12226270550279708 -0.006756072623390001 -0.09554414581834147 0.8077323250971661 0.5817557968709633 0.07658413591599575 -0.5767324525603378 0.8133354463502362,82.62219804271214 -69.61379054138372 803.8398288273747,0.69
3,203,18,0.0,0.5455868207795861 -0.8380365994933501 -0.005447834546498054 0.7005888913162894 0.4525176432598877 0.5517272767434372 -0.4599024095999456 -0.30483182322083635 0.8340067944543524,88.81139002685556 25.164300899798363 737.0141830369689,0.69
3,216,18,0.0,-0.6035522757650589 -0.7972635066635936 0.009775037661746089 0.5626618088481861 -0.41720141109008213 0.7136908794766343 -0.5649215337394264 0.43624979487320625 0.7003925879037987,-20.646763365751948 44.94355875409226 687.9268016531569,0.69
3,225,18,0.0,-0.9863285870182597 -0.1634931928683102 -0.02063720708547684 0.09942076916891822 -0.6902566702848791 0.7167016393068264 -0.13142080919102583 0.7048515482092361 0.6970745052708633,-95.1696563536351 16.682082091619453 726.5907642632499,0.69
3,233,18,0.0,-0.8730238518877027 0.4870310067802389 -0.02510283788310172 -0.34777846765327125 -0.5856709712392474 0.7321472876986019 0.3418764271954138 0.6479122717485011 0.6806836244877612,-117.51577064487789 -32.692294652918214 768.1257269932734,0.69
3,238,18,0.0,-0.5790992976624043 0.8145466503213186 -0.03402584160942379 -0.5791684697277217 -0.3816672477806978 0.7203429708442752 0.5737664046632209 0.43685680310809727 0.6927829721189845,-106.59777925537217 -64.33135498277004 811.9427521436965,0.69
3,251,18,0.0,0.31449284751542483 0.9475270791480492 -0.057329600930111135 -0.542556460829904 0.22897962094840305 0.8082084013433999 0.7789266561579262 -0.22307121614294334 0.586099391618128,-4.254026406035354 -105.43613625623689 856.3968836224025,0.69
3,261,18,0.0,0.9870289405367987 0.1596346144090674 -0.017048766092387507 -0.0960233995940808 0.6721273171482928 0.7341827948634002 0.12865992877815552 -0.7230225856952924 0.6787377721191692,78.22842796267751 -72.46298048275747 809.8884213167628,0.69
3,269,18,0.0,0.851320628295958 -0.5243657305731463 -0.01713967439205827 0.3749417485434565 0.585226272094844 0.7189776739573677 -0.3669766655210527 -0.6185069046101765 0.6948218015524464,102.8362195750045 -25.271107487708644 768.4784809611386,0.69
3,281,18,0.0,-0.00923790435192362 -0.9999566459694309 -0.0011693180710506956 0.69969336702345 -0.007299384686085181 0.7144059848059733 -0.7143835477294901 0.005781450057824711 0.6997304635133851,45.164810617075304 37.54935263271002 698.9430214486935,0.69
3,292,18,0.0,-0.8036208956917289 -0.595077041979301 -0.008761855784505473 0.32201885327710517 -0.44715665867341264 0.8344787479247913 -0.5004970670660533 0.6677830760907275 0.5509704612273549,-53.43275321388605 16.529456922827272 691.3554090104924,0.69
3,302,18,0.0,-0.9784596779004138 0.20536536974894068 -0.0210172222450897 -0.12918252999992078 -0.5296965503109305 0.8382919768979775 0.16102339167288143 0.8229499556452875 0.5448163340407306,-113.94483533415237 -22.63773414164046 748.0157886539373,0.69
3,307,18,0.0,-0.7936983890691135 0.6071499547736949 -0.03757392190594466 -0.3550984565987984 -0.41228095323996833 0.8390050665619928 0.493910875877668 0.6792594114282429 0.5428247402946104,-115.87858494258127 -47.92803294537884 790.6745548368226,0.69
3,318,18,0.0,0.027542488762989425 0.9987833792182418 -0.040904433868844736 -0.6152712090091143 0.04918870993758845 0.7867793910488117 0.7878342152237383 0.0034974579434039477 0.6158774367605381,-64.2459376142139 -101.7942958795701 967.9669401502922,0.69
3,323,18,0.0,-0.8765297252948753 -0.4098247102943198 0.2524665274975425 0.3892249953033135 -0.9120417590656973 -0.12916552462435307 0.2831952395532562 -0.014951138837077806 0.9589457334707988,14.4954021755577 -33.50782121903661 1152.8524054831305,0.69
3,328,18,0.0,0.647650654872391 0.7146591951369098 -0.26421745598962076 0.325723362901308 0.05380001344736923 0.9439331805871248 0.6888054297866893 -0.697400740865198 -0.1979375824270042,44.72656161796902 -96.78293626448374 907.6593841676449,0.69
3,335,18,0.0,0.9995065608194097 -0.006876250766390686 -0.030648850783567945 0.029246082637201506 0.5596799733267152 0.8281926068900793 0.01145868794119477 -0.828680303031516 0.559604908697432,88.77312221572548 -65.40156052404188 826.4513746635816,0.69
3,354,18,0.0,-0.15490731019419524 -0.987846839069763 -0.012741577150299777 0.5301978513234831 -0.09401068867069784 0.8426459688787592 -0.8336030012544107 0.12377646365742878 0.5383172144229645,40.29457178709784 17.56101948479971 687.1379341431482,0.69
3,369,18,0.0,-0.992288960995652 -0.12232114946021287 -0.020003856650701514 0.029461677421611474 -0.38953870882320574 0.9205387574088638 -0.12039363542012702 0.9128510999736389 0.39013874689300454,-92.6741293274215 -18.693165761590375 715.4750859214606,0.69
3,374,18,0.0,-0.9711985244823347 0.2372870749543436 -0.02163954950889012 -0.11261910935056063 -0.37710577283228386 0.9192976516371899 0.2099770517280935 0.8952575496225527 0.3929676291902423,-113.71632248311678 -35.634036948083605 753.5056617365109,0.69
3,405,18,0.0,0.9125444586703173 0.39566845812678086 -0.10348469545625424 -0.048502176818406045 0.3559473109235946 0.9332465112124119 0.40609130721301323 -0.8466096993832742 0.3440085276794579,75.72007297751132 -66.64634738724722 841.7189665542417,0.69
3,416,18,0.0,0.6927545834126274 -0.7204709780247393 -0.03182227183706837 0.29852842368337595 0.24631755773702843 0.922067481805743 -0.6564844761408417 -0.6482663268862119 0.3857186824766766,99.24077622216068 -28.759871117391125 756.7750029061184,0.69
3,428,18,0.0,-0.36556572109964236 -0.930595466600862 -0.018809069589494853 0.3568032282899303 -0.15876979013050552 0.9205887301199158 -0.8596820108847123 0.32982454621182944 0.3900802595330588,20.673361057407355 -1.4830152733804745 682.2318046987613,0.69
3,432,18,0.0,-0.5527798755502404 -0.8330334193000154 -0.022129878354512023 0.1926010505363963 -0.15355207631103407 0.9691886272510873 -0.8107646048755073 0.5314857309372428 0.24532360932280417,-16.054814056820085 -24.483469557487453 683.3489641444565,0.69
3,441,18,0.0,-0.9811771578284791 -0.1925426536221285 -0.014788897584905564 0.026842222458051956 -0.21182233156544616 0.9769395042394847 -0.19123514334227437 0.9581537592611776 0.21300350599117468,-90.79730580183973 -34.735672729767614 709.2893084302474,0.69
3,446,18,0.0,-0.9660351921835744 0.2577328012115208 -0.018703225457318576 -0.07471200110690278 -0.20928198984870483 0.9749970080033931 0.24737446180526956 0.9432787774060377 0.22142950061345457,-111.32420821639711 -45.107878672441004 748.4304950064941,0.69
3,454,18,0.0,-0.373946453803333 0.9211659208699668 0.10778402439924861 -0.28177888443400334 -0.2235647669686831 0.9330699090943653 0.883608912344732 0.3185469215014085 0.34316635736466816,-125.36438204017692 -68.97463425249886 940.1833070884023,0.69
3,459,18,0.0,-0.6077634667623193 0.7816324455636333 -0.1402650651846747 -0.032801548486661614 -0.2011885861242978 -0.9790031722268232 -0.7934403738693441 -0.590401450587242 0.14791382713781576,-156.97397920688 -198.81054591945727 2024.4560725673796,0.69
3,466,18,0.0,-0.9270781009257767 0.21287412007938228 -0.30856247954714794 0.050486724574643385 -0.7447212070419399 -0.6654633080972386 -0.3714529383725204 -0.6325147688255389 0.6796674052740769,-0.9795994369550645 -48.10192879514757 724.0687404735843,0.69
3,476,18,0.0,-0.7125193992406006 0.4028102413605901 0.5745084987716341 0.6471284967136883 0.6937209371601207 0.316189769105146 -0.271184096965319 0.5970721654881483 -0.7549596113385124,70.96786704471242 -215.39096488909922 11323.53933647591,0.69
3,493,18,0.0,0.38943450789676637 -0.9201901307093421 -0.03988592990425943 0.23720296390429513 0.05835467816927212 0.9697058757431444 -0.8899862459466558 -0.3870979913160034 0.24099715173606132,75.93005090983465 -30.3414191540191 715.6350975155208,0.69
7,3,18,0.0,-0.5242411728832048 -0.8331297748947547 0.1762554136412754 -0.8384395884312518 0.4687747678721933 -0.2779735123309487 0.1489639191390813 -0.2935046766070115 -0.9442800196999505,45.84019170430487 -63.85587649928551 793.6286615162721,0.69
7,13,18,0.0,0.2518940374494494 -0.9652815469120702 0.06914426287448207 -0.9474929596351062 -0.2605336454902407 -0.1854165877408821 0.19699361750910066 -0.018808369376579898 -0.9802243416188319,89.8481077054489 4.27753489220125 755.401736031438,0.69
7,21,18,0.0,0.8241391136426331 -0.5635343028794549 -0.056778612544708215 -0.5663306121759114 -0.8184854102753544 -0.09670196936382516 0.008022410908992722 0.1118513417199434 -0.9936925672856045,76.1368514010882 66.44409323853318 732.0262291093923,0.69
7,30,18,0.0,0.9737168288054177 0.16818399311314675 -0.15358932828044822 0.1508112743837286 -0.9814249560586674 -0.11857915138842277 -0.1706795149391924 0.09229951292265724 -0.9809940382562792,15.394469085595048 108.81739216891818 724.2862948349529,0.69
7,39,18,0.0,0.5074332276966137 0.8456371190241472 -0.16555779159537362 0.8061786921038607 -0.5337439493699736 -0.2553298120248628 -0.30428183617676774 -0.003906333253016009 -0.9525740416017072,-60.535372090140655 97.77445097324437 731.8346286158977,0.69
7,54,18,0.0,-0.5715452189764256 0.8182829504129707 -0.06122969646040907 0.7349629852357635 0.47730673616909913 -0.48167176577098414 -0.3649184470515636 -0.3202987553379607 -0.8742100630457353,-103.4341150246594 -9.837135403588771 768.8414906817567,0.69
7,62,18,0.0,-0.9873434439755812 0.12624020956928161 0.09600173501735468 0.0651978573209918 0.8748862976849356 -0.4799199990872422 -0.14457580378192653 -0.46758675730932636 -0.8720438414149596,-64.45658489622733 -62.56002992448625 788.3480917163522,0.69
7,67,18,0.0,-0.9158169769000358 -0.3637756020225181 0.1701369336588437 -0.40126555279016135 0.8117074888020614 -0.4244018246504809 0.016285606088980886 -0.4569444867769014 -0.889346116558963,-23.740242726923515 -77.8010116595785 795.4050398906111,0.69
7,71,18,0.0,-0.7492488603041432 -0.6376309755472256 0.1790331934464553 -0.6534124450238361 0.667576728312998 -0.35692224433745456 0.10806628531098367 -0.3844061014573086 -0.9168171176093292,12.110663724251953 -76.12518441342777 794.6815377571863,0.69
7,81,18,0.0,-0.10625373157302964 -0.976590916152225 0.1870302836862641 -0.9443261941275709 0.040205578486284255 -0.3265448675804299 0.3113810906451189 -0.21131420668649126 -0.9264923758138084,80.00782038651305 -37.51392956223604 798.0843640278574,0.69
7,87,18,0.0,0.3636430954599501 -0.9287299161740917 0.07228030110320498 -0.8830941746096116 -0.3683891092731586 -0.2905755374072249 0.296493470239859 0.041835475044432816 -0.9541181347888387,92.44906642483122 7.627070771052808 761.3824149271802,0.69
7,94,18,0.0,0.8666657489301605 -0.49491987855153136 -0.06280759067072683 -0.49463797642559443 -0.8360433481107145 -0.23741270470937267 0.06499039859023159 0.23682447908601886 -0.9693763016479816,75.62167071757116 58.92938904055584 737.5775311094895,0.69
7,102,18,0.0,0.9852532206421348 0.12558201953665024 -0.11621208019563412 0.09094903445315121 -0.9596777174229897 -0.26598299158750716 -0.1449288251050826 0.25149122261203627 -0.9569471252910285,19.34554218460887 94.4220459733447 718.7982922648303,0.69
7,112,18,0.0,0.5116081481391058 0.8359954798948472 -0.1984153732780259 0.7211414088952413 -0.5433335278781782 -0.42981827073780754 -0.46713185626144227 0.07681298769633174 -0.8808448182210658,-64.40225082006374 82.67734150076963 729.6585301203389,0.69
7,130,18,0.0,-0.8236368821360598 0.5668286717616666 0.0180981560965513 0.430048337654413 0.6450540221838554 -0.631635761927004 -0.3697035483544435 -0.5124554276552601 -0.7750540116667988,-92.19760647549899 -43.344445279180896 794.8998872170104,0.69
7,155,18,0.0,0.08438311982261693 -0.9862500216539914 0.14209287060406323 -0.8609084935471928 -0.14396220354086475 -0.4879666481328017 0.5017131200470093 -0.0811528110367093 -0.861219000274341,89.17055960060911 -24.574870375558234 790.4974280872162,0.69
7,166,18,0.0,0.8967753766533687 -0.4419897136999814 -0.02095272802328034 -0.4150045140879104 -0.8237080177279701 -0.3863629832389685 0.15350953428001285 0.3551762865311627 -0.9221087942163154,74.11226947639076 47.40216446802524 734.5428174926724,0.69
7,185,18,0.0,0.3357296137873158 0.921687398273259 -0.19436554810585907 0.6784976976778712 -0.3797542645088846 -0.6288303211782527 -0.6533961284489281 0.07924038396920546 -0.7528575302647671,-76.41113020028259 59.662733471661525 732.6074887601987,0.69
7,198,18,0.0,-0.5558842181011774 0.8295255512529831 -0.053666524803431315 0.5614162015412543 0.32703844906366863 -0.7601695215417548 -0.6130290243642893 -0.45269549661164654 -0.6475045966126437,-104.42846728435062 -24.901462817768483 784.3227249512535,0.69
7,207,18,0.0,0.5074549695537781 -0.8604012348981633 0.04689529678858506 0.43397783741805 0.2081802655389639 -0.8765410507615025 0.7444143271761543 0.4651566317122028 0.4790371775436969,-53.410547986444264 -67.4280760003641 798.6386634040246,0.69
7,219,18,0.0,-0.5186887558681736 -0.8251347308396563 0.2238630172629997 -0.6405043104288289 0.20158442079579808 -0.7410249318440729 0.5663181110100722 -0.5277465274680551 -0.6330619242123102,43.15997517088078 -68.52453475894959 841.899908196698,0.69
7,229,18,0.0,0.07432457898361278 -0.9881099859527933 0.13459016538841156 -0.7909208889436883 -0.14061109669213945 -0.5955440092214515 0.6073878533453194 -0.06218661550048338 -0.7919676890259854,93.5384641305222 -21.44833600565252 794.3360103008968,0.69
7,239,18,0.0,0.894889366519935 -0.4461671713359191 -0.010386381066293013 -0.37803450307716124 -0.7454538885779532 -0.5489885376646878 0.2371980947915759 0.49521041510262404 -0.8357653430246635,71.40333604845952 34.175372104663424 726.0628342604482,0.69
7,251,18,0.0,0.7596161986191449 0.623167412694892 -0.18613330317423935 0.3705340106452658 -0.6498763219680255 -0.6636002660491067 -0.5344976873200978 0.43511279215907384 -0.7245613019952152,-23.167299662196555 58.314476895001064 702.8039367609056,0.69
7,270,18,0.0,-0.4819486202459688 0.8751697563924808 -0.042466750981594636 0.44471229057101314 0.20256370659718637 -0.8724671474529526 -0.7549546384108716 -0.4393698240270205 -0.4868240459101987,-104.9668730660201 -27.159045657342336 780.7603364089044,0.69
7,277,18,0.0,-0.9100806476778744 0.40592479729842446 0.0835360620358275 0.129646093067142 0.4703072008877961 -0.8729278477317084 -0.3936306711559029 -0.7836046169665667 -0.4806440460403456,-72.85103461008134 -60.55909200098673 818.1875941353244,0.69
7,285,18,0.0,-0.6821473875537887 -0.7067147261178918 0.18769453252999793 -0.5214863376228415 0.29025789179103356 -0.8023729531369687 0.5125689625077362 -0.6452167481871015 -0.5665407368694729,-10.177975603641269 -77.54175612138786 843.9178095364209,0.69
7,289,18,0.0,-0.18054305937323167 -0.9479267394801159 0.26237206461578644 -0.5345229793499608 -0.12936373872444318 -0.835194712417455 0.8256448317884605 -0.2910325062288243 -0.4833328998311352,31.571509150574105 -67.01474823818705 861.0675018217487,0.69
7,295,18,0.0,-0.41499038491406903 -0.8757663150803128 0.2466096952666771 -0.6377447611707199 0.08668303018773116 -0.7653546053149315 0.648894906767016 -0.4748888434656299 -0.5944880035153798,72.78959058303774 -49.21702508566926 833.6750630201725,0.69
7,306,18,0.0,0.678884887564832 -0.7326303381035987 0.04866309819865672 -0.501822655596046 -0.5113479114918356 -0.6976369655798567 0.5359937795969443 0.4491949477711705 -0.7147968712370234,90.30128734756458 0.4596858578937687 755.2050937713581,0.69
7,314,18,0.0,0.993713309263983 -0.0992848643816643 -0.05173369014808444 -0.10709567211911893 -0.7083479227178114 -0.697691720887324 0.03262477593758543 0.6988460031266374 -0.7145277376763944,48.73160415429204 29.594482560908464 712.9533394433171,0.69
7,328,18,0.0,0.3920219741420442 0.9022173612803911 -0.17978488477628807 0.4188513448375609 -0.34904136884318265 -0.8382921172024965 -0.8190740642442181 0.25332578992342214 -0.514726841579233,-68.65872606996243 26.429793585914517 717.9136731159052,0.69
7,342,18,0.0,-0.6456709012410851 0.7618743802860988 -0.05154140039034477 0.2821660546745665 0.17532030197262083 -0.9432100027595228 -0.7095712824515339 -0.6235464861418932 -0.3281743054234798,-106.35602677940108 -34.40418408794337 809.9008582690203,0.69
7,348,18,0.0,-0.8039207668841396 0.5873520988511314 0.09342864950103724 0.12681251942437125 0.3227673858959912 -0.9379444543890174 -0.5810593648584113 -0.7421851026375017 -0.33396300383919864,-77.22418058539589 -56.689590801405174 830.4279007790758,0.69
7,354,18,0.0,-0.7552909170175488 -0.633235014911934 0.16896463109264293 -0.36007286759977486 0.18551832382976186 -0.9142923392120657 0.5476158879079982 -0.7513962785460668 -0.3681310526128655,-32.62271207481209 -70.75922154275317 879.3466420373421,0.69
7,366,18,0.0,-0.9015373852425775 -0.3990691436796303 0.16725478041832775 -0.35343852433237577 0.45616538208651203 -0.8166972227843187 0.2496228205267481 -0.7953973615424387 -0.5522965550531689,75.85687071877186 -60.898570614046605 987.0817716504831,0.69
7,378,18,0.0,0.7519390266395739 -0.6558603366422743 0.06659518778270546 -0.3540634380819644 -0.48700126173921665 -0.7984164658109139 0.5560816325234182 0.5767815790088082 -0.5984114204175888,92.89499447738143 -12.688409705678698 771.7757947080212,0.69
7,385,18,0.0,0.9657340789945629 -0.25398980554246803 -0.05335604322868585 -0.1931896046454301 -0.5662282274276609 -0.8012885691940645 0.17330743009307054 0.7841395112762959 -0.5958940858322954,59.95763752678044 6.965032579897444 715.3827380652691,0.69
7,393,18,0.0,0.8787307939530543 0.45486787628934383 -0.14466308056535165 0.12110732160242171 -0.5056267629061751 -0.8542099234305992 -0.4616981789144537 0.7331008059967229 -0.49939763699284007,-5.479554942309325 16.316341911230573 693.6504673435991,0.69
7,399,18,0.0,0.4883296809457006 0.8523348971033717 -0.18724141071689948 0.2585681050058804 -0.3462509614284464 -0.9018053042556051 -0.8334726496899211 0.39196363975458387 -0.38947124069589634,-56.86258918396585 10.012553923672833 711.2902868743884,0.69
7,413,18,0.0,-0.5638513666835869 0.8235886906663863 -0.0614272325233548 0.18505664680536293 0.0535069702849259 -0.9812701165347302 -0.8048761853615786 -0.5646580139671755 -0.18258053976379462,-110.77827263237229 -32.70338560889591 812.7192078840511,0.69
7,428,18,0.0,-0.5051200920628232 0.8319218798704939 -0.22969475045631466 -0.28421682979652235 0.09095247183242772 0.9544361903909482 0.8149076550474046 0.547388010153963 0.19050427838981787,47.10026368738384 -92.01012024055326 930.2683308239432,0.69
7,435,18,0.0,0.4621852225582114 -0.8787292755663626 0.11924630103878428 0.7469117026685367 0.3132624113931225 -0.5865062403972813 0.47802481992633405 0.36014097499560055 0.8011184367268138,-446.72239966698675 -500.50677792849893 6528.212619542061,0.69
7,447,18,0.0,-0.9283453164902525 -0.2733102599768513 0.25194538126744603 -0.15900846117073603 -0.3206604632659168 -0.9337522029822483 0.33599298002596323 -0.9069059317754367 0.254224995395415,95.42552588148537 -38.548311590131505 806.4878936169174,0.69
7,450,18,0.0,0.5889380108676474 -0.7950530425913 0.14506094864426983 -0.28088553333179833 -0.3696653160268063 -0.8856923118621458 0.757796368769454 0.4808723464632978 -0.4410288538029138,93.05012075575132 -33.94234474249633 796.3232731236759,0.69
7,458,18,0.0,0.9834290490003547 -0.17303526441020248 -0.054093464048344454 -0.126415341843469 -0.4406354432786798 -0.8887404387520578 0.1299479393020801 0.880851408239263 -0.45520800704079256,57.652612268976874 -21.218060082635958 731.7945277557471,0.69
7,468,18,0.0,0.6433368025430266 0.7426698588599997 -0.1859011544735102 0.11067338311369468 -0.3304901249694912 -0.9372980740233172 -0.7575415241185695 0.5824240362815725 -0.29481024608652373,-26.102426010293552 -18.881579711682576 713.078938637306,0.69
7,478,18,0.0,-0.028829068027450777 0.9773515832532756 -0.2096491534659375 0.06673420342688174 -0.2073865170948529 -0.9759802142565421 -0.9973542153766877 -0.04212736924591742 -0.05924401936710533,-96.71390500238054 -29.015465250791415 760.7999053103655,0.69
7,486,18,0.0,0.6203326330589133 0.7831543697272547 0.043088949155233036 0.021142795733380626 0.038220128851363916 -0.9990456465743505 -0.7840538288604759 0.6206516373358664 0.007151120299369762,-149.67993515636547 -46.11936856159056 734.4907143971407,0.69
19,1,18,0.0,-0.6671360018553775 -0.7439086589251876 0.03910833932233082 0.7267667399229009 -0.6384426445829886 0.2533793506182342 -0.16352266133554774 0.19746112719724956 0.9665761441685446,4.996673561510244 105.75320736119858 719.9692837320887,0.69
19,6,18,0.0,-0.9225489881412051 -0.3857201397588534 -0.011105776156986671 0.3710782735005321 -0.8946887599860289 0.2486622964796358 -0.10585026884945938 0.22528203776393838 0.96852657374252,-43.07523428232441 100.52196401063914 718.3859313545728,0.69
19,17,18,0.0,-0.8676234413079321 0.48625074276519786 -0.1038738622237316 -0.49130898355558983 -0.8062677512803346 0.32946592528351965 0.07645290557300322 0.33688652155532434 0.9384361591625721,-115.3266596606792 32.326812540263916 738.0344654611555,0.69
19,33,18,0.0,0.35285437305261425 0.9342051863239833 -0.052482961644884474 -0.8748005872071061 0.34927911910674175 0.33574995097262633 0.3319905481180888 -0.07255871278757903 0.9404879101609234,-59.07496538858811 -92.12828824492638 774.964080732299,0.69
19,42,18,0.0,0.9256924982431084 0.3782139645181162 0.006898966583618195 -0.36657488648706427 0.8924057905093571 0.26312498486910285 0.09336086596336127 -0.2461018124859278 0.9647370867742737,25.52114211875079 -99.6021969166159 782.1032714077949,0.69
19,47,18,0.0,0.9997354554871952 -0.01996989349361219 0.011411502778519695 0.017156894535742734 0.9779216094501277 0.20826657614788105 -0.015318616507367053 -0.20801569441829507 0.9780055270109543,68.74150599089961 -78.24562099992175 787.1676800602019,0.69
19,55,18,0.0,0.7456994606218349 -0.6641683349953125 0.05303524505325545 0.6375534215991554 0.7344037007026352 0.23275918671769738 -0.19354056173193807 -0.13975559804111118 0.9710872379867102,102.41950668895916 -11.807531670045835 758.479353189107,0.69
19,74,18,0.0,-0.7493241253576146 -0.6620651838305186 -0.013529505405136338 0.5911406268680243 -0.677980353845564 0.43691578028897415 -0.29843946525740395 0.3193936946135687 0.8994006634520397,-9.669301131051693 86.76590678146684 698.7501266703499,0.69
19,80,18,0.0,-0.9803586590337241 -0.19553925249653062 -0.025715761522777755 0.1635869209320567 -0.8790507251214105 0.44778247170193197 -0.11016450861129172 0.43478066124957826 0.8937726543399118,-65.76182952983025 73.42181285975488 708.0209808001207,0.69
19,88,18,0.0,-0.8881266778728437 0.44593502685190206 -0.1112337892779865 -0.4418727692277042 -0.7619205496249267 0.4735245842343243 0.12640988832202238 0.4697009983871048 0.8737285117521177,-113.56610450786933 21.1013743827917 730.853947988166,0.69
19,98,18,0.0,-0.21886030715515808 0.9743820476725671 -0.05176669900008157 -0.8800820583912394 -0.17421224258926754 0.4417076691997288 0.4213736304632609 0.14223121916595305 0.8956643030984195,-104.61683462261033 -61.510802848501854 779.2468919946896,0.69
19,109,18,0.0,0.7125887766952228 0.7009673332349562 -0.029360399613760996 -0.617928496188695 0.6468908014913445 0.44687432746115985 0.3322372780498658 -0.3002950027612178 0.8941148149933857,-17.03082768004326 -107.85608479101116 796.0440049951687,0.69
19,115,18,0.0,0.9523429949440192 0.3046246206657914 -0.01570542789224478 -0.2710338947103303 0.8687042685418999 0.4146004362458298 0.13994087286852755 -0.3905851178697231 0.9098680221875529,39.96066976328674 -100.41394275416758 803.5833646989823,0.69
19,123,18,0.0,0.909434675594992 -0.41584281291162895 -0.001823670796883739 0.3852207992506491 0.8407973198506877 0.38034826508949826 -0.1566317549225651 -0.3466044169967315 0.9248415385720049,94.73096297194293 -52.72718338643228 791.1858141081716,0.69
19,128,18,0.0,0.6633565012752025 -0.7477179274976631 0.029598194446984277 0.6658659455156641 0.6078630211269915 0.43257957666641783 -0.34143915243927836 -0.26724604476954555 0.9011097917216199,103.45470181720539 -10.007074012477666 755.3774256296267,0.69
19,140,18,0.0,-0.3061720688717629 -0.951934010996853 -0.00896119133975376 0.8382096688621419 -0.2740332511552619 0.4714979621242231 -0.4512906106588112 0.13684814930688813 0.8818216195821444,45.69873895972375 74.3973368831992 704.3296741501283,0.69
19,145,18,0.0,-0.689353867583421 -0.724418908275533 -0.0029138600968932615 0.5721774430192348 -0.5469396952545977 0.6111218728328893 -0.4443019456943101 0.4196119815826196 0.7915311528705348,4.003665016730974 64.98142523207201 686.3695175463304,0.69
19,150,18,0.0,-0.9238076327553534 -0.3819449700050431 -0.026410178923985783 0.2898540165726726 -0.7427990879461568 0.6035181555040796 -0.25012818061873604 0.5498795821215807 0.7969117507140658,-43.53833416733112 60.488994723683184 689.265363047798,0.69
19,161,18,0.0,-0.8695618625163108 0.48444918913021173 -0.09576612348970191 -0.4374886014641345 -0.6657865988262507 0.6044269421628465 0.2290543403782609 0.5674832050153147 0.7908836331467654,-115.43742134925415 2.237412573721682 733.4571035794715,0.69
19,180,18,0.0,0.5730179504764333 0.8185698723928098 -0.03992233012496765 -0.6421043596268253 0.4786917453297508 0.5987956281582067 0.509266550815987 -0.3174863413817611 0.7999062465414379,-32.04528939684953 -108.34402673555805 820.7959471490816,0.69
19,186,18,0.0,0.909410588978373 0.41588505338175036 -0.0034645385937250445 -0.34123341297253534 0.7508813073293437 0.5654529336509724 0.2377648807648512 -0.5130466691023678 0.8247732881209489,25.792365104704462 -106.79520497347085 827.4691616743819,0.69
19,196,18,0.0,0.9008542315370685 -0.4339959850465288 0.010446936644349356 0.3559435215322151 0.7521878355091717 0.5545427572255116 -0.2485273888347186 -0.49584366999642165 0.8320896537774497,97.06678053515093 -56.27165745693317 801.5808667645949,0.69
19,219,18,0.0,-0.8219705033383725 -0.5694255757784255 -0.010908954627780298 0.3719509516480687 -0.5512225519265465 0.7468642365354508 -0.4312968597262892 0.6098427763751852 0.6648870632620602,-18.983504301136715 41.20477838047911 676.7169938079851,0.69
19,225,18,0.0,-0.9918017042181162 -0.11962992870703715 -0.04492281900759941 0.0490180480754385 -0.6808182821046085 0.7308103021407155 -0.11801106080751213 0.7226168742215193 0.6811007580508245,-72.64810814064406 27.289566160027157 692.5153524164284,0.69
19,234,18,0.0,-0.7941550756364613 0.5969800614953874 -0.11372124699373412 -0.4880613990275734 -0.5150288903233626 0.7046568760123848 0.3620963775296492 0.6151097855742902 0.7003757313547184,-120.92353643263057 -21.71206390316231 757.8366525821654,0.69
19,255,18,0.0,0.7352459482607883 0.6770365041345301 -0.03217091287776369 -0.46368665920593277 0.5370377955160833 0.7046879367930649 0.4943764533637655 -0.5032017271994601 0.7087876579787099,1.526345798608561 -110.11677171808492 863.546681546517,0.69
19,263,18,0.0,0.998771855969552 0.036289819119900674 -0.03373171729072396 -0.002981956685153969 0.7236147243295326 0.6901976808623908 0.04945591630396003 -0.6892494321809338 0.7228342358942306,71.73147244381539 -87.23749707067118 840.5653774002008,0.69
19,278,18,0.0,0.2008101229451847 -0.9791536493638799 0.030552012374565785 0.6629941978476694 0.1587978065722098 0.7315886482499439 -0.7211892873185686 -0.1266545994634654 0.6810613953908149,88.89913956407077 6.848035178911542 726.003743972339,0.69
19,287,18,0.0,-0.5483894288583984 -0.8361341883634752 -0.012192348670871378 0.554886817664328 -0.37476012227621336 0.7427351279789266 -0.6255954394804317 0.4005427190715992 0.6694743283353108,19.591733671674756 40.03783546270817 679.0087945803392,0.69
19,291,18,0.0,-0.778716618861092 -0.6273429904804115 -0.0064187073965922825 0.3237117039775924 -0.4105430245190112 0.8524465717725108 -0.5374115371086412 0.6617365014217343 0.5227749443772637,-13.33751353443687 18.31410089239084 678.5577751961919,0.69
19,296,18,0.0,-0.972317892093732 -0.22644537362264805 -0.05762299436250416 0.07194981532578544 -0.5247778469258995 0.8481930413829168 -0.22230866107506297 0.8205673062831083 0.5265435927540053,-60.17517725425547 10.638419402026148 684.7698142227202,0.69
19,307,18,0.0,-0.749982660086963 0.6555217403357642 -0.08841525612728818 -0.4396386050983573 -0.39413373995577805 0.8070789874204642 0.49421038685569285 0.6441660057591072 0.5837861342549208,-123.08123613078659 -36.669071680601455 778.6673643228255,0.69
19,333,18,0.0,0.9538414813049094 0.2989590719481232 -0.028458774428512454 -0.1491257524682365 0.553774380479147 0.8192041537222081 0.26066825371118424 -0.7771469673265501 0.5727954719464076,52.53912026072402 -93.54848650494762 873.3878668574812,0.69
19,345,18,0.0,0.9768050219445576 -0.20702305788154965 -0.05471199694092937 0.15284205562776823 0.49513039402536224 0.855269079847838 -0.14997084761836185 -0.8437934263892211 0.5152876851303241,109.56132751954993 -36.179688714707396 800.6945219757903,0.69
19,356,18,0.0,-0.3086538753655085 -0.951170074888391 0.00287643158548756 0.4828955109506855 -0.15409236638004292 0.8620136124952293 -0.8194783162021615 0.2674528580146631 0.5068769653616736,51.389094775060926 10.905569532458417 685.1024443700657,0.69
19,364,18,0.0,-0.8700140200391412 -0.492336676219704 -0.026080686039039985 0.16421868828667593 -0.3392591967835771 0.9262480336363288 -0.4648739908327161 0.8015658392463443 0.37601114079315145,-27.10015966262308 -7.492766105982127 693.3677454114338,0.69
19,373,18,0.0,-0.9829818786507293 0.18114079291008642 -0.03057187250052104 -0.09937346834823249 -0.3843575538046172 0.9178203444148392 0.1545041748067856 0.9052387994210347 0.3958170991632861,-99.21374541293339 -27.495858220989472 714.9377090541323,0.69
19,411,18,0.0,-0.9639130457852311 -0.09167277632455537 0.2499354761653237 -0.23472413507356957 -0.15029215101461746 -0.9603732866741785 0.1256034258251092 -0.9843822283159867 0.12335075190953959,67.3249350781852 -27.83192429925172 195.30936147372424,0.69
19,426,18,0.0,-0.2943565532866428 -0.9535806734608334 0.06354619374275 0.2735643651468809 -0.02036222043992475 0.9616381430145852 -0.9157056064363653 0.30044846343547704 0.266859444577607,69.3252373820211 -10.646368421231331 700.5165768828547,0.69
19,435,18,0.0,-0.7198563714113944 -0.692784880245671 -0.04308032313495541 0.1229072793932604 -0.1883017889232842 0.9743901872250347 -0.6831548910829577 0.6961260992027827 0.22069854734037087,-15.468597423957155 -30.774181576897817 681.9269839421535,0.69
19,445,18,0.0,-0.9750091733344688 0.21702938708530517 -0.04749059964890524 -0.09334334177016784 -0.2062050916095115 0.974046446911794 0.2016038999146928 0.9541371522667428 0.22131010416042174,-98.56135303335087 -43.8965442725546 723.115478452169,0.69
19,458,18,0.0,-0.7726150605163782 -0.6330106437257106 0.04861577103404324 -0.030243245478658698 -0.03979178597637356 -0.9987501989345124 0.6341540147047803 -0.77311974408805 0.011599436841390198,584.6506672416097 -714.912655767051 5878.223028093569,0.69
19,481,18,0.0,0.42253622475743174 0.8710343232372839 -0.25052414356764946 0.13371905579486115 0.2134755650217542 0.9677537895849201 0.8964275502711125 -0.4424108846775924 -0.02627272794595384,78.64458574234614 -45.81073154142989 685.7080909871305,0.69
19,488,18,0.0,-0.34365459842972385 -0.7591118458229229 0.5528568734396093 0.1907729939184477 0.5200043286940889 0.8325870302441676 -0.9195146446737525 0.3915925224908224 -0.03388383921248711,233.07391057326473 -253.24109261050236 2998.2950169991286,0.69
19,494,18,0.0,-0.657418555521619 -0.7525684245986884 0.03796852845339266 0.058300560884271935 -0.0005633104994994254 0.9982989167989016 -0.7512668550231982 0.6585138183655139 0.04424549203278716,136.03378978819455 -33.48178396670821 732.4944993030064,0.69
