scene_id,im_id,obj_id,score,R,t,time
7,3,16,0.0,0.877971859126339 0.4785266567702943 0.013328666193005212 0.4630918172926229 -0.8419398095720114 -0.27691754334902835 -0.12129049154346588 0.24929820660825058 -0.9608012389891337,-30.517511930165938 124.20189909392015 709.8278123324086,0.69
7,13,16,0.0,0.09915375679465976 0.9936448662599805 0.05327675167172709 0.9511647714952552 -0.07891389215527111 -0.29842616355019064 -0.2923253495335024 0.08026504457166671 -0.9529446010340916,-109.26131547938633 68.84197336389225 725.2557974604335,0.69
7,21,16,0.0,-0.5299860073314493 0.8442753101462726 0.07946088792786271 0.7953111883461264 0.527382006875876 -0.29891191430761854 -0.29427019170201607 -0.09522299880274813 -0.9509666843663193,-122.48789901153526 -6.021083340434953 757.2367359357721,0.69
7,30,16,0.0,-0.9577844465375821 0.27627386674216364 0.07950914743619594 0.24227525887422624 0.924557913544359 -0.29410094090282746 -0.1547632156170328 -0.26242220763082336 -0.9524615121011667,-73.84843032184175 -77.58977966839173 786.1866869180813,0.69
7,39,16,0.0,0.8683344797924883 0.4952645836714689 0.02661246633129557 0.48422037904274967 -0.8349124126013463 -0.26163311679505563 -0.10735853819423796 0.24007135490292444 -0.9648004399003302,16.717406714202546 -93.78900970501378 792.4079640295253,0.69
7,54,16,0.0,0.25066163498176786 -0.966729773325412 -0.051012646613018575 -0.930136421877238 -0.22589637855649047 -0.2895117663454658 0.26835607212372886 0.12001821328973507 -0.9558141278685223,108.60200089476395 9.457579102350238 745.79781351829,0.69
7,62,16,0.0,-0.7913311951887468 0.6078053296403443 -0.06608797759004037 0.5992268342068097 0.749594266885592 -0.2811327732917953 -0.12133482883176608 -0.26207082308613383 -0.9573905906156182,87.50553527939105 81.99137826215735 728.9437314169732,0.69
7,67,16,0.0,0.9886719918089591 -0.1417613473861229 -0.049309360163947644 -0.14988436592559357 -0.9497879826708098 -0.2746588153058197 -0.007897433987674975 0.27893818017866356 -0.9602765862890887,48.904750637393526 113.37221038575923 717.8063683455376,0.69
7,71,16,0.0,0.980704820482101 0.19235222623844664 -0.03490954230984662 0.17610921513676744 -0.9467851919704895 -0.26941296295708367 -0.08487402091972127 0.2580666993754069 -0.9623918013191934,10.741338334632603 126.82676904794954 721.7442526142975,0.69
7,81,16,0.0,-0.4587994100240814 -0.8874166129396317 0.044663815783100524 -0.7920657856561399 0.38568850073770256 -0.4731555469310539 0.4026597727045458 -0.2524601661202317 -0.8798459933238706,-81.00063319134344 87.06629079292101 706.7181452080282,0.69
7,87,16,0.0,-0.006439178705736848 -0.9987098392997187 0.050370565447747345 -0.890514890295353 -0.017187925851979258 -0.4546293054425354 0.4549085261234954 -0.04778317790642511 -0.8892553068547369,-116.35638811779997 43.32209933534098 731.5390518867559,0.69
7,94,16,0.0,-0.5098822461999132 0.8582121713079152 0.059092842452239086 0.7439962859819738 0.47442242719048666 -0.470524055733304 -0.43184444126926147 -0.19594700711580648 -0.8804062408611137,-120.92486749808104 -18.91662014385707 764.00053211845,0.69
7,102,16,0.0,-0.9462940731365733 0.32287529974603013 0.01670532730911517 0.280411866024189 0.8453651814452554 -0.45467229450766367 -0.1609245554271497 -0.42556932550871496 -0.8905021261325723,-77.47049701372491 -78.42265087618522 799.8284685573738,0.69
7,112,16,0.0,-0.8271057961066931 -0.5613859798067775 0.027235706766999532 -0.525164665689777 0.7546584337395305 -0.3933099570272078 0.20024503978290753 -0.3396121759627941 -0.9190024450349182,21.18151045957215 -95.7533095015741 816.4349388010369,0.69
7,130,16,0.0,0.5298477281503075 -0.8477956885101473 -0.022446726210361895 -0.7612919877108523 -0.46378784260161066 -0.45313943384150895 0.37375913958218765 0.25718341237052783 -0.8911569996247765,106.27721698137019 31.57733642358599 740.2653605414314,0.69
7,155,16,0.0,0.30820527776906903 0.9512671316675995 0.01001753283939516 0.7400892028555214 -0.2331419832660223 -0.6308032874482064 -0.5977269264237386 0.20183077031930352 -0.7758781228906685,-99.00220524766229 54.25826223062773 710.2664067161126,0.69
7,166,16,0.0,-0.561169455734537 0.824967706220358 0.06720956512375734 0.6352383904875272 0.48131634975626003 -0.6039923498754973 -0.5306232460055056 -0.2962479622728747 -0.794151191932462,-121.3025554911491 -30.894704011770965 780.3514533318444,0.69
7,185,16,0.0,0.6288724801890949 0.7760330219195942 -0.04787643001686423 0.6304895787971821 -0.5450243072724423 -0.5526584799949662 -0.4549750484246021 0.3173661188163239 -0.8320315210005531,38.38371246151349 -92.86045332103706 853.5162630386873,0.69
7,198,16,0.0,-0.2728274912738583 0.9601235748895882 -0.06105637514993889 0.7654460200146176 0.17818668795249792 -0.618338010056232 -0.5828014674389508 -0.21543496739795176 -0.7835369961739198,110.11368709873703 -8.317658691095474 760.9967425524586,0.69
7,207,16,0.0,-0.8578115225696135 0.513781184322652 -0.013721748533429112 0.42022383003226615 0.6857358404562025 -0.594288052872375 -0.29592452487047194 -0.5155533452028401 -0.8041352024568671,81.48408455637659 59.41824298280459 717.2023909949861,0.69
7,219,16,0.0,-0.8871153220227179 -0.4604505520307474 0.03180714647857549 -0.31258112756572737 0.5486623621208533 -0.7754112786655251 0.3395871671931495 -0.697821539884336 -0.6306549407966182,-26.372004145733683 66.0227302356371 671.3817405833138,0.69
7,229,16,0.0,-0.2016002718135398 -0.9786496787116442 0.040026700617243616 -0.6606416702020469 0.10569333344756293 -0.7432237232875389 0.7231251025910779 -0.17627741098149208 -0.6678445630386649,-107.28154430917407 27.829077784135443 715.0715350073023,0.69
7,239,16,0.0,-0.6358200254258223 0.7635702179968296 0.1126650675932033 0.5127216220161144 0.5269523591889433 -0.6778183749813603 -0.5769310475131941 -0.3732046802137957 -0.7265458231122432,-124.23179854613605 -41.14096952279244 815.5841970974265,0.69
7,251,16,0.0,-0.9971574551683078 0.06411699692849221 0.039572974453987365 -0.028607555843754785 0.16370754987548075 -0.9860940349999149 -0.0697037829024413 -0.9844231045737594 -0.16140797325550738,-46.49887525263304 -110.3752516444647 1185.8747664408295,0.69
7,270,16,0.0,0.2745219194255242 -0.9604439392276574 -0.04674564531361808 -0.6701863357978346 -0.15624446411311543 -0.7255604335573145 0.6895563726518659 0.23051053562660812 -0.6865689345581664,109.54490790832124 -18.848193559459 765.4021215795162,0.69
7,277,16,0.0,0.7579729515924934 -0.6512768738688086 -0.03626897045458258 -0.47136944884966053 -0.508462010260839 -0.7206089277914017 0.4508745361465101 0.563298160555472 -0.6923924717741312,96.32580646904906 27.104408604123417 723.595841913005,0.69
7,285,16,0.0,0.9996510430848102 -0.004632236601192739 -0.02600643081087374 -0.022613511479631677 -0.6589303032015952 -0.751864006733408 -0.013653613368290421 0.7521897353106622 -0.6588051160512226,37.389008565167806 63.307214255366226 689.93926854692,0.69
7,289,16,0.0,-0.9564001768281903 -0.29061088777295313 0.029051913376268126 -0.1761764172564003 0.49472269681857184 -0.8510060653457517 0.2329389872170498 -0.8190206133916137 -0.5243516597417422,-11.049434825749772 42.52946163217555 660.7276444330718,0.69
7,295,16,0.0,0.6518559690041086 0.7564618971693537 0.05337784001490603 0.4105311407603893 -0.292827456274649 -0.8635486456000565 -0.6376111496356445 0.5848226047124552 -0.5014324908476226,-68.49014154074112 33.06947410430817 677.5030368866687,0.69
7,306,16,0.0,0.2749657832523331 -0.9607986370754802 0.03549361962847292 -0.5190513239407619 -0.17941677190756045 -0.835700511591092 0.8093080631970582 0.2113660354744114 -0.548037277830675,-124.79447868709521 -17.753631489224304 763.184743296009,0.69
7,314,16,0.0,0.8818347293891693 -0.4715045413787127 0.007139853106409688 -0.27378213093813736 -0.5242533141902681 -0.8063509207159701 0.3839412127163531 0.7091134817642165 -0.5913942975360231,-107.47423746407725 -62.802690156318256 865.9998783594541,0.69
7,328,16,0.0,-0.6383784806725106 -0.7644288650015727 0.09011895342636944 -0.41828874230123936 0.2462434804588537 -0.8742989628242485 0.6461481590767741 -0.5958293872275154 -0.47694852745110644,23.576713472769633 -74.89579685915696 838.2886592108398,0.69
7,342,16,0.0,-0.30002223288270413 0.9536131725458382 -0.02466935189942354 0.5228321452311983 0.14275095901619594 -0.840397948363095 -0.7978929800975939 -0.2650359991529781 -0.541408082193056,109.75329714372971 -21.60834984247017 767.7636513898551,0.69
7,348,16,0.0,0.7490683232794964 -0.6622782168366202 -0.016858545694992122 -0.37724339238277327 -0.40548545248276413 -0.8326277503953281 0.5445953267911693 0.6300548478732264 -0.5535763892261527,98.89214916509134 9.063993707859092 722.6207369039249,0.69
7,354,16,0.0,0.9744109283307172 -0.22398649652270178 -0.018798726689734035 -0.13518604395609354 -0.5171705890282321 -0.8451386367713243 0.17957749377127066 0.8260536491171 -0.534216522124833,59.433367981406114 33.408247404192636 684.4759854613716,0.69
7,366,16,0.0,-0.7636495319117788 -0.6429411052820531 0.058873827373570664 -0.2554775388934557 0.21717357531613612 -0.9421076718217237 0.5929339082324976 -0.734481023119793 -0.3301015103646724,-54.55841422805934 14.083061452177986 668.4889834584038,0.69
7,378,16,0.0,-0.21286522790661477 0.9762053254462579 0.04137097193238809 0.35777456940012664 0.11727495553295864 -0.9264145628687495 -0.9092226087371666 -0.18239996539228825 -0.37422520009490695,-121.99052450178301 -24.081280735530637 754.9110302901735,0.69
7,385,16,0.0,0.9549464120844395 0.09102056281836404 -0.2824758524038545 -0.2202698272628951 -0.42050265983254403 -0.880146985606001 -0.1988933212670307 0.9027141132263216 -0.38150842262967893,8.1517775499697 7.553086673184069 262.40987232052095,0.69
7,393,16,0.0,-0.9912553286161316 -0.10991050912530416 -0.07302433480656377 0.07605654847901634 -0.023647591448628935 -0.9968230499201641 0.10783447928925018 -0.9936601387811103 0.03180021499803298,-41.79309987883749 -62.60545092170443 846.895830608503,0.69
7,413,16,0.0,0.21586614941263438 0.9761478505071436 0.02317713286938461 0.4771995570079107 -0.08475994950359089 -0.8746978528335384 -0.8518699362750254 0.199877774928659 -0.48411412575998286,140.80556007729484 -45.41929478467277 1009.498265637306,0.69
7,428,16,0.0,-0.9870000764715514 0.15827562594682656 0.027922665995420926 0.0361773630431269 0.38806745815865107 -0.9209206514795559 -0.156595170578142 -0.9079385850097043 -0.38874860565946545,47.337079721168344 14.586764485571134 684.0102569067749,0.69
7,435,16,0.0,0.9667686204131763 0.2511553601835739 0.04774326795961281 0.05739308625027206 -0.031234040026489218 -0.9978629507073065 -0.24912741365629143 0.9674427217125998 -0.044610671035572896,-23.76540729151959 -14.538211776995254 660.7760322182556,0.69
7,447,16,0.0,0.9996110465363544 0.027840491055295537 -0.001631778261538614 0.0005286614128799626 -0.07741733013014443 -0.9969986346593616 -0.02788325948674854 0.9966099859289594 -0.07740193658478066,-110.22107216012597 -32.25276857972722 729.4290334945883,0.69
7,450,16,0.0,-0.7209891674690367 0.6900510158254267 -0.06327887444164942 0.09028111703787761 0.0030019951999626926 -0.9959117972648044 -0.6870399844977717 -0.7237545050520353 -0.06446298254180838,-109.45644474214964 -39.890517720519235 779.7459185451627,0.69
7,458,16,0.0,0.43296153630550144 0.6161966091393875 -0.657910363928933 -0.44202872424181877 -0.49095240121631184 -0.7507172215189203 -0.7855920792785083 0.6158469603928062 0.05981309513652883,23.302018790865006 -2.2818963271616233 288.89402486477627,0.69
7,478,16,0.0,0.21654212979941156 0.7939771028026772 -0.5680755814563779 -0.2847547244629797 0.6079463355703336 0.7411585525126294 0.9338223883147948 0.0012701541916241843 0.3577347254466391,257.6063907553369 -141.73019987657736 1725.018451899087,0.69
7,486,16,0.0,-0.8473618752316445 -0.41318674095126273 0.3335484515118981 -0.3150447741502771 -0.11446490420799804 -0.9421489139118374 0.42746303078103937 -0.9034237670145323 -0.03317912760697983,-8.376794647293671 8.942776021672062 118.45709015699626,0.69
7,493,16,0.0,-0.7436471180809251 0.66737451100827 0.040002822730489884 0.011072398235011882 0.0721186610781247 -0.9973345981773738 -0.6684806397849228 -0.7412220725132048 -0.06102027082838257,102.09727374384401 -26.08729703455965 746.4654693333163,0.69
16,8,16,0.0,0.33738684761515914 0.9413423295962925 -0.006688315672135514 0.8973351196931675 -0.3237454784149204 -0.2999642448211839 -0.28453435297263135 0.09520233041327972 -0.953926998392606,15.469174249636332 -25.473510978758476 732.5297177124039,0.69
16,14,16,0.0,0.07576570898329926 -0.9970566514123452 -0.011729928246088095 -0.9450626637450922 -0.06805327324048982 -0.3197269359880166 0.3179876081505188 0.03530985521997701 -0.9474371193842135,30.196331140505865 -9.723446630987835 734.0819762196458,0.69
16,20,16,0.0,0.5734616294752447 -0.8191793297683279 -0.009326585651271466 -0.7821428475164678 -0.5440767625631155 -0.30369893400812376 0.243709510685219 0.1814544078250851 -0.9527224004306915,32.930812399327074 9.992096386528251 712.7341380905751,0.69
16,31,16,0.0,0.9995666719118036 0.028301711914131014 0.008092064377479724 0.02939037385902874 -0.9442977910732909 -0.3277771921573097 -0.0016353371475819772 0.3278729858906234 -0.9447203982108044,11.870417943473468 41.611119041300874 714.6055597116584,0.69
16,35,16,0.0,0.9538303001020902 0.3000186485081292 -0.014020312211674983 0.27905000928473034 -0.902497220938629 -0.3280698988268253 -0.11108038046995136 0.3090106417996103 -0.9445494017409803,-1.3010011647008557 44.77165908182549 701.2561021852563,0.69
16,48,16,0.0,0.05846699445293768 0.9979391474519619 0.026439904358591365 0.9576845834241272 -0.04859239101400792 -0.283688241221411 -0.28181882341567577 0.04190748761728724 -0.958551987766032,-41.77828480929753 28.128488627071896 713.8590616920726,0.69
16,55,16,0.0,0.554007170541422 -0.8296299330978163 0.0692114809608943 -0.7907535648967943 -0.5503962513434282 -0.2679043973325431 0.2603552469064118 0.0936917318401934 -0.9609562970255653,-48.742806354480486 5.081446407533095 713.0122072195668,0.69
16,61,16,0.0,-0.8366362982498328 0.547288180992699 0.022701352305966427 0.5281131069055662 0.8169366606400481 -0.23175642130658775 -0.1453831171951095 -0.18190695272031043 -0.9725089252992201,-44.097797201231245 -14.69656697924063 739.7475027308266,0.69
16,68,16,0.0,-0.9998438437230376 0.00459094731215425 0.01706491640527613 -0.0007704126126585147 0.9534226231084506 -0.301636715618983 -0.017654875631062814 -0.3016027601793093 -0.9532702032575412,-25.44723901956387 -29.912861614751638 744.8821298194587,0.69
16,73,16,0.0,0.866985450867961 0.49774652867056823 -0.02417894083034322 0.42965764119976746 -0.7712043514648961 -0.46972136383207097 -0.2524490826719913 0.39685292172038766 -0.8824835517900954,-4.241397317911477 -45.33617621506292 746.947239022286,0.69
16,86,16,0.0,-0.09963908433667634 0.9943643969107094 -0.03621462451758575 0.8774189239925261 0.07063963514804195 -0.4744955993114679 -0.4692633425831879 -0.0790537039141905 -0.8795126077578997,31.029529259249323 -23.54451506437411 740.3278231246514,0.69
16,96,16,0.0,0.844238874728444 -0.5357711860521509 -0.014489948016527782 -0.47327673386673147 -0.7325305856000631 -0.4892934439994753 0.251534998713279 0.419938301845283 -0.8719988343258325,28.428006585579464 7.902044466326979 715.5278559487313,0.69
16,117,16,0.0,-0.24930695106585077 -0.9683571902323114 0.01141911886410596 -0.8692380040649148 0.21855896750731363 -0.4434605619571823 0.42693247292691666 -0.12048373270910939 -0.8962211410767922,-35.597154439336 17.091456477394853 715.3169280019171,0.69
16,126,16,0.0,-0.6399637280587871 0.7595641564573473 0.11622701490762588 0.6668160903646593 0.6241298508266717 -0.40720784734318144 -0.3818412345463616 -0.18309620840507784 -0.9059100673178297,-50.3885099503292 -9.668250437599257 733.4243463876124,0.69
16,140,16,0.0,-0.9969645302179485 -0.07279870283461459 -0.027605694211571198 -0.05138147956965384 0.8815884049649148 -0.4692140532727582 0.058495034357956784 -0.4663713467795969 -0.8826528750638308,-21.653179213288528 -43.41034357410921 737.9865076668265,0.69
16,153,16,0.0,-0.3550060571848189 -0.9344514270256178 0.027771026122120623 -0.7484708868469462 0.26630055700282074 -0.6073510886485123 0.5601446517683042 -0.23639911985828913 -0.7939479990689513,19.097639278220274 -49.200774180725354 746.2330690444188,0.69
16,161,16,0.0,-0.31908839768352637 0.9475028193105269 -0.020518329911633937 0.7452304257665773 0.23747654164875298 -0.6230862738644738 -0.5855033791324571 -0.2141104844820799 -0.7818839386119422,33.67868236910134 -29.77642933897205 734.5968457550506,0.69
16,174,16,0.0,0.9944970214834928 -0.10276252863012444 -0.020384723937380778 -0.09381609143106365 -0.7869418191048551 -0.6098533547768182 0.04662848109319752 0.6084097599919681 -0.7922520739622314,16.96304040882062 2.4061791869242173 712.3321001750669,0.69
16,194,16,0.0,0.1322649694139425 -0.9907573630622247 0.030096933463660214 -0.8184662030145525 -0.12629109209711353 -0.5605030192424119 0.5591234679289272 0.04950159184213637 -0.8276053044877276,-46.32856382049364 -12.043634135293123 750.8597111127483,0.69
16,200,16,0.0,-0.6007341119193703 0.7986177425830516 0.03644486257343041 0.6621275413788705 0.5225754246094714 -0.5371238633144153 -0.44800183674179017 -0.29853747976725015 -0.8427156860117183,-50.76590438543016 -31.449718974597968 773.8024173233442,0.69
16,208,16,0.0,0.9391485655699847 -0.34027357647106793 -0.04705172625343835 -0.31155671890532866 -0.786067362959533 -0.5338824887508412 0.1446802774837893 0.516054254943639 -0.8442485553803332,-37.17404358389107 -51.22520103029379 778.2107946417386,0.69
16,219,16,0.0,-0.8121171181754863 -0.5834628458057056 0.006074037425854967 -0.3905066032744612 0.5357492241726136 -0.7486503600463202 0.43355550874759496 -0.6103637246451904 -0.6629372100522525,-0.4090138389339451 -66.64256227815828 773.9930521765687,0.69
16,231,16,0.0,-0.12392851452404396 0.9921207620913004 -0.018387950272962084 0.6602991605998796 0.06861892330510522 -0.7478612584400547 -0.7407069203125876 -0.10482288295894726 -0.6636003476560397,31.526164012719274 -48.79849121450565 746.6515859422808,0.69
16,238,16,0.0,0.6620337892332036 -0.7494700497073016 -0.0024303302782419656 -0.5040835728985323 -0.4428707477963041 -0.7414615649379221 0.554626913742361 0.49209769897661326 -0.6709909397410267,32.89470032059887 -32.13955651863872 718.6839349232736,0.69
16,246,16,0.0,-0.9758558719437137 0.21812639673152548 0.011233532031175983 0.140966266828241 0.6682737734698809 -0.7304373178506394 -0.16683473502086865 -0.7112179966376329 -0.682887349750505,17.977251993914088 -17.270740972644624 707.4695040163551,0.69
16,255,16,0.0,0.807433520669105 0.5893860136880553 0.025985314483323696 0.40641647664700353 -0.5237654986771597 -0.7486623737742546 -0.42764092087840394 0.6150559562059128 -0.6624420076700306,-13.28461244130389 -11.681208256651228 705.5818684396666,0.69
16,268,16,0.0,0.2560526443896862 -0.9518578886313782 0.16853368550905057 0.006046713878363641 -0.172765329571277 -0.9849444543472496 0.966643926454991 0.2532167070877092 -0.03848140719016391,-61.779825159528315 -53.987741125982474 977.8775266683309,0.69
16,275,16,0.0,-0.8198879550838265 0.5477622454048447 -0.16655408616273548 0.5405431057706451 0.6447418658095248 -0.5404822636093422 -0.18867138604538403 -0.533164560882938 -0.8247051952705389,-49.42362861752637 -60.515755779901085 853.5709059620974,0.69
16,287,16,0.0,0.3625381781363587 -0.9317305229388834 0.02107847284803893 -0.6229553646613176 -0.25909124359793134 -0.7381045597546207 0.6931757951870905 0.2544601346280252 -0.6743569951085493,-14.015653263569751 -66.55809178173399 772.4789910074743,0.69
16,298,16,0.0,0.345173615178078 0.9384616483723172 0.012037853596424786 0.4959571862856764 -0.17149789182214614 -0.8512431746993065 -0.7967946063801452 0.29979694400522594 -0.5246333458794217,21.095441294273698 -65.63016964727589 759.4699061346938,0.69
16,305,16,0.0,-0.33337934555724447 0.9425690939911405 -0.02053570082913936 0.49959172346332814 0.15814569368739417 -0.8517030288868734 -0.7995413196344294 -0.2941996645491858 -0.5236222260145015,34.54277801277793 -54.35012230752821 753.6315147271396,0.69
16,310,16,0.0,0.7154437328130006 -0.6986413737977578 -0.006363646484611574 -0.3726673721361419 -0.37389404135334325 -0.8493069383830598 0.5909816367060332 0.6100028497133811 -0.5278609934611688,33.76719959615299 -44.81348749282954 732.0690630506515,0.69
16,322,16,0.0,0.9836089807994118 0.17870524012671052 0.024037679630045737 0.11470374230009824 -0.5172602377619483 -0.8481066548098802 -0.13912736752017782 0.836962534156522 -0.5292799750842628,3.117185190689016 -29.52115588465283 711.494965824987,0.69
16,332,16,0.0,0.8277453800039684 0.3174844341298151 -0.46264589046846283 -0.32902134452818566 -0.39326063632116964 -0.8585400554226539 -0.4545135209506431 0.8628729373468262 -0.22106051946810712,49.79462663561336 -84.06145096819031 1050.46526884422,0.69
16,339,16,0.0,-0.20429529772484534 -0.9641742458602434 -0.16920831819785853 0.06334324004315656 0.159471119653103 -0.9851683084313161 0.9768577507848069 -0.21198345599696378 0.02849472083090976,-47.10788698230334 -45.74816886167373 996.6769570128032,0.69
16,345,16,0.0,0.09030871337093327 -0.6632164548920474 -0.7429591309417439 0.16380958224812042 -0.7259550098212109 0.6679489085844679 -0.982349610399975 -0.1820254313987762 0.04308114751380865,-10.481711024481408 -58.142720609490546 916.1061064562582,0.69
16,356,16,0.0,0.4100492550916504 -0.9098707381094638 0.06320481256140253 0.3391456463909829 0.0877783091158569 -0.9366297021677261 0.8466639468719718 0.40549994868174827 0.3445721298745365,-26.34838218884857 -74.41751672178803 815.5969338720907,0.69
16,373,16,0.0,-0.024791408883849453 -0.9996346572869284 0.010767450784615107 -0.3642927646171717 -0.0009965872721230395 -0.931283946206197 0.9309544391070552 -0.027010345511569445 -0.3641349661076425,29.75110486443594 -66.75022173800492 757.8520535977565,0.69
16,381,16,0.0,0.6543905772106061 -0.755911852635395 -0.019241712587372173 -0.33645220094360306 -0.2682880870505288 -0.9026745918806918 0.6771801008137905 0.5971756637640997 -0.42989340268225995,32.538637377501935 -54.36046945452149 699.6992634087848,0.69
16,395,16,0.0,-0.9499013403401293 -0.31157749366119825 0.024635524427785632 -0.14579793085812862 0.37201050244616707 -0.9167066866927718 0.2764604980417896 -0.8743727188753989 -0.39880062877198275,1.932494087578426 -46.02468703033457 722.2647255875067,0.69
16,407,16,0.0,0.06213212205089902 -0.8604273894507544 0.505771002423441 -0.23891117892449665 -0.504839327318779 -0.829493039257853 0.9690516229770008 -0.06929618369926865 -0.2369324606936708,192.5547890961807 -394.370435875426 3951.717216632572,0.69
16,418,16,0.0,0.8079428269036125 -0.5806705628230444 0.10025011683668253 -0.030839229542256485 -0.21156305226070654 -0.9768776877579781 0.5884533374671603 0.7861696842214807 -0.18883828328720303,-89.41163666270283 -174.1611607397886 2142.5746627877875,0.69
16,425,16,0.0,0.9923792797996298 -0.11384871750893666 0.04713633997181326 0.037746270169943336 -0.08327109365422335 -0.9958118015216968 0.11729699106381913 0.9900022194334717 -0.07833914349911181,-35.80821225117386 -77.34529854995918 890.1213216002523,0.69
16,448,16,0.0,-0.9923131210188983 -0.12374509090821309 -0.0013499369804941957 -0.013221822333933125 0.11685923647924112 -0.9930604726116425 0.12304411106551641 -0.9854090883108431 -0.11759708927728607,30.238187709831003 -64.0170576270257 742.3241796483784,0.69
16,455,16,0.0,0.5022248255814353 0.8642697579096756 -0.028425519035685798 0.08829667131381663 -0.08395356717896907 -0.9925499969234932 -0.8602173692762761 0.49597337037453676 -0.11847570837401933,34.252671846378774 -55.514079519062804 686.9308263015707,0.69
16,466,16,0.0,0.9651254730396597 0.2597008921637455 0.03298890570067471 0.061412834990221335 -0.10210669489850537 -0.9928759673571355 -0.25448238640117554 0.9602758298875684 -0.11449474025170155,6.4592296081881955 -57.55406139451993 730.2493496611354,0.69
16,470,16,0.0,0.786283754961867 0.6164256784374091 0.042157320195268355 0.08794674346040798 -0.04412266480838181 -0.9951475070384874 -0.6115743838633005 0.7861759175993546 -0.08890556556840112,-6.4018317055184735 -55.09861313180878 705.8286360193966,0.69
16,480,16,0.0,0.9949959680243162 -0.0987705904464867 -0.015079591446953582 -0.06105354600822186 -0.4815624512629422 -0.874282603082921 0.07909164390235279 0.8708283275115015 -0.4851829921466174,-90.70563000641263 -268.3683254979946 2711.9067461085046,0.69
16,486,16,0.0,0.6126215808025778 -0.7886400750109663 -0.05236058461905247 -0.7742617948621293 -0.6121220278764469 0.16070250777539452 -0.1587875050242482 -0.057909024125122714 -0.985613044339943,-28.41042618534258 -44.641136370402315 682.2657760777893,0.69
16,495,16,0.0,-0.6806102141887305 0.7325904362708606 -0.008999390337152302 0.12292531133137236 0.10207675355294188 -0.9871523206770965 -0.7222597207210544 -0.6729722052719278 -0.15952838855633955,-60.20753252067184 -120.73844175827402 1248.0018918804208,0.69
19,1,16,287.4756784771364,0.9906510061178524 0.13619219311386607 0.007891173076431914 -0.13223119463780245 0.9443956939545745 0.30105096645703927 0.03354840148720052 -0.29927990205640803 0.9535754007852554,2.8901230562999447 -81.50497487789706 753.3607906696514,0.69
19,1,16,282.9406176049011,0.9551468986392161 -0.29552261336584457 0.01899439415481869 -0.2729647339285142 -0.903479518628036 -0.3304769484411701 0.11482445754813084 0.31046923262873233 -0.9436229117288873,-68.45350818679256 -44.46512950575187 753.0429929666376,0.69
19,6,16,267.6370355095136,0.9849121851737929 0.16864398549911286 0.03882259202010321 0.1720909974636814 -0.9308181477177473 -0.32243179817018236 -0.01823941030131085 0.3242480254901748 -0.9457962475489018,-45.1953842533147 -64.78934106543149 760.2014097327062,0.69
19,6,16,260.9063048476053,-0.9409720347948407 0.33829391856154917 0.011351405125761577 -0.3210330347312402 -0.9025853923608335 0.28684037391568623 0.10728196654287973 0.2662645942687692 0.9579111365328103,36.68499206257356 -69.78769972834824 746.8648221774149,0.69
19,17,16,283.6630962306815,0.28195040152516443 -0.9593336737820036 -0.013523070203276338 0.9345012961309825 0.27140547218413724 0.23031803489527036 -0.21728161130043197 -0.07757558904984031 0.973021443429824,75.22875827470398 -7.354174905615942 734.428844619555,0.69
19,17,16,278.10954660397755,-0.2802276243043463 0.9574878233796263 0.06848026472267381 -0.9212138277779204 -0.2882959833463412 0.26124798467570604 0.26988434946749673 0.010123935307551735 0.9628395213359258,76.89857214858455 -6.8502839936528295 734.9268099422668,0.69
19,33,16,318.3592314338047,0.8783569580450982 0.4726305596308175 0.07148012560720614 -0.47221242897581744 0.8347455422212086 0.2832230599061084 0.07419215709574921 -0.2825247490838293 0.9563865797785951,10.378603396000832 74.49167043248391 704.5771111951118,0.69
19,33,16,298.55644074426573,-0.8778533451653098 -0.47013691491172843 0.0913497981352865 0.4773577318614624 -0.843468370170139 0.24635483424241858 -0.03876983639577959 0.2598699477812154 0.9648650216615963,10.772534215496686 73.81383362700564 705.3239687322592,0.69
19,42,16,300.4315671942267,-0.9405222794387897 0.3385211331492285 -0.028658058040023655 -0.3290082197398366 -0.8865608737316447 0.3252128664610396 0.08468431509368428 0.31529868312370884 0.9452064891850717,-53.66609663746675 64.06379768251375 704.7272512745602,0.69
19,42,16,274.85638351746803,-0.9816152971071674 -0.19085775855662718 -0.0021735878053633986 -0.18553331794971673 0.9567810566367487 -0.22393614623734845 0.04481959856777776 -0.21941587376442476 -0.9746013943784491,26.755011486071503 55.62527727601522 707.3897721977744,0.69
19,47,16,294.443417587741,-0.817334517467291 -0.5761344366309724 -0.0057790556687314365 -0.5547292857158139 0.7895992485027656 -0.26231364114946487 0.1556910598773521 -0.2111921818907587 -0.9649653652761261,-3.142811435647656 64.20605068872902 701.539330484716,0.69
19,47,16,274.20959295748185,0.8127686183293894 0.5817769580110557 -0.03070413956354806 0.5572366374914255 -0.7916997722075361 -0.25039728537622963 -0.16998383127869846 0.18640558418120898 -0.9676561658408823,-3.318538483003128 64.41717615214647 704.3598841267669,0.69
19,55,16,277.848898518115,-0.16468949586529721 0.984488336581951 -0.06049863705685396 -0.9443123888868392 -0.13965961249791975 0.2979417809434614 0.28487099211127986 0.1061974941843431 0.9526650041239582,-91.64198024683552 -13.865259251153368 727.3743337210998,0.69
19,55,16,272.4694097131749,0.2994201510864706 0.9541212728804079 0.0004120199332968144 0.9074068110612784 -0.28462680626164893 -0.30919324118889663 -0.2948905769314386 0.09295255668546147 -0.9509991429242612,-50.57694904623412 51.495999736432495 703.4451531894363,0.69
19,74,16,274.5360877595692,-0.9845649479129893 0.17384761530623 0.020220533955104265 0.14161331952581369 0.8591956586184462 -0.49165891423231145 -0.10284712477251004 -0.4812066363461259 -0.8705530667698983,-60.795853374934026 -63.10989363003751 760.8445405257404,0.69
19,74,16,235.71573920993944,0.9997370332082196 -0.009459944442196512 -0.020889563977681814 0.017594247023739767 0.900664639814227 0.4341585529043236 0.014707375826255703 -0.43441191977138394 0.9005942355227718,13.465325094598388 -90.15754844770738 777.2783838808119,0.69
19,80,16,273.0797732540667,-0.8426103137628601 0.5369398917730156 0.04127240922501074 -0.48140678748562926 -0.7853751563059732 0.3891444061272554 0.24136148015625986 0.30802827220914386 0.92025171524786,52.799798333184896 -71.39593831071062 770.6936546859177,0.69
19,80,16,260.00033868482217,-0.9247588174421937 -0.37829488411138185 0.041401814188167414 -0.35272718833112787 0.8112148756490585 -0.4663839149645916 0.14284488151464309 -0.4458961831871165 -0.8836129999293972,-29.575050967933183 -82.48518080307102 786.7635573867766,0.69
19,88,16,253.48574216230253,0.31603394130490925 -0.948623371999422 0.01537029732084555 0.8607612936782217 0.2935009046303806 0.4158692273858964 -0.3990144649617095 -0.1181986339920825 0.9092945285625149,74.8847111041062 -23.552950863745643 733.1154432289808,0.69
19,88,16,103.66853759483291,-0.7556182926574674 -0.19412577503039366 0.6255846699450547 -0.6452714049346456 0.056513893910812185 -0.7618602193110664 0.11254247986908122 -0.9793474170404937 -0.167966743616202,28.14197825818906 -87.7436439361786 838.0791712260898,0.69
19,98,16,323.30414943388894,-0.5372162877062587 -0.8432167905361365 0.019598581097713896 0.7668950423946264 -0.4786550776095617 0.42750591882350447 -0.35109920844919396 0.2446931973646222 0.9038000802112314,50.7535536836107 34.70748640371989 706.0884073592653,0.69
19,98,16,91.47235020149402,-0.3517425462655282 -0.8207967163090242 0.4500776951182601 -0.1717924968366911 -0.4160356792099258 -0.8929734887749752 0.9201980869232766 -0.39141673970419083 0.005330731852523404,66.7246652077425 -41.31024195034574 731.0352006710285,0.69
19,109,16,301.68274898468155,0.9963648433870623 0.0757038823325483 -0.039064319551917845 -0.048128605205392215 0.8786049518555534 0.4751178547854039 0.07029037077194972 -0.4715106157603245 0.8790546075199547,-24.036788454513008 55.41641614592702 694.3611594491671,0.69
19,109,16,281.79507667664274,-0.9963690163481193 -0.08495124507509995 0.0056629693334420556 0.07751391236817896 -0.8776024125355113 0.47308096442493686 -0.03521898140008409 0.4718021740857501 0.8810007558890627,-22.83736233680577 54.991104059902895 687.8098403694257,0.69
19,115,16,304.617752747668,0.892686818236068 -0.43867784553765493 -0.10330533568991865 0.43830518170068206 0.7917226699858371 0.42551590043713955 -0.10487522224957405 -0.4251316992003053 0.8990351639914669,-64.17773375385775 38.39159441795193 706.4742403061512,0.69
19,115,16,274.8912219702031,0.9484457510215978 0.3155387287017162 -0.029765215577622864 0.2631329495388022 -0.8362984504642228 -0.4810051482241641 -0.17666835663493285 0.448375080084124 -0.8762123483057446,18.005447686755442 42.078269846353 709.8000240737169,0.69
19,123,16,325.90436845468906,-0.5982514905706715 -0.8013073541485946 -0.001295460284374661 -0.715551535236061 0.5349529557363499 -0.44923416563108653 0.36066765096316283 -0.26782804060874776 -0.893413110611431,-30.76417203014122 42.03331840175544 704.0964531308115,0.69
19,123,16,305.84530234122514,0.5986456971556827 0.8009970199416498 -0.005206085053425402 0.707505674939678 -0.5317976176752484 -0.46543207212554805 -0.37557828638665725 0.2749455725766955 -0.8850682927974176,-31.1476027828573 42.08240599669728 703.3022346600127,0.69
19,128,16,236.77715012235583,-0.03213305119729198 0.9984412712702555 -0.04563436035476401 -0.8974502324234344 -0.00872531920105303 0.4410294197986835 0.4399438002107495 0.0551261882327809 0.8963317220912403,-91.28583194280056 -38.424704749885336 752.3512823504071,0.69
19,128,16,93.88223791522076,0.8144139890631142 0.37761619495586224 0.4406085152665141 0.39669828138612534 0.19185391448090616 -0.8976761938715139 -0.4235095370397227 0.9058686907082116 0.006448816247209805,-59.29083512059019 26.445904246611843 799.1229972779805,0.69
19,140,16,313.51090058121594,0.7695585307816654 -0.6378361426462063 0.030736343884298384 -0.5471320062339493 -0.6834128860708273 -0.48331500587790166 0.32928139251342303 0.355122348334417 -0.8749067848964655,-78.99895589251514 -33.53770626689705 741.1127619788875,0.69
19,140,16,287.70393132418127,-0.7644132385983349 0.643440861817195 0.040697149771831476 0.5464526393545854 0.6801018191441053 -0.4887238776029737 -0.3421431185893013 -0.3513479371517992 -0.8714887913571595,-79.06399008254584 -33.84565291151602 741.8000506069751,0.69
19,145,16,291.40717493246626,-0.9466574422290606 0.3195747031909517 0.04137264981540359 0.22502055031014642 0.7474801686973886 -0.6250113193712907 -0.23066304214254127 -0.5823619205309856 -0.7795185401932467,-66.28993135804158 -66.41062215870727 762.955335195216,0.69
19,145,16,88.32580098035326,0.29410184655160065 0.5862827836031024 -0.7548354797606805 -0.05576532846111443 -0.7778921944678983 -0.6259184946361159 -0.9541458651571902 0.22617743352623706 -0.19608527881236215,-69.31415549940533 -64.75873591325244 744.0203584182042,0.69
19,150,16,256.4192589733623,0.9811680869956031 0.19276283389652546 -0.012315637603003395 0.14357453129654538 -0.7704795249365247 -0.6210858681507448 -0.1292112186474738 0.6076214212170005 -0.7836457550793389,-42.614652398859576 -83.04018251695658 786.851397567909,0.69
19,150,16,243.26667575146374,-0.9358120161529189 0.35219949012088386 0.014539242841306727 -0.2854237724312246 -0.781299579493032 0.5550713802882832 0.2068553614362886 0.5152926219563023 0.8316756418234581,38.15106125636988 -89.14660785632363 797.5061893275895,0.69
19,161,16,212.03928589463783,-0.3063880941814349 0.9421886891990743 0.13567169818793628 -0.7561168724785101 -0.32747006976500165 0.5666132971978519 0.5782850602403493 0.07101990814859799 0.8127376955385912,77.90423273494511 -33.938696778499455 739.0870425876305,0.69
19,161,16,61.49950053960958,-0.6890607144159497 -0.4995837452675002 0.5249870601387031 -0.46379551189532714 -0.2526370537243048 -0.8491573718877166 0.5568564042859993 -0.828607627619973 -0.057622430143715264,22.347973690933635 -84.00096285413869 743.42727433876,0.69
19,180,16,318.8009671559518,-0.9795320364924394 -0.2012858075818875 -0.0010065540630537495 0.15956775325741537 -0.7795451513159638 0.6056793616924318 -0.12269931379333424 0.5931217250496549 0.7957081736847786,-12.31486663001094 34.44953121161135 687.0938061871939,0.69
19,180,16,212.36518636441883,-0.9361957932956045 0.35123176367573844 -0.013178952949459893 0.2989683865846527 0.7760535736773104 -0.5553005984200314 -0.18481163501950715 -0.5238101745555404 -0.831545284752136,54.37548489923239 -3.1194949115302695 736.3504727526098,0.69
19,186,16,294.41314141926654,-0.9938517628252794 -0.10951291871226193 -0.016297059986574984 -0.07633485095467579 0.7843622879137456 -0.6155881673882647 0.08019765619275881 -0.6105593516881355 -0.7878994948642574,27.099986493956774 18.752309152108175 706.3801546231116,0.69
19,186,16,153.52625311070653,-0.9387508843142836 0.343405152593238 -0.028630025699701203 -0.2896624351417738 -0.7413667163984456 0.605368536913114 0.18666132665040258 0.5765832923255768 0.795430233360607,-53.064958933491305 23.93231834405384 694.0913812858987,0.69
19,196,16,350.1576197080434,-0.5450612998511851 -0.8381141866565022 0.02174372391395671 -0.6780024292432355 0.42538140685848813 -0.5994692357739178 0.4931742950973905 -0.341489778506185 -0.8001023970911403,-34.333985299058426 20.55624575545826 703.8611312746294,0.69
19,196,16,335.6145303321488,0.5391399361925804 0.8421973844806625 0.005629811381478167 0.6691570188162237 -0.4242884087100215 -0.6100887069953858 -0.5114264496203182 0.3326904143618338 -0.7923131166530738,-34.558418746479326 20.525574500440186 704.15373325534,0.69
19,219,16,275.46607093598556,0.9970944264519068 -0.07576931035164118 -0.007855975266012425 -0.05541457075991791 -0.6507153467951278 -0.7572970109493308 0.05226786858135282 0.7555319642835329 -0.6530233693060526,-55.26880613915472 -81.69819415677493 788.0485130352715,0.69
19,219,16,253.8032454574578,-0.9945844842367523 0.1038356991828358 0.004455478731292949 0.06476111337290344 0.6527002492548553 -0.7548432836141237 -0.08128777220600478 -0.750466876149682 -0.6558900562532737,-55.40434772689159 -82.10363215913402 790.4946481459946,0.69
19,225,16,129.16550399278586,0.4390571432802951 -0.8984024504773517 -0.010092666190667898 -0.6121215056432273 -0.2908885771542052 -0.7353170051143049 0.6576747579644631 0.3290241216954949 -0.6776481683579565,-19.112383602505016 -89.0558286567604 765.3957200538777,0.69
19,225,16,76.28879194354302,-0.9832869376600323 -0.14845786139832784 0.10539004514749319 -0.14750031648531986 0.31024837064457667 -0.9391430163447505 0.10672607396454838 -0.9389921255800928 -0.3269607518261072,-31.719538009680143 -95.57904103869244 913.1617742242353,0.69
19,234,16,61.237596772776854,-0.7308762000064639 -0.6821876214474165 -0.020976877938048755 0.026497768527571353 0.0023495971425049333 -0.9996461112095255 0.6819954901076477 -0.7311733915680906 0.016359185054428127,86.81150281889069 -96.8399706731491 1020.4086227296681,0.69
19,234,16,60.18390989091576,0.06971757796048574 -0.942247344711316 -0.3275811360682994 0.46987684966369575 0.32068855736838664 -0.822419962867575 0.8799745481963919 -0.09658566434754695 0.4650978434363017,46.82964143451129 -52.01844793916055 513.0495026708959,0.69
19,255,16,352.07497454127594,-0.9937018182102536 0.10774886491606403 -0.030771392476387757 -0.09637332223347694 -0.6816592209412349 0.7252950360146353 0.0571741134371013 0.7236925373493142 0.6877501233279367,-36.24391508944438 8.613658394081341 683.8081774730351,0.69
19,255,16,337.4346082805818,0.9917790170500826 -0.1184952150910986 -0.048303885347726484 0.1162859765073798 0.6770605065863494 0.7266819401146288 -0.05340367971307914 -0.7263249647516944 0.685273735503961,-36.73694514272485 8.641984151374674 686.4330017342226,0.69
19,263,16,208.5432645333147,-0.7106111362351835 0.7034932657702364 0.0113594927029749 -0.5007313736430878 -0.5170078197489025 0.6942413166673331 0.49426703765074975 0.4876475564733341 0.7196526635520345,-78.88639671116023 -17.54156262816917 716.866413961153,0.69
19,263,16,97.53175473532139,0.7074036533533462 -0.6999176046769151 -0.09846531310907591 -0.11943073181780473 0.018940834757429942 -0.9926618483029129 0.6966465183432717 0.7139724024372519 -0.07019285603376094,-1.875804838719893 24.13610422885309 882.5438861743683,0.69
19,278,16,264.29428419032513,-0.37464587186037857 0.9271284611013697 -0.008560801001237572 0.608898425171859 0.2390673914833079 -0.7563659763319585 -0.6992018153017102 -0.28858204889627614 -0.6540926712122834,-75.19517226709849 -30.76175426073248 717.9320818751097,0.69
19,278,16,238.8590572717999,0.39154168452007065 -0.920035201279863 -0.015176880084780575 -0.6133691835864014 -0.24866720471871573 -0.7496284852671569 0.6859106019808539 0.3028198304327221 -0.661684816500243,-74.99534626061588 -30.627569512211586 718.5226335323631,0.69
