scene_id,im_id,obj_id,score,R,t,time
7,3,3,0.0,0.992510614996548 -0.06842800384410319 -0.10119430522062921 -0.09459708862122054 -0.9546631355689628 -0.28225819458436474 -0.07729210789960002 0.28971694095366185 -0.9539863857418979,76.14166359692724 32.48104273922369 728.1367923842414,0.69
7,13,3,0.0,0.6974791728224362 0.7145640362445934 -0.05404666118054646 0.6975191296539288 -0.6942595868530259 -0.17739980222506194 -0.16428593136892455 0.08603408724744446 -0.9826536870056226,31.286854781478286 82.09349571026284 706.667736353989,0.69
7,21,3,0.0,0.14213421213187427 0.9884681529517068 0.05223577645534207 0.9533658218328 -0.12251022242505827 -0.2758348331201704 -0.26625453142194755 0.08900537063348406 -0.9597846469368403,-27.557835006765323 91.21555044623636 703.9790067051198,0.69
7,30,3,0.0,-0.6153641146588401 0.7823907156225339 0.09587374248354459 0.7341851329136418 0.6131736214470863 -0.2915309598825535 -0.2868783662089557 -0.1090086146555599 -0.9517446742336707,-80.59638735475353 55.444394759667745 712.3051025933892,0.69
7,39,3,0.0,-0.9934185951056291 0.06988203438708902 0.09075238932545963 0.03668431457518444 0.9446984615331867 -0.3258819998726218 -0.10850693969745438 -0.32040804928520794 -0.9410445929873572,-90.84704553856535 -3.7706470128103327 731.6202264909102,0.69
7,54,3,0.0,-0.40461567293415657 -0.9138404507380193 0.03437714082021889 -0.8868354950077433 0.3829297607863398 -0.2586263774221168 0.22317921500536367 -0.13513115443542265 -0.9653655313354313,-11.774321864845302 -66.86757042389955 762.8148539457537,0.69
7,62,3,0.0,0.2336192628250432 -0.970754414393401 -0.055298345118174025 -0.9284432174110235 -0.20582097711269787 -0.30924248968057605 0.2888169525504871 0.12358637593237982 -0.9493740967623617,45.340263020207104 -48.932008396052645 761.0841007003395,0.69
7,67,3,0.0,0.6509202105115278 -0.7497547129208599 -0.11904095933999295 -0.7375630050728916 -0.5874649384045922 -0.332995134638832 0.1797322817288882 0.3045534708359885 -0.9353841405039324,69.42058640554026 -20.922656687780844 740.5235336395682,0.69
7,71,3,0.0,0.8684042988979186 -0.49107708529897476 -0.06868238456749873 -0.48514254221446473 -0.8128118560256075 -0.3224493765506351 0.10252164351638429 0.31333717142795314 -0.9440916955530478,77.05975278626973 5.153329096971944 737.9763043521743,0.69
7,81,3,0.0,0.9425571351191777 0.32408292472040096 0.08097101296512726 0.32280718267960556 -0.8213403730549133 -0.4703142719506518 -0.08591606279610142 0.4694360973494548 -0.8787765248679151,52.78345939823661 52.62806541199243 704.3187178743918,0.69
7,87,3,0.0,0.6046846436573257 0.7930323124702454 -0.07386631913875352 0.7024070533689781 -0.5746978070624575 -0.4199366165686339 -0.3754741177531718 0.20204499977900295 -0.9045424285028204,22.340213527855138 73.64124549568379 700.895681156202,0.69
7,94,3,0.0,0.04841070088308552 0.996043771008457 -0.07451986497076316 0.8912707126410143 -0.07675575359810327 -0.44692848541793084 -0.4508801623806339 -0.044781251934706306 -0.8914604414368446,-28.719571471022935 75.12641241200545 698.2203212077173,0.69
7,102,3,0.0,-0.5945189906859958 0.8039170807795029 0.016263362034554002 0.6981833140089093 0.5261476412273278 -0.4854984239628962 -0.3988574052882077 -0.2772832249918512 -0.8740862562612897,-76.04678213239893 45.32657717116839 701.9594589758226,0.69
7,112,3,0.0,-0.9981240037318292 -0.05999419063604861 0.012213527920664505 -0.05798657228543743 0.8623147969106509 -0.5030414977549348 0.019647661665682596 -0.5028060144020433 -0.864175955041682,-88.08819696966637 -16.341809372851355 739.4252896673416,0.69
7,130,3,0.0,-0.0908989971253249 -0.9952078465501771 -0.036037681481598055 -0.8962443853236807 0.0975287953289865 -0.4327055995217236 0.4341467195515679 -0.00703393535907168 -0.9008147143869136,16.33989075985966 -70.32938484404085 787.2571972810181,0.69
7,155,3,0.0,0.8616894958712071 0.5054760620214288 0.04455517285941715 0.42274360411470413 -0.6665317791201464 -0.6140221759863747 -0.2806760728764286 0.5479318736359848 -0.7880302049848247,42.10790112126165 48.278441826115994 707.7033926375274,0.69
7,166,3,0.0,-0.09391190023326945 0.9947515577934316 -0.04061887814942039 0.7691122789566291 0.046582244942866224 -0.6374138348155169 -0.6321762866105598 -0.09110122240466295 -0.7694502647498793,-33.06210598484394 56.565948633630526 683.67975761977,0.69
7,185,3,0.0,-0.9087927839157643 -0.4168102019711166 0.019103178673504737 -0.33222926727546775 0.6951598818596518 -0.6374766290762994 0.25242699908734156 -0.585680795472818 -0.77023283229559,-85.9689196316605 -34.3736209286528 770.5773217665459,0.69
7,198,3,0.0,-0.5198145720516314 -0.8542604728024298 0.005644049091586334 -0.6795500370628044 0.40948211385708366 -0.6087168024287447 0.5176915662928269 -0.32025527792450714 -0.7933675057315974,-11.11145237127856 -75.18702775921297 800.4933251802759,0.69
7,207,3,0.0,0.19824315130818337 -0.975339224620899 -0.09702087340002805 -0.798044293857874 -0.10314876577107235 -0.5937050085360503 0.5690561993338511 0.19512490624163828 -0.7988124391644789,54.17982484299282 -57.60500498211055 802.4348700244652,0.69
7,219,3,0.0,0.9955260989589044 -0.09445676101981763 0.0023888468578981137 -0.06418694751274469 -0.6946184806476602 -0.7165090384019814 0.06933846018380843 0.7131501150812367 -0.6975737174657294,78.98655490509012 -5.942189942241382 761.2684288927098,0.69
7,229,3,0.0,0.04414490089854595 -0.9971440374821959 -0.06127802410622324 0.32015051488657875 0.07222309475193983 -0.9446096931549619 0.9463376118185922 0.02208151032329203 0.32242445837641776,46.38637941271882 52.183934615952786 827.6319994836098,0.69
7,239,3,0.0,-0.7405492477639821 0.6637152769481727 -0.10520856800570316 0.4997725277194329 0.4392986934055475 -0.746487828774929 -0.44923738955381814 -0.605391352034194 -0.65702897859157,-37.47512434926738 36.914524841950005 704.2449053155109,0.69
7,251,3,0.0,-0.9855580588883428 -0.06840098153460908 0.15490841902667515 -0.16452792769644686 0.603273063258877 -0.7803795052115116 -0.04007335234485207 -0.7945960715176944 -0.6058145009493356,-94.86659723632206 -6.935892943280961 723.5201181245499,0.69
7,270,3,0.0,-0.2917931154068665 -0.9564684552302118 0.004987178629953903 -0.6945893143370068 0.20831034305948348 -0.6885873113725571 0.6575731611083301 -0.20438907780009238 -0.7251362924761289,-14.235278493006566 -78.80338170568308 846.2612467198368,0.69
7,277,3,0.0,0.13918987208161238 -0.9851096272993097 -0.10092176034988326 -0.6856491582610941 -0.02233845103469201 -0.7275893246751381 0.7145008126557713 0.1704699850636045 -0.678548872894692,39.409293110426084 -68.14764274029297 830.7668120679972,0.69
7,285,3,0.0,0.7461266136393313 -0.6657206827554932 -0.010537977541499738 -0.4609376621493911 -0.5050592220023967 -0.7296928490005832 0.4804493188998805 0.5493006051534022 -0.6836938621537766,74.0285780841733 -36.509028239607964 792.5134682516634,0.69
7,289,3,0.0,0.17832070805127098 -0.9826940426873851 0.05014123599211673 -0.08504538657316069 -0.06615963031382799 -0.9941781457763791 0.9802902668611553 0.173018270085738 -0.09537122686546284,95.42656674982034 -17.682918310661087 919.5383661996228,0.69
7,295,3,0.0,-0.7685506200383975 -0.6371600698379489 0.05793953609319641 -0.04430263523755967 -0.037342859355295466 -0.998319982453611 0.6382532576882021 -0.7698263156448152 0.00047200754955023516,84.20111710335335 10.197358207723203 959.1767844939166,0.69
7,306,3,0.0,-0.8492921788740337 -0.5208004228361638 0.08642750995527532 0.1754764599332513 -0.43289163385862417 -0.8842018125657201 0.49790642385160117 -0.7357796904705127 0.459039693467162,-7.7783613577542985 23.93706217678941 737.4151534888329,0.69
7,314,3,0.0,-0.49532588468721384 -0.8686930783991225 0.004960191557268956 0.030487250323007642 -0.02308949798854587 -0.9992684337305862 0.8681721001774769 -0.4948122983759524 0.037920889353177945,-89.23192801411247 25.09394701501774 1028.1785965178306,0.69
7,328,3,0.0,-0.990930806867059 -0.1121591217947211 -0.07400315804096683 0.05260099429112233 0.18300145859474737 -0.98170443696246 0.12364979337380516 -0.9766938095178203 -0.17544210169792007,-96.5694093972446 -39.18479457959828 878.7697858771411,0.69
7,342,3,0.0,-0.9464328834031875 0.3054393615893796 0.10474537510076819 -0.07275862245381749 0.11432070900211566 -0.9907759375115426 -0.31459653537785703 -0.9453240565462859 -0.08597353106115224,-21.65702309414956 -70.33462199447135 939.2957585856163,0.69
7,348,3,0.0,0.1706164722413137 -0.985055294332049 -0.023581486558943765 -0.5323259541902665 -0.07200943059510778 -0.8434712327049397 0.8291677139730848 0.15646312349486358 -0.5366564945017248,36.402549457195505 -70.4946700815358 893.4223519140431,0.69
7,354,3,0.0,0.9804794721717234 0.19658445568650068 0.0038152892814775907 -0.0576561075147166 0.3060070519566633 -0.9502817779053977 -0.18797813148371953 0.9315118012860785 0.3113679272960772,69.08800433069604 -48.41208071597346 825.1844091228122,0.69
7,366,3,0.0,0.6447105600968934 0.7644255475506794 -0.0013696537498231187 0.017334540814881894 -0.01641104883503766 -0.999715054988606 -0.764230205758898 0.644503110720172 -0.02383134234017023,79.37655369615311 -14.92523141493981 832.1270308622908,0.69
7,378,3,0.0,0.8929493133948042 0.4480924560339834 0.043065932628705506 0.05546319932331509 -0.014574591351669205 -0.9983543533273914 -0.44672738580544824 0.8938684087338383 -0.037867012544769506,-1.0475999405715604 4.8678082250851675 793.2163204313956,0.69
7,385,3,0.0,0.4659847109450607 -0.8844514556162189 0.024573803608718137 -0.012062692971952005 -0.0341214156061071 -0.9993448956367865 0.8847105405745501 0.4653830160796449 -0.0265689243459426,-59.00040059167839 -0.5732542862588204 853.9559732888775,0.69
7,393,3,0.0,0.9305690118422761 0.36606621274733586 -0.006069768011392529 0.01599084343635712 -0.05720177084719842 -0.9982345667918631 -0.3657671487778581 0.9288290936963413 -0.059083902868288594,-105.7149851272252 -22.974353451690284 866.3052771568033,0.69
7,399,3,0.0,-0.8638433056411912 -0.4998435648299623 -0.06269891543699166 -0.12589680454387253 0.33472016803416704 -0.9338695860326647 0.4877752944794782 -0.7988233971343439 -0.3520744840033204,-91.41617504775799 -42.03294485405199 809.8099820324874,0.69
7,413,3,0.0,-0.5898460759006118 0.2019979279281222 0.7818429790292901 -0.7408033340948493 -0.5207049482847041 -0.4243545416580087 0.3213907698403998 -0.8294957467911265 0.4567765089371677,564.9602753149192 -40.637618728844764 4921.987845386642,0.69
7,428,3,0.0,0.8786210101823759 -0.4675227025989934 -0.09719898672637725 -0.1163083180110078 -0.012103772028135132 -0.9931394030367243 0.4631387433885785 0.8838981962065676 -0.06501140757762681,100.69015187307083 -50.43504876392212 989.1805643241694,0.69
7,435,3,0.0,0.14474848240343774 0.9514211397155378 -0.2717456379489633 -0.00695928738670093 -0.27365227889194005 -0.9618035134975945 -0.9894440080979676 0.14111075493964031 -0.032989538938787644,74.58278340471257 -36.317372396831445 768.8453931405843,0.69
7,447,3,0.0,-0.5792347147369439 0.8136814816197266 0.049087592248327316 0.01572222237950044 0.07135867012964314 -0.9973268029692068 -0.8150091760017559 -0.5769145401759743 -0.054126300136657646,24.71610006090751 -31.80089534757042 745.3317657859989,0.69
7,450,3,0.0,-0.28426247183575415 -0.9576142769690802 0.04658050719789247 -0.052051848706611614 -0.03309831463055113 -0.9980957402047368 0.9573324668849643 -0.28614576375267725 -0.040436984733607684,2.746718166464523 -30.588957974852907 730.0016081495268,0.69
7,458,3,0.0,-0.6787909494632345 -0.724923265799978 0.11717126622468049 -0.10358675928702182 -0.0634410171318397 -0.9925950940064583 0.7269887414721175 -0.6859019580429637 -0.03202926358214975,-59.33044765598855 -35.06664281665226 730.5567572798553,0.69
7,468,3,0.0,0.7533899010953533 -0.6574093244519587 -0.014718595420528058 -0.06788146191255173 -0.0554894659406229 -0.9961490984276598 0.6540609788514742 0.7514877905150847 -0.08643110927558188,-94.41415372183249 -51.04171191858989 824.7943539629804,0.69
7,486,3,0.0,-0.6522133808142013 0.09456709989586398 -0.7521135349827148 -0.7542309313064279 0.01832406294892852 0.6563535106767406 0.07585122377093267 0.9953498341459297 0.059374232779232816,76.94029633081794 -38.51059937817346 738.1891341161322,0.69
9,0,3,240.03637236493745,-0.9911731868183037 -0.1319680843291165 -0.012654582211640161 -0.11885069806174213 0.9268111512890636 -0.3562240887650327 0.05873861849485883 -0.3515757593531506 -0.934314861346308,2.3004120982900242 -36.02358396582487 743.4766866095765,0.69
9,0,3,174.1987168635989,0.03600610330199128 -0.988233042859679 0.14865736956271675 -0.9189185688318958 0.02572869579031911 0.3936072891460084 -0.39280048928297756 -0.15077628199829385 -0.9071793033385541,-45.936480015626024 -55.5725218096955 748.2813888565437,0.69
9,0,3,102.9917023708325,-0.7804286434479104 -0.24933014641770754 0.5733808599642813 0.5476987371036869 0.16973059394933554 0.8192787186621121 -0.30159115680185444 0.9534285518930773 0.004095189127367838,17.608928999731305 21.556853859288456 707.1352305771557,0.69
9,11,3,289.6944411629094,0.0942099955306196 -0.029135463768876158 -0.9951259224304699 0.8874611519232976 -0.4505146097054452 0.09720745994482266 -0.4511509509788213 -0.8922935117958233 -0.016586387128682323,-14.586431782240146 86.46675189123725 977.5882390090438,0.69
9,11,3,177.93021811914804,0.9931569366573192 -0.07215987054174053 -0.09182729579405835 -0.031312515596668714 -0.9220170934170907 0.38588081814688374 -0.11251144624640916 -0.38036486763382765 -0.9179671791155947,21.66054555221129 -61.8402512409338 772.89754062813,0.69
9,11,3,162.67475814062064,0.15577286493658493 -0.9849917671459965 0.07433729349428306 0.8927430599006145 0.17259453208762796 0.4161982177914031 -0.422782028412675 0.0015317140919486605 0.9062301089145098,23.781782031854554 -61.44529731730551 807.2287889728445,0.69
9,21,3,271.6008890646034,0.21894190935369595 -0.9749528971314122 -0.03913168413988599 -0.9524099975237333 -0.2048184619811919 -0.22575339255147714 0.21208403274504234 0.08669628600306319 -0.9733982314797346,33.47864797002605 24.083735441326272 741.6987822421413,0.69
9,21,3,162.71095678352998,0.9915922625953558 0.055071818095210785 -0.11709773530137638 0.12270006319330062 -0.1127157728800795 0.9860222355689584 0.041103275458085155 -0.9920999190584255 -0.11852540382079459,82.20974911071376 -0.9179528135289472 981.3346137166095,0.69
9,21,3,132.4471203386359,-0.9090440646182355 -0.4118592886985904 0.06333099474229367 0.4043968443675294 -0.8352974780967806 0.37247995295148767 -0.10050910828348578 0.3642115448442696 0.9258768113276236,-15.803708101190937 17.975925474411557 776.255425331909,0.69
9,31,3,210.1117309694521,0.8809339285909475 -0.46625136946203655 -0.0810251438264322 -0.4730818284879665 -0.8632210077307094 -0.1761904519741655 0.012206433213711392 0.1935436702327254 -0.9810157239825696,2.956383744443511 44.68208338103089 733.2128999148966,0.69
9,31,3,119.18541236298323,-0.9325477292113508 -0.32713166649205283 0.15277305233870783 -0.144771258625661 0.7264374904199532 0.6718108775453866 -0.3307506846836378 0.6043785612432764 -0.7247968951994841,-25.895859700000184 18.81083011652831 975.9652372681837,0.69
9,31,3,109.22388935295795,-0.4810974600048224 0.8766562692303645 -0.004361146180380138 -0.29191867070143895 -0.16488796294479263 -0.9421228419754089 -0.8266369963126576 -0.4519798062911826 0.33523951293391974,-56.099135804767634 -13.22885758324636 685.5118737410136,0.69
9,45,3,238.16469058973607,0.2694681433611943 -0.1502292801945937 0.9512192613092338 0.8104542691423594 -0.49813416304557195 -0.30826325313895486 0.5201449772346114 0.8539868377083464 -0.0124773265767808,-15.741227961998176 -51.98898535218688 971.7749875303962,0.69
9,45,3,224.3109844740446,0.29026224517030197 -0.176118489988894 0.9406009284030754 0.7815122528496514 -0.5236168006417756 -0.339210914817807 0.5522557629165656 0.8335512723100498 -0.01434743028347285,-18.428836467895046 -60.709847694773494 976.5506331361959,0.69
9,45,3,142.3372690964379,-0.9919651432272991 0.12641258199680444 -0.005001373305913548 0.011078575708502118 0.12617930012810952 0.9919455879126898 0.12602547275180084 0.9839200390946828 -0.12656593888405898,-20.047692548772552 9.017191502937491 958.55718116035,0.69
9,57,3,299.4600847969483,-0.7929750342543236 -0.6062390958634877 -0.06053720918555337 -0.5489354143576696 0.75403782714879 -0.3606894316343438 0.2643113805974462 -0.2527866963970877 -0.9307192811000096,81.16328338202474 -1.3906553282921028 737.9034254119994,0.69
9,57,3,293.36468573809873,-0.3294240052841144 0.9429296699266327 0.04861545345487159 0.8870082678438105 0.32671088248282953 -0.32630711307603 -0.3235678561280375 -0.06437108698275515 -0.9440128206975603,-49.58074796781756 -14.72269624501139 733.1002345332729,0.69
9,57,3,194.81302013793564,0.3426423897059422 -0.9318441692710465 -0.11942628258534568 -0.9063033178379573 -0.2943883097818719 -0.3032322857805274 0.24740753596548395 0.21213667117998727 -0.945403376283458,-21.64583973569923 40.115225602786055 883.2013732794484,0.69
9,64,3,258.53541686520276,-0.8337340176498561 0.5520051549726023 0.013337792062521864 0.5157519323091279 0.787150379760258 -0.33822215179181164 -0.19719921940218338 -0.2751083214425836 -0.9409717739338486,-29.705288688660847 -33.38549996354127 747.2471640036467,0.69
9,64,3,144.06874803088874,-0.49746657566251284 0.866247373465381 -0.04628708311118927 -0.8465853448279044 -0.4731496215180919 0.24376769593181305 0.18926241048140502 0.16045224716910375 0.9687284533640752,3.6208181217046933 -1.5792276189124566 771.9976485195901,0.69
9,64,3,102.81257857659533,0.5888499719727931 -0.17194053278895505 0.7897418335708771 -0.6781385651661589 0.42652931184128534 0.5984988158506104 -0.43975424607617375 -0.8879804048088278 0.13456226712390873,17.586096825010635 12.889420215193093 614.2660581398767,0.69
9,70,3,220.82593623196766,0.7852884943665145 0.3728181401736448 0.4942960802727823 -0.47966939982995493 -0.1384302770943038 0.8664608042204591 0.39145784892162167 -0.9175204045366285 0.07012174966868695,-81.9651568815454 -59.89954394511979 1251.9974217334302,0.69
9,70,3,108.52817016548181,0.7695479574922988 0.6308445021404709 -0.09915218221790201 -0.003991668471122922 0.16001648716231756 0.9871062710868816 0.6385765480365275 -0.759229832103147 0.1256584829702295,23.880464247511714 22.714319020000808 680.4009065435677,0.69
9,70,3,98.92182663807924,0.5161137695490886 0.8439229873114371 0.1463576727376129 -0.09133741902995307 -0.11567264535345226 0.9890790236385975 0.8516361034894993 -0.5238452353551327 0.017381502493989343,5.74764639942297 18.86804518308284 602.1312005732301,0.69
9,91,3,140.97061803888047,0.9672006704902535 -0.25125411841170475 0.03733940257102687 -0.23963912350712407 -0.8538071445455423 0.4621541413941077 -0.08423748267808995 -0.45594377713062895 -0.8860131593875533,-13.525399087497508 4.960546382208161 769.8604355707,0.69
9,91,3,117.62060117599106,-0.8542688368985558 0.3920284080837514 0.3413773301777789 0.2098488752290889 -0.3407481840247063 0.9164355540074551 0.4755924766741741 0.8545199835809485 0.20882383434785545,-50.33568190840823 -13.536227509581733 835.138137819048,0.69
9,91,3,87.00623931361424,0.41993015916735943 -0.8873014805756784 -0.19066920042284125 0.7112655165836191 0.1912688158767389 0.6764004767829099 -0.5637020723225292 -0.41965738721166285 0.7114264902419412,38.886348762343324 -23.297347350510524 626.5195408748676,0.69
9,100,3,215.68074888860525,0.9249742061394132 -0.30905837503284816 0.22114619327227508 -0.18238254181579136 0.1495159908621413 0.9717929701934067 -0.3334056484488141 -0.9392166359783922 0.0819315829449079,-39.91107228090589 -52.980404461967375 1152.6937367363003,0.69
9,100,3,137.79737055016696,-0.9734552519151747 0.12675511941325227 -0.19057285279203856 0.07659687677151848 0.9650504236140958 0.25062042684326974 0.21567983444822247 0.2293704854264952 -0.9491424494919618,53.565748327637166 7.597578233046862 638.4141770902319,0.69
9,100,3,120.45161937916302,-0.39597901439179467 -0.3959480134177145 -0.8285081718558169 0.4855641709226965 -0.8560835418497726 0.17705480871781723 -0.7793767099916811 -0.33218389492043987 0.5312492860023706,45.326510453550235 6.611577380171011 686.6432552765594,0.69
9,108,3,189.95514326473446,0.9865156504279458 -0.11023379332940265 0.12097678400808198 -0.14511884042615006 -0.9309321244186699 0.3351207273188449 0.0756795455463177 -0.3481578528965741 -0.9343761104888921,-22.010367555308836 11.920273298856873 755.2129999626555,0.69
9,108,3,187.7120228927622,0.28773877076250587 0.8546221110200285 0.432235407105609 -0.012004019876267147 -0.44806851407045467 0.8939186261654384 0.9576336999640791 -0.26240360907267374 -0.11866778264863365,61.45665016427022 85.0927709676085 1007.4682668181656,0.69
9,108,3,154.28923580210662,0.82288203359654 -0.5603652530478154 0.09410601447665697 0.5237654813226336 0.8122524252604818 0.25674056600649486 -0.2203063307281315 -0.16197771709443018 0.9618879039711352,-21.501854816460302 -14.458528676927632 792.850177071485,0.69
9,118,3,289.23613383566806,0.007029725088954275 -0.27177415181950715 0.9623353850752662 -0.021500431357541733 -0.9621777714950372 -0.2715725823647953 0.9997441244721635 -0.01878154529402229 -0.01260710671626264,-13.643385835338684 -64.76485663875219 992.0536900104215,0.69
9,118,3,145.17106810196117,-0.20833754716647918 0.5692728596232093 0.7953136976923441 -0.1916461958306494 0.7736327996757375 -0.6039569743694666 -0.9590970764548787 -0.2782457592889677 -0.05207778195555593,-3.5606326225875686 -49.288804624326254 1029.9784638268566,0.69
9,118,3,130.24461194573044,-0.9093590391740876 0.4143008911415062 0.03769495286817941 0.4092733847867451 0.8747056790365686 0.2595867322618328 0.07457502515977658 0.251485082381698 -0.9649838438864609,-29.913000652419143 59.03674854287866 721.0150246846346,0.69
9,128,3,223.2200351164296,-0.47723915651423526 0.779032251643204 0.4066344038436751 0.25410251238625475 -0.32062879590862203 0.9124851168283135 0.8412340344330909 0.5388004511263025 -0.04493743625885327,-99.0040483219082 46.010896645898924 1048.407306726222,0.69
9,128,3,171.74245521738183,-0.002146328650962981 0.41463095275766226 0.9099871242433023 0.12087077505294022 -0.9032098089644048 0.4118279941050449 0.9926659302159128 0.1108747672185004 -0.04817817952994663,24.53308760830389 -26.51867764580558 862.799346670625,0.69
9,128,3,52.53716999193232,0.339368893474375 0.2652267552983237 0.9024874084528279 0.3151958137910838 0.8718973038253508 -0.37476217865555755 -0.8862732948196931 0.411642879029878 0.2122964602470765,19.200129809751026 -23.714465301724626 540.5319712856184,0.69
9,136,3,167.0718804409543,-0.23286083622108228 -0.9699231598572698 -0.07088649326146368 0.8661560344316958 -0.2399873248464045 0.4383831747804947 -0.4422098539969205 0.040683508766520465 0.8959884469916272,2.5942020157765033 -14.050743667384522 819.7785134923621,0.69
9,136,3,161.39614982570848,0.8481358528611256 0.5245298446477668 0.07439097502600975 0.41598652953089665 -0.7463167003009545 0.5195830925855226 0.32805606584907265 -0.409731405832754 -0.8511753008246562,-81.02126819261149 -24.070486934335065 766.5964707126777,0.69
9,136,3,159.2622603080299,0.3387083567015893 -0.915298767604335 0.21795599354570397 -0.8890593913897614 -0.23551970799017685 0.39256065229450726 -0.3079773493005232 -0.32673939641587074 -0.8935274585302995,-75.89876365088729 -25.4846439562692 719.778547234091,0.69
9,147,3,298.3956490485671,0.6313848258639464 -0.7750500103012856 0.02550849271773159 -0.02127631275462477 0.015568137764468082 0.9996524153935276 -0.7751777345772521 -0.6317080928866776 -0.0066607204682007926,6.743155266865048 0.04713567413981598 875.7670824016444,0.69
9,147,3,269.05618216673685,-0.8551424950194173 -0.518153301160997 -0.015762921934937224 -0.3991460501964113 0.6775302787530224 -0.617766259992771 0.3307774838536772 -0.5219864728791478 -0.7862037765787042,10.58798001036069 -47.51330674678549 760.5132738379053,0.69
9,147,3,107.01075794596774,0.13810905565530718 -0.6957389268341474 0.704892356628775 -0.7999628560050944 0.34125694209632607 0.4935616764734041 -0.5839394812462775 -0.6320530398303086 -0.5094346249354225,-11.664545332770722 19.978357861722987 594.0769816898379,0.69
9,161,3,219.56012978167132,-0.6434355004901183 -0.7645049558891748 -0.039024724597641 -0.02077093075651032 -0.03352445315926056 0.9992220371248228 -0.7652184819674308 0.6437455114105755 0.00569134379540337,-85.69882196506344 -19.49065949158868 1150.3845173821198,0.69
9,161,3,197.6204678617175,0.7139115760308584 -0.6998266441460164 0.023935951045677695 0.08354999752714326 0.11907046609001676 0.9893642514353955 -0.695233528767385 -0.7043187433601574 0.1434762984928814,-10.238967485426734 6.087041370569146 920.5129160392121,0.69
9,161,3,142.53932323549472,0.6178986226338501 0.7850019024953494 0.04442190029560472 0.30933293206343077 -0.2946497778231446 0.9041541049897481 0.722851595618514 -0.544934419455638 -0.4248906320505489,-8.889884860668806 -0.23683439869424394 841.2337200261496,0.69
9,167,3,188.57806171701944,-0.000720324811989026 -0.871238861989979 -0.49085876430045616 -0.7891868914262049 -0.3009671146858123 0.5353530108991077 -0.6141526939883989 0.3877649303845088 -0.6873534951032758,41.03843148952515 -24.991954034354332 631.2084497637516,0.69
9,167,3,165.71587798458222,0.4362611047531618 0.8993419418478583 -0.029331213968635972 0.4437136994761753 -0.18665401199194848 0.8765149358136892 0.7828118556694941 -0.3954040356908777 -0.480480225589618,79.87878365072525 -26.143186967800382 919.8124438876303,0.69
9,167,3,118.30716537995987,-0.34142989048835837 0.8943357515099404 0.28911795767862275 -0.23164736693979132 0.2180461025684629 -0.9480482026482437 -0.9109144456374427 -0.3906654076391379 0.1327230650760337,-14.990329202742828 -22.279544925347242 805.5189807434626,0.69
9,179,3,218.40352896076934,-0.7821784856698859 0.44011376389590423 0.4410177903265859 0.4540006783292349 -0.08216827471388011 0.8872044627407704 0.4267085663913473 0.8941746191096708 -0.13554169066496313,66.26983714249202 48.12132908387473 917.9854113515371,0.69
9,179,3,174.66505238806087,0.7221255799911245 -0.5135796314124187 0.4634334999983989 -0.39364688724175984 0.2458070811155051 0.8857883534108746 -0.5688380919799192 -0.822079583174135 -0.024665442239809494,59.506144544753774 40.85905614275798 775.0849563885098,0.69
9,179,3,157.05806965463265,0.9684928065085846 -0.2130080291917117 0.12903202409088024 -0.2442451887473585 -0.7112142908460778 0.6591801880139284 -0.0486412532208394 -0.6699267213629964 -0.7408321108651625,-14.64047324944604 -15.814587423333533 754.899314414681,0.69
9,195,3,237.50446056707062,0.9508000351325329 -0.3006106772924061 -0.07491671302035975 0.06731004793410013 -0.03559695863258628 0.9970968929764144 -0.30240477945806876 -0.9530824084169798 -0.0136114704204202,-71.50789111356056 51.39471550800695 895.1911968829821,0.69
9,195,3,110.24644604215118,0.3665973695766389 0.929062692712547 0.049486176142439775 0.7166757560801967 -0.24807440214048115 -0.6517936419216754 -0.5932809024959151 0.2744113773376648 -0.7567801310296658,-53.780333822379234 -9.699048273962923 719.7902735072312,0.69
9,195,3,64.83682590134752,-0.49353804815300406 0.14306432278003461 0.8578769110850418 0.1325875319616457 -0.9624725252780738 0.23678510183955206 0.8595584572288509 0.23060623936124872 0.4560482660574642,-42.640858984182394 17.343943876050904 551.7464383131673,0.69
9,204,3,247.51595776944143,0.5799155512292365 -0.8143146234166424 -0.024282659086323044 0.10367543154181968 0.044202882918987385 0.9936284567363536 -0.8080528190267688 -0.5787381093650756 0.11005835920742074,-107.66960388717736 0.4330553928248903 952.0665181455017,0.69
9,204,3,187.63977168824707,-0.7763134095144427 0.629469477085439 0.03325158080219909 -0.07537691988524914 -0.1450750298812873 0.9865452628509025 0.6258241048063535 0.763361914901921 0.16007116142703037,-102.92070567556394 -0.42134712002644104 930.5704744274341,0.69
9,204,3,107.03761440267387,0.8681833389692909 0.4511616419650665 0.20666606580548808 -0.19811305966090775 -0.06671993946983235 0.9779057547989659 0.4549823134231997 -0.8899447300234588 0.031455873466590276,-94.80525455770976 -3.7080446337785307 864.1335140346168,0.69
9,210,3,227.3887213453424,-0.8446775453637427 0.5350657510235209 0.014982871551133009 0.4229588971009703 0.6843330540529995 -0.5939646811836751 -0.32806343246605996 -0.495371490108312 -0.8043515842381722,-25.71858321941046 -49.93933932314111 778.3215040236629,0.69
9,210,3,225.5311519400458,0.7310629182130677 -0.6516025515440025 0.20238854818180496 -0.029842775551014944 0.26580262066679566 0.9635654495643122 -0.6816571120154216 -0.7104668054652581 0.17487281083915238,-89.866970258293 -37.86753184095687 938.54506992868,0.69
9,210,3,206.90802899800696,-0.8675487628273781 0.2995715782191584 0.39700883320143915 0.34653958707339566 -0.2084786109665525 0.9145747554795383 0.35674845298569396 0.9310174747515427 0.0770519500050103,-84.56050262642809 -39.43615911664799 947.2911867717648,0.69
9,217,3,285.6006456333392,-0.12119955958605999 -0.9926176756327871 -0.004562540685646488 -0.690307099722171 0.08758831680847479 -0.7181952344814209 0.7132929095605185 -0.0838953918878822 -0.6958266942211033,20.52039642339834 32.436994119099026 698.6946041378745,0.69
9,217,3,255.23805744028888,0.8432530764818211 0.4342328123018224 0.3168061137736985 -0.30324125742224983 -0.10232795189135659 0.9474036785123291 0.44381188447462294 -0.8949697508755087 0.04538894377393418,15.355643386336466 -18.9568836627833 898.1834411320889,0.69
9,217,3,206.93430801611817,-0.981794349377888 -0.17752460320007002 -0.06756382751374508 -0.0717326691361381 0.6758813149678785 -0.7335113306936012 0.17588143650838978 -0.7153107459950185 -0.676310769510434,6.634631091088588 -53.274214435735516 782.7381976200251,0.69
9,227,3,212.4934671392763,0.10178630788282217 -0.9864427328144645 -0.128725608971619 0.04036779912245231 -0.1251954687997494 0.9913105141104981 -0.9939869155686066 -0.10609820672161163 0.02707733755127162,-7.447832231596287 -9.127757283176509 827.1453354030016,0.69
9,227,3,190.69818752857591,-0.4226737421653952 0.9040245595697602 0.06392576459145205 -0.22994818097484487 -0.1752046668384753 0.9573020206728797 0.8766246299016819 0.38992681417507 0.28193321520711134,0.03984766057573764 -12.293290085365928 854.808706438272,0.69
9,227,3,155.25266134811218,0.5856105388834889 -0.7709230832368872 -0.2504753410639886 -0.11074912732078007 0.23001028712946564 -0.9668660189562495 0.8029912375277053 0.5939468558273142 0.049317389494702046,-71.08362111814802 55.57144255221558 1049.9243847307166,0.69
9,235,3,171.29899707321803,-0.9604444911239398 0.2648306480310391 0.0860877885250645 0.18827825547293386 0.3897833967278699 0.9014544925570854 0.20517718680629432 0.8820054600164015 -0.4242271685259104,-9.60411543424376 -17.6788995322907 938.2313516231443,0.69
9,235,3,132.4541884872243,-0.21555894597836214 0.8294606936949037 0.5152953506716966 -0.6014685517141004 0.30293395587564914 -0.739233792298805 -0.7692658331861881 -0.4692824053730327 0.43359439791083615,18.336296534875398 -14.554305134147942 650.0330711119801,0.69
9,235,3,100.70334330242738,0.21261621449636703 -0.9635695135219542 0.16225947720949582 -0.9565284179190781 -0.17131897509064709 0.23601524206524352 -0.199618964646298 -0.20538646835893162 -0.9581068142793816,-6.846511497552932 -27.013043259264737 661.5904873069734,0.69
9,239,3,251.07424851117113,0.7366188124291677 0.6543827512673688 0.1708096602045439 -0.12077993169312307 -0.12121585684556885 0.9852506910169612 0.6654358971949494 -0.7463845730539611 -0.010253576517936208,77.59239752712831 -26.090510420864224 830.965581927608,0.69
9,239,3,237.78621640395733,-0.11234525488891656 -0.993634663860343 -0.008288454565692938 -0.6526981755730921 0.080081593384146 -0.7533737651422524 0.7492420405366357 -0.07922810849818096 -0.6575403193084808,29.91090686686655 -5.856623509089541 743.9415669400403,0.69
9,239,3,98.91167836909003,-0.16866364462697991 0.9761912283865833 -0.1363937703938024 0.7516130505565789 0.21689672008878105 0.6229234584182572 0.6376757775030951 0.0025492029778666075 -0.7703006584120258,53.56084093504222 -32.37832470332495 668.0259126193537,0.69
9,248,3,243.79692366668402,0.8442664041291867 0.5178283072356342 -0.138087229982538 0.04608482359710522 0.18655936696758124 0.9813622122492179 0.5339385993658788 -0.8348948717186692 0.13364177971379537,57.066347483590214 14.946255436790247 828.4670188676602,0.69
9,248,3,239.137244976568,-0.9627670364605116 -0.2697773138373555 0.017315728218728205 0.09799926688027957 -0.28860326597774333 0.9524202321233561 -0.2519439961498817 0.9186557330173697 0.30429569007520874,58.07496695192048 12.700881115067675 810.5660859916351,0.69
9,248,3,133.80641259331833,-0.6299573666097276 -0.41597880010983757 -0.6558318032188721 0.6215639198548372 0.23625041737521435 -0.7468895727112056 0.4656307655093543 -0.8781499747476039 0.10972972278264359,34.71741999080519 10.105052891389427 1009.9910824669303,0.69
9,254,3,221.5116898541692,-0.768845252776481 0.5470891534133577 -0.33101425271508267 -0.22044232771393474 0.2591547126787336 0.9403424987994884 0.6002350851417562 0.7959474185609619 -0.07864826413221038,14.581897505546596 32.64355038584281 786.9942333549135,0.69
9,254,3,200.64897584911188,0.8228548767128702 0.5446503504982599 -0.16206741674985087 0.21975470898552307 -0.04198476377054151 0.974651295330704 0.5240398074083068 -0.8376116494612847 -0.1542368468888363,18.311918765260973 37.497294609499264 848.9795100497956,0.69
9,254,3,154.94030855219503,0.9472940823536252 0.27625753034196865 -0.16222114062957554 0.3203069110378497 -0.8070554762902683 0.49604933316282096 0.006115903792188612 -0.5218651503206978 -0.8530060730156382,16.833341154731297 13.234684247036913 592.8073764641202,0.69
9,269,3,256.47651219446675,-0.10931498144858559 0.9932369567042425 0.03912266181882512 -0.20176792852139736 -0.06071120493245713 0.9775499233368254 0.9733138948207198 0.0989671533012037 0.20704000752602447,-75.93446780949343 14.690185981988519 829.0405864167911,0.69
9,269,3,203.81249283833094,0.6283937056626512 -0.7776480165017174 -0.019619202698020033 0.5220901247614849 0.40292017622225457 0.7517161919365343 -0.576665633023244 -0.48261671544194557 0.6591948525784539,-65.93828642630324 5.538543516595622 714.0463114105538,0.69
9,269,3,116.75509397726742,-0.9302890039298899 -0.32301061172008333 0.17385774036076407 0.1481724890152975 -0.7644506105855727 -0.6274234435167024 0.3355700860716653 -0.5579241961875848 0.7590212833921672,-56.9494089215694 -30.35450080363467 681.311252428208,0.69
9,278,3,242.77928860779275,-0.17915936718493453 0.9834620281950023 0.02653978614205621 -0.3461821474694383 -0.08826988664267732 0.9340055395368576 0.9209016461725658 0.1581482412506099 0.35627137390758307,-89.87299846113325 -28.36278118998609 829.8848512764741,0.69
9,278,3,220.83356664662344,0.945190739078151 0.2570782167278608 -0.20130886032393475 0.19669159206516068 0.04383093663135505 0.9794852048933104 0.2606278656854843 -0.9653961049631602 -0.009136528344397278,-96.99358793640255 -24.447653013377916 836.0352955910743,0.69
9,278,3,208.57234988503413,-0.4898867272060038 -0.8703424276149694 -0.05015030608752041 -0.5391117029496504 0.3476513899276814 -0.7671356352197952 0.6851055146837735 -0.34877294874263487 -0.6395215899211293,79.24134503626291 -5.365391063035716 742.7252684624885,0.69
9,286,3,185.13427865668666,-0.00679565134279525 -0.9505916057578456 0.3103698087532801 0.09690732268922564 0.3082900511278041 0.9463436031298685 -0.9952702095069628 0.03650812838720252 0.09002425578492762,-70.7085286482887 -75.27347371205951 1038.2437520024641,0.69
9,286,3,147.3806375769136,0.8474745226076638 0.46084544935448224 0.26345475008087754 0.06422458057164453 -0.581670534022864 0.8108850677500186 0.5269365585925013 -0.6702841648575785 -0.5225485638291142,-73.93936335720562 -82.74713023031956 1061.7585453926217,0.69
9,286,3,56.9230955658411,0.5915285126206259 0.7092707789089329 0.3834435824769347 -0.7501061696535162 0.3096907683811199 0.5843221390870297 0.29569368103590016 -0.6332666027554488 0.7152193068073681,-33.13581769658426 -46.220850214367545 543.8172207983846,0.69
9,304,3,212.08025543457148,0.30036761460321354 0.951850642641367 0.06131598650264197 -0.060655826212269504 -0.045092743127571 0.9971396668790877 0.9518929387510353 -0.30322763498805255 0.044190887470947904,-8.095204045948291 -24.86442228677868 881.7271370788459,0.69
9,304,3,201.31076137703138,-0.9425850114607109 -0.33393834087118407 0.00432211358160034 0.10868917654998737 -0.29450094429397666 0.9494502918588428 -0.3157849886718763 0.8954073811992824 0.3138876592402863,-7.5442468653819414 -27.12953140179835 903.0115350810198,0.69
9,304,3,186.1380035367668,0.8535221242143136 -0.5210307113676791 0.005194351583830081 -0.289048837579447 -0.4817502651245196 -0.8272650431067577 0.4335328741521877 0.7045875955934403 -0.5617878310939086,-79.76952106498497 -7.033742687263393 721.8081366831881,0.69
9,310,3,277.4125940136468,0.9877450051035314 0.15396167553129408 -0.025604830806348733 -0.00372242825077361 -0.14076804627794653 -0.9900356057612311 -0.15603188270652593 0.9779980366108546 -0.1384698232986903,40.69225567152596 -17.495910804781207 899.4277674826335,0.69
9,310,3,255.29093084234557,0.5223573754170796 -0.8445014480413731 0.11815276807338909 -0.024545332594918867 0.12361059106986882 0.9920271913728788 -0.8523733331089054 -0.5210928190172855 0.0438403350059445,69.30447400594467 -37.04434436670073 795.432265562113,0.69
9,310,3,166.51208302524054,-0.8692277836562537 0.49087862131554527 -0.059002027553181596 0.13906307282461325 0.1282202696265119 -0.9819475669471768 -0.47445181198580455 -0.8617411105385732 -0.17971571025131028,42.405554674789485 -17.84033310768815 882.7994409452197,0.69
9,319,3,287.410422870121,-0.9889558359282807 0.11220206918664165 0.09683517054062352 0.08919265342430875 -0.07125114186355308 0.9934626039052857 0.11836817629129337 0.991127625713952 0.06045663229206,63.512347099949615 -7.33169526754656 738.7573878489347,0.69
9,319,3,239.92722433516005,0.8804523311522172 0.4361975299859692 0.18583704529174405 0.18405759686052486 0.04677068095338236 -0.9818020698904059 -0.4369513629759664 0.8986346411291389 -0.03910611405073213,-5.9416273024898825 -2.5725718961729998 954.123497908352,0.69
9,319,3,126.73599443304093,-0.8402300637473339 0.541375887114753 -0.030423491349044707 0.2958179918250656 0.4106495190930345 -0.8624724274904356 -0.4544283834530328 -0.7336750788457882 -0.5051887993541522,6.667063456793846 -9.048549391031623 731.7356779710768,0.69
9,329,3,294.13478544920326,-0.3945094702643253 0.9147158706170186 0.08750516506533279 0.10443249735734633 -0.04997957790593388 0.9932753370984566 0.9129381859509816 0.4009949099847708 -0.07580864593723002,10.93730332946767 13.53564338323725 720.8667091864737,0.69
9,329,3,256.3876985620984,-0.49961662241845917 0.827248544542069 -0.2569884747536348 -0.0965107711430972 0.24166433122754183 0.9655485601800201 0.8608535889781348 0.5072062662915097 -0.04090112196616036,-4.434429980921118 12.277249001725313 701.7143095858231,0.69
9,329,3,188.42060301435873,0.34080710686818644 -0.9342086485760844 0.10537892025344725 0.48463172617915695 0.07852771421727964 -0.8711862533812272 0.8055945666951503 0.3479764345835149 0.4795099530622879,-35.59133805768369 -12.081883534488542 703.4642042980961,0.69
9,344,3,283.49087873852926,-0.8107230855675831 0.5667903284830604 0.1465496573378513 0.144727542121155 -0.04851589934514933 0.9882814103595698 0.5672583336358722 0.822432326120998 -0.04269721152320971,-71.80992198042769 -11.435625741219079 738.3847097901162,0.69
9,344,3,273.8676287037667,-0.5616634679332451 -0.8225164194064205 0.08944768636494765 0.025857267379739757 0.09060808951581412 0.9955508906318888 -0.8269616378725517 0.561477438479175 -0.02962322679943985,-73.97825113519754 -10.86150932578708 742.3020384757646,0.69
