scene_id,im_id,obj_id,score,R,t,time
7,3,17,0.0,-0.6947474528936433 0.7191819544642272 -0.01016331987142853 0.6964155722013307 0.669087733353042 -0.2594743838454609 -0.17980914185126362 -0.1873470614915075 -0.9656965108444834,-23.25404295158915 27.659780708119825 750.5501842241026,0.69
7,13,17,0.0,-0.9974270907273955 -0.07083497477048514 -0.011027467177405556 -0.06469718714362863 0.955701997963557 -0.2871375368428318 0.030878352591845258 -0.28568531190407914 -0.9578258870501898,-29.20186811117604 11.217860035747057 755.8793112206297,0.69
7,21,17,0.0,0.7217330567767779 0.6921599461139405 -0.004000468871972765 0.6657309022175202 -0.6957337929903611 -0.26973478664030687 -0.18948287676804748 0.1920132763295091 -0.9629263425230989,-22.244650770403528 -0.8892949922351205 764.784123738162,0.69
7,30,17,0.0,-0.059393800386630224 -0.9981863404574319 -0.00981866588867547 -0.9594400408772946 0.05979826370553032 -0.2754976871394378 0.27558516730224936 -0.00694243343534684 -0.9612515894296284,-7.156657880707527 -5.707045898556606 763.0850366005099,0.69
7,39,17,0.0,0.6935511637301461 -0.7204073728095267 2.2141263846864323e-05 -0.6907827390179865 -0.6650396348885992 -0.2837983289275099 0.20446513336842598 0.19681336648945982 -0.958883990901776,7.54147463690378 1.1022927712122645 758.2399677768981,0.69
7,54,17,0.0,-0.876443975975736 -0.48051150350522714 -0.0308974428551871 -0.4550056991232507 0.8474981684845214 -0.27334349851559225 0.15753022167573227 -0.22551175005867824 -0.9614201370078883,9.187093803698367 25.230038373971112 753.0420871244685,0.69
7,62,17,0.0,-0.38821445529981036 -0.9214956804320077 -0.011629601946027399 -0.8910728217460789 0.3785574076104834 -0.2503667619487693 0.23511436162376947 -0.08683317389328846 -0.9680812139845837,-1.6004059785976867 33.5150321013345 752.4285030437023,0.69
7,67,17,0.0,-0.030481179094155264 0.9994976812899476 -0.008676567123494683 0.9582268719856111 0.026750622464895124 -0.28475544946921116 -0.2843803079077414 -0.016993801627627286 -0.95856092721357,-10.794418439063328 34.29835141070004 747.8789973612246,0.69
7,71,17,0.0,-0.38636501775265863 0.9223419989057106 -0.002703721806333076 0.8859444679623848 0.3702996678193917 -0.27924998782398325 -0.2565628046772068 -0.11028777388027305 -0.9602146292307253,-17.619113677707425 32.1124798148461 747.2190544968032,0.69
7,81,17,0.0,0.9492298911617889 -0.3143555277880723 -0.011967283487109424 -0.2892401349785254 -0.8571681177777103 -0.4261489905925177 0.12370431699250728 0.4079747786499796 -0.9045738344341591,-28.39671553713425 7.977164506685206 758.4713794702197,0.69
7,87,17,0.0,0.9316485898257544 0.3628838308377219 -0.01860726718850525 0.3133845420671163 -0.8283748430496489 -0.46431158524836896 -0.18390495879412447 0.42674400372941296 -0.8854764375249757,-27.761654713067202 -1.675625652307344 760.8728709587829,0.69
7,94,17,0.0,0.9641082211857568 0.2654207897107536 -0.006866020052016281 0.23293482649810904 -0.8579517821856157 -0.45788656460833344 -0.12742332771643744 0.43985286611984875 -0.8889841121863898,-21.16883697110142 -10.412495268757574 767.6779529202146,0.69
7,102,17,0.0,-0.0917287127682157 -0.9956841805668933 -0.014101624825551079 -0.9048661186960224 0.08925699289545241 -0.4162337041317742 0.41569598324963675 -0.025420499367550142 -0.9091483089804557,-8.171954603619975 -15.649236491393715 774.2735977645752,0.69
7,112,17,0.0,0.7177981261470461 -0.6962294518097539 0.005513667788123261 -0.629272203896044 -0.6521149092461661 -0.4228033095219099 0.2979636613810547 0.3000178254230138 -0.9062047014471081,8.49464475325857 -8.597911910657679 769.2348624169005,0.69
7,130,17,0.0,0.8091554683245965 0.5875434252751726 0.007755739572725476 0.5338031077422214 -0.7295000656101299 -0.42764926802177783 -0.2456047032227774 0.3501747816315929 -0.9039114735769856,5.056875843861439 17.77622277868159 758.4757771154219,0.69
7,155,17,0.0,0.956122392983039 0.29279753316413437 0.009978687758652433 0.24310141812550326 -0.7739116316934385 -0.5847755867296179 -0.16349822672358338 0.561542866487143 -0.8111337367879888,-29.527014163173153 -7.675660361895571 777.8966311983481,0.69
7,166,17,0.0,0.9858430192319141 0.16744064894407154 0.008784674888284112 0.13983445537505648 -0.7921359433717984 -0.5941102358219664 -0.09251954670049994 0.5869278288679617 -0.8043356620085141,-20.40408638113694 -21.386650838517347 782.8664032588347,0.69
7,185,17,0.0,-0.8108224214383929 0.5834389145122783 0.04654066958602393 0.44126296993632574 0.6615988737038366 -0.6062787491548641 -0.38451786987831177 -0.4710477293720327 -0.7938891889915731,11.246976849949053 -15.663069849950368 772.9910328522418,0.69
7,198,17,0.0,0.9770408473028345 0.21303250726817088 -0.002886788665086383 0.18014284540409128 -0.8332802459439957 -0.5226782824732932 -0.1137529689787384 0.5101579976502875 -0.8525251195606917,11.535011657635602 0.5826474549588289 811.2240153845601,0.69
7,207,17,0.0,0.4537288215109351 0.8908269401739332 0.023611844287273753 0.7076289498619922 -0.34406170232685446 -0.6171570418533369 -0.541656187860448 0.29673036186459756 -0.7864856429078615,-3.120724975308143 9.410265125898745 754.1611493924039,0.69
7,219,17,0.0,-0.02822741690921271 0.9989775604768271 -0.035313546952981945 -0.6770901198920575 -0.045097014769402505 -0.7345170037537914 -0.7353585400872097 0.003176936048344514 0.6776708084299867,-22.208455993334162 -6.0608526271453345 751.2139047441065,0.69
7,229,17,0.0,-0.6907083678270631 -0.7214540453313054 -0.049254553990157574 0.4954854445070649 -0.4225582425567054 -0.7589062563512209 0.5267030708998296 -0.5485878162359089 0.6493344923706161,-28.777578888469847 -17.770628689964585 774.166753879953,0.69
7,239,17,0.0,0.2620333207293918 0.9647161427837385 -0.025715806034297628 -0.6186821620233776 0.1474745453212719 -0.7716758651638417 -0.7406557373176874 0.2181146999510808 0.6354959137898868,-18.755242009379984 -27.841092792840463 780.089061491033,0.69
7,251,17,0.0,-0.22808081320995421 0.9736356872097867 0.0035624762472015736 0.6523926013825065 0.15554143942984866 -0.7417484440708022 -0.72274686876309 -0.1668544551746115 -0.6706687367706445,2.2663361395171253 -29.280961708355196 788.1640077390911,0.69
7,270,17,0.0,0.6732224965772314 0.7392469670108084 0.01689354514719421 0.5157967838221731 -0.4531139112869809 -0.7270773419636432 -0.5298350195117552 0.49819845961577885 -0.6863476866249665,10.456436421756132 -10.78305571061713 812.7831988893877,0.69
7,277,17,0.0,-0.7987559051171529 -0.6000917080457567 0.0433468104386498 0.3678581502923025 -0.5441093500969534 -0.7540725405427497 0.47609808370125134 -0.5863744171361822 0.6553591821468586,0.9135620389931403 -2.724945992034678 766.2957495802898,0.69
7,285,17,0.0,0.13210127583028497 -0.9912086491007238 0.007393704885152841 -0.6975205648340382 -0.09825517765915681 -0.7097964368019689 0.704282837046037 0.08860775367362228 -0.7043680511148271,-12.58391856176436 -4.190061369176308 775.5842411658833,0.69
7,289,17,0.0,0.7598716362793572 0.6499888340702985 -0.010469573155887757 0.35191150349099354 -0.42483793788630153 -0.8340689541298271 -0.5465833788991767 0.6301009777142462 -0.5515608468652484,-21.151676482209485 -17.983181801260415 773.119851834347,0.69
7,295,17,0.0,0.9993891073216306 0.03364791260538647 0.009446170873682226 -0.008603644951326999 0.4988400368652794 -0.866651368725509 -0.03387313774107786 0.8660406662493089 0.49882479383249084,-27.985009918569396 -20.517856899928052 735.7598894935439,0.69
7,306,17,0.0,0.7403738991453077 0.6720940758614116 0.01166373252304076 -0.3364472341611733 0.3855380150549737 -0.8591645346339475 -0.581936206202768 0.6321787659669266 0.5115664763946749,-25.45937202718129 -31.562087011145433 774.9701198685667,0.69
7,314,17,0.0,-0.4233951556852633 -0.9049530451390322 0.04238547199034648 -0.5413537274624343 0.21521144344105314 -0.8127854430134357 0.7264108230917131 -0.36707495243561794 -0.5810191867654706,-13.975333788433693 -39.00187073356635 809.1580484034754,0.69
7,328,17,0.0,0.9543109765776532 -0.2987878954645865 0.0040439469889599206 0.15918829237969256 0.4968919366006532 -0.8530870359526571 0.2528826754695617 0.8147540714013622 0.5217529641336602,10.331167701811072 -31.906228260142367 775.799443871427,0.69
7,342,17,0.0,-0.5953257614085778 -0.8033300187182222 0.01575178813588546 -0.4726699313570819 0.3342947813408116 -0.8153711640468964 0.6497463919054791 -0.49285685568375737 -0.5787242400412579,10.806717279246316 -21.82032792887327 798.2554289163509,0.69
7,348,17,0.0,-0.6303183713937872 -0.7762235056832696 0.013259709961353394 0.37691247215892343 -0.3209075383519834 -0.8688816606189358 0.6787015095124902 -0.5426743231936129 0.494842237416959,3.8883763538412013 -14.485854713870754 770.8922315595945,0.69
7,354,17,0.0,0.015173275730984814 0.9990937167452449 0.039768289676124224 0.5552913257495167 0.024655751937522674 -0.831290344851749 -0.8315174774176042 0.034696383911986706 -0.5544139659969762,-7.4648815468727365 -15.793210783193338 779.9118323394852,0.69
7,366,17,0.0,-0.605765416876562 -0.7932353927204376 0.061853629255023634 -0.38373666036017934 0.22317369998043202 -0.8960690124832239 0.6969895517236835 -0.5665431240185489 -0.43958440988656755,-25.906680306273344 -33.269446742224844 809.9398358463037,0.69
7,378,17,0.0,0.378048985879462 -0.8922275328937458 -0.24699998749362229 -0.4331832413313742 0.06531158891105593 -0.8989364136486836 0.8181877802223364 0.4468382547413018 -0.3618070347500073,-16.553422731061147 -45.052544331899924 908.753893249973,0.69
7,385,17,0.0,-0.260221878469705 -0.9643886908958808 0.047318356246044024 -0.45667712339154365 0.07975095348849504 -0.8860506703278888 0.8507235619967999 -0.2521789806661244 -0.4611671961161934,-14.762349607511396 -45.801814689898585 846.7826583325814,0.69
7,393,17,0.0,-0.7052436915549631 -0.708958065124518 0.0031300825593044146 0.2642740842580642 -0.26698117830317536 -0.9267579289228713 0.6578681812578335 -0.6527629832693855 0.3756460352003764,0.9091892244233598 -45.08119858245605 855.04719604165,0.69
7,399,17,0.0,0.9977001085877208 0.05349674327929428 0.04162441329987635 0.05988601474174288 -0.4080320411538689 -0.911001382342617 -0.031751512757684404 0.9113988983152858 -0.4102973185231435,7.150457539445782 -40.11713941277006 797.6043182668901,0.69
7,413,17,0.0,-0.9307992204526127 -0.06047120781791096 -0.36049416670710743 0.3654863108696632 -0.1385697215427849 -0.920444560437205 0.005706818000661723 -0.988504762404612 0.15108198744956103,14.656754801017378 -28.79904735277056 909.8648203885102,0.69
7,428,17,0.0,-0.5466686443224476 -0.8348306350685981 0.06489379065533457 -0.3903022812372472 0.18547971100771632 -0.9018100720581328 0.7408221936306025 -0.5183194840592578 -0.42723224347992134,-10.47486070927963 -28.568964638160313 792.5039814726647,0.69
7,435,17,0.0,-0.004570465288762426 -0.9533205962853404 -0.30192540725352573 -0.13992437906601912 0.2995678633374684 -0.9437585832184061 0.9901516444414125 0.037933309288633144 -0.13476195700708588,-39.159007105337565 -89.19275924401741 1371.3975938582694,0.69
7,447,17,0.0,-0.48148194856558624 0.4685872346067449 -0.740676134872111 0.5699937754703023 -0.4745508530513137 -0.6707522521716802 -0.6657944345896839 -0.7451358878968817 -0.038604137570078634,148.84453331408181 -130.26498421803652 1702.9552334153302,0.69
7,450,17,0.0,0.46940349082096633 -0.772508117547069 0.4276582410394714 0.8337737983952068 0.2283551259305107 -0.5026680709681984 0.2906572137668702 0.5925243832832067 0.7512877207169937,189.20367501480834 -130.35566839736617 2205.283126387015,0.69
7,468,17,0.0,-0.9810342655366329 -0.12779530702408404 0.14573993737345833 -0.14814951668114285 0.009505170128554452 -0.9889192952147161 0.12499396205474585 -0.9917550157389914 -0.028257710565603555,2.583755728587293 -58.61386866166889 891.8952683011635,0.69
7,478,17,0.0,0.7908614940891051 -0.5480943313900525 -0.2722695375271348 -0.3158978415322279 0.015438670452233516 -0.9486675925580819 0.5241628095185961 0.8362740288641988 -0.16093196626156445,17.66152514733563 -80.10385129339154 1173.0558850493398,0.69
7,486,17,0.0,-0.6242066481428707 -0.29835833483214136 -0.7220445723433107 -0.6614471233089245 -0.29000446714814176 0.6916538961796361 -0.41575685620394864 0.9093292654865532 -0.016325545904959826,614.500490699717 -283.0922456204967 4055.485076056768,0.69
16,8,17,0.0,-0.04099858298742598 -0.9981639512735903 -0.04458522816939024 -0.9585239091205457 0.05188835814579873 -0.2802490212885693 0.28204792471722034 0.031246194437511116 -0.9588913616754937,99.65428307713675 33.46572368495289 764.3503731478211,0.69
16,14,17,0.0,-0.4793782710062916 0.8755376400618524 -0.060252088112700775 0.8434215268972134 0.4406417024502697 -0.3073678871126611 -0.24256257183125307 -0.19816339444168402 -0.9496813506908293,75.74161258526117 82.38219846468613 745.2363161309095,0.69
16,20,17,0.0,0.853897005682633 -0.5196881915482435 -0.02800155802004293 -0.5071103189531826 -0.8187184102312641 -0.26933118861281713 0.11704284727156578 0.244180974512159 -0.9626404435659542,29.523696858391695 112.8182692900939 732.8512719010131,0.69
16,31,17,0.0,0.9136713681049082 0.404876948719587 0.035767128775199 0.39680205055751716 -0.8694520347556579 -0.2942809744658933 -0.08804978011701317 0.2830685705880521 -0.9550494335722013,-70.62742276171727 100.71844586190038 739.6081643527298,0.69
16,35,17,0.0,0.7362078878213798 0.6754209102223542 0.04247987693002449 0.6554063010355556 -0.6959353773546096 -0.29345618260515116 -0.16864319278427453 0.24388633537101634 -0.9550282346333129,-97.22060226337534 75.67459285447352 747.6433211937352,0.69
16,48,17,0.0,0.3060193554707159 -0.9510576161406928 0.042913457773402275 -0.9136239337088355 -0.3060502634610277 -0.2676276218738052 0.2676629631302774 0.0426924702519986 -0.9625663048081945,-103.21617580548978 -36.13614179239758 781.6526365921478,0.69
16,55,17,0.0,0.8009454325577562 -0.5978994901910157 0.031664075767231695 -0.5687298306186304 -0.7762712292469194 -0.2719363131469956 0.18717049401380959 0.1997978435138886 -0.9617941712746164,-55.29355406002339 -79.15749034500905 805.8871541436149,0.69
16,61,17,0.0,-0.9950781968074448 0.09611684062325558 0.024102597101720698 0.08723040565994918 0.9650489654567025 -0.2471261835567995 -0.04701317439659757 -0.24380739779496424 -0.9686834953758648,0.3558669523536831 -88.55952057106698 803.6138382478973,0.69
16,68,17,0.0,0.842451794923052 0.5387143350681719 -0.007863741029816601 0.5174210724139879 -0.8130487544519521 -0.2668841634606441 -0.15016792950855132 0.22076817722712339 -0.9636965315237614,61.17882207142454 -64.81937312202498 792.6494399520107,0.69
16,73,17,0.0,-0.8079545081616024 -0.5892251797311115 -0.004816670238090209 -0.5198709014159578 0.7166552982038934 -0.46490797951556845 0.27738738003431707 -0.3731204512314061 -0.8853459043055258,92.95513008023165 -31.410898799247974 790.4174595647344,0.69
16,86,17,0.0,0.48464808026496164 -0.8739987210418347 -0.035248743420494694 -0.7901411718187674 -0.42014954795452547 -0.44626369553266676 0.3752241555288677 0.24413232676326313 -0.8942070454524519,72.51048610050907 69.82239030259362 734.413930944646,0.69
16,96,17,0.0,0.9892886447990727 -0.14596399450732447 -0.0015778400046122486 -0.13168065608597743 -0.8877126908471799 -0.44116480290434085 0.06299350827173342 0.4366471010052913 -0.8974247194607992,-12.908304423883841 101.501862261192 717.8565673566183,0.69
16,117,17,0.0,0.05604629097244895 -0.9978642979290088 0.033550800092965405 -0.9001623715676604 -0.0650390274657403 -0.4306711387125866 0.4319334648784659 -0.006063647825954699 -0.9018850891843849,-113.40630549035389 -25.25330702050423 787.6235151418691,0.69
16,126,17,0.0,-0.7565689932895561 0.6517024260902919 0.05373366003591351 0.5698067718968907 0.6973433936411519 -0.434778603481686 -0.3208170835433678 -0.29832220697270934 -0.8989328449520907,-58.425357809766496 -81.9346461151647 818.620810139382,0.69
16,140,17,0.0,0.8670940138305928 0.49814400967008454 0.0007188942638251122 0.4492491240958568 -0.7813600131122236 -0.4331878973475264 -0.21522824089384107 0.37593759527224235 -0.9013033500340861,65.56021135191355 -66.69369308947601 799.6951157810355,0.69
16,153,17,0.0,-0.014903517609449524 -0.9998888942382144 -0.000290416848848174 -0.7875374076276772 0.011917342517565377 -0.6161516116463521 0.6160866146492252 -0.008954112261988889 -0.7876275180081361,96.91269890712421 17.034026821064234 750.1943012353505,0.69
16,161,17,0.0,0.7030271795340574 -0.7102671520132738 -0.03568413663438666 -0.582325123274766 -0.5461349581659448 -0.6021910479840349 0.4082281661515006 0.44413644326944696 -0.7975541261385011,55.28886688817853 64.47634173071452 712.5874616275896,0.69
16,174,17,0.0,-0.8529816763819683 -0.5217466598403999 0.014236667517115276 -0.4155729541290072 0.6623943865340653 -0.623323989980049 0.31578692112419254 -0.5376003158793196 -0.7818340749886504,-61.291335877041 68.43954281852007 706.619474781749,0.69
16,194,17,0.0,0.2970880320986764 -0.9455619615919149 -0.1328581121881009 0.6347380015371866 0.2995154369679206 -0.71231886990483 0.7133346834328991 0.12729131866850052 0.6891665615824086,-89.9000859287302 -60.50880362973165 804.8263188834611,0.69
16,200,17,0.0,-0.7620827242188263 0.6465289568292382 0.03507462656265345 0.5333189424686017 0.6575115911381664 -0.532211812273205 -0.36715232132098075 -0.3868834650127272 -0.8458843641115263,-47.86938452795762 -93.37552360286229 871.1326274860904,0.69
16,208,17,0.0,0.796490135842479 0.6025726297017231 -0.05009680069605399 0.46876097312673864 -0.6676956310349625 -0.5783127997633256 -0.38192487949713755 0.4371370153981168 -0.8142755161429844,31.83679295034604 -90.64237946338582 853.9274168444226,0.69
16,219,17,0.0,0.7780533192750957 0.6279416449724999 0.01795335272969467 0.44465679239414957 -0.5303157390694433 -0.7218348522155025 -0.44374921897706154 0.5696090829722267 -0.6918324387109837,100.1074251507002 -40.3342457255718 833.0350898070698,0.69
16,231,17,0.0,0.5025047559607321 -0.8644414538946659 -0.015163872372227438 -0.5737237510220994 -0.32028536307119215 -0.7538291210317407 0.6467843750045119 0.3875025922375628 -0.6568955116753289,73.7857933115982 34.47803243756829 721.3596143389788,0.69
16,238,17,0.0,0.9844670280522134 -0.17548118717839017 -0.005569885501977727 -0.1177200945499151 -0.6362201153199969 -0.7624735695100315 0.1302560939733777 0.7512857763918286 -0.6469953880624852,16.61649473016921 56.1083075514697 694.315254185923,0.69
16,246,17,0.0,0.8413585458927169 0.540460386252315 0.00428580742571652 0.3571933302338456 -0.5500725465625189 -0.7548729153670041 -0.4056214024059218 0.6366496402341116 -0.65585708313628,-56.845707201158184 48.301213246092125 700.4060642963175,0.69
16,255,17,0.0,0.49104975134078266 0.8706733949908327 0.028248556835574923 0.5875615645324386 -0.3070885657972301 -0.7486441214895053 -0.6431497100927188 0.3842192759502542 -0.6623699860319111,-111.1058131813729 5.218264488341796 747.6546879198435,0.69
16,268,17,0.0,-0.8774358913849887 0.4088760956805854 -0.25085173886268186 0.4334481923449592 0.45177286403104844 -0.779758901121411 -0.2054967665495437 -0.7929196792274638 -0.573628330220447,-80.5289210347953 -78.28242265319105 923.4799344924944,0.69
16,275,17,0.0,0.8310574775579475 -0.5554306642174096 -0.028987001259689033 -0.3892859332839763 -0.5436596346318272 -0.743566179851674 0.39724039465070216 0.6292304656634129 -0.6680337491016147,-21.54452155228794 -91.72829824004147 872.7296613101282,0.69
16,287,17,0.0,0.410974382970841 0.9114414911220869 0.019351093066889036 0.6056417215276044 -0.2570990194129323 -0.7530592269947884 -0.6813942777033106 0.3212078804731533 -0.6576681046205055,79.06369268714369 -61.35163160378487 831.3005073427161,0.69
16,298,17,0.0,-0.0518480465788852 0.9984242710863704 0.021465203740081817 0.5325864965188596 0.045826754208529996 -0.8451340321655951 -0.8447860106510523 -0.03238647100812886 -0.5341233122640496,96.12330149959213 -4.705488137175887 755.2634242049927,0.69
16,305,17,0.0,0.9996163320237812 -0.019505993350154814 -0.01966481565502221 -0.02705223742605329 -0.535115129599299 -0.8443458855967559 0.005946864851897361 0.8445539143816393 -0.5354375038238208,56.37816792110608 23.064308245862808 703.5087560699701,0.69
16,310,17,0.0,0.912062816952534 -0.40999393199639117 -0.006811289066445819 -0.2184620256793453 -0.47179425138602593 -0.8542157383794661 0.3470097423253202 0.7805864206385081 -0.5198740988413223,12.553173326096541 32.646184866200635 688.7473422157975,0.69
16,322,17,0.0,0.9868016146371893 0.16068484158688728 0.02007373990150134 0.10230929801552512 -0.5225617232251536 -0.8464408148001421 -0.12552044012433455 0.8373228929774672 -0.5321043055706639,-90.24981390046706 11.219977855142382 717.9636939753628,0.69
16,332,17,0.0,0.34119443809863015 0.906104466173214 -0.25012207377901435 0.2427784260711397 -0.34200688279645636 -0.907793989820527 -0.9080996593133266 0.24901001686840973 -0.3366734623551642,-117.46869662204998 -35.54331993269876 868.6601282615084,0.69
16,339,17,0.0,-0.9949272580717425 -0.05322805816291579 0.08536114438109105 -0.08114201635208415 -0.07694043584894505 -0.9937284048036931 0.05946195698227839 -0.9956138524325481 0.07223110490819062,-72.92320904270326 -48.993759353855836 772.5794664031461,0.69
16,345,17,0.0,-0.7680213219508004 -0.5503373097570216 -0.32752418921103993 0.4626964163385318 -0.12324151232310432 -0.8779086261951151 0.44278129515193504 -0.8257968122545148 0.3492912102155692,-45.88124593514488 -97.9940505867744 1062.0414213763404,0.69
16,356,17,0.0,0.40185220187117665 0.9151580361914375 0.0316318928538758 0.5516313259079084 -0.21436374014403875 -0.80607137847001 -0.7309019688907469 0.3413707012994684 -0.5909723818977829,69.75690065243332 -78.26330041965858 923.6329598285474,0.69
16,373,17,0.0,0.26413236980612054 -0.9641485955860776 0.025526003408240905 -0.37295179026814146 -0.12650724730585172 -0.9191859869008473 0.8894611027787507 0.23326680434320413 -0.3929956038368853,84.96153635658794 -7.5957749059822435 751.5394160142909,0.69
16,381,17,0.0,0.889563071216401 0.4567898422141202 0.004536780581413713 0.17797060017323327 -0.3374031832520782 -0.9243838798926255 -0.42071844243154344 0.8231051767431449 -0.3814365743037922,22.370184815074495 7.852141316096725 689.686946707775,0.69
16,395,17,0.0,-0.9631154501756235 -0.2655216833112988 -0.04366766909900752 0.1305678331963434 -0.3192348199024344 -0.938637933761614 0.23528848371184233 -0.9097182890617264 0.34212857813866937,-91.93709215851513 -7.580397352260529 694.6137039610912,0.69
16,407,17,0.0,0.5737494826187305 0.8108152832974934 0.11571563233178828 0.43388333561452386 -0.18106614090989298 -0.8825872782291924 -0.694663071042901 0.5565910787887323 -0.45568584435117243,-164.42975338610265 -77.05550104977236 1165.3232694476533,0.69
16,418,17,0.0,0.6931175185956048 0.709671698951268 -0.12630987737897598 -0.05208360289194858 -0.1254649463724232 -0.9907299559120833 -0.7189404730057036 0.6932709621348535 -0.04999969334855228,-27.006345235339065 -88.57904435669705 950.4056283624105,0.69
16,425,17,0.0,0.7970871509358223 -0.59892082141395 0.07710981448462206 0.15935685850676987 0.08545807998095431 -0.983515281128271 0.5824581233529726 0.7962353711326873 0.1635596780912857,39.413477352116026 -75.59675217756373 942.382912905516,0.69
16,448,17,0.0,-0.9835766393844342 0.18028809219266934 0.00855559879553805 0.014783685963532592 0.1277149336422938 -0.991700730237745 -0.17988451041308226 -0.9752871882365073 -0.12828274776903392,68.2725544723596 -16.837347633420112 727.5684783500562,0.69
16,455,17,0.0,0.830694180521755 0.551364535247309 0.07709946639768897 0.13531548205428467 -0.06562478404500513 -0.9886268800894817 -0.5400341644412009 0.831679347459443 -0.129122284078809,-7.443495211102326 -12.680641680674787 701.8985029533908,0.69
16,466,17,0.0,0.8989586649736063 0.43700677151239253 0.029973326828823338 0.12085175050932329 -0.1816667179745574 -0.9759057628578617 -0.42103227081508154 0.8809212707346034 -0.2161239035822452,-90.14181833539749 -26.20184176566581 731.3989034550484,0.69
16,470,17,0.0,-0.8675332824571843 0.49274962598306626 0.06770383979222833 -0.051580356559027124 0.046257708589126256 -0.9975969583019625 -0.49469735257661024 -0.8689407520019027 -0.014713900368738542,-131.89064460802334 -24.375051669156058 710.8325659988752,0.69
16,480,17,0.0,0.9628745019088755 -0.18181507323258722 -0.19953940142028048 0.2697441587527159 0.6191972472108952 0.7374502409418814 -0.01052532149268981 -0.7638966214036284 0.6452527949692253,-12.5680506171691 -149.51979662709365 1406.5591499495795,0.69
16,486,17,0.0,-0.7201982827785933 0.6937655929411066 0.0019327529174936187 0.05666874786518716 0.061603956056620945 -0.996490645020597 -0.6914499884287779 -0.7175613246609998 -0.08368189082826816,-104.31604367565646 -173.57721542510615 1712.545560145929,0.69
16,495,17,0.0,-0.8062338872507522 0.5844738020933522 -0.09152755713490099 0.09999774184615395 -0.017849503126469712 -0.9948275462932299 -0.5830843598264418 -0.8112162288223033 -0.04405518608642256,-93.81843207065303 -221.72896636494272 2084.5874214183077,0.69
19,1,17,0.0,0.9046748742977891 0.4220453720445789 -0.058660683170522546 -0.38121134751197683 0.8631646699984975 0.33109615067905546 0.19037142732664047 -0.2771722504186483 0.9417718743174909,-90.74224081912065 67.9785708626187 732.2486877972103,0.69
19,6,17,0.0,0.9961580377764137 -0.012922270986074891 -0.0866151181146097 0.03090218599509265 0.977298742385924 0.20960015036162566 0.08194033606332135 -0.21147147099184282 0.9739433239580094,-113.7019560332932 27.254195564053077 755.492577732071,0.69
19,17,17,0.0,0.5803476469048516 -0.8131235177355317 -0.04501948064334106 0.7873908193028113 0.5461529727089431 0.2858891884609003 -0.20787569942071016 -0.2013630435471685 0.957204585385889,-89.93951133085217 -61.536082929179095 770.6797362324091,0.69
19,33,17,0.0,-0.7131764224999695 -0.6996067397164144 0.043929490476375996 0.6767558998228097 -0.67083915674334 0.3032759104098174 -0.18270424856900314 0.24601877067259223 0.9518896585379956,43.98602161277102 -83.96079343987782 782.0057671277377,0.69
19,42,17,0.0,-0.998376855536094 0.02259763964437677 0.05227811217291785 -0.006888340008674746 -0.9590880538556383 0.28302412569130747 0.056534990066207505 0.28220462723688106 0.9576869756158877,94.49438388888879 -23.643077373136208 769.5687307539437,0.69
19,47,17,0.0,-0.8954183297916862 0.4430578578553855 0.04388335978094644 -0.4110935929363719 -0.8605950155652601 0.3006298006367536 0.17096219617135117 0.25114926592930076 0.9527307981289581,95.99780522988402 20.490912917094338 750.8422352270749,0.69
19,55,17,0.0,-0.41269266984979097 0.9066343933621543 0.08774301695912706 -0.865976926978657 -0.42039664017518286 0.27083320858052 0.2824335712921767 0.03578745174297908 0.9586190776866955,61.104019537819745 79.77860887539947 736.3418335957803,0.69
19,74,17,0.0,0.9574498567870251 0.28797006274228076 -0.01905294472547693 -0.2484906793362417 0.8561618628569672 0.4530333838386536 0.14677245661743998 -0.42902226929787063 0.8912899294982453,-97.98731233557415 41.300267075909794 728.6239651984329,0.69
19,80,17,0.0,0.9738455583296172 -0.21838767052759867 -0.06270290171280084 0.22474417102137179 0.8853107613836666 0.4070809666027003 -0.03338991035616198 -0.4105261028726449 0.911237308688909,-115.45863599966286 -6.628088075094971 758.2190666375368,0.69
19,88,17,0.0,0.6141583653359346 -0.788878635696505 -0.021908912102467287 0.7081025141294335 0.5385908586923046 0.45662973667585555 -0.34842550390502114 -0.2959567283822196 0.8893870266390358,-91.15885543728895 -65.52062836849134 780.0729149414976,0.69
19,98,17,0.0,-0.2363157051565044 -0.9713196229496562 0.026326366428384596 0.866508575211063 -0.19840130415968907 0.4580390939575226 -0.4396791746058457 0.1310538537421622 0.8885421266531204,-13.293509406279966 -101.18294909511589 801.4646397622259,0.69
19,109,17,0.0,-0.9233752554532869 -0.38132322546892916 0.04439296492181279 0.35686334476337545 -0.8099631714878648 0.4654118756516812 -0.1415156909352222 0.4455920315168258 0.8839802320571625,74.9819373687519 -64.8636701394824 783.2464330560418,0.69
19,115,17,0.0,-0.9893804813618882 0.1452660820602124 0.004901887697023495 -0.12540800763885823 -0.8702084205229645 0.4764558074690447 0.07347853237627078 0.4707813401716374 0.879184755910853,96.13549864581938 -20.40782718408533 766.0645781175555,0.69
19,123,17,0.0,-0.6644320469681995 0.7461377459589448 0.04252668593899389 -0.654599692523595 -0.6084862620059528 0.44860195217814 0.3605957535934991 0.27022755781993896 0.8927193117016168,80.71639169427881 41.511051913751785 734.6222339151577,0.69
19,128,17,0.0,-0.2965433577443911 0.9544809596502454 0.032064538712237134 -0.8265112265475559 -0.2733169763781258 0.4921148471793687 0.47847803436368574 0.11943168795870518 0.8699395625805264,48.33373884150973 70.879351190306 714.3106811614549,0.69
19,140,17,0.0,0.6857378542864832 0.7273839077638083 -0.02600472889343619 -0.6407952625669845 0.6202793565066451 0.4523659485012233 0.34517390786425195 -0.29354074779824596 0.8914531971515762,-57.43950409788656 73.66642289594981 712.3206688192489,0.69
19,145,17,0.0,0.9169552167336114 0.39850132894747503 -0.019743893539831817 -0.31417302337260355 0.7516479351524572 0.5799316278372522 0.245943981202902 -0.5255683327676277 0.8144258626185215,-90.83847519929395 33.47572957080291 726.4227074859706,0.69
19,150,17,0.0,0.9995710350873634 0.00013505288423003303 -0.029286986446120083 0.017434215520483413 0.800764096895485 0.598726071966424 0.023532826935200448 -0.598979835122917 0.8004182426535275,-109.77543980230425 0.5569164483658118 738.0665630419054,0.69
19,161,17,0.0,0.6034703871715598 -0.7968393481944396 -0.029504999170793134 0.645217452144683 0.46623181083172677 0.6052456840131061 -0.4685274071545137 -0.38428498765581476 0.7954917454049658,-87.90696905972621 -72.7453949952126 791.8723658695563,0.69
19,180,17,0.0,-0.8723047795164549 -0.4869502278314064 0.044315316175001285 0.41400105650453756 -0.6873112693394273 0.5968302474340187 -0.26016820875325186 0.538964465112466 0.801142814047631,66.50679437110759 -79.29723445095604 815.4750691533566,0.69
19,186,17,0.0,-0.9999715229992154 0.0011385016212087037 0.00746036223571917 0.003522853258882794 -0.8038185677093539 0.5948641018842868 0.006674031431302857 0.5948734437002052 0.8037916665932239,94.00981710904037 -41.66409843459789 787.6415878745186,0.69
19,196,17,0.0,-0.6355747760142941 0.7719160618438792 0.0137948382308887 -0.6021551662016509 -0.5068224453724984 0.6168793761208937 0.48317063229364643 0.3837663381982288 0.7869368067099676,77.42313409040592 29.305803031045116 724.2076069926397,0.69
19,219,17,0.0,0.9775751324273418 0.20968989896595636 -0.019416661178277478 -0.13220252297168117 0.6828586350416707 0.7184890934933867 0.16391874017203498 -0.6998101391239437 0.6952671542649914,-102.14052722131731 2.5869392473401622 730.6613178810439,0.69
19,225,17,0.0,0.9595555643146639 -0.2783950843190058 -0.04182458630734276 0.2262357116337999 0.674146363422236 0.703096069869632 -0.16754259689498321 -0.6841219611382081 0.7098638042005643,-114.25849854155925 -34.914777909051814 772.2670672891743,0.69
19,234,17,0.0,0.4762972072029524 -0.8789482720689107 -0.02430854659875631 0.614449552235334 0.31293696766213613 0.7242390503336757 -0.6289616189947247 -0.3598894125943457 0.6891203759387989,-80.04661957235926 -82.76354102281879 823.4047986515814,0.69
19,255,17,0.0,-0.9754455216531217 -0.21823030113978187 0.029691243680747978 0.1692620111626143 -0.6565622046708672 0.735034994387966 -0.14091275976311185 0.7220121931533915 0.67737876190044,85.4463353039331 -62.42333371279967 809.8684246149825,0.69
19,263,17,0.0,-0.8822011819382477 0.4703693921532316 0.021764868760418193 -0.3007881344579928 -0.5985005028978303 0.7425117145206024 0.3622810687243252 0.648498097881901 0.669479383019012,95.17805842522868 -13.168623347867355 759.2298899911146,0.69
19,278,17,0.0,0.19798014728999244 0.9783547096755703 -0.06021564028276494 -0.6526001061501581 0.17739914018794628 0.736642821531154 0.7313801766057344 -0.10654392106642135 0.6735958952903119,-4.228967568227875 41.67500901099345 693.3387608259453,0.69
19,287,17,0.0,0.8536326500639508 0.5203431703636178 -0.023543232588910612 -0.35132979224612054 0.6085551597843338 0.7114970095370478 0.38454996531672486 -0.599085638749422 0.7022946116973294,-80.12119294367159 22.265873730351263 715.4316138349886,0.69
19,291,17,0.0,0.9734765591229291 0.2255986164426088 -0.03806117572229037 -0.09387371309384503 0.5455741207268515 0.8327884513987315 0.20864111490345535 -0.8071270922551811 0.5522813975859947,-100.84544036794378 -11.69643481564011 730.160025042192,0.69
19,296,17,0.0,0.995247071000198 -0.08219504060506559 -0.0522230118382549 0.08983474629094383 0.5679294986356271 0.8181600105959268 -0.03758970636183056 -0.8189627951741256 0.5726141406708487,-115.3419748107573 -35.57748359364247 777.0725516728793,0.69
19,307,17,0.0,0.48103514341620496 -0.8756671723217596 -0.0425698733444731 0.5196397018905073 0.24567547279385715 0.8183019872190578 -0.7061018134927111 -0.41575301007392373 0.5732099646698199,-79.39419609548393 -86.623021849614 872.1257694714579,0.69
19,326,17,0.0,-0.9561364131795677 -0.2883482483750937 0.051560130441324695 0.20149258145692694 -0.5196690952423175 0.8302678911458968 -0.21261208575698326 0.8042383472012798 0.5549745776889413,80.01149912095599 -72.06346599866278 851.6993570859914,0.69
19,333,17,0.0,-0.9739240733616014 0.22523052753142148 -0.027260021912382387 -0.14424208905402958 -0.5219715875937883 0.8406782270822467 0.17511744365446688 0.8226888058146516 0.5408484165782378,99.05781415908078 -37.98427598816645 798.3940465318818,0.69
19,345,17,0.0,-0.2599136752513459 0.9649645465555508 -0.0358929701777167 -0.5154704581590985 -0.1072190520319084 0.8501730892274985 0.8165384793030803 0.23947337800310808 0.5252784147908551,45.04610920048592 12.159453821292516 702.9843771079674,0.69
19,356,17,0.0,0.6582440780287587 0.7519488484836274 -0.03588402157250287 -0.39148349739390137 0.3826344439343512 0.836858144241477 0.643004980547047 -0.5368089153313275 0.5462424218353011,-53.39035653042216 12.800959103283459 705.4690543568463,0.69
19,364,17,0.0,0.9207220339575332 0.38390195289457635 -0.06993015621914411 0.06167140488001438 0.03379716303945988 0.9975241298287524 0.38531490239183425 -0.9227551367151606 0.007442019924496227,-130.99829465955696 -16.027942376871852 815.7240319970781,0.69
19,373,17,0.0,0.9577410256665709 2.323259851180759e-05 -0.28763193010406785 0.270355992623431 0.3412743151176265 0.9002441219433729 0.09818230496247443 -0.9399637446738259 0.3268461315221802,-160.34257731576434 -129.35487500008293 1449.212179469459,0.69
19,401,17,0.0,0.3413512120150783 0.034077834219553405 0.9393178648736226 -0.9310261866035605 -0.1250124042719168 0.34287335655688794 0.1291107660664622 -0.9915697655702593 -0.010945779673998846,508.2081601913695 -499.2811936643753 9406.519081024351,0.69
19,411,17,0.0,0.39980169125813514 -0.9093406351565263 -0.11514433082119008 0.07425633314100671 -0.09307557809896919 0.9928861635404101 -0.9135888597479644 -0.40550776319901416 0.030312527604040962,96.40975632654282 -4.9328953578722095 789.9839419088576,0.69
19,426,17,0.0,-0.525850908263204 -0.8497014870029662 -0.03857726355914248 0.31098841122543686 -0.23427819037805464 0.9210862812986971 -0.7916861943739085 0.4723569757060142 0.3874427146555034,-39.43483966262834 -7.855281965119006 698.3452171516379,0.69
19,435,17,0.0,-0.7958201925204673 -0.5969195052377418 -0.1017709459689548 -0.054491053924696664 -0.09679045161494049 0.9938120212184758 -0.6030762358266675 0.7964412801600038 0.044501022889732345,-110.49999817111741 -35.83911191273369 777.2020540541489,0.69
19,445,17,0.0,0.016361515541826965 -0.20920536275657484 -0.9777348398226713 -0.617902062120394 -0.770903912150695 0.15460983105261536 -0.7860848188564256 0.6016147225796951 -0.14188158139384133,-181.7639125252618 -88.59219720116072 2089.6766557472342,0.69
19,458,17,0.0,0.6739859052060908 -0.576237394886335 -0.4622699041881669 -0.5496182741384529 0.026987330933417264 -0.8349799019749871 0.4936220743813989 0.8168366719875526 -0.2985215218032099,1001.7351351401546 -1207.631298965951 9482.79611825493,0.69
19,467,17,0.0,-0.6288461942376153 -0.4694057002681963 0.619847362298648 -0.4984950227894861 -0.3684004477587385 -0.784718944810988 0.5967035916156169 -0.8024583469856147 -0.0023291857241931613,-14.998533374668025 -116.49564439820726 1969.9710625068772,0.69
19,481,17,0.0,-0.16210093203097736 -0.9859596124803651 0.04008653629657544 0.05939275718587084 0.030801561845059777 0.9977593718837048 -0.9849851715780034 0.16411857404167612 0.05356589797602751,101.41302751727578 -37.14061633971143 823.7292720376732,0.69
19,488,17,0.0,-0.5127976318905509 0.8581204572784131 -0.02584317178153922 -0.05105790541811345 -0.0004345672410530632 0.9986955999931248 0.8569898943521783 0.5134482368765132 0.0440366781971786,60.997097631734064 -23.320494409018394 697.771174558872,0.69
19,494,17,0.0,-0.9164052843715138 0.3980343021750747 -0.042071951083425374 -0.05601153719157792 -0.023452640925762824 0.9981546379870423 0.3963130864321809 0.9170706995240925 0.043786637196639444,-13.561599606558811 -23.765177287098602 740.3562382266608,0.69
