scene_id,im_id,obj_id,score,R,t,time
5,7,9,0.0,-0.2579753753691215 -0.38417441436485006 0.8864867314577163 -0.9218970584922699 -0.1766343664264136 -0.34482765860707826 0.2890579859586327 -0.9062065547901117 -0.30860194556900467,7.230451148011802 -59.69267923475694 788.0845788283514,0.69
5,20,9,0.0,-0.7715617072212503 0.2557132021057482 0.5824974594096136 0.6035145280669093 0.5837615645454118 0.5431322584524592 -0.2011535392728784 0.7706057318942794 -0.6047347018401348,56.752487438084295 -11.339408730200095 762.9062459303736,0.69
5,25,9,0.0,-0.9687991689422831 0.1132331767364789 0.2204686325600694 0.2407528939455376 0.6412471172581352 0.7285877974993675 -0.058874564232699794 0.7589337140319279 -0.6485008892762705,56.3244948051837 15.874101463530788 753.4105814564647,0.69
5,31,9,0.0,-0.9639177828961011 -0.09554393692834678 -0.24846300314714237 -0.2506540222310184 0.6400594883456623 0.7262894825881078 0.0896385461510668 0.7623615989115148 -0.6409131950186404,40.20063870366109 44.21375261307838 741.4185175573991,0.69
5,43,9,0.0,0.2524587771531669 0.39407320696535597 -0.883725564522362 0.9333877260397262 -0.33992189710020665 0.11506718363714957 -0.2550527763360292 -0.8539083155841944 -0.4536393610120788,-23.92137875187294 63.543259464409836 752.9724573124874,0.69
5,56,9,0.0,-0.7738127810367066 0.27989677299641935 -0.5682178951515244 0.5964317425779068 0.01993317152523333 -0.8024162542710781 -0.2132673354025868 -0.9598231426357341 -0.18236386295300933,-73.4554670836534 14.859218535708774 757.0817685610879,0.69
5,64,9,0.0,-0.9993342102294115 0.034523726943852945 0.011800361988714635 -0.007932403357921626 0.11010178473468268 -0.9938886627662098 -0.03561198172140457 -0.9933205470925002 -0.10975462396514546,-68.37385202636287 -28.73281558634422 767.9995689226661,0.69
5,70,9,0.0,-0.8726719866047509 -0.17276190745102693 0.4567241258453514 -0.4775703955706252 0.10690453067162042 -0.8720653293167874 0.10183379139477278 -0.9791449048306197 -0.1757985616391744,-42.64494484228658 -52.11390143155805 771.5821340112265,0.69
5,81,9,0.0,-0.12370866856729656 -0.39229594370866583 0.9114823409540275 -0.8793785995268532 -0.3822464518395505 -0.2838678015384356 0.45977107783710924 -0.8366549722590558 -0.2976894579569477,16.022752846812555 -63.78733067377668 800.924220502368,0.69
5,86,9,0.0,0.3124932820842259 -0.36097187865072766 0.8786621941768022 -0.8452720621784275 -0.5277209057815309 0.0838199648159626 0.4334317588189134 -0.7689017807395722 -0.470028682127653,39.051605749892225 -50.180642218278365 784.880768389177,0.69
5,94,9,0.0,-0.850923556740262 0.2217335301962452 0.47619674733371825 0.4743797408421362 0.7137072911530375 0.5153501373178638 -0.22559468536082578 0.6644216614031365 -0.7124962412499072,57.8551452529552 -14.067492450159431 764.4561024219818,0.69
5,100,9,0.0,-0.9996216594835642 0.02328962319823016 0.014633227347704007 0.027305811110906363 0.7763285056303058 0.6297368053602966 0.0033061413915069435 0.6298981225540373 -0.7766707311544566,51.682170308524015 15.52407615128925 748.1408253636263,0.69
5,107,9,0.0,-0.8465955161604442 -0.22591003227760795 -0.4819135703975985 -0.48338981699176975 0.7052797494956585 0.5185699179281458 0.22273373531123283 0.6719710799340033 -0.7062892827210638,24.571308332458653 40.52178268743581 733.8127203493007,0.69
5,117,9,0.0,0.12703763375136523 0.40528607939301764 -0.90532018284201 0.8981805400103181 -0.4342766751136788 -0.068377532852404 -0.42087190112625394 -0.8044544507319509 -0.4191895508477375,-31.326571499329386 45.54704728538343 742.9934656963856,0.69
5,127,9,0.0,-0.7037250840728515 0.2661589163610331 -0.6587339654884807 0.6428277016848194 -0.15631695683250268 -0.7498916954822468 -0.30256164990505874 -0.9511700375054644 -0.061090160898319756,-70.11465197906537 9.919740788555686 753.7646495325553,0.69
5,138,9,0.0,-0.9901103989921866 -0.06291121339993891 0.12539368818278146 -0.12722040859286293 0.02590771863201735 -0.9915360597339612 0.05913007225598739 -0.9976827999639123 -0.03365509190553673,-61.53923137733561 -45.87699277460107 773.0553634992494,0.69
5,149,9,0.0,0.42924478186924003 0.363302946185411 0.8268977485342606 0.7325403398327315 0.3955126247450789 -0.5540346687572945 -0.5283309263669649 0.8435524482569291 -0.09636233332566141,-3.4954824624064034 -74.41963385756657 833.4155353751688,0.69
5,171,9,0.0,0.9987498784786903 -0.04196531304821717 0.02715865864813941 -0.04992710909741967 -0.864021148469012 0.5009737905075112 0.002442133488443597 -0.5017034657036511 -0.8650362237993101,53.611673904651965 0.5151455366008052 748.2823952767166,0.69
5,188,9,0.0,0.17137884242118506 0.4213682417647848 -0.8905493232844703 0.8116638697892695 -0.5727338545260157 -0.11479413904237534 -0.5584183511034375 -0.7031534233094697 -0.4401638427211979,-28.184799963982744 30.079319325518345 744.332855028775,0.69
5,195,9,0.0,-0.46084013002086693 0.3223808126344857 -0.8268597137407767 0.7347547240890256 -0.3839580602149494 -0.5592063156160104 -0.497756838216423 -0.8652437920269073 -0.05992754264683042,-60.3672548533082 11.536114779739494 745.587221246681,0.69
5,208,9,0.0,-0.9974401811167385 0.07117495742158483 0.006870991911185967 -0.014258585869585776 -0.10381351253386295 -0.9944945687857631 -0.07006980678443209 -0.9920468134374592 0.1045626229863007,-68.11246187425621 -48.666204291592535 781.25306998067,0.69
5,215,9,0.0,0.8245904549497901 0.22923727711948683 0.5172048456700128 0.46561392468660323 0.24427677771706902 -0.850607153159497 -0.32133200080856616 0.942220317466679 0.09469223098731192,-36.25295560603043 -68.43114662965993 804.6008669942992,0.69
5,221,9,0.0,0.5204750579041069 0.3379691669860515 0.784144474103128 0.6566306229885028 0.4286258809898644 -0.6205772144539256 -0.5458405802553046 0.837888236170205 0.0011681755584422339,-6.540665174996958 -87.14620594832455 919.5233375854292,0.69
5,239,9,0.0,-0.9118642686918205 0.1966708347316688 0.3603111686432715 0.3055274554175179 0.9113790139525129 0.2757558102978806 -0.2741469122007907 0.3615368248088882 -0.8911422977492872,59.74578175538986 -28.712969363809986 781.913309168403,0.69
5,247,9,0.0,0.9767467009071424 0.12493920998077221 -0.17422995172011715 0.1703374440533342 -0.9457236493766286 0.27675247815173903 -0.1301961497909638 -0.29999495465612763 -0.9450142801886524,43.42137280058772 0.7902387188874815 743.65438448871,0.69
5,254,9,0.0,0.689215771813058 0.34226028292160826 -0.638623142877355 0.5183501679761582 -0.8487549945244084 0.10453737431636614 -0.5062555908266284 -0.403079220506704 -0.7623860037753115,9.304273501632437 14.658884384014026 730.941249806068,0.69
5,280,9,0.0,-0.9970720269812227 0.06474069913876744 -0.04069416280721004 0.021204694492585843 -0.2772156507950362 -0.9605737055977335 -0.07346927210087371 -0.9586240789951548 0.2750311641026518,-68.60319729054802 -53.242946614542156 797.7995714149941,0.69
5,290,9,0.0,-0.12381849817229496 -0.9158689888374154 0.3819070237587776 -0.24095981430369195 -0.34559857352722106 -0.9069178539794441 0.9626044605138122 -0.20431745217156616 -0.17789612513214592,-107.03591412326165 -16.44215903710521 785.7226543637652,0.69
5,293,9,0.0,0.2132116866586199 -0.5215212737877675 -0.8261696784916349 -0.058355907758486564 -0.8509018252039733 0.5220734353462451 -0.9752616903692414 -0.06310027615891639 -0.21185606067988416,-129.40962186729823 36.16562959856534 955.2930518188585,0.69
5,306,9,0.0,-0.5918536737365222 0.32992002271406085 0.7354332107655568 0.4474442507493325 0.8933857051944508 -0.040689362560527326 -0.6704497530433959 0.3049832132537251 -0.6763744290535251,53.97193389828441 -54.190152098713924 836.8086063127942,0.69
5,317,9,0.0,0.9993607425354045 0.024454691914139765 -0.026078234650165677 0.027564555215411617 -0.9915881803771257 0.12646373326830632 -0.022766237608817116 -0.12710172532174893 -0.9916283829365583,52.45545016551653 -18.763114363662044 752.1990573720318,0.69
5,324,9,0.0,-0.8300173667198272 -0.27068277770681837 -0.4876494691849926 -0.32294309566536283 0.9461008010010842 0.024515939859167585 0.45472951070450246 0.1778316850227404 -0.8726952296743787,23.461034075982983 -4.839396499145109 732.6625514284265,0.69
5,332,9,0.0,0.2796150804384703 0.4133910469714161 -0.8665582779451506 0.5524736046396996 -0.8074386448368818 -0.20691967282111445 -0.7852313818027177 -0.4208927144865501 -0.45415966347127124,-22.39646303579057 -3.4304291195209755 751.2100674003128,0.69
5,341,9,0.0,-0.4841714213314182 0.3195106754470553 -0.8145495460935946 0.44525391114254914 -0.7114205061563621 -0.5437185099226333 -0.7532111187297871 -0.6259343349710033 0.20218609973544432,-68.08693725741057 -18.20019758709901 781.4419952822569,0.69
5,348,9,0.0,-0.9303869413605892 0.13565199304465964 -0.34055642135878067 0.21253467636186302 -0.5573241654644358 -0.8026324102184814 -0.29867900945571296 -0.8191387619764934 0.48969637321321124,-74.49535419714074 -41.468098953483654 803.3559639025033,0.69
5,353,9,0.0,-0.9991528824958765 0.04048049508532883 -0.00740587049764062 -0.01461909330533994 -0.5173711523892374 -0.8556362385887839 -0.0384681623048323 -0.8548031470421007 0.5175246663646186,-66.94435796177554 -57.79309342079464 823.9047266829928,0.69
5,377,9,0.0,-0.5505419623242416 0.3104310422410419 0.7749426531901014 0.32588410519960076 0.9345549218118379 -0.1428518396644765 -0.768572116133827 0.17389556098535192 -0.6156762429809687,51.27152223969902 -57.41156884058412 841.6310397150522,0.69
5,386,9,0.0,-0.9852162794415525 0.061751777996023376 0.15979862526841246 0.058215269271057794 0.9979463180552017 -0.02672318663193252 -0.16112065400513645 -0.017025398509189302 -0.9867878549407468,57.3298215701891 -35.54898568860433 775.5060607251406,0.69
5,393,9,0.0,0.940708849382738 0.1620178319610125 -0.2980219502312846 0.1641862734251197 -0.9862665225092564 -0.017922449505305534 -0.296832828898316 -0.03207130655510491 -0.9543907496324928,36.307508741420584 -23.2655622956114 743.3632651043325,0.69
5,409,9,0.0,0.1998898555957901 -0.3899312017721186 -0.8988869247655378 -0.36337746210617405 0.8224782043331669 -0.4375916171845223 0.9099455289538876 0.41410537461066693 0.022712838998878566,-53.69999937505931 -25.33196555820434 784.0098836771484,0.69
5,423,9,0.0,-0.9937980577819265 0.07406643155630789 -0.0829432581068854 0.02763106269570313 -0.5580214147245068 -0.8293663997794739 -0.10771232391503201 -0.8265145276553673 0.5525140639399586,-70.9574744840705 -60.14101292069192 836.1940932588044,0.69
5,450,9,0.0,0.5682306218396279 -0.25202030646421986 0.7833260659096121 -0.16737856826030836 -0.9674428540185108 -0.18983871864202972 0.8056664168816262 -0.02323982224973206 -0.5919134526017484,51.66793948851761 -56.37954656602812 838.6618973725211,0.69
5,458,9,0.0,0.9711956164500054 -0.052102085539030105 0.23251762787104271 -0.023442006272003824 -0.9919599343741964 -0.12436221668289522 0.23712770173523892 0.11532936000352918 -0.9646085173742454,58.867644065532666 -45.03271131859571 785.5669033570033,0.69
5,463,9,0.0,0.9888160221260661 0.08229605527834244 -0.12437939408280868 0.06630845040749234 -0.9896037820824936 -0.12762266214345172 -0.1335891604560031 0.11794792822957298 -0.9839929991798781,46.69511299543044 -39.28516109231874 756.1856292485119,0.69
5,468,9,0.0,0.8478695524425203 0.1995254274577532 -0.4912299113843954 0.1372701945197608 -0.9775080056779917 -0.1601093143197556 -0.512127050386354 0.06832058718450919 -0.8561881695219438,24.534220668001183 -36.32366059957251 747.4737264055154,0.69
5,475,9,0.0,0.04116466829570786 -0.502349029167491 -0.8636845043061638 -0.09366599041861734 -0.8625506930839625 0.4972252850562564 -0.9947523070206996 0.06042975057746994 -0.08255963252183773,-36.838151469210885 -89.35403097798178 1190.8768252327818,0.69
5,486,9,0.0,0.5871730492004329 -0.36974771904783355 -0.7200794640535102 -0.17698618127941537 0.8094109494085646 -0.5599373238262084 0.7898757509436507 0.4562242203527238 0.4098240583893939,-67.68656680025857 -47.42441145413828 801.5604120954733,0.69
5,493,9,0.0,0.9885586099216641 -0.07330419050286627 -0.13182704731756162 -0.01814529174684545 0.80982861293969 -0.5863858508282748 0.149741854994417 0.5820688218062339 0.7992329219595086,-77.89493416271135 -59.210010258962356 895.7968829830405,0.69
11,4,9,0.0,0.9914912436464526 0.11876027478411456 0.05330207224501589 0.12936468057242986 -0.9445133201128696 -0.30192609617215455 0.01448769107913592 0.306252486132873 -0.9518400714114899,-93.69709943668288 37.55858016211135 753.6806368115833,0.69
11,12,9,0.0,0.6797357653965105 0.731504145344301 0.05348807890477518 0.7030670475005911 -0.6290622606876646 -0.3316284048409095 -0.20894022101936532 0.26302539330381847 -0.94189257695225,-90.02744353301665 -19.09827617364467 776.3019277243857,0.69
11,23,9,0.0,0.21376035382193448 -0.9757020741015558 0.048082987925499004 -0.9327989485656312 -0.21848565339075776 -0.286618458612258 0.29015966757765366 0.01641590254405431 -0.9568374394090616,-24.613750240801036 -68.32377690156702 791.4187544876795,0.69
11,32,9,0.0,-0.8421753202398339 0.539125240661469 -0.009203524360060625 0.5194520775221696 0.8066296835423454 -0.28198952602229077 -0.14460383513875114 -0.2422654092314611 -0.9593733383584712,42.03717971070233 -54.44328009634053 783.4955633681122,0.69
11,37,9,0.0,0.9919460633040067 -0.12630141895929695 -0.009537246172317633 -0.12516653218901705 -0.9659266793312489 -0.2265369492508506 0.01939965761190124 0.2259061790323028 -0.9739558776246314,68.40814047519672 -28.626643350989244 776.3585998035365,0.69
11,44,9,0.0,0.8887554777976516 0.45624907560579553 -0.0441642581000108 0.43305221894484835 -0.867322530331047 -0.24539234716488878 -0.15026468764021178 0.19896836278415536 -0.9684173244316638,81.3733417095087 21.676855310883013 764.3608749854445,0.69
11,54,9,0.0,-0.22976946662417352 -0.9720962076537835 -0.047275313561891824 -0.9405741301152709 0.23427438015085456 -0.24583697964877987 0.2500525903987887 -0.01201989476099491 -0.9681576442732817,45.009966343124624 83.44325394307778 748.5089391609946,0.69
11,61,9,0.0,0.3878683594466731 -0.9217137189340783 -0.0013985953160170483 -0.8875810927579413 -0.3730949596722596 -0.27018503816046896 0.24851144746020448 0.10603759425725427 -0.9628073997873967,-6.693794027661193 99.78801584083214 747.2676008385176,0.69
11,69,9,0.0,-0.8830502945361527 0.4691531942796334 0.010837786528188717 0.4381267273155708 0.8324858668111323 -0.33913456381127566 -0.16812836801492337 -0.2947245525179965 -0.9406754435041372,-63.830368218878995 80.20120133892263 738.2388858119826,0.69
11,76,9,0.0,0.9970912896406372 0.0745258327115088 0.015964347197042 0.07331507912710743 -0.8806134659915813 -0.46812906627006184 -0.020829289362757294 0.46793784178344694 -0.8835158838027148,-91.20752257639806 28.186986532527328 747.1458185822863,0.69
11,92,9,0.0,0.1009957700497287 0.9943237960444649 0.03346704426428446 0.8843801181866489 -0.0743184503539206 -0.46081294957190677 -0.4557100624171372 0.0761377472527073 -0.886866045383998,-51.042119768558486 -65.79194035759721 798.0609725024065,0.69
11,99,9,0.0,-0.48238123066756367 0.8756385582725695 0.02377947783242776 0.7701452747999372 0.43688742189586216 -0.4647640651906263 -0.4173542907446576 -0.20587980924686 -0.8851151903235536,1.7059313400551293 -74.2238740369797 803.8648045839569,0.69
11,106,9,0.0,-0.8982271147562759 0.4391486381461156 0.018344588603401712 0.38988152944134646 0.8153375061896336 -0.4280387178760184 -0.20292965115303513 -0.37732376630008496 -0.9035741984297838,50.548229355621835 -55.6946486549428 796.2737860512182,0.69
11,114,9,0.0,-0.9611669457472733 -0.2721031907962898 -0.046021255538457186 -0.23260810488594713 0.8885408178496667 -0.39546009224245826 0.14849771696637723 -0.36939825199034615 -0.9173294716088928,81.14354521808046 -9.383223840572935 774.879885517063,0.69
11,138,9,0.0,0.704966719202003 -0.7092048897965626 0.007095710409080358 -0.6286105960931279 -0.6294244909050215 -0.4568079779605395 0.32843666557954 0.31757398277818627 -0.8895370268658824,-40.01521987789202 75.24846268363675 726.6594798658721,0.69
11,151,9,0.0,-0.9264729036203854 -0.37479405784165937 0.03431287023545543 -0.3129860865768656 0.7166235858611348 -0.6232899371855993 0.20901595266034384 -0.5882006888759248 -0.781237659831742,-96.00151828107231 -6.834378525172168 761.7471311534642,0.69
11,174,9,0.0,-0.7300771746398096 0.6821447863004491 0.040814330731590076 0.5362723545924393 0.6089257469546989 -0.5844838718010473 -0.42355552265297414 -0.40483073650450097 -0.8103781796244203,27.81287497776915 -70.92506336564936 814.1592591043737,0.69
11,179,9,0.0,0.9501480802375877 -0.31028627230511413 0.030676617150909524 -0.24510490190091588 -0.8040990881963973 -0.5416163249255554 0.19272315036074242 0.5070967221159284 -0.8400658913051473,58.70510179503867 -53.688156385232695 802.3694810685217,0.69
11,185,9,0.0,-0.973167541669933 -0.22849988936830726 -0.02706910413682876 -0.17415223770320323 0.8083268911974828 -0.5623865530664658 0.15038594995233479 -0.5425821942578701 -0.8264312606207783,80.33019706054125 -20.675125849983512 779.8355123720041,0.69
11,193,9,0.0,0.6161662940918121 0.7865580884412754 -0.04081018908030545 0.6349295366599549 -0.5267096694002961 -0.5651914787370791 -0.4660510503173858 0.32234034446193344 -0.8239497077068623,69.42359752777752 26.911134421113477 741.4355198227812,0.69
11,204,9,0.0,-0.2959592012794805 0.9548845483094595 -0.0245693015336515 0.7683627749962125 0.2227097118800898 -0.6000158583191004 -0.5674740497838922 -0.19645835088925803 -0.7996107297852761,1.6943370228144772 63.157332799513256 721.6965755429857,0.69
11,216,9,0.0,0.9717633914626349 -0.2359573740985608 0.00016917904370780668 -0.15548485575094093 -0.6408855303148419 -0.7517248144535159 0.17748343766432434 0.7304723503607619 -0.6594768947531658,-76.07043453017134 18.151415314812425 729.6937198938464,0.69
11,226,9,0.0,0.8303918105676029 0.5558728919820639 0.038141432874952585 0.3927084589939458 -0.5353382592689777 -0.7477920930295138 -0.3952587850723348 0.6359388933870592 -0.6628364931872598,-94.27254211579492 -30.018703043816235 780.0607203397178,0.69
11,242,9,0.0,0.41626261007043475 -0.9059179448401738 0.07770531946980963 -0.6052887990427981 -0.3398669767176749 -0.7198026867761156 0.6784916426977392 0.25259278563201937 -0.6898158996688756,-4.423840941064833 -77.19892520943478 834.9035215305089,0.69
11,251,9,0.0,-0.941663889567624 0.33637839154813565 0.0108948053614 0.22634263798976886 0.6569210446253925 -0.7191826967858135 -0.24907454569306373 -0.6747624165791779 -0.6947355985265343,57.18558588146107 -58.6769927470508 824.9508346770947,0.69
11,262,9,0.0,-0.821400667956567 -0.5700483668023912 -0.01859575721588347 -0.3853559581224986 0.5787178174961792 -0.7187395030551403 0.42047797590360997 -0.5832071220573231 -0.6950307364150292,79.44641950864984 -5.472956895471572 762.0088943373078,0.69
11,281,9,0.0,0.642431900568884 -0.7663286827688462 0.004647913210824084 -0.5091672191150802 -0.43136433566827387 -0.7447640921070807 0.572739029672386 0.4760936461235682 -0.6673116543345397,-31.32114712342509 38.0519404591062 702.7120473453166,0.69
11,293,9,0.0,0.9827363291580479 0.1750078285708796 0.06001305934437044 0.14444991067267698 -0.5231156969988422 -0.8399310631593948 -0.11560073814479276 0.8340996508165683 -0.5393646649976784,-95.93401560686102 -19.36636682128366 769.7822473104403,0.69
11,312,9,0.0,0.289004762328654 -0.9537561400406983 0.08261641898573324 -0.5064046583477068 -0.22554306753145037 -0.8322767849052659 0.8124226543832346 0.19869461498282148 -0.5481695728711397,-17.079705967212245 -74.40779441946482 859.2811148866907,0.69
11,322,9,0.0,-0.9376792870787696 0.3470098674938086 0.01848530349709701 0.18714442605871254 0.5490867800993093 -0.8145432288806577 -0.29280457369823554 -0.7603208926381687 -0.5798082629967365,55.1702215631197 -61.427781753603576 848.1784758410939,0.69
11,331,9,0.0,-0.9264679490242899 -0.37637336556116785 0.0004786720017088131 -0.21602759424683785 0.5307239146769124 -0.8195512216536178 0.3082032088649456 -0.759391345806741 -0.5730057294296258,82.40789370461171 -26.886507341437298 787.5114124749172,0.69
11,346,9,0.0,0.10829663663947542 -0.9940973523523847 -0.006503271373434982 -0.5347089396739605 -0.05273365846246114 -0.8433892998478899 0.8380681286896232 0.09481358189174971 -0.5372636190582141,18.467871999769514 18.46712710913378 710.7017665943897,0.69
11,354,9,0.0,0.7413944134656322 -0.6710551282000903 -0.00439756731752966 -0.36659735455878883 -0.39951747098943813 -0.8402334021000958 0.5620860283910725 0.6245564868693335 -0.542207055834749,-41.99949205998824 15.264939896690029 717.7664075489758,0.69
11,359,9,0.0,0.9537887162890057 -0.30019949296738496 0.012936348089576 -0.14735377255425575 -0.5048223767434623 -0.8505534866503753 0.2618662834230447 0.8093420984733258 -0.525729414475731,-74.08723169523613 3.2690827636896636 737.0092923974431,0.69
11,368,9,0.0,0.8888073362214205 0.4577404384280605 0.022253316756595753 0.19717648678196326 -0.3381263776789711 -0.9202130110892912 -0.41369427375696743 0.8222799059598773 -0.39078485655832484,-95.075388994144 -39.42696631200481 796.6426170608719,0.69
11,374,9,0.0,-0.5289534036347885 -0.8471240835098882 0.05088304158267809 -0.3374820891541187 0.15495710073181512 -0.9284902457392658 0.778661759869678 -0.508300190901324 -0.36785429132515735,-76.87831026316536 -52.136534354412404 804.2555883248026,0.69
11,382,9,0.0,-0.11447006392321413 0.9926557337152606 0.0391305352331493 0.36056635199365594 0.07821831174647742 -0.929448116635629 -0.9256827265728804 -0.09228483098401558 -0.3668719118368827,-31.780943327372412 -65.35745053970491 854.8040672142037,0.69
11,388,9,0.0,0.6147706477709827 -0.7855517816069286 0.07046594250719257 -0.30813907065574137 -0.32146679281108476 -0.8953822726942785 0.7260216000744488 0.5287414297498688 -0.43968754438965163,12.456433847966741 -71.01877215005806 905.6322435780754,0.69
11,397,9,0.0,-0.9887785839362078 0.1468581075359015 0.027378973685682144 0.042190845704213546 0.45033707000293743 -0.8918612313134443 -0.14330681940462892 -0.8806981433113977 -0.4514797181269452,67.60208044261822 -51.70630584128828 829.556711123558,0.69
11,405,9,0.0,-0.8580230862827556 -0.5136037085229148 -0.0027593472640529415 -0.20647671734150683 0.3498479338677438 -0.9137690016433833 0.4702804999164758 -0.7834651579744811 -0.40622481169708313,80.36978773820367 -28.25978538541451 773.4535506080528,0.69
11,412,9,0.0,-0.4130846888803171 -0.9104540539356025 -0.020843595776137758 -0.3722936547434877 0.18971369660229043 -0.9085186558124336 0.8311188088657293 -0.3675352078287488 -0.4173240905530017,57.30713999349492 -11.343319436139305 738.2486886400449,0.69
11,421,9,0.0,0.38181369583679925 -0.9242216741942193 -0.005709520214437547 -0.3571559739051385 -0.14184470095614882 -0.9232116177315648 0.8524423217880002 0.3545340290582774 -0.3842495416580065,-3.039905886911471 -1.1567934550178627 714.8619658680304,0.69
11,431,9,0.0,0.9568946667256031 -0.29041096318484644 -0.0037509004448370853 -0.12206243683453027 -0.3904058573538888 -0.9125152207266415 0.263540050668041 0.8736387920678802 -0.4090255526101781,-67.70972985264034 -15.960163342786549 714.0020451179304,0.69
11,441,9,0.0,-0.511964600647058 -0.8555680147294196 0.07678293987767143 -0.09239351593189649 -0.034021440558975824 -0.9951411858605963 0.8540232349872225 -0.5165713055854453 -0.061631163770510144,-78.09931415245508 -45.186108025029526 922.0115105934074,0.69
11,452,9,0.0,-0.1203576759459295 0.99096521093802 0.05917753417860333 -0.007705093852574396 0.05867657758443434 -0.9982473094237223 -0.9927006907268763 -0.12060269463632639 0.0005733034443901053,-50.65121652645717 -54.650093835008555 841.0465288480933,0.69
11,459,9,0.0,-0.017869857280054635 -0.8369096168821025 -0.5470493226127264 -0.5063668176479431 -0.46420456399497234 0.7267095490987664 -0.8621330026079996 0.289993820514317 -0.4154879900522095,-48.36836456588937 -41.37526174182985 427.55767323400244,0.69
11,469,9,0.0,0.999842784957898 0.015789847393718085 0.008067594865769186 0.009977152578267813 -0.1248605101435665 -0.9921241401322308 -0.01465816475774014 0.9920486549186848 -0.12499841790984206,74.35956975105336 -46.90745750304127 871.3549969693165,0.69
11,476,9,0.0,-0.9208185921608022 -0.389588820506353 0.017710766992620586 -0.10583181633210087 0.20591539595109576 -0.9728301374660182 0.3753568262105363 -0.8976744402325223 -0.23084161750079024,78.89260931781381 -37.14391695129059 779.3083637257009,0.69
11,486,9,0.0,-0.2469954227902354 -0.9687605270655824 -0.022277843708218004 -0.23437055780427635 0.0820311716646277 -0.9686801992968788 0.9402466180503843 -0.23403830471729054 -0.24731026903440845,45.82432833146281 -26.36724458389163 719.3073223248114,0.69
11,497,9,0.0,0.6980742620428888 -0.7159389330759061 -0.011125141770306213 -0.13636083114827618 -0.11767314981587568 -0.9836456442952216 0.7029210826272232 0.6881747408315301 -0.17977062518562037,-32.21563766833185 -25.09705518990021 748.7065230107186,0.69
12,2,9,0.0,0.9890663694958887 -0.14567936996665964 -0.02291806925417048 -0.14602737824411233 -0.9457924583302739 -0.29009072816746173 0.02058449745251999 0.2902656489006137 -0.9567246895178011,33.93766785696831 72.99316389743908 756.2910063330795,0.69
12,7,9,0.0,0.9597749746309275 0.28076182460341986 -0.002189958346707273 0.26634987927784975 -0.9129203679439725 -0.3092477058956408 -0.08882420774133987 0.29622491393939226 -0.9509790010724332,4.43273450200239 84.91447031082129 751.4779167867221,0.69
12,14,9,0.0,0.625537156423753 0.779394796148927 0.03531313734657614 0.7506430109306726 -0.5888878180175516 -0.29957671460155477 -0.21269305600846466 0.21390392592586896 -0.9534184676202159,-40.886271625053425 79.38854517392166 760.2566064642709,0.69
12,26,9,0.0,-0.3633454111449844 0.9292431365364547 0.06698735253593388 0.8932102902178304 0.3678920873856707 -0.2585165168572252 -0.26486881592377187 -0.034096997505712046 -0.9636814334167877,-84.0554994654896 20.545312838942593 779.016149645162,0.69
12,34,9,0.0,0.8724144806304821 -0.4873903228892411 0.03665579272322736 -0.4679424847281036 -0.8545501458966893 -0.2253305996406957 0.14114816673529773 0.1794288753291072 -0.9735925604303868,-69.53654454545672 -26.50150444433364 792.6866848114669,0.69
12,43,9,0.0,-0.957888190950229 -0.28602504441645565 -0.025295999775895667 -0.270987871868929 0.9296174038884214 -0.24975399033388937 0.09495149781886797 -0.23238148883746343 -0.9679788513741595,-20.75582978278871 -54.790794509265844 794.4278896246672,0.69
12,49,9,0.0,-0.6898055408886841 -0.7227128937478556 -0.04306261684884888 -0.6885442731456733 0.6732517473577058 -0.2695159895035769 0.22377466272472968 -0.15626310469972252 -0.9620326098589574,17.12589930930061 -51.266402165317565 794.1296186415739,0.69
12,60,9,0.0,-0.19555523649118634 0.9781947817416604 -0.06995082883184564 0.9455552996237934 0.16914637398723176 -0.27805517351837 -0.2601601907176332 -0.12051752213001121 -0.9580147191068659,63.62490936295885 -3.694027909239193 785.7353923271778,0.69
12,66,9,0.0,0.6585480358667261 -0.7507664542428999 -0.051616040526378984 -0.7272786781212547 -0.6173224142291907 -0.2999645999788043 0.19333962037378072 0.23508034386946777 -0.9525528978066966,63.49538778562477 33.207188424148626 773.3447363653427,0.69
12,73,9,0.0,0.9626137839558736 -0.268033272047167 -0.03915185837024188 -0.25906214645608006 -0.8687354225486222 -0.4221203263085483 0.07912968603326215 0.41648160905969916 -0.9056939671342198,41.84525746799312 52.24660019614944 756.3032364338322,0.69
12,83,9,0.0,0.8347858022837149 0.5504676987635596 0.010861718256571895 0.48947931788532706 -0.7329755531411584 -0.47239478813798086 -0.2520766979870394 0.39966504865369934 -0.8813201388919846,-18.265840284018886 69.70154789199806 744.5257410866433,0.69
12,100,9,0.0,0.47217195357105934 -0.8793104931526468 0.06218281830649833 -0.7810209319556363 -0.4500136239409132 -0.43300582226422313 0.408729678526088 0.15588712230077173 -0.899243712790223,-83.16278536019739 0.46373451635826163 779.1137737512587,0.69
12,108,9,0.0,0.924013871721961 -0.378180628065024 0.05637177859298739 -0.3299534222247737 -0.8631542324606963 -0.38222442379752053 0.19320741193741253 0.33458060843618886 -0.9223484766783738,-63.862574678499456 -41.937744466125515 802.3453598329933,0.69
12,117,9,0.0,0.9150236856101109 0.4022324071676362 -0.030671573103095873 0.3563255573162668 -0.8415498108537058 -0.40598770062077477 -0.18911306664464378 0.3605592967546682 -0.9133636962065208,-10.798668978769086 -62.13973550200731 813.1545382823649,0.69
12,130,9,0.0,-0.02394245097591885 -0.9984806758553333 -0.04962961801930821 -0.8948545973257243 0.043538092011382035 -0.4442293148690484 0.44571516542101347 0.03377535325477937 -0.894537431763609,57.819201054636046 -26.851421666643105 796.3696263530327,0.69
12,137,9,0.0,0.5539162750008655 -0.8315143022937815 -0.04196099820131988 -0.7448113557859454 -0.47237576301102935 -0.4712930965037041 0.3720655917731005 0.29230994440941194 -0.8809779178945968,65.17744771761915 12.736620976148277 773.3381743519694,0.69
12,142,9,0.0,0.852921376925444 -0.5216667054356228 -0.019722404101610372 -0.4716236049104509 -0.7538028700075561 -0.4575504436230416 0.2238220276801971 0.39955610570771466 -0.8889649139965033,53.978788049223844 39.17651439227196 761.2496073727206,0.69
12,148,9,0.0,0.9981884772002544 0.05122892648797242 -0.03154934350388526 0.020001462763963543 -0.7771181480933742 -0.629036823557434 -0.056742448589552505 0.62726627599036 -0.7767350343155943,23.161640068828955 47.00593687508791 734.6712279861505,0.69
12,171,9,0.0,-0.4419068813049546 0.895686874631945 0.04963195409599844 0.7146556886133874 0.38495292632593614 -0.5840192558859881 -0.542204347997924 -0.2226123696589134 -0.8102210672939759,-83.0991989342285 -7.8470689530555084 780.7249889221771,0.69
12,177,9,0.0,-0.8195590021124105 0.5699744451224412 0.058755203717415744 0.44508242388288133 0.6978283051114269 -0.561192740986421 -0.36086656537707806 -0.43377965430927984 -0.8255970769693124,-72.56243913038705 -37.545718292044135 798.4846589066017,0.69
12,190,9,0.0,0.8515198108715529 0.5227447106447457 -0.0406445468201517 0.41332340562359077 -0.7169295454395974 -0.5614051916748622 -0.32261087095290375 0.4612483001255541 -0.8265423350163593,-0.9156422619733973 -65.51144861861017 825.528703292449,0.69
12,199,9,0.0,0.24195701938114322 0.9697397886281347 -0.0325813309067286 0.7856576616750306 -0.21551107590580154 -0.5799112128707696 -0.5693846146705375 0.11471581631747427 -0.8140279123366098,48.68077056815626 -44.56949603382403 814.0259233272053,0.69
12,207,9,0.0,-0.4394044746908179 0.8968792723357237 -0.05031181249199099 0.7184663126213415 0.31727232752394907 -0.6189866135998654 -0.5391937177397185 -0.3081328301919143 -0.7837884240711531,65.28338367142494 -6.147424539819691 777.6077516934623,0.69
12,215,9,0.0,-0.9167661747135283 0.3984698733844291 -0.027596030622566062 0.3330659266510462 0.7244972246205219 -0.6034657074111517 -0.22046965642737443 -0.5624282456653104 -0.7969112868272333,48.13708227369545 30.34814404638914 749.5962512098802,0.69
12,221,9,0.0,0.9944479192428106 0.10386664919314581 -0.016883574829774324 0.05679581809587771 -0.6648489371318468 -0.7448154978526385 -0.08858651680963969 0.7397213056145142 -0.6670568334553615,20.23733949919232 30.602507015398977 735.00776198943,0.69
12,228,9,0.0,0.7808975157930995 0.6238745336001847 0.03129913981753915 0.4390295053163564 -0.512505956110642 -0.7379639140315684 -0.44435589710258305 0.590015433083126 -0.6741139558219293,-25.204922286404745 32.715430876038575 729.8203678465301,0.69
12,239,9,0.0,0.07324880872524941 -0.9950446188110149 0.06723703291768685 -0.6797337814054067 -0.0991439682623918 -0.7267272252871039 0.7297921611230413 0.007528620884867054 -0.6836276189790265,-77.46845326437379 1.6539284550257447 761.9551087659893,0.69
12,249,9,0.0,-0.8018863597321381 0.5968443998641298 0.02747778059390593 0.40132656668878464 0.5721293734579145 -0.7152656617624298 -0.44262315003322256 -0.5625342144060936 -0.6983122544228955,-73.22372789721857 -40.18861842638243 805.8543337116286,0.69
12,260,9,0.0,0.9546886150227454 0.29733762405230446 0.01264854414085051 0.22606013966759497 -0.6968780283333034 -0.6806304627914881 -0.1935625521618788 0.6526494855197682 -0.7325177045309975,-17.73752231314132 -66.73414358926487 839.3304452877834,0.69
12,284,9,0.0,-0.7457796620144602 0.6657068161811421 -0.025438762068234616 0.45272585782112196 0.4784282350239796 -0.7524265556132161 -0.48872486470991683 -0.5726612077151778 -0.6581847368273342,59.46191518476785 3.723005295280186 759.4274524686601,0.69
12,298,9,0.0,0.8663757630541971 0.4985668684418516 0.028707401211927663 0.29078225792280565 -0.4568972998278842 -0.8406488778838066 -0.40600334440688063 0.736665415980738 -0.5408191465068096,-15.253450245772854 15.608827371253971 735.0454058770788,0.69
12,307,9,0.0,0.22783804671214336 0.9727878441888483 0.042114542248584796 0.5501886628468705 -0.09293397211302346 -0.8298528255673221 -0.8033568694827771 0.2122429905219687 -0.5563907379073846,-66.22667387878575 0.3358361710814012 756.5803857854598,0.69
12,319,9,0.0,-0.7335151613345198 0.6783004146244209 0.043174710337558375 0.35894998966998687 0.4405443258963815 -0.8228460377472926 -0.5771571822374817 -0.5880724823020045 -0.5666218691074754,-78.00624271002549 -39.106122069741616 814.8861630603966,0.69
12,336,9,0.0,-0.7594843717689164 -0.6505250813768659 -0.0007794474943784158 -0.3805566949663724 0.4452689278482044 -0.8105011929720901 0.5275984182643517 -0.6152663654000045 -0.5857364668965235,11.642565918242063 -64.05942479005653 854.603778119514,0.69
12,343,9,0.0,0.24248247441721216 0.9697223848334615 -0.028995619555540086 0.5444414319537714 -0.1607554525546283 -0.8232503942580796 -0.8029855395787852 0.18383737603343975 -0.566937423707861,49.13129878880979 -50.782438590374575 843.6073512045893,0.69
12,350,9,0.0,0.36986469379812403 -0.9287191945014905 -0.02609149375033426 -0.5165402589180033 -0.18220847649972438 -0.8366517985449933 0.7722604930970787 0.32292526822184836 -0.5471133355579121,66.0217412862868 -27.459739890770642 794.2312204498539,0.69
12,357,9,0.0,0.8245659370432801 -0.5657563303084869 0.0032848415201305603 -0.3053336500485423 -0.44988378584481553 -0.8392710774129957 0.476300721830203 0.6910313697291972 -0.5437032908068675,55.713083788747895 -4.160600724027154 763.4452428474141,0.69
12,363,9,0.0,0.9996833510330704 0.013364816448399593 -0.02132086650657516 -0.015023333464040212 -0.3627214714642741 -0.9317764933665261 -0.02018655787693534 0.9318017577897632 -0.3624058319908618,30.866254236295156 -6.7465725446730165 752.3296032265288,0.69
12,368,9,0.0,0.9308555484133045 0.3649188533232345 0.018498066856349638 0.15361267667351894 -0.34490496684257227 -0.9259825643134547 -0.33152842043083314 0.8647975452882484 -0.3771128638883285,-0.8126576486223693 -2.9792754702373005 725.3378745790181,0.69
12,383,9,0.0,-0.11383657843192463 0.9917604899946357 0.058756819999999765 0.38317768579600514 0.0983937350960653 -0.9184190405266344 -0.9166330206352651 -0.08203537882795092 -0.3912212955625299,-76.50871040577262 -22.095841564496855 766.133242209156,0.69
12,387,9,0.0,-0.4344190336741237 0.8980864956990838 0.0687077100810381 0.33276439805235525 0.23091179453540567 -0.9143016999510021 -0.8369874303539415 -0.3743265811926506 -0.39916369078628344,-83.18779440222308 -32.66217321517613 799.6040871427439,0.69
12,393,9,0.0,-0.8444911689208737 0.5337012183176983 0.044695359724033046 0.18447625781832094 0.3682161961519208 -0.9112548179256771 -0.5027953618680314 -0.7613014136710997 -0.40941052945226086,-71.51443683701545 -47.29785167426257 831.5122008976983,0.69
12,399,9,0.0,-0.9949534052677104 0.09099399078669018 0.04228256126228753 0.005325110062104094 0.46869372255143704 -0.883344687901446 -0.10019662942940663 -0.8786616459602573 -0.46681296829608077,-48.084953876046065 -62.37424052279876 894.1082880067175,0.69
12,409,9,0.0,-0.690705277369292 -0.7230895827142338 -0.008226492835020138 -0.30828744618105497 0.30473290058086244 -0.9011640859636705 0.6541292458997476 -0.6199026654836464 -0.43340006343434906,18.556752082596798 -60.52813507999255 876.7401938496483,0.69
12,423,9,0.0,0.44807705147252785 -0.8939293366298755 -0.010830376547275145 -0.34939719764154104 -0.16395663581471187 -0.9225181948626051 0.8228903658592213 0.41714333589881586 -0.3858016110532516,67.88264510135154 -31.369775405205637 807.4459769877666,0.69
12,438,9,0.0,0.9657256333618099 0.2595011287708149 -0.00575892651482153 0.050953349959400526 -0.2112831682116756 -0.9760958861496914 -0.25451474848394356 0.9423473812756681 -0.21726402326902913,16.72891228556709 -22.354580240238647 719.1119140592698,0.69
12,455,9,0.0,0.073905666919313 -0.9957983323842703 0.054070635449551485 -0.2133370674379063 -0.0687505823856529 -0.9745566443663641 0.9741792689511546 0.06048998795123228 -0.21752175363272042,-72.907579821437 -31.097121862366 758.2719638672178,0.69
12,471,9,0.0,-0.31194504380254695 0.7221574724004924 0.6173968534930829 -0.6278485258340055 -0.6444034788431658 0.4365207727736353 0.713089418134285 -0.25146121273659244 0.6544239759009057,-96.28086876332713 -33.684613387829984 521.3232404962941,0.69
12,482,9,0.0,-0.9017074323654574 -0.3466978605170995 0.258310471970766 -0.2398558262224734 -0.09594127497431382 -0.9660561341782565 0.3597122308791136 -0.9330572679472406 0.0033534589310639795,-6.849389340063856 -59.15987267025606 1019.3910823432817,0.69
12,490,9,0.0,-0.45638163596693365 0.8878052226650043 -0.05931010842080492 -0.0068243428273971896 -0.07014728593143083 -0.9975133014759394 -0.8897579618621683 -0.45484199991337265 0.03807262031544645,114.47044907027689 -42.88347475563656 1068.1249718848092,0.69
17,3,9,0.0,-0.9258101515857995 0.3726303125063376 -0.06342092258953877 0.37722254454131665 0.9001567758607147 -0.2177634743519146 -0.024056498299908597 -0.22553143699598008 -0.9739388357674597,36.73316470013903 64.30881191134668 740.5531625130267,0.69
17,10,9,0.0,-0.9735991510659172 -0.22239772352915996 -0.051419311671517184 -0.19618573377361112 0.930421417623267 -0.3095595960257414 0.1166869783113569 -0.29129922450455953 -0.9494887629117088,-9.628889239351258 77.95912234032212 730.7274945752379,0.69
17,14,9,0.0,-0.8329077346700893 -0.5502529265226564 -0.05904593449164926 -0.5004906357326008 0.7944904895785717 -0.34393892701056444 0.23616483453452014 -0.2569174552700794 -0.9371337109008668,-37.279738816215676 73.62179842987594 736.9661379745891,0.69
17,22,9,0.0,0.2778459799384565 0.9605944849619511 0.007736077347280601 0.8953676985643632 -0.25604519849123586 -0.364359082084061 -0.3480205393358197 0.10816233998147287 -0.9312264023373358,-80.42159609265084 39.10005409404216 750.6244264640435,0.69
17,29,9,0.0,0.32265724152427766 -0.9411150624544476 0.10096902353348619 -0.8630636794083474 -0.33632708253035526 -0.37683574517652274 0.38860441296782766 0.03444608508932373 -0.9207605972477043,-90.01234980332327 -6.9251552926833355 752.3203858136445,0.69
17,41,9,0.0,0.9821146432943616 -0.16719133423401095 0.086590329620803 -0.1395085497151699 -0.9550218735696304 -0.26166884713301813 0.1264444225071159 0.24490871515853432 -0.961265587263082,-42.8957246315536 -69.94051507517061 775.9618290450251,0.69
17,50,9,0.0,-0.8260130176398239 -0.56190242894402 0.04436389338598007 -0.5554854805715794 0.7981723937144363 -0.23314525683858345 0.09559485113599761 -0.21722451578718754 -0.9714294283051694,19.307458667957448 -71.25197073188879 779.1952165617579,0.69
17,60,9,0.0,0.12463306810123309 0.9921095331107351 0.013611489502346114 0.9807484425120244 -0.12110415159275933 -0.15318706530655962 -0.15032993995179922 0.03244162107227523 -0.9881034613724877,65.59794799337799 -26.562013904190753 754.3437703269498,0.69
17,72,9,0.0,0.7707402145634275 -0.6320708665668631 -0.08028661963326442 -0.6126777357167539 -0.7006424652213209 -0.3656858324922932 0.17488714593049162 0.33103860132317636 -0.9272690713176419,54.83489653432852 31.470951563639346 736.0549441384394,0.69
17,85,9,0.0,0.9006970471123708 0.4281545621204059 -0.07367835678500968 0.3391460785867547 -0.7989243226987328 -0.49668890060036375 -0.27152305003863403 0.4223785003238856 -0.8647957190931642,-27.15033069408484 57.99783640680207 722.3430704285621,0.69
