scene_id,im_id,obj_id,score,R,t,time
5,7,1,0.0,-0.9033855512667623 0.3758320523954788 0.20650620851356982 0.30872403399276993 0.9042190427864755 -0.29508878917630776 -0.29763067146663313 -0.20282551874581878 -0.9328868057528794,-49.173953006914516 40.13871533938121 692.4795889807716,0.69
5,20,1,0.0,-0.6389735524828334 -0.7692237547332289 -0.0027594168914888972 -0.6904716848938227 0.5751301240419333 -0.43871880832646837 0.3390599527920592 -0.278424416267008 -0.8986201604899717,-69.78408173513945 -15.514106688015934 683.7360679470928,0.69
5,25,1,0.0,0.08355935695666034 -0.8935448540391234 0.4411297175267053 0.04001123086398528 0.4453292782249984 0.8944724340975245 -0.9956992192774574 -0.057091398439722385 0.07296325756473993,-106.88934873828131 -23.84455965059322 809.3145744617952,0.69
5,31,1,0.0,0.9273593313110734 0.3717060484682289 -0.04288687634245969 0.042819330779862885 0.008439752557902455 0.9990471838148217 0.3717138355534314 -0.9283121156749469 -0.008089520953709507,-99.66738878249505 -72.2746645917424 881.2688087675349,0.69
5,43,1,0.0,0.11023330857814154 0.355852789353305 -0.9280180008972824 0.17189743118602396 0.9128116722509487 0.3704404461638504 0.9789279293347198 -0.20035878646043628 0.03945207037075381,-1.0853660856799685 -101.26311343076205 804.4319065498986,0.69
5,56,1,0.0,0.5028276125888425 -0.36656874648975535 -0.7828101596907991 -0.5805351954036511 0.5277632166525541 -0.6200361876908427 0.6404242960068346 0.7662201649953353 0.052567859369310285,64.90830460417727 -37.70213802723215 644.951213386094,0.69
5,64,1,0.0,0.1501898020822453 0.9461623235352883 -0.2867400928938973 -0.11856059710041111 -0.27070010018779167 -0.9553349363304546 -0.9815224949870942 0.17747764163585295 0.07152117556140802,76.32101744086742 13.445835530510573 696.0840659278315,0.69
5,70,1,0.0,0.9588718948209242 0.17142121665805524 0.22622876873201392 0.21319056729002725 0.09123523824517915 -0.9727414421730484 -0.187388557124194 0.9809642693706114 0.0509375193457159,63.95600514997264 48.939492630817206 670.4858037685285,0.69
5,81,1,0.0,-0.0015935590562070612 -0.4743685531252864 0.880324903870927 0.12776764342891017 -0.8732075484680294 -0.47030203762165124 0.9918028482829425 0.11172758434816557 0.06200045994640935,-18.27099084854245 47.80015597725183 641.510665317211,0.69
5,86,1,0.0,-0.9934267624316944 -0.11052100889329229 -0.029805608158377794 -0.0806636421058322 0.8606425688178819 -0.5027800170857819 0.08121972991031284 -0.4970708956796462 -0.8639003878581895,-67.63755654947286 -6.121801472046643 724.0118057616561,0.69
5,94,1,0.0,-0.1176133814610818 -0.9926605007077388 -0.028146453345871292 -0.8519987167391475 0.11542692618818029 -0.5106611512398355 0.5101620126745383 -0.03607984264668529 -0.8593212238612838,-69.96723306790712 -45.60422559551868 716.831210838798,0.69
5,100,1,0.0,0.46012332351954255 0.8303220572498633 0.3144070743442093 -0.44988806349482996 -0.08724934633651465 0.8888128497545041 0.7654327256383817 -0.5504115122417096 0.33340652320191966,-115.58740488986905 -65.69555861522626 878.2951368586582,0.69
5,107,1,0.0,0.3489445903767705 -0.9354227922856895 -0.05676154084617058 -0.8321964536117745 -0.2814483145261546 -0.4777404199420142 0.43091383760883467 0.2139416881368155 -0.876665397192336,-19.22569795789701 -90.95533203094836 763.3356868952526,0.69
5,117,1,0.0,-0.04284826662348473 -0.1918657173087155 -0.9804853760097472 -0.16619979406586805 -0.9663435182622238 0.1963614859514213 -0.9851607252117931 0.17137021688204532 0.009518102015367957,11.18681396624556 -108.54851986106813 786.850329120929,0.69
5,127,1,0.0,0.4242957747160834 -0.07901636070755519 -0.9020695706532905 -0.8877180613489886 0.1602832478324416 -0.4315853612196283 0.17868894513335631 0.9839032956570566 -0.002136745729087508,70.40211812500803 -75.70632267117018 757.382684654609,0.69
5,138,1,0.0,0.29212857603893255 -0.9461691572064478 -0.13937295653284293 -0.015997789420689412 0.14087503870777857 -0.9898981231433531 0.9562452435411726 0.29140718834703117 0.026017009523792933,64.13939082720307 0.8334945602589475 633.8044395822702,0.69
5,149,1,0.0,-0.8938606441898084 0.37752605832481956 -0.2418413199895868 0.279255813579139 0.0468094603328556 -0.9590751091575677 -0.3507553839228045 -0.9248150894687391 -0.1472674809321265,-19.621693049726005 12.870365947535758 600.8314277489394,0.69
5,171,1,0.0,-0.39170121053314855 -0.9195715910627178 0.03095562270812341 -0.7123295625286301 0.2817858722668958 -0.6427933700175779 0.582371664845257 -0.27383354634004614 -0.7654138964535446,-56.10966261579467 -85.20383168638145 757.5666611540113,0.69
5,188,1,0.0,-0.5648397126160418 -0.8249963400352343 0.0183613174988993 -0.09187490337960641 0.04075928127506956 -0.9949360196107726 0.820070180643593 -0.5636663196594309 -0.09881891975111268,53.963769451119774 -131.21686033624425 1215.1719746617669,0.69
5,195,1,0.0,-0.9635566522590576 -0.23050959525919934 0.13573468377963527 0.06752124065365388 -0.7005587663775978 -0.7103930580404694 0.25884253890716813 -0.6753389825450167 0.6905923534960065,50.5690298148934 -63.84198743683092 692.5837397011062,0.69
5,208,1,0.0,-0.670813760361802 0.017447560771941262 -0.7414205834291142 0.5718695984629087 -0.6243654614643301 -0.5321023706809673 -0.47220129316122195 -0.7809374835116722 0.4088552134721113,60.299832632775 -14.908650071503539 701.0758519180365,0.69
5,215,1,0.0,-0.5631134616185498 0.6502423796086466 -0.5099883107531572 0.645101358475156 -0.039809828263212 -0.7630592472850068 -0.5164760078043144 -0.7586830862320169 -0.39705479222391915,15.043674059825662 9.627816524476316 539.4234395586342,0.69
5,221,1,0.0,-0.919924763241023 -0.38467359359286574 -0.07592533416652522 -0.0601436253217032 0.32978547503352407 -0.9421381452791707 0.3874547384006425 -0.8621297853857411 -0.3265134895247451,-36.07472319352334 -24.7960401831283 874.5686398404383,0.69
5,239,1,0.0,-0.45204157705831244 -0.8917457641665906 -0.021163759155147344 -0.07493826994029573 0.061608532195658317 -0.995283198119536 0.888843444206565 -0.44832341100107603 -0.0946755028472046,-91.36799989895212 -99.28233287942808 989.0104782575543,0.69
5,247,1,0.0,-0.4950445712045868 -0.8684328951393578 0.027480523298138715 -0.3188949321163525 0.1521814445637788 -0.9354928274449719 0.8082307187872617 -0.4718740452391443 -0.35227544711244374,-49.9850089286496 -123.43395623476663 955.7948729611975,0.69
5,254,1,0.0,0.4271064947194329 -0.9026634298082117 0.052714084032207786 -0.09487114003760816 -0.102714165660923 -0.9901763817424373 0.8992104920186617 0.4179097183118098 -0.12950659590963054,-3.6862064090292517 -146.38633091635884 1098.6640235628292,0.69
5,280,1,0.0,0.7857401528666275 0.5765450359636433 0.22407193862420796 -0.16455597124589927 0.5440305645376118 -0.8227709749232812 -0.5962665045937499 0.6096118161211848 0.5223405873038998,35.276424364712256 -34.8458362253506 713.8229003819165,0.69
5,290,1,0.0,0.6341894550244301 0.7728059867161237 -0.023971692296018754 -0.1582398345474622 0.09938402664963919 -0.9823863649345382 -0.7568116607837172 0.6268123500240103 0.1853169931743158,-7.710053533836988 -46.069707849166086 746.0681270663246,0.69
5,293,1,0.0,0.990607218539358 0.13661895926853498 -0.00570951364819737 0.0017744538650765196 -0.054595468077040875 -0.9985069785329143 -0.13672669779965174 0.9891180894280679 -0.054325088816968556,-28.971093162120344 -48.883390639706384 808.247569745042,0.69
5,306,1,0.0,-0.9910714768911186 -0.11775190684667282 0.06254451316326184 -0.08815742755267152 0.22679560953393807 -0.9699443383325793 0.10002797438793021 -0.9667979312814555 -0.23515136489024568,-82.05649296719005 -80.99349292841227 830.1094754273395,0.69
5,317,1,0.0,-0.8394001092567137 0.5421517705779442 0.03845665402784598 0.05358066937098549 0.15295324014757383 -0.9867798225531957 -0.5408664978065978 -0.8262425575988926 -0.15743782125927264,-61.57098957591853 -118.30100138188763 908.1496408248925,0.69
5,324,1,0.0,-0.38026679948642467 -0.924872540924081 0.0028185551236217243 -0.13944486810893347 0.05432039189603244 -0.9887388046305976 0.914304265530044 -0.3763775738123818 -0.1496249710598856,-19.150620523911403 -138.3253773219375 997.5178409081391,0.69
5,332,1,0.0,-0.36744762547875404 -0.9262437162209457 0.08399298001164968 -0.16764533298224993 -0.02286773894777472 -0.985582116743545 0.9148099719937992 -0.37623083961396403 -0.14687773985214958,34.029228411324496 -131.9584388051185 994.7718015325466,0.69
5,341,1,0.0,-0.9371809572967565 0.347345797477987 0.03229164372892945 0.0006372924744678932 0.09427228809734967 -0.9955462468188969 -0.3488430121682773 -0.9329864054053902 -0.08857155406840089,77.49435200692471 -107.57628772168196 991.0683318985818,0.69
5,348,1,0.0,0.7364278808543907 0.6741331517326076 0.056731561192801816 -0.13185473562976024 0.2252763652345688 -0.9653314912291566 -0.6635422405486462 0.7034166994049562 0.25478744475723325,60.55159480415062 -71.99741532396456 807.8792911977581,0.69
5,353,1,0.0,0.3966793203505434 0.9176208241151272 -0.024850351235051416 0.08349324364105104 -0.06302608335080911 -0.9945132432922916 -0.9141522822115179 0.39242800099856706 -0.10161628294590203,50.67998174065389 -64.61577228253913 920.7590332693969,0.69
5,364,1,0.0,-0.741668560961251 0.670750755287673 0.004601082772932807 0.08385343434185538 0.09952044114498981 -0.9914959825149987 -0.6655045809239357 -0.734975581958559 -0.13005593678849858,-23.551256223262477 -71.9720163842133 776.1007141771289,0.69
5,377,1,0.0,-0.11273588360188565 0.11732967198888627 0.9866733849757388 -0.6228029190366311 0.7653858379649733 -0.16217596333028894 -0.7742138881394169 -0.6327861148236709 -0.013213186535062066,-66.28298885209034 -55.28622439725056 646.1878858163927,0.69
5,386,1,0.0,-0.6088100052533574 -0.7917469991454965 0.04987050077458788 -0.14901268325633188 0.052385359054416436 -0.9874467045797904 0.7791954810778583 -0.608598770538391 -0.14987307552393736,-68.05709022671769 -117.36409810990916 902.4496372341446,0.69
5,393,1,0.0,0.978838998703009 0.2010598637005636 0.03806764803348013 0.06615986688513698 -0.13490703678710686 -0.988647036833198 -0.19364164487999758 0.97024482613103 -0.14535436262505477,-30.868161882510105 -124.83408998402231 898.7215079269866,0.69
5,409,1,0.0,-0.8415941432725325 0.5384263100359502 0.04261932273562008 0.05152337273469185 0.15858149281300427 -0.9860006349892688 -0.5376473194124697 -0.8276164684189592 -0.16120279504498636,54.21840671603624 -113.06380866363924 886.9328928007425,0.69
5,423,1,0.0,0.7665359069261877 0.6416189052404537 -0.02734746479819461 0.060133011874736464 -0.11410689702184552 -0.9916469315915412 -0.639379952982356 0.7584884946326395 -0.1260495110430531,50.071143463502494 -79.69060482021656 797.6713632137,0.69
5,436,1,0.0,-0.997290109787109 0.0662642728429401 0.03196064870137365 -0.023045630407130355 0.1311824681214636 -0.9910903384539166 -0.06986655737872144 -0.9891411457431935 -0.12929987609386295,-18.140947149922003 -89.41812000508219 746.7444813028452,0.69
5,450,1,0.0,0.14552708944253248 0.11998297696245966 0.9820519087490289 0.4325488553057728 0.8850085652233362 -0.17222464183442943 -0.889788375970405 0.4498487798366888 0.07689422128737294,-77.03629073251088 -83.70679828234505 726.3777832720154,0.69
5,458,1,0.0,-0.7281363627523288 0.6202441498795791 0.29174412038285746 -0.22825996319654965 0.18192054563950677 -0.956452980692587 -0.6463086154766303 -0.7630216966865246 0.009113942412518727,-326.6692666021743 -243.70654936906155 2528.9705301397426,0.69
5,463,1,0.0,-0.8701039980875013 -0.49147378266846764 0.037047988632222806 -0.1017096306839522 0.10549886605864434 -0.9892042965366022 0.48225945666029146 -0.8644787505831985 -0.14178260207737936,-42.87345857307206 -115.90076504975686 857.0271798665976,0.69
5,468,1,0.0,0.16038986456354065 -0.9857048183459781 0.051585874372848284 -0.13517633640233429 -0.07370532804478203 -0.9880763546885706 0.9777537775033813 0.15150424319910416 -0.14506555370085183,-14.649427670280865 -128.21238112795277 941.0833930165562,0.69
5,475,1,0.0,0.6875061254276356 0.7221105657806023 0.07675713834881104 0.15055868822485619 -0.038338885768791436 -0.9878573840580521 -0.7103994713536115 0.690714456650522 -0.13507823834535077,26.19446692539474 -120.0359155521508 897.961396157472,0.69
5,486,1,0.0,0.776540173778569 0.6300392891883476 0.005987702981299747 0.0888077978938604 -0.1000396912087709 -0.9910122275815255 -0.6237776314851262 0.7700925621390559 -0.1336372410554435,67.83409377692796 -111.71172306201662 883.4319137622155,0.69
5,493,1,0.0,-0.9967839340845868 0.07504303252457607 -0.02811284440197388 0.03786115847062599 0.1318204731143796 -0.9905502993524173 -0.07062804988187286 -0.9884290091541308 -0.13423774593037197,56.980023322949044 -95.32221914905104 784.060448374301,0.69
7,3,1,0.0,0.3260377979908605 -0.9388652203108634 0.11059589672273215 -0.9141108127152424 -0.34292577161666504 -0.2163407895848446 0.24104102629708116 -0.0305616303843409 -0.9700336130206523,39.45443264819993 92.25146141949483 721.1362379823363,0.69
7,13,1,0.0,0.9328443535226805 -0.30355328764058814 -0.19405363604798326 -0.33579988482626894 -0.9277164676664152 -0.16303555738308653 -0.1305367743263075 0.21724998776326668 -0.9673482275609663,-32.650513643810164 98.22378138487399 715.6983129434825,0.69
7,21,1,0.0,0.9097383350736109 0.3630494269734382 -0.20142312496769527 0.33312070608380384 -0.9278343850175761 -0.1677913858256267 -0.24780386775779278 0.08554804236985465 -0.9650257901066499,-83.68893483387878 58.721636958041906 717.469592341414,0.69
7,30,1,0.0,0.3692262905526227 0.8924288375630991 -0.25931200560430223 0.11001812775728198 -0.31904027285535225 -0.9413337961962083 -0.9228043985209068 0.31903616437977345 -0.21598140634857804,-140.70602485689585 15.51595834827335 1084.919707831759,0.69
7,39,1,0.0,-0.3716242917095821 0.9252925579247293 0.0756906074784906 0.8622574333647104 0.3742244222064567 -0.3412743770509965 -0.3441039151457789 -0.06156105971598638 -0.9369112719505467,-59.76990421230401 -63.85538027736834 764.2993188641105,0.69
7,54,1,0.0,-0.9840616040391242 0.00901689743844545 -0.17759914137329136 0.0668453370074382 0.9442250498358655 -0.3224449661303739 0.16478610492486245 -0.3291773850419262 -0.9297783546634389,68.6303493506468 -55.19107277422911 817.9513126612044,0.69
7,62,1,0.0,-0.6480420857601066 -0.7588953785880269 -0.06418145714632821 -0.7214051891761474 0.6386700152030631 -0.2677221782188507 0.24416389600720606 -0.12719440254293526 -0.9613561129198316,88.91468523878316 3.7518381921489614 732.7268054979903,0.69
7,67,1,0.0,-0.2868529374326878 -0.9579012069776869 -0.011860436624738985 -0.9076031301746648 0.2757108158337872 -0.3166071763706857 0.30654844704122886 -0.08005512914834899 -0.9484825912549223,83.27120883742113 44.4584839994782 728.4402263086209,0.69
7,71,1,0.0,-0.08654961640221936 -0.9961046510616615 0.01687270084943643 -0.9560052899754706 0.07827667398633742 -0.28271301322817294 0.28029100848857974 -0.040599094115048806 -0.9590561318908776,67.48160981169316 72.18096430134335 724.9382216497117,0.69
7,81,1,0.0,0.7038410817312807 -0.7089210226042786 0.045152135907884194 -0.6194941737293802 -0.6436743833984229 -0.4493442520740778 0.34761285992133917 0.2882954593231809 -0.8922169174314862,-2.967018127390289 91.04849576699819 708.174313753105,0.69
7,87,1,0.0,0.9760093988753886 -0.206594523852498 0.06873395100720715 -0.14688908843807214 -0.8578093908914568 -0.49253085649150957 0.1607148064265821 0.470618477763663 -0.8675765092386255,-52.176633520929855 80.96647253280706 697.2037549654366,0.69
7,94,1,0.0,0.8580161571042738 0.48238499159158715 0.17638875824495884 0.48847170270027646 -0.6602244695546267 -0.5705252364816167 -0.15875663705529572 0.5756807880140662 -0.8021146803932695,-96.66055425595098 47.69538976943111 711.8817207252356,0.69
7,102,1,0.0,0.6200812475227329 0.7842980498363221 0.019385961250197203 0.6499368400811283 -0.4996991128114346 -0.5726106011600058 -0.4394102301676761 0.3676647463089265 -0.8195982454505273,-103.21338116181573 -10.790410926280494 750.3413235410934,0.69
7,112,1,0.0,-0.410858670718354 0.9067013069087073 0.09533043976395622 0.7523066140625347 0.3962360393346147 -0.5263380658570893 -0.5150047680685212 -0.14453283773059883 -0.8449144025782901,-58.74338874328612 -72.03755112907058 798.3002856235202,0.69
7,130,1,0.0,-0.8585493276312091 -0.5078557316814948 -0.07053798850443968 -0.4044831198730772 0.755397489668692 -0.5155269520985113 0.3150975369020531 -0.4140738924400964 -0.8539650776453138,80.80390159098484 -37.40796781070453 782.409601204341,0.69
7,155,1,0.0,0.8799806529035848 -0.4620080611552519 0.11037482476971308 -0.3001745475224314 -0.7209556027282943 -0.6245944763719781 0.3681430313547758 0.5164993420346699 -0.7731100427123357,-25.44160778100841 72.34882178574526 704.9884732358736,0.69
7,166,1,0.0,0.8539827761164832 0.5201289941981249 0.013388334132048735 0.40752506719220133 -0.6526612921989636 -0.6387147698896359 -0.32347602338716874 0.550907494103707 -0.7693271054850452,-99.31270459895846 29.30046217429829 756.8569407353639,0.69
7,185,1,0.0,-0.5937342504683918 0.8028679188736113 -0.053691197270068186 0.6344088010721899 0.4260217091370665 -0.645004632902803 -0.49497991165590116 -0.41702351035342033 -0.7622901539896911,-41.63696972440231 -80.51566251669637 825.6172764420202,0.69
7,198,1,0.0,-0.9811182521699895 -0.1931226330825359 0.010517787323062688 -0.1518981029650746 0.7357405902947746 -0.6600096591022798 0.11972444017207415 -0.6491451550955026 -0.7511834836053833,60.90193620224324 -63.40557177671975 818.8249415657714,0.69
7,207,1,0.0,-0.5223323094499772 -0.8495012859578617 -0.0742733038217116 -0.6525093908370467 0.454239354382291 -0.6065460442537112 0.5489995021619959 -0.26835456785062894 -0.7915714576332213,92.84025140370312 -7.651432570646641 766.0053016515803,0.69
7,219,1,0.0,-0.3531274006942763 -0.9303301912961746 0.09892812563536951 0.0128319174042823 -0.1105466598042778 -0.9937880950694906 0.9354872424435481 -0.34966436931569195 0.050974974805541695,61.387168403212534 69.25549576574267 996.469005677732,0.69
7,229,1,0.0,0.9892246802902326 0.12925828742432993 -0.06875192387720204 -0.050044957838576 -0.14277479492134124 -0.9884891805832294 -0.1375864604516826 0.9812785807645545 -0.13476762531513017,-41.64088338301185 72.23890861424462 901.3116978324654,0.69
7,239,1,0.0,0.9453701249372917 0.30466294438840397 -0.11599921203455336 -0.04619343217844213 -0.22704670899946724 -0.9727877254345301 -0.32270961203475895 0.9250028552653766 -0.2005697485945371,-125.93392051610982 22.0839454777708 971.5969580507924,0.69
7,251,1,0.0,0.10285810062357348 0.9841710600238878 -0.1443174824737739 0.09210855838180887 -0.15388748843579825 -0.9837858783168962 -0.9904222456149376 0.08789747160401862 -0.10647915231013533,-97.66536842146463 -54.06762657277347 923.6929086830584,0.69
7,270,1,0.0,-0.9692189296171227 -0.24591143904405388 0.0119260479254968 -0.1643518717795207 0.6101786428246135 -0.7750293453046018 0.1833115618677847 -0.7531331807774733 -0.631812696372587,61.51585397630892 -69.75619342760417 874.1392913441405,0.69
7,277,1,0.0,-0.919398766793901 -0.3904948709399402 0.047113303720430544 -0.2077189783346218 0.38033024531300264 -0.9012223535508712 0.3340040922765393 -0.8383690477765446 -0.4307883541517512,107.33209136588022 -33.80363454262322 951.7545366534199,0.69
7,285,1,0.0,-0.9587829029108396 -0.28073242487628314 0.04387084121538533 -0.0574734200733755 0.040401772069680875 -0.9975291989704858 0.2782663311845916 -0.9589353484133911 -0.05487118089084242,105.5925233726859 28.72662250550394 949.6472290373758,0.69
7,289,1,0.0,0.12201386294376493 -0.9925146865744012 0.00521672154304853 -0.17646777201235414 -0.026865551140097144 -0.9839397174638974 0.9767147703861837 0.11913370260365619 -0.17842482510404123,70.47969278147136 23.70641205281332 837.2011293006078,0.69
7,295,1,0.0,0.5031226732533727 -0.8641768613297587 -0.008119605940403563 -0.12663783700763065 -0.06442794436942934 -0.9898544833572047 0.854886211080989 0.4990464831321597 -0.1418526481142106,16.966952823404284 40.08263071655207 868.7517962429575,0.69
7,306,1,0.0,0.9769689485895909 0.20415533451206686 -0.06206668093280571 -0.043085695067062696 -0.09614186580227876 -0.9944346959557699 -0.20898635451229036 0.974206005437414 -0.08513144305919276,-93.34115179668157 21.97593660994915 896.8550665838101,0.69
7,314,1,0.0,-0.4228928828021937 0.8964769860546531 -0.13225211964129457 0.0860304935094095 -0.10556695730185783 -0.9906837899716312 -0.9020866720342217 -0.4303308390069122 -0.03248084262807105,-119.86922750006266 -19.1130124249165 898.947322867981,0.69
7,328,1,0.0,0.18802909633645332 0.9786036905405642 -0.08354565094177197 -0.013876591881098299 -0.08240742929561545 -0.9965021102810838 -0.9820654250754692 0.18853072019508071 -0.0019153104348967331,-62.60843353774753 -82.86785512811451 1015.0071148208056,0.69
7,342,1,0.0,0.9972958977289936 0.07348999714859344 -0.00033569632091355606 0.010636716453928254 -0.14886230609376463 -0.9888007251653514 -0.0727169350014072 0.9861233361722792 -0.14924145945565886,-11.81491902727401 -68.67148526292071 912.7966179044232,0.69
7,348,1,0.0,-0.9782213579886356 0.1797755855528134 0.10374831860812349 -0.08998049731822286 0.08313693540638367 -0.9924675108403299 -0.18704674516610792 -0.9801882415181168 -0.06515002925852909,102.46021424650027 -41.86566677610162 989.3281251970997,0.69
7,354,1,0.0,-0.022005570174153277 -0.9989112545098191 0.041134662936867294 -0.015034691313803972 -0.04080932660299963 -0.9990538308416159 0.9996447933833342 -0.022603196141894877 -0.014120289861117685,114.50301370645549 -7.779825296212651 963.0877336186128,0.69
7,366,1,0.0,-0.7784010059526978 -0.6224306409924418 0.08168213443321737 -0.07141161446189359 -0.04147651300655819 -0.9965842062709819 0.6236924364234139 -0.7815752017704726 -0.01216341751610639,31.76152319097276 8.692124748955571 839.0370366174869,0.69
7,378,1,0.0,0.4860416270511662 -0.87007898509399 -0.08201278236511067 -0.04725017125717135 0.0675434442193143 -0.9965968615539385 0.8726574116396552 0.488262678115791 -0.008282455527961752,-83.20337989071376 -2.9195642123430336 833.5690177207214,0.69
7,385,1,0.0,0.7805290632565833 -0.6146037059756424 -0.11417822039604072 -0.11928033896430551 0.032865344845332295 -0.9923165169666168 0.6136339154156663 0.7881510982731696 -0.04765778155176123,-105.9737274703533 -24.348739883847745 817.7782695450264,0.69
7,393,1,0.0,0.8388940587756821 0.5430645679643495 -0.036573667748217215 -0.18082688839278366 0.21469146211147067 -0.9597964432787939 -0.5133793865992736 0.8117810364366326 0.2783040680565419,-70.53050655764322 -21.316647757541833 588.4638054296086,0.69
7,399,1,0.0,0.3358493393108674 0.9286875983189974 -0.15730405593291658 -0.009176658850744701 -0.16377038329267823 -0.9864558026026843 -0.9418710157005525 0.3327440552206179 -0.04647992575884263,-79.29886526481802 -84.73011051109934 1146.6887208065955,0.69
7,413,1,0.0,0.466884752796214 -0.6780676665210252 -0.5676643966510052 -0.8572937575972914 -0.5045336730839707 -0.10243625290449357 -0.21694709214722016 0.5344810682738246 -0.8168622569722125,9.447720597885283 -11.101883425641066 155.85362838259115,0.69
7,428,1,0.0,0.16912538210990619 0.9853981302673243 0.019675619223807783 0.03993010168399874 0.013096275107058075 -0.9991166471227604 -0.9847853533159824 0.1697616341933071 -0.03713213500909862,97.29311228706696 -16.51756367176858 829.9522379792297,0.69
7,435,1,0.0,0.5543119441327471 0.8297682408277203 -0.06498411425451661 0.00015465793572977393 -0.07817959472808567 -0.9969392795196079 -0.8323089838952218 0.5526052999038484 -0.04346421338849604,59.5246054948676 -31.71176631708389 760.1485098538182,0.69
7,447,1,0.0,0.3975594497333014 0.9175740148170975 0.0021003000231492597 0.05613541295113167 -0.02203711768005845 -0.998179934108656 -0.9158576850911719 0.39695376654818115 -0.060269460613577686,-46.55113801036675 -30.700453372650053 732.8311546110134,0.69
7,450,1,0.0,-0.9722794496683069 -0.2338179034386394 0.0013637390708564345 -0.013193351941149942 0.04903664419098985 -0.998709839238126 0.23344936756661228 -0.971043045162286 -0.05076216331780403,-70.51360155648328 -35.497790046469284 766.9620113258445,0.69
7,458,1,0.0,0.9389888813817715 0.3413927942527136 0.041843048093244156 0.06219722632003563 -0.048889734185017644 -0.9968657376645125 -0.33827708417731095 0.9386483654295907 -0.06714060170160727,-113.45025349495741 -49.73070719478968 831.066966203759,0.69
7,468,1,0.0,-0.47257382913053164 0.8550165320137635 0.2135900419122203 -0.10834907931531174 0.1841540082852272 -0.976907251607853 -0.8746053127167885 -0.48480308498981467 0.005613889197976563,-89.23078771766808 -47.92575158496366 752.7066625150945,0.69
7,478,1,0.0,-0.9850173190739938 0.17055055679562908 -0.02556146906933726 0.03564240782786665 0.0563102543256615 -0.9977769159596805 -0.1687320357505172 -0.9837386150977709 -0.0615454082528174,-123.0382611200391 -124.07818761566776 1456.0711200952846,0.69
7,486,1,0.0,-0.7762334103463021 -0.6202825049223524 0.11274443112367666 0.12323993670238811 0.026090271418368283 0.9920338783221606 -0.6182827918224321 0.7839444571043078 0.05619143628428902,50.78512263745544 -24.369019101113793 633.150498256726,0.69
9,0,1,111.21664285320145,-0.2891626383545268 0.9531251936727372 0.08909171547431437 0.9474922417222815 0.27168926999401943 0.16865168972234562 0.1365409112901137 0.13318147677670428 -0.9816411125190516,-18.59602463386594 40.677343684215074 613.5613849417987,0.69
9,0,1,102.41556677738465,0.8540932193219598 0.4598723406016725 0.24298601411972268 -0.017560198537528604 -0.4414111083918506 0.8971331410752813 0.5198234432339247 -0.7705022152711939 -0.36893078500798693,12.798837829080117 27.583796686535678 955.8208804670279,0.69
9,0,1,53.80985068240981,-0.9071774292719553 -0.1922656994059321 -0.3742499334020972 -0.40506749093574324 0.15852483636048897 0.9004388952304879 -0.11379560451330309 0.96845432369773 -0.22169073797663286,-37.333390282859845 -14.567196783562165 418.649621711839,0.69
9,11,1,310.9244563272357,-0.2412076299057404 -0.14288595234405804 -0.959897121517711 -0.7213511997172612 -0.635272475545996 0.2758284403032612 -0.6492082300323396 0.7589548645580932 0.050161615024672535,-36.19802603453668 -70.47654758871599 817.5434227218676,0.69
9,11,1,176.9091618328271,-0.3964652670403237 -0.5568225517207022 -0.7299068008491842 -0.3284627646746484 -0.6563978704971419 0.6791568654067364 -0.8572791285531984 0.509009313767502 0.07734348223997456,10.8373828764311 -59.88089297371533 935.1035147608308,0.69
9,11,1,141.31650536854474,-0.2998704692903824 0.9450320249080019 0.13035403156729652 0.2726949121894583 -0.046026945756442283 0.9609989620859729 0.9141745930146766 0.32372209094007703 -0.2439033032245259,-74.82873261132669 46.644267600378676 1044.3205692015883,0.69
9,21,1,432.17822914043126,0.05068577971240784 0.4992114337165824 -0.8649964717740642 -0.07011517061178521 -0.862193960797786 -0.5017025381776596 -0.9962503774579087 0.08607855952825946 -0.008698678319972952,31.915085948750267 -56.585967264847014 738.317880700177,0.69
9,21,1,246.5647270196575,0.726082858465058 -0.6863253941263119 0.04196589115666938 -0.07961167707038347 -0.023288373997923884 0.9965538783781709 -0.68298291597759 -0.7269216636019975 -0.07154880480380345,-20.135286995781218 47.42490616620279 1092.300907415581,0.69
9,21,1,64.81866337059841,-0.2860063690620108 0.7492875197292294 0.5973010711810123 0.7919099150521204 -0.16613720630952633 0.5876028549299342 0.5395174170479655 0.6410667995284779 -0.5458519169556943,-26.28100414191677 30.57577947850706 534.5583827940931,0.69
9,31,1,399.08848793406895,0.9587525356638943 0.18824341890297042 -0.21297415476478315 -0.21066606408466548 -0.03242310909853033 -0.9770202410592426 -0.19082291476950197 0.9815870604465533 0.008570762087806653,63.407575329509896 -5.961204907654144 678.3459964442501,0.69
9,31,1,251.41428679770718,0.03844551685675501 -0.9966534901389521 0.07213711130522465 0.01894981346346092 -0.07145032777062671 -0.9972641351373115 0.9990810011221896 0.03970731992108578 0.016139452945114097,-68.74221294728909 -8.931741110054498 843.7176691024993,0.69
9,31,1,96.0563968243941,-0.8701790644957413 -0.1448176275227916 0.4709737258828632 0.19634648988525977 0.7747564727477523 0.6009995539475865 -0.4519252721668196 0.6154512675217514 -0.6457424298300487,-8.941321447211866 -40.40950329802061 820.6880195945647,0.69
9,45,1,268.09040858034524,-0.15297146527558458 0.2101648627723285 0.965624389329168 -0.5951741828992279 0.7604438601277027 -0.25979381748670416 -0.788902670056121 -0.6144557478370325 0.008758488931092545,-15.468846167316869 -51.26343901672095 888.8956650178835,0.69
9,45,1,192.64242706943634,0.01912093891160939 -0.6221126613805877 0.7826942099217935 0.2943655814075901 -0.7446362211501303 -0.5990540899066009 0.9555015929749726 0.2418527128258371 0.16889041157233656,38.34854695570324 81.78110355085325 785.6437595757001,0.69
9,45,1,167.04329562155218,-0.9156469677184306 -0.05201112382397144 -0.3986044072844791 -0.39988464535254975 0.016659499230311625 0.9164140611626715 -0.041023175392805644 0.9985075383210499 -0.03605266975867871,25.976879056245856 -8.771850343991531 908.7294785001645,0.69
9,57,1,309.28845165774703,-0.19573925136975473 -0.35732899311202077 0.9132371740981405 0.5694301569943849 0.7167584374924177 0.40250048271868977 -0.7983955421835459 0.5988099305831338 0.0631761446787025,-56.51288289991458 78.4161183288256 789.1559822227679,0.69
9,57,1,272.05572313952644,-0.32355006038467454 -0.5356827131927147 0.7799739670088774 0.3377635826632296 0.7046193529567963 0.624041128184069 -0.8838727966464255 0.465355346187446 -0.047045521818651126,46.09375359243114 -32.94766343996509 977.762802269613,0.69
9,57,1,106.92366368478869,0.009752533858872203 0.9825615013299078 -0.18568194362309184 0.8285882380997507 0.09600905389238368 0.5515648586099737 0.5597735432887861 -0.15923302947255275 -0.8132025716627503,27.579677390322246 31.203503335420283 703.3647710546389,0.69
9,64,1,185.95909333440338,-0.7283862660430738 -0.4341716180059948 0.5300457089326213 0.45972602050412814 0.26392168214287115 0.8479371036617724 -0.5080407793782568 0.8613015452284607 0.007363061577881691,-102.7220118810132 41.67235061551707 892.398894655023,0.69
9,64,1,143.93738254797154,0.4021695053881384 -0.4595370980409805 0.791887204379471 -0.5677631251360047 0.5533554835281469 0.609461026305315 -0.718265078276577 -0.6947109934162584 -0.0383655177853487,66.94184309400931 -58.6667645824749 714.4414061253633,0.69
9,64,1,129.06407608525402,-0.3628554364068912 -0.9105949553217096 -0.19787056277430035 0.6669249715757937 -0.4020756091285935 0.6273326763627873 -0.6508048974605152 0.09566625259998573 0.7531938353139148,10.682823746262814 55.63596748795109 778.6983818719417,0.69
9,70,1,190.1555725233997,0.14327649534984666 -0.9744258733264116 -0.17310708614128023 -0.06424736050970481 -0.18370046848962218 0.9808804282603607 -0.9875951207594136 -0.1294154367482982 -0.08892424969290436,-23.333566601894695 90.37043941663529 1007.7468130061106,0.69
9,70,1,103.72816289101694,-0.4085529710222472 -0.9124662348530326 -0.02213233205121075 0.8779572260159865 -0.3995003161569466 0.263800315914924 -0.24955075466768045 0.08834516197070387 0.9643233654750676,3.4951840823730493 5.57266455880291 646.0525695509837,0.69
9,70,1,77.25737571722483,-0.5788145251694254 -0.798584438085381 -0.16503527108090899 0.33836572754147887 -0.4193408459834096 0.8424143216465662 -0.7419449978793698 0.4317593660104837 0.5129341770480953,-100.82551730594516 -0.9913645345924352 879.8477809121382,0.69
9,91,1,328.8462972339633,-0.11901795406252302 -0.35012820603914435 -0.9291097706657605 0.2723458211589121 0.88835823433067 -0.36965849265798456 0.9548101802494826 -0.29703516093672455 -0.010374625740004181,20.52714729038542 -73.61700547503686 715.7770839592251,0.69
9,91,1,299.9231913113066,-0.06174564128196616 -0.19704693578359578 -0.978447740495615 0.24506966227846366 0.947314588117403 -0.20624241021350326 0.9675372532432013 -0.25252242719855733 -0.010202320733578761,17.2365499927837 -65.56069036172624 747.4594617942357,0.69
9,91,1,194.59167819134123,0.3556379893628455 0.5042338004533413 -0.7869370336960466 -0.3409875076563731 -0.7139441185130039 -0.6115646452035834 -0.8702006321212641 0.4858313185881185 -0.08196822393270786,-39.719393118816974 29.638470933486747 711.527494151788,0.69
9,100,1,371.6037579666968,0.42397558952334746 0.7612583706838876 -0.4906428360345667 -0.2264544569304009 -0.4354286609353725 -0.8712750772129234 -0.8769053987886533 0.4805076214793489 -0.01222077229849483,57.2694477392363 -33.67338044667795 712.2426963966458,0.69
9,100,1,160.4033154757916,0.7951019950984897 -0.5588626518934164 0.23555329271538425 -0.19891229541853914 0.12660756559235786 0.9718047247601261 -0.5729281945599547 -0.819538321650327 -0.0104987249147648,-74.56554239804625 -21.18316220185454 805.2671618035412,0.69
9,100,1,62.87556485865505,0.9152822689931903 0.029195193799547728 -0.40175366672338564 0.15217236138232315 -0.9485234695147926 0.27775312817491 -0.37296372544525835 -0.31535831753519233 -0.8726094149522837,-26.207948821969616 7.2690942489681 397.75324050636516,0.69
9,108,1,393.38869094645486,-0.9305574224121425 -0.3347410720278779 0.14836205138544212 -0.14186267122603974 -0.04393099759219632 -0.9889110424922796 0.3375468354262592 -0.941285547614634 -0.006606946763554444,63.54114671762165 9.616093680981072 662.5785729631741,0.69
9,108,1,267.5176608427949,-0.9198674409237794 -0.353927735863199 0.16905339072342468 -0.163648328808829 -0.04538493808512167 -0.9854742167469867 0.3564591359558829 -0.9341709507267709 -0.016171555640260404,68.91938958383842 10.38643213511196 652.588130497522,0.69
9,108,1,227.84897782112637,-0.6740292502329568 0.7072269429437164 0.2133415594882615 0.18514805808622703 -0.11784738470834066 0.9756188756396134 0.7151256997320801 0.6970954347088278 -0.051509110755410314,6.9092400210777 -55.054191344282295 1050.358729009841,0.69
9,118,1,288.34076942543794,0.1355684947583058 0.12951093985750295 0.9822668169526005 0.7579311237884429 0.6249552311388455 -0.18700633856899296 -0.638092152296011 0.7698427602630415 -0.013436132212272245,-12.772310514815759 -56.56636723773233 904.4346438898084,0.69
9,118,1,191.01932619471577,0.9796803311857959 -0.028809794246896073 0.1984853758923834 -0.19984385604517313 -0.22408223417882414 0.9538603595529185 0.016996525782799102 -0.9741443158387151 -0.22528641776733127,44.04585031017943 -18.849235791963466 838.5736701491716,0.69
9,118,1,146.7760443772479,-0.010741676891340202 -0.668841736408057 0.7433272146344548 -0.9711771016780519 0.18399739951342897 0.15152555609042906 -0.23811689052601948 -0.7202747313428053 -0.6515402196605128,-83.04240372178899 -60.62007645109724 800.8874068862204,0.69
9,128,1,236.43651418601573,-0.9590638384221526 -0.24945986871218107 0.13403853077779013 0.12782522510465438 0.0410193259937921 0.9909480948677177 -0.2526999518359899 0.967515988910321 -0.007452888364383958,42.87379059846226 22.89808547667851 788.4864566489321,0.69
9,128,1,227.05317608210188,-0.11701452875224122 -0.1525883530692782 0.981338063344379 0.7516376096229097 0.6322362127589258 0.1879315701967309 -0.6491136293910716 0.7596013202883837 0.040710322461201376,-48.16846907752653 69.02260283014854 789.0935301492157,0.69
9,128,1,79.0327442599227,-0.10204899274188639 -0.6746712832638113 0.7310298643827955 -0.4145303718394695 -0.639183340884456 -0.6477725121973118 0.9042956230696892 -0.3691386139039742 -0.21444372180610738,9.436769457060398 -27.034086304705554 404.603162752976,0.69
9,136,1,108.47434242240845,-0.6949522418617621 0.03420777460212368 -0.7182417487782796 -0.1778743558054365 -0.9760018950528973 0.12562250753728166 -0.6967080414909189 0.2150584316178366 0.6843593908992297,2.4629755793133983 22.81561905613473 683.0425629238424,0.69
9,136,1,99.89378942947906,-0.8957173208765039 -0.39432090944513426 -0.20543004029640008 -0.42134880419119397 0.90032389272662 0.10900492370639436 0.1419706529127384 0.18419530004847623 -0.9725823487764842,9.060361282354766 14.316086349604156 470.0872396352624,0.69
9,136,1,66.79008790279198,-0.8366530979199889 -0.38663002689947135 0.38798043254860126 0.5387919015775751 -0.7083951669067734 0.4559381255143569 0.09856409353971815 0.5905027601991704 0.8009941383442546,9.704999178788603 8.048584819016746 354.0364730635226,0.69
9,147,1,198.37955864546538,-0.3150269158590514 0.9422486393077767 -0.11369056252379661 -0.07284013337260292 0.09543305530053903 0.992767267251628 0.9462834444576295 0.3210296461055385 0.03856953547499686,-43.3648948114534 -67.16115805568468 862.9462890831604,0.69
9,147,1,105.74382068687032,0.01433840254540179 -0.6862800560548711 0.7271960498199703 0.558506015693451 0.6087402809222939 0.5634769745223607 -0.8293765373138262 0.3980640087272012 0.39201990295054917,-11.784497140421461 12.281053137339502 612.563307368838,0.69
9,147,1,75.50960988223346,0.30348668022195346 0.6684648375610567 0.6790070661431494 0.053694095854831425 -0.7234827952422028 0.6882511090138983 0.9513215959906457 -0.17241637373810792 -0.25546000678934366,21.302078924446104 -2.131231919795712 524.9572743539511,0.69
9,161,1,195.21147739586004,0.9972563645175687 -0.04989695768353073 -0.0546812311778911 0.0666707374754566 0.28442470069619274 0.9563773326456246 -0.03216762648503574 -0.9573990198698812 0.2869710099618254,-10.446399836791601 5.24288732775868 801.4612779125274,0.69
9,161,1,189.49712398905498,-0.6952097432110289 -0.7028259284469803 -0.15072865436636573 -0.27579150759512394 0.06716319603546139 0.9588681606126624 -0.6637939870794732 0.7081841705382451 -0.2405259306523806,-73.63875767121199 -16.229984888805596 919.1382564103277,0.69
9,161,1,122.10210646627368,-0.6660714589065384 -0.4082775654107781 -0.6242261138500722 -0.6781325323047883 0.6799873474421628 0.2788431027450137 0.31062047624071865 0.6090374675673236 -0.7297864638640336,11.185903111809836 -52.514089041715664 593.2352135064381,0.69
9,167,1,308.94253474388603,0.05128091393647538 0.4974220231810008 -0.8659916851335002 -0.1193102953488524 -0.8578708721428806 -0.4998225886778056 -0.991531805485638 0.12895308287642127 0.015355166135780696,37.931142947326414 -64.30589102199541 797.8724212876804,0.69
9,167,1,97.38619195632343,0.4009936915056894 -0.9137606038048941 -0.06515840933261158 -0.3191873378655644 -0.20603340778947193 0.9250241500744463 -0.858675435027074 -0.35013110945583353 -0.3742789113379119,-33.414793108349365 -12.556713636799817 505.4871204891832,0.69
9,167,1,82.41346890113778,0.36559365661411386 0.9194271274260053 0.14489663763071042 -0.8752214318014697 0.3925585263875724 -0.28263978608080403 -0.3167470971594001 -0.023485329752457096 0.9482192339999815,-17.92034914326113 12.692673946271999 417.6901517617404,0.69
9,179,1,290.394424894234,0.3044390693528407 0.952074021573586 -0.029528130592280488 0.025838060166778254 -0.03924236356045324 -0.998895605931374 -0.9521813103072303 0.30333989903553366 -0.03654665449419514,62.93875570039488 -7.316559555285716 666.6003221328479,0.69
9,179,1,198.971104323048,-0.5788744148066903 0.8059777610531977 -0.12371038990273392 -0.07447203828808874 0.0988236199629362 0.9923143693661999 0.8120088222398998 0.5836383647645998 0.0028163415053786833,-7.451307650739643 -52.74362407906865 827.7907874847339,0.69
9,179,1,179.3945559292663,-0.8456723424755697 -0.5197366004428173 -0.12129367391593851 -0.2950842742077833 0.6447079509118895 -0.7051786505179083 0.4447061504939509 -0.5605582255137604 -0.6985777805811717,-67.68204588405449 4.3314834900895525 757.8064113616067,0.69
9,195,1,253.8474817077453,0.6924328313555211 -0.7210163404144765 0.02592703061077417 -0.03093081220099475 0.006236489638825143 0.9995020715604203 -0.7208190195309521 -0.6928899934710419 -0.017983270840877613,41.2485330224305 -12.330034438705587 778.4644864490283,0.69
9,195,1,244.98093942670783,0.8578722883936 -0.3733717792477824 0.35305615880150487 -0.3037249397970624 0.1857770556590802 0.9344720683551295 -0.41449523248355824 -0.9088896522966847 0.04597066669532554,49.27510323007437 -12.794713977166863 725.66761201121,0.69
