scene_id,im_id,obj_id,score,R,t,time
4,0,28,0.0,-0.6831994877760681 -0.7293391987061998 0.03609422575864907 -0.7018577636830793 0.6422056824248138 -0.3081680402297827 0.2015791146431212 -0.23587325980677998 -0.9506469722498561,57.53055958848239 79.61297176670742 737.613264351784,0.69
4,10,28,0.0,-0.12051659479867027 0.9925212772926253 -0.019423297854608224 0.9280852166077942 0.10570513302467599 -0.3570493741295444 -0.3523259585840886 -0.06105685034172095 -0.9338835473088449,-23.999964696541404 103.79127451730638 737.2170202462122,0.69
4,25,28,0.0,-0.9897737242427765 0.1426439134075363 0.00082991949459486 0.1354196076143771 0.9414424501573813 -0.3087841364371467 -0.04482749906198598 -0.3055140373361747 -0.9511317828347438,-110.00443359366504 16.52886343767963 758.8197731235734,0.69
4,36,28,0.0,-0.6845743784043695 -0.7288421395578064 0.012126666362619512 -0.6958909418344359 0.6484910185058813 -0.3085371873696704 0.21701086955508214 -0.21965549053461988 -0.951134978839987,-75.70308437687638 -67.1895339262162 781.0970047067655,0.69
4,47,28,0.0,0.2130742887730861 -0.976874332991816 -0.017773154071199032 -0.9213540351283013 -0.19484447176943143 -0.3363664278338264 0.3251247290143294 0.08804640459829231 -0.9415634557589163,16.25726489936838 -87.89580721511034 792.9266158190685,0.69
4,58,28,0.0,-0.9188772577013652 0.39454188916504884 -0.0011326841100978563 0.3755845546893929 0.8738396947456659 -0.30877245694130967 -0.12083388414674681 -0.2841494071450384 -0.9511352621268616,86.25876614726829 -29.24442339264857 769.4371363299736,0.69
4,66,28,0.0,0.9526181543215231 0.2985047706653081 -0.05842562748577043 0.2632737390101658 -0.9053849919022209 -0.3331140267023027 -0.15233381241425467 0.3019485358935644 -0.9410746470217288,90.2857200023703 38.35546802243 756.9261758601564,0.69
4,72,28,0.0,0.7125206301492635 0.7015395574257937 0.012514031265666914 0.6248797088346691 -0.626347232070191 -0.4660627579679687 -0.31912333211220323 0.3398990942100787 -0.8846631588671321,61.152808846887005 61.79766256305896 731.158557719794,0.69
4,78,28,0.0,-0.2571516676028591 -0.9661975737073881 -0.018310336179997222 -0.8436779860785496 0.2337025203223776 -0.48331210185697887 0.47125415187084646 -0.1088364854124037 -0.8752566159633212,15.427473494405843 84.40620273029158 721.1692559214532,0.69
4,85,28,0.0,-0.3354461916740896 0.9419093754975894 0.01681014101939013 0.811276963904972 0.29790182841778023 -0.5030747344704118 -0.4788585807192781 -0.1551168236365284 -0.864079412262804,-46.494198744420245 80.67481961056913 725.3361862073768,0.69
4,104,28,0.0,0.9117696999663291 0.41032327326029183 0.017630247992312234 0.3660230545546992 -0.7923614151847016 -0.48804765265386185 -0.18628778209468871 0.4514401390521857 -0.8726389076214657,-98.94069165858001 -44.99231370841466 776.2095226264747,0.69
4,115,28,0.0,0.17361584792872475 0.9847957472273565 0.005905386600646767 0.8675822046485862 -0.15010857928705879 -0.47409759818155567 -0.4660028492671361 0.08743426483555378 -0.8804524937823602,-22.887498286205332 -93.84753049098909 812.1862970616488,0.69
4,129,28,0.0,-0.8648532488322197 0.5020224637636697 -0.0015178474922593055 0.4384484421980039 0.7538523047147951 -0.48935637955414 -0.24452366249199356 -0.4238869525626461 -0.8720825820578317,81.46161976612986 -46.539458283252884 786.7490976600834,0.69
4,142,28,0.0,0.8217344902754552 0.5698391927299596 0.005976781793380043 0.5043413210493651 -0.7223206328349928 -0.4731730500176829 -0.26531539603633836 0.39183695309366023 -0.8809492282852387,73.66018719385718 50.105147867033295 737.7144808690723,0.69
4,152,28,0.0,-0.14130493492903928 -0.9899388383351334 -0.007349266656386855 -0.7788044989452559 0.1157442310264255 -0.6164956004763786 0.6111435737920583 -0.08139022877341134 -0.7873240520096428,2.754189089262289 68.30199426806051 704.6150016077888,0.69
4,166,28,0.0,0.8804668787390807 -0.47376209080334214 0.018098529252633416 -0.3610858901350203 -0.6948229697388139 -0.6219630380245563 0.30723778314013184 0.541082731235235 -0.7828374177121045,-100.08331017235615 22.80054094513987 736.1032500858606,0.69
4,170,28,0.0,-0.9893714956526222 0.14206014967610867 0.031031555940605762 0.09324618477288456 0.7835847970147204 -0.6142475192564486 -0.11157594998652 -0.6048254126286375 -0.788503029558672,-109.35946571637383 -4.6497491631394725 753.3806579858654,0.69
4,177,28,0.0,-0.8910658181270205 -0.45345864295077376 0.019415635422672467 -0.3667651796261864 0.6941912883180368 -0.6193397760818482 0.26736680941993285 -0.5589934832863308 -0.78488296889665,-97.26525224773192 -52.22062891466328 791.1394498747359,0.69
4,185,28,0.0,0.36875581339371133 0.9294142495546027 -0.01443269944248704 0.7351355368250512 -0.3011053958820945 -0.6073806739332681 -0.5688540169369345 0.2133651642033955 -0.7942798084549121,-43.89228488825141 -88.66528042903327 831.9129733825753,0.69
4,193,28,0.0,0.3037038895072435 -0.9526736749690409 -0.013297237275223528 -0.7494962636991519 -0.23026954512295394 -0.6206700309261587 0.5882340505268144 0.19846613214815675 -0.7839591164027416,26.065228487822804 -88.06169942483828 827.5055011725982,0.69
4,204,28,0.0,0.9524662463420416 -0.30464393300526554 -0.0003516563449205701 -0.23975807346636954 -0.7488881037733935 -0.6178047217643985 0.18794710901420267 0.5885224567591063 -0.7863314836018136,90.5143701575705 -34.28965737407037 787.2744327344734,0.69
4,215,28,0.0,-0.7986597509427932 -0.601770799854656 0.0038087617782357475 -0.47645709565660993 0.6284540693878179 -0.614844792340604 0.36760201063441394 -0.4928665002941262 -0.7886389380859637,71.26000401356364 39.36255988440001 727.4233892981101,0.69
4,222,28,0.0,-0.27063812358282224 -0.9625424228087213 0.016342899286417634 -0.640753256933749 0.16743893810463562 -0.7492659512717665 0.7184638263631387 -0.21325169706220154 -0.6620675523749285,16.099015047923935 47.22637687081022 695.1058950968059,0.69
4,230,28,0.0,0.41538911287420865 -0.9095158687686942 0.015256780902445366 -0.5971862691411145 -0.28531859018105427 -0.7496411555180331 0.6861635700435387 0.30228163449839784 -0.6616686244564441,-53.062456801819906 41.2893041367883 700.7805256143811,0.69
4,238,28,0.0,-0.8980485671585716 0.43905567489669767 0.027182445906169 0.27439155984101876 0.6073980948606423 -0.7455044106158422 -0.343828507998463 -0.6620405340314646 -0.6659461602764025,-101.06673027139395 6.11876535915594 733.8794363143116,0.69
4,245,28,0.0,-0.987151391110295 -0.15598181836784003 0.034667035749707496 -0.13093355010763058 0.6652686091122818 -0.7350333891640723 0.09158895394763453 -0.7301283106882461 -0.6771440861783451,-108.1931766064024 -35.742759473628304 781.977061385439,0.69
4,252,28,0.0,0.7255644478208558 0.6878425818801014 0.02070783935934631 0.4812304653308118 -0.4856515557788761 -0.7297669529425455 -0.4919079906810895 0.5394581994205605 -0.6833823086545481,-78.40191747010913 -70.86707707003983 823.1259357519717,0.69
4,261,28,0.0,-0.03504883680936888 -0.9978303323401524 0.05573335536508811 -0.6620872157797367 -0.018590164948623755 -0.749196185567051 0.7486067711017224 -0.06315879692587506 -0.6599991429021174,-6.019020926096953 -89.66608912604752 854.9036809455612,0.69
4,270,28,0.0,-0.6916833451116944 0.7221984017530618 0.001902261921995274 0.48387679029517344 0.4653836802402791 -0.7411351307148077 -0.5361318885393197 -0.5117103659994955 -0.6713531853055625,66.27611607731451 -67.28441553107446 823.813146092892,0.69
4,286,28,0.0,-0.8263117386511756 -0.5631312713057295 0.009595928556637351 -0.3848072302159674 0.5520427194037222 -0.7397109107799203 0.41125698309060565 -0.6149243914750305 -0.6728563640393667,74.49124582287021 21.35114982873973 727.7356480225098,0.69
4,292,28,0.0,0.4780052508385294 0.8781582899985313 0.018681484888811772 0.4789627109430391 -0.2427660367559234 -0.843599059342717 -0.736278277349597 0.4121925146150492 -0.5366485155093905,37.34141890434423 22.097644138396543 699.5687630733776,0.69
4,297,28,0.0,-0.0428876895643544 -0.9990606150607642 0.006207537212035541 -0.538654899127998 0.01788963387996667 -0.8423365483255768 0.8414342194902924 -0.03946958872407924 -0.5389161398925757,-5.233219843507654 26.9442732616432 685.8864809115048,0.69
4,316,28,0.0,-0.9990750823925469 -0.033833914287726044 0.02653763339667837 -0.04039619296504651 0.5270251126575405 -0.8488890847585674 0.014735241302958654 -0.8491759516568272 -0.5279044191816029,-108.35866468599221 -33.29337087453367 771.6021555841334,0.69
4,325,28,0.0,-0.6996938143764244 -0.7131222019912733 0.04341993954956047 -0.42233238706193577 0.3638300899336524 -0.8302186582445841 0.5762498771903879 -0.599236506469681 -0.5557442652444333,-74.43060805087059 -70.48716449137463 841.2003520272751,0.69
4,331,28,0.0,-0.10920532727190757 -0.992917912018653 0.04677837628599307 -0.5653189023205886 0.10074664508646913 0.8186969232767799 -0.8176116041094819 0.06296136510860739 -0.5723173344650503,-30.6252249946257 -121.9126240597466 942.1746556559752,0.69
4,338,28,0.0,0.3765138056885027 -0.9261546832158136 0.021791211149835454 -0.508339499781072 -0.2262078931866116 -0.8309157249820249 0.7744858340139542 0.30177390844387214 -0.5559714031262931,35.214998345292265 -78.40673686200415 864.2486250274778,0.69
4,357,28,0.0,-0.8889842648208851 -0.4577897056263166 0.01164312344006918 -0.2569948007530155 0.4776930939554721 -0.840097006525536 0.3790259216554828 -0.7498252419129534 -0.542311218124236,82.4372650834353 0.005721106803335581 737.1912810843215,0.69
4,365,28,0.0,0.3585867583849057 0.9332516694743215 0.021374239972395848 0.36856139453290104 -0.12050266687871819 -0.9217600586568504 -0.8576584606770746 0.3384086711337473 -0.38717119744438944,25.654994340108473 3.11251242926338 690.134838571203,0.69
4,379,28,0.0,0.7597354653987293 -0.6498983604571521 0.020836115052529136 -0.23595147649670112 -0.3054055468518402 -0.9225260715509103 0.6059116464917994 0.6959594622010927 -0.3853719029954864,-87.07473845608229 -11.432981485729096 720.0062811851915,0.69
4,389,28,0.0,-0.9863585499555027 -0.16112176292149746 0.03371332737578736 -0.09091571984374378 0.3624894686431578 -0.9275428383681776 0.13722661117644835 -0.9179548805011444 -0.37219308772350645,-102.97644629829755 -42.74145839010333 774.7157356729091,0.69
4,411,28,0.0,-0.894609939382969 -0.44612884959664356 0.02533980889383103 -0.16552612960507318 0.3835313187209144 0.9085729623856087 -0.4150592208048931 0.8086240023136659 -0.4169569115712839,55.45791417414288 -124.59243600511677 1020.8204462543601,0.69
4,427,28,0.0,-0.9417817715685801 -0.33586730408357024 0.015499960928378104 -0.14431437622282361 0.36216423494240424 -0.920874816543487 0.30367821053965005 -0.8694999833100736 -0.38955015526529846,88.38265608681891 -18.436922036444457 748.6073608936272,0.69
4,438,28,0.0,0.2577720503198344 0.966123897182382 0.012577176433349047 0.22091094172871456 -0.04625910573451297 -0.9741963102789787 -0.9406125269729517 0.25389901620480904 -0.22535164448432304,19.115230473484072 -18.009695442511923 691.2935462711217,0.69
4,448,28,0.0,-0.5864790797350095 0.8097395937441896 0.019080863611778076 0.1768343796060538 0.1509960823997386 -0.972589217136029 -0.7904251332178897 -0.5670290763469951 -0.23174584215160188,-65.23030147155063 -23.058475465673034 699.5141857118255,0.69
4,455,28,0.0,-0.940151478879172 0.3404711734002035 0.013949080428266147 0.06745016816349095 0.22606533740472856 -0.9717741188356495 -0.334014478093424 -0.9126740071392276 -0.23550049918503935,-103.04164333197473 -35.15077760058441 754.241867640445,0.69
4,462,28,0.0,0.9764380168223916 0.21477686783928784 0.0209689376244884 0.06483845679354429 -0.19931170194378395 -0.9777887399581282 -0.20582704833084084 0.9561096916721519 -0.20854132364113448,-104.72275126520965 -47.53757121181935 804.9977673839876,0.69
4,469,28,0.0,-0.041623387802572076 -0.9223692395079828 0.3840605155405882 0.05028004869581676 0.38197289226659464 0.922804760649098 -0.9978674312206924 0.057720841842078374 0.03047776445310235,29.568690782599347 -162.6780423790294 1327.2073942433037,0.69
4,479,28,0.0,0.8263773324144479 0.29345867514004675 -0.48060639868465094 -0.5468503947180832 0.6218665438694948 -0.5605681469834746 0.13436945437210698 0.7260606087654516 0.6743744079744456,-320.1216193606865 -342.70612935939664 3598.4627226548737,0.69
4,488,28,0.0,-0.9970083333276148 -0.036552256377023744 -0.06810518210121849 0.06306040150647214 0.12485856928601535 -0.9901685328456424 0.04469640966715705 -0.9915010187738578 -0.12218003410241807,116.75496407562238 -53.642931651441565 966.1580055598616,0.69
4,497,28,0.0,-0.9863784941368615 -0.16392259044257 0.0136693323500051 -0.05070982215903566 0.22397810977173005 -0.9732740211675649 0.15647996753864823 -0.9607097327942921 -0.22923967604545115,93.52675571811773 -33.10463242169507 770.3729687532148,0.69
13,2,28,666.0802819734453,0.9944815443624783 0.10464486528093989 0.0074773051798961414 0.10052535478925126 -0.9300860942296582 -0.35331927539424546 -0.030018510404657334 0.35212115740317773 -0.9354729175888161,-2.493722979126323 96.18206318215073 754.7117175475341,0.69
13,2,28,640.6815769433558,-0.9946815150754071 -0.10285804018371547 0.005376535767362398 -0.09822735027176543 0.9316090411834104 -0.3499371115556537 0.030985016151043966 -0.3486040991653588 -0.9367577652836555,-2.436249288954145 96.21428436087558 754.9775921825823,0.69
13,7,28,650.9650777570034,0.8566997720069861 0.5151858218341594 -0.0254768448642939 0.46428898484635983 -0.7916985407590668 -0.397050575003111 -0.22472480769490988 0.3283245186412768 -0.9174430615931758,-36.66476746037661 97.04479367189631 748.0944720508464,0.69
13,7,28,641.1368879316955,-0.8585499650337394 -0.5125896929534595 -0.011990171743685468 -0.46915819785637786 0.7948093737722064 -0.3849268044031087 0.20683941337356568 -0.3248536070935821 -0.9228692166464151,-37.07992052102318 96.81460754209752 748.3906795518681,0.69
13,20,28,659.5642619342228,-0.20501740994753195 0.9783798868384566 0.027215044522734017 -0.9348463916425982 -0.20397882763771935 0.29061118682589515 0.2898794329565645 0.034138466654352745 0.9564541177930438,45.137119659686576 48.8179142338947 760.4148539881171,0.69
13,20,28,493.6621473091485,-0.10717287841825329 0.9923739707078617 0.0608923344359415 0.9213428476839604 0.12214755968810165 -0.3690627733649828 -0.3736861398997256 0.016549197072785737 -0.9274075657029593,-100.93006231048793 40.78940627270655 774.5021500507445,0.69
13,25,28,664.4835325487098,-0.2378642528053 -0.9669310964447315 0.09200463013112795 0.8758469458275835 -0.17257516135104267 0.4506772028505054 -0.4198960880049615 0.18778197041476294 0.8879331094543543,27.703868333018534 77.15768240846646 755.2153091393507,0.69
13,25,28,427.5908133663933,0.48802371747681883 -0.850824133270185 0.19475919856362406 -0.7888207818203284 -0.5254468406828354 -0.3188532449024049 0.37362364131365194 0.0019778426291596207 -0.9275782785242773,-106.19743093726048 7.084491632931274 785.9466830311649,0.69
13,32,28,614.1341277263041,0.7210026770164055 0.6928767477732655 -0.008772236335138905 -0.6473167963007472 0.6780026443818858 0.34827199060232644 0.24725716362142824 -0.24542662163325463 0.9373524782234128,-14.340617036531558 89.89338941387761 749.5286448821206,0.69
13,32,28,598.3594138140518,-0.712103989966019 -0.7004063145298924 -0.048362196405139224 0.5986677771512592 -0.6417620753544717 0.47931026615073846 -0.3667489605646433 0.31236586433759805 0.8763120258911086,-15.12199435414223 92.47153278045771 743.4012351264131,0.69
13,40,28,645.8163521580483,-0.9993869768210897 -0.03319996228100672 -0.011110043426674623 0.0280115167326708 -0.9486471252767329 0.315093615667671 -0.02100060691356725 0.314589246810393 0.9489955638992893,-59.50283478747234 77.26649667655316 742.5372533910603,0.69
13,40,28,644.0839121085313,0.9993371058641076 0.034731126771899684 -0.010913188182363401 -0.029430526220788497 0.9471726349407813 0.31937101268854234 0.021428788335249478 -0.3188381226461036 0.9475669150925392,-59.94732549294205 77.52681851035688 742.9551364124605,0.69
13,55,28,414.51761126324743,-0.30242228647854774 0.9412332263110823 -0.15040204230368118 -0.9223337383219345 -0.24915801341850932 0.2953316093858346 0.24050204945940154 0.22803573850906145 0.9434820963687943,-96.19346461353084 1.8861566536767975 803.3760424092044,0.69
13,55,28,405.52699618766337,0.3044853434140098 -0.9400303515166417 -0.15372577491608694 0.9151865964418826 0.24397801000591746 0.32079311764231344 -0.2640495584907789 -0.23836457132101518 0.9345909061187004,-96.13979007650028 2.200147490149282 800.4653462493959,0.69
13,60,28,448.28001993308055,0.4681258547028069 -0.8835109861214481 -0.016325488092973295 -0.7982869154678995 -0.4149031901412845 -0.4365699753800438 0.3789408723686505 0.21740211639561374 -0.8995221703967025,55.438380068183655 30.13052837140005 752.9629083417492,0.69
13,60,28,432.6286350056025,-0.4629424295015643 0.8863796881652448 -0.003918593532399234 0.8080798292555325 0.42022258905031695 -0.4128195310328686 -0.3642681656658162 -0.19427821303463555 -0.9108044133745347,55.87529136353628 29.709600069002143 758.8181822509515,0.69
13,69,28,554.8185846648249,0.9388692885750929 -0.3436920183266125 -0.0200063867072098 -0.327988065053414 -0.8752831016253763 -0.3553917854869169 0.1046340678412937 0.3402282888703418 -0.9345033029900659,29.685200629699256 82.34429930918874 761.3133908379991,0.69
13,69,28,546.1077912668659,-0.9387048303051803 0.3445814295978322 -0.009842760691847197 0.32480480049149707 0.8745433743869122 -0.36010516227017847 -0.11547763047188656 -0.3412294311636483 -0.9328597923419851,29.334032205673935 82.2570255391862 759.1548282879367,0.69
13,78,28,703.317226740002,0.8811873955927477 0.472509053789451 -0.015619472957409744 0.399527532891542 -0.7619335456276563 -0.5097401519488787 -0.25275783728713025 0.44293618742914403 -0.860186613215799,-33.132079823180405 82.55027782109781 736.8558881254863,0.69
13,78,28,393.6693690482776,-0.9878285892528915 0.15553762193181517 -0.0016511869784688951 -0.13932601333862946 -0.8800481931985011 0.4539861668104189 0.06915880465859847 0.4486905679996507 0.8910072019497618,29.59690493021354 -33.754149290675265 798.6493965562918,0.69
13,84,28,707.9672035837871,0.54597336872091 0.836201277258623 0.05177358939255111 0.7363190991105623 -0.44944128943034006 -0.5058030364086431 -0.3996839563111721 0.31427687039653546 -0.8610939459787232,-72.2415913864949 66.88457680030155 737.7682100055443,0.69
13,84,28,707.6001473258851,-0.551984156573603 -0.8318541471223059 0.057724940945392794 -0.7305872529858833 0.4490952888273855 -0.5143497713886804 0.40193999137466896 -0.3260860307778732 -0.8556355204555635,-72.49556779603341 67.21052282948406 737.4157027550698,0.69
13,91,28,686.8938204104611,-0.24993573695821864 0.9672246149344939 0.044818206746500916 -0.852517276138167 -0.24176844482276208 0.46342454938635197 0.45907125947625216 0.07761806073848404 0.8850022685677614,47.24503816241352 34.576398750281356 766.8248892096096,0.69
13,91,28,525.9783240879166,-0.08216875756497943 0.9965774977012435 0.009032516579303707 0.8635668106148676 0.07572022409593093 -0.4985166108238792 -0.49749438075690133 -0.03316230900268727 -0.8668330879569132,-98.84597568101138 32.032077504552184 770.1482961350049,0.69
13,105,28,783.5099536876428,0.8051028205529766 0.5928282168323873 -0.019082810719954157 -0.5105748326826745 0.709052913814137 0.4863715715815852 0.30186551404342415 -0.3818359212266625 0.8735436684518326,-23.529117476199442 75.91203990744708 738.9612891601278,0.69
13,105,28,774.5586286446893,-0.8020005250253402 -0.5964669941645661 -0.031973156418567905 0.5056398126850027 -0.7064242761544047 0.4952707561401146 -0.3179992730918643 0.3810405056316363 0.8681500995686368,-23.637621304519264 75.84341006581532 738.298025874549,0.69
13,112,28,696.6197577657446,-0.9987988553279818 -0.0004587850983256477 -0.04899628671385921 -0.021847748173652065 -0.890880255678354 0.45371251464138734 -0.043857980975574154 0.45423799880536636 0.8898001561845453,-64.28571990519869 63.75891436787111 747.9588450274817,0.69
13,112,28,693.3444326320537,0.9991409505970225 0.0014602050049214738 -0.04141531892213249 0.01748961825721803 0.8911581228919252 0.45335561456428136 0.03756959000701403 -0.45369049781220244 0.8903670356103829,-64.52372907539974 63.84880504990519 748.3523815317424,0.69
13,124,28,425.228163918877,-0.5183414910411982 0.8499445414860588 -0.0944265590988093 -0.7860034801680654 -0.42999919795157315 0.4441837670657198 0.33692822355640867 0.30445848018910115 0.890945792970631,-95.68582819135004 5.000293044159349 785.8021799543043,0.69
13,124,28,422.825044123381,0.5196878905840318 -0.8479598321947676 -0.1043485474960783 0.7851191078162293 0.42583202537571235 0.4497277762227579 -0.336916136333907 -0.31564411787429286 0.8870492139273851,-95.71839971860331 5.061146535470636 783.3767172050597,0.69
13,137,28,515.7172797370755,0.8132596585225056 -0.5803056021346044 -0.0430596789473872 -0.5307987577488072 -0.7094821710457959 -0.4635598426745644 0.2384562991245583 0.3998505434525982 -0.8850187208802314,48.37116958491514 52.28490258442155 770.600340959519,0.69
13,137,28,495.4987842743918,-0.8140179116149165 0.5798330466951322 -0.034183000604549194 0.5269913628874523 0.7125250893724079 -0.4632365491375531 -0.24424361406619316 -0.3950969943888256 -0.8855751927492103,48.09090030823944 52.07754748270583 768.8898549065419,0.69
13,144,28,764.8986937132979,0.9970159517304159 -0.07599636250694142 -0.013555252886073167 -0.06769770459295782 -0.7763742433792653 -0.6266259290917652 0.0370973420602671 0.6256737065779469 -0.7792022844608945,10.595026694458356 60.59259523632635 730.4750971079798,0.69
13,144,28,756.8215615545826,-0.9970085458673609 0.07633860671048101 -0.012098619464756042 0.06707249165721382 0.7767393688749106 -0.6262405557792461 -0.038408857446472586 -0.6251786704337476 -0.7795360092416181,10.609787972970027 60.59980213219357 729.6328367054334,0.69
13,153,28,802.522675135315,-0.7571939376673607 -0.653117100240473 0.009766992027913313 -0.5026420785830321 0.5730606332796052 -0.6472653639913905 0.4171429989793983 -0.49501471085075266 -0.7622021742581292,-50.19418551361053 60.82570094619586 725.2942224736074,0.69
13,153,28,763.0419499265631,0.7560851295518541 0.6544144940001578 0.008771938957498088 0.5016116188495278 -0.5708294393895845 -0.6500304107973172 -0.42038204136917257 0.4958784338612541 -0.7598575643668998,-50.14193624258309 60.84910233926372 725.4399334145139,0.69
13,163,28,677.3078258102565,-0.27314377998519324 0.9608076628138396 0.04734036896357857 -0.7555827978432543 -0.24473941885851364 0.6076160403249382 0.5953882019814973 0.13019697360155658 0.7928187920365132,50.05771273659604 21.319547794903688 782.0640908816531,0.69
13,163,28,611.7830703487358,-0.020899266366499303 0.9975294870539065 0.06706819755526505 0.7874623681459648 0.05775652156451949 -0.6136507174042216 -0.616008311160889 0.03998883187512625 -0.7867240010994784,-98.26090642764977 21.21903483917269 760.8757273582319,0.69
13,172,28,798.4905606174127,-0.4629216836094719 -0.8863454834624026 -0.009756986726011108 0.6816134768155219 -0.36298775257027477 0.6353290168939529 -0.5666626713200965 0.2874570845009399 0.7721799281919929,10.720762444672035 53.6557717181977 740.0764085798878,0.69
13,172,28,786.3820463744419,0.4648771755533093 0.885349340917061 -0.006764331992389794 -0.6833113462270921 0.3636288723718946 0.633134778143535 0.5630051649557901 -0.28970776260789094 0.774012013161187,10.782540866642542 53.89360035741138 740.4724780396846,0.69
13,186,28,720.5288996388855,-0.9894994281577102 0.12583819424514323 -0.07110295735541537 -0.14335036031718826 -0.7915157110073456 0.594098942454427 0.018481230275517777 0.5980531983842723 0.8012432939063178,-71.58912788489731 42.7764826357076 744.0017671573482,0.69
13,186,28,701.959630291484,0.9897274049603375 -0.1255364123123954 -0.06841252118003258 0.14147954459180975 0.7911583266425989 0.5950227227981945 -0.020571882086242367 -0.5985892676684198 0.8007919119843897,-71.87911295907415 42.83358944708767 744.0457688407391,0.69
13,194,28,486.96001935104283,0.6584053760052261 -0.7517782902698691 -0.03649332988820708 0.5877192131329927 0.48322315618662354 0.6489079347945854 -0.4702004757140861 -0.4486923039277035 0.7599912690513599,-86.39129689197158 7.0871618224302155 737.7896546596121,0.69
13,194,28,476.5467619039098,-0.6610419375419573 0.7489211662292858 -0.04626708964849288 -0.5954308529279533 -0.48604232764267785 0.6397069290864201 0.4566022954303507 0.4504219605141988 0.7672251307760201,-86.74374958671042 6.99467725739855 740.4321739162816,0.69
13,213,28,611.7030644993297,0.9430413873679143 -0.33246180167129047 -0.01192024079782368 -0.2698966265224513 -0.7436412372191205 -0.6116808982623344 0.1944961508693656 0.580057635702432 -0.7910147827697696,29.744509611709763 52.42692593936553 745.4809471942502,0.69
13,213,28,606.0341220192818,-0.9438357244418153 0.3301908966094368 -0.01216951369816753 0.26819622387361874 0.7440745079622038 -0.6119018811057347 -0.1929894058422002 -0.5807986728609674 -0.790840053889289,29.90491691366406 52.50657927950041 745.7333996253916,0.69
13,221,28,794.7329009109786,-0.9544507877824338 -0.29776555894379186 0.018956940902549943 -0.20788977390914598 0.6181006261622387 -0.7581117713384036 0.21402227829246123 -0.7275213315393156 -0.6518490442961201,-19.13559921317681 47.878963479666304 717.9802561942224,0.69
13,221,28,780.8729950587335,0.9532908007949598 0.30172483134800004 0.014098768305265935 0.20613193543037295 -0.6157310114243436 -0.7605162370167275 -0.22078558448284885 0.7278993390011943 -0.649165832408169,-18.944382132589077 47.81828016124209 717.5483588291962,0.69
13,231,28,708.8673116766904,-0.40848786640509416 -0.9108993700161083 0.05830952498581221 -0.610763223893616 0.2253021521546542 -0.7590831473386546 0.6783110992302062 -0.34568956874447077 -0.6483770313038327,-82.09104470763093 28.981019668924958 736.5584439144575,0.69
13,231,28,697.417553868642,0.4064462965189851 0.9118956430580453 0.056988983301647866 0.6109573082256669 -0.2248762383144074 -0.7590532556857981 -0.6793618885186665 0.34333222047066303 -0.6485294217034684,-82.0374017326402 28.912518388402987 737.22230867811,0.69
13,238,28,758.8889373088423,-0.08820157225120309 0.9957655525497316 0.02591229452872923 -0.6156835539846531 -0.07494777261027316 0.7844211832514378 0.7830416617302318 0.053233408082581035 0.6196869857102627,42.74546145879895 21.005666399569705 763.5909252531582,0.69
13,238,28,741.3258822492418,0.08708026230701045 -0.9958943707319526 0.024727115904407793 0.6154849105591612 0.07330170996546882 0.7847325558367764 -0.7833232747662507 -0.053115550082306895 0.6193410898276733,42.68532164829515 20.878413728150438 764.4706776719764,0.69
13,244,28,821.1378397313623,0.39760902621193916 0.9173970306982699 -0.017022054540825726 -0.5835469852969648 0.26714435990085394 0.7668812208706032 0.7080819007894618 -0.29498572683972435 0.6415632803825528,13.998382125741907 37.52713126432337 740.8657435281862,0.69
13,244,28,814.9901058951593,-0.39551671884028217 -0.9182312244715354 -0.020443667071293248 0.5826746419124309 -0.2680615038148789 0.7672244077482975 -0.7099695675097895 0.29153807397664266 0.6410528563480177,13.877428028642381 37.262079584732824 740.1675405193314,0.69
13,258,28,660.3120595900477,0.996037325005769 -0.04821339546219186 -0.07473363160825514 0.08799363080347383 0.6562569395798467 0.7493890512886583 0.012913873678104353 -0.7529955496225058 0.6578988783356651,-69.46409380645267 30.878004772444978 738.4256131308607,0.69
13,258,28,659.3040692894283,-0.9958153177930571 0.04592142145478098 -0.07901313751702967 -0.08969865705903068 -0.6566239587032641 0.7488652267121638 -0.017492963457318045 0.7528188360478412 0.657995285941362,-69.31241463604736 30.824050094851263 738.4842340256414,0.69
13,272,28,298.17650202251735,-0.2749130076201447 0.9479100518749015 -0.16090174578222546 -0.7187114742386376 -0.09144168403292668 0.6892693488172432 0.638652217594968 0.3051310406624407 0.7064123392079767,-97.47521093591632 -24.773977342168358 840.2123843712884,0.69
13,272,28,282.38514518363127,0.27461363700299113 -0.9476448293295611 -0.16296204409903675 0.7109438861637526 0.08599432369033091 0.6979711792183282 -0.6474149682378145 -0.30752927297736965 0.6973375116567585,-95.51715834215733 -24.290555237552116 825.7955672735413,0.69
13,286,28,669.0674677500662,-0.9550133310832944 0.29655488529453233 -0.0021765709583672493 0.20052039016763856 0.6403055892618693 -0.7414852159598525 -0.21849739261649792 -0.7085647129006339 -0.6709656750176081,27.400135965651128 38.46639987063371 742.6288990393945,0.69
13,286,28,662.3523799186642,0.9582906522880612 -0.28551354820848496 -0.012690135015937756 -0.20172029202047861 -0.6442595755290862 -0.7377252355221791 0.20245480859810278 0.7095150548991069 -0.6749818051970162,27.45110600548162 37.768301778614294 737.3383367229545,0.69
13,294,28,851.0052488565914,-0.8864393567382671 -0.46246260813903306 0.018804331912896627 -0.24824148670823742 0.44074914097188655 -0.8626217937250533 0.39064233142649973 -0.769329923248659 -0.5054997903974653,-31.477563023713753 28.3292020545787 709.2844036628877,0.69
13,294,28,833.3691151877465,0.887090915902816 0.46101135753652733 0.02319989536683642 0.24875036080896995 -0.4351052832246526 -0.8653361488504928 -0.3888353956626265 0.7734028191908296 -0.5006546857341552,-31.625434283955755 28.48377427589394 709.9849649745931,0.69
13,304,28,661.6904238049104,-0.48081512323719255 0.8764494371876036 0.025557803503742094 -0.45040600131476893 -0.2718888559905978 0.8504180642294494 0.7522973157243376 0.39738247827710826 0.5254863601581866,55.60273362757466 -9.918823793155909 807.5686612299328,0.69
13,304,28,637.2114092054361,0.4749183055978557 -0.879504798018372 0.03039594168180937 0.44308044029126015 0.26881325489164076 0.8552304703563036 -0.7603501341088619 -0.39269675865382947 0.5173557086796388,55.569386217625 -9.646640294101074 806.9974678507714,0.69
13,314,28,808.8530982300415,0.3057631445766496 0.9518516188660584 -0.022077026082854834 -0.4748228163000001 0.17254352085433156 0.863001753493078 0.825258863956962 -0.25339145422301634 0.5047183158824432,20.22805173695118 18.792312502743425 737.8425862039263,0.69
13,314,28,779.8134968928031,-0.307665758205778 -0.951316823227768 -0.018387035418771347 0.4790447808456133 -0.17156676488426115 0.8608605828656153 -0.8221057591163328 0.2560491105842316 0.5085085778989196,20.310428017257006 18.50880576680926 737.9668203992687,0.69
13,329,28,617.8355074858333,0.9971254591821398 -0.021004056188663932 -0.07279868319159728 0.07390341270496847 0.4814669150749067 0.8733429425367859 0.01670641318075806 -0.8762125537287605 0.4816351902080638,-69.23156550544509 16.180641349426768 734.2394673823994,0.69
13,329,28,612.6469593986322,-0.9969872109460385 0.017762168727238944 -0.07550501024531078 -0.0747578021548405 -0.47959837870191924 0.8742978131983793 -0.02068265522163721 0.8773083269344909 0.4794813106518203,-69.14608213551746 16.22713036461993 734.6463729622016,0.69
13,335,28,665.6184609403963,0.8294495074717637 -0.5564863121361319 -0.048337345396456066 0.32388652289097714 0.4086380823712775 0.8532950474047752 -0.4550945339645832 -0.7234209715242245 0.5191830728312569,-87.55932363943624 -2.6037334178281237 752.2425739252739,0.69
13,335,28,637.7820594104194,-0.8305752803045678 0.5548263250870045 -0.048087968738948744 -0.3267072735295129 -0.4155057000477701 0.8488918486183764 0.4510067196504953 0.7207792742707452 0.5263745592368965,-87.69979302740171 -2.8621275810718236 754.6049607238393,0.69
13,362,28,728.651662773488,-0.9984777629337874 -0.05143707721046002 0.019909395138594507 -0.03767881634193662 0.3724959538125979 -0.9272686078975785 0.04027981784728086 -0.9266072476952076 -0.37386701485006946,2.1354925385349635 9.129857744990083 703.0863398338594,0.69
13,362,28,696.1669975304743,0.9982751010128403 0.05508881209243245 0.02029890341983314 0.03938671586832887 -0.3720128465782226 -0.9273915724190486 -0.04353744722546989 0.9265914227765183 -0.3735409293853579,2.153304542583938 9.050968606278257 701.4919917789817,0.69
13,369,28,828.1826898914528,-0.7874248728593995 -0.6159494696259771 0.023839472935360595 -0.251490468480638 0.2857131106055941 -0.9247272909844635 0.5627740344629872 -0.7341486697499036 -0.3798830304695111,-44.84438572297052 7.259567152346304 706.8127385220944,0.69
13,369,28,785.229921838708,0.7910444959051482 0.6110649002428639 0.029125473203858665 0.25293968878856044 -0.28334755181629123 -0.925059824398001 -0.5570189577866413 0.7391304706010253 -0.3787030869895187,-45.14347135831073 7.254934914169282 707.26767646454,0.69
13,378,28,597.6051362217313,-0.4027058349274397 0.9152993952693468 0.007418054661553375 -0.34773670873766205 -0.16048090334268428 0.9237559531925166 0.8467037214467008 0.3694223824863408 0.38290979539106074,53.32269715860993 -15.484147751559046 796.6899070491822,0.69
13,378,28,485.54454041832724,-0.07017812485272246 -0.9971950351101546 0.02602100581863448 -0.38792731969225214 0.003249977059102682 -0.9216842367565481 0.9190143771609567 -0.07477633048480659 -0.3870672744765256,-88.01367290044215 -9.612734841736273 737.4316252511117,0.69
13,392,28,809.0537847598133,0.6900095340662362 0.7229026010661226 -0.03603709574216085 -0.25490295604230934 0.28930039649736805 0.9226753294563358 0.6774299416903476 -0.6274688119407209 0.38389004173475527,-7.985402224752226 5.946715032958119 720.1913893433373,0.69
13,392,28,770.848191005224,-0.6905880534622774 -0.722409862910504 -0.034815662923598 0.2533545292044474 -0.2867209147693973 0.9239061638312588 -0.6774213038772663 0.62921785337308 0.3810318491278618,-7.901869814499086 5.970941611918943 720.2803232812491,0.69
13,399,28,682.0924019189923,0.9780925783844894 0.20372373060531646 -0.042796608480509965 -0.033747864930326776 0.3580429192797637 0.9330950377996171 0.20541662474548167 -0.9112090372367238 0.3570743630342242,-51.589757683713685 3.307808480027383 722.5868331984376,0.69
13,399,28,659.6242063514683,-0.9788453934685798 -0.20014664036949686 -0.04246195984813349 0.03316094332116498 -0.35998428462503673 0.9323688468953963 -0.20189613053100275 0.9112368721533408 0.3590060101235143,-51.2250805395788 3.140017120359771 722.4318848597632,0.69
13,406,28,686.9156174310525,-0.914400847566606 0.40235394548653197 -0.044524066760501 -0.18692207581051962 -0.32210542975680234 0.9280669316896666 0.35906994798250524 0.8569477199179696 0.36974231267632174,-83.54905082434145 -8.795610261999768 754.1067162689999,0.69
13,406,28,683.1374319870458,0.9126759298642626 -0.40645433912516815 -0.04263234983819533 0.18621509498122688 0.32072975067821674 0.9286852886909652 -0.3637947023357214 -0.8555274964816802 0.36841025680109957,-83.3378058841052 -8.737268071534286 752.1020414199655,0.69
13,418,28,21.447956128734255,-0.04161667196150626 -0.9585250278170228 0.28195358423546335 0.5298022365808412 -0.26042794157533444 -0.8071473702867233 0.8470995471187476 0.11578885220611784 0.518666847770323,104.04278755616154 -78.66712491600657 1122.051361836917,0.69
13,418,28,18.23122121578307,0.6340140532115519 0.7727222078826869 0.030439608656564865 -0.2833587929344893 0.19550946898058125 0.9388737092951535 0.7195373338451372 -0.6038844566503071 0.3429133829689281,72.45695496917222 -36.1907664484192 955.2838421337492,0.69
13,431,28,737.1257989104557,-0.9780231441082466 0.2084420285988937 0.004759233362396392 0.0767170162985251 0.3809985696412166 -0.9213873177668547 -0.1938691027442785 -0.900773007280372 -0.38861646948656636,21.92306359850711 5.858744828562493 725.4712010693753,0.69
13,431,28,715.7428049996153,0.9777563227507746 -0.2096789194915622 0.005227240355452412 -0.07568607487944885 -0.37595629857084367 -0.9235412712132864 0.19561234978964173 0.9026026879451232 -0.3834634224069008,21.714903256401136 6.06245524784028 723.6197481107196,0.69
13,441,28,701.3872774224817,-0.7725773830830223 -0.6339109305564782 0.035792726490294524 -0.16285867423782938 0.14336534180710958 -0.9761779709633007 0.6136784494945914 -0.7600021782136879 -0.21399871433343676,-47.41620997420638 -11.018606798052716 696.8560785881562,0.69
13,441,28,653.694167152133,0.7746148121181857 0.6312299559726142 0.038995327026711435 0.16423486855552 -0.1412310054244632 -0.9762585267526971 -0.6107362776171559 0.7626287076878282 -0.21306959757960192,-47.53840851022222 -11.035458635402922 696.8375885287568,0.69
13,450,28,488.4905013156235,-0.4096167574297888 0.9122361942620587 -0.006264017160045321 -0.179350532876972 -0.07379656590476358 0.981013482688903 0.8944537430127127 0.4029630165895375 0.19383835758592438,47.94651753140401 -21.37147866995244 766.5636655158214,0.69
13,450,28,481.8954489910537,0.40125800977169973 -0.915964572432244 -0.0009548000160136128 0.17663879706494656 0.07635751422183745 0.9813094646406456 -0.8987717980474816 -0.3939269374781039 0.19243394441630846,48.24722860196904 -21.296903779863516 768.2803492684087,0.69
13,462,28,711.5134607243853,0.6173054051621175 0.7865390576917894 -0.01703958576217035 -0.17071789980212365 0.15506580031186015 0.9730416210321091 0.7679774967046797 -0.5977548898160137 0.22999925272978447,2.186590706057111 -12.46667536597266 715.0625000935361,0.69
13,462,28,688.8926253977572,-0.6188106909722179 -0.7853553445897162 -0.017038528776113948 0.17151598271998025 -0.15624711813746794 0.9727122420044562 -0.7665869790246151 0.5990023545847748 0.23138838084875823,2.3359982904159717 -12.552839862532805 715.1876116087043,0.69
13,469,28,584.4575757424943,0.946279360192521 0.32108099286644487 -0.03824092694393261 -0.028798526500845217 0.2014817196554422 0.9790688236871125 0.322065237715922 -0.9253713377150731 0.19990465224802273,-42.453392091235166 -12.425852132915255 723.876592274101,0.69
13,469,28,564.7915940161441,-0.945352957064181 -0.32357462716130436 -0.04009048799193762 0.028313422830058443 -0.20396371784937717 0.9785689305760252 -0.32481708184400515 0.9239579332731995 0.2019792090386091,-42.459054972535064 -12.55383074488588 722.9879712570059,0.69
13,478,28,577.1915109260212,-0.8988252090368569 0.43651570355272507 -0.039588939765037995 -0.13288727771197295 -0.18532351953997095 0.9736509459388506 0.41767716602916105 0.8804028814453001 0.22458083471360846,-85.50237795753964 -22.071646020629142 762.5409971797425,0.69
13,478,28,566.997210060368,0.8978820814493238 -0.4386202919122021 -0.03768298468917844 0.13043037345159825 0.1832883625371402 0.9743681510803452 -0.420470790297622 -0.8797827093557298 0.22178074493784325,-85.28065598777467 -21.950347766558917 759.8183607082758,0.69
13,500,28,616.9750883665251,-0.9060688016907434 0.42310643603644627 0.004502264678679119 0.0877674300628517 0.19833880020224925 -0.9761959836807844 -0.4139277773028318 -0.8841055729486543 -0.2168435635620034,34.833644121853105 -13.021231129493668 732.4753862644485,0.69
13,500,28,602.4808852061477,0.9101363142209031 -0.4143050486269635 0.0017933818887910236 -0.0870902907931389 -0.195546367231046 -0.9768197886572054 0.4050520593528147 0.8888829759563126 -0.21405579709293918,35.246400928129994 -12.878248456176857 735.0292251836452,0.69
15,1,28,0.0,-0.9986637313786769 -0.0384396045346981 -0.03454198071961112 -0.0513342477271423 0.8149668778400748 0.577229402433633 0.005962100226124577 0.5782312554911025 -0.815851131355517,-34.07544273201216 126.23843971640186 707.5188329570483,0.69
15,12,28,0.0,0.5418164684384541 0.5342363675989799 -0.6488654853384711 0.8134120947695314 -0.5276933424326526 0.24474578736905422 -0.21164989631824735 -0.6604023318303041 -0.720467266086095,-122.77124214695597 56.495386651238356 730.5912741635493,0.69
15,18,28,0.0,-0.032943338460785676 -0.6190872183948605 -0.7846309657865744 -0.9605200576166023 0.23660338371106027 -0.1463559282457521 0.27625342598284114 0.7488323275851485 -0.602440196032894,-130.00514209269278 -3.8497672666918885 740.984998140465,0.69
15,28,28,0.0,-0.7550222909524804 0.417138202763167 -0.5059022237155941 0.623068480545932 0.21605962229828968 -0.7517339344226149 -0.20427189898527798 -0.8827876071897679 -0.42303549718328937,-74.03707918859669 -87.82353693568888 762.4533324433824,0.69
