scene_id,im_id,obj_id,score,R,t,time
2,3,1,0.0,0.6904704773606162 -0.2301541500828669 0.6857693395690974 0.46501020713516783 -0.584961073886952 -0.6645194122801321 0.554090269859985 0.7777207784524323 -0.2968743229210499,87.93720904171737 318.89711378889393 2323.031123450828,0.69
2,8,1,0.0,0.2088608061703419 0.9512121529230999 0.2270960232528877 -0.2973265043385875 0.28298922956254835 -0.9118739198866208 -0.9316512831868321 0.12293305529025367 0.341925942936965,-106.62656702235897 230.34767179889124 922.986736082652,0.69
2,17,1,0.0,0.2864798087328364 -0.3786974643145568 0.8800667870736418 0.697884907452283 -0.5468608948882246 -0.46249304599352464 0.65641905452136 0.7466802476052083 0.1076226402645325,-272.0984210151106 28.687741695641506 826.0185990787104,0.69
2,27,1,0.0,0.38919604877294456 0.9192530149045444 0.05916358853580039 0.12663497298480492 0.010223884747119272 -0.9918966961321202 -0.912408910103724 0.3935344543614744 -0.11243048516194867,-519.9783090099512 -43.53100074474442 1506.1748046489986,0.69
2,36,1,0.0,-0.8389862232901857 0.5070605432716687 0.19746321831245162 0.10826956696058324 0.5111798837349251 -0.8526270153677493 -0.5332727425993555 -0.693963062361239 -0.48377210551950256,104.04090380513189 -152.23392104664921 943.8378388999977,0.69
2,38,1,0.0,0.7955482446105081 0.5836095691442222 0.16279699413820212 0.5991855756785276 -0.7179519606062795 -0.35429031621029494 -0.08988679767312932 0.37940064979503463 -0.9208558576341769,188.05473116381214 268.5727700707164 1150.7608545420985,0.69
2,41,1,0.0,-0.3020939252953231 -0.5742440512839307 0.7609093440513672 0.3243440960533676 -0.8124970790385877 -0.4844062385117338 0.8964040203250918 0.10046027134534938 0.4317030996254617,732.0741917273563 490.0158344622947 2691.794036061384,0.69
2,47,1,0.0,-0.9784078612463154 0.2039581523907933 0.033453387343358724 -0.16915772409989516 -0.6972051778755253 -0.6966280243579789 -0.11875908987843664 -0.687245234262771 0.7166521238050958,204.16727073796 88.00287721071965 781.5704601245181,0.69
2,58,1,0.0,0.700840560326484 -0.681412275867226 0.21094980279371645 0.016272482895909213 -0.28038070656221437 -0.9597509394046332 0.7131323266418811 0.6760650632040685 -0.18541390188768575,85.28996537623335 -28.5185103062782 911.2852925354764,0.69
2,61,1,0.0,0.6241405188663465 0.7708844276381149 0.127223472418827 0.7669708715333573 -0.6355624692591366 0.0884083134585837 0.14901105639720272 0.04239748688642879 -0.9879261906524721,55.15783642884935 -73.8125429438235 629.6457580988804,0.69
2,62,1,0.0,0.33026852959038366 -0.9339205489065353 0.13680316769842166 -0.3457402235927479 -0.2545608147481724 -0.9031403486639182 0.878286055993287 0.25098047717872984 -0.4069673253750159,-231.05367960846542 -178.16130468108074 1242.9830294655378,0.69
2,65,1,0.0,0.9271672078190846 0.07312119927215457 -0.3674428648946182 -0.34857964135352226 -0.1910809405374192 -0.9175948494827035 -0.13730696405795495 0.978846956566928 -0.1516754206878964,-44.96247047483619 280.63347889794454 829.0070084058201,0.69
2,69,1,0.0,0.9273555124530412 0.19338395291465865 -0.3203348252657808 -0.32390409215072374 -0.013751343382947215 -0.9459899786166762 -0.18734431566229243 0.9810267821574828 0.04988546961553007,-1.3432071669894405 129.07723633240875 1063.1485639928997,0.69
2,72,1,0.0,-0.6142366735074166 0.7700919755597345 0.17225463156922222 -0.36277485461320647 -0.08171472219550024 -0.9282871910335073 -0.700790777464223 -0.6326776852039413 0.32956218361042633,-223.9792602918955 210.2281452669642 750.1819588959924,0.69
2,79,1,0.0,-0.012720750507986711 0.9878092561160201 -0.15514849673145004 0.4949257951038568 -0.1286012829391615 -0.8593661427861916 -0.8688421259626682 -0.08771877540137507 -0.48725637665889426,24.693172594230173 128.35891829694165 953.0079339025532,0.69
2,89,1,0.0,-0.07797748162126494 0.4963818011647759 -0.8645950611890044 0.5820847162641761 -0.6813991544676922 -0.4437032514895151 -0.8093805628081633 -0.5378664330139289 -0.23580246984544895,-64.73029453944062 131.6032800236053 1018.0654849250914,0.69
2,96,1,0.0,-0.001747958027541352 0.9999773914487725 0.006493168259206428 0.1711762899651289 0.00669654439602918 -0.9852176582090508 -0.9852388656546737 -0.0006106426618118221 -0.1711841251957421,162.88191591505077 152.79613674990975 914.2722419517468,0.69
2,97,1,0.0,-0.5044418562110298 0.8510604616910228 -0.14572063768949758 0.7029047135663219 0.3067462805908281 -0.6417411339394882 -0.5014612421200842 -0.42614881190724463 -0.7529500732196167,286.4951920888485 71.51431684113909 861.7216816215309,0.69
2,102,1,0.0,-0.5890744930664957 0.8062624997928839 -0.05414815828983602 0.704110269690882 0.479249868378654 -0.5239735601868449 -0.3965097347282722 -0.3467857336840338 -0.8500115794381519,153.50099282155347 94.65463525967631 905.8574878267083,0.69
2,107,1,0.0,-0.7186902133776 0.6809844102235546 0.1405155159679436 0.5152051618741805 0.6572387296582635 -0.5500917136400003 -0.4669561203940467 -0.3229512119030832 -0.8231977261611395,-9.190386712827937 211.50376334994857 1099.9367548306316,0.69
2,110,1,0.0,-0.4009600207632301 0.9137594619390665 -0.06538124705431775 0.528110752735715 0.17223920313482888 -0.8315243169916295 -0.7485519985909241 -0.3679365470027501 -0.5516272317292054,92.02274705436679 129.95868859279943 958.142418305154,0.69
2,115,1,0.0,-0.019249711436479133 0.9785515345458674 -0.20510081142584502 0.2260994499620862 -0.19556402105806237 -0.9542713201152195 -0.9739140040765684 -0.064742628194487 -0.21748541274765104,-136.09537607355938 40.79285595621626 956.5157008558452,0.69
2,119,1,0.0,0.18159717677225307 0.949687359812 -0.25517912140624 0.7470624268737841 -0.30197628188480075 -0.5922060921102416 -0.6394686823776438 -0.0830917793307171 -0.7643137840349706,212.93426353122598 86.74350716197806 796.5858782683373,0.69
2,124,1,0.0,-0.14887169772569642 0.9814417740102858 0.12086877944205138 0.8576881511519593 0.18898956563244063 -0.4781777697212559 -0.4921465767327881 0.03248058357855668 -0.8699061781023251,79.12476372944262 210.57594328865449 1111.0987709708706,0.69
2,126,1,0.0,0.37882198260642175 0.9250937191485307 0.026372642758736298 0.8480901748384513 -0.33560051024018833 -0.4100187225835068 -0.3704550726290917 0.17769048460304504 -0.911695744667545,176.90164025071599 129.84316701262583 941.0495093078757,0.69
2,136,1,0.0,-0.06159422365640832 0.9345717021356279 0.3504024617200617 0.7370254191670647 0.2793252668056162 -0.6154436829033049 -0.6730525114088624 0.22034774537373006 -0.7060079234646994,-94.87676908530375 146.2244947010879 883.131395831127,0.69
2,153,1,0.0,-0.5755836234613101 0.7859681370974807 -0.22573785652979067 0.2557971375968804 -0.08914511739940889 -0.9626115376625651 -0.7767054247270269 -0.6118065343810583 -0.1497379300252527,91.75123783197654 -8.76328285621132 833.3805139796538,0.69
2,156,1,0.0,-0.2436850291211834 0.9688549877428906 -0.0440183973803176 0.5204263065888614 0.09232843394728574 -0.8489004180085662 -0.8183972543896298 -0.2297726550540018 -0.5267166800063865,-189.08934864874186 77.24329116020313 928.8633270090925,0.69
2,162,1,0.0,0.737759045750876 0.6746637687456584 -0.023246280447892065 0.5550683085409985 -0.6258576066410071 -0.5479064053860161 -0.38420146182203935 0.3913196332302986 -0.8362165876029443,180.66293378706013 182.71630446197648 1043.6431315076795,0.69
2,166,1,0.0,0.9919096821270469 0.09927901142570059 0.0791129597029229 0.12600309809121918 -0.6941734877623812 -0.708693437361477 -0.0154402647009464 0.712928360200481 -0.7010668666024789,173.41766391310546 110.31468262366376 991.1777302307661,0.69
2,175,1,0.0,-0.34189807839138664 0.9276704284205607 0.15011089309670667 0.523737287950438 0.3207300665100742 -0.7891967293690235 -0.7802595447686606 -0.19120617320174915 -0.595512587714941,191.69583025542124 254.7156664469658 1131.5263652937485,0.69
2,176,1,0.0,0.9043362928217287 0.4247028597751934 0.04246587317157734 0.3969505829752825 -0.8003098523604496 -0.44937108817810995 -0.15686332956123133 0.42323943709627027 -0.8923352927713869,125.72180469045833 133.87464652482413 998.9309697708306,0.69
2,178,1,0.0,-0.7249494514698751 0.6088437402112904 -0.3221142542934943 0.6528823867640613 0.4583354922937902 -0.6030532029241458 -0.21952877229827927 -0.6474858118208731 -0.7297734180030642,88.9247332162729 147.6386220198936 976.8716290511309,0.69
2,203,1,0.0,0.12249216911744865 0.9105751813779945 -0.39477652863782964 0.7094134668922976 -0.3585070855753173 -0.6067991451742029 -0.6940664244125009 -0.20573164231766752 -0.6898886068435408,114.68740044855247 162.66505998183453 925.4674458864341,0.69
2,207,1,0.0,-0.09400018847070757 0.8665654985146455 -0.4901308002477864 0.773642965097196 -0.24627827169958894 -0.5838009724591783 -0.626610347124184 -0.43406364702970396 -0.6472620977657986,45.927671761398344 71.4195100604957 814.9540203331773,0.69
2,217,1,0.0,0.17658541162667074 0.9371088261371553 -0.30107248359237715 0.1354529006727917 -0.3261052127036221 -0.9355789127309639 -0.9749205629690895 0.12442844619848131 -0.18451953196522464,-55.25341151981144 173.86664528494134 791.2035956939105,0.69
2,219,1,0.0,0.0013947727691407952 0.9707860534782364 -0.23994268686724546 0.08545826133635642 -0.23918086062305882 -0.9672070106657518 -0.9963407751258047 -0.019156050839449656 -0.08329529121113022,-59.98398886933296 100.01312973407276 712.4821677479409,0.69
2,221,1,0.0,-0.019362321960990858 0.9701876511185428 -0.24158026017322526 0.26096372410236857 -0.22834563423564058 -0.9379532003400519 -0.9651544100251013 -0.08120463621374957 -0.24876248082556762,-128.19251718368142 137.6311030440765 739.6502982597192,0.69
2,224,1,0.0,-0.25381388866847765 0.8338181318479707 0.4902303875939821 0.25190697676615253 0.5463206336636972 -0.7987969956690085 -0.9338743946460483 -0.07925331686974912 -0.34870836925663307,104.8085865426345 71.69452771553122 735.4643858085617,0.69
2,243,1,0.0,0.6548283212885997 0.7549645884330538 -0.035047679673040844 0.45173850397316584 -0.4281563428769515 -0.7826969209613134 -0.6059143451565083 0.49669972444762245 -0.6214154729866449,245.39070498975929 -113.11712257637622 934.6113014038583,0.69
2,248,1,0.0,0.3689955021385684 0.888189138515115 0.27379257408717894 0.4558129864299596 0.08378951248019711 -0.8861229254455232 -0.8099857040734157 0.4517735846882911 -0.3739301905096516,269.1932144675228 126.95424674165184 829.4223261409892,0.69
2,249,1,0.0,0.6533342771983259 0.7551704486694085 -0.05359025745585547 0.5384695503535354 -0.5132798298626559 -0.6682771577708042 -0.5321699592985328 0.4077516520047555 -0.7419795985790921,178.55350974384734 77.10970650012011 872.8011542074393,0.69
2,254,1,0.0,0.8407514190344699 0.5357072973109452 0.07845217013778819 0.49493890981521294 -0.7017194343986999 -0.512469814660432 -0.21948240690874168 0.46968875544872424 -0.8551139959459055,182.86992007435208 -101.66556278891704 876.9838065608917,0.69
2,263,1,0.0,-0.6598265012914956 0.7404286712075595 -0.1280405054942837 0.36866885598719923 0.17051702513220013 -0.9137872940488689 -0.6547612258056471 -0.6501456198374884 -0.38548464325782683,130.7688419851531 59.82224553622334 829.0871235039467,0.69
2,266,1,0.0,0.4048025451239339 0.9137969461786456 0.03331727203369855 0.7931000732113954 -0.3327339059702774 -0.5101768533458197 -0.45511226453839393 0.23294481958683805 -0.859423956900429,202.95125016186992 83.79212542194841 755.3878539219477,0.69
2,268,1,0.0,0.23991028473399778 0.9707942958237834 0.001220850054886119 0.9093372178668337 -0.2242818332427582 -0.35043327964032467 -0.33992481445322353 0.08518271229112165 -0.9365869025593244,149.37236685961022 101.44519047225147 767.3436284767059,0.69
2,277,1,0.0,-0.31289516935005035 0.9385425988227589 -0.14572029094269895 0.6388723499842224 0.09444818014157152 -0.7634930659106093 -0.7028077499736611 -0.3319899568706358 -0.6291612949903966,54.385299842433895 128.27134538745932 622.6073692256598,0.69
2,283,1,0.0,0.3382222179163673 0.7208589329126337 -0.6049529982963905 0.3687991338358728 -0.6929489616916751 -0.6195231516031822 -0.8657903500210912 -0.013569647397356888 -0.500222884802233,135.36357868995893 13.531314916434233 667.1826809094157,0.69
2,307,1,0.0,0.08884814784762607 0.9960168909046895 0.007507306880797426 0.9153967647723552 -0.07868090215928769 -0.3947886506470343 -0.39262548270374886 0.04194840483208781 -0.9187412920206055,87.72973306311911 59.90668024570688 771.1830781343828,0.69
2,310,1,0.0,0.15194718126891782 0.9868428222898051 -0.055256657513124585 0.8613990930897002 -0.15963179583506892 -0.48219217349798715 -0.48466860485147245 0.02566970692397838 -0.8743211135605523,149.78270345224726 -3.600421303671866 769.1680643815055,0.69
2,322,1,0.0,-0.15210170082692998 0.9769426167619292 -0.14982722102444967 0.532624956145488 -0.04667656112506824 -0.8450632844542204 -0.8325717558844835 -0.2083372798994264 -0.513244434073606,138.48832200143187 71.34245265444416 718.9288131048478,0.69
2,326,1,0.0,-0.03358580063922234 0.8458145578632393 -0.5324187522073541 0.47925272611493075 -0.4538470408576593 -0.7512254575133578 -0.8770341033887051 -0.2803936468812366 -0.39011611640870547,127.63789158622063 -73.79347789443061 624.5466984811317,0.69
2,338,1,0.0,-0.8825227616965472 0.46583403536320406 0.0644377729653377 0.2581092446331353 0.5943472336184964 -0.7616633007602198 -0.39310710108367614 -0.6555532147638923 -0.6447610330117,-144.66821452033022 24.59480871524956 651.3647636343087,0.69
2,342,1,0.0,-0.996376741127395 0.08355698337908056 -0.015862542953138426 0.07745996796653855 0.8145273744358702 -0.5749305259396404 -0.03511898493656852 -0.5740761158794161 -0.8180484521553893,-220.29001554910988 -11.433444142993112 733.9204050919848,0.69
2,356,1,0.0,-0.9072681472433471 0.4200033707203644 -0.021486683810127166 0.08696582769792507 0.13738118752655415 -0.9866931408125874 -0.41146257887010695 -0.8970638650047864 -0.16116751624392267,33.211963760925755 61.21995952700423 539.2312886877909,0.69
2,362,1,0.0,-0.5401139471433356 0.8411329130679113 -0.027791125474436018 0.18242022945887076 0.08477215902975221 -0.9795593605992481 -0.8215837047954513 -0.5341433362004289 -0.19922628442867862,100.99798570906549 49.24696840780226 564.6151778349695,0.69
2,365,1,0.0,-0.09923252716969466 0.8835396896738812 -0.4577231939966529 0.41252499206198157 -0.38207375050465997 -0.8269478702430794 -0.9055252820743207 -0.2708823839718716 -0.3265680596413827,102.524294977426 -97.76276708108465 629.4580483577636,0.69
2,368,1,0.0,0.5598716046321641 0.8097088941625223 -0.17582745246607923 0.6451267232966627 -0.5591485485987472 -0.5207344923167908 -0.5199570147763345 0.17811346752567556 -0.8354162408469582,216.01921418300034 -145.45787236195437 744.1350003194782,0.69
2,387,1,0.0,-0.5770024931646837 0.6023859485300979 -0.5515426473947718 0.7003050799216678 0.01739662020393029 -0.7136316645450835 -0.42028670918510574 -0.7980153674077803 -0.4318918330593666,-271.53114203110437 70.47418292572331 720.37459116039,0.69
2,389,1,0.0,-0.971920915241652 -0.10285966780801423 -0.21163559070783522 0.22637515201586586 -0.16326824663179962 -0.960259220310626 0.0642185725909803 -0.9812050592919926 0.18196869663261928,-88.05782265685629 44.90567486788967 475.3113348359077,0.69
2,402,1,0.0,-0.4081376112109131 0.9099410499969911 0.07369515483003691 0.823250540650811 0.4017372483867345 -0.40108070332141776 -0.3945658850346758 -0.10302654409922332 -0.9130735422613963,279.84958847886196 78.319780453451 958.5421309988874,0.69
2,415,1,0.0,0.017123433030103108 0.9879396919800023 -0.1538894182577905 0.6735347360054891 -0.12514852176147895 -0.7284839098394229 -0.7389572027088438 -0.09117572325665607 -0.6675546719582945,368.3427618605704 8.005715937500065 925.5838103065005,0.69
2,417,1,0.0,-0.2444868178451658 0.9586968154640881 -0.1453499636015122 0.5302126473199352 0.006672303157608028 -0.8478384451017535 -0.8118501983259786 -0.28435171247873514 -0.5099444666711073,370.57847976709775 51.35281050793709 954.5892318516202,0.69
2,425,1,0.0,0.9184988640862971 0.3830078462343526 -0.09830984892218934 0.27679579288713707 -0.8003097805278379 -0.5318724886958013 -0.28238966998132614 0.4613125241248135 -0.8410985848124054,195.5355648441167 -144.15529449778387 886.4211141833393,0.69
2,428,1,0.0,-0.510328852924385 0.8238978767161944 -0.24648884480930955 0.35619875250606614 -0.05837293098589058 -0.9325851433736432 -0.7827431958094581 -0.5637241254999317 -0.2636820049668416,243.60936651458064 39.88122254417179 969.2515618113686,0.69
2,434,1,0.0,-0.35996753649717095 0.6023958794561477 0.7124202250655243 -0.07201921581843856 0.7433886591049887 -0.6649710776169019 -0.9301809529446703 -0.29067594659403984 -0.22421170542726762,88.36765525647795 -21.32907775794981 276.0549758182842,0.69
2,435,1,0.0,-0.7934291685460396 -0.049395635407069344 0.606654947810592 -0.5250688017025817 0.5596630488061204 -0.6411552271327534 -0.3078520878262076 -0.8272468452667376 -0.46998909457270943,83.05901973106032 -31.544142815622436 270.86008289290794,0.69
2,438,1,0.0,-0.4399053296213416 0.787314057454531 -0.4319952267157849 -0.0525988620395646 -0.502802804234805 -0.862799339224225 -0.8965024599424598 -0.35682757038673446 0.26259745682130753,290.13771277749737 -144.59862316678158 1100.4789867540055,0.69
2,442,1,0.0,-0.604575816485261 0.7445103892712424 -0.283182560176935 0.29737002784489674 -0.11885164558547778 -0.9473359239895582 -0.7389581508182351 -0.6569463955368107 -0.14954024451794656,221.92921328367203 108.7540340956592 898.3972371785852,0.69
2,446,1,0.0,0.12935746173339946 0.9907218729685403 -0.04167514265841765 0.6029207398125789 -0.11195049015327363 -0.7899073801771281 -0.7872440718085748 0.07705360586078486 -0.6118083958447336,184.83950894657872 -30.56807019806562 980.2525052644314,0.69
2,453,1,0.0,0.4055682156891611 0.8732585217818823 0.27006291222237755 0.8063367998236434 -0.20264557868865551 -0.5556579295646787 -0.4305059670583854 0.4431188594195257 -0.786327087638384,72.44993346132902 65.91495462104321 1030.1549146472814,0.69
2,473,1,0.0,0.18849300716153394 0.9356742786936041 -0.29830191156344543 0.5281408932421088 -0.35266277761300213 -0.7724611072226935 -0.8279719700186893 -0.011941921013213064 -0.56064231679912,30.284105225416855 -44.79976119085687 1006.2971238641687,0.69
2,474,1,0.0,0.24753527773550177 0.9312059707925583 -0.2675476148962954 0.7226615784642386 -0.36138539962623195 -0.5892035607059444 -0.645357675469954 -0.0474977146532064 -0.7624024119943089,208.62224193511972 -30.437724566226997 872.4315855016306,0.69
2,476,1,0.0,0.17853217359175622 0.9680761982004418 -0.17593958471697646 0.6895236445468949 -0.2506560880512614 -0.6795061950663921 -0.7019141020120414 -7.856998500144208e-07 -0.712261604606069,364.5402648026338 -151.4046190566093 1003.8776759576957,0.69
2,477,1,0.0,0.5173881472191051 0.8533714185224801 0.06377089591743129 0.6208053168166356 -0.32300568022957865 -0.7143305181438238 -0.5889908859476336 0.409175454528198 -0.6968968242733384,284.96626897526664 -286.3962693073845 1323.2975517804311,0.69
2,480,1,0.0,-0.9928323326209321 0.10834786822123 -0.05044500722959588 0.09993269040437418 0.5210725816608061 -0.8476419185185956 -0.06555468473741984 -0.8466074084800209 -0.5281652006860357,272.06145755879714 -251.08245009494513 1280.0935947506878,0.69
2,491,1,0.0,0.6657867151871213 0.744818636379236 0.044421264981079706 0.5183659184665759 -0.4188987401772888 -0.7455337819644283 -0.5366794429197442 0.5193929575764924 -0.6649858127564054,54.56452918372191 -58.480010076986076 1064.2580930816882,0.69
2,494,1,0.0,0.34720956154483223 0.1327052763581365 0.9283505964874241 0.6432747674330168 0.6866240354932909 -0.3387403245362244 -0.6823804612940232 0.7147983936115268 0.15303647452335434,-254.27260518686273 94.68833744455576 677.271842953108,0.69
2,499,1,0.0,-0.49877340192228903 0.6981907749240337 0.513570574844241 -0.5981508720030688 0.15153500289450383 -0.7869260938739617 -0.6272484578353583 -0.6996904920811344 0.34204179194131357,-337.4589107699434 272.4943362830348 1077.8009648899306,0.69
2,501,1,0.0,0.17287391385875506 0.9669084575013438 -0.1876236784617758 0.017639181322160413 -0.19350045520239073 -0.9809416053561758 -0.9847860017229326 0.16626968650009444 -0.050506654628084624,390.9553433315591 -79.09108474130622 1114.2384483022201,0.69
2,503,1,0.0,0.8169583387098098 -0.5726643652655197 0.06807787869452936 0.14551976463699723 0.09047638793874754 -0.9852096331875517 0.5580350086800114 0.8147819020944174 0.15724942323233726,-287.02269572811014 113.03201672035695 935.1805300550592,0.69
2,521,1,0.0,0.5332143767566284 0.8404546755526869 0.09653168786293964 0.09816364432743235 0.051867917110202055 -0.9938176986283784 -0.8402656290438147 0.5393937870575418 -0.05484537474870066,269.3007943484445 -156.29300103991932 1442.401806482124,0.69
2,527,1,0.0,0.22255983850017957 -0.13748022365225682 0.96517682648896 0.6408826546775184 -0.7254061840048746 -0.25110812639375696 0.7346676399708043 0.6744516708497443 -0.07333759245923877,-36.91574272183963 -83.95757303960316 1157.4486865784372,0.69
2,529,1,0.0,0.9354071658247092 0.19914071381606557 -0.29215819383445846 -0.35354558335667363 0.5369791433653234 -0.7659366292844552 0.004353689558809992 0.8197538506719388 0.5726994584385026,-215.49126823606554 84.4976349399648 556.6849898091798,0.69
2,532,1,0.0,0.20872583497184127 0.971598766595458 -0.1114870511112952 0.8266159377942861 -0.23619213309228893 -0.510802669971279 -0.5226276085319073 0.014460740489318363 -0.8524384258025445,250.15790194686895 -260.7965061670191 1145.367763160789,0.69
2,535,1,0.0,0.44111155380646994 0.8967641693202768 0.03513718431740448 -0.14102871985569915 0.10793034240408084 -0.9841046394385102 -0.8863021478447992 0.4291445744872599 0.1740788238524265,286.04018199951605 -166.0842953341333 1343.8725785426,0.69
2,540,1,0.0,-0.1532483451038995 0.9808354683892222 0.12031927805888398 0.6834777682518718 0.19314280153659147 -0.7039559634806976 -0.7137037796091293 -0.025644534784075523 -0.6999780516611586,183.7367142759132 12.490805416385601 932.4814190023817,0.69
2,543,1,0.0,0.9224694292423016 0.3406415556934521 -0.18169612722379833 -0.17328293425781105 -0.05524141324718716 -0.9833216213210489 -0.34499735768319306 0.9385689728502631 0.008068853352036075,310.28751575832445 57.563326542715885 1175.6637801134234,0.69
2,549,1,0.0,-0.29282280177672004 0.9496761050518554 -0.11122096139293612 0.9101685989637767 0.2412001003506229 -0.33677237572456137 -0.2929981710180925 -0.19984445722708127 -0.9349942591779191,334.48960909061645 -1.0715654441451348 844.2545385063111,0.69
2,560,1,0.0,-0.5517481780017934 0.8053992261243135 -0.21657801049519831 0.46344426329243116 0.0801792951664978 -0.8824911871786254 -0.6933926469851242 -0.587284741147734 -0.41749643102905964,294.6395962682823 78.24512760616189 880.3017676780335,0.69
2,563,1,0.0,0.21064690974521033 -0.9771001939100521 -0.030051463786837096 0.6113271008005272 0.15565616308621222 -0.7759190258784099 0.7628283261924764 0.14507367078218192 0.630116318471572,160.70550196411563 -64.08487628333795 1022.119629246413,0.69
2,571,1,0.0,-0.5085713364458219 0.8559267757659658 -0.0935123001138839 0.3432359093730494 0.10193320344761247 -0.933701629296942 -0.7896482167791977 -0.5069506648203417 -0.34562511074232893,216.5504314138143 105.95791303483975 829.1804606174728,0.69
2,575,1,0.0,-0.5202138156867271 0.8238935974500661 -0.22489314362479923 0.23808969047304207 -0.11298239031599644 -0.9646493035134247 -0.8201773498817846 -0.5553686339354005 -0.13738557122791517,78.22951417696335 72.63131632043506 885.6408206753778,0.69
2,589,1,0.0,-0.23867173463302005 0.9710330168780813 -0.011431676163937227 0.8706857636773752 0.20876442581469656 -0.4453355088512547 -0.4300489553723055 -0.11624239608211773 -0.8952907914952979,173.47541222957145 9.635438451090774 781.6351405666521,0.69
2,603,1,0.0,-0.8594114444680943 0.5026329772949764 -0.09365927211361211 0.20763850341989012 0.17571285911459145 -0.9622947797007548 -0.4672239516707294 -0.846454417719799 -0.25537560123830183,103.3999124245934 -16.921838403053002 803.2823197543893,0.69
2,607,1,0.0,-0.9971352422564245 -0.05158813859089201 -0.05531701914373774 0.020741267813236444 0.516808720207924 -0.8558496050864006 0.07274000590954974 -0.8545451484115836 -0.5142581850262604,57.44229210661503 -15.71678373756633 471.8278181606626,0.69
2,611,1,0.0,-0.21983731774369053 0.8774330986338853 -0.42635983763600227 -0.5933727449518328 -0.4671764821926918 -0.655480678612565 -0.7743257320246995 0.10889119297629213 0.6233477110061549,-548.1633897144656 91.9862898743806 1101.1683259776144,0.69
2,615,1,0.0,-0.01688598222961224 0.9949379704924812 0.09906209404431027 0.8213382200268686 0.0703033107414226 -0.5660927245795428 -0.5701915396840227 0.07180445230692517 -0.8183677221773022,98.0940547495729 -124.76531990781154 894.212932122358,0.69
2,625,1,0.0,0.603857629132111 0.7795589014465522 0.1662644968548338 0.23201004768719946 0.02765829891319299 -0.9723200894116155 -0.7625793739087949 0.6257179377935984 -0.16416382309204744,21.02115954487322 -88.63566518312255 1017.4305968682653,0.69
2,642,1,0.0,-0.049510280880226354 0.9972601220204889 0.05496345253749002 0.814929879627694 0.07215187077753826 -0.5750507793519575 -0.5774409263094826 0.01632043415419071 -0.8162693305838861,182.88845909930825 -160.57383686386595 976.0885289187868,0.69
2,648,1,0.0,0.9417239679953107 -0.33591456170539646 0.017815031221941946 -0.030745444577144593 -0.13869026934303597 -0.989858437771437 0.3349786347529064 0.9316256847166826 -0.14093579330763129,142.4636195992862 -80.98059559956704 738.3793795962094,0.69
2,650,1,0.0,0.5136127612159705 -0.7729096013374412 0.3725757368328003 0.47663817242919526 -0.10405023174668881 -0.8729201577789443 0.7134549629089865 0.625926750853371 0.31495669300187745,40.274759784805916 48.03559827237928 319.89564753206866,0.69
2,652,1,0.0,-0.47437899833574226 0.8801944970556372 0.01490682028306628 0.7052537786595796 0.39012048482824635 -0.5919654677460153 -0.5268602031130865 -0.2703028943062722 -0.8058254598269341,191.06743596228742 -36.30772030924242 733.0166236045733,0.69
2,667,1,0.0,-0.8587977889561353 0.5096827837625219 -0.051863451679768274 0.21749857126929037 0.2710640219767676 -0.9376666078546231 -0.46385421112658953 -0.8165462362449932 -0.3436444600081089,108.96648399792238 16.621634425407052 718.5682393954955,0.69
2,669,1,0.0,-0.8454439030944622 0.5332574159451505 -0.029345102826577624 0.3392642201951236 0.49382099244779776 -0.8006501210349419 -0.41246138681796185 -0.6868605067678395 -0.5984131086689449,90.55423649228096 -17.055118908130662 664.0864716304902,0.69
2,679,1,0.0,0.29604015216921875 0.9543926949309263 -0.0386628008052875 0.5532745647060608 -0.20433265501912712 -0.8075490215102443 -0.7786189596670149 0.21767579092613398 -0.5885318731315555,20.02359353730348 -143.52696497052685 843.7087924237314,0.69
2,691,1,0.0,-0.20365565092298654 0.9786532696060403 -0.027607131986903025 0.9516404181573256 0.19125217353937074 -0.24042279560353222 -0.230010631007538 -0.07523552356350241 -0.9702755926115219,165.51160937734366 -90.49109201624317 680.7844458576184,0.69
2,695,1,0.0,-0.2785376371358378 0.9399897064708724 0.19706886214617275 0.8157674075965107 0.339845356553638 -0.4680049896445533 -0.5068928105645734 0.03040535080760151 -0.8614726886211856,179.15932711860728 -113.12819561691346 793.6753691645671,0.69
2,703,1,0.0,0.22188232782064643 0.9657043401216571 -0.13484568984986406 0.5069993901594637 -0.2323898740524778 -0.8300280506198601 -0.8328984637870469 0.11580187350845478 -0.5411747177327383,259.6995111086087 167.26258469705908 972.1990189814468,0.69
2,708,1,0.0,0.19992301114686561 0.9785037504708527 -0.050608299007622676 0.894214794015322 -0.20332725454480227 -0.3987955989268286 -0.4005130357155742 0.03447372729700224 -0.9156423266473361,224.35213858613602 139.31305227843302 964.7134821069079,0.69
2,711,1,0.0,-0.17934618348409803 0.9836190013263366 0.018127512225034448 0.3460516059679514 0.08032388856679262 -0.9347707520737432 -0.9209143458958007 -0.16137451209930903 -0.35478871792662736,102.29823524823556 259.3149862467675 916.7475652405377,0.69
2,727,1,0.0,0.227968307647475 0.9734208908526776 -0.02195950727875673 0.07627687217070411 -0.040338476631446685 -0.9962703679598768 -0.9706762021808304 0.22544306721350688 -0.08344539511061067,206.79840557351747 216.83638739202075 922.6940970671329,0.69
2,736,1,0.0,0.1471262530550831 0.9874538791324674 -0.05734720785019798 0.2869926295016534 -0.09810088060064315 -0.9528963468484413 -0.946567005696743 0.12373784308618196 -0.29782520026801146,-45.86922234298033 208.6970052326162 874.7116231416518,0.69
2,737,1,0.0,0.04155707006576692 0.9842864310388717 -0.1716194382938861 0.16366013092163806 -0.17615375099582958 -0.9706622572021699 -0.9856410966849247 0.012250619692870834 -0.16840887994069514,-1.826952537548464 179.11154096868978 842.710539424358,0.69
2,739,1,0.0,0.20736223020934708 0.9661631790309688 -0.15339366664689447 0.19240266224107777 -0.1940182727686217 -0.9619449700447666 -0.9591569845677776 0.16995770449336317 -0.22612442954752804,-13.09574673981211 73.68261181936623 889.076544172385,0.69
2,740,1,0.0,0.2493646737171883 0.9520980541456652 -0.17699309250351536 0.1982171323766284 -0.2290783020493894 -0.9530126441776913 -0.9479067612029709 0.20256462381720686 -0.24584618208035536,62.22693220075303 189.36639666536223 909.0978909525161,0.69
2,750,1,0.0,0.7409520079407549 0.6714929833893859 -0.00934318935829348 0.39720611173271586 -0.4494263460848722 -0.8001520257094759 -0.5414955463627936 0.5891630781911086 -0.599724470540962,221.3277523932012 38.916596954880816 896.2074853152521,0.69
2,754,1,0.0,0.744257831078257 0.6630089747388115 -0.08061873414087889 0.45482796308228174 -0.5915184846461008 -0.6657607725905776 -0.4890928387096977 0.4588300139896803 -0.7417972859111304,287.3265276779477 -52.79146775565685 1005.9866787451148,0.69
2,756,1,0.0,0.7213697925510308 0.685696319763455 -0.09719145774056631 0.3462843963504635 -0.47866068642133364 -0.8068277784749684 -0.5997605682595994 0.5483653019087835 -0.5827372962351139,243.5391043221117 -21.479486703969055 986.4005014022628,0.69
2,757,1,0.0,0.5553156694103475 0.828889687454102 -0.06757509407747353 0.4580274626095008 -0.37265129505049704 -0.8070575294194894 -0.6941436096391299 0.41722044332634123 -0.5865933436953839,267.33303524727864 -40.696300500045304 973.6777579798946,0.69
2,758,1,0.0,0.6333817669022769 0.761166084714967 -0.13947662469187355 0.39519285895077344 -0.4731286300696102 -0.787382945994367 -0.6653195785410679 0.44359383549384657 -0.6004784488404178,242.62672058841795 -67.77849527497493 1005.4671859294277,0.69
2,761,1,0.0,0.6575982294716863 0.517291331825694 0.5476990474829248 0.32723481200172017 0.4587084962725849 -0.8261379383986326 -0.6785882009067813 0.722493040426926 0.13237016327237106,-277.13052821409036 31.347523986619226 1024.0492499263228,0.69
2,762,1,0.0,0.347923480915559 0.9319981618196809 0.10163010278621709 0.39513337127960396 -0.04746906261435535 -0.9173964829863528 -0.8501875500904584 0.3593412228777138 -0.38477917720678934,-230.91988618799206 -103.43078631026363 913.9926116467522,0.69
2,764,1,0.0,0.8661109074109229 0.49679652072442515 0.055182543072369694 0.36876977655413967 -0.5605488696326872 -0.741480826895562 -0.33743258284291106 0.6625542858888035 -0.668701032066154,-174.42591707059287 257.9491071211093 810.7149258138862,0.69
2,768,1,0.0,0.8305959732331918 0.5565688962277537 -0.018476823336988496 0.4657341652142189 -0.7124631731475889 -0.5248694259153256 -0.3052900532297458 0.4273491437458238 -0.8509821929621619,-183.8992893768519 185.64828343401757 890.7816927554873,0.69
2,769,1,0.0,0.7926716322112328 0.6063747226454105 0.06309817132280057 0.5480748291075407 -0.6634582909197503 -0.509349661734043 -0.2669937549575271 0.4383295471977054 -0.8582432888564492,-203.11913074420417 141.87077893867271 886.543173045209,0.69
2,770,1,0.0,0.9414750371831037 0.33106192522135 0.06342520027407993 0.27958598893163417 -0.6618302665505941 -0.6955662247914929 -0.1882987762949988 0.6725910346906974 -0.7156569505702457,-227.0479827137737 327.82453651390216 897.8580470440248,0.69
2,773,1,0.0,0.1081157536968107 0.9599386807048091 0.25851250083754257 0.9529631704410022 -0.026009810532106936 -0.30196802072258677 -0.2831469222605169 0.27900039254953357 -0.9175982788625984,-331.00188107609057 103.80482670117121 900.7908493962254,0.69
2,775,1,0.0,-0.2064898364300809 0.9593274056822843 0.1924912365744907 0.7972272437859727 0.2790141753704529 -0.5353314970256913 -0.5672659598605401 0.04291874473052948 -0.8224155349543537,-157.3137257216354 217.97667371788836 933.755287765493,0.69
2,785,1,0.0,0.8893235605443999 0.45023016627484364 0.07997750956836314 0.2818659818992982 -0.4020073729305432 -0.8711725663480385 -0.3600766208858546 0.7972972278175874 -0.48441919615743423,2.6435509539278326 196.99074586739286 808.5308091492107,0.69
2,788,1,0.0,-0.7460620024931459 0.6612431203920069 -0.0784157137961457 0.6647894666245745 0.7329350756563933 -0.14443386007986975 -0.038032269205647444 -0.15988655542852748 -0.9864024715562454,-364.17628382301547 93.26972002717932 801.0121095313134,0.69
2,791,1,0.0,0.7324397346711369 0.6807118854227663 0.012781397382802984 0.2699697997261008 -0.2731484297885014 -0.9233126461496804 -0.625018673569617 0.6797214608560324 -0.3838364148188884,-226.300725868009 51.79439574589847 807.4606963163939,0.69
2,794,1,0.0,-0.7646426093323919 -0.5918450279017275 0.25503165086191626 -0.21469657430043534 -0.13918526600668324 -0.9667123888263284 0.6076405689032034 -0.7939439052443517 -0.020640115027273365,-388.0822081657634 -6.473293448406503 1801.9930974759402,0.69
2,801,1,0.0,0.9872678890353382 -0.07871299751102412 0.13822582719063856 0.08012637015995866 -0.5045867647557628 -0.8596347838694649 0.1374113535509204 0.8597653522072997 -0.4918553233006246,-497.1832249632355 111.31756841654476 1284.94620404431,0.69
2,803,1,0.0,0.706355608957916 0.3881007736287235 0.5919793435606329 0.28329067056921065 0.6114114340501537 -0.7388656537430748 -0.6486972711998551 0.6896041239881913 0.3219285674126186,-264.50544777378786 103.31253174046299 751.0641820206092,0.69
2,804,1,0.0,-0.7117914677203444 0.13056077352553624 0.6901498322081456 -0.689993585737442 0.05381976575792258 -0.7218118068132091 -0.13138401014470952 -0.98997844281084 0.05177764622034198,-219.13326082098212 52.15285084874596 917.2051786200079,0.69
2,808,1,0.0,0.17443176752399836 0.969002974460711 -0.1749479750232859 0.3988838031836589 -0.23197795130951204 -0.8871741326616673 -0.9002584462454066 0.08496743842517679 -0.4269839158226805,-116.65513078794064 -51.85483138538393 981.3782521806247,0.69
2,809,1,0.0,-0.21431915001651436 0.9762652002423177 0.03120193474812366 0.6541824206109194 0.1671873718743616 -0.7376271031146986 -0.725336240994366 -0.1376758565674145 -0.6744869872863315,-478.6038054265685 31.150955106811548 924.7226806261638,0.69
2,819,1,0.0,-0.12062772636646946 0.9835438964217759 0.13450039198131478 0.8871279618164506 0.16760739825408932 -0.4300136502645997 -0.44548056185993845 0.06744748966393257 -0.8927473915632502,-326.35502929140296 282.3293128827509 879.3498062636996,0.69
2,821,1,0.0,0.03916961659529672 0.9921597465127507 0.11867930963538498 0.808352704881113 0.038355734772002714 -0.5874476505370396 -0.5873939441696395 0.1189448401985303 -0.8005126353424913,-250.57533358426483 160.6563413881568 861.9709165285212,0.69
2,828,1,0.0,-0.3152515688875518 0.9296473367022474 -0.19071517421630368 0.4457157603468743 -0.03237687372019726 -0.8945888435625127 -0.8378268969735602 -0.367025295327889 -0.40415160929672284,-362.1397391418652 77.9264454459246 935.8972325150784,0.69
2,837,1,0.0,0.4318375081133169 0.8994607607606151 0.06698288168194255 0.7429668542357675 -0.31263006843969743 -0.5918299534616325 -0.5113869572970055 0.305340433220571 -0.8032749216471188,-158.7105278695347 197.5709187333758 700.1242307879997,0.69
2,840,1,0.0,0.09558900015271332 0.9779754271493954 -0.1855446225083382 0.6046013225072202 -0.2051180292881507 -0.7696647548663416 -0.7907717647161694 -0.03860903978218738 -0.6108922639670377,-243.4963857806415 101.45757377459611 728.9433927291487,0.69
2,844,1,0.0,0.213186051593395 0.9728304756038862 -0.0902916006189648 0.6252398800121738 -0.20685880258280054 -0.7525187892912526 -0.7507508240743933 0.10397259990173552 -0.6523518211987247,25.159317814597916 -100.06104165616173 855.3381601840872,0.69
2,850,1,0.0,0.17433822136696564 0.9824333279511386 -0.06656531154778311 0.34522049363437257 -0.12429122886165977 -0.9302550731938519 -0.9221870717730991 0.1391993051667611 -0.36082483020940775,-139.27761398529938 -101.44343190196328 897.7410084868337,0.69
2,856,1,0.0,0.08949584076780781 0.9903715894272509 0.10561538401485082 0.6268491347130909 0.026395762368613074 -0.778693409525488 -0.7739836282472083 0.13589473346793424 -0.6184512629310142,-54.48147387252267 -114.72489745064313 907.0729918270847,0.69
2,867,1,0.0,0.6969773386703154 0.4551295054530925 -0.5541477444202649 0.1346530037805175 -0.8420884857794978 -0.5222600412538531 -0.704337389290763 0.28938575532257266 -0.6482011467619108,-81.056853500909 67.4352899134953 858.7966849657874,0.69
2,871,1,0.0,0.6986064202836648 0.5926167387734183 -0.4009419789246335 0.07468382172564986 -0.6176961332188005 -0.782862576560531 -0.7115977770558972 0.5169689429086626 -0.47578536732123794,-237.66398513066162 11.874414150741867 756.689809701251,0.69
2,877,1,0.0,-0.17805116158658446 0.9768178375182739 0.11884736498463616 0.23210497083261356 0.15905953704019782 -0.9595974917596177 -0.9562557536414928 -0.14327238388008096 -0.25504501101738714,-186.1420907853728 -5.89913457955028 970.0212324910258,0.69
2,883,1,0.0,0.3275278879879955 0.9317523367850951 -0.1567260842541464 0.108228042931372 -0.20178107378311605 -0.9734326319710973 -0.9386224871125601 0.30186417667296556 -0.16693066083911745,-168.54866421672529 34.88061826642058 886.3250596266496,0.69
2,886,1,0.0,0.3093323397802157 0.9417443823047642 -0.1320265956673704 0.20113355559554807 -0.20048735447626465 -0.9588274680611737 -0.9294400445319696 0.27004136552114905 -0.2514336185315788,-210.40251513916098 -22.725359799251567 923.6341666513235,0.69
2,902,1,0.0,-0.21537582941069144 0.9692846134726245 0.11874590599629709 0.4731190704465136 0.20994804348569163 -0.8556168325929291 -0.8542667014963672 -0.12809823231315354 -0.5038047693231593,-73.09353967900752 -133.20327514837118 773.6367582761507,0.69
2,903,1,0.0,-0.41546209724644306 0.9008391304104519 -0.12601629606097764 0.21918138965271478 -0.035311510881828156 -0.9750449300566346 -0.8828084527129836 -0.4327146384403737 -0.18277657808900105,-101.31928108659234 51.36917135308181 882.1665698237122,0.69
2,904,1,0.0,-0.4059389993962671 0.9093422342283111 -0.09116046192193705 0.29376436853486787 0.03537925665186392 -0.9552229080052843 -0.865399343972751 -0.41454192700790227 -0.281494167264807,16.043323154508247 1.3583186241091407 901.333453344223,0.69
2,907,1,0.0,-0.984170670649412 0.1625035605884624 0.0707155133585165 0.06217193100559718 0.6902420409320784 -0.7209026119559793 -0.1659600615465114 -0.7050946870640779 -0.689419132491613,-359.1669965805682 43.61813356180359 761.5837803971931,0.69
2,909,1,0.0,-0.9931914406108473 -0.11602953762119582 -0.01038791108747885 -0.04582428068374049 0.47111120043699295 -0.8808827232513036 0.10710227633980349 -0.8744091623617781 -0.47322058194948124,-382.6954394297027 -32.68044050854184 920.9926239606208,0.69
2,918,1,0.0,-0.6629637659988697 0.7092840563461376 0.2395728957661215 0.457717407458567 0.6372451650738884 -0.620010785792764 -0.5924304346351595 -0.3013880007616786 -0.7471221139244069,-350.73278606756156 193.2080241070842 717.9910699846278,0.69
2,956,1,0.0,-0.5766019314875773 0.8104440355164229 0.10349240503848703 0.5596015739192979 0.4840415407445543 -0.6727182659187146 -0.595295129386962 -0.32997613872747367 -0.7326250451620304,-457.1224828344538 -113.87735182981247 1206.2884674137358,0.69
2,968,1,0.0,-0.4933020234423355 0.8558419766460732 0.15552371098401668 0.25757832250882556 0.31449419833849834 -0.9136447925670923 -0.8308468700315583 -0.4106432882952891 -0.3755869650783892,-75.8153374728823 7.808186301660025 171.17656434715784,0.69
