scene_id,im_id,obj_id,score,R,t,time
2,3,8,0.0,0.4313593747484249 0.902138656096337 0.008656500063139283 0.7947316470273723 -0.3754261594383346 -0.476924321064194 -0.4270019894916278 0.21260537148923897 -0.8789017334060245,103.2516983826526 -80.23566312091286 1017.6161123339978,0.69
2,8,8,0.0,0.430228156233073 0.8982372233794476 0.0898533478501028 0.8561632770688956 -0.3744603647456646 -0.3560391526689072 -0.2861611024981217 0.23010720495048478 -0.9301411170607045,-68.72375295034573 29.692736655876548 992.3266905107698,0.69
2,17,8,0.0,0.2790536201609718 0.9345593804850291 0.22074383665800068 0.4704849627863502 0.06733405350830834 -0.8798352260679646 -0.8371218411121418 0.3493778607547685 -0.4209063239575277,35.665800085886815 -43.996463491933355 1243.3955315656076,0.69
2,27,8,0.0,0.2752025936589978 0.956497870869011 0.09682641925843155 0.4641401057601363 -0.04398675295098131 -0.8846689368287997 -0.8419248747176498 0.2884042104198174 -0.4560542914432356,208.65849396796895 43.28613418358289 1048.8873457907923,0.69
2,36,8,0.0,0.39999833199651413 0.9134543041806085 0.07485030777443069 0.7931901149511309 -0.30410169535790343 -0.5276093255660487 -0.45918490387186983 0.2704133743999534 -0.8461830954360955,106.12200368766476 19.077783408159526 998.8485012443556,0.69
2,38,8,0.0,0.6719936855699846 0.7384070002711383 0.056387840042407725 0.6989697438246678 -0.6072585974445068 -0.3777278028520127 -0.2446748531658849 0.29324409249004457 -0.9241980948086524,135.73811088506855 18.065377796024816 1030.2202889714788,0.69
2,39,8,0.0,0.7075523235226112 0.7037936626415043 0.0635939454933449 0.6363178955192891 -0.5953937786849948 -0.49051583475470667 -0.3073584964168998 0.3875315841694195 -0.8691087538113299,170.20395270940946 53.3697035196193 1018.3207657691972,0.69
2,41,8,0.0,0.7173360666420098 0.6962747542769009 0.02510844581431959 0.5567127025771917 -0.551138893470068 -0.6215439541124892 -0.41892712287910966 0.4598340860149779 -0.7829768062050122,211.746113535049 -13.7892424560384 1016.2305216164258,0.69
2,47,8,0.0,0.7561791178841317 0.6519247993532884 -0.05645527135840003 0.45601774957129804 -0.5868807493883244 -0.669043195969683 -0.4692983632529575 0.48017188795844085 -0.741076247266448,185.1695083573286 -97.5874933192074 982.3179553746209,0.69
2,58,8,0.0,0.8227984344906317 0.49534411050081767 -0.2786340761499183 0.11880813761461634 -0.6293465892089707 -0.7679892558412398 -0.5557763602712076 0.5987963617484566 -0.576676299600131,100.57741686135319 -53.56707186044524 1111.5884895136305,0.69
2,61,8,0.0,0.7732324742601204 0.6202400425519393 -0.131961473031867 0.17811196656358497 -0.4121536583358545 -0.893535387820328 -0.6085948308328161 0.6674066612909555 -0.4291627667308008,211.85332379522993 -132.00864171634706 1038.0354520661085,0.69
2,62,8,0.0,0.9600358401041688 0.25303092003333255 -0.11960994616907297 0.09726583353440937 -0.7023661036526299 -0.7051391451810628 -0.26243197850555455 0.6653248905210961 -0.6989078957278646,-23.495182792743933 -173.70391004000075 1138.9970282576344,0.69
2,64,8,0.0,-0.42955892985429933 0.8365653256781899 -0.3400552626491366 0.4668241337624267 -0.11663465377667515 -0.8766251112507304 -0.7730163995151649 -0.5353081480898076 -0.34042742643516777,25.588140232878853 -19.839201536776862 510.7893751852528,0.69
2,65,8,0.0,0.11019220174737078 -0.9922831666864993 0.05684888551836165 0.7389206029397941 0.04353492465296531 -0.6723846019106563 0.6647210100675003 0.11609835246924777 0.7380156850154124,439.72889992809206 31.53265552576562 1222.767156825153,0.69
2,69,8,0.0,0.9118155946107876 0.4039056609717575 -0.07384130591710555 0.0664374602013511 -0.3225994690649713 -0.9442010625078711 -0.40518932032639976 0.8560314244196684 -0.3209856929825127,111.64016544347193 83.4451067095797 1233.7911019412236,0.69
2,72,8,0.0,0.6379199565278042 0.735429802344185 -0.228475676796365 0.05552009812229225 -0.339829877310457 -0.9388467250790465 -0.7680987226705009 0.5862240700544056 -0.25761539534894307,25.990430443372112 -20.7712447939771 1230.5456839920746,0.69
2,79,8,0.0,-0.3470631595331125 0.9347392565979538 0.07622129275732331 0.61299641088821 0.28760757178826324 -0.7358785802618741 -0.7097764179888382 -0.20867296620492848 -0.6728098019813407,256.3229460725783 -29.86763491135113 1042.6241787297831,0.69
2,89,8,0.0,-0.7852106328327254 -0.619163358428383 -0.008999870338877558 0.18418546813600803 -0.24740718222589397 0.9512441324447488 -0.5912021442907243 0.7452693618838285 0.30830764314775005,74.66527525080978 -212.92539925366935 696.5354779365562,0.69
2,96,8,0.0,-0.6205042925845612 0.7792674418654975 0.08784461811936334 -0.4177033946364501 -0.23362480878546116 -0.8780337822824033 -0.6637004572797274 -0.5815167261294899 0.470467852502507,78.79343360766481 126.9032344789934 250.95088729894343,0.69
2,97,8,0.0,-0.17277749709337187 0.9664919519444208 -0.1898453142029415 0.8211904155370786 0.034920326659044654 -0.5695848244257096 -0.5438696883704685 -0.2543105928047226 -0.7997073742683133,323.10265477535216 -144.67531944835528 904.2091910785053,0.69
2,102,8,0.0,-0.39705425374786474 0.9112575961933443 -0.10935041362817977 0.8862057852838171 0.34966751239168714 -0.3039275191674851 -0.23871997342120138 -0.21758268349695692 -0.94639872682292,280.83137686811517 -164.19619973612083 1072.8559103027662,0.69
2,107,8,0.0,-0.4311045470620348 0.9019653225803477 -0.024646021280677638 0.8285050418587283 0.3848789431176588 -0.4067524981598777 -0.35739091359057373 -0.19577220437836418 -0.9132058797860049,112.33941313290754 -28.159382266001472 965.911401091305,0.69
2,110,8,0.0,-0.22882058311156184 0.9646666763930463 -0.13061142446692137 0.6548130081673067 0.05324642253720613 -0.7539129544064566 -0.7203201129215866 -0.2580368615988474 -0.6438601657012568,224.45204933479317 -29.372533518950043 1001.5529711000362,0.69
2,115,8,0.0,-0.10006056593064006 -0.9738206352543021 -0.20411088530146487 0.17359232295885574 0.18490806114873448 -0.967302803847877 0.9797211789868527 -0.13222094869998346 0.15054578097538318,328.46534140820893 -251.69989404978864 2009.7689268687052,0.69
2,119,8,0.0,0.4403411254463231 0.8819981397725102 -0.16786594258067136 0.6698568849674628 -0.4472313436497956 -0.5926853118805001 -0.5978222536024843 0.1485375598797489 -0.7877468796527327,319.96314963529096 -148.75921915806373 913.7476261260502,0.69
2,124,8,0.0,0.3889886253081467 0.9141343801506254 -0.11421989497241959 0.8957460987895116 -0.4042720181431484 -0.18494069819765596 -0.21523655796413665 -0.030372197370257592 -0.9760895213773443,174.4302750333852 -50.30533620040234 912.7366450157489,0.69
2,126,8,0.0,0.5734681218968465 0.8171918459925259 -0.057721746434340526 0.7563093834808697 -0.5551877905777824 -0.3460673831093405 -0.31484985251209724 0.15480311378227496 -0.9364323607909023,237.60489121009488 -121.91257680082107 928.3347847408469,0.69
2,136,8,0.0,0.2177214039142309 0.8564656341647032 0.46804274139491703 0.8230571118440904 0.09662559616338062 -0.5596789122424892 -0.5245706634196017 0.5070799854667152 -0.6838826707985771,62.56877413923299 8.794717111180912 1051.0783051469725,0.69
2,153,8,0.0,-0.19002322793477344 0.7916921472113643 -0.5806158083355195 0.6087397387287319 -0.3689798574099593 -0.7023459228316211 -0.7702772899013215 -0.48690595485122756 -0.41181972729908156,433.5857648388414 -150.82485760117498 935.7995897805612,0.69
2,156,8,0.0,-0.090479490135976 0.8879150454866748 -0.4510214339287326 0.7796110106333575 -0.21865262763854787 -0.5868540708949659 -0.619693580702567 -0.4047195330412838 -0.6724447677028027,180.15532845026266 -50.39409591114822 1193.9577436932955,0.69
2,162,8,0.0,0.9363727767154811 0.33663117574511425 0.09942572374693637 0.3281847683121156 -0.7391615164020701 -0.5881624014828859 -0.124502132006095 0.5833692691483281 -0.8026079459731772,146.51047235314027 -130.0499241892387 1088.7895458875525,0.69
2,166,8,0.0,0.9941576009289983 -0.10608507045920423 0.01991537950338467 -0.06316699310062088 -0.7214193415742719 -0.6896115316503706 0.08752482789314284 0.6843245512388181 -0.7239055967970313,18.712740861447205 -168.64636813420574 1104.4803663225114,0.69
2,175,8,0.0,0.9768716341454629 0.09850715059145754 0.18978448747019555 0.15684930460773078 -0.9333477192292099 -0.32289368320501916 0.1453275818488844 0.3451932448527692 -0.9272116897785381,81.4187950643807 -99.6816810137428 973.6016741958232,0.69
2,176,8,0.0,0.9755626179017254 0.19322936880221458 0.10459440513254273 0.2196914407599343 -0.8499334764040394 -0.4789037027885341 -0.003639973840157261 0.49017904557420855 -0.87161416571233,57.32433877004147 -190.325375826301 1022.8404441558001,0.69
2,178,8,0.0,-0.5399653809968021 0.761992374691682 -0.35749826326390705 0.8219559075896411 0.38595101552698385 -0.41884400388710324 -0.18117911939146808 -0.5200090715799309 -0.8347243210612174,367.93653209038706 153.69181733798473 868.9003887090851,0.69
2,203,8,0.0,0.43445778297840276 0.8928412195218579 -0.11866335378798633 0.8428914598025744 -0.44946874455235475 -0.29582399270920423 -0.31745932306576924 0.02850270852483494 -0.9478434331709916,309.5954190983591 -92.49890113390896 853.3996624629576,0.69
2,207,8,0.0,-0.04487677090423703 0.8690380376193357 -0.49270575864702715 0.7687483972006809 -0.28492683380149286 -0.5725754109121701 -0.6379749032952571 -0.4044620977923525 -0.6552850022813103,278.3638352331646 -142.76668862359892 792.8038658907952,0.69
2,217,8,0.0,0.45196688112968386 0.8670560910064786 -0.20961792244574767 0.19350020176858918 -0.3246886521672 -0.925815829995017 -0.8707948152563965 0.3778769828957728 -0.31452404601264794,159.68816632757645 -0.31343674579938074 877.2968396778272,0.69
2,219,8,0.0,-0.02578213659252182 -0.8978207502531379 -0.43960571180049196 0.31968890521549104 0.40925406638617234 -0.8545818351851995 0.9471717295796183 -0.16257001433620882 0.2764718884875632,249.7498347991603 94.9174634688254 1652.0084921730606,0.69
2,221,8,0.0,0.6420310179416734 0.5356952456337684 0.5484767778184917 0.003518318764384798 0.713327117416758 -0.7008224061707578 -0.7666705899105891 0.4518794389693727 0.45609338868577576,360.6056091697745 -137.15930613715534 2795.853829207995,0.69
2,224,8,0.0,0.47555918978301936 0.8536040884193278 0.21261118796226763 0.5161572903414943 -0.07505075015853235 -0.8531992947301164 -0.7123377770694495 0.5154875800001879 -0.4762850472409409,298.6939763835303 -33.93228158406659 1018.6655953784651,0.69
2,243,8,0.0,0.9433771937555342 0.31648610156524193 -0.09937815563779437 0.15886513104981465 -0.694035281093683 -0.7021943454156676 -0.29120669710440983 0.6466464073303493 -0.7050156618460987,109.74051022080323 -269.3054820478682 993.9518380408816,0.69
2,248,8,0.0,0.8880233487559056 -0.24868990938155913 0.38674004322818506 0.3151859856494176 -0.28315609648740286 -0.9058037422489607 0.3347720515732335 0.9262699142225275 -0.17306565081390288,277.1192501782503 -34.978131575663085 1420.8846918395607,0.69
2,249,8,0.0,0.9369134418563928 0.345561805329303 -0.05272799224663334 0.21996023885604127 -0.7000378213597247 -0.6793854149069756 -0.2716812393066577 0.6249272656585589 -0.7318847018795485,70.83129115736615 -93.83169218786156 984.9228120707742,0.69
2,254,8,0.0,0.9949571841411168 -0.04300141061643868 0.09061501206188054 0.023996604801133224 -0.7751438642104255 -0.6313288784262505 0.09738770294034331 0.630319655779451 -0.7702030685826158,26.12720515043005 -266.5175663897028 986.7921487557173,0.69
2,258,8,0.0,0.25985600250084606 -0.9456167666103568 -0.19566243550987011 -0.002144554229735973 0.2020574403103246 -0.9793713247294895 0.96564499628561 0.25491512611183637 0.050477912278050735,308.3752287008227 -0.04927813108086592 968.7838381639172,0.69
2,263,8,0.0,-0.29187791658004236 0.9497285612195894 -0.11323842906302883 0.4349085975856419 0.02633964996026461 -0.9000892925627219 -0.8518578482111814 -0.31196455382581456 -0.4207330788008905,195.01804404883674 -25.574485277437002 872.4643523812412,0.69
2,266,8,0.0,0.849945623151794 0.5259492274079389 -0.031142380674917897 0.45083422669071366 -0.7566011918394835 -0.47360652080736754 -0.2726553460493586 0.3884997383474865 -0.8801857846924359,193.31548914947868 -196.88930807783882 833.0258526714265,0.69
2,268,8,0.0,0.7352981635448023 0.6741936672979864 -0.0692784935094008 0.6301867840901335 -0.7177368066831249 -0.2961730802933412 -0.24940173986116365 0.17411713099980275 -0.9526184949110645,187.2407725009489 -187.5255790993242 783.5041315007301,0.69
2,277,8,0.0,0.44967665472067153 0.8892783906214837 -0.08351556844618879 0.60805403432465 -0.373273954880114 -0.7006688561293959 -0.6542638592653148 0.2642924489686045 -0.7085818963799696,242.16921401771364 -78.31692764236854 857.5138477341762,0.69
2,283,8,0.0,0.7505697014444394 -0.6260657204753609 -0.21139261320886132 -0.42759507363179733 -0.21626559049789754 -0.8777195721712107 0.5037931880041868 0.7491801572467484 -0.4300250175377189,93.45403343925787 -197.34786635321186 1125.438191120805,0.69
2,307,8,0.0,0.9935215419690775 -0.10683370466121783 0.03874926053161106 -0.08837821109219637 -0.9406933641437872 -0.3275443274733777 0.07144394619231334 0.3219977549676454 -0.9440408933665246,-89.82094188708878 -198.2214353638497 792.6077180851972,0.69
2,310,8,0.0,0.9904610609184948 -0.12901138909535081 -0.04840401107239219 -0.13572032706376413 -0.8526929092489114 -0.5044747717560637 0.02380923404717524 0.5062320258540699 -0.8620685914553268,-28.936476194218443 -254.25344984622828 851.8200446374356,0.69
2,322,8,0.0,0.9832243038110327 0.12920685398007933 -0.12874609617336177 -0.04877897257721367 -0.4938748637417576 -0.8681637119797002 -0.17575716266946703 0.8598797635999064 -0.4792871914851759,33.206016404391136 -105.11496908514364 983.0228969375299,0.69
2,326,8,0.0,0.8710167958825393 0.3330738010440626 -0.3610977490217503 -0.12751648924066575 -0.5565658676897323 -0.8209591828431609 -0.47441467753669886 0.7611151542183584 -0.4423058170055131,-36.726816596509316 -204.62198786352235 1004.1156904530675,0.69
2,338,8,0.0,0.6259945176194378 0.7739388540832904 -0.09565309221687557 0.6000406259715246 -0.5563791139292318 -0.5747986854256224 -0.4980784186191044 0.3024250844813737 -0.8126850295054819,137.25433902417407 -214.2750237851325 846.3322528291161,0.69
2,342,8,0.0,0.12965435458211694 0.9914696847127725 -0.013327138982166808 0.8752394480081692 -0.12075074675636033 -0.4683750268835183 -0.4659889022157608 0.049062424046684455 -0.8834292397008453,118.55713412583695 -113.23527711636943 664.0183899087026,0.69
2,356,8,0.0,-0.9704793342806517 -0.08443476195542383 -0.22592174022814598 0.08548027756550668 0.7554992960359999 -0.6495490249676555 0.22552823300311403 -0.649685758396041 -0.7259789469783914,283.08386194790387 -76.47043199638043 1217.839850818508,0.69
2,362,8,0.0,0.636281284965062 -0.33742323317364953 -0.693751892334609 -0.696063402950168 -0.6388412476671305 -0.3276852138143196 -0.33262872016204803 0.6913952718913727 -0.6413506938716234,119.30572103781574 -22.126023730886704 739.2540820702379,0.69
2,365,8,0.0,0.8460537754888215 -0.5029174132554664 -0.17682501074661738 -0.37664649991638366 -0.32918128405148794 -0.8658967007276048 0.37726704478638007 0.7991956942292946 -0.46792715164169246,-55.8149654883031 -304.08690678894425 1176.6191719438389,0.69
2,368,8,0.0,0.9846844256319977 -0.07300681987302862 -0.1583243069456162 -0.1468744020540089 -0.8366531773941235 -0.5276735456488176 -0.09393876696582668 0.5428457101316585 -0.8345621864502343,-19.55068611735273 -254.25923458310075 808.1151007600181,0.69
2,387,8,0.0,0.22805395181811877 -0.8041701893348201 -0.548909556890148 -0.17229453947954582 0.5215372101476059 -0.8356515602193195 0.9582828323233544 0.2851477599713021 -0.019615510640263747,6.050663074735345 -188.1048224954088 757.5902236684212,0.69
2,389,8,0.0,-0.21785910411673515 0.9366605569505561 -0.27423422799958314 0.4056850091583356 -0.16864981296772663 -0.8983189377554899 -0.8876694678187678 -0.30695967428804827 -0.3432472494621345,185.70240345189055 -102.10327518771253 659.3052455955736,0.69
2,402,8,0.0,0.11959893716137027 0.9893039215273804 -0.0835095508335302 0.9404826321298105 -0.13984242001401048 -0.30973620425582993 -0.3181014191921421 -0.041495161346502496 -0.9471481608981632,-10.537305104586434 163.89489558108917 929.6498893946298,0.69
2,415,8,0.0,-0.0931312673832626 0.9620003543234406 -0.2566746682420412 0.7123586779579121 -0.11572706224640528 -0.692208321968085 -0.6956088563076542 -0.24731066565231538 -0.67451149262334,58.9102758882243 33.27647930058029 923.5677269537374,0.69
2,417,8,0.0,-0.3785228967272053 0.9046692840558097 -0.19568828053614828 0.6439910942841307 0.10555141812834945 -0.7577165489903347 -0.6648277123706362 -0.41283457294301706 -0.6225525907479492,55.02875697499604 20.90083827327412 1013.0092937608625,0.69
2,425,8,0.0,-0.4586003746129267 0.6356932736253538 -0.6209506890827681 0.5656210861682305 -0.3301286922025749 -0.7557035354333661 -0.6853892932390719 -0.6977887276619612 -0.20816437798323417,-40.82329290706166 27.463062738800954 1392.0905942276872,0.69
2,428,8,0.0,-0.6086795137627072 0.7208965641809839 -0.33138707469912954 0.5214793251940604 0.048709138779586936 -0.8518724864640822 -0.5979703696009874 -0.6913288389409217 -0.40558090873197605,-37.303809638071606 9.656127439286097 1080.3727867347334,0.69
2,434,8,0.0,-0.6025945541206855 0.7424578483584315 -0.2926365437792419 0.5165660473935015 0.08337346547686375 -0.8521786103479905 -0.608308574676 -0.6646842924767709 -0.4337689123373266,29.808486464709254 -24.519045488704048 1093.178252581064,0.69
2,435,8,0.0,-0.5973732596086878 0.7400741164865603 -0.30892635175900507 0.5038679158380654 0.04667430029659003 -0.8625187725961845 -0.6239088972706637 -0.6709037276677343 -0.400781581547909,34.46413846141577 -12.274198016322364 1048.0898152102068,0.69
2,438,8,0.0,-0.27443661139955244 0.9236207438440511 -0.2675990804627179 0.5710585978710478 -0.06735926134359849 -0.818141068342616 -0.7736773385081686 -0.37734261812337855 -0.5089557195146847,-126.88118582248467 25.44902414909183 1094.171398668992,0.69
2,442,8,0.0,-0.5974504846079038 0.7744416340774993 -0.20806987732286847 0.3622615808047736 0.029171112074768968 -0.9316198759650569 -0.7154155893706868 -0.6319724690425161 -0.2979787456475692,-70.3100105298677 113.67888399125847 1088.4577400221733,0.69
2,446,8,0.0,0.5669323566304548 0.823428051937241 -0.023536063568039167 0.6143173331147644 -0.44164897937064296 -0.6538810237769809 -0.5488186560606353 0.35624769796268085 -0.7562312215560056,-135.586528307908 -17.744538952357136 895.7702354805468,0.69
2,453,8,0.0,0.3341780772185535 0.9357773238232506 0.11245360343139355 0.8918443702172235 -0.27536297538289334 -0.3588716359649003 -0.30485838026590983 0.22021814640595577 -0.9265880076793412,-217.75996787261698 38.710054886718126 958.2316738509444,0.69
2,473,8,0.0,0.37754503316427346 0.8644330378100601 -0.3319868537690304 0.4219933299366613 -0.47974447177251056 -0.769263850244299 -0.8242459447409836 0.1503355079353717 -0.54591011863846,-306.02469439896885 21.038228041332488 1147.852745985144,0.69
2,474,8,0.0,0.32049827605886416 0.9006399433268736 -0.2934766558475509 0.6366941897913184 -0.43421843255661075 -0.6372400344564493 -0.7013568020125508 0.0173794508614612 -0.7125984780775788,-120.01981483291082 -16.83935039902498 926.1742358456245,0.69
2,476,8,0.0,0.6026144905104744 0.7926794088867848 -0.09227746503724002 0.6296810975677842 -0.5433354591795856 -0.5552371512821703 -0.4902626757082701 0.2764885775669701 -0.8265570611169935,27.259667806480987 -92.36862311759299 896.4257510726088,0.69
2,477,8,0.0,0.8050444653246406 0.590757374024994 -0.05393638739530282 0.4024688111689763 -0.6107188067246504 -0.6819394365697365 -0.4358007169411195 0.5272838553833336 -0.7294172132364947,-82.08245199697706 -132.14119595887877 959.0738903932867,0.69
2,480,8,0.0,0.7643994840407277 0.6317331596799927 -0.1288667674732424 0.26368136729698544 -0.4887030591112649 -0.8316498401104181 -0.5883583647222687 0.6017329432364699 -0.5401406295450412,-148.2243668448835 -169.91820049640228 990.3162626501597,0.69
2,491,8,0.0,0.7282952678133662 0.6425949978124437 0.23802872025678545 0.6393766489446182 -0.5122453056561831 -0.5734128073365244 -0.24654310711315391 0.5698038395971275 -0.7839260683989039,-243.07239001504072 -41.16034143411143 945.2672866680417,0.69
2,494,8,0.0,0.12000128305032276 0.9833573020769386 0.13641154100090064 0.2301431270113889 0.10610680448440668 -0.9673548920285291 -0.9657296894865022 0.14747800681481954 -0.21357997179097116,-118.85779303026123 80.48758629314558 1079.9185928669801,0.69
2,499,8,0.0,0.18196828987240593 0.9832963237188128 -0.003985127598982785 0.06673833172067717 -0.016393802927168688 -0.9976358244894408 -0.9810369700271511 0.18127212413014093 -0.06860670851523043,-149.6207668776273 207.7525328206774 1305.8431338286318,0.69
2,501,8,0.0,-0.09972023414714282 -0.9780632548369464 -0.18288833871900478 -0.11152955161111955 0.19363325491806282 -0.974713969176219 0.9887451815402499 -0.07680125082051042 -0.12839210977837945,-60.16080750152187 -94.84536755897882 916.8061693314478,0.69
2,503,8,0.0,0.478823046499566 0.8684494901041191 0.12854560777704493 0.31265560012909394 -0.031866290429457544 -0.9493318783450714 -0.8203505140175085 0.49475248627183366 -0.2867839107743819,-116.74765311973088 -40.27294888171158 1085.4535888345542,0.69
2,521,8,0.0,0.33407205332982415 0.9238379708692863 0.18686697611968575 0.6942261580769722 -0.1070743759316104 -0.7117479325298691 -0.6375311009085615 0.3675030361765411 -0.6771230418286927,-125.588645426814 -254.62726359117278 1037.244365922313,0.69
2,527,8,0.0,0.648506828657883 0.7608825534248875 0.022285265933302933 0.26872606396702575 -0.20145008852444746 -0.9419151577388921 -0.7121974415349193 0.6168270436087536 -0.3351107317648895,-96.17837612854707 -31.39630902767066 891.8448435474927,0.69
2,529,8,0.0,0.5629625436598795 0.826155741908095 -0.023234985437559474 0.20279871296927665 -0.16533636930420148 -0.9651614201797074 -0.8012152372827188 0.5386377030041527 -0.2606215041941219,-94.72741888803111 -4.441411527674827 956.3867022119608,0.69
2,532,8,0.0,0.7838647047797775 0.6209282675987198 0.0020520958468711603 0.5790691924119664 -0.7298205711210579 -0.36337419331576887 -0.224131646582684 0.28602451025285464 -0.9316410169881688,-63.897084535761316 -78.8171452167793 889.8709376441578,0.69
2,535,8,0.0,0.8603895766266577 0.5038371369826313 -0.07666756699769262 0.4753383143001085 -0.847607988966068 -0.23582659731088274 -0.18380223989530659 0.16645971415944188 -0.9687661741470049,-30.94747098051714 86.93814933350443 961.6934710335623,0.69
2,540,8,0.0,0.0980265319119008 0.9641461504623136 0.24660291885950317 0.7679144785762692 0.08433476112015514 -0.6349763788203014 -0.6330072295276427 0.25161448411311294 -0.7321147442513574,-117.70106568181434 -140.5693639652357 879.9477648198484,0.69
2,543,8,0.0,0.5457664871789056 0.807770845603117 0.22281203393448637 0.47970847994222177 -0.08317669455818716 -0.8734766234730595 -0.6870361822669315 0.5835990905373305 -0.432889576890089,-63.20074049382426 -30.560239127335535 893.9443263997007,0.69
2,549,8,0.0,0.15946590642017688 0.9754271687270897 -0.15202783692023286 0.9290768177470241 -0.20034900882505824 -0.3109285149160164 -0.33374674742183486 -0.0916630414718514 -0.9381956061576262,2.967349468599692 -63.96524171275572 834.9527721202405,0.69
2,560,8,0.0,-0.3221954814665504 0.9462708283635592 -0.027596940241285284 0.45302556104824765 0.12852260437721574 -0.8821846638890398 -0.8312387820352574 -0.2967380318601594 -0.47009427531964354,-2.9756096127726486 -55.986127543690415 1022.9642872962845,0.69
2,563,8,0.0,0.22350667385966905 0.9521192679078796 -0.20859929630454477 0.4289212788906647 -0.2882539671921625 -0.856116923622455 -0.8752549932762362 0.10187516908718908 -0.4728108994814654,-240.82202212092892 -47.98080460263756 1052.9820689467892,0.69
2,571,8,0.0,0.7715323922678003 -0.6305215871478416 -0.08473662621376846 -0.2652621176098182 -0.19776380238624724 -0.9436765798868214 0.5782506175030685 0.7505544661157513 -0.31983467096457785,-27.037562751345348 -20.941891863933204 1210.6901897174364,0.69
2,575,8,0.0,-0.553663807809981 0.8320890334639018 -0.03292762230197982 0.23830259070197346 0.12042860506901643 -0.9636954012268908 -0.7979149473384239 -0.5414100031124656 -0.2649659324209054,-215.41868024448212 38.78452755473837 1231.0093767175167,0.69
2,589,8,0.0,0.044746943408030315 0.998451655365278 -0.03304546797935334 0.9109672954001273 -0.05435883349875559 -0.4088810388511941 -0.41004426318022746 -0.011807163884291871 -0.9119891957221828,-142.83478537812582 -88.03251358618992 755.673453295144,0.69
2,603,8,0.0,-0.8516820603561 0.5236227598899543 0.021374596904169735 0.26033778672712427 0.45813773148891745 -0.8499023801521037 -0.4548207392694521 -0.7182819949792809 -0.52650647747105,-79.85148528375301 -161.29853298202298 1095.064802100486,0.69
2,607,8,0.0,0.021593376788512586 0.9931468962443983 -0.11486064843534677 0.3117104607914665 -0.11584854702699954 -0.9430883854575377 -0.9499317421331079 -0.015438802798534268 -0.3120758379883115,-322.2555534106584 -23.500857037456313 971.7454562484068,0.69
2,611,8,0.0,-0.054063666335356975 0.9886251639597281 -0.1403474444654395 0.30032337775481 -0.11794628710063948 -0.9465170585536824 -0.9523040421820756 -0.09332180101548615 -0.29053063986248545,-325.1771671190336 -60.48978488774366 942.1130488817039,0.69
2,615,8,0.0,0.6025706059254726 0.7752400254282757 0.18950347714112176 0.719617789027316 -0.4251347067348632 -0.5490088513356586 -0.3450491306901767 0.46718666944105786 -0.8140501909013504,-205.53477102645243 -88.73112563612698 693.9857890776233,0.69
2,625,8,0.0,0.8579713413945431 0.5078812187699175 0.07708336374621783 0.252175047572774 -0.2856798982410759 -0.924551102493874 -0.44754097323856024 0.8126768505142445 -0.37318013600797484,-215.31768925715102 -65.26125940661578 695.3093064973262,0.69
2,642,8,0.0,0.7131111016918908 0.6779146679204888 0.17861763536121478 0.6397069428468491 -0.5250081285137607 -0.5613746451951823 -0.28678839571592946 0.5145854331524865 -0.8080558446480982,-114.39997368699945 -72.35355797790497 735.5925267443324,0.69
2,648,8,0.0,0.8056008179690727 0.5877143317666078 0.07482771093446236 0.30140751153334505 -0.2978249940892761 -0.9057890399463882 -0.5100596377668383 0.7522580256347238 -0.41706957308021086,-73.52025854427822 -98.49960600904403 679.2774022188016,0.69
2,649,8,0.0,0.7077788941610604 0.7042361309649813 0.05568221281181546 0.4888306143209901 -0.4313340550880752 -0.7582846190078241 -0.5099937916119273 0.5639170193962506 -0.6495413210508927,-98.08660233485544 -69.30787074566558 650.4557301147094,0.69
2,650,8,0.0,0.8235522571069748 0.5644043152051448 0.05665199724475309 0.18428246637094753 -0.17175861473357873 -0.9677494256536878 -0.5364714833075924 0.8074321935881761 -0.24546201407781573,-101.57199643540875 -33.957911034225525 665.5078510598739,0.69
2,652,8,0.0,0.05929549916698784 0.9980948077328234 -0.01705281663878816 0.8726359732547483 -0.06012268577207336 -0.4846562914450723 -0.48475818916267527 0.013857035481333019 -0.8745384386105581,-135.70953540712384 -121.5474718075697 694.0044374248894,0.69
2,667,8,0.0,-0.5600450580462232 0.8284572134083258 -0.0028598093841996075 0.37781562910139266 0.25233187557044323 -0.8908333036981837 -0.7372956553274412 -0.49998726996075943 -0.4543213031682152,-163.4549670390758 -126.70102993885915 910.8387406802553,0.69
2,669,8,0.0,-0.5436584429294269 0.8392930912161667 0.0047544156699138584 0.5892140366557141 0.38568972465258955 -0.7099790527228871 -0.5977142431291308 -0.38318473786702517 -0.7042067453712364,-156.93479889221956 -219.40551224773668 835.1920107899058,0.69
2,679,8,0.0,0.7258030808024427 0.6875878657597068 0.02080420048198417 0.39793945192248037 -0.39500317722312955 -0.8280197356266751 -0.5611185975364914 0.609258087220551 -0.5603128614042663,-275.6383927674323 -83.16250152508381 647.794510672377,0.69
2,691,8,0.0,0.24975192651945877 0.9677687779595944 -0.032366149082207155 0.9496835299331189 -0.2513353803846191 -0.18690029304602332 -0.18901102659260194 0.01594110954456371 -0.9818455646652884,-168.4692558865149 -107.7490690321512 664.5376211742087,0.69
2,695,8,0.0,0.4436101908729122 0.8548027370779543 0.26929960868470715 0.8423524646241882 -0.2950741682233593 -0.4509695783407664 -0.30602667186906185 0.4268998898235165 -0.8509431004323468,-140.97233284163337 -124.23579615510964 613.1545688974113,0.69
2,703,8,0.0,0.9073312150005624 0.4056834984266289 -0.11032209837532622 0.1194857868270367 -0.5004243318153534 -0.8574955596814954 -0.4030796609008295 0.7648505652946126 -0.5025240290141197,208.98386815912644 8.92475385236306 1164.4624545662948,0.69
2,708,8,0.0,0.9437704132368661 0.30640018184505613 -0.12416253728090344 0.19652476622822102 -0.8219570184284013 -0.534569617650719 -0.26584849700093904 0.4801099753406602 -0.8359539390544987,129.1089055453934 -41.3732059507401 1007.0435343653206,0.69
2,711,8,0.0,0.7052679227721091 0.7037686728896998 0.08547989335384532 0.3482363802924576 -0.23887952496860693 -0.9064590426442771 -0.617518081151897 0.6690636947330526 -0.4135519215777334,158.04800644658823 135.34003394519422 1198.6747107411318,0.69
2,727,8,0.0,0.8949268436375333 0.444719177962672 -0.03648009442376485 0.06533871450726139 -0.21147866700785822 -0.975196198611909 -0.4414032135400694 0.8703456934763246 -0.21831531536682255,174.2308576875537 140.87431590191946 1152.922502709887,0.69
2,736,8,0.0,0.752800983973896 0.658174725874517 0.009834060602776362 0.25542751239005573 -0.278316207752367 -0.9259032748708527 -0.606669155670669 0.6995327860238905 -0.3776326479999997,-28.262068251371574 94.90491794911314 1199.164756906973,0.69
2,737,8,0.0,0.7444084764282521 0.6487999160517327 -0.15784387588067067 0.09647328163691471 -0.3384148016039457 -0.9360386359470245 -0.6607184923641631 0.681567378170806 -0.31451070389002794,28.58629607401152 84.46070107663868 1175.4019851948854,0.69
2,739,8,0.0,0.8158716074103539 0.574473871737343 -0.06582773665220967 0.15312472000570893 -0.32442893564062525 -0.9334338143876427 -0.5575897598995333 0.7514822928121446 -0.3526585079719232,-18.44230325294328 -49.30661166031049 1205.2976564169269,0.69
2,740,8,0.0,0.8911019896730409 0.4417524431873733 -0.10388466171064406 0.04081706541291355 -0.3060135791970382 -0.9511517526231533 -0.4519637277169777 0.8433329522110499 -0.2907203476593427,63.30738097428242 111.23931267745893 1190.6787179825494,0.69
2,750,8,0.0,0.996439733038457 -0.05594248372236716 0.06307374205818123 0.006911378936591807 -0.6914131760741477 -0.7224265033844306 0.08402434922951876 0.7202903987046005 -0.6885649208829357,113.69232162365603 -146.67591252710434 1071.4404802442516,0.69
2,754,8,0.0,0.998090244598708 0.03261567066752753 -0.052460286539419754 0.002436434089913068 -0.8693719669569788 -0.4941522506862428 -0.061724609563902064 0.493080724725943 -0.8677911450792308,152.3232310373139 -257.04750728834955 1027.8610758369305,0.69
2,756,8,0.0,0.9999192149474332 -0.007828310647900391 -0.010014046700006326 -0.012708504973858063 -0.6008607699761659 -0.7992526690634062 0.0002397503688487861 0.7993153649568169 -0.6009117155320834,121.77818980850967 -189.5661812605034 1123.5766004653108,0.69
2,757,8,0.0,0.9998174957536538 0.017604236209934315 0.0074206503999296475 0.01696654026319741 -0.6396744947602024 -0.7684586373154882 -0.008781326573499006 0.7684442931148261 -0.6398564344310878,170.34187012342827 -219.06605535053467 1118.46962691811,0.69
2,758,8,0.0,0.994529511314227 0.084131844409776 0.06191028897763355 0.10245561505844897 -0.6702463795911039 -0.7350324058080792 -0.02034448495489073 0.7373544760840792 -0.6751995842198758,168.50778350214426 -272.0738814405557 1174.6890108913285,0.69
2,761,8,0.0,0.9668498379766792 0.25349462654466415 0.030689821072302614 0.15764070805334346 -0.4980190715519104 -0.8527170759020919 -0.2008750805075364 0.8292873317997536 -0.5214707310554796,186.28750104254877 -30.59183218095105 1207.0338164957532,0.69
2,762,8,0.0,0.9942928564666136 0.10668503385938435 0.00013831082670791306 0.054425908074226675 -0.5061276174005107 -0.8607395979242376 -0.09175803021947777 0.8558347611863544 -0.5090455042875216,-50.51871534850648 -120.24148923141436 1097.4823906558925,0.69
2,764,8,0.0,0.988870695612514 -0.13492311448389468 0.06269370412400924 -0.0712812660219855 -0.7995402098419255 -0.5963677002992639 0.1305899248530525 0.5852616560342011 -0.8002593738926015,69.07194163783511 -45.75258753585867 1168.7807113891581,0.69
2,768,8,0.0,0.9786840580988467 -0.2040300178876464 0.023436429419583488 -0.17189756891398228 -0.8762582978859257 -0.45013622514470336 0.11237766781987932 0.436512482280664 -0.8926522909781489,32.43116042999722 -200.32325459037278 1113.099041466285,0.69
2,769,8,0.0,0.9970160445812144 -0.07690896998157135 0.006634544747328414 -0.06263867361951755 -0.856253618718677 -0.5127437342360783 0.04511544541305228 0.510798150708814 -0.8585160719623353,53.14017946988365 -202.97276861303718 1071.4949855061573,0.69
2,770,8,0.0,0.9657968974882271 -0.25918100391783705 -0.007846018752074475 -0.23278305473908897 -0.853305122785146 -0.46656448306205783 0.11422960311781735 0.45243295043218185 -0.8844523860190423,-12.947418136819318 -149.29119243095963 926.3209314218026,0.69
2,773,8,0.0,0.8652010667310176 0.49997900353140934 0.03805404256118937 0.47440032429834034 -0.7916310479491336 -0.38505144621022525 -0.16239287679310116 0.35119977213929887 -0.9221102285606452,98.70166528566484 -79.19302135529706 997.2199651655795,0.69
2,775,8,0.0,0.9858382512174271 0.06371030168184297 0.15512556171106756 0.1171186169983463 -0.9236248509409053 -0.3649662508736734 0.12002571386565608 0.3779657817633747 -0.9180063702540635,173.80066869931088 -110.98544139936097 1011.8086059234779,0.69
2,785,8,0.0,0.9999876639548305 -0.001923749784338525 -0.004579424082572763 -0.00471579301070374 -0.657234902391283 -0.75367104520142 -0.0015598828292495781 0.7536833434974451 -0.6572358667176276,226.9530757160093 -64.84641993467318 1122.051820107035,0.69
2,788,8,0.0,0.9979677173649091 0.058431789823296006 0.025419697785773507 0.051769740989814066 -0.5108907048439183 -0.8580854162738882 -0.037152779375458064 0.8576575153533785 -0.5128774291607577,88.39752772283583 -61.95352517568234 1044.1037383015034,0.69
2,791,8,0.0,0.9950928163061105 0.09872330098193555 0.006633006799541374 0.06725314522647316 -0.6256684051338424 -0.7771847021618613 -0.07257617648457039 0.7738170046338503 -0.6292375878365629,86.3632875837549 -163.17675461599293 1125.9866874305715,0.69
2,794,8,0.0,0.9841099065939668 0.026331567940178748 0.17559709642652277 0.13429519355298936 -0.7573303450634248 -0.6390739780609748 0.11615718975672108 0.6525008789081636 -0.7488324981542236,-27.422697055726402 -106.68343379148065 1111.1844118460162,0.69
2,801,8,0.0,0.9867737802127416 0.14223795775647108 -0.07775519312511933 0.0325843307228996 -0.6439174104004773 -0.7644008306997605 -0.15879473566839977 0.7517570963791507 -0.640035545862565,70.61569531180308 -21.19157103147368 1192.0671723504997,0.69
2,803,8,0.0,0.9845729076497419 0.1622690004552262 0.06545961360559646 0.12104414911525208 -0.36150251474571465 -0.9244805275382975 -0.12635071621125385 0.9181419842942518 -0.3755672951537674,116.48621607437178 75.73481292074345 1213.484119787082,0.69
2,804,8,0.0,0.9469703788057643 0.32111611937421564 -0.011469068947031952 0.1207322352104549 -0.3886634704523784 -0.9134355117450825 -0.2977764749699927 0.8636116862421199 -0.4068218606964081,240.8562192717014 13.402161020082584 1230.1351651796117,0.69
2,808,8,0.0,0.9620872378954787 -0.21671341211717451 -0.16560025267848746 -0.27110401860340394 -0.6934168964352604 -0.6675894088698355 0.02984556542825792 0.6871741444107329 -0.725879423511677,-20.23361932065057 -224.2268231279561 1190.8497986745513,0.69
2,809,8,0.0,0.8094560739515796 0.5864667357276521 0.02894187671604842 0.5043852111485141 -0.6692383380238731 -0.5456332153504888 -0.30062671723844414 0.4562639749136419 -0.8375241859662562,2.535339056148179 -113.04589830752215 965.3601866318684,0.69
2,819,8,0.0,0.9566598457588761 0.2877417033366765 0.044795665789343686 0.28667949432151707 -0.9035527016843014 -0.3184452587409005 -0.05115473632188687 0.3174857909260001 -0.9468822342360903,81.64501823726509 -15.784424928976204 907.0305800959007,0.69
2,821,8,0.0,0.9780561943294562 0.1730093908200628 0.11607683413089726 0.20650965552098585 -0.8787659495284748 -0.4302605816547942 0.02756524823731537 0.4447900140936044 -0.8952105900022778,146.57420190266842 -110.25080005833492 1055.520113890666,0.69
2,828,8,0.0,0.8993374445720795 0.43229264880833085 -0.06569038420376452 0.2032623376898235 -0.5463352800663255 -0.8125282664816762 -0.3871389710006333 0.7173847137632128 -0.579208589017328,112.92306349405092 -101.514300070745 1058.7326894092266,0.69
2,837,8,0.0,0.9601932230496373 -0.27927907504029587 0.005672094338641111 -0.2542636074204973 -0.8822348850090748 -0.3962469250537346 0.1156675942131801 0.37903140492268117 -0.9181264628204949,-14.011716489655834 -216.75662005409882 1045.3352851111063,0.69
2,840,8,0.0,0.9993390751807398 0.0010474852951018725 -0.03633614717412279 -0.028991038303109416 -0.5800688406051953 -0.8140513864966095 -0.021930173620165635 0.8145667823656333 -0.5796550910252477,77.99383673551463 -215.65331491163096 1043.9708720421602,0.69
2,844,8,0.0,0.988122767120331 -0.015552793546655536 -0.1528774270824671 -0.09763043879939305 -0.8318071442996183 -0.5464111749515668 -0.1186663158537329 0.554846812467197 -0.8234460031943158,146.12310183198036 -279.88219762149185 957.1701740407505,0.69
2,850,8,0.0,0.9940499371281823 0.01918379389448676 -0.10722268671913845 -0.07053443012602503 -0.6367459898888579 -0.7678407637832568 -0.08300371474972401 0.7708349540675178 -0.6316041932456387,9.559012085741436 -236.09336498404588 1067.272931482134,0.69
2,856,8,0.0,0.8167275397781057 0.5726139961908516 0.07119927762517081 0.42423656960408124 -0.5122436912720038 -0.7467460972530046 -0.3911258861013475 0.6400934401463395 -0.6612873271907305,163.7911137940695 -112.2218487927144 983.302174041314,0.69
2,867,8,0.0,0.7764135514705461 -0.3860415849965857 -0.4981504709886544 -0.6240654602253424 -0.5811725743938876 -0.5222841564954014 -0.08788798806791442 0.7163869997603985 -0.692145481909453,-15.922843813690513 -119.16239235691236 961.1689914660191,0.69
2,871,8,0.0,0.9009188608800244 -0.26670826029105343 -0.34236224967592316 -0.4339475214716322 -0.5428949618316268 -0.7189955556374906 0.005895313330674223 0.796323906655047 -0.604841699100167,-137.57600295324153 -135.96637464103915 949.1484115238807,0.69
2,877,8,0.0,0.814872344935542 0.569515290314352 0.10786749073474514 0.2952327731180622 -0.24764911807784823 -0.9227716532232028 -0.4988192770295369 0.7837871193209437 -0.36994199606195954,31.533141491982303 29.830871033495956 1038.0566535955213,0.69
2,883,8,0.0,0.9275084363008881 0.3460410070618224 -0.14136379318029457 -0.04742233387366343 -0.2661931017018134 -0.9627524888860807 -0.3707819073804116 0.8996648565093602 -0.23048627534266775,31.206714485604312 3.416960129041797 1008.955980715319,0.69
2,886,8,0.0,0.8993691807040198 0.4135085717121748 -0.14193568233653572 0.047485540777734675 -0.41512771536196985 -0.9085230340257741 -0.4346034977043177 0.8103577241310832 -0.3929887513966075,-2.5954572473559416 -60.07463558133409 1010.0489407476416,0.69
2,894,8,0.0,0.9254177650536125 -0.3678719578954783 -0.09095154048900815 -0.37323638774533024 -0.8433110279406838 -0.386679594776405 0.0655481425060521 0.3917865908218079 -0.9177182074396429,28.524753353665595 -207.96169056537335 891.6947318034646,0.69
2,902,8,0.0,0.9950673964892389 0.09634804228777158 0.023620567127888164 0.07585316876636636 -0.5855341049209324 -0.8070911403073038 -0.06393100368546106 0.8049017745798281 -0.5899542016512919,57.22479606741141 -275.5924836625112 996.0347504996791,0.69
2,903,8,0.0,0.95688150108775 0.06481501095775269 -0.2831550939513546 -0.16123031518814113 -0.6923357555903347 -0.7033320602642061 -0.24162487111302658 0.7186586226336582 -0.6520331324203599,21.229126754945803 -70.02386131647818 1082.7665159573628,0.69
