scene_id,im_id,obj_id,score,R,t,time
2,3,10,0.0,0.43228904190535433 -0.8303198653019286 0.3517031497350255 -0.7803392501643194 -0.5399182623216887 -0.31552959395992597 0.4518814434135776 -0.13804778627893724 -0.8813319294124924,-50.9378304826734 -137.129572774999 1080.7142110159991,0.69
2,8,10,0.0,0.5877448845294284 0.7949189581159044 0.15053172668050238 0.7216041098313459 -0.5992028575382686 0.3467613649074592 0.36584622368421305 -0.09518290574414229 -0.9257952014728217,-145.49587384240343 -8.62469733819397 1696.0961995463408,0.69
2,17,10,0.0,-0.23261786892201564 0.9709990093609716 -0.05522545498401893 0.40772239989714165 0.04580882446147905 -0.9119561372256744 -0.8829786926536198 -0.23465394823328545 -0.4065539975184543,357.8681767109424 -15.187206763300425 1177.431284850697,0.69
2,27,10,0.0,-0.5327308408919512 0.8431663099036428 0.07258391699287375 -0.05515737679278704 0.05099209092486634 -0.9971747441890255 -0.8444853550819533 -0.5352292784467081 0.01934178237709594,401.9129958045706 85.78086273359064 902.0009055227422,0.69
2,36,10,0.0,0.8445512419777725 0.4596148405798387 -0.2747497006232601 -0.35812489827007077 0.10335810854952877 -0.9279351586377763 -0.39809516062475947 0.8820834992878129 0.2518907369700475,19.550339232184005 -14.110451884328644 1274.1304991684683,0.69
2,38,10,0.0,-0.2681926293113579 0.39752224933381347 0.8775242303592795 0.5141410332502463 -0.7112618900231978 0.4793386294979758 0.8146973128171158 0.5797263018746119 -0.013627303598161583,-21.293847498376394 -83.30752901487357 367.47165571376377,0.69
2,41,10,0.0,0.746837559512287 -0.5169380926321712 0.4183403734849698 0.1990353650175718 -0.42648261112535224 -0.8823250568129772 0.6345223267734974 0.7422180210649121 -0.21562427050875427,77.88717393023937 -167.50822691430895 1233.0871297423894,0.69
2,47,10,0.0,0.7598796070308871 0.4423522982183867 -0.47634801047080727 0.4852659088703299 0.10158948141303134 0.8684449176283342 0.4325505525448297 -0.8910690329750792 -0.1374627148212188,10.727949493423916 22.627730649431264 106.42236817499986,0.69
2,58,10,0.0,-0.33810589580106687 0.4818394001463592 0.8084028671962729 0.9410400630862054 0.16276822626424303 0.29656382818122373 0.011313836275483047 0.8610094639348562 -0.5084630764601721,146.70562837077554 -49.00192867181431 823.4933362123719,0.69
2,61,10,0.0,0.7900043674797904 0.0805077725944246 -0.6077923970524315 -0.5433173390598781 0.5512610765049544 -0.6331804597486347 0.2840763426259739 0.8304394764716349 0.4792399268401656,116.27842560057036 -31.031444183224224 173.5020871365964,0.69
2,62,10,0.0,-0.6275688728990535 -0.477019598507556 -0.6153126135615145 0.5264531633490038 0.322253229732546 -0.7867654814026667 0.5735890310736761 -0.8176827982577551 0.04889238044244071,2.6864757212704116 18.057676531534916 325.46684603007867,0.69
2,64,10,0.0,0.8466373579129549 -0.2656687566798553 0.46111310533355115 0.09123112990350439 -0.781192358725582 -0.6175883577313382 0.524291965533233 0.5649412450803547 -0.6371493737612539,-181.14637358043123 -94.91514837566498 1421.38851580071,0.69
2,72,10,0.0,0.9430777519304372 -0.1666947385829297 -0.28777980808701914 -0.3030876754166449 -0.07458603113198525 -0.9500393596954354 0.13690220898278938 0.983183496651946 -0.12086354738665174,260.7104539612286 -84.43170351633835 1066.802904974857,0.69
2,79,10,0.0,0.8688692180081221 -0.49408416195519633 -0.03077536194727376 0.06018938378542904 0.16714266805360323 -0.9840937793703675 0.4913690263717125 0.8531964424568086 0.17496374053374877,735.5467301785037 140.66513405490733 1370.8633512527083,0.69
2,89,10,0.0,-0.35958264257236217 0.7766589884334799 -0.5172051226023975 0.21508535258245276 -0.4703655885508181 -0.85585892775137 -0.9079860209635164 -0.4189952610623735 0.00208732894266217,330.95825978054035 -209.03191846951208 1022.1801864462312,0.69
2,96,10,0.0,-0.37213037588205955 0.9279858961857443 0.019004205487677894 -0.1142677982269596 -0.02548422770198766 -0.9931230661034894 -0.9211198910208376 -0.3717428286043646 0.11552236037662122,491.34935300791307 149.23511591990214 1074.6162677264908,0.69
2,102,10,0.0,-0.5733933030875362 0.3465552188829333 -0.7423742992853181 -0.23365767589478337 0.7993232886517593 0.5536121121456654 0.7852542330161699 0.49089893102749643 -0.37735133370143026,20.238839141803233 -6.04160769960465 172.35578359269599,0.69
2,107,10,0.0,-0.6642315641957398 0.229420452772126 -0.7114511121474993 0.7205232994957219 -0.05700429501955506 -0.6910837034926536 -0.19910450524756895 -0.9716567121155271 -0.12743872955645996,60.521765214948246 -4.372719694870385 191.72026529689518,0.69
2,115,10,0.0,-0.5252872609631776 0.8500590916874058 0.03837752088638913 0.1459840711085495 0.13445847198486582 -0.9801069177870694 -0.8383089791075702 -0.5092351715573835 -0.19472440934958746,461.92499224134934 -26.660674572348235 1116.1297028655385,0.69
2,119,10,0.0,-0.9860161416662012 0.13375454530907127 0.09940769579293776 -0.06615376436604382 0.2333441078811841 -0.9701413334031989 -0.15295701302620815 -0.9631512077167833 -0.22123269026028303,-269.2857476260726 192.84246271907168 515.1619768557364,0.69
2,124,10,0.0,0.5543836529612388 -0.4007171198305923 0.7294412623399003 -0.09263342775420055 0.8413016165917012 0.5325698432907157 -0.8270899669273348 -0.3628186596563975 0.4292840630786044,321.37198275786227 -308.90917205299854 1100.6943505963138,0.69
2,136,10,0.0,0.8277761414829403 -0.5582748893586417 0.05581941869288582 0.5541672208600205 0.7980070059773827 -0.2368195721119664 0.0876661332322611 0.2269668837575429 0.9699488041961253,-126.00829283030865 256.3920959144695 1464.2835900517896,0.69
2,166,10,0.0,0.42282322702402236 0.10415882518572722 0.9002063418044337 0.8819889492126844 0.18084297826451945 -0.4351911197153763 -0.20812499166533666 0.9779809590929404 -0.015402321122348045,-31.26028163747966 -73.8959847438871 290.32619455381166,0.69
2,176,10,0.0,-0.19268558851852757 0.9629741427694589 -0.18855520235383116 -0.013338372404712084 -0.19470873300489655 -0.9807704099906467 -0.9811698893661901 -0.18646530414276402 0.050362074541112634,-6.481730987980999 -13.644309796451582 226.12265027337907,0.69
2,217,10,0.0,-0.41235127960534546 0.8060711567636734 -0.424518212143493 0.4905694350843537 -0.19618829257892123 -0.8490299071387214 -0.7676640225833515 -0.5583542281461126 -0.3145353785228405,399.7512638122227 -5.124992867307297 937.614287729767,0.69
2,219,10,0.0,-0.016701640227703873 0.9856158215774109 -0.1681740392271932 -0.17839955732193302 -0.1684360640684452 -0.9694343145713736 -0.9838163716675193 0.013811031004810959 0.17864658480234497,437.3145177990952 33.40546224616246 941.5119543018267,0.69
2,221,10,0.0,-0.7381975506230217 0.6005277877799942 -0.3072958710400088 0.32721693964468596 -0.07959067447565682 -0.94159141826276 -0.5899096970416211 -0.7956328931363863 -0.137749223938599,406.58015763180475 42.90116352420384 882.7546221015094,0.69
2,224,10,0.0,0.2655610361658119 -0.8841719148808401 0.3843401631452123 0.3041531700304293 -0.30146152419299915 -0.9036657560136239 0.9148596532971496 0.3568766935051686 0.18886725603406446,760.8389679971533 369.6476388020075 2058.872636803348,0.69
2,243,10,0.0,0.20856352326178204 0.8069695115047699 -0.552540916373064 -0.2168089738811021 0.5890573637421672 0.7784634166521583 0.9536745386185247 -0.042563243801210904 0.2978141109280469,-221.49326665365584 -572.7492018374178 2222.5569810226475,0.69
2,248,10,0.0,-0.9570222584738036 -0.28522993600209845 0.05246218060602201 -0.022044482297126383 -0.10882696133625602 -0.993816247244212 0.2891754442997395 -0.9522607710572539 0.09786207804605651,19.775799020062493 16.08854529299575 264.120999584371,0.69
2,249,10,0.0,0.23411903963608977 0.4325762699654574 -0.870669883447594 0.5067668220522563 0.7099733228124913 0.4890043649719775 0.829684074420458 -0.5557118421964409 -0.052997029121509685,9.15436252183584 12.153252940774221 333.9324543878094,0.69
2,254,10,0.0,0.12721449324540246 -0.9004474549146599 0.4159457340159011 -0.24659323031028607 -0.43489830444210775 -0.8660572980805126 0.960733184330308 0.00760563811203091 -0.2773696140449694,105.15773501873335 -253.06096554629298 1256.1232036325991,0.69
2,263,10,0.0,-0.7943947571331249 0.6069625981414958 0.023094897634081124 0.19657651764365058 0.2928842234172577 -0.9357224505078232 -0.5747126608580144 -0.7387930942629304 -0.3519802854122738,430.9534469013976 102.55799362141543 835.7913735340125,0.69
2,266,10,0.0,0.05594906591273696 0.9359085947823229 -0.3477711952362786 -0.4299775745229311 0.3369478788436784 0.8376069557675144 0.9011043155100686 0.10267048823943226 0.42127162664224993,63.769378382990986 -36.75054439237845 281.83391543970447,0.69
2,268,10,0.0,-0.6194442640999371 0.7293715298271134 0.2903549123940276 0.6575139131521311 0.2799528322103455 0.6995011549302672 0.4289105474164269 0.6242143728039768 -0.6529871048496124,198.03701426049068 118.23141735026479 1126.4112529852746,0.69
2,277,10,0.0,-0.513404479966981 0.8468541766704119 0.13875821923660087 -0.02619579950116563 0.1461538985261156 -0.9889149700728129 -0.8577468274720277 -0.5113482584320558 -0.05285204404916466,502.07215886406107 12.98898385371756 888.400581977798,0.69
2,283,10,0.0,-0.4502353857973005 0.8258454613646441 -0.33951048778995657 0.23738614058691032 -0.2558379231382246 -0.9371204710930029 -0.8607763458838815 -0.5025198812263433 -0.0808569807688504,391.5173272611339 -268.70716111169105 993.7207323341662,0.69
2,307,10,0.0,0.7903000564389254 0.592038101994851 -0.15785026632529103 0.3896953454037315 -0.6844739869508639 -0.6161435700859459 -0.4728248709229425 0.42542478415569884 -0.7716543231672973,-50.64592561873384 -383.6634601839382 961.8686859738343,0.69
2,310,10,0.0,0.5618437863125171 0.44377943716458834 0.6981342069630279 0.18853579752294888 -0.8904110263029152 0.41427340886252273 0.8054724159363871 -0.1011336511160873 -0.5839402125025552,-112.62903390443451 -167.33266053033006 672.9957011822597,0.69
2,322,10,0.0,0.7441614275778116 -0.03872345990175524 0.6668764978304385 0.6609710796907871 -0.10175606424094803 -0.7434802856852274 0.09664885678449003 0.9940554295628736 -0.050127850929617274,-110.91121516484255 -17.363539001321264 878.9429490564568,0.69
2,326,10,0.0,0.2534066446323434 -0.5741086479821869 -0.778578405023054 -0.181777043436658 0.7622511609950379 -0.6212328661952329 0.9501274540479316 0.298952216706587 0.0887997364332418,10.309198507583089 -2.126377383974418 149.26898493664316,0.69
2,338,10,0.0,-0.30867181513224273 0.9450319955476112 -0.1078713953477301 0.5686210469462776 0.09242459485077215 -0.8173908485151946 -0.7624905347036681 -0.3136434626418514 -0.5658939501614627,375.5839576220237 -144.86532868109342 831.7631694838786,0.69
2,342,10,0.0,0.6998703946618565 -0.5116459620293355 0.4983972714762122 -0.4743268226097242 0.18878155705394314 0.8598695186301536 -0.5340369800199427 -0.838200413538054 -0.11056478063024727,698.8836716319332 -606.739244746022 2001.1889399392549,0.69
2,356,10,0.0,-0.2474032829893073 0.9667740386158232 -0.06433951992798498 -0.014963714915684545 -0.07020834293039036 -0.9974201099932218 -0.9687970390138663 -0.24580225149786478 0.03183630563594997,402.7878920410738 38.03000907705919 796.8626639432747,0.69
2,362,10,0.0,-0.1617769888586903 0.9858665398889799 -0.04353586341334936 0.09022868205450157 -0.029154835443820803 -0.9954942393127906 -0.9826937421244337 -0.16497624404008704 -0.08423685708704232,359.22536132968645 14.829150529490818 838.4206999781971,0.69
2,365,10,0.0,0.15824770857935777 0.8697816704941146 -0.46737298638437624 0.1428332131504209 -0.48852341423304213 -0.8607807775312005 -0.9770139896390988 0.0694602002484821 -0.2015414216257584,215.54709414312612 -275.6361386283005 962.0111049831339,0.69
2,368,10,0.0,-0.793534242295884 -0.5531783759303709 0.2535687100312942 -0.505715245732902 0.3677222529652109 -0.7804053016910507 0.3384604800227168 -0.7475118922647496 -0.5715509376998392,-31.621243607406022 -86.70096241028628 295.47327465224095,0.69
2,387,10,0.0,-0.3592392944063709 0.8548861452636094 -0.37432179737592064 0.49464844829537236 -0.16570126856177614 -0.8531506327700863 -0.7913722524535424 -0.4916429275738087 -0.3633416984234835,271.4210536629048 -216.5119170049249 713.3281328571558,0.69
2,402,10,0.0,-0.06526704297108321 0.9971765681596529 0.03713630319711447 0.9377407793516197 0.07401505400906261 -0.33935822153154394 -0.3411487122104196 0.012675318275010478 -0.9399238758877229,435.13567724607356 -134.06757644922246 1022.9486548697071,0.69
2,415,10,0.0,0.6121907549240115 0.781282991931964 0.12173481878003156 0.23949236393762685 -0.03648662344024545 -0.9702124169095636 -0.7535687674002525 0.6231096314676641 -0.20944808419055996,682.5095739845143 -120.79661156984852 1145.2127844858978,0.69
2,417,10,0.0,-0.45719331281429065 -0.36740946103500555 0.8099287392480038 0.2744609175046718 0.8079438406625039 0.5214383521548986 -0.8459583201791846 0.46069191253753206 -0.26854698330482707,507.21473421917386 21.76151858734935 1280.6368497482672,0.69
2,425,10,0.0,-0.11432772821101045 0.8549373177445719 -0.5059756449571715 0.4701373931627343 -0.402111465005459 -0.7856699060428061 -0.8751571299556768 -0.32770192620562977 -0.3559655116002982,377.65929538938684 -342.21073001943245 1136.8759297140214,0.69
2,428,10,0.0,-0.7476139031098311 0.6321681403732502 -0.20356054179017735 0.45135794450223105 0.258796029636743 -0.8539909958418639 -0.48718523973084904 -0.7303342093461622 -0.47881362224472146,495.1686397696667 -57.61577241837561 895.9348236342985,0.69
2,438,10,0.0,-0.4570918085885286 0.8746270737229719 -0.16153810829664583 0.41343179759712634 0.04812999985329158 -0.9092621469354867 -0.7874904616926331 -0.4824012697173516 -0.3835984719967095,426.93295695889026 -95.19923839010646 1056.6516216507885,0.69
2,442,10,0.0,-0.792385358590595 0.5955425722294183 -0.13211543495603512 0.2208217990881779 0.07814072072037637 -0.9721788728483872 -0.5686503112974746 -0.7995142728104786 -0.193426345241844,497.88902879338866 34.80310500141084 951.934012002268,0.69
2,446,10,0.0,0.3046132780837443 0.9524757166024201 0.000871835868624049 0.5770325886156055 -0.18381362029628945 -0.7957675192348235 -0.7577889828248026 0.24290443033480874 -0.6056015977794916,251.34823496106213 -207.08002385273355 1134.604828333541,0.69
2,453,10,0.0,-0.07288924036929212 -0.9698637236959778 0.2324898193404597 -0.8999369512115062 -0.036518867655442655 -0.43448803913261375 0.4298844524782525 -0.2408956823268868 -0.8701543700710448,199.79275510002506 -149.53741697530938 1232.0902159302893,0.69
2,473,10,0.0,0.07607886291099986 0.9641708856491806 -0.25413876108268946 0.43735484058733526 -0.261318697932057 -0.8604843296225221 -0.896065148319583 -0.04568414798996734 -0.4415656333881008,140.25179811183185 -200.0961665600728 1201.760145945537,0.69
2,474,10,0.0,0.0067665787347690465 0.9841735759529329 -0.17707790886568248 0.6354540287706105 -0.14096170926566254 -0.7591626794305044 -0.7721090536520254 -0.10738793655210815 -0.6263508923532034,335.6483986154714 -209.03319858719797 970.9722677022128,0.69
2,476,10,0.0,0.2512745634019977 0.9280211436974392 -0.27502336380320885 0.5495841235704534 -0.37068750029984265 -0.7486975812975161 -0.7967549089314929 0.036980183503480646 -0.6031700267102279,423.3846402428711 -355.7767954385502 1131.9515112629454,0.69
2,477,10,0.0,-0.38974212976092376 -0.23554811906523276 -0.8902910512266482 -0.9200268287418835 0.14225160437970008 0.365123424949091 0.04064119442846631 0.9613956337825923 -0.27215203225255413,200.71918229063948 -402.14506080707577 1050.0007284287344,0.69
2,480,10,0.0,0.5893930142993183 -0.25691435646896355 0.7659052736045769 0.5122137012175715 0.8519927792739285 -0.10837632744323478 -0.6247023282973735 0.4561834252855152 0.633753645760413,-27.079193565919297 -27.802473032993102 189.25745004862432,0.69
2,491,10,0.0,0.5654917032213054 0.8214431226044401 0.07382634972510813 0.6808268547341956 -0.4144116543753335 -0.6039352403947312 -0.46550394999463707 0.3917833292060372 -0.7936068897732834,68.60619462401357 -300.8839329763292 1448.302705853463,0.69
2,494,10,0.0,-0.1629584998990513 0.9804598359107655 0.11019545125133723 -0.0745653852732095 0.09913034575195467 -0.9922767647537436 -0.9838112271313582 -0.1699166993468651 0.05695423297138125,350.9609882374894 180.3445743967509 1185.358697094038,0.69
2,499,10,0.0,-0.4372981124074608 0.8991070564680748 -0.019412931107540166 0.04536614316446935 0.0004955884706194791 -0.9989703035858719 -0.8981716283312743 -0.43772851792107664 -0.04100573934664775,349.07792656799523 225.9720742935335 1136.9126938833201,0.69
2,501,10,0.0,-0.2886442062742095 0.9531438743121867 -0.0905609024109526 0.22748448659545795 -0.023604577643212 -0.9734955738331257 -0.9300189947214694 -0.3015950576110957 -0.2100121203212505,432.85680022965784 -130.00229360458812 1048.9065157232255,0.69
2,503,10,0.0,-0.16030762792910574 0.9551643942812098 0.24892256692624837 -0.015535874123357163 0.2497111978556027 -0.9681957210609551 -0.9869448318132915 -0.15907638908062066 -0.02519129599890202,519.5085144450628 56.56340934260967 2343.5481048092515,0.69
2,521,10,0.0,-0.7026496238160436 0.7072536374327961 -0.07794740848323017 0.16466560764554927 0.05505621559273355 -0.9848116829035533 -0.6922201555935037 -0.7048128159041135 -0.15514557914236526,323.60172981911666 -182.43644881619161 1073.5266047579626,0.69
2,532,10,0.0,0.9426753995589807 -0.03211520443858304 -0.33216216628355555 0.3232858210173518 0.3347362955051209 0.8851202688904176 0.08276091466056391 -0.9417644217719081 0.32593006134625024,402.8416732751661 -785.6186014610446 1872.1636355919886,0.69
2,535,10,0.0,0.7236480006219963 0.6545517872661488 -0.2188504717437893 0.6173836185921102 -0.7556637433151476 -0.2186544637848739 -0.3084980367683083 0.02311416936922757 -0.9509441079708472,136.6621232061598 -400.9562152660427 1037.0963187304692,0.69
2,540,10,0.0,-0.16867255749604926 0.9541633390038045 0.24722841836822246 0.6463071613154368 0.2964391367460799 -0.7031435781102042 -0.7442020032088894 0.04118447166529998 -0.6666837463996901,356.400914682033 -100.35400473010506 1098.8427547359115,0.69
2,543,10,0.0,-0.4286206375060363 -0.18574824082517027 0.8841843360602322 -0.5853294767687252 -0.6883990387701543 -0.428364525895852 0.6882396041565535 -0.7011450309676894 0.18633811424329805,-99.06061789689475 30.52043518339952 136.98123128948237,0.69
2,549,10,0.0,-0.727296749581752 0.33645546162762013 -0.5981949183909568 -0.6759511809049694 -0.5021088749571185 0.5394225419116948 -0.1188673171271051 0.796670822881221 0.5926096193015793,145.35652954143183 -237.29933064014858 509.06915264180054,0.69
2,560,10,0.0,-0.3502525505879081 0.9205683078747562 0.1728500545075778 -0.005812887252241661 0.18239977405694463 -0.9832072684667092 -0.9366372623104728 -0.34537561141543116 -0.058534826308440535,499.59986192937373 37.07351636074604 930.3049626142393,0.69
2,563,10,0.0,-0.15442622756095292 0.9707216505672669 -0.1839891772938113 0.4244066666273883 -0.10299170438097982 -0.899595292423726 -0.8922059860612466 -0.21700734077137013 -0.3960761195626629,275.39988150905486 -162.76928676705728 994.0419509630582,0.69
2,571,10,0.0,-0.7395089759938922 0.6723215316940752 0.033320150734917287 0.20155367961089046 0.2683805964731637 -0.941991491294916 -0.6422636441989966 -0.6898953641366509 -0.3339787386690698,469.58656492620935 58.7832014619555 884.23507332789,0.69
2,575,10,0.0,-0.5249761996029534 0.848273796757111 -0.0695093920683777 0.1592459510882524 0.01766994114941689 -0.98708079722066 -0.8360865486972254 -0.5292630148754504 -0.14436046609965825,338.50524017413966 18.829734672537807 984.864421181046,0.69
2,589,10,0.0,-0.21266239313068835 0.9740595639588031 0.07734773693079594 0.8305018710159336 0.22189035316814876 -0.5109122365044202 -0.5148216669750436 -0.04441437865490813 -0.856146023866102,346.5760760739989 -168.4807381229744 818.9233299611282,0.69
2,603,10,0.0,0.28790357155636614 -0.8713980317401921 0.3972115352861837 0.06748018323235727 -0.3952828949747552 -0.9160774300305101 0.95527899503549 0.29054587111107866 -0.05500125838822845,112.70390398822545 -2.209834242937176 678.8915427367402,0.69
2,607,10,0.0,0.46652131262491525 -0.8077354445533871 -0.3604459966192829 0.37854403312503293 0.5506311738441985 -0.7439823421133017 0.7994137100726756 0.210638937528421 0.5626446108732739,254.33391958342898 -105.71668793022924 754.7177443108833,0.69
2,611,10,0.0,-0.7692066653959262 -0.3283993118363119 -0.54815599777428 -0.12197008457557337 0.9175184402099059 -0.3785276876840171 0.6272514682159838 -0.22430738699431663 -0.7458161916723682,-3.9932849365310927 4.149406230326232 222.89228924870028,0.69
2,615,10,0.0,0.2131954543196889 0.6352718127623475 -0.7422785340874829 0.8976739634341121 -0.4272611540061273 -0.10783951803418268 -0.38565418917718763 -0.6433332186254596 -0.6613571018618405,205.15530869587514 -361.6620145606467 1020.6362543380538,0.69
2,625,10,0.0,0.8057150879645425 -0.5885217568981178 0.06682318971615253 -0.26638082853542394 -0.46081228381159833 -0.8465773994603917 0.5290221651453455 0.6642997672330552 -0.5280543230000481,3.3942610411293757 -222.00880763554835 1355.1100445424263,0.69
2,642,10,0.0,0.42994316753069717 0.5057895399516161 -0.7478808822059854 0.8298914595020859 -0.5476199592895126 0.10673586854122696 -0.35556861242124305 -0.6665503142773882 -0.6551958794113,240.85412697982952 -426.4116140021274 1133.1675710298362,0.69
2,649,10,0.0,0.7698102399646367 0.002580846580788887 -0.638267603499123 -0.6240423200415224 -0.20693966201674246 -0.7534899860526283 -0.1340275241985071 0.9783503030690603 -0.15769371338736282,224.92345139680293 -236.8146639904682 940.1182454520688,0.69
2,652,10,0.0,0.019815338840638574 -0.9141902750803084 -0.40480055989983604 -0.9150207676985109 0.14658411528202153 -0.37583253162467795 0.4029197774086775 0.37784816804581317 -0.8335984734135283,522.0025605180659 -243.75024232544845 998.9017453808817,0.69
2,667,10,0.0,-0.22224602115371173 -0.37358890316763055 -0.9005765028643326 -0.10212584212957354 -0.9096760506405146 0.4025665103562411 -0.9696272574812806 0.18144093893353536 0.1640188014474192,745.6727544342486 -7.69277367876408 3818.007335866539,0.69
2,669,10,0.0,-0.9454045917818661 0.14423726879263987 -0.2922426528229632 0.29040651056828165 -0.03410142003185246 -0.9562955357897293 -0.1478993456960434 -0.9889553596816444 -0.009647802839574782,176.28677944280767 -37.07835026608658 1265.8394363672853,0.69
2,679,10,0.0,0.3029457613058588 0.5913654612992867 -0.7473357725206888 0.6586555314659441 -0.6966759240249651 -0.2842807551581281 -0.6887646597903581 -0.40611519063714263 -0.6005611503898913,84.47093361110701 -329.31667946778987 1074.0588924944043,0.69
2,691,10,0.0,-0.2783731842544783 -0.7507100898317816 -0.5991182949241165 -0.3708802710633055 0.6594097396793641 -0.6539316629067611 0.8859775362976372 0.040164116332260635 -0.461985550569731,592.9135947515637 -468.1988962234557 1239.1711422097783,0.69
2,695,10,0.0,0.04152723965708349 0.8041116851355481 -0.5930260417510618 0.9048500568761235 -0.28196675036161645 -0.3189688484190667 -0.42370020408036013 -0.5233537517960283 -0.7393098048472523,343.70862124945285 -345.68338628122706 943.1141868241555,0.69
2,703,10,0.0,0.4407657182741294 0.0065224830540027146 -0.8975984841838255 -0.7578578384237362 0.5385687610030975 -0.368232516776141 0.48101671315453587 0.8425563167447022 0.2423257616920001,564.282774065831 -40.42989965823438 1161.9997818797665,0.69
2,708,10,0.0,-0.19028254943209721 0.4394687606352007 -0.8778722912858008 0.8760326390471717 -0.327612077108981 -0.35388860147846957 -0.44312454987922906 -0.8363836053857702 -0.32265011690100287,446.97326240389583 -165.3159772649611 1141.42616665175,0.69
2,711,10,0.0,-0.6743604800919429 0.4426555923551846 -0.5910109723574046 0.291885751231729 -0.5754005341641565 -0.7640136998192458 -0.6782629660522925 -0.687728327059664 0.25882252035258224,488.18032312617254 230.2751436507705 1050.5246669007156,0.69
2,727,10,0.0,0.05340814184692211 0.8568347673880798 -0.5128174643861831 -0.35075828929465985 -0.46472871132820837 -0.81301651112281 -0.9349418125613715 0.22329667767845945 0.2757216002822763,446.62134310392827 205.04414753041593 1060.8713263635304,0.69
2,736,10,0.0,-0.6265043587261229 0.384335859515284 -0.6780694917099704 0.33773001530117414 -0.6501909722310075 -0.6805807346626602 -0.7024462436812077 -0.6553912165416511 0.2775457223922153,333.47686157400415 163.94805266350608 1071.8990021269528,0.69
2,737,10,0.0,0.6854861749905325 -0.3460063617252033 -0.6406155645490804 -0.3356798369732929 0.6305794441020869 -0.6997775444564414 0.6460864887508736 0.6947295605641026 0.31610613206955734,415.5283199530493 120.23746315442047 1096.3214702293656,0.69
2,739,10,0.0,0.8727880002287951 -0.26241978440021163 -0.4115543261976077 -0.36069620040112593 0.2213096981421956 -0.9060465046146366 0.32884549209744574 0.9392325985950214 0.09850262972952618,546.3654528784189 -14.07843933061544 1703.9240570420684,0.69
2,740,10,0.0,0.11431078966181378 -0.9925842983679151 -0.04134554389975881 -0.2973206440126783 0.005529186086950688 -0.9547616785067898 0.9479100579753224 0.12143244514828072 -0.2944837571998344,46.296660602542104 33.88625392677 183.53977633191872,0.69
2,750,10,0.0,0.6587012260456845 0.7498031296687157 -0.0625136908597731 -0.4843177579422887 0.3589517706472213 -0.7978658632194884 -0.5758029212739952 0.5558317129205781 0.5995849420758576,498.30192383339323 -215.01620639819666 1125.2944797693845,0.69
2,754,10,0.0,0.036776177961620915 0.38860569363591024 -0.9206699341285607 0.931653291114139 -0.34658956374395344 -0.10907712619962684 -0.3614825831084099 -0.8537337343560515 -0.3747920128974768,436.9982913821215 -414.0634595828072 1104.0956205609173,0.69
2,756,10,0.0,0.9869948263539177 0.12795264414108953 -0.09731050101558407 -0.0853149336124939 -0.09611472951649322 -0.9917072757989966 -0.13624454063666566 0.9871119894050904 -0.08394846942874486,21.443429656597367 8.407766606023362 120.15911705276118,0.69
2,757,10,0.0,-0.12481731389656625 0.31905467255354564 -0.9394811089497203 0.30292735067579807 -0.8894189750431244 -0.3422994406156402 -0.944804560935323 -0.327319420070041 0.014364500716140371,12.269096778004286 12.385173729507862 101.12894151398541,0.69
2,758,10,0.0,-0.5454484718237194 0.18492703537288585 -0.8174888110386374 0.6922717928364692 -0.45043771686633416 -0.5637957325727332 -0.47248886698857784 -0.8734459655940028 0.11767079399498659,449.73341190215 -275.12267663495385 1119.7648085901753,0.69
2,761,10,0.0,-0.566950826086984 0.6665166240838549 -0.48406853917513304 0.14020949651168074 -0.5009839029119252 -0.8540236683553188 -0.8117315183527293 -0.5520604304267747 0.19058127733273456,530.3990307993968 37.54214965733791 1251.847234908662,0.69
2,762,10,0.0,-0.20840063529540376 0.8386761917950432 0.5031812998558629 0.06040767041050832 0.5245326149411025 -0.849244634495046 -0.9761762589635374 -0.14658711123155632 -0.1599754051619805,202.10526411878922 -56.05212840672487 805.5330906717262,0.69
2,764,10,0.0,0.8788637649552279 -0.21312683891901038 -0.4268201414894935 -0.4226725030606867 -0.7627448465128651 -0.48945710156711336 -0.2212384184655432 0.6105712486274276 -0.7604316619818043,-27.22673748094812 -215.08343403501695 1785.2108191214797,0.69
2,768,10,0.0,-0.016362095457820247 -0.31401678053032434 -0.9492764314874775 -0.897166908633228 0.42372277025614963 -0.1247018525121083 0.4413885135407654 0.8496190178614322 -0.2886584566619329,285.26799710629047 -397.9716259147311 1254.905919173164,0.69
2,769,10,0.0,-0.03255615709167081 -0.3269433043367584 -0.9444830185793625 -0.9001130629199368 0.4203458705892913 -0.11448066666219509 0.4344382241427569 0.846414452161524 -0.3079707852634648,336.73518524623097 -394.1372662400854 1224.8282981608065,0.69
2,770,10,0.0,-0.3769444086659353 -0.34773786419587494 -0.8584819686982246 -0.8381631873347001 0.5225240321794344 0.15636849808027709 0.394202212287583 0.7784902141963227 -0.4884235889349928,188.06141133305147 -380.64886339180015 1108.1485972135781,0.69
2,773,10,0.0,0.3355819235539701 -0.7299546863140927 -0.5954417927152171 -0.8475289488800755 0.0419558475719618 -0.5290882607512213 0.4111927205022621 0.6822066129719153 -0.6045781039893322,384.6660452502621 -124.41069178675932 1132.0275437112248,0.69
2,775,10,0.0,-0.029715327607411246 0.6206312367695789 -0.7835393208072247 0.9623194539887435 -0.19420927931153098 -0.19032609990251498 -0.2702929295782458 -0.7596707337887636 -0.5914745205373186,454.49692838525084 -290.50194797009846 1124.5777188695597,0.69
2,785,10,0.0,0.3119628442461572 -0.781076093730799 -0.5409245045402211 -0.08279450756431678 0.5448224891358547 -0.8344540280021383 0.9464799275880234 0.3051042299510892 0.10529556276939067,504.0570118744088 -107.30195490481155 1482.7951646902507,0.69
2,788,10,0.0,0.1435866667509455 -0.7088154730631187 -0.6906254370334621 0.12792825551805936 0.7052957669799615 -0.6972748686997505 0.9813344132208242 0.011768866829712177 0.191948595207377,409.1821177196765 -24.225015142952973 1222.6274304835235,0.69
2,791,10,0.0,-0.278088948149856 -0.7128838456612596 -0.6437881324722601 -0.3953351206460481 0.6957706899760414 -0.5996776545395351 0.8754294256538795 0.08774833084154277 -0.47531416046004965,333.732529438205 -155.29780522077724 1285.767821086407,0.69
2,794,10,0.0,-0.011254012270134117 -0.9904415431103937 -0.13747325881394384 0.09356318391033375 0.13583577403130376 -0.9863034893529868 0.995549736489536 -0.023962307368416425 0.09114016678280101,-49.51303062669638 -14.629515190112674 395.11761240634246,0.69
2,801,10,0.0,-0.5358848596246204 0.7750489874962232 -0.3348529292184557 0.13137150641339762 -0.31523267266202726 -0.9398775927688829 -0.8340077604721527 -0.5476563056036463 0.06710906350702706,361.1725873905455 27.09279457069088 1349.7522889852203,0.69
2,803,10,0.0,-0.6137109303432455 0.6239522302769356 -0.4837794004602367 0.13551085231345567 -0.5204065605386379 -0.8430977527271828 -0.7778146970085542 -0.5829756650845581 0.23482689589718742,425.28616570061473 135.3930046488792 1213.6771961776708,0.69
2,804,10,0.0,-0.0025453769882464172 0.3806700238612239 -0.9247074423781193 -0.3570111224275366 -0.8641176620434 -0.35474459066725583 -0.9340966649758567 0.3292278832027197 0.13810293770531534,-422.30256166481644 273.86356253911305 784.2029540742799,0.69
2,808,10,0.0,0.124575581247866 0.9914834025912242 0.03796823597278326 0.1433452753663666 0.019880539410448927 -0.9894730396442799 -0.9818009251303939 0.12870674628347262 -0.13964783161304334,-164.73425708774056 -229.93127623377657 1856.8001205011794,0.69
2,809,10,0.0,0.49950030213658947 -0.4279297355943994 -0.7532433800303614 -0.6994178179395516 0.3138555643413139 -0.6421132304202054 0.511188971041172 0.8475675938390418 -0.14253073268514804,342.18434483445435 -88.29021142331038 1034.5670651896287,0.69
2,819,10,0.0,-0.22380717105886383 0.5740460054314973 -0.787643024364953 0.937670365218406 -0.09362945371811515 -0.3346756812014115 -0.2658658240049101 -0.8134523397499014 -0.5173109844006807,396.2341531974177 -136.79075499742976 1008.1808234862533,0.69
2,821,10,0.0,-0.21281626045917468 0.4908236331021818 -0.8448676822275472 0.8182720839949797 -0.383021220519999 -0.4286321746974706 -0.5339850520741993 -0.7825515355679427 -0.32011413330493466,451.62741147796163 -156.66485230704643 1137.8373255437193,0.69
2,828,10,0.0,-0.589479215744928 0.2836991621244485 -0.7563260141067676 0.5248727025130511 -0.57718858655716 -0.6255893075371366 -0.6140219054409954 -0.765746773390547 0.19133472941569063,488.92422814145056 -85.61641947950493 1072.191364463137,0.69
2,837,10,0.0,-0.030348717703587713 -0.6474772342730395 0.761480260040852 -0.49983815222341016 -0.6499040988192758 -0.5725264045612151 0.8655869551441006 -0.3979923283632998 -0.3039100683562892,-491.3409901538684 482.2812675399922 1254.5439628807694,0.69
2,840,10,0.0,0.30814598444057445 -0.8795606029270853 0.36251785894172345 0.2400099873129955 0.44060979952415685 0.8650191966386052 -0.9205657272911938 -0.17954428518286064 0.34687546957807586,-155.56826561428642 -254.31436102419357 1190.0209337164526,0.69
2,844,10,0.0,-0.33016747997366336 -0.4563996852447224 -0.8262498184425573 -0.6821703127614295 0.7203734542519233 -0.12532258693518017 0.6524056250177599 0.5222656543538648 -0.5491862040578909,365.1742217376639 -413.7982937752913 1171.6224260594306,0.69
2,850,10,0.0,-0.5322716483506025 0.5210254320027953 -0.6672476238761988 0.4843473404363027 -0.45901161366734244 -0.744792583428959 -0.6943302860846652 -0.7196115880979148 -0.008038414071443345,325.64113235184607 -252.33937841923927 1177.2310370131743,0.69
2,856,10,0.0,-0.5690635664691435 0.5037889990463833 -0.6498948389987891 0.5267928494389846 -0.3835049802026004 -0.7585599672667669 -0.6313920739899845 -0.7740287944254052 -0.04715373053088834,499.55615295297036 -34.75486750718828 1010.6388803514343,0.69
2,867,10,0.0,-0.05276924959180476 -0.10774016937494976 -0.9927776499300209 -0.11264144646201754 0.9884601063167066 -0.10128436581876565 0.9922334961270267 0.10648321052364193 -0.06429630658222527,69.20217839720686 -75.09286938580381 316.8523238260936,0.69
2,877,10,0.0,-0.5910697025096079 0.5371015091086911 -0.6017961246870656 0.17423976170886926 -0.6434401256634369 -0.7454027838194979 -0.7875767341756865 -0.5454418150448195 0.28673352469806,371.3388813685163 143.1850680957257 960.0731656746989,0.69
2,883,10,0.0,-0.034902775433724886 0.8853736358309692 0.4635680330247909 0.9981810474924586 0.05369873305580197 -0.027405154534507786 -0.04915681736932806 0.4617683088342599 -0.8856374180568852,-318.08148280820217 65.86251789505536 1597.255374728791,0.69
2,886,10,0.0,0.5760006051818809 -0.5062795656991235 -0.6417977128236073 -0.23087875530809235 0.6523994437065253 -0.721851761928169 0.7841672673463823 0.5639645088185274 0.2588932784287459,399.10602219168146 -57.054057385543956 1118.5814245588226,0.69
2,894,10,0.0,-0.5537087131428629 -0.32378106563207654 -0.7671847773045501 -0.7676174931624749 0.5555623103901183 0.31955266148938954 0.32275384611284325 0.7658435485215969 -0.5561597018907571,191.30463605085515 -391.9735724703537 1027.3169825134328,0.69
2,902,10,0.0,-0.6832407497707234 0.6398864583797924 -0.35174905576974347 0.34195838122594047 -0.14523281360589269 -0.92842441553497 -0.6451717161826565 -0.754620931484333 -0.11958556101655204,323.3049158992574 -307.2587446627917 1311.304664528873,0.69
2,903,10,0.0,-0.13182864890736923 0.8757758771946098 0.4643681947025114 0.1161163636639605 -0.45158857611481595 0.8846382017593701 0.9844481689843894 0.17054140507983623 -0.04215959839323424,296.85720947552807 -79.0899047053095 1308.5181533045222,0.69
2,904,10,0.0,-0.33629996130233153 -0.9201232524154213 0.20068765879474768 -0.6659372151237319 0.08166276856704091 -0.7415246575422922 0.6659053698096287 -0.38302009424367345 -0.6402075021930537,41.51639997422071 -93.43303751030614 1262.267010343557,0.69
2,907,10,0.0,-0.18118197979177875 0.11139470624511309 0.9771204171540457 0.7878864087620084 0.6110591995073894 0.07643076334496644 -0.5885644374975753 0.7837077734193745 -0.19847929059528968,-10.541811010450036 4.933277018924485 98.03569641680315,0.69
2,918,10,0.0,-0.1525874075951862 0.5135672058007029 -0.8443730266709369 0.8813829088748425 -0.3157868233399336 -0.35134434697059613 -0.4470808103539018 -0.7978266775001523 -0.40446426502518906,364.22900498260293 -234.8887323832544 946.5770717504574,0.69
2,925,10,0.0,-0.03035022828929612 0.6792742544782161 -0.7332566746002729 0.47699694798994013 -0.6348294957314087 -0.6078366745744184 -0.8783807689442371 -0.36820917771352296 -0.3047445261140248,325.00342789662574 -148.50117024121792 994.1433781464817,0.69
2,934,10,0.0,0.23046587303327087 -0.4704443906027224 -0.8518025338759245 -0.593877020786354 0.6254348688732687 -0.5061040495583905 0.7708408172566739 0.6225056627436497 -0.1352447200564694,356.37740850301526 -196.51422374313705 913.4156760089941,0.69
2,942,10,0.0,0.06775780449444435 0.7013074035501351 -0.7096314576284373 0.7821968633636923 -0.4788680240704508 -0.3985642764559606 -0.6193358918019316 -0.528065659978596 -0.5810074972642573,259.3995600995712 -263.46567777915936 1028.909858343146,0.69
2,952,10,0.0,-0.34190471143138745 0.7860379240052789 -0.5150199513868285 0.259471730670085 -0.4477793867096338 -0.8556681844155569 -0.9032029612905899 -0.4261901017895838 -0.050856738516089184,339.11976955771036 50.828288127294755 943.0787783817801,0.69
2,956,10,0.0,-0.5185139451826156 0.5183142193717452 -0.6800688631662368 0.2766412758199949 -0.6508750569226471 -0.7069874573064407 -0.8090815120640471 -0.5547179736343499 0.19410068666327662,402.23331384502706 4.5869124226681945 851.033980566288,0.69
2,968,10,0.0,-0.6634557175862814 -0.22937984166456707 -0.7121877554690271 -0.5369843962773913 0.8088088784251058 0.2397414364170873 0.5210319270032099 0.5414915386399503 -0.6597822706201351,-86.71574373776679 -382.17118372024726 1017.9404929730247,0.69
2,969,10,0.0,-0.8978148827766935 -0.14685265823386645 -0.41516591025073263 -0.3642231599815237 0.7775372452419475 0.5126181054104871 0.2475276267363818 0.6114492039664546 -0.7515716499250377,-6.982323391161193 -386.91380312485154 1074.9771877349456,0.69
2,982,10,0.0,0.36959674821466193 -0.5192041505314426 -0.7706006058783441 -0.8856907705916643 0.05393011273343207 -0.46113273775487174 0.28098060893572674 0.852947004808319 -0.4399219298814573,397.52139599898925 -185.95823960671527 798.5142939157939,0.69
2,984,10,0.0,0.2790606563097786 -0.5110685195250863 -0.8129785473494318 -0.9602723166795338 -0.1498350398631827 -0.2354284151246821 -0.00149262147810586 0.8463796011126656 -0.5325780157887556,410.7141508747186 -209.21206053940728 785.7792887275842,0.69
2,991,10,0.0,-0.2853293109289772 0.5279907764195227 -0.7998830691674282 0.3399181546105099 -0.7245772539549858 -0.5995360299575311 -0.8961265716911763 -0.44295997908046003 0.027269478213892362,394.12366493149074 -118.31859638032014 898.2447315297061,0.69
2,1001,10,0.0,0.6369067563814196 0.41510258095830616 -0.6496457734469233 0.6030851336836864 -0.7931957031765424 0.08443280163538527 -0.48024796220851196 -0.4455675299480688 -0.7555338980155347,107.64971600097624 -351.25335634253673 1047.4291408619652,0.69
2,1012,10,0.0,-0.3340284976257729 0.42759405886387025 -0.8399930259223527 0.7631437346577545 -0.4003604532391386 -0.5072702906092239 -0.5532057510786417 -0.8104781479512404 -0.19258392629459842,347.70228984042785 -102.96341033273411 1245.351047692563,0.69
2,1038,10,0.0,-0.2382427260306561 0.5779527183225208 -0.780519736378966 0.6695187455808997 -0.4844448483619729 -0.5630788916407038 -0.7035517413874122 -0.6567220449163816 -0.27153471769110094,394.9563835599063 -254.31299226736093 1076.3923888638003,0.69
2,1050,10,0.0,-0.1457437874599269 0.8200162261790662 -0.5534727971814684 0.6364303725924196 -0.3506084775145979 -0.6870444500443696 -0.7574398519081964 -0.4523793588327597 -0.4707842249304359,525.018596851411 -14.965879500650233 1330.8456326156381,0.69
2,1057,10,0.0,-0.9499365606239607 -0.30984457881823546 0.04021029428977644 -0.29777509777819733 0.9367817315999054 0.18376609721019668 -0.09460719810408288 0.16259251002931438 -0.9821472159250171,-119.33174870655881 -2.637228130573407 964.5913064445219,0.69
2,1061,10,0.0,0.9973590211747848 0.07256982221141446 -0.0029332210074966628 -0.03586084140161887 0.45692744104117994 -0.8887808018164698 -0.06315839560377592 0.8865387383119605 0.45832312022959765,265.49301715761635 -40.37610400185263 982.4262036288683,0.69
2,1069,10,0.0,0.11402150757380689 0.028165417572002444 0.9930789520796375 -0.27967005522592625 0.9600837650042353 0.00488102296853099 -0.9533015032089918 -0.27829098696919147 0.11734722217074266,-298.6322529388786 -0.6807109626339706 906.6827597839109,0.69
2,1071,10,0.0,0.9616519021530595 0.25032573632235317 -0.11208320489740738 -0.2742336495126437 0.8844757409361313 -0.3774898265787542 0.004639456905606562 0.39375079610097696 0.9192055189180861,-3.5206697143698196 56.70772022831223 340.14253619999437,0.69
