scene_id,im_id,obj_id,score,R,t,time
2,3,5,0.0,0.9646757071610838 0.2631826162989341 -0.011648626155539604 0.23020495018839082 -0.8636478057506064 -0.4484619811432441 -0.12808770792712312 0.4299388073903203 -0.8937259988261308,137.58017916761065 44.31085231227276 1000.7568861839004,0.69
2,8,5,0.0,0.9487594796737304 0.2618574404366096 0.17687885859316194 0.3146519047984813 -0.8344839245346792 -0.45236131410619906 0.029148388221645838 0.484837354770842 -0.8741184764566489,-41.58711835845478 196.16494566071256 1136.380401892842,0.69
2,17,5,0.0,0.9070676378417171 0.4205179803417289 -0.019822426429705636 0.19182327161560137 -0.45476396136703234 -0.8697089006722027 -0.37474275556297953 0.7850823954535457 -0.4931668069750714,65.20125505829932 48.67330912728597 971.7611080261719,0.69
2,27,5,0.0,0.9771662696988705 0.21134032242507333 0.02193967821232476 0.1324204553147122 -0.5249879540023796 -0.840745188012777 -0.16616529233579022 0.8244531013160552 -0.5409863023712338,254.62757036127314 130.55325157321133 1000.470947353114,0.69
2,36,5,0.0,0.990647918575832 0.10507408938297295 0.0870410085058163 0.13424870407319076 -0.864572568185422 -0.48424328575204073 0.024371845971108294 0.49139974570771067 -0.8705930754619852,144.5033823255658 148.64731241043796 974.0919889314547,0.69
2,38,5,0.0,-0.9857968354146386 0.06900599215105058 0.15311032732553706 0.0029823331891254343 0.9187336337399096 -0.3948665799023912 -0.16791576750035417 -0.388801598867998 -0.9058905075904347,271.25358158196246 161.4951339295261 1213.6287733122697,0.69
2,39,5,0.0,0.9987705880593071 -0.04936221379177842 -0.004547997057982006 -0.04342461814648123 -0.8269865565584337 -0.560542182008149 0.023908470601377803 0.5600505397919006 -0.8281133846957817,252.66253687683516 171.47015886170715 943.7831794805564,0.69
2,41,5,0.0,0.9779388932612865 -0.20887293807477594 -0.002759852695430956 -0.15637219369021058 -0.7232436106401234 -0.6726562396267121 0.13850363925688353 0.658248262746092 -0.7399499756769715,312.907207845501 95.10921396764414 995.5747619647898,0.69
2,47,5,0.0,0.9459875891670186 -0.31720618436675363 0.06699043022294698 -0.14782144463903182 -0.6059204521376349 -0.7816707914372607 0.28854168095233673 0.7295482453414639 -0.6200831041662002,290.6258323042731 -5.817404035513766 970.8580603823807,0.69
2,58,5,0.0,0.8931244059331434 -0.33152403464167246 -0.30400758211182444 -0.4120738086112804 -0.33206290944401523 -0.8484865352073477 0.1803440372819806 0.8830775949068593 -0.43318586033058915,205.51821260672713 -8.044135742967173 968.2816091981151,0.69
2,61,5,0.0,0.8658901611591201 -0.41864278515405867 -0.27381096991590065 -0.41781214164333286 -0.30426413468290797 -0.856070295385299 0.27507679491960996 0.8556643937807125 -0.43837335926427023,343.69518319815785 -103.54807015439378 987.7975918730526,0.69
2,62,5,0.0,0.7218065009524002 -0.6647333477728083 -0.19267836293057644 -0.5306052575185745 -0.35276135307076945 -0.7707253002680832 0.4443573290455551 0.6585506845630291 -0.6073364471074215,119.60577136920756 -131.76298377888497 1094.7603871506337,0.69
2,64,5,0.0,0.7369976212071319 -0.657195838270662 -0.15788646710453383 -0.38394707587005567 -0.2148269777801812 -0.8980167106177187 0.556254572355017 0.7224562268937514 -0.41065539197310147,130.17975080100143 -81.98120708504857 1109.172446221168,0.69
2,65,5,0.0,0.7350391100452245 -0.5425134796479414 -0.40668984632543626 -0.48276422155228754 0.002408882618477437 -0.8757470546188233 0.4760842499946182 0.8400436427262652 -0.2601354747477721,320.4809568966802 -45.70608431192716 1037.030179100202,0.69
2,69,5,0.0,0.9393736490067083 -0.28383894201656273 -0.19238659658806864 -0.22262220145918193 -0.07810673305166393 -0.9717709059595597 0.26079973728761563 0.9556855095934617 -0.1365602569703067,225.82627289018515 102.0319833745385 1079.5137685596055,0.69
2,72,5,0.0,0.8866700001954886 -0.20120975609720818 -0.416330331353163 -0.4595622494081989 -0.28381083009024927 -0.8415782504570565 0.05117469757808976 0.9375318910707974 -0.3441149568865111,117.02915512455633 -9.661549499032825 1009.7677549652582,0.69
2,79,5,0.0,0.806675944969054 0.5637128914809975 -0.17748717076571274 0.20361307050079047 -0.5470251199716578 -0.8119761299701078 -0.5548113529205438 0.6188629041218472 -0.5560513182902719,238.01580620414623 63.10201195556626 962.6131021895663,0.69
2,89,5,0.0,0.755428810474461 0.2114842709848568 -0.6201626523994688 -0.44150283934625634 -0.5350638604909354 -0.720265165092503 -0.48415137628053334 0.8179126287828918 -0.31083174954165294,63.106739655322016 -71.68370173386548 942.8529905335262,0.69
2,96,5,0.0,0.8723661497381429 0.4826551786835681 -0.0775969025218205 0.016606138636477752 -0.18789917663122763 -0.9820479293705031 -0.488570912919132 0.855416786082223 -0.1719319200675846,175.02412186105462 89.17675953141674 1026.8695580278772,0.69
2,97,5,0.0,0.8576051599538039 0.4893759779594773 -0.1581914720103986 0.31026454012447313 -0.7375908219754477 -0.5997463584540824 -0.41018203856575763 0.46526436735880466 -0.7843977076102726,312.7449672849608 -39.541158780188766 907.6165601900857,0.69
2,102,5,0.0,0.7152975271869471 0.6901491128388287 -0.10974356312794259 0.5251444717648864 -0.6344673618011967 -0.5671635130928363 -0.4610561043680232 0.3480594329375475 -0.8162609262779736,192.84857827488577 -7.909239324932085 937.3531599619828,0.69
2,107,5,0.0,0.6730687130049144 0.7392836929028485 -0.020931530804871007 0.6830776045888282 -0.6322482743459166 -0.36560512263342176 -0.28351982943543286 0.23177950943631248 -0.9305346663732444,39.23602988550105 91.29038350200607 963.88202053056,0.69
2,110,5,0.0,0.962903817371023 -0.208869146216396 -0.17085057287333283 -0.26549247268745774 -0.6200421989001965 -0.7382827497167388 0.04826992271188879 0.7562548190536329 -0.6524941863492313,163.53894336070127 47.2580649693052 990.5207752880418,0.69
2,115,5,0.0,0.8808053803671403 -0.4319939663630711 -0.19381200928270514 -0.2704579954236095 -0.12306321536093497 -0.954833973911942 0.38863138657053986 0.8934409090985984 -0.225230964392842,109.56449436299454 -52.481461653174335 944.8815727487176,0.69
2,119,5,0.0,0.9546318168529292 -0.18924496664302157 -0.22992267581158207 -0.2936330942859826 -0.7267409381946982 -0.6209889006189475 -0.04957519734822527 0.6603286691884365 -0.7493386073436448,283.8164974984854 -18.947861113924205 836.3482326933088,0.69
2,124,5,0.0,0.9642885732506449 -0.18418934976307377 -0.1903203376733365 -0.25745503796169344 -0.8205309160247004 -0.5103390238614025 -0.06216470804547963 0.5411130189540094 -0.8386490623568944,153.85228010569415 106.82232801342354 1034.3332896486793,0.69
2,126,5,0.0,0.9322252527528742 -0.34695412127044284 -0.10285385682265286 -0.36036643073859637 -0.8640887475908567 -0.3514067043805356 0.03304714400011564 0.3646552810810774 -0.9305559694360764,233.3423059850377 16.981160620589733 938.8011258524506,0.69
2,136,5,0.0,0.9236590989555677 0.01657668565815093 0.38285647755938346 0.28674574436441025 -0.69267776561232 -0.6617963365834115 0.254225779584778 0.7210566735832314 -0.644551414920173,3.4765032414730532 104.62149241804204 1000.7133408656563,0.69
2,153,5,0.0,0.9190904693098747 0.3063861631382401 -0.2477906944604287 -0.01852965619748234 -0.594535729932177 -0.8038556572390447 -0.3936106719398712 0.7434075496465187 -0.5407548927782363,324.7521786051893 -68.70873172549328 865.812205835217,0.69
2,156,5,0.0,0.981983776045808 0.18191134670226655 -0.051148074487556844 0.06782196772119756 -0.5919294611253872 -0.8031311809077227 -0.17637472686652622 0.7851928266309979 -0.5936027128728286,48.38579106046176 49.20836827404277 948.1815401052165,0.69
2,162,5,0.0,0.4856527442618028 -0.8708933136876018 -0.07540721560440242 -0.7332289988519192 -0.35887511731166083 -0.5775672129000696 0.47593765057367854 0.33578785914438636 -0.8128529180716749,225.29763650703669 -52.14973566160566 1056.9884812097164,0.69
2,166,5,0.0,0.043849700952550696 -0.9950552378702783 -0.08911945530183349 -0.8243738637266479 0.014351886283709314 -0.5658637257896086 0.564344696555899 0.09828070485615731 -0.8196682051429146,134.12718121025057 -120.5779133704745 1065.9531273024347,0.69
2,175,5,0.0,0.23720875343647185 -0.9714532238478245 0.003262080437963749 -0.9373801868572044 -0.22976784146984464 -0.26177303970012067 0.2550497845140587 0.059037046860059963 -0.9651239477483581,193.31823824128972 -32.0189418774342 1028.2932088923603,0.69
2,176,5,0.0,0.2542667293827827 -0.9669210553757785 0.020300320193860938 -0.8865864066784486 -0.2414252329433666 -0.39456102239227564 0.3864103697133131 0.08232575277051371 -0.9186454683983309,152.95135154172726 -121.6004065907632 1018.8099428307644,0.69
2,178,5,0.0,0.9990653828217273 0.032483066871129125 -0.028516858416045714 0.02451754057003981 -0.9692009451631833 -0.2450477873786832 -0.03559846979396019 0.24411959827395596 -0.9690915182204882,452.1026278974899 343.47101598124203 1469.5100974515262,0.69
2,203,5,0.0,0.885207673158769 -0.33782741075560907 -0.3198124699304238 -0.43600699439466795 -0.8421932659224224 -0.3171882779578272 -0.16218901386889692 0.4202179712685844 -0.8928110552648583,303.461404675981 18.511948038423995 818.4296223615835,0.69
2,207,5,0.0,0.853018908680188 -0.017096601357572655 -0.5215998923083486 -0.35756337949355543 -0.7471620087315894 -0.560265439192285 -0.38014098842299054 0.6644220337482769 -0.6434564398547855,237.24489940392692 -53.05393160403844 774.092567820618,0.69
2,217,5,0.0,0.9253414619441006 -0.2990818003963746 -0.23300913174984825 -0.2993802063264191 -0.19931671269163592 -0.9330832439293673 0.23262560234657267 0.9331789349923536 -0.2739751894231141,142.07136879005367 42.87339729007619 853.4891885852621,0.69
2,219,5,0.0,0.971988333332462 -0.17279123629646123 -0.15931688085298085 -0.1849989514493309 -0.14438849611434718 -0.9720737369934881 0.14496229795443538 0.974317787402538 -0.17231013122504388,153.65965963992332 1.2216806211564384 777.1770022657917,0.69
2,221,5,0.0,0.9770796282276583 -0.047695111000309265 -0.20746222906632558 -0.21286151510595286 -0.20829016792425936 -0.9546230571973849 0.0023185101463177593 0.9769034662302881 -0.21366853342958436,85.54238538587181 44.09857159670171 797.7941457305691,0.69
2,224,5,0.0,0.8554014520905578 -0.01925576892221506 0.5176075454671987 0.40923199444002223 -0.5874610583680939 -0.6981537650315154 0.31751776405109305 0.8090233125591951 -0.4946349656542096,203.8827508954475 27.45926674879878 829.0217612551469,0.69
2,243,5,0.0,0.4084796546515309 -0.9062760845574058 -0.10866476105464773 -0.6608456981659758 -0.21151673280697592 -0.7200997395904168 0.6296247572572808 0.36595673282774854 -0.6853089338004796,197.78126267797887 -221.28961253569614 973.7678618745148,0.69
2,248,5,0.0,0.6964539284754394 -0.6858372294649087 0.21113791746397842 -0.07251297835203185 -0.3599821028924525 -0.9301369541995659 0.713928423220175 0.6324872965341091 -0.30044304991350484,301.4953524766199 55.3073331159117 967.1518424325412,0.69
2,249,5,0.0,0.41578309536634483 -0.904406779847979 -0.09577470528584234 -0.7319484064110299 -0.27026315145796176 -0.6254673127481278 0.539792504542194 0.3301608782533447 -0.7743499509337142,140.9565145216837 -28.893308324592436 912.3626187926515,0.69
2,254,5,0.0,0.05261924314579325 -0.9984941140956556 0.015515133486238175 -0.8492809122339418 -0.05291803410276141 -0.5252824133566464 0.5253124283375064 0.014463256307998718 -0.8507864989826304,134.21029055083858 -210.989318661839 959.0240925407433,0.69
2,258,5,0.0,0.9402318109807399 0.21361693577635138 -0.265201708835746 -0.1663527266479775 -0.3914108077897257 -0.9050548877732099 -0.2971378669181377 0.8950784235445051 -0.33248113292098624,207.6465047817078 53.743656044191496 795.6153843691645,0.69
2,263,5,0.0,0.780712480964 0.6205931602787607 -0.07315839994324308 0.17344823131721968 -0.3276826552084866 -0.9287302022269138 -0.6003363499905392 0.7123820652506184 -0.3634667247346036,-357.7361399546728 -48.099554090619385 1056.4069165669016,0.69
2,266,5,0.0,0.9926414644384383 -0.09994759524180562 -0.06836227967888156 -0.12106157102761221 -0.8067736413422351 -0.5783255032036174 0.0026493580052211474 0.5823459193990896 -0.8129367817126921,253.0453762832241 -54.379652695044925 794.1447785562137,0.69
2,277,5,0.0,0.8237471200418999 0.5656005918500029 -0.03920016226499723 0.3269982530577558 -0.530449740466267 -0.7821094650600041 -0.4631552922291309 0.6314420348204547 -0.6219068514994445,167.83850608002336 46.25035129339281 692.4041371240555,0.69
2,283,5,0.0,0.7588840533204538 -0.3467807860899744 -0.551215094146322 -0.6381769883014352 -0.22742003642272735 -0.7355339955678429 0.12971170039140267 0.9099578086001049 -0.39389295671446856,130.69098525828585 -81.59048395758067 767.676525649249,0.69
2,307,5,0.0,0.26846934441987136 -0.9632790619798941 0.004202363370800544 -0.9150460593352452 -0.2563850463796803 -0.31137986011932184 0.3010231227028979 0.0797505908694397 -0.9502762350254643,36.600738357631236 -142.45864074826954 823.9291431919487,0.69
2,310,5,0.0,0.3323555016116442 -0.940626812320831 -0.06900014848987054 -0.8611158963857699 -0.27279002399700947 -0.4290279895291712 0.3847326780248903 0.20200693738300912 -0.9006519659163206,104.53595558862955 -206.90715396822932 862.2152358073445,0.69
2,322,5,0.0,0.4558559938032869 -0.8816098079951944 -0.12230886869026969 -0.5276301901381477 -0.1570027269191112 -0.8348392217635351 0.7167996200950439 0.44510031474560774 -0.536734584729698,139.780960235329 -63.72234702223361 917.9500001307194,0.69
2,326,5,0.0,0.3179430805206681 -0.8152939134858029 -0.4839504439320537 -0.6549204819743534 0.18022905767643804 -0.7338914422852632 0.6855591585264604 0.5502847639196156 -0.476650100973895,87.0473262445965 -205.08074822445263 787.8595077908368,0.69
2,338,5,0.0,0.9991138651042057 -0.04181267298876871 -0.00481507363076197 -0.033583844437474523 -0.7230264032056873 -0.6900035838024657 0.025369468842190587 0.6895538562324056 -0.7237899345843958,106.02440857688768 -58.043366498111396 628.8497941140083,0.69
2,342,5,0.0,0.9777957588413054 0.20937040473438398 -0.008915582612302193 0.17664215592651958 -0.8463466044806056 -0.5024887798088437 -0.11275195227395263 0.48975653002845165 -0.8645377600503651,53.51430365250282 3.7383537276873837 600.7594264047557,0.69
2,356,5,0.0,0.9396188467120579 0.34170951534597727 -0.01873579529990399 0.08236302146020422 -0.2789378156680601 -0.9567706243851121 -0.33216374817166383 0.8974565739423545 -0.2902394568079999,73.49075022162052 -19.303921668799546 621.0653093116291,0.69
2,362,5,0.0,-0.9972169026087812 0.07079663183553342 0.023372763467175258 -0.00236934672252246 0.2832447344053648 -0.9590447365101081 -0.07451734930509174 -0.9564309997863819 -0.28228869495635966,102.4959426320403 -28.90011846872675 661.5661482206615,0.69
2,365,5,0.0,0.7875168883478 -0.4911270474482437 -0.37230548455773427 -0.5263134582726962 -0.22164855924147367 -0.820893452177086 0.32064200318740776 0.8424168442350554 -0.4330387584743621,37.1143538853121 -161.90630815442665 696.3649783839327,0.69
2,368,5,0.0,0.27202164685683017 -0.9468125067556811 -0.1719020089827963 -0.8617034352792022 -0.1601536732395643 -0.4814748078309982 0.42833563156632193 0.27910012181813576 -0.8594368555814801,110.51915824142905 -202.293439085105 754.3422273610323,0.69
2,387,5,0.0,0.8953070619028188 0.05834239434185022 -0.44161230726668155 -0.2856493316509842 -0.685517452443388 -0.6696792379362475 -0.3418036340273285 0.7257148113535972 -0.5970831502795275,-32.65182169449077 -79.23039390932463 604.4387256089319,0.69
2,402,5,0.0,0.8552485484372496 -0.49144108738254016 -0.16442499210352485 -0.5179995198766416 -0.8199278055747041 -0.24371067078201364 -0.015047185901240143 0.293605264390332 -0.9558083128529155,270.1588018929353 -16.625506036959248 1033.4155137892064,0.69
2,415,5,0.0,0.9125458099510142 -0.3335270456899514 -0.2366851379664145 -0.3908640411834585 -0.5409329098662731 -0.744726049184089 0.12035549863044576 0.7721083452579305 -0.6239897892854315,357.1094139544812 -98.40391961010594 976.3442296295665,0.69
2,417,5,0.0,0.9733302366914249 -0.129158774117771 -0.18959499310532968 -0.22918089696365268 -0.5106454302140622 -0.8286841141643968 0.01021600749564118 0.850034855561753 -0.526627361158684,382.4110373899181 -55.26062946569323 1003.4527928216195,0.69
2,425,5,0.0,0.6919068583995013 -0.41387875779513333 -0.5915820088083221 -0.6789800258819951 -0.0944361931797309 -0.7280576418601798 0.2454608395508694 0.9054204433652235 -0.34635645942194365,192.92805822387308 -218.58826554452594 1065.7527061711576,0.69
2,428,5,0.0,0.922769825131452 0.23620442499339855 -0.30447219814033394 -0.1677991892486309 -0.46497839322281215 -0.869274712575624 -0.3468995271175373 0.8532306625112988 -0.38943311959328675,265.0930749877126 -59.42607807762716 968.115064988296,0.69
2,434,5,0.0,0.9326652515002825 0.14998744293453808 -0.3280842812538768 -0.23804783755675196 -0.42745886758652146 -0.8721308064483233 -0.2710512049013405 0.8915058516261165 -0.36297184579237557,334.5721191149349 -112.70259547544585 988.3553501507376,0.69
2,435,5,0.0,0.9143291226531042 0.1784045455180878 -0.3635575244811877 -0.26184961165221 -0.4243867060198659 -0.8667933459776873 -0.30892885321055996 0.8877317961479652 -0.34131396361988453,342.036296513039 -105.59095427739929 957.6257391077182,0.69
2,438,5,0.0,0.9264992216745884 -0.3177401659298727 -0.20159459117555276 -0.3232463067033859 -0.39776757197450674 -0.8586575475054802 0.1926422005662359 0.860710256497715 -0.4712396809699238,198.1480123423367 -78.14708866753735 1081.4699374620968,0.69
2,442,5,0.0,0.9255225043249817 0.15123144465555982 -0.3471845966275099 -0.30090793935750754 -0.2629324359741587 -0.9166902127460037 -0.22991847689916745 0.9528880229387331 -0.1978431442337078,259.1535929326077 32.560226572472324 1014.6726783913666,0.69
2,446,5,0.0,0.8021838643126818 -0.5954671632358739 -0.043816724480425784 -0.41187489919345704 -0.498739619410548 -0.7626387476679907 0.43227319515643353 0.6298235066572561 -0.6453388530153792,150.54413214988375 -143.74121191458838 1086.8572753074384,0.69
2,453,5,0.0,0.9156238208565756 -0.38202445245523126 0.12526107298872013 -0.3431528632669098 -0.904954619843313 -0.2516013681520157 0.20947346159293362 0.18738851018812597 -0.9596907914207307,67.08955226373979 -36.884563135847934 1129.1049597541744,0.69
2,473,5,0.0,0.7779495256131657 -0.5855339342985636 -0.22791346468143397 -0.45437757320235816 -0.27373000250918234 -0.8477103908157894 0.43397644702101684 0.7630346633745863 -0.4790016136923196,-16.36958520326924 -140.46771815718486 1204.23206417693,0.69
2,474,5,0.0,0.8150333106538666 -0.5224994596320428 -0.25042966519328547 -0.529389277865049 -0.4958366928768513 -0.6883988425894316 0.23551580627660593 0.6936427673386139 -0.68072903295857,185.2233791134625 -136.83767515318038 947.0653957122006,0.69
2,476,5,0.0,-0.14705678974449632 -0.8559613429676814 -0.4956858682018339 -0.026226198153471825 0.5043321797392517 -0.863111371150832 0.9887803027571178 -0.11392643163207467 -0.096614083109681,364.58201431954404 -862.2681239938593 2798.405505382865,0.69
2,477,5,0.0,-0.05752817715517011 -0.9959251004984243 0.06945288352837797 -0.4191902210769539 -0.03904167699285166 -0.9070586012000768 0.9060739856030838 -0.08129539750065129 -0.41523606654354267,159.30808158016688 -327.136415861525 1151.9774339428423,0.69
2,480,5,0.0,0.23782460259064447 -0.9685497848111241 0.07314897637647888 -0.09067095314475437 0.05284318971834984 0.9944779412114739 -0.9670668211961483 -0.24314380856339973 -0.07525192156258304,-105.57229291013195 -74.64720846912442 319.56533527635156,0.69
2,491,5,0.0,-0.9257589925030313 0.37769249293616963 -0.01785129069378734 -0.2975392977904569 -0.6985375905458914 0.6507807625189167 0.23332521096129843 0.6077776035475496 0.7590558151782147,26.795717479056535 -120.06511666744693 444.68956058327626,0.69
2,494,5,0.0,0.8584383135608036 -0.5069047546800286 0.07830218064436922 0.09607721676133016 0.008955475025365693 -0.9953335962814007 0.5038380992246217 0.8619555494048692 0.056389720870652825,203.6818935492346 116.74694258377713 1051.8029254518394,0.69
2,499,5,0.0,0.8376872647478278 0.5460161740898628 0.012098930182920464 -0.07080635284160808 0.13054255423039735 -0.9889110687682049 -0.5415408635334662 0.8275415271557508 0.14801524906628824,205.98979173301515 206.67440818030357 1216.9366291079043,0.69
2,501,5,0.0,0.8282321434307864 -0.5541871511054235 -0.0831150897111943 -0.26349215271788234 -0.25422665757126117 -0.9305593436402867 0.4945739601355308 0.7926193336840829 -0.3565826549708485,261.78774474471066 -131.23339946949585 924.8881186150527,0.69
2,503,5,0.0,0.7287345881281166 -0.6745048336406252 0.11827565033081067 -0.08450747124727426 -0.25997456572412814 -0.9619104493038537 0.6795619084153663 0.690982238969992 -0.2464531559117913,184.59657038559436 -18.42869400917224 1274.267859955364,0.69
2,521,5,0.0,0.857812099450911 -0.4873242265906782 0.16332023822361208 -0.18043814432987113 -0.5830846541399379 -0.7921201690256988 0.4812488733559931 0.6500210644927643 -0.5881089504584002,187.5857763015843 -218.15576333221114 1068.1548059069085,0.69
2,527,5,0.0,0.06647672178250932 -0.436799558440811 -0.8970992092332728 -0.17676544945438313 0.8797112072706833 -0.4414319513600556 0.9820055098319156 0.18792109394176376 -0.01873075309457741,-13.789795354095153 59.52258851146835 232.04171155718745,0.69
2,529,5,0.0,0.557931517406542 -0.8298182787287476 0.010679240239472143 -0.19922358671243284 -0.14641857392009283 -0.9689538501438756 0.8056192552203971 0.5384823353638123 -0.2470109109316177,203.58726408499737 -62.44134342751471 1304.6114872816818,0.69
2,532,5,0.0,0.39958772426894107 -0.9138748441742686 -0.07184998120406691 -0.8696626141763275 -0.35313676460007015 -0.3449367521615967 0.28985615073267745 0.20031773429542107 -0.9358719021368173,154.1398082002522 -330.4595204857284 1023.5174734438541,0.69
2,535,5,0.0,0.27355508908918036 -0.9505073779917168 -0.1473205268003152 -0.9549174096991482 -0.25001293655000356 -0.16008207960641058 0.11532716023071027 0.18447020339598386 -0.976048354423163,136.39102376350715 -221.5399390147911 1029.857551210683,0.69
2,540,5,0.0,0.9044764125254087 -0.38477881609782427 0.18403174146739915 -0.16052545900284468 -0.706835321535953 -0.6889233667405192 0.39516325258947466 0.593573155484244 -0.7010826719377569,202.5145411529873 -99.88294253906024 974.9373492308883,0.69
2,543,5,0.0,0.9895183497314699 -0.11737843156289898 -0.0841174140623822 -0.12572582553890999 -0.4137089005810313 -0.9016861773214636 0.07103838636447189 0.9028107494840035 -0.42413004878087074,-6.566891304507823 -101.07303808180976 970.3723764184468,0.69
2,549,5,0.0,0.8853597027317225 -0.4451763519800814 -0.13400079259654302 -0.4647343564931405 -0.8396250411438704 -0.2811614628270745 0.012656013341556631 0.3112038012651203 -0.9502589222966747,336.15272638358715 -118.89866119724927 847.2832519093836,0.69
2,560,5,0.0,0.9995440526788287 -0.005790151467123925 -0.02963377971793209 -0.029074209771647624 -0.4493868505852554 -0.8928640147565696 -0.008147213053393814 0.8933184945287169 -0.4493502979329262,311.71674578351576 -15.719195794945996 876.0447267823578,0.69
2,563,5,0.0,0.8170388509240635 -0.5321312018037782 -0.2219997751069869 -0.4277344709695301 -0.30119897014111147 -0.8522455061367881 0.3866403217786555 0.7912746453999399 -0.47370211855352434,110.99491478277113 -135.6895553463018 944.2732975581497,0.69
2,571,5,0.0,0.9947092133863757 0.032399753040720805 -0.09748762386660843 -0.07911546932070163 -0.3637353348633116 -0.9281364924869829 -0.06553108665680844 0.9309386994720837 -0.3592475671550233,268.93177722796037 21.889876054252163 907.7219459316253,0.69
2,575,5,0.0,0.9779227232342658 0.11332708116641106 -0.17556799268767428 -0.14942915661230582 -0.20806696110584325 -0.9666328500782055 -0.14607557816490938 0.9715272061916131 -0.18653903905967317,124.45568135602154 -2.993886491344067 1007.0865659707293,0.69
2,589,5,0.0,0.9231475582472913 -0.3804411875446537 -0.0553451761373835 -0.36621467265686425 -0.8264036262072584 -0.4277193707588186 0.11698461109432383 0.41511630829335955 -0.9022156346217917,188.9272755762459 -111.74330269244439 811.2977571930819,0.69
2,603,5,0.0,0.908579510018892 0.4111368282426371 -0.0738226417599239 0.06878352824747916 -0.32157681392360804 -0.944381903145422 -0.41200983024153437 0.8529682650657792 -0.32045754566715473,181.58594722043603 -96.50498841633879 859.3837913924079,0.69
2,607,5,0.0,0.8141984275423806 -0.5298629684525078 -0.23733131957289472 -0.3681041986330438 -0.15500398402856871 -0.9167731801727164 0.4489768585754052 0.8337979369115565 -0.3212487834464011,45.15370669097356 -119.29445668156819 841.6963888288035,0.69
2,611,5,0.0,0.8563224980111537 -0.4761218021995715 -0.2000495160458296 -0.32515169849513376 -0.19610049823454026 -0.9251059223450551 0.40123328920425855 0.8572354542728604 -0.322737081185188,42.48541931696073 -144.84388153454262 818.7775932680456,0.69
2,615,5,0.0,0.5683606531102502 -0.8080313216473411 0.15508562548779903 -0.5952574216304836 -0.5339469003716424 -0.600474237230328 0.5680094805458086 0.2489700600882903 -0.7844610501418882,62.335560621088646 -218.52484611272467 869.6509810382051,0.69
2,625,5,0.0,0.9254260552242364 -0.37817699456675924 -0.023849048043094304 -0.311110346889096 -0.7223627594119194 -0.6175778460027075 0.21632606955855976 0.5789423154298283 -0.786148094848607,-5.221151939646815 -203.52017718885236 1143.799614619784,0.69
2,642,5,0.0,0.459714107127292 -0.866427128692779 0.194851149273858 -0.5350013794183156 -0.44532535273796586 -0.7179546324311208 0.7088275274907545 0.22580823916321763 -0.6682620559311675,117.47157181659725 -231.90581872325112 907.7333174830944,0.69
2,648,5,0.0,0.4632692016354958 -0.7988685890884206 0.3836543029654257 -0.10187954844976954 -0.47805007935608324 -0.8724039656233307 0.8803420951105777 0.3650713615110323 -0.3028542497321108,168.8195460668038 -243.12061967634585 1107.6473674111103,0.69
2,649,5,0.0,0.32963371747770154 -0.9406883671283771 0.08029326404611076 -0.5976519857524135 -0.27374967261178995 -0.7535736332112044 0.7308582052820012 0.2004158494088863 -0.652441392829798,151.83539723253986 -220.9721313065557 899.6672325806027,0.69
2,652,5,0.0,0.9438828233196367 -0.330259725015801 -0.0037053845467443086 -0.2798663759268258 -0.7938004229517077 -0.5399589800598511 0.1753853684539744 0.5106950191201961 -0.8416831767227417,195.5626193008829 -139.6091628211671 740.0193242268921,0.69
2,667,5,0.0,0.9752330719341133 0.20339248953411637 -0.08690195974238828 0.006818648114197121 -0.42036252366415316 -0.9073306204116552 -0.22107456082473187 0.8842662743200257 -0.41133829709417197,148.03310415162395 -65.33819196577001 739.7025272266138,0.69
2,669,5,0.0,-0.9705047135587577 -0.23390411295424127 -0.058390640545582226 -0.09134806669418596 0.5809257517482251 -0.8088144420489739 0.22310565136604765 -0.7796243562760518 -0.5851578688095065,145.38426303607633 -118.84418994349511 724.2729929671423,0.69
2,679,5,0.0,0.40059510499494533 -0.9156515037746479 0.033254856627496665 -0.5020746387805827 -0.2497272466601516 -0.827983912506087 0.7664493583710776 0.31498988223555086 -0.5597649106024754,-46.31412619134133 -221.21216508786253 858.459531441893,0.69
2,691,5,0.0,0.8235545896872167 -0.5603216103494083 -0.08830362835446937 -0.5652828957464947 -0.7978011007599339 -0.20968703203273012 0.047043443555675614 0.22260524836958226 -0.9737729806360107,156.92991274240978 -196.65158973309696 693.7137364422578,0.69
2,695,5,0.0,0.8039972550145653 -0.5836957583901384 0.11352389865752749 -0.4990288580649341 -0.7661384928133673 -0.40497161462017284 0.32335524233797625 0.2689443650032902 -0.9072542729497204,194.2884320294972 -248.9187236431388 883.8721418700511,0.69
2,703,5,0.0,0.9789673416351546 -0.07414011989554603 -0.19006889970132487 -0.1918827730845386 -0.01809642017858931 -0.9812509979460441 0.06931049996346658 0.9970836284878987 -0.0319420161577239,112.85939505164309 8.584341179237592 1616.307057888986,0.69
2,708,5,0.0,-0.5239023686615554 -0.8503412972626002 -0.049456913374877315 -0.744628696848093 0.4854182633047943 -0.458145406481904 0.413587248281572 -0.20319642669081678 -0.8875003099937266,-50.17877664688531 -60.98470044312066 1111.7300286146326,0.69
2,711,5,0.0,0.12786581506786 0.9357516416171558 0.3286627428654335 0.9029176071338634 0.027279292190939275 -0.42894712371715454 -0.4103536621801862 0.3516030509372175 -0.8414185441900779,-29.560182781961178 -4.067734364611793 159.79531726846363,0.69
2,727,5,0.0,0.37931931353746756 -0.7752440426412737 0.5050876485588209 0.3722313472733989 -0.37190511269063226 -0.8503707492979744 0.8470895362855655 0.5105715047902526 0.1474993424111523,-544.6455851094275 209.0677554324747 1097.818493678969,0.69
2,739,5,0.0,0.17503384882674866 0.7886507646185159 -0.5894006474644599 -0.25182445135915765 -0.5428688762397343 -0.8011727834293094 -0.9518127953870726 0.2886578505373414 0.10358111729754493,123.22942900902854 -91.23966509365681 1527.0509066333698,0.69
2,740,5,0.0,0.20364010825906806 -0.9397263452850155 -0.27467271849512537 0.2114638447255925 0.31614693067739263 -0.9248427761501596 0.9559360588878867 0.13025173396362605 0.2630983411528154,-634.1418026696851 231.04542830851491 1085.5656093876448,0.69
2,750,5,0.0,-0.5354187547675964 -0.8445854489291835 0.0014752966501231923 -0.45877229255961954 0.28936784332691046 -0.8401156080135183 0.7091225145365978 -0.45049047792980257 -0.5424053730116163,-77.64899604002156 -151.41259075685335 1199.257538542334,0.69
2,754,5,0.0,-0.6238262555625982 -0.7719436847345533 -0.12224463370303124 -0.6349057883997737 0.5917435320115728 -0.4967234967050889 0.4557800376576508 -0.2322553334606316 -0.859256665584784,-27.701318336930477 -262.87192782599914 1143.6428081393074,0.69
2,756,5,0.0,-0.5413868888762186 -0.83731700818765 -0.07616077962187845 -0.413466078754629 0.34401652121329274 -0.8430293202798915 0.7320833547296375 -0.42491512203261034 -0.5324482141915887,-67.50256640350203 -175.320024837064 1171.6726264570343,0.69
2,757,5,0.0,-0.4789562335405601 -0.8726145716821554 -0.09562811114211678 -0.410897433461497 0.31912008408083825 -0.8540056622241993 0.7757346360240691 -0.3697379899661476 -0.5113996414238065,-8.717783805744101 -207.76762969021146 1159.0819888752555,0.69
2,758,5,0.0,-0.4428861741448653 -0.8965778191050415 0.0002259207185670853 -0.5415071049400033 0.2672896088131934 -0.7970735978063669 0.714578121726953 -0.35313521391860203 -0.6038821314129463,-20.762575466479227 -279.5661824030613 1208.5188921315282,0.69
2,761,5,0.0,-0.4760178667992724 -0.8782384371364542 -0.04587197427611567 -0.1992262644439195 0.15849433728886675 -0.9670514156977821 0.8565721721160405 -0.45119484990797654 -0.2504142994577724,-6.112137019047486 -29.194943250753816 1112.195787558572,0.69
2,764,5,0.0,-0.7915159695322533 -0.5835198040243675 0.18167858510782336 -0.42889025389926594 0.31857970063812713 -0.8453165823829226 0.4353798572346223 -0.7470017487614636 -0.5024268775271432,-120.63807607905318 9.62347739092795 1233.9757479598518,0.69
2,768,5,0.0,-0.8387049957850297 -0.5421901588085343 0.0510270686636992 -0.4913550807519796 0.712992714059335 -0.5002115295727586 0.23482784047989086 -0.4446023182457325 -0.8643984405041875,-143.1031914285808 -141.60123096167982 1121.214677417599,0.69
2,769,5,0.0,-0.6920741939606134 -0.7185781239176939 0.06840168039379016 -0.6696235675669483 0.6037519835371468 -0.43253649572478003 0.2695136134088214 -0.34515072389013934 -0.8990180142719238,-133.7135682678598 -191.05111205810599 1192.1387790315116,0.69
2,770,5,0.0,-0.898048524458984 -0.43220967008321665 0.08187581330038009 -0.41639413812838477 0.775191218914864 -0.47507314789367766 0.14186179700455412 -0.4607313481887742 -0.8761289033851087,-184.89729228362626 -74.43895494649028 915.1760317541398,0.69
2,773,5,0.0,-0.34328390972896006 -0.8969363936014191 0.278677704803379 -0.9362353200713561 0.30309790327755437 -0.17775006745325161 0.07496387644782308 -0.32192664826328105 -0.9437921648148416,-92.02672670423784 -154.5183612834129 1076.8163849513762,0.69
2,785,5,0.0,-0.8433424412152928 -0.5353696436492904 0.04639904636802675 -0.27850332430298286 0.361599561750648 -0.8897649438441182 0.45957526608513 -0.7632988285072702 -0.45405448263640225,52.95172096536068 -29.29552268809346 1109.3923134603112,0.69
2,788,5,0.0,-0.574578766997664 -0.8180917432167392 0.024189671267736135 -0.25162151258598736 0.1484454711593417 -0.9563736489972006 0.778810538526145 -0.5555986337032135 -0.2911430976474253,-98.41157006607193 -48.9057756284018 1072.961428302052,0.69
2,791,5,0.0,-0.6943641453385774 -0.7150274336174376 0.08120469717133272 -0.3230869332913664 0.20892406525714857 -0.9230198093718287 0.6430188700221846 -0.6671480376429864 -0.37608540075959507,-102.22432192861706 -145.50757275633242 1104.4398610257717,0.69
2,794,5,0.0,-0.7474103499277187 -0.6060470754370693 0.272185067876804 -0.474960597182287 0.20096661274253225 -0.8567525031694035 0.4645322377889079 -0.769622870578161 -0.438053007223853,-196.54995740566142 -99.57013649346533 1011.4051560921835,0.69
2,801,5,0.0,-0.6563193280837919 -0.7536096567427308 0.03629634758130984 -0.11882547807981952 0.05573852925881384 -0.9913494450067375 0.7450674099319754 -0.6549547324969625 -0.1261303018195472,-111.73330406589247 -3.8354801414287962 1192.3013910968127,0.69
2,803,5,0.0,-0.5007302254105763 -0.8626197740713131 0.07180784596010514 -0.08977502389289371 -0.030755977694402192 -0.9954870742109574 0.8609353555554005 -0.5049170181497336 -0.062041263184093864,-65.6669299136004 71.46111264860477 1148.2357071789372,0.69
2,804,5,0.0,-0.2962961696849051 -0.9512178521727725 0.08598358877059692 -0.2070310454520931 -0.023919912605471216 -0.9780419132122917 0.9323876479496429 -0.307591344950998 -0.18984424790382493,48.85364716304336 6.962992350984569 1181.1035378191789,0.69
2,808,5,0.0,-0.9002979890467095 -0.41274049389153944 -0.13823463972759853 -0.03778372328877114 0.3904860710001541 -0.9198331471572985 0.43363108879886414 -0.8229009132678313 -0.367148697083458,-175.05552306712613 -128.31597602112146 1067.2110279125502,0.69
2,809,5,0.0,-0.35921310843145593 -0.9332042029453489 0.00979072704894507 -0.7237327613316584 0.2719282452559689 -0.6342443689992542 0.5892171356183249 -0.23491476121594704 -0.7730706449326549,-171.91107839693547 -192.9817876230726 1096.481296284844,0.69
2,819,5,0.0,-0.5327153384412763 -0.8408243214956083 0.096066792237726 -0.8397969982947727 0.5111692657849201 -0.18288516443931352 0.10466790264682767 -0.17810233602722725 -0.9784294497086434,-100.15105590395657 -50.40289542753057 953.3906116319571,0.69
2,821,5,0.0,-0.5102362506258991 -0.8461708115065932 0.15379832996979578 -0.6752851191020993 0.28342972622323426 -0.6809240766871779 0.5325870599878372 -0.45128987142112537 -0.7160226780530181,-39.52973745137853 -138.56762623968265 1200.079081840989,0.69
2,828,5,0.0,-0.10791502697278865 -0.9756637746621777 -0.19087835331805825 -0.6322033536685261 0.21552535915557092 -0.744222909598415 0.7672504588227567 0.04036109974732205 -0.6400763353409153,-48.071356440673526 -150.3112010880666 1221.6298685203792,0.69
2,837,5,0.0,-0.9235071631857936 -0.3835713986302267 0.002738922667724547 -0.2826480940910089 0.6756568981359521 -0.6808801736781772 0.25931558852342107 -0.6295718689348789 -0.7323897100551015,-181.6182556486415 -129.44435572845447 1007.1651789112859,0.69
2,840,5,0.0,-0.6887510515379662 -0.7216700729859883 -0.06938511916646262 -0.34915213027067893 0.4140479826136211 -0.8406289657280657 0.6353855356653886 -0.5547581219324229 -0.5371486267479593,-109.99284140443912 -181.9731886266424 1048.5112198460283,0.69
2,844,5,0.0,-0.8261777307436782 -0.5589983009976398 -0.07036516684396182 -0.3074176538393465 0.5519262348098682 -0.7751592207001827 0.47214906897201253 -0.61878779141993 -0.6278351104059943,-29.33463875507074 -205.8040850409984 910.5571431051783,0.69
2,850,5,0.0,-0.7069523320758135 -0.705157619186987 -0.05450809366606724 -0.16132267183528698 0.2358102409197418 -0.9583154625848929 0.6886170167259105 -0.6686899598318439 -0.2804645109378259,-170.3288337074864 -179.57488591958116 985.288874837597,0.69
2,856,5,0.0,0.16240915671223477 0.9853880887638994 0.0513184210420643 0.596284870308536 -0.05657417126127229 -0.8007769455892402 -0.7861727667994824 0.16065390648325362 -0.5967601721583945,-7.528908074618631 -180.20446983268914 1068.3749458841141,0.69
2,871,5,0.0,0.6270685944711334 -0.40057671493074876 -0.6680743022174159 0.006847688107445543 0.8604461773766365 -0.5094953238308642 0.7789339426392848 0.31491375215005074 0.5423017994725778,-13.600276997305004 36.60826963627282 132.4511159130374,0.69
2,877,5,0.0,0.40113116511370184 0.869759839273583 -0.287422355361087 -0.23257834497881014 -0.20678652953854737 -0.9503402783468251 -0.8860028791270609 0.4480593188275348 0.11933878242366935,237.39655652622213 -30.93160122628993 1207.9157599891719,0.69
2,886,5,0.0,-0.8773138682435161 0.029855133639919443 -0.47898752341051754 0.2323644521894619 0.8997005636641211 -0.36952084799257784 0.4199132505009693 -0.43548543803186474 -0.796257053542325,42.21543560740319 -5.320955729596137 621.1944754498514,0.69
2,894,5,0.0,-0.9256129407933901 -0.3650574461395253 -0.0998686379896095 -0.1945606968966541 0.6853019505416224 -0.7017886945562286 0.32463336097650286 -0.6301541855783668 -0.7053501849004966,-127.34114876017318 -103.56174636668366 823.667063539452,0.69
2,902,5,0.0,-0.8777501326094024 -0.4748253596174579 0.06399673873197181 -0.2501954335117453 0.3403400357520816 -0.906405486034888 0.4086036585176966 -0.8116092273553963 -0.4175326482055388,-118.39553805916098 -226.00656584027797 871.0462463052911,0.69
2,903,5,0.0,-0.8347713264545039 -0.5436202741062035 -0.08737179241657009 -0.020623383097409353 0.18944561810007154 -0.9816746069102019 0.5502104221104918 -0.8176719118102188 -0.16935505908480097,-160.09519826054148 -2.254973574411393 1057.7856239199427,0.69
2,904,5,0.0,-0.7897355885649968 -0.6039546834527754 -0.10750088599335267 -0.04120193233443842 0.22706634572103934 -0.9730073357445983 0.612062170801142 -0.7639892767417296 -0.20420647418199667,-22.059122853314534 -62.32130770365691 1007.5819532075607,0.69
2,907,5,0.0,0.1692542655148016 0.985156910283047 -0.02861565527129578 0.7089552504008775 -0.14186821841508412 -0.6908370730734991 -0.6846425684501909 0.09663990234520359 -0.7224439651216108,9.593853743554249 -144.82277388728107 943.931999994795,0.69
2,909,5,0.0,-0.3269408187408902 0.8419747674049031 -0.4291715182703715 0.39269560177049045 -0.29202809536860164 -0.8720721047399116 -0.859592848615639 -0.4536497355546967 -0.23516388336648364,44.999485967862036 -246.88579708512992 1581.950764998766,0.69
2,918,5,0.0,-0.5776519699773603 -0.8110342733788878 0.09242082549974492 -0.7106798805683743 0.443988525742132 -0.5457181473660645 0.4015623350572063 -0.3809167841065919 -0.8328565870840526,-127.92174475266363 -156.6701773843555 907.2531123336651,0.69
2,925,5,0.0,-0.6001319652922182 -0.7985261687399807 0.04687837531258532 -0.34074362135860126 0.20218417215857032 -0.9181586709452672 0.7236956603006031 -0.5669898750118922 -0.39342988307457394,-154.11420930889952 -147.80645392019053 829.3371829702066,0.69
2,934,5,0.0,-0.516979289162992 -0.8555058794322318 -0.02901904259984317 -0.4311637257088995 0.28953759069681617 -0.854555922808042 0.739479719944603 -0.4292757549994727 -0.5185480401662745,-152.32558848045406 -187.7018172676115 826.9870871438101,0.69
2,942,5,0.0,-0.760853465722632 -0.61696704979554 0.2011309602334943 -0.5038667471333105 0.3663678976139937 -0.7822358114604564 0.4089257937953489 -0.6965100308426937 -0.5896214650980354,-184.55614514908268 -193.23719894897704 769.5486971179788,0.69
2,952,5,0.0,-0.23488034871535834 -0.9068808665210161 0.3498547065932409 -0.47883247490519476 -0.2052721250731252 -0.8535706272149535 0.8459022891348134 -0.3680087615887077 -0.3860296214417075,-132.87433391462054 -248.17543157196263 1112.2662183576315,0.69
2,956,5,0.0,-0.29125792714760856 -0.5414430457449021 0.7886749952218349 -0.574374446081663 -0.5603089226747995 -0.596781288965554 0.7650247156543771 -0.6268120447035851 -0.14779663410392585,317.72086061893316 -163.60702207757564 2455.7912302508994,0.69
