scene_id,im_id,obj_id,score,R,t,time
49,1,3,0.0,-0.06526906942772387 0.9415080762150392 0.3306092724015691 -0.6869535778856719 0.1979120681298901 -0.6992321468000624 -0.7237642782053514 -0.27275145409402624 0.6338548050488227,19.01530168111731 -10.70156995040036 797.2001868468436,0.69
49,36,3,0.0,-0.09414956575472756 0.9452288290955102 0.31253530986902445 -0.6950207063615321 0.16236208578925088 -0.7004175689022092 -0.7127987633244837 -0.2831625217872146 0.6416672885991557,17.767159744033965 -5.735441537365125 803.5822514687833,0.69
49,47,3,0.0,-0.1068653453373557 0.9480161551632285 0.2997418347769585 -0.6976533404044747 0.14330047145773667 -0.7019578274387065 -0.7084205068943206 -0.2841308579326085 0.6460727830376962,14.08331016616374 -2.8394766730895427 812.8470383546621,0.69
49,58,3,0.0,-0.11031313672428286 0.9517803697574843 0.2862606148431117 -0.7036598218910775 0.12861766875523453 -0.6987992203345579 -0.7019215532538282 -0.27851682719052273 0.6555413869844205,7.394786616587702 3.760587314104843 823.1556665733013,0.69
49,65,3,0.0,-0.11454968840710739 0.9515689530031884 0.2852979084505357 -0.7135606060406042 0.12099623400291973 -0.69006606413015 -0.6911654146387826 -0.28262420108250874 0.6651420378909105,13.732731740449957 10.148662929398823 833.3621818442447,0.69
49,73,3,0.0,-0.1265887334972265 0.9526332645534519 0.276523336841216 -0.7189144486285266 0.10396688105952309 -0.6872793487337563 -0.6834744385159619 -0.285798444553128 0.6717007823326564,5.638219936322106 16.999910700767835 835.7540571759836,0.69
49,91,3,0.0,-0.13799354304422273 0.9547399126986892 0.26349474601631384 -0.7146013523334666 0.08823396825836546 -0.693945007971498 -0.6857861833846487 -0.2840536321638596 0.6700827148443957,1.3962052546436226 14.692651415467873 841.2050208725308,0.69
49,109,3,0.0,-0.1528844039346256 0.9524503466461554 0.26356156056445823 -0.7243796363840886 0.0734109062381576 -0.6854815688531294 -0.6722354508842935 -0.2957180684687879 0.6787122531349197,-0.4322604582802576 25.799531891725987 844.3750562448139,0.69
49,125,3,0.0,-0.1316585524701396 0.9535386997536386 0.27097965538690916 -0.7386451026474543 0.0879417229957617 -0.6683334988547772 -0.6611122732913066 -0.288149616395159 0.6927484108064945,-18.970266168378426 33.58987720586906 842.9559671706891,0.69
49,148,3,0.0,-0.12295471088821022 0.948120747649967 0.29317091763349323 -0.7346437911879665 0.11165530369628696 -0.6692022065306283 -0.6672185842281135 -0.29765775822605034 0.6828024749724289,-16.28555822174223 18.21093837135605 838.8367762939725,0.69
49,231,3,0.0,-0.07457840917098366 0.9142284641964193 0.39827675822043845 -0.7751372390620188 0.19812093507793016 -0.5999252917681975 -0.6273757418842681 -0.3534606206310722 0.6938769834475423,-18.62781828055235 23.49481211980893 803.1560908394755,0.69
49,357,3,0.0,0.053072358773963435 0.811419995231572 0.582048894915679 -0.8241817857514725 0.36469818253021685 -0.43326622265608283 -0.5638330504410694 -0.45671963719283193 0.6881129734518644,-34.18798552728074 21.799913062255552 791.8158810368581,0.69
49,521,3,0.0,0.03665519382699913 0.7409712326817919 0.6705356285116628 -0.8421918023626764 0.38409202509800394 -0.37839963568854096 -0.5379306319578867 -0.5508492975343982 0.6381188655785445,-0.1427337768042689 4.801619260913843 795.6468127350512,0.69
49,526,3,0.0,0.041683711095581895 0.7444105018306724 0.6664198924053114 -0.8451579378216896 0.3820165724750639 -0.37386013225722997 -0.532888851793964 -0.5476461842454587 0.6450683130607952,-4.895571586771838 8.71099809478276 795.5566558101032,0.69
49,537,3,0.0,0.039940540637439376 0.740648445274826 0.6707045800690289 -0.851559409710482 0.3763915846269957 -0.36493279758815145 -0.5227344688722225 -0.556569183061695 0.6457394362426018,-5.847204330182866 11.7732979995213 796.9745649493132,0.69
49,542,3,0.0,0.04324118233701084 0.73226466119757 0.6796459858715459 -0.8516647083372555 0.38266178961340325 -0.3581021912006199 -0.5223001289708008 -0.5633457381848874 0.6401907173225876,-5.378564930756815 12.46317827013892 797.2694371648415,0.69
49,552,3,0.0,0.046358019227432656 0.7262961688986861 0.6858168918132597 -0.8557212677624576 0.38307510001132405 -0.3478427513264093 -0.5153562320883693 -0.5707427991612379 0.6392656812728754,-1.7264894926707715 10.850720016484486 793.681192696479,0.69
49,558,3,0.0,0.043540761940480135 0.7251165234575951 0.6872483026231591 -0.8612349690248378 0.37588379394239957 -0.34203172598496484 -0.5063383554288861 -0.5769899486648258 0.6408619734087305,-2.6705549502110895 14.380218569497941 793.6914952761323,0.69
49,564,3,0.0,0.03976635956147287 0.7217898425862802 0.6909689282351996 -0.8620104819305024 0.374500537322274 -0.34159519403421207 -0.5053281762272619 -0.5820384615165917 0.6370829330834632,-4.4019160956437995 13.885601159230024 794.0990240289428,0.69
49,570,3,0.0,0.044255696258873635 0.7180836147079858 0.6945483105130666 -0.8596838963162604 0.38152699817576263 -0.33967741767371684 -0.5089057199159147 -0.5820593371391823 0.6342096627188518,-5.711149543133865 11.717542016532931 795.3966406547278,0.69
49,576,3,0.0,0.04067978096236914 0.7137165773838765 0.6992523168272657 -0.8618628116081481 0.37912774318865555 -0.33683029601206393 -0.5055073188270882 -0.5889573851409982 0.6305486096250842,-3.5472760698749966 11.808972248890704 795.1404015149265,0.69
49,591,3,0.0,0.0478711184161448 0.7152640170117259 0.6972128383713517 -0.8691434674789036 0.37381100783539895 -0.32381316118995407 -0.4922377362213663 -0.5904766857288545 0.6395617989298077,-5.400603479542363 15.64633904580411 790.2080320206924,0.69
49,594,3,0.0,0.046012832616215055 0.711215164082279 0.7014668984450005 -0.8724963679461657 0.3705650895221532 -0.31848328425238803 -0.4864492852861242 -0.5973730030783573 0.6375833969276203,-1.126570257610114 16.720857330803447 791.739417476065,0.69
49,617,3,0.0,0.05186477313702283 0.701335175960472 0.7109423438422688 -0.875230532662965 0.37474876297340587 -0.3058347255371839 -0.48091741494974755 -0.6063763976363161 0.6332662192061539,-7.05917029157956 17.964503436421122 791.6566726173178,0.69
49,629,3,0.0,0.059251876392888946 0.7039931652978892 0.7077307668582598 -0.877598416848508 0.3746045576895458 -0.2991528774777405 -0.4757207520057476 -0.6033780312309012 0.6400193102860315,-14.647468314730512 13.336208802289793 785.2577253849502,0.69
49,631,3,0.0,0.06028965270389866 0.7035760119731923 0.7080578741548896 -0.876888366146055 0.3762352852051641 -0.29918857512326724 -0.47689826073759745 -0.6028497371173741 0.6396407142787014,-15.938451939943498 14.481522010173638 785.6187171780681,0.69
49,651,3,0.0,0.05557887493064975 0.6950893285507747 0.7167718005029752 -0.8846610576383007 0.3671114252168583 -0.2874091414230427 -0.46291014436899813 -0.6181262223931943 0.6353221005365649,-16.462849734447136 18.807190685668136 781.417873211149,0.69
49,669,3,0.0,0.058496418513151655 0.6887153826351615 0.7226681747128743 -0.8850326592043534 0.3706804806763195 -0.28162594587012735 -0.4618391074419807 -0.6231108271947101 0.631219087060839,-17.827121970170083 12.016930533406052 776.9596823181769,0.69
49,762,3,0.0,0.04276137264109063 0.6593862364266223 0.7505872742199832 -0.9027553745921997 0.34735854718591125 -0.25372184246097185 -0.4280235959088551 -0.6667472016499414 0.6101179971425407,-19.971220192355503 20.791467894791275 759.9618700757844,0.69
49,1024,3,0.0,0.004588774056338937 0.561862775206412 0.8272177252634328 -0.9113163424850652 0.3429068749211651 -0.22785389847760623 -0.4116812687897068 -0.7528114617679176 0.5136082514509943,-24.233998665191447 9.33614881861288 755.1334651048052,0.69
49,1036,3,0.0,-0.004508003900707158 0.5631023804893678 0.8263748465363878 -0.9145138110814075 0.33197833814336664 -0.23120309761101443 -0.40452956287790753 -0.7567734747536913 0.513468344367044,-31.3357311077039 13.33779327964102 755.4646461441084,0.69
49,1052,3,0.0,-0.008499972054877444 0.5682488098493816 0.8228128830905772 -0.9167429539586485 0.3242163692065882 -0.23337973842145948 -0.399387164092986 -0.7562916342544448 0.5181822624468186,-35.90375864574556 13.764235130052628 754.1032787050531,0.69
49,1067,3,0.0,-0.004409477798819464 0.5749749531465226 0.8181591286294471 -0.9187704261873412 0.32065955815723746 -0.2303005682275603 -0.3947676031148878 -0.7527159165425956 0.5268560415468034,-42.83892580857283 16.196302541871106 750.8633085308692,0.69
49,1095,3,0.0,-0.0049700638962249105 0.5788469912567755 0.8154210318466442 -0.9172183008685255 0.32219541429687576 -0.2343089916284044 -0.39835397201072625 -0.7490836239826921 0.5293277219872717,-53.1863143974145 13.698694238814044 750.6396803063367,0.69
49,1102,3,0.0,-0.007977208658021151 0.5800438098685564 0.8145462189312502 -0.9170037240153884 0.32061741401137006 -0.23729442465968464 -0.3987988644466474 -0.7488348632815058 0.5293447017305762,-55.701263975168835 13.990027886597234 751.1078762008352,0.69
49,1130,3,0.0,-0.004225416984500491 0.5676240507541714 0.8232770389466312 -0.915596236719 0.3288303803308646 -0.23141761444942693 -0.40207670556413955 -0.7547671945553043 0.5183249992676442,-53.437461773443296 15.117930261012607 748.3741422132083,0.69
49,1144,3,0.0,-0.007927245072988767 0.563697546945565 0.8259432391836048 -0.9173586994457565 0.32463218417448325 -0.23036267394978477 -0.3979826319536359 -0.759512357085556 0.514539409664216,-51.929057985658375 19.179179197397097 741.4367268538033,0.69
49,1150,3,0.0,-0.011700527293124763 0.5545176395273052 0.8320897097754117 -0.9167356128848135 0.3263693805844267 -0.2303884621365475 -0.3993230693683606 -0.7655019365553583 0.504527374282336,-52.64642988313335 21.484796635494124 742.2449607160572,0.69
49,1157,3,0.0,-0.005298225910186152 0.5659385221823413 0.824430420297718 -0.9171658273084814 0.32577028804986063 -0.2295224708856618 -0.39847054347812616 -0.757355470392852 0.517333468322192,-55.88956701264321 21.508443840687992 737.6902671915868,0.69
49,1168,3,0.0,-0.014994139044008037 0.5541393302906945 0.8322888791875748 -0.9169236271396433 0.324355290482569 -0.23247517615661412 -0.3987809395989351 -0.7666311030482318 0.5032400163457209,-59.899467383476996 28.712765383922026 737.6033959592036,0.69
49,1172,3,0.0,-0.016215980044893816 0.558480490828865 0.8293591401526444 -0.9177514248909802 0.32088263066036693 -0.23402277549644163 -0.39682409717878653 -0.7649404412789487 0.5073428398964632,-61.89919263487232 28.494485083102933 733.3411508995689,0.69
49,1179,3,0.0,-0.01776322323837931 0.5524303226627777 0.8333697897709531 -0.9165227441793137 0.3241130057747279 -0.23438604670434504 -0.399587946893051 -0.7679658183085822 0.5005576636187141,-62.275869015579055 29.180128891311234 734.75151918743,0.69
49,1269,3,0.0,-0.017485897713405668 0.5043454873235798 0.8633248941143175 -0.9057153501893656 0.3577621526090899 -0.2273454345085147 -0.42352561647734066 -0.7859019478133715 0.45053765726145184,-63.04823961483461 19.63330044838401 716.8600604726537,0.69
49,1491,3,0.0,-0.027348500513468238 0.3586442469738287 0.9330736110469742 -0.9066023255889 0.38431141010865527 -0.1742898829453245 -0.42109889902072034 -0.8506932726740419 0.31463736756886457,-62.32447650391743 24.913684680974594 739.0308363565397,0.69
49,1554,3,0.0,-0.032417025688528806 0.3398501054605771 0.9399207638221125 -0.9024345608356428 0.39426751799744686 -0.17368070607155256 -0.42960563294129356 -0.8538471936304335 0.29391150041218705,-65.53218302399499 9.644096103778804 739.8676244330326,0.69
49,1557,3,0.0,-0.03324580428130669 0.33612636292671744 0.9412299318675249 -0.8990485764510239 0.4013236706003577 -0.17507418027008653 -0.43658489859256033 -0.852031912290562 0.2888515998906904,-68.91071693882898 5.9660171134571005 741.3005700620016,0.69
49,1565,3,0.0,-0.027827218701063583 0.347066972171584 0.9374274173113416 -0.8983475457040138 0.4026067462625899 -0.17572562417423826 -0.43840316265617674 -0.8470255749925735 0.30058333666649306,-77.37221944346366 0.3211357565799947 740.9238544880989,0.69
49,1568,3,0.0,-0.031063929281858915 0.3430371776246558 0.9388080352579445 -0.8947449223506448 0.40909537572152865 -0.1790879602067098 -0.4454958543301052 -0.8455568983401246 0.29422266303620803,-81.44034741288642 -0.4638125516702579 745.3633643335206,0.69
49,1575,3,0.0,-0.034450743842729975 0.32959946096875425 0.9434920993722149 -0.894635010237063 0.4106239387389326 -0.17611410901076546 -0.44546755741222377 -0.8501483260370701 0.28072491700872415,-86.66029799041146 1.1609919388737822 746.2311954023531,0.69
49,1582,3,0.0,-0.03432021077035621 0.3247555559221981 0.9451750906738616 -0.8953459620291784 0.4102060897157282 -0.1734548132459211 -0.4440469923450936 -0.8522117065951373 0.27669021618315376,-83.8884927521071 5.737922557467875 746.8265607130635,0.69
49,1587,3,0.0,-0.04038313485115935 0.31621795075559767 0.9478266772145229 -0.8957967561499348 0.4087596949179707 -0.1745384871076332 -0.44262554613448046 -0.8561084741027258 0.26676001664165283,-83.27959042759954 6.989220335420035 748.3467916811358,0.69
49,1592,3,0.0,-0.03841394636598974 0.3217573111090014 0.9460426002419215 -0.8952993684338385 0.4093972505367998 -0.17559308680833313 -0.44380559889050625 -0.8537365659269927 0.2723425534003548,-84.00757702835782 6.937536361942085 748.837738011535,0.69
49,1595,3,0.0,-0.04507916036483556 0.3100962202537807 0.9496358267699887 -0.8941838966469264 0.41132729313905775 -0.17676260038881025 -0.44542454835597023 -0.8571173735861466 0.25874075755215986,-84.08644465357244 5.983528698393557 750.1592024468288,0.69
49,1614,3,0.0,-0.05132214345189798 0.2909712045913597 0.9553542775798705 -0.8916256871970614 0.41755600168484774 -0.1750731829473947 -0.44985516727261365 -0.8608035452736106 0.23800753123065718,-70.10694810662936 -3.151234919548592 749.726055232243,0.69
49,1615,3,0.0,-0.053125084829659164 0.288653399528503 0.9559586498915527 -0.8889806638657214 0.42238029443628505 -0.17694142009370972 -0.4548528384375578 -0.8592287831611297 0.23416830176764175,-69.72707269942136 -3.585351484466698 751.007841092133,0.69
49,1618,3,0.0,-0.053128442515233854 0.29272903834460673 0.9547183242746243 -0.8911307931160223 0.41753983837635883 -0.17761304267719963 -0.4506254299929312 -0.8602152018410774 0.2386766188071215,-69.8324246226113 -2.9067329442267895 750.1957623531512,0.69
49,1631,3,0.0,-0.044749837951632815 0.28555828063059124 0.9573159981775103 -0.8899153936193012 0.42402699493104246 -0.16808241957192877 -0.4539251526438106 -0.8594519043745554 0.23514757039834153,-70.63534587441113 1.389898111001024 751.7306264482762,0.69
49,1641,3,0.0,-0.05312192302445545 0.2678569379523026 0.9619930987720235 -0.8931036962117358 0.41819759143253904 -0.1657605572292718 -0.44670331217388504 -0.8679651118050999 0.2170085610800671,-67.67088322240674 7.990345464757731 757.7571228708383,0.69
49,1644,3,0.0,-0.05201978734897286 0.26296201868972885 0.963402781006361 -0.8958415203913532 0.41403333175248785 -0.1613826835222522 -0.44131837948025304 -0.8714513049646304 0.214034368755035,-66.66812398600224 9.915163448864131 760.5980418968838,0.69
49,1655,3,0.0,-0.04328522221606154 0.25786195733787687 0.9652116868830303 -0.8889353015500838 0.4310056246336082 -0.1550102615708226 -0.4559829154647878 -0.8647203955568945 0.2105664225658022,-72.68619440398469 1.356209963006565 765.8938499766181,0.69
49,1671,3,0.0,-0.04387745115448985 0.24802172689801133 0.9677602969055474 -0.8894292077174244 0.4314455590004673 -0.15089868812527268 -0.45496203549234693 -0.8673753239545738 0.201667036610741,-69.3236986626298 5.701100238898232 766.742037464048,0.69
49,1677,3,0.0,-0.04032372166442852 0.2598834414996609 0.964797696051054 -0.8875426582157075 0.43420622709501755 -0.15405512714384484 -0.45895754413510365 -0.8625111878614693 0.21314882944851424,-76.28956471104428 4.646203800728182 771.8697513643408,0.69
49,1682,3,0.0,-0.04828862990351945 0.252165441711972 0.9664785554932127 -0.8898339024785473 0.4286771000417927 -0.1563060136384969 -0.45372219939280023 -0.8675531879406386 0.2036851292367586,-85.3225437062322 2.9438574355967684 772.5019155756347,0.69
49,1688,3,0.0,-0.038341167105618384 0.2596126932026646 0.96495140003683 -0.8879413788574257 0.43409078987023786 -0.15207002946868553 -0.4583558253341533 -0.8626508190907213 0.21387730525783913,-90.01371452546957 2.5798061172436566 774.3152424040635,0.69
49,1881,3,0.0,-0.08422935978139659 0.17955440901824776 0.9801355157083759 -0.8832446844431854 0.44189934501035205 -0.1568559730526065 -0.46128542395535777 -0.8789113624715121 0.12136957841566443,-84.3234202503535 8.874491532285091 742.0547424068149,0.69
49,2061,3,0.0,-0.12538098249297747 0.108752510674608 0.9861300627458149 -0.8929764479884784 0.4207297752326117 -0.15993598585245444 -0.4322877196578409 -0.9006438517275768 0.044361918109326215,-95.91798331325452 -6.533730130555538 716.463148480452,0.69
49,2064,3,0.0,-0.12021968788174806 0.116996817280198 0.9858290781833932 -0.8923567663721053 0.4224139244441775 -0.15895243925648983 -0.43502485923856643 -0.898820461038784 0.05362043139040218,-97.76735046176601 -7.083414496530168 724.5856045883007,0.69
49,2089,3,0.0,-0.11445232305671493 0.090042330589992 0.9893397012395913 -0.8943236295462477 0.424264425654904 -0.14207372297135096 -0.4325342892559469 -0.901050540106179 0.03196893479951801,-98.90867519995271 -6.339816878334525 727.6520866173227,0.69
49,2097,3,0.0,-0.11590289586422811 0.07212645231118536 0.9906383263367557 -0.8982572786987326 0.41804902546080197 -0.1355318175780928 -0.42391081608639497 -0.9055566173289644 0.016335018111113986,-94.89737527813813 -1.9634762611645964 723.3762396424069,0.69
49,2119,3,0.0,-0.11895858598456249 0.05092509739586076 0.9915924007755281 -0.897907091152716 0.42075772791195587 -0.12932822607627753 -0.42380621807404095 -0.9057425510914185 -0.004326738285097387,-87.43276799577372 -6.550232732878668 728.9273247554003,0.69
49,2123,3,0.0,-0.11638740249374896 0.04820170912297639 0.9920335517402533 -0.8990394427262393 0.4193907974624143 -0.1258548347356312 -0.4221161605094633 -0.9065252088284494 -0.005476567838059554,-88.2287950738334 -6.544033594406846 730.4019823510085,0.69
49,2146,3,0.0,-0.11583518741092455 0.04213657135298082 0.9923742835805911 -0.9004548979078613 0.4172477024866035 -0.12282235791334656 -0.4192412028787476 -0.9078154350550922 -0.010389883758477658,-91.35389265804696 -5.246745434543535 735.178578847839,0.69
49,2151,3,0.0,-0.11935787403343329 0.04311234298887545 0.9919148268819398 -0.8986156097776684 0.42013698837395086 -0.12639183859717856 -0.4221891563862435 -0.9064360081561609 -0.011405233351231947,-95.49789389275811 -8.403749614076153 734.7304853474355,0.69
49,2173,3,0.0,-0.12640763657790363 0.021489715530479625 0.9917455830711863 -0.8976289370367587 0.42307273331117945 -0.12357893721369373 -0.4222361907854976 -0.9058408549270818 -0.03418983380957319,-94.58496984836903 -14.514658690811864 736.7713579517393,0.69
49,2196,3,0.0,-0.12408610028015254 -0.006945486699280523 0.9922471465979502 -0.8942065554663675 0.4342352306328406 -0.10878603144805743 -0.43011309661324904 -0.9007727375380282 -0.060093256110883064,-90.69750414940236 -23.021959536069748 736.8104521778729,0.69
51,1,3,0.0,0.0858126299853704 0.9704054191316552 -0.22571999259017966 -0.8468507492657013 -0.04830771275806377 -0.529632111334089 -0.5248618875505389 0.23660026924752475 0.8176431444027918,-45.02656529945826 103.58860774205769 919.7641001607557,0.69
51,35,3,0.0,0.0677632371225756 0.9726412316739123 -0.2222097615824394 -0.8551536532082394 -0.05810367828911936 -0.5151079420605711 -0.513926427710496 0.2249288710173274 0.8278204091973083,-39.00207577294635 120.19438669295876 919.1298603559089,0.69
51,56,3,0.0,0.07496643815911479 0.9711787071483892 -0.22625638539347048 -0.8529439534044333 -0.05509244008893044 -0.5190871173472361 -0.5165913718797007 0.23189812812230862 0.824230921934392,-48.0396666448858 122.01655193656495 929.8624727932848,0.69
51,83,3,0.0,0.06711624089026738 0.9718084534511271 -0.22601712326655288 -0.8489284460501776 -0.06339967013164889 -0.524691314311595 -0.524228865759594 0.22708767387977413 0.8207406927137724,-56.50620750999887 109.82359334854684 926.410794461436,0.69
51,100,3,0.0,0.06772485689273208 0.97358833938054 -0.21803460546688844 -0.8414427869648216 -0.061686586252120784 -0.5368135629261184 -0.5360852357822709 0.21981926780608294 0.8150411704186878,-55.10351239269919 102.7779769434032 932.9440553897365,0.69
51,116,3,0.0,0.08865868601399035 0.9755602528435269 -0.20105181040255932 -0.8297176805492242 -0.03934451680561303 -0.5567949169859118 -0.5510972763299491 0.21618094751667363 0.8059513570635051,-48.362683332272795 93.9285051319803 946.176166653613,0.69
51,138,3,0.0,0.08664148410643326 0.9795394721166352 -0.18164711887970758 -0.8121320580096633 -0.0361580904925101 -0.5823522240405068 -0.5770050030847425 0.1979773094508545 0.7923826167690562,-36.94776221267957 72.26150066799475 955.7606291871106,0.69
51,169,3,0.0,0.06856545567690578 0.984183477105204 -0.16334522240007168 -0.8092182530152572 -0.04089628090634438 -0.5860830258546691 -0.58349344235797 0.17236698524119987 0.7936151618537202,-35.9319150906084 76.56931904129698 935.7154174740728,0.69
51,240,3,0.0,0.09672108292273755 0.9935797181559439 -0.058688804617301416 -0.8245850531640807 0.04696844595119491 -0.5637849369957659 -0.5574087568532119 0.10292380071725166 0.823833823673969,-21.88484904121196 98.87810174946192 956.7865064376696,0.69
51,407,3,0.0,0.1411578566335589 0.9877985589544704 0.06579108175194395 -0.834463817601135 0.15447733113185544 -0.5289677601526568 -0.5326768219334864 0.019767678008568046 0.8460878454870925,-45.78149774294987 86.27613882400153 993.9309301071063,0.69
51,515,3,0.0,0.1102035509718137 0.986699691074009 0.11949433872639226 -0.8445613620585938 0.15634908017637425 -0.5121240775883658 -0.5239954990941579 -0.04448240958465016 0.8505586588628721,-44.89057322935755 99.55796895660447 1019.2317770846308,0.69
51,520,3,0.0,0.1088517840407763 0.9860091985696711 0.12624242332565896 -0.8506708098303444 0.15810204529360958 -0.5013610640811305 -0.5143058063192815 -0.052816698211570395 0.855978933138136,-41.257194340206105 97.40816931568799 1009.7585005155647,0.69
51,532,3,0.0,0.11864525096375539 0.9828845651781107 0.14092989731914102 -0.8459967772041527 0.17436826184542856 -0.5038701838977885 -0.519819927844186 -0.05944443452199877 0.8522051406911513,-39.76760660633441 99.08932900819333 1010.3854902161485,0.69
51,546,3,0.0,0.13868937581470264 0.9769036507890301 0.16255618755123735 -0.8349750887558913 0.2036090119299071 -0.5112337737454544 -0.5325240447089875 -0.06482767415226168 0.8439286192983317,-32.816805223586876 97.70994525050556 1023.8749420678341,0.69
51,553,3,0.0,0.129470101466516 0.9782139428689755 0.1622805435133323 -0.8421586509420899 0.19487222624616685 -0.5027858610594194 -0.5234561103565886 -0.07157022715204434 0.849041461364376,-38.19290786760315 99.91598166608689 1013.3402476887503,0.69
51,571,3,0.0,0.1328837588529906 0.9753736921439048 0.1760342787830465 -0.8401897392095344 0.20507096949956014 -0.5020230070380489 -0.5257595541310824 -0.081191490576769 0.8467495692929566,-36.25279328190894 104.83315305033265 1013.7612161467641,0.69
51,582,3,0.0,0.12352071842705653 0.9749294227710609 0.18508174608683003 -0.8597450699984156 0.19827849239085257 -0.47066341908908754 -0.49556134507514127 -0.1009864350816318 0.8626822666525724,-34.15858294129777 119.3191430437339 977.6855431738197,0.69
51,601,3,0.0,0.11404347293780068 0.9773715550799733 0.17815422981461898 -0.8528246081492588 0.18829320055094598 -0.48706863824449276 -0.5095922625151881 -0.09638731216729823 0.8550001239987135,-35.822359877174726 119.95855331242674 1076.8573687404005,0.69
51,611,3,0.0,0.12735461799595266 0.9798499268919661 0.1538665722140894 -0.8770955734646727 0.18369002482902674 -0.44380325571923 -0.4631243421412674 -0.07843529529567755 0.8828158064783945,-39.40394229563953 114.66320377668228 1073.0067454772038,0.69
51,618,3,0.0,0.1422892341742839 0.9750431701344188 0.17042473474328312 -0.8620599465320357 0.20668351068776547 -0.4627467719984266 -0.48642206202358806 -0.08107245391625281 0.8699545015647182,-42.26831159127434 106.49109868210193 1048.8812358943571,0.69
51,636,3,0.0,0.1503251279104266 0.968194355656883 0.2000051139167886 -0.8585831121104732 0.22814771249211035 -0.4591118174076032 -0.49014017945625404 -0.10270497046769975 0.8655716570705285,-38.77844606323185 118.63821510581286 1047.279228385179,0.69
51,637,3,0.0,0.12019759455800384 0.9736535228170881 0.19378172196660787 -0.8577624455041476 0.20012731239714596 -0.47348985830262436 -0.4997960837633823 -0.10930634171249676 0.8592182483608091,-37.31555573694905 116.70370721916848 1038.2179601391358,0.69
51,649,3,0.0,0.1696800440913026 0.9643428771497733 0.20310464772542938 -0.8433042247452447 0.2487234793224229 -0.47641852961505393 -0.5099477102252695 -0.09044029038125323 0.8554378333413591,-55.24658881834795 109.73071495374158 1020.9862311696578,0.69
51,654,3,0.0,0.21481365805739103 0.9557010050260385 0.2012229641572307 -0.8244961850533771 0.28789387718864157 -0.4871582456550628 -0.5235084843098815 -0.06125932149078395 0.8498153695868645,-53.2960303117401 107.50255457280328 1002.5374119295856,0.69
51,669,3,0.0,0.17177011476350562 0.9653135940303192 0.19663339709825564 -0.8546498581664121 0.24529265174449189 -0.45760805820733447 -0.4899680067211163 -0.08944931626582525 0.867139073164918,-49.61176096637015 119.96596867991832 1019.4090352582641,0.69
51,672,3,0.0,0.17919723320210992 0.9590463453214878 0.2193592011706053 -0.8502680130373664 0.26313787703814656 -0.4558538841266422 -0.494906716077078 -0.1048263573408651 0.8626000099631623,-44.9447065374502 118.1078919670607 998.2244053034071,0.69
51,675,3,0.0,0.26501564600622696 0.9428267067072815 0.20210024366982804 -0.8100087688738871 0.3313886985709071 -0.4838050483478754 -0.523118057152792 -0.03548706213512387 0.8515210899923182,-45.15551736596486 112.41801627832656 986.9738273348125,0.69
51,681,3,0.0,0.19468034839151524 0.9541999513536616 0.22716076859094333 -0.8433202966243281 0.2810993341673118 -0.4580327953674819 -0.5009096118578819 -0.10239930257264368 0.8594207023228045,-43.12428858358234 112.88971824934531 988.129587643271,0.69
51,685,3,0.0,0.2108041255400441 0.9501958459908965 0.22954188052933128 -0.8378078792305653 0.2966011082435881 -0.45837292687053166 -0.5036264271803852 -0.09568509210070184 0.8586063038408235,-46.836819828128036 114.6012870434958 991.832237522097,0.69
51,694,3,0.0,0.20954729423963372 0.9465069403276973 0.24538651835084363 -0.8283884065777514 0.305175263089553 -0.4697240750119117 -0.5194829923341306 -0.10484593797435657 0.8480240267621283,-49.48465196313332 112.06288168752262 978.7640801779925,0.69
51,698,3,0.0,0.20371261161357448 0.9523224064414232 0.22711936522276957 -0.8392168958939764 0.2893281829177652 -0.4604391427925988 -0.5041985457294139 -0.0968051484122672 0.8581448535796408,-50.65735742539573 107.38756172523198 974.8039364537985,0.69
51,780,3,0.0,0.16083261904777088 0.9434233862760298 0.2899744521120844 -0.8454028006962592 0.2832993728022817 -0.4528085356359296 -0.5093397424363778 -0.172318831232407 0.8431365531024863,-61.15552900619546 105.98407949234102 954.3275058963916,0.69
51,946,3,0.0,0.15118715753093723 0.9152616930636344 0.3734146175607016 -0.8641428416186892 0.30580528860837275 -0.3996752115634981 -0.47999957570490903 -0.2622578095489994 0.8371506726113692,-56.09298764770783 83.20478800831171 870.4416933309935,0.69
51,1038,3,0.0,0.12703001244738424 0.8957006955500828 0.426126319216163 -0.8773385709747348 0.3018870484201141 -0.37301640966075733 -0.4627530743470298 -0.32647277679354747 0.8241814837734966,-47.97486570900176 81.41639113203594 841.5136704872793,0.69
51,1045,3,0.0,0.12972389786942595 0.8977407348430482 0.42099083520312713 -0.8811321056130756 0.29908483685137266 -0.36627103738004657 -0.454728405511939 -0.3234344344207209 0.8298266348168863,-49.560334655726614 79.4740383680445 832.376818108341,0.69
51,1057,3,0.0,0.12536973691524103 0.8941412974819145 0.4298764580704106 -0.8768263112921038 0.3025843218469299 -0.3736553866844634 -0.4641745888043481 -0.33008191151559907 0.821941532469629,-50.01554959613355 73.5312465766974 836.1072606577084,0.69
51,1063,3,0.0,0.11330849073863636 0.893353908360647 0.4348332787900317 -0.8823460575562814 0.2916728287926914 -0.36931341115502014 -0.4567566317432293 -0.341827084007143 0.8212963070644808,-48.99811683299469 73.59918496251322 829.5757264934342,0.69
51,1076,3,0.0,0.10917067649888257 0.891676472885571 0.43931176981174114 -0.8899973853392501 0.28451248702556986 -0.3563106773811636 -0.44270353226744763 -0.35208764878773136 0.8246501501176438,-46.700693785824214 83.35117950360198 822.4842205226806,0.69
51,1080,3,0.0,0.10524790149278643 0.8894486472358641 0.44475159714345724 -0.8874790102503319 0.28579122601666573 -0.36153060935000025 -0.4486690156412142 -0.35665736928063385 0.8194459319206862,-47.783864048487 80.06290086751328 825.0102231761631,0.69
51,1091,3,0.0,0.09258786087148353 0.8949601717686725 0.4364330177324246 -0.8913760903951292 0.2698231759884596 -0.3642034035692077 -0.44370728356782385 -0.3553051430070902 0.822728449648834,-59.49246455560461 74.59405642920548 823.1191612426034,0.69
51,1092,3,0.0,0.09183451562247445 0.8951289191700668 0.43624607712369595 -0.8899356428904343 0.27032654427543923 -0.3673392314649888 -0.4467448637125839 -0.35449651271278704 0.8214324374048653,-58.842145707547594 73.40581203623844 822.5689334602822,0.69
51,1110,3,0.0,0.10836013807603631 0.8918775053140103 0.4391043110594563 -0.886580058117156 0.2865138988736987 -0.36316055168640227 -0.4497042150404224 -0.3499489980940784 0.8217674961373369,-68.06922814236336 69.43560361932414 817.8103967816135,0.69
51,1111,3,0.0,0.11284490300727816 0.8897777869029019 0.4422233799783232 -0.8826139195456607 0.2941768310026511 -0.36667787106053173 -0.45635369713581186 -0.3489347819226568 0.8185266159845164,-68.49057069300841 70.05285143631785 823.6972825801532,0.69
51,1149,3,0.0,0.1131022707954896 0.8908919302487077 0.43990845065608336 -0.8892731220015511 0.28824713607222446 -0.3551153376464825 -0.4431717396523818 -0.35103441022767634 0.8248476538183214,-76.45965730778308 62.214176266583934 815.7234998917108,0.69
51,1150,3,0.0,0.1162103342260625 0.8886189526880947 0.44367951850697457 -0.8888157950829708 0.2924105370711419 -0.35284920323105895 -0.4432850557261023 -0.35334464016492506 0.8237996872035255,-75.89915571953064 62.5598511024226 815.2598750604128,0.69
51,1160,3,0.0,0.13121282272227397 0.8877551938059012 0.44121866577004626 -0.8866207970876734 0.30419287921233795 -0.34838233940331503 -0.4434938075383598 -0.3454814149952999 0.8270162238843766,-78.82996108961272 60.87672539194681 818.1694354168791,0.69
51,1182,3,0.0,0.11164183877548373 0.8776301479390906 0.46615600743017244 -0.8908997917061231 0.2962149535918423 -0.34431709572219815 -0.44026544376411775 -0.37685809623383804 0.8149504980857376,-58.69442187708348 65.9574157131981 812.9207795321049,0.69
51,1220,3,0.0,0.12939478874541255 0.8719786658025811 0.4721336622511479 -0.8969553256533732 0.30592553939455036 -0.31918757514697343 -0.42276250120792574 -0.38218159392009493 0.8217110786895322,-59.35113988226665 75.92687108504559 809.1341772034385,0.69
51,1528,3,0.0,0.06516058238255688 0.8395624557993843 0.5393412475563807 -0.8948236422648327 0.28837092681468524 -0.3407827134875511 -0.4416387072568084 -0.46040969948530247 0.7700507521406552,-79.23002669273896 64.43098674211211 803.6021719359453,0.69
51,1536,3,0.0,0.061745529809984864 0.840462994750203 0.5383395248391152 -0.8957939240949889 0.2845273092527137 -0.34146369623125616 -0.4401598971998531 -0.46115741861638815 0.7704499335791287,-78.39306873019802 65.74189121775233 795.9992486270293,0.69
51,1545,3,0.0,0.06038455211756475 0.8397007161042407 0.5396817703421033 -0.8953443727399313 0.2845771068545862 -0.34259936435611305 -0.4412620084128026 -0.46251332697371994 0.769005372089949,-76.09248764825358 76.8786177576012 796.2400026403643,0.69
51,1566,3,0.0,0.07297300936868062 0.8322684632665724 0.549549037807889 -0.8844772013834776 0.3086155506902496 -0.3499378832092997 -0.4608416432317396 -0.46052757455341603 0.7586430866615856,-71.7549271231504 73.73565774287843 794.9486592514056,0.69
51,1571,3,0.0,0.07523238257405303 0.8285686293878687 0.5548099809903748 -0.8836429459538073 0.31321982813191646 -0.3479489665613186 -0.46207708521231416 -0.46407689627832305 0.7557230985370041,-68.96668597669935 74.55588184797556 790.9223637942413,0.69
51,1584,3,0.0,0.0830309780408165 0.8278531521142782 0.5547657300338936 -0.8793705047616571 0.322768706320005 -0.3500398228426852 -0.46884258769955356 -0.4587804712005119 0.7547894456099808,-68.46771012651652 68.18225159050925 787.509655867696,0.69
51,1588,3,0.0,0.07434036042289832 0.8247540115673653 0.5605839198690343 -0.874806157058561 0.3237974593741449 -0.36037396253791865 -0.47873552028716837 -0.46361193438735726 0.7455711072117713,-69.36340027792126 62.65149231679866 790.7239858190356,0.69
51,1603,3,0.0,0.06764383037159656 0.8137931576258853 0.577204477472195 -0.8656804112450512 0.33548588807663493 -0.3715462884864155 -0.49600578403810747 -0.4745417953170434 0.7271783458671056,-60.08642904313943 49.75624565913704 780.4877487803676,0.69
51,1611,3,0.0,0.07954669645286817 0.8190788271291993 0.5681392417639273 -0.8597423112579403 0.34482200764732357 -0.3767505026870217 -0.5044952738294877 -0.45848408695474263 0.7316261755110911,-64.49923369594448 45.671390862383056 775.8540171976678,0.69
51,1617,3,0.0,0.08347982570867468 0.8163444375277561 0.5715005494460531 -0.85461587897075 0.3536025196041652 -0.3802590663490332 -0.5125064078728204 -0.4566694838141447 0.7271795957273699,-65.26257910120098 44.9130208625585 775.2920789704489,0.69
51,1628,3,0.0,0.08420718465341327 0.8111806366934476 0.5787012395928999 -0.8561687995918578 0.35602216120211827 -0.37446389323726537 -0.5097883253451212 -0.4639333954207068 0.724487175839042,-55.120247808907074 55.7889102781495 772.2930139612749,0.69
51,1629,3,0.0,0.08161981623709687 0.8109829502107337 0.5793486515604548 -0.8558441476229097 0.35491894566021603 -0.3762490358672775 -0.5107533657030933 -0.4651227757043676 0.723043430883669,-54.13958269204422 57.224223576797364 772.6201313665146,0.69
51,1645,3,0.0,0.07584518794448768 0.8101911890750402 0.581238113522193 -0.8552965114087283 0.35250303903137814 -0.3797492396907487 -0.5125576894728284 -0.468328778337201 0.7196893568363092,-46.40658373914889 55.876972476454114 768.4916040811808,0.69
51,1650,3,0.0,0.07270842818976177 0.807014648427568 0.5860382595816617 -0.8525279607206031 0.3552348289330956 -0.38341138807088654 -0.517599807437893 -0.4717367629687165 0.7138311185455932,-42.38338777859389 55.91546219093928 766.5023040731368,0.69
51,1673,3,0.0,0.04724121901721875 0.7965808380378356 0.6026833627176934 -0.8536260831646738 0.34553004712394514 -0.389783910231633 -0.5187396045866409 -0.49605237123257856 0.6963054413314833,-17.026159721643637 57.84957165682271 756.6966510322825,0.69
51,1674,3,0.0,0.05150896967842275 0.7967824902208044 0.6020668478833568 -0.8544018313317193 0.34728808111855886 -0.3865080844303177 -0.5170535143093717 -0.4944983842142693 0.6986608700577165,-16.655959935300675 58.0863236300173 755.9363604902751,0.69
51,1687,3,0.0,0.04915533335305064 0.7969582163439475 0.6020310246198484 -0.849418418507681 0.3504450497970997 -0.3945587628891526 -0.5254256403173152 -0.49198157330796677 0.694177230988281,-17.16626869589779 54.78651394876125 752.566905609433,0.69
51,1693,3,0.0,0.0536889891357389 0.7937989700228837 0.6058058167731568 -0.8485828292008651 0.3560460170343537 -0.3913290376900599 -0.5263313352167416 -0.4930663534906654 0.6927199265391318,-16.71119235459296 57.27963342173879 749.7107215849292,0.69
51,1698,3,0.0,0.05350900678984255 0.7935958185048824 0.6060878344299038 -0.8481622984917501 0.35646211333225175 -0.3918615535822522 -0.5270270406815537 -0.49309272820664335 0.6921719871391597,-16.283685302193867 59.544204178197006 747.9162763714716,0.69
51,1699,3,0.0,0.05786472852055436 0.7946751136387721 0.6042707480562396 -0.8468149018086842 0.3596403614401813 -0.39187157653742166 -0.528730739855355 -0.4890299317898451 0.6937532202055918,-16.31719648513168 60.30663095226866 748.4158602112024,0.69
51,1700,3,0.0,0.05681572856169049 0.7941924350869715 0.6050044206769327 -0.8462488794637405 0.3598475115919105 -0.3929027900225113 -0.5297497588431428 -0.4896612547994139 0.6925294568131348,-16.586518894779786 61.43384656397596 749.6974919337817,0.69
51,1708,3,0.0,0.05057955243879958 0.792873337171716 0.6072837722821819 -0.8465614947545503 0.3566511994476846 -0.39513739070286574 -0.5298823873974602 -0.49411718562979984 0.6892552955119415,-13.33310793674545 57.67943781923047 743.2201820053358,0.69
51,1709,3,0.0,0.050576349201471194 0.7936586485697895 0.6062573566166651 -0.8447907580333337 0.3577794344938807 -0.3978975388145855 -0.5327012371328945 -0.49203640698998535 0.6885706689610511,-13.330405982077862 57.67059747591986 740.922318332662,0.69
51,1715,3,0.0,0.04865001521990824 0.7924109706199889 0.6080444306629162 -0.8424666746101319 0.3595734551726467 -0.40119425781851736 -0.5365473680770869 -0.49273906276678736 0.6850730894096333,-14.526845315451771 59.52432661252742 739.8878480140463,0.69
51,1717,3,0.0,0.05064606818977947 0.7932300326720314 0.6068122370585849 -0.8406120272962343 0.3619315027744751 -0.40296030432826146 -0.5392646802283931 -0.4896853097311967 0.6851291134462401,-16.228355032647908 61.000103533533014 741.4017286478116,0.69
51,1729,3,0.0,0.05538721888626295 0.797893736865434 0.6002481492307651 -0.844106977815273 0.3585197147659281 -0.39868160746104636 -0.5333063528476024 -0.4845917857280199 0.6933650807599971,-15.16077086405441 70.342778108119 737.0275792053819,0.69
51,1927,3,0.0,0.07734037307178755 0.8861126188116544 0.45697143617065206 -0.8431823587764362 0.3027210598746207 -0.4443011025831372 -0.5320356910408567 -0.3509478404138396 0.7705670877785659,-73.32859834859696 64.14424233410688 645.0794390093287,0.69
54,1,3,0.0,-0.04889104835534325 -0.1946443747816164 0.9796546497396871 -0.8107986480966383 0.5805161637458219 0.07487680464935254 -0.5832797078892588 -0.790641860133719 -0.18619943976530534,-29.581813561876423 111.35142608429445 893.7204816764298,0.69
54,22,3,0.0,-0.051877411475006296 -0.24657933880207905 0.9677331056931877 -0.8261622320687257 0.5549977924120963 0.09712577783946214 -0.5610389473841133 -0.7944659087044763 -0.2325063857714387,-13.249075719616314 106.69613186665661 886.6596201959142,0.69
54,32,3,0.0,-0.030143207947082917 -0.2841212528525148 0.9583144059713267 -0.842567127428564 0.5230221075400847 0.12856325603027846 -0.5377471736712685 -0.8035689072517964 -0.2551567920058503,-14.490750078324071 124.12300890376443 885.1180573968262,0.69
54,38,3,0.0,-0.03344608026482665 -0.27887073059862816 0.9597460473116346 -0.8309535745094352 0.5413370261128034 0.12833698285895068 -0.5553354992478974 -0.7932120396052581 -0.24983423204267918,-21.850693332313284 104.71409105830949 900.7764364824756,0.69
54,43,3,0.0,-0.04214133660371655 -0.2939957749173675 0.9548772654535184 -0.8235277542396408 0.5513643760673274 0.13341425261530687 -0.5657085342703133 -0.7807456750662303 -0.26534891203679384,-25.84270084140682 79.43924702120601 899.0391265370209,0.69
54,50,3,0.0,-0.04349965436989406 -0.28766889163134396 0.9567415475755687 -0.8101953849483114 0.5704749887872933 0.13469122234427744 -0.5845435982697591 -0.7692885648153963 -0.25788347323182714,-33.216791909604844 80.00485400443995 906.0117948645791,0.69
54,56,3,0.0,-0.046132339376825426 -0.2889853305061921 0.9562213582721567 -0.8285968402985211 0.5457237943226732 0.1249512567258596 -0.5579418280707483 -0.786557702309431 -0.26462784703575704,-45.41173681625989 88.39914982555825 900.1233533542587,0.69
54,63,3,0.0,-0.053742793117218746 -0.32501082395377257 0.944182014497655 -0.8254180982052353 0.5465868062624464 0.14116595331407628 -0.5619578946355438 -0.7717582701420886 -0.2976449178536033,-29.81055151579268 75.47150454439554 899.2254572067048,0.69
