scene_id,im_id,obj_id,score,R,t,time
50,620,15,0.0,-0.668378797708824 0.7415119059064658 0.058565144687498016 -0.1840027396869236 -0.2411153286981219 0.9528936929450749 0.7207029724935323 0.6261177937622897 0.2975965957016805,-103.42218079076092 41.07203217447685 902.6717239599691,0.69
50,623,15,0.0,-0.6692272942295043 0.7413325792755057 0.050604699020765975 -0.21080397181563748 -0.2547228254270364 0.9437573669504356 0.7125282549660807 0.6209205175472892 0.32674331938663737,-104.22248241534706 37.40064434976545 911.7726377616249,0.69
50,629,15,0.0,-0.6714550856121619 0.7398095127186779 0.04277794871796303 -0.20754410299667897 -0.2431567049180655 0.947523225132077 0.7113884405280059 0.627340977255863 0.31681190782353896,-101.52954377374984 32.56829258144585 911.7933483648144,0.69
50,633,15,0.0,-0.6633474713810139 0.7468147303929595 0.047306349262082104 -0.2217866073537223 -0.2565885242471909 0.9407300516211728 0.714689326218701 0.6135389862859083 0.33584085412039943,-98.07787859339071 29.959805696189637 919.0228544526203,0.69
50,640,15,0.0,-0.664600233332943 0.744928272314019 0.058209955858499085 -0.21498138989619764 -0.26524528607068565 0.9399084743822556 0.7156043123487287 0.6121493341698011 0.336427794368082,-86.887332660507 31.67613313023796 914.7272151004764,0.69
50,642,15,0.0,-0.6677250778006005 0.7424814478479533 0.053521211475348496 -0.21789154330554328 -0.26368908786421463 0.9396761890658224 0.7118050968011612 0.615783537083402 0.33785224525662694,-86.45737888324177 31.495083008848685 912.242263026456,0.69
50,644,15,0.0,-0.6704261008145751 0.7403171780882745 0.04959152320688909 -0.2101639238336957 -0.25357263754866977 0.9442097450277855 0.7115897473020462 0.6226005086040529 0.3255896776935433,-85.71773599362652 29.478635788879316 897.8373979200568,0.69
50,651,15,0.0,-0.6652502134605307 0.7452944056570754 0.044479235458638355 -0.21892712664449338 -0.2516763731802807 0.9427247299196123 0.7138018399457262 0.6174101165992397 0.3305929237158728,-81.25360412221049 26.15464748108392 907.6558789810898,0.69
50,653,15,0.0,-0.6710764376708293 0.7398189144786871 0.04821191328506702 -0.21274534597653444 -0.2544557869600885 0.9433936984355189 0.7102083022384027 0.6228324222951942 0.32815231397865596,-78.30258596606724 26.135440407815853 901.7771786843845,0.69
50,660,15,0.0,-0.6573439054464068 0.751380051355993 0.05768022535263545 -0.21392606624882632 -0.259448253023029 0.9417654921383568 0.7225888375499363 0.6067245029068496 0.3312865065478342,-73.63747396991329 28.79026775188538 904.2586586687198,0.69
50,662,15,0.0,-0.6581008194996275 0.7510128596126422 0.053693538441423105 -0.22044059423214973 -0.2603742127910027 0.9400059647300345 0.7199369804284925 0.6067824602029197 0.3369062038633265,-73.44777780838216 30.364381270610476 904.052954479609,0.69
50,671,15,0.0,-0.6646650285638125 0.7448171373685786 0.05888829838212528 -0.2138202563139333 -0.2651465478416679 0.9402011519656259 0.715891959581968 0.6123273144730048 0.3354906290139379,-66.75104683181534 28.558106421011495 899.5777893673944,0.69
50,681,15,0.0,-0.6698774887318498 0.7399530700079502 0.06110322639697324 -0.20782055868869526 -0.26587263076659584 0.9413407244964853 0.7127936345651726 0.617884453919225 0.33187955063292507,-59.49139881378403 30.19074609041126 895.4872626961422,0.69
50,682,15,0.0,-0.6663770771352624 0.7437685253688064 0.05244017295333658 -0.21897047375133627 -0.26244561642668496 0.9397734993303083 0.7127366432938467 0.6147606681377141 0.3377510891427167,-59.39821350183502 31.18420533609534 899.334530241824,0.69
50,701,15,0.0,-0.6732069302970975 0.7365199873635464 0.0658083369639455 -0.20201277731657902 -0.26879520650425215 0.9417749066317166 0.7113250078556222 0.6207152690037016 0.3297412440457834,-56.92532214175668 43.56379868243116 895.5078376538675,0.69
50,712,15,0.0,-0.6727766227862346 0.73696587579462 0.06521436763947952 -0.19426139614869137 -0.26101658744300305 0.9455859828941893 0.7138866337162433 0.6234995100189553 0.31876987813689706,-47.5341414196772 51.39812726645386 898.0158798132884,0.69
50,721,15,0.0,-0.6648169845766485 0.7436702048187178 0.0705195255464659 -0.1874613106672618 -0.2574727884280116 0.9479272230619906 0.7231020910088178 0.6169784353476147 0.31058167411276005,-36.51743698093913 48.699923353338896 890.3789617879388,0.69
50,722,15,0.0,-0.6653115940244732 0.7434764564274814 0.0678471929754646 -0.1940724553569979 -0.25998918963954454 0.9459077668262795 0.7208996913082435 0.6161561328174933 0.3172621235872177,-35.996258490812615 49.550443601947244 894.2774121295255,0.69
50,735,15,0.0,-0.6684924310409182 0.7401135443559244 0.07314240289951163 -0.18633545789101047 -0.26188588632793364 0.9469397444794364 0.7199978935896625 0.619393028700795 0.3129781289855661,-27.399844338941328 50.08991785857715 886.9815745890036,0.69
50,737,15,0.0,-0.6664032271491132 0.7415413138351703 0.07760939840545822 -0.19103830938796812 -0.2704370535665108 0.943593219774523 0.7207018129513999 0.6139871985097686 0.32188292417382414,-26.878791944015852 50.04768027290521 887.6810195635236,0.69
50,751,15,0.0,-0.6665674266520005 0.7405962425043011 0.08488269149267125 -0.17578754747108277 -0.26682184903618544 0.9475784078539424 0.7244215650300807 0.6167035807139611 0.3080423504227089,-21.343503050745685 53.553990700049006 882.8899617700116,0.69
50,757,15,0.0,-0.6679741030970798 0.7394099599835486 0.08416358279433533 -0.18426166066050942 -0.27390414629547466 0.9439407603513998 0.7210119541327198 0.6150198612396793 0.31920578359178076,-20.156249195973334 54.145264873600624 888.141442279271,0.69
50,769,15,0.0,-0.6738794831655026 0.7345585981294502 0.07943618874727054 -0.17755752998494723 -0.26537099140246445 0.9476558238451962 0.7171887936340331 0.624501323326196 0.30925447684648033,-17.646108367653255 54.565239969843425 880.4809426248477,0.69
50,923,15,0.0,-0.7462210612316408 0.6539286501140515 0.12462523153173327 -0.14794641492278165 -0.3454378641345268 0.9267062859038306 0.6490500643908912 0.6730898919031472 0.3545194089637258,-9.669201520043009 46.04806306647412 844.2060067066227,0.69
50,1026,15,0.0,-0.8035108718085736 0.5765516959401095 0.14818373997847933 -0.11330635072659756 -0.3925007386613646 0.9127457702094841 0.5844073491755962 0.71661099074663 0.3807055793795068,-34.97490440996729 58.879680817536475 807.7190735598743,0.69
50,1044,15,0.0,-0.8192837687634541 0.5530431716127758 0.1513847963741176 -0.10649430151698272 -0.40618923329036627 0.9075622681135408 0.5634119895646179 0.7274294172574177 0.39168019215090866,-44.46305307954873 62.833258767693465 804.1581995066659,0.69
50,1052,15,0.0,-0.8202519501547211 0.5518945934320504 0.15032995712049152 -0.10398396434638826 -0.4023056518713227 0.9095809461676291 0.5624713978738707 0.7304536400161629 0.38738018323212187,-47.03067706014209 62.20418666817332 798.4067353499241,0.69
50,1058,15,0.0,-0.8276291407112107 0.5421913868139756 0.14511549024952752 -0.10929501457709134 -0.409278245669111 0.9058398961243694 0.550531202779839 0.7338390952291605 0.3979894183003251,-47.4331555111981 61.52192286998618 799.8125182111143,0.69
50,1066,15,0.0,-0.8309478174127074 0.5357350813416427 0.15004548429366826 -0.10117569301323648 -0.4107123888678048 0.9061339927261269 0.5470733075926382 0.7377691076823187 0.39548393124030534,-48.04240099293465 59.26233699886289 788.368505385756,0.69
50,1077,15,0.0,-0.8336126563647944 0.5324888717326576 0.1467839930963608 -0.10141130941982304 -0.40877541110830695 0.9069831363344036 0.5429601140693375 0.7411870646160226 0.3947607500444994,-47.19313988777273 63.92447004217578 788.9876907385449,0.69
50,1094,15,0.0,-0.8312059644244002 0.5339744335718406 0.15481585512128493 -0.08951186850186035 -0.40336389607052814 0.9106509719668179 0.5487114634328395 0.7430806629420768 0.3830755255285251,-47.015503547855154 74.88892236979416 788.260384247297,0.69
50,1098,15,0.0,-0.8444816514222656 0.5149040452281178 0.14739255279302083 -0.08909764734228573 -0.40642476486757484 0.9093297090386997 0.528121529242269 0.7547799246866976 0.3890949956511266,-47.959558785198304 74.3978560599362 783.2060902934643,0.69
50,1105,15,0.0,-0.8371935925760489 0.5247579993800012 0.15406469626850705 -0.08762359712199211 -0.4067632502826476 0.9093215951724113 0.5398416376836929 0.7477785101928208 0.3865207703562554,-47.168622365564154 76.16755254946017 784.1292334160834,0.69
50,1113,15,0.0,-0.8438912784003038 0.5175768875208705 0.14128579455879164 -0.0893716527287142 -0.39527310419986117 0.9142056009370887 0.5290181640817628 0.7588631883287089 0.37982422707240104,-45.89825976562855 81.09465139372126 779.6704724308659,0.69
50,1125,15,0.0,-0.8389902198129506 0.5238527636827277 0.1472198799082005 -0.08566757788581561 -0.3943380983641649 0.9149636770264226 0.5373606583640027 0.7550336059808876 0.37572300526066105,-48.50057650260239 79.24224110426904 777.9569582642282,0.69
50,1130,15,0.0,-0.8468270606707841 0.5129418978573453 0.1406219710364812 -0.08575223146843827 -0.3926074441307429 0.9156997049313212 0.5249099771521433 0.7633806417742267 0.37645652026562904,-50.772564388686405 78.55549022433117 774.1119038868488,0.69
50,1145,15,0.0,-0.8493954446481357 0.5074664247354767 0.14493173005656468 -0.08174399518036427 -0.3978084647309498 0.9138196455758419 0.5213878574180153 0.7643469455388684 0.37937903076271084,-51.320262675560734 75.6402473292036 771.2743981876733,0.69
50,1150,15,0.0,-0.8585290694217789 0.49414276728290907 0.13693342360345534 -0.08413513622747862 -0.3991824124557706 0.9130031108588702 0.5058152981175621 0.7723187988958832 0.3842844741363639,-50.81795808083372 73.18439476917783 767.4970003631875,0.69
50,1169,15,0.0,-0.8608056612770578 0.48938210753059064 0.13970957856312058 -0.08353364170745484 -0.4066514009871791 0.9097564337657938 0.5020316167498396 0.7714530386900308 0.3909276977645103,-50.90467310077187 69.68330282250518 770.2127445769127,0.69
50,1189,15,0.0,-0.8740955800570068 0.467178941979403 0.13304417723376863 -0.078424037482234 -0.40602360342332255 0.9104913529562628 0.47938146321044794 0.7854226057570195 0.3915414960078488,-49.00147503965825 71.5616622487241 770.434371782859,0.69
50,1192,15,0.0,-0.8693924076559338 0.4757005102311509 0.1336632562675377 -0.07926518056715806 -0.40126828877181275 0.9125244060165171 0.487723151654578 0.78274694824826 0.3865660905306647,-48.39507266592886 75.38678810632113 773.7870045313689,0.69
50,1209,15,0.0,-0.8815182323760429 0.45352065513015394 0.13131877763264763 -0.07195370108108834 -0.4039198579512294 0.9119602037662564 0.46663505107240943 0.7944606747492129 0.38869520885608444,-52.803632603545815 82.41502702484243 764.2185070744495,0.69
50,1216,15,0.0,-0.8842406537123939 0.44810579021228547 0.1316042062416758 -0.06860823913493982 -0.40336506519525883 0.9124634423925311 0.46196469112377114 0.79780813793684 0.3874155381456337,-52.6838364665522 81.7323893696657 765.0474808573541,0.69
50,1242,15,0.0,-0.8939975563094784 0.43008134159210226 0.12569172179192387 -0.06720484607341815 -0.40604774897864415 0.9113773829833742 0.44300324826904947 0.8063220604471351 0.39190924569261865,-60.165018708318385 87.83545446634749 761.3750506875335,0.69
50,1246,15,0.0,-0.8977605929235608 0.42145126880867123 0.1280810126954724 -0.058378246555029906 -0.4020496709599889 0.913754913754298 0.4365980967923438 0.8128560082207215 0.38554793706720425,-61.86268925410494 87.80238930952842 755.257617411507,0.69
50,1263,15,0.0,-0.8983215808541835 0.4185209797372871 0.1336357994378079 -0.05491918349892422 -0.40876222039108423 0.9109870089440146 0.4358924416131257 0.811020121020861 0.3901847544995264,-62.566518128504015 80.10784645403828 751.4228973312088,0.69
50,1266,15,0.0,-0.8989351957293542 0.41698386226397843 0.13431296471466564 -0.055752342582630426 -0.41299366491199097 0.9090258021855657 0.43451949343565305 0.809667024988654 0.3945023681430141,-62.366091236416246 78.49185139019387 752.6785945851284,0.69
50,1280,15,0.0,-0.903958883410337 0.4038303758751945 0.1406391290645523 -0.05203090069037147 -0.43031588246454 0.9011775777681736 0.4244421308928761 0.8073098963962124 0.40999952280929686,-62.08330368485648 76.64873893799655 754.1569177560591,0.69
50,1284,15,0.0,-0.9070665500174989 0.3985698390164645 0.13554466889458175 -0.05282629944231709 -0.42718327867499606 0.9026205340605271 0.4176597370187637 0.8115765705383997 0.40853863247745226,-60.69089939964934 75.06003239518195 751.4639673559203,0.69
50,1324,15,0.0,-0.9267269374093047 0.35150470354739916 0.1327464759005898 -0.03866915061509549 -0.44064593689015774 0.896847732389898 0.3737403915429504 0.8259997588899468 0.42195084789945836,-71.51657117284564 69.25873646433453 741.8218983717207,0.69
50,1480,15,0.0,-0.9443137771862885 0.305712539161027 0.12170182256598336 0.002653511232368566 -0.3627750762987172 0.9318729542671573 0.32903563499156785 0.8803034064549433 0.3417622909121457,-51.703644740019065 102.84104279071342 812.6537888851354,0.69
50,1542,15,0.0,-0.9538430312463231 0.2803549977172739 0.10763153347311101 -0.009939991505263063 -0.38768461175198754 0.921738486979678 0.30014108067990525 0.8781239759086744 0.37257699153683754,-52.40811534271412 54.20778466320144 809.3302496667626,0.69
50,1564,15,0.0,-0.9576110272556606 0.26905781377246923 0.10290293157309853 -0.010675120680773142 -0.39012232874349584 0.9207011515221446 0.2878665702661729 0.8805750742916423 0.3764576686155562,-52.82762806090294 51.30529868352799 806.6236798721424,0.69
50,1592,15,0.0,-0.9612181068598044 0.25303298555089854 0.10969985992722371 0.0017395002623528666 -0.3921964890448246 0.9198798226506278 0.27578383778548554 0.8843959646018925 0.3765462157719792,-49.461293562897346 56.7996123401233 802.6909007986691,0.69
50,1593,15,0.0,-0.9612561292396161 0.2540524690956105 0.10697661868695486 -0.0016764988663142966 -0.3934598905344716 0.9193402546892813 0.2756516703211166 0.8835421084968307 0.37864165006263195,-49.356256146901316 57.12827096813992 803.2282094675979,0.69
50,1613,15,0.0,-0.963894476052625 0.24143521750344174 0.11232308215278543 0.008612778477284283 -0.393328239815112 0.919357773563071 0.2661451842174433 0.8871312932779519 0.37704748958831624,-52.665727611589816 62.49339720303375 797.3424643455866,0.69
50,1629,15,0.0,-0.965404417264583 0.23527203375139819 0.11243389729308438 0.010588829202112154 -0.3954550717194093 0.9184242826425735 0.26054210374171655 0.8878414027211605 0.37928281768617367,-55.61111652649053 62.35866375376912 790.2684117302182,0.69
50,1656,15,0.0,-0.9691960222313113 0.2218907783124925 0.10688102259465794 0.010112396683092661 -0.3977454186022311 0.9174400914578889 0.24608293302122203 0.8902601105748882 0.38324942999939404,-55.22195693176858 53.693531011801355 779.1905749257814,0.69
50,1658,15,0.0,-0.9677303002272234 0.2255858779258885 0.11229014962379394 0.012532305150765366 -0.40197915488004443 0.9155630510071567 0.2516763941050809 0.887425360648619 0.38618029717728086,-54.2079266098443 52.02169370537909 780.5578897774488,0.69
50,1669,15,0.0,-0.9709779881429313 0.2133739593120037 0.10804304711282868 0.010958725783879394 -0.41157744504162297 0.9113089010111795 0.23891766965023592 0.886044897406745 0.3972943328420021,-59.228794463290036 56.99612467069833 776.3103921810833,0.69
50,1678,15,0.0,-0.9702441845562918 0.21092998089753248 0.11888971988049585 0.021567520412906355 -0.41377890165776543 0.9101218943669755 0.24116605150380316 0.8856046317073212 0.39691733635683557,-66.66307806095728 62.39360144644975 765.5337373178365,0.69
50,1695,15,0.0,-0.9740537867063004 0.20261131938105403 0.10083587586660642 0.009065309624057022 -0.41026480031076185 0.9119213857495561 0.22613500561509076 0.8891745874037558 0.3977832479514738,-72.33859514223025 56.731059483676816 754.0158487646817,0.69
50,1708,15,0.0,-0.9742177261258368 0.19994167914309088 0.1045138605336407 0.014166773879898564 -0.40812182835862676 0.912817547889526 0.2251646611261186 0.8907636601021915 0.3947669910482726,-78.15595522868247 57.710840130842236 746.9995854387973,0.69
50,1711,15,0.0,-0.9735495329747591 0.2030165542008749 0.10481214416770418 0.012793215920245307 -0.40958665146958184 0.9121815107555915 0.2281176022823455 0.8893947681757177 0.3961556586376309,-78.72954814570002 57.67798933827923 746.8577505399086,0.69
50,1713,15,0.0,-0.974880882001945 0.19802551829558207 0.10194684895020537 0.013212215295010668 -0.40549872911511176 0.9140001192850182 0.2223346650302381 0.8923881861554395 0.3926966029087807,-77.5232834854365 56.40818923364351 742.6855336547367,0.69
50,1714,15,0.0,-0.9760615095880327 0.19535055790998912 0.09561427207789959 0.007969470550017815 -0.4071978154644331 0.9133052209530754 0.21734860717263182 0.8922040678035768 0.39589327394497076,-76.55800432758022 55.24092976229255 744.5827466177426,0.69
50,1718,15,0.0,-0.9750740479506333 0.19840497248883704 0.0993280821564067 0.009172430686929092 -0.4112391573252676 0.9114813338723384 0.2216900257757654 0.889672873799189 0.39916877395086003,-73.97180839096742 49.281379090280474 739.4101796509152,0.69
50,1719,15,0.0,-0.9762419190299191 0.19492703136899597 0.09463174927291249 0.006572533945420525 -0.4098885767840523 0.9121119209940634 0.21658374206370432 0.891063862505721 0.39886924625755327,-74.45490372420636 48.61939960496153 740.5504952499144,0.69
50,1733,15,0.0,-0.9747117032755588 0.19743549659951262 0.10467244231488462 0.017213088490049988 -0.4006783656353655 0.9160570707638287 0.22280216579354142 0.8946932837538664 0.3871474175600701,-76.01919641883427 62.77023448261897 733.7502802260826,0.69
50,1743,15,0.0,-0.9750194996997756 0.1979910706403054 0.10068024211286343 0.014705561960488236 -0.39473682590392467 0.9186765397694233 0.2216319508839496 0.8972080997304918 0.3819645325489972,-65.88971530628679 59.56689545551723 735.0408860007678,0.69
50,1745,15,0.0,-0.9736223533382474 0.20560383174631325 0.09892713202820853 0.010789728630350257 -0.3916021459559058 0.9200713782304137 0.2279102780397942 0.8968694574206233 0.37905419336799395,-64.52494444354463 57.28423791598437 734.634711388505,0.69
50,1756,15,0.0,-0.9755151315870227 0.1983935164455787 0.09492228756783852 0.011681517311085132 -0.3842491405329309 0.9231555341073436 0.21962188005311392 0.9016610286754452 0.37252331359241664,-64.65160842365165 56.33545244318421 728.5129672543096,0.69
50,1778,15,0.0,-0.9772896880599568 0.1938408919535537 0.08561877258126972 0.006109113374185474 -0.37809782274861625 0.9257454915723528 0.21181960330775296 0.9052445774703134 0.3683269072646458,-55.00951587210485 50.35338008272018 734.3187337779665,0.69
50,1782,15,0.0,-0.9805182992699879 0.17990264203219597 0.07886002908017495 0.006283323125563942 -0.3725393307875863 0.9279951329973865 0.1963272386786669 0.9104117125818257 0.3641512446039925,-56.84081073706726 48.066470140340336 724.1096699800412,0.69
50,1874,15,0.0,-0.9922384082579525 0.10387831274078263 0.06835376595223402 0.02743277393628294 -0.3532851833068652 0.935113373965957 0.12128637224307365 0.9297305391337658 0.34769345767522275,-60.730647769406886 65.51742941494612 698.768840850655,0.69
54,1,15,0.0,-0.6889285961122773 0.0630807381884197 0.7220790884164773 -0.39637444306260367 -0.8668398484569744 -0.3024499595204147 0.6068481608652839 -0.4945801225248481 0.6221943523190553,23.30713437885623 1.2387697283578114 957.5055592275202,0.69
54,22,15,0.0,-0.670446963304592 0.06298562168465102 0.7392791630072154 -0.40914319579722647 -0.8625899298387298 -0.29755748734260984 0.6189529180224319 -0.5019675531364682 0.6040909375828308,44.20155020889762 -1.014789850842589 953.7085724654863,0.69
54,32,15,0.0,-0.6447319094481689 0.10035150325480688 0.7577930725031857 -0.41437712349607614 -0.8789313192871783 -0.23615955517238324 0.6423490985923742 -0.46627171452984445 0.6082584350150547,48.14817515012588 21.397294167435884 963.1028679262095,0.69
54,38,15,0.0,-0.6563414710050355 0.10259661545785567 0.7474555558262572 -0.423368676813205 -0.8701088360771068 -0.25232831167742276 0.6244796529370529 -0.482062804909418 0.6145247067372327,39.28322693635733 1.5708441050184636 981.6517098955746,0.69
54,43,15,0.0,-0.6588236230696933 0.0960969768838407 0.7461345754749 -0.43245115639236453 -0.8599388553390112 -0.2710925347794328 0.6155789397146636 -0.5012689259389793 0.608105281072079,35.20715301462961 -25.676287550801753 979.1414655675818,0.69
54,50,15,0.0,-0.6371396839868104 0.0977891819702795 0.7645196524477125 -0.4380852763039458 -0.8620577688274773 -0.25482875404845373 0.6341406104129297 -0.49728631500753706 0.5920912152121013,27.57904107656967 -26.11025468251488 961.5420829226555,0.69
54,56,15,0.0,-0.6378362479302879 0.09657787518621883 0.7640926873427903 -0.42945046381082164 -0.8681540630600633 -0.24875856151090311 0.6393255977660227 -0.48680718648846866 0.5952155435002503,14.514998160796539 -17.40805742711073 969.880366434392,0.69
54,63,15,0.0,-0.61953487810283 0.08144955248637695 0.7807320316304952 -0.4393459312288952 -0.8602028532446047 -0.2588941945707858 0.6505011049388975 -0.5034054247518693 0.5687101993139069,32.60796518341349 -29.98932163509341 962.6533211012273,0.69
54,69,15,0.0,-0.594050983185009 0.1061056024736454 0.7973989155376554 -0.4568284388087993 -0.8604090521170941 -0.22584074152038822 0.6621262771348372 -0.4984354162363148 0.5595989000783438,36.783468385370504 -25.656126765113125 957.9175700915389,0.69
54,81,15,0.0,-0.5442377636157949 0.11421448833866713 0.831119911509774 -0.4574292204544379 -0.8708668917077318 -0.17985929278677593 0.7032522768743259 -0.4780647524978707 0.526203693915414,74.00832504688324 3.2799176776523113 957.3525693921146,0.69
54,86,15,0.0,-0.5434996438985074 0.11512045655454758 0.8314778515179273 -0.4485647862546225 -0.8770885236388022 -0.1717712264421816 0.7095052992152635 -0.46632928514492733 0.5283362832530824,68.56429226517338 8.722217396829565 968.1077809833462,0.69
54,90,15,0.0,-0.5390176264804005 0.1233375442317674 0.8332153674328817 -0.46097036565642996 -0.8711244896954075 -0.16925851659368052 0.7049583819843641 -0.47532091647201136 0.5264064076682522,64.6483730788848 -0.1769301213570327 963.1140569248171,0.69
54,135,15,0.0,-0.5369761353647617 0.11044761829345037 0.8363360291545674 -0.4339538444539214 -0.8863283610432172 -0.16157381376357396 0.7234228990931839 -0.4496925171978611 0.5238663465463925,64.4937075899595 -5.120917375865909 1055.2318968210373,0.69
54,202,15,0.0,-0.5365185647201025 0.0979894701158853 0.8381801080060833 -0.3790092074271101 -0.9154062026265826 -0.13558578420414918 0.7539892906375762 -0.39042226875421476 0.5282713333739181,65.61456560248075 7.660138548532626 1114.068585698186,0.69
54,390,15,0.0,-0.4952742741961035 0.0962231905389512 0.8633912733645318 -0.3565374645516137 -0.9288045992692505 -0.10101016160463178 0.7922022656434592 -0.35785906999654454 0.49432019615890543,58.44122665717423 8.496714785476161 1056.001755599637,0.69
54,479,15,0.0,-0.4015265325652706 0.11368909199929367 0.9087635743175925 -0.4081483101501935 -0.9104954917052933 -0.06642978628505078 0.8198727953577017 -0.3975836389298636 0.41199010848275874,81.29612808542093 -16.62305991700491 974.5720502630165,0.69
54,514,15,0.0,-0.36093154052537724 0.1115377685009313 0.9258983471482225 -0.4291443181452369 -0.9013258261507364 -0.058710385089454364 0.827987667334265 -0.41853444459390077 0.373182718558667,97.54912468506143 -22.30823008727009 934.2152960762239,0.69
54,520,15,0.0,-0.3498741122820421 0.11146095538355089 0.9301422262105076 -0.4361846815874419 -0.8980846840961911 -0.05645195957897725 0.8290542980428451 -0.425464870014941 0.3628341429356593,99.75534057011808 -18.384155842946694 921.166619392655,0.69
54,524,15,0.0,-0.35072806309077 0.11093080858574905 0.9298839612914659 -0.4320064350901504 -0.9001576862701075 -0.05555699676500156 0.8308792125220706 -0.42120125303156286 0.36363338494058084,96.33098476352356 -19.161408807311695 921.7600582892998,0.69
54,530,15,0.0,-0.3451537014381867 0.11319817683761232 0.9316947435421967 -0.42743757828258266 -0.9027339204377486 -0.04866811649338354 0.8355633064319183 -0.41503932542800476 0.3599671086263668,90.19536407501751 -14.182745315744937 911.761870714875,0.69
54,537,15,0.0,-0.3552148638144943 0.0982973473086729 0.9296020826339236 -0.4166679964022746 -0.9068505469190591 -0.06332350532556918 0.8367856244578801 -0.4098288875429372 0.3630841522787166,91.56231187633868 -0.7609402938362956 913.5385374742514,0.69
54,543,15,0.0,-0.35402234383426734 0.10894810444053443 0.928869469088583 -0.4092031433347935 -0.9111215884100444 -0.04909418110206104 0.8409643081314546 -0.39747674356114465 0.3671393070443588,93.8001813219164 5.460506539209298 908.9031631914236,0.69
54,560,15,0.0,-0.3422288287520322 0.11009568054298058 0.9331443456919138 -0.4134372097991983 -0.9094530281040722 -0.04432677775100832 0.8437707640849296 -0.4009664958548427 0.35675869558767925,99.77515797472368 11.873743254911595 896.877923550812,0.69
54,561,15,0.0,-0.33966838753756745 0.11340004754493421 0.9336840020715976 -0.41551165178319366 -0.9086724215651714 -0.04079825387549754 0.8437863792098274 -0.401814459052551 0.35576633730058627,100.07338663394388 11.987317326083412 900.4700210764744,0.69
54,568,15,0.0,-0.35842577518001983 0.11968504018426915 0.9258544458189377 -0.4091831986873662 -0.9115498320542812 -0.04057109308100129 0.8391067116872428 -0.3933858091465702 0.3756960627468984,89.52815068387653 11.308317824088537 895.7018861520125,0.69
54,577,15,0.0,-0.3845423956817875 0.11752566868193379 0.9155953599293609 -0.4138778504434605 -0.9085332085784333 -0.05720606456030386 0.8251256091260362 -0.4009427965571167 0.39801080770922104,84.52472873222989 11.839030016263528 894.0516040227914,0.69
54,583,15,0.0,-0.39841976421256153 0.11743731994462334 0.9096538722882628 -0.41270394396868193 -0.9086524365172076 -0.06345237776503707 0.8191075302532029 -0.4006984221276223 0.41049193461861344,82.62337610141472 11.215923970147417 895.3752787765078,0.69
54,588,15,0.0,-0.40603255770986846 0.11782066123533236 0.9062316778096269 -0.41356321936000434 -0.9079886902202349 -0.06724583276851684 0.8149251656883418 -0.40208808763529846 0.4173992622293641,84.49103874812194 13.702963004463408 893.8953725269823,0.69
54,589,15,0.0,-0.41300034642395866 0.11381547168375294 0.9035910315286971 -0.40807846222380084 -0.9101126257887793 -0.0718816878551925 0.8141883581351111 -0.398423200611182 0.4223224723975668,84.63684213969415 14.319676723781928 897.0926446702474,0.69
54,595,15,0.0,-0.41700543361194187 0.11129245386456432 0.9020645531506712 -0.4044788818855052 -0.911505836497418 -0.07452478876047772 0.8139430584793803 -0.3959433036988328 0.42511833388985476,86.02285783095509 17.77748998868838 896.0628434842596,0.69
54,598,15,0.0,-0.4279741634073224 0.10755496875077908 0.8973683993504682 -0.4053101003323385 -0.9102936909607887 -0.08419690472679905 0.8078129969395096 -0.3997465758377461 0.4331752960195272,85.38288832310313 19.59984254177531 892.7288150140303,0.69
54,604,15,0.0,-0.4371360832922474 0.11587292949511432 0.8918999433199524 -0.40358187688577807 -0.9114931749564957 -0.07938425950451261 0.8037622243756337 -0.39465637739424325 0.4452107708139903,82.68885650657947 23.560306298082242 893.7830811210538,0.69
54,681,15,0.0,-0.6070823594975774 0.10801606993354082 0.7872633215277887 -0.37774529518604716 -0.9108494873583945 -0.16631807882414912 0.6991133675961718 -0.3983537874993311 0.5937632181545748,42.92965383788303 17.421831434832722 916.4281567522581,0.69
54,741,15,0.0,-0.6855407633753944 0.11533373085557737 0.7188407280320271 -0.35461215433664633 -0.9152258319551594 -0.19134235422067136 0.635833375773405 -0.3860826427708446 0.6683233582657997,54.11664571860586 25.349376896533578 912.9753462750056,0.69
54,866,15,0.0,-0.7716495445985885 0.07383305589377037 0.6317480986739717 -0.29782793554284814 -0.9195666800270482 -0.2563116107286545 0.5620102322298733 -0.3859349697052854 0.7315727564825694,78.95217416762492 24.30003667386068 908.7848150099859,0.69
54,1012,15,0.0,-0.8122464000748676 0.09596374822258479 0.5753666175513579 -0.2940985357546651 -0.9192012061476882 -0.2618686576961765 0.5037477908957817 -0.38191635425012593 0.7748406684757275,105.65195984287227 24.769810321260156 908.744617346248,0.69
54,1024,15,0.0,-0.8114828965733735 0.10443030558869189 0.5749694077457862 -0.29527285965306455 -0.9223381781038412 -0.24921120272649966 0.5042910339488392 -0.3720034898851613 0.7792970913535295,137.59058219197516 22.679823051066034 907.7927926887324,0.69
54,1025,15,0.0,-0.8077828673229456 0.10273750724467469 0.5804583050182596 -0.29468559730660226 -0.9232028250497081 -0.24669199938443304 0.510536225942461 -0.3703262729342714 0.7760226888274853,140.5768118826492 24.114289071263126 905.3235661746791,0.69
54,1028,15,0.0,-0.8071571148644533 0.10216018480364665 0.5814298655595328 -0.29376451916414403 -0.9238157942391156 -0.2454929440831471 0.5120544885106965 -0.3689548413495027 0.7756755287108209,142.91857328354416 29.005234367385196 900.3589053191187,0.69
54,1029,15,0.0,-0.8141050566133896 0.09968094902951286 0.5720984750871874 -0.293852250973977 -0.920434219756137 -0.25778227576665924 0.500883031649143 -0.3779742788900943 0.7786216238350155,142.78491395871188 29.34984101478914 901.4267513811225,0.69
54,1032,15,0.0,-0.8224370732609233 0.09692813930972842 0.560537417427205 -0.28428066303064065 -0.9235401684820683 -0.25740641372540096 0.4927288962024311 -0.37105052622259793 0.7871084689145881,145.52597858464392 29.9211862850028 905.4766937815704,0.69
54,1033,15,0.0,-0.821668048210531 0.10653518726271163 0.5599213091361995 -0.2880798821205839 -0.9252841405878673 -0.24669665724115952 0.4918044327446501 -0.36400482558816527 0.7909670580253275,145.28317152601835 29.842261647476004 906.3368738973745,0.69
54,1039,15,0.0,-0.8335930593429153 0.10590220735648624 0.5421322107127954 -0.2935178816593993 -0.9163466529716386 -0.2723161117779373 0.467942159418766 -0.38612631879308484 0.7949444014355992,135.9063394806265 21.092656255349663 903.4128286265756,0.69
54,1042,15,0.0,-0.8449284833335107 0.11330877269237657 0.5227398780298673 -0.28945563684661835 -0.9186961474811827 -0.2687244367394814 0.4497902759614217 -0.3783629350692009 0.8090304054955955,130.1302409834144 16.60028529026565 911.9578342016584,0.69
54,1063,15,0.0,-0.8667843556814017 0.0970327400518588 0.4891518456512311 -0.27165649825207433 -0.9144474536298131 -0.2999810019107406 0.4181956811151905 -0.39290011696101523 0.8189883212773081,99.79170048183124 0.6037303458945528 913.5785025074457,0.69
54,1068,15,0.0,-0.8734617848936989 0.09783124395229405 0.47696284764859875 -0.27108485662411935 -0.9114437900066018 -0.30948863980359964 0.4044471669320906 -0.39962390489702726 0.8226318883896104,96.22746787814606 -5.609946880054384 913.078329115525,0.69
54,1080,15,0.0,-0.8829908040369997 0.099371303640776 0.45875111334886765 -0.2660106341422383 -0.9111760174728696 -0.3146372636950766 0.38673709740511986 -0.39985448502550724 0.830993867784624,89.98857076318359 -11.45289723131209 912.9310503982899,0.69
54,1083,15,0.0,-0.8876266495060661 0.0954334199317761 0.4505678566506499 -0.259467117853045 -0.9118917722829193 -0.3180097646232747 0.38052036192517924 -0.39918148504513806 0.8341812729601936,89.89943466504147 -13.250163012782629 918.2789304473176,0.69
54,1089,15,0.0,-0.890794747200731 0.09884212933850958 0.44352559320451285 -0.26056770377748384 -0.9107515378865878 -0.32036870631406045 0.3722756909975658 -0.4009512061399051 0.8370477526325715,97.17923776385909 -12.903608956458353 917.0686257296893,0.69
54,1096,15,0.0,-0.8739519164558472 0.09835078599724886 0.4759571100602187 -0.27301439721659715 -0.9095421196070452 -0.3133628433193404 0.4020835567834251 -0.4038072009690351 0.8217472590827077,101.57200954234031 -7.666421630028677 906.8759654983011,0.69
54,1106,15,0.0,-0.8714880653111607 0.09558827001514499 0.4810108467131711 -0.2664537718636472 -0.9157139972103194 -0.30078275012496086 0.4117170624103956 -0.3902957313994235 0.8235036748986274,108.4575616253927 9.364339046418158 907.925122775129,0.69
54,1110,15,0.0,-0.8814544059697969 0.09669370290658776 0.4622644892425168 -0.25688696113943427 -0.9195127257685801 -0.2974986325114498 0.3962918361422289 -0.3809812002813897 0.8353478949750053,119.01755274239522 22.336613197286017 916.7244614098125,0.69
54,1111,15,0.0,-0.8701787040815248 0.08805511812062604 0.4848044132799956 -0.25749538237018355 -0.9201290719854636 -0.2950569757609577 0.4201013580328337 -0.381587194570169 0.8233505097581688,119.43878595027415 25.215670940971783 908.1455695765519,0.69
54,1134,15,0.0,-0.9261860804576489 0.1048272928427494 0.362202406178863 -0.2339854242180049 -0.9130419059638353 -0.3340737930569343 0.29568592394636894 -0.3941645806375651 0.8701747627636616,39.01619889238878 -7.766358175403488 960.4885626240895,0.69
54,1178,15,0.0,-0.9452950599356241 0.07981816344298917 0.31630098078553764 -0.1886048704115266 -0.9248480815333415 -0.33027901680419963 0.2661680907215515 -0.37186702847750003 0.8893084170370584,27.78869913628913 3.442048205547747 1016.487109897002,0.69
54,1355,15,0.0,-0.9674396420898853 0.06703576596238987 0.2440629939069631 -0.15057507559673194 -0.9275185893005494 -0.34210585074061084 0.20343963606444312 -0.367716565555258 0.9074121675921104,61.78134139761975 15.173732531883942 978.8838483411243,0.69
54,1531,15,0.0,-0.9908559067516975 0.045277384679841395 0.127100474003148 -0.08543940480286795 -0.9396335515849199 -0.3313440762151049 0.10442547659552676 -0.33917362393391276 0.9349099275680697,69.53601193570438 16.028328305816324 954.0751214702108,0.69
54,1539,15,0.0,-0.988406210617853 0.04065173017540563 0.14628943791607862 -0.09017722756862115 -0.9323223092880297 -0.35020448202710447 0.12215248847278272 -0.35933626095564225 0.9251790211209526,70.93213381489551 17.807040083885955 953.7599450418862,0.69
54,1543,15,0.0,-0.9888185638710346 0.04261573414302029 0.14290467783622784 -0.08887929790567171 -0.9379099835279817 -0.3352988714599796 0.11974271647085477 -0.34425101597815577 0.9312104594828111,76.58953532487686 20.92320904343187 951.1952322518479,0.69
54,1547,15,0.0,-0.9887726869955193 0.03848828408287687 0.14438568294680945 -0.0866185977277953 -0.9349879385423349 -0.3439400722626335 0.12176120884473508 -0.3525850348053799 0.9278243374971133,82.833445741621 25.811364569209974 952.8088039423767,0.69
54,1550,15,0.0,-0.9908512837619142 0.04479337393087353 0.12730784390309788 -0.0849245920086354 -0.9400793661547282 -0.3302099317135864 0.10488826025601444 -0.3380005014523108 0.9352829057982684,83.64605996384867 27.913801354332122 952.149954050944,0.69
54,1557,15,0.0,-0.9914432259168301 0.04899851878205205 0.1209936979383393 -0.0892386991266794 -0.9308786926836842 -0.3542616463656389 0.09527215942659842 -0.3620276296979001 0.9272859380867978,83.69175590493433 23.00498374883466 947.3083060133896,0.69
54,1559,15,0.0,-0.9902840403668556 0.047014998390420476 0.13087058233630935 -0.09298456289266008 -0.9236502713158596 -0.3717849477343051 0.10339918016288578 -0.3803416440839575 0.919047791639345,85.83512984566573 20.703224667145268 941.4757369324777,0.69
54,1568,15,0.0,-0.9923112752780853 0.06440045801169247 0.10569254450463497 -0.09747927385522173 -0.9328644033470037 -0.3467878258196175 0.07626351765188055 -0.35442430218020166 0.9319695756297189,74.65237634963128 21.73769548146262 947.2470353504434,0.69
54,1573,15,0.0,-0.9915305295124959 0.06753272277017403 0.1109348475453784 -0.10180774121543526 -0.9345128037637868 -0.3410586510120467 0.08063741608757373 -0.3494640910834659 0.9334733291154744,65.93362041660264 21.19278455728152 941.4180053452067,0.69
54,1580,15,0.0,-0.9931767782706961 0.07913112913593502 0.08566301130308589 -0.10445092939571439 -0.9302844479811421 -0.35165444571737375 0.051864153827206425 -0.35820261060759157 0.9322022309036242,57.890557961857425 20.264997438749884 936.2497530569506,0.69
54,1585,15,0.0,-0.9888388236293649 0.07551097833013098 0.12843626059225 -0.11668177438870722 -0.9285354944415634 -0.35243041737010217 0.09264526112433753 -0.363483050105212 0.9269827009590939,57.44707491236546 22.166216844032547 932.5573939199152,0.69
54,1595,15,0.0,-0.9897566848354785 0.08966866574693323 0.11109111218566538 -0.12372748001694787 -0.9269816251068965 -0.35411379160212464 0.07122650849325056 -0.36423151579365276 0.9285807382185562,69.31979422465844 13.439497300148947 933.1126317913447,0.69
54,1597,15,0.0,-0.9876754857072372 0.08827794413229781 0.1292444950964952 -0.12826217109007695 -0.9297538034732944 -0.34511835708087496 0.08969922184853607 -0.3574421204988542 0.9296177602074142,71.2628226412696 12.704221178356278 930.9401427249992,0.69
54,1605,15,0.0,-0.9906349345573926 0.0856429614914071 0.10633771476504389 -0.11892916169282955 -0.9238092703011219 -0.36391247107614955 0.06706922493596656 -0.3731510622424783 0.9253431816433293,82.81731558655571 8.669735527480007 930.3147345828608,0.69
54,1613,15,0.0,-0.9881731789985655 0.07962695903629921 0.13104699806748915 -0.12139477463585299 -0.928360407260091 -0.35129796885690723 0.09368605552044251 -0.36305165145817697 0.9270471516457571,87.26063972651266 14.180293675159527 931.1039120794528,0.69
54,1619,15,0.0,-0.9920520646750031 0.07539842538241298 0.10073618229770392 -0.10776070151022815 -0.9224354171528365 -0.3708106422314439 0.06496408380087454 -0.37871886490103057 0.9232289473277948,89.2878026845252 17.671136094136504 929.099089015524,0.69
54,1625,15,0.0,-0.9918292962615084 0.06730371918328533 0.10837368897245553 -0.1024886622269917 -0.9262347395464191 -0.36274685577176086 0.07596526306360468 -0.3708900330845715 0.925564618039282,96.02103619190781 17.40137404788674 929.5657908107016,0.69
54,1663,15,0.0,-0.9886164686993408 0.08008517822391778 0.1273728465776303 -0.12152284772626179 -0.9241660827016797 -0.3621453424584278 0.08871119037046574 -0.37350156065627815 0.9233779880906738,95.55293546006135 4.434243601249592 925.3525899808444,0.69
54,1844,15,0.0,-0.9977408881946677 0.06695864534359745 -0.005446084673047528 -0.060405856108135904 -0.9296588159577195 -0.3634358519187866 -0.02939817294252908 -0.362285834288123 0.9316033070474796,89.6822046900781 -8.98298152667615 898.4438664799729,0.69
56,1,15,0.0,-0.9790794203902513 -0.041824160986997136 -0.19913369410027823 0.1031683504187987 -0.9455641557238587 -0.30864983214330466 -0.17538466306993153 -0.3227369934915425 0.9300973352245914,-96.40395564913291 -38.491087550580794 944.2145878114296,0.69
56,24,15,0.0,-0.9803591521813155 -0.03860821554737066 -0.1934045977389885 0.09524328993914324 -0.9513993587613513 -0.2928617009273456 -0.17269814259539817 -0.30553013900552833 0.9363902422085371,-87.26984518272246 -32.15748698987963 937.39349188955,0.69
56,32,15,0.0,-0.9783049348906193 -0.010427518078472073 -0.20690751855692477 0.08309771077720467 -0.9346204737789983 -0.3458024587198719 -0.18977414163222836 -0.35549379299763284 0.9152103246292121,-78.4578058789089 -31.515043424770788 927.3716827776906,0.69
56,39,15,0.0,-0.9798060609732078 -0.018082040792958082 -0.1991309184454501 0.07506955531404469 -0.9563150468241259 -0.2825351183175668 -0.18532308206243037 -0.2917782908623115 0.938360689839653,-74.03568307632328 -26.550115486899063 925.7193286075739,0.69
56,46,15,0.0,-0.9389585298658925 0.03288472461475932 -0.34245506870112685 0.0909153665770445 -0.9363155002077314 -0.33918679247710637 -0.33180005321314177 -0.3496167601213612 0.8761716987725637,-79.77564402813313 -27.134326719146777 922.2989593418687,0.69
56,53,15,0.0,-0.9237123195654422 0.03733550316293753 -0.3812631779841855 0.09776000424881502 -0.9393145696642166 -0.3288329679119771 -0.37040320227058254 -0.3410193534392117 0.8640065209983083,-81.65437202897003 -31.292257613426653 928.9689572925015,0.69
56,62,15,0.0,-0.9356047056470722 0.03840810523536499 -0.35095391752092525 0.08376751930388066 -0.9415282013598615 -0.32635509610505237 -0.3429676915989745 -0.3347379026884962 0.8776808639949818,-81.1863356817985 -29.83806470365265 925.5103358305291,0.69
56,75,15,0.0,-0.917204031301026 0.030950884655928552 -0.3972138060341832 0.10241919441331832 -0.9451572071451738 -0.3101421648168172 -0.38502866592095875 -0.3251459618702811 0.8637320359339324,-92.61632325763907 -29.871481290015467 929.5594991556054,0.69
