scene_id,im_id,obj_id,score,R,t,time
49,1,13,0.0,0.718647543180687 -0.2717562526240357 0.6400736268899881 0.028225295388056945 0.9311144411529242 0.36363337329889645 -0.6948014402551418 -0.2432579631506827 0.6768135060584722,73.56317894096566 58.893779701129255 1242.6710733034472,0.69
49,36,13,0.0,-0.1950376452642577 0.9068555616516167 0.3735951113589468 0.29820287902171655 -0.30804830415886497 0.9034275207497315 0.9343636122371914 0.2876095141096306 -0.21034592347057546,97.69338433485832 145.59772120103557 1557.058761800274,0.69
49,47,13,0.0,0.016013402989233098 0.04238992055213102 0.9989728052155817 -0.2856202157379082 0.9576642781838028 -0.03605860025746038 -0.9582090916321633 -0.2847494072448274 0.02744288226816271,125.21002937106951 101.15792151326765 1376.3323753214654,0.69
49,58,13,0.0,0.33467734720394043 0.154194169150495 0.9296317719766906 0.24302369675826452 0.9390271575797688 -0.24324366413456028 -0.9104562351274662 0.30733069408643227 0.2767982810457312,155.51134728773602 109.72962406790825 1976.8240081613844,0.69
49,65,13,0.0,0.2693575355139548 0.9552699896332282 0.12208916810258469 0.11375283693780247 -0.157446637466918 0.9809540501159894 0.9562984942738595 -0.25033937616062996 -0.15107410960537276,70.86947805394348 166.56003203099849 1541.1738249339553,0.69
49,73,13,0.0,-0.25273835108323606 0.47440578932533833 0.8432452033343147 0.4265180549147651 -0.7276569938581325 0.5372128517832304 0.8684501567294767 0.49543359428277406 -0.018435805721457865,54.2590157977335 127.47696400272548 1007.0053827727108,0.69
49,91,13,0.0,0.2356311901199053 0.1045749373579487 0.9661997850958457 -0.9718256047599478 0.03122560329402274 0.23362353398552538 -0.005739004760293875 -0.9940266818227294 0.1089863278070049,94.62011103853665 72.41486486018962 1267.7114793834012,0.69
49,109,13,0.0,-0.17270855400821417 0.710301638371167 0.6823806400387011 0.43606837879332716 -0.5660582545174503 0.6995873222902319 0.8831852152232571 0.41838933425685376 -0.21197698127663656,53.31661788780591 152.10401048704495 1252.181627883461,0.69
49,125,13,0.0,-0.28351926824791185 0.7893634629193215 0.5445384724151138 0.30953617264450084 -0.46211521283788226 0.8310456593282902 0.9076365915699754 0.4041718118224176 -0.11331797814743183,32.275173644840955 201.82909782945097 1466.356978022866,0.69
49,148,13,0.0,-0.269902982062192 0.53042479505383 0.8036180168874006 0.5580478729743213 -0.5939663549100749 0.5794709144587629 0.784687805272117 0.6048582528385817 -0.13568913821779038,52.82254720574884 141.76177133713267 1339.6341570189597,0.69
49,231,13,0.0,0.9476511500277668 -0.17073396254059026 0.26982811544803753 -0.006949778498146847 0.8338127095185836 0.5520036829805622 -0.3192318881782925 -0.5249821706310288 0.7889770098612859,0.4568059243604848 90.77162995289027 1085.6397674754496,0.69
49,357,13,0.0,0.979752193532745 -0.19935588803325682 -0.018516726877234713 0.16822186007204643 0.7695189877505695 0.6160697470946287 -0.10856815859945021 -0.6067106043228604 0.7874739345149872,-30.179877220059236 64.89059566110733 904.7918800710323,0.69
49,521,13,0.0,0.24885061339749143 0.9309240157331499 0.26730852800267685 -0.31756858992214065 -0.18230858826458293 0.930544877660308 0.9149992147026986 -0.3164554559116346 0.2502646229837609,18.512374138898927 85.23721066135919 1020.2700871808532,0.69
49,526,13,0.0,0.11593485138860449 0.9496853278022719 0.2909585681683796 -0.1684326314691264 -0.2698939800789514 0.9480441383045033 0.9788715742577715 -0.15891827356925958 0.1286678803582243,11.123255317431214 99.39923757454966 1009.4527206662486,0.69
49,537,13,0.0,0.13514324114534348 0.9431126233369183 0.30376781277035864 -0.25163139514973043 -0.26386053887935224 0.9311601672093249 0.9583412468154189 -0.20227752155109557 0.20165777675907837,5.042880644364647 85.80031185205976 898.0267447311418,0.69
49,542,13,0.0,-0.024344110354712234 0.9752638654162586 0.21969924238461852 -0.41896239551849135 -0.2094871161697803 0.8835075887055392 0.9076771867974016 -0.07053751464438407 0.41369866279134687,0.5777510238946277 74.84466362561318 885.8096610619788,0.69
49,552,13,0.0,0.283965991931173 0.9043026015315535 0.3187477377014763 -0.19373399309320594 -0.2714634321172423 0.9427485056701437 0.9390582811235448 -0.32946078656858635 0.09810777118506875,17.515253472551088 98.88571046156292 989.7943763248088,0.69
49,558,13,0.0,0.134311001089377 0.9897112972998126 0.04931635614571833 -0.3398994645204643 -0.0007354633688246848 0.9404614894360825 0.9308216311437283 -0.1430769271781971 0.3363035591607288,3.7547289830855632 71.26118224955822 880.5043856714078,0.69
49,564,13,0.0,0.00787105485548184 0.9917599404964678 0.12786816226842623 -0.2483945267593891 -0.12192508758540488 0.960954958410263 0.9686269692567108 -0.039325480845552985 0.2453880620258958,1.1238462977882164 79.57026493237919 897.6626514625059,0.69
49,570,13,0.0,0.11052393913345948 0.9740573276643584 0.19747602715720208 -0.1036234661016745 -0.18631670482977897 0.977009858074343 0.9884566941204347 -0.12844612849261627 0.08034274033016209,4.632336541401558 109.2086999584539 1056.805344164021,0.69
49,576,13,0.0,0.34679647655658535 0.8266558086771624 0.4431392307483558 -0.5032609894555903 -0.23469177074860217 0.8316538638370328 0.791492628102194 -0.5114293174263598 0.33463334104163883,18.000988436122046 69.70372103306097 865.2888568071256,0.69
49,591,13,0.0,0.09656274311101948 0.9953131228729916 0.005236800520197427 -0.34771466292015296 0.028803571667951444 0.9371578668770238 0.9326146845472676 -0.0923154466813777 0.3488663189114392,-0.6503613637526963 69.54990482306236 869.822694645302,0.69
49,594,13,0.0,0.04745160972049467 0.9792212286759651 0.19716523538714215 -0.1787997991072784 -0.18587274784849273 0.96616869823362 0.982740543874186 -0.08109936447090021 0.16626459788026238,7.735559249610833 104.13020695203247 994.2415331594684,0.69
49,617,13,0.0,0.1265547057060311 0.961358363882878 0.24448722391179406 -0.21962830409848655 -0.21319596717720898 0.9520036174396592 0.9673403302367178 -0.17417685199764754 0.18416055420666766,4.009575661577676 102.4370078966911 984.8940883103701,0.69
49,629,13,0.0,0.18844325076148105 0.9230040985078852 0.335488562219477 -0.22687262881971082 -0.2914549146957496 0.9292915812553815 0.9555197284906678 -0.25123189852671884 0.15448165466417396,-0.7171946004398739 99.38074793139693 985.6620925069719,0.69
49,631,13,0.0,0.059707899473549764 0.9981002314082409 -0.015195223041217898 -0.3170429430759555 0.03339579477590321 0.9478230283850578 0.9465298405154445 -0.05177498386384727 0.3184346276077797,-12.294713449312363 67.3336056258289 851.8538216501323,0.69
49,651,13,0.0,0.008521763019474271 0.980178647857967 0.19793230620181107 -0.4207279059511275 -0.17605217605336612 0.8899402566806685 0.9071468506857197 -0.09085950467728804 0.4108882350479007,-13.591534075602128 82.70770140411672 895.0090642664055,0.69
49,669,13,0.0,0.09292919110875081 0.9661983256390123 0.24046821197871932 -0.2343172760965424 -0.2135080464769588 0.9484248669305805 0.9677084166021135 -0.14448221212994306 0.20655582977845993,-9.67256813097871 90.41823981679983 934.5475336639444,0.69
49,762,13,0.0,0.2585751192310408 0.913592890502299 0.31382628656361383 -0.21401548601966836 -0.26262151589732435 0.9408651928579123 0.9419852862218274 -0.31044801466823035 0.12761563669917586,-3.6333044074319165 110.58422928798157 982.1562925356104,0.69
49,1024,13,0.0,0.5560359308349617 0.7307027197271201 0.3961029904000813 -0.622534335625577 0.05037209965914291 0.7809696873394961 0.550704135255691 -0.680834919021725 0.48289622948720795,-5.844061439337808 49.86817969948071 759.119987054984,0.69
49,1036,13,0.0,0.09960125297378575 0.9936840428135858 0.0516876529134363 0.2261546431540286 -0.07319373562101761 0.9713376109498255 0.9689858965877296 -0.0850570404110586 -0.23201644788804426,-49.939425930901066 165.85784586239848 1351.84829807897,0.69
49,1052,13,0.0,0.3273663562891498 0.8868937653272316 -0.3259612213034726 0.5217768114720601 0.11792815162257098 0.8448916558144806 0.7877691462478182 -0.4466681095383571 -0.4241548916862967,-114.17597952838528 170.62179951518968 1524.5220081049902,0.69
49,1067,13,0.0,0.5973584691600393 0.7722472935195993 0.21632608944468126 -0.7190998519598014 0.3963552104916376 0.5707871319743653 0.35504684512633855 -0.4965245862671691 0.7920890562291909,-27.45479513084124 30.7116357807887 700.2499910760947,0.69
49,1095,13,0.0,0.19139623352836355 0.9765951468307824 -0.09812951124773389 0.42048180645391786 0.008755134079858173 0.9072587271933481 0.8868836069250612 -0.214907577376431 -0.4089647918266156,-129.75774272338882 166.27777116992584 1425.887442551256,0.69
49,1102,13,0.0,0.5291576888570401 0.7833314443015452 0.3261655847754808 -0.6664165108522767 0.14571972509945352 0.7312009270921482 0.5252439189433357 -0.6042827236363746 0.5991337209068203,-42.87983392967371 55.95728905407293 821.8206851865747,0.69
49,1130,13,0.0,0.3897663637474254 0.9120632378547365 0.12736888099156696 -0.5165123359842462 0.10200204833445334 0.850182679729288 0.7624284808867038 -0.3971602098517803 0.5108488810238141,-44.457950940267445 54.81999611459446 782.5694273491995,0.69
49,1144,13,0.0,0.4186576128013861 0.8918739667370997 0.17113337108838766 -0.5252705442556135 0.08409022390576947 0.8467701515646908 0.7408216104980043 -0.44439808921743634 0.5036801363157328,-43.498842982423945 57.21427686126489 727.1628308827969,0.69
49,1150,13,0.0,0.37750867301386537 0.924589386783229 0.05120222306817318 -0.46888946507317353 0.1431806308469987 0.8715744239556646 0.7985172955814441 -0.3530350872053201 0.4875821529334604,-45.66559845594795 59.993923913120895 769.6548433501799,0.69
49,1157,13,0.0,0.3680855380405803 0.8765905701538161 0.3100032403101355 -0.4727536527055831 -0.11065272452655783 0.8742196282447439 0.800635385515095 -0.4683427664352861 0.3736817263244723,-45.1847059089087 82.17204302784486 841.8972890966414,0.69
49,1168,13,0.0,0.3942497766344202 0.8450506817919059 0.36118756737565755 -0.24462477688514106 -0.2823430630632259 0.9275996513981506 0.8858475219571398 -0.45406138345284375 0.09540664494302653,-46.831059078117335 105.61193189242678 840.3612995713992,0.69
49,1172,13,0.0,0.16886737934215318 0.9778436371932487 0.12371592215552263 -0.7171829480567556 0.035800080118271634 0.6959647787640881 0.6761156906999971 -0.2062526980773908 0.7073382481706064,-60.11021261467368 66.12487293009853 788.2776778420191,0.69
49,1179,13,0.0,0.42911882400239737 0.8978772347651146 0.0983539840441181 -0.5805304385098061 0.1907401769224082 0.7915823361288581 0.6919837027346898 -0.39678036266700456 0.6030952652371171,-52.221051711242175 61.11298217446254 726.9780601880043,0.69
49,1269,13,0.0,0.2169082490108436 0.9553300758227266 0.2007367872104993 -0.29173114180255116 -0.13279847336390918 0.947236774188373 0.9315813181969836 -0.2640246422225746 0.2498944494894032,-55.20013090296795 81.46196613015199 786.8719684148355,0.69
49,1491,13,0.0,0.2980894474710414 0.9407973621981781 0.1613784514343829 -0.34282266458168087 -0.05226661428382051 0.9379449992832324 0.8908508864874781 -0.3349156973213655 0.3069465323671501,-56.16133358607461 89.1948370569212 834.3378748978141,0.69
49,1554,13,0.0,0.31980795600122225 0.9335743276820003 0.1617462394351769 -0.4143941489286318 -0.0156992341330785 0.909962099969746 0.8520565477783943 -0.35803981446305105 0.38184699900251773,-56.71498802777074 72.83919618774361 908.8215981079437,0.69
49,1557,13,0.0,0.47287543621892847 0.8398202995339101 0.26662836741714435 -0.560612291933493 0.05330729455292499 0.8263608113170201 0.6797813471652735 -0.5402408692779742 0.49602129309934323,-55.31427487788073 62.299956658632155 899.3192273169855,0.69
49,1565,13,0.0,0.4466393795286314 0.8668342395144113 0.2216115201422319 -0.4315716901793396 -0.00824351354402153 0.9020409750782928 0.7837468602106337 -0.49852827972936653 0.37041924007811944,-64.96071851214798 60.25207855314084 899.8440937708903,0.69
49,1568,13,0.0,0.2780345073913703 0.9361255359144202 0.2153271782859238 -0.3147814376045396 -0.12299373197445254 0.9411616165327908 0.9075293159117548 -0.32945640516453223 0.260478440291718,-75.63381588999965 60.3490755874595 783.5736458235601,0.69
49,1575,13,0.0,0.2564856053996636 0.9664684354628486 0.01240554217925316 -0.40818948847877135 0.09667509201237495 0.9077638834409736 0.8761258332672348 -0.2378921811207591 0.4192980258043208,-82.65398830448704 51.94815390256663 833.6341804500322,0.69
49,1582,13,0.0,0.20065003339827275 0.979627129490321 -0.008381602700283153 -0.40001582026269145 0.08973627124991834 0.9121045692034039 0.8942745146971582 -0.17966103859411053 0.4098719355779892,-79.03653747468636 54.64661447592358 822.3469337359198,0.69
49,1587,13,0.0,0.31460383676255854 0.9264895253289209 0.2064983906718602 -0.4153158717810462 -0.06126398479088793 0.907611949466451 0.8535438785094922 -0.3713002607369576 0.3655119202374121,-78.24912347686944 70.31584006040579 894.1121336123748,0.69
49,1592,13,0.0,0.28282764351010464 0.9445397293527313 0.16689285107754065 -0.39474339176409795 -0.04395768599478142 0.9177392747946227 0.8741774297733251 -0.32544188654236433 0.36041836767657925,-78.27602233072966 65.52341783145062 842.5538768195339,0.69
49,1595,13,0.0,0.25515660580054483 0.9668581795239783 0.008964775731927832 -0.4571434204951254 0.1124611191421098 0.882254152599647 0.8520064551482942 -0.2292111632728271 0.4706880527661128,-79.29396067531312 52.1704640584128 814.2862798133995,0.69
49,1614,13,0.0,0.4058867362333349 0.9112067244848172 0.07041493168001656 -0.5464793995383375 0.18022235464831646 0.8178509453227001 0.7325409362145361 -0.3704351605054068 0.5711055669762501,-61.78748559283404 35.92175076868603 767.4940739070739,0.69
49,1615,13,0.0,0.34747131380178375 0.9283543723416587 0.13199183853173346 -0.4762845440597261 0.053482637973008534 0.877663170313798 0.8077231698884719 -0.3678284474990656 0.4607445214386667,-62.74751720951797 45.81885077437562 819.1544391295406,0.69
49,1618,13,0.0,0.41893662655065644 0.8709960721711344 0.2566280288604732 -0.5601267325450093 0.02544845193598194 0.8280159538212495 0.7146678574154622 -0.49063042970908155 0.49852947256975144,-58.0170367045506 51.02708333176645 880.0241880866695,0.69
49,1631,13,0.0,0.44926544091260745 0.8531762700460557 0.2650487046410537 -0.5729885327170736 0.04754655708108586 0.8181830273749695 0.6854521901462826 -0.519451226911666 0.5102212440536257,-57.64876461649897 54.413247674336915 882.4733108965213,0.69
49,1641,13,0.0,0.3553086024156878 0.9345736620326488 0.018107105906088883 -0.5256497894910459 0.1837498625052938 0.8306192189188162 0.772947666959044 -0.3046441502214827 0.5565463555521686,-61.331018456671394 47.641192756553075 784.2187532904243,0.69
49,1644,13,0.0,-0.003047748209120016 0.9995636757360413 -0.029379744381258288 -0.29405418182608983 0.027185126894223755 0.9554020656385112 0.955783892614561 0.011551061630830084 0.2938430254298342,-76.16186424653992 75.58754948265671 899.4493274855063,0.69
49,1655,13,0.0,0.2536078018755385 0.9625388998039367 0.09592679079425326 -0.7559991261318889 0.13536444161279568 0.6404231329634151 0.6034471013400244 -0.2349368730341894 0.7620080456092568,-66.86181479069745 32.489518634801236 794.3636913253156,0.69
49,1671,13,0.0,0.32675462256609517 0.9449803212553627 0.015607981028945894 -0.48459258209158834 0.15333794965410255 0.8611953916375092 0.8114194020440328 -0.28896308697822826 0.5080343377671601,-63.91014506546508 49.747706082717016 802.5056441359628,0.69
49,1677,13,0.0,0.30827613639589635 0.9458426164368658 0.10172299966419934 -0.4056027037266406 0.03396123137481957 0.9134183496586573 0.8604953634148518 -0.32284420344087017 0.3941057597221492,-71.04353324930946 59.01424276621581 862.5884396439317,0.69
49,1682,13,0.0,0.30536823054706036 0.9473884930956953 0.09594418649623832 -0.39898085043796155 0.035810316105905404 0.916259735142932 0.8646181381143689 -0.318076507164963 0.3889251995350506,-81.92407760103414 55.28863027833481 816.1313202744847,0.69
49,1688,13,0.0,0.3871721315718444 0.9166406892944445 0.09933573004674673 -0.40729416197917834 0.07338014767326621 0.9103443411946539 0.8271693938679026 -0.3929188219686801 0.4017531495719123,-83.82142887775039 56.46161181314181 841.9336989825106,0.69
49,1881,13,0.0,0.18722661292514378 0.9822978691518677 0.006090293283511183 -0.38281836935948366 0.06725287760513912 0.9213724255341997 0.9046525805487567 -0.17483691461910705 0.388633196977493,-84.43606128359046 65.58764026170424 845.9279313429867,0.69
49,2061,13,0.0,0.24715001824613955 0.9614379120524814 0.12064000061794639 -0.6483156968834771 0.07154470163154218 0.7580027129522329 0.720141392821871 -0.2655531904094146 0.64099756427615,-82.64191219543183 27.59071290834239 729.2570381219515,0.69
49,2064,13,0.0,0.3082430955460503 0.9401416153997675 0.14532700038776142 -0.3510215605697144 -0.0295823120473456 0.9358999683882546 0.8841776168075006 -0.3394976138464735 0.32089143355527566,-84.79343633301244 47.06144397043915 782.6887223357819,0.69
49,2089,13,0.0,0.14573049360544416 0.9893064215485599 0.005952101838566259 -0.30411951326120246 0.03907190251469678 0.9518322898954686 0.9414212366880634 -0.14052113975009284 0.30656135502710047,-96.20512294041369 50.06477695051017 800.8681345081308,0.69
49,2097,13,0.0,0.42061404028818505 0.8531640004715791 0.30853689797458694 -0.82248436042742 0.21506396320617374 0.5265614575549106 0.38288811154793945 -0.4752459153210948 0.7921729697521039,-72.49304554416608 19.79339822256092 736.6181111149582,0.69
49,2119,13,0.0,0.350791583313654 0.9256455856541146 0.14186442413569206 -0.35927155462572147 -0.0068703896418815524 0.9332077731046748 0.864794319542582 -0.3783292844933106 0.33014805372993283,-74.19036376165191 48.62976141383528 799.6106117666108,0.69
49,2123,13,0.0,0.26507063080183974 0.9634897634060542 0.03774965560187982 -0.4970051613341058 0.10297542591447897 0.8616158838281657 0.8262707971927691 -0.2471508395079357 0.5061551464096244,-74.59493772248534 31.425205054265632 739.3008566834762,0.69
49,2146,13,0.0,0.3378262596692695 0.934365752163205 0.1132875079713534 -0.32441738588575364 0.0026080533134934247 0.9459104385685614 0.8835308585515991 -0.35630582263331323 0.30400556367387854,-77.18085871433966 48.31001826943971 779.1908214882279,0.69
49,2151,13,0.0,0.38934851817619615 0.9133443040050906 0.11920534273033534 -0.34446639956201786 0.024355914740008866 0.9384826524715082 0.8542544298783474 -0.40645906529272274 0.3240993632739588,-81.36146232746366 44.393979044225254 792.3820635265391,0.69
49,2173,13,0.0,0.2882853832235663 0.9511231842650645 0.1107078415159728 -0.40693680697053547 0.017037486506141036 0.9132974100402225 0.8667721574625403 -0.30834138938364614 0.39195868996706285,-86.0569543349184 37.66345810230256 812.4813327291467,0.69
49,2196,13,0.0,0.2718026824535077 0.9588786521565884 0.08170087055498548 -0.37830347651646035 0.028398277795987775 0.9252459227004366 0.8848783992541789 -0.2823920470845216 0.37046585575026447,-78.44715066868585 27.50538822086287 779.551138629121,0.69
53,1,13,0.0,0.9010564653326519 0.4254329088331192 0.08428574235313196 0.3477680447775488 -0.5926248097331035 -0.7265350796213517 -0.25914211026737527 0.6839610186045648 -0.6819403872154646,129.71169771138563 52.41776239360714 872.5084432585431,0.69
53,14,13,0.0,0.8671911782491609 0.49086861843787855 0.0838299457218043 0.38428214698040797 -0.55258637212679 -0.7395779423778679 -0.3167123172201554 0.6735698187809793 -0.6678300737076749,104.99480487660264 71.35276148711147 870.6839865281995,0.69
53,33,13,0.0,0.7849836910117961 0.6131721132453117 0.08843395492555597 0.47333047994554767 -0.5015137887559791 -0.7241838001793058 -0.3996984633445745 0.6103309587640969 -0.683913195642608,81.25605684991284 87.92225414296416 871.3065281095908,0.69
53,43,13,0.0,0.7516032404143228 0.6496725371471505 0.11409716681616194 0.49905029661545836 -0.4469652986697843 -0.7424087979227171 -0.4313251331034556 0.614937083173405 -0.6601598391991679,73.45854784026568 87.40841526980708 866.5504298935422,0.69
53,52,13,0.0,0.6624199793378954 0.7444855066095482 0.0833132727859495 0.5251276543514132 -0.382148321516607 -0.7603970061733689 -0.5342665230101585 0.5474522726323858 -0.644092611027538,54.53993798816276 97.17510463101556 863.1311566871432,0.69
53,61,13,0.0,0.726412046396526 0.6772965613436821 0.11659719911745667 0.5101314507760879 -0.41769045410760214 -0.751864740147102 -0.4605338660501481 0.605643502845865 -0.6489256549725053,50.14076535331705 107.80601207086634 873.3414019222495,0.69
53,75,13,0.0,0.7542394187019288 0.6491165333675499 0.09884647381202114 0.4773249995832291 -0.4386830145688182 -0.7613921837671334 -0.45086998574871506 0.6214538911598415 -0.6407115709219282,58.79329050278975 116.26734837824748 870.4068986843862,0.69
53,84,13,0.0,0.71255184152702 0.6942679219095745 0.10130116358568292 0.49650389552223084 -0.3969424787037638 -0.7719589045614809 -0.4957355695002145 0.6003571613696906 -0.6275488219448946,55.85841598371091 113.45848186626793 875.5277092016102,0.69
53,93,13,0.0,0.6751390071830519 0.7304719531171759 0.10294681485631688 0.5080546732610833 -0.35924387559067017 -0.7828309439643841 -0.5348530358495279 0.5808223166853812 -0.6136592429702094,66.55196309943427 103.8531371034802 879.9177542072181,0.69
53,103,13,0.0,0.701918548227058 0.7060949776142055 0.09348921992836579 0.5133920341519892 -0.41058179839407405 -0.7535590262857788 -0.49369927174759176 0.5769336785242156 -0.6506985167190831,85.34685128303396 91.51047769805861 886.3911358748051,0.69
53,111,13,0.0,0.7246348647597289 0.6819290444479413 0.09938355554601189 0.4763290734116228 -0.39141295737812976 -0.7873414193469891 -0.49801097035856 0.6178743198538227 -0.6084541053092678,74.56148303572921 99.35304664008669 883.230330060942,0.69
53,118,13,0.0,0.7491212787344651 0.6567155780862417 0.08684445431974544 0.4499334046620411 -0.4082028330338394 -0.7943112604466663 -0.48618642629804565 0.6341096881470912 -0.6012717042082839,74.78204123847115 93.71360240073382 890.4882275345577,0.69
53,123,13,0.0,0.7200130422831714 0.687486760881497 0.09456834858872634 0.47496566115019867 -0.38884522275982314 -0.7894346163331185 -0.5059533967375711 0.6133199380009839 -0.6065062357306668,84.8144770254058 89.47320656810055 901.1205198646435,0.69
53,126,13,0.0,0.7402761686865025 0.6665098834533082 0.08806684582685018 0.4604451800355363 -0.40718092083590796 -0.7887927065390911 -0.48987899552529834 0.6244743973665209 -0.608317595320771,81.88813515959674 92.39596761101488 894.3462973592236,0.69
53,131,13,0.0,0.7615501580407767 0.6415749561982821 0.09177653494897409 0.4394968131039475 -0.40714825903469753 -0.8006702482523556 -0.4763233230270608 0.6500860487229265 -0.5920339696303508,82.5469789458705 99.325197482918 897.2780595001324,0.69
53,135,13,0.0,0.7435070646020441 0.6632790340880531 0.08519488145464243 0.4295169645374522 -0.37600943397291087 -0.8210554687339364 -0.5125547990814099 0.6470531883103507 -0.5644552678787091,77.08633573488905 98.48234864231257 900.6917638374075,0.69
53,138,13,0.0,0.7383089730915509 0.6689096270003677 0.08636996676350253 0.4480723645487842 -0.390735639484211 -0.8040875674729253 -0.5041140906383803 0.6323650614503411 -0.5882035469773583,80.02496088807145 90.64762046359522 907.5546226714305,0.69
53,139,13,0.0,0.7830151033434258 0.6128963450476357 0.10604441599317568 0.4376138916010716 -0.42167387897970865 -0.7941569250872094 -0.44201971654423944 0.668243376333395 -0.5983889706308888,83.63362578621269 89.53205623111872 912.0260852896367,0.69
53,142,13,0.0,0.7967783975262598 0.5957177028102821 0.10131438098278844 0.4198403323589103 -0.42516889828055177 -0.8018512974733292 -0.4346012891838277 0.6814336552397027 -0.5888717117899389,80.51622661536778 87.97844152061656 917.4549075738062,0.69
53,145,13,0.0,0.785397334042567 0.6098535826823921 0.10596997389959106 0.4286343883158504 -0.4123264517546324 -0.803902642324636 -0.44656868321897136 0.6768053670538421 -0.5852443133386162,73.47319646925473 87.38841310956492 917.2375531619472,0.69
53,147,13,0.0,0.7317419288394439 0.6755792290017172 0.09025771390731757 0.44384595122059045 -0.3718163513211189 -0.8153240904544274 -0.5172567265521242 0.6366673434625774 -0.5719267196109004,68.26182158584403 85.15702012158592 917.5441311303921,0.69
53,152,13,0.0,0.7130318589441386 0.6957835156813914 0.08643417979427545 0.4556131130913626 -0.36611019085514107 -0.8114061987261432 -0.5329186235344598 0.6179390159700673 -0.5780563235810863,59.20450717882744 82.30471892321414 926.4017344971379,0.69
53,153,13,0.0,0.72705622129656 0.6811610208717259 0.08607505282574976 0.44236749998911773 -0.36887466710535716 -0.8174609929050376 -0.5250716579928355 0.632416906488829 -0.5695161194907081,57.62659683216886 81.0336996325964 925.9800091435874,0.69
53,155,13,0.0,0.7018176151559504 0.7086233201493195 0.07283560391298205 0.43737074427688527 -0.34793653730223745 -0.8292448360169702 -0.5622800610972233 0.6138347954870949 -0.5541190997807414,56.54421854790961 79.46101975891223 919.3355432033552,0.69
53,158,13,0.0,0.7196074992955709 0.6884865592583229 0.09028457608146778 0.44224787547213795 -0.3541836525444093 -0.823996818507621 -0.535333413489159 0.6328824519537075 -0.5593549306219694,58.11298138238289 79.49497564623078 920.203248161606,0.69
53,162,13,0.0,0.6962566455767084 0.711715386288583 0.09320886444089874 0.45244646919906684 -0.3343457600315318 -0.8267436756687255 -0.5572422058670419 0.6177977999872045 -0.5548035709432692,58.81528486521215 76.77278864742901 923.0076587337117,0.69
53,164,13,0.0,0.7410099257032231 0.6644748858373144 0.0968370595422629 0.43448929966633404 -0.36450374174352507 -0.8236237434231897 -0.5119798223414302 0.6523880351036933 -0.5588081183812382,59.47086826628266 75.61856255696055 925.3502574975176,0.69
53,165,13,0.0,0.7298532192808529 0.678592717230255 0.08262083531067499 0.4253170737933343 -0.3561434541621602 -0.8320259772370816 -0.5351818990261629 0.6423968899204792 -0.5485495153358952,60.47018425310834 74.72509031131973 927.8396562186106,0.69
53,167,13,0.0,0.7510059953911428 0.6533465587229197 0.09554197554728233 0.42782334555783486 -0.37126123434643954 -0.8240948251671403 -0.5029484863107359 0.6597752420911811 -0.55833632341203,61.19999064608618 74.6160153830051 931.8486960838466,0.69
53,168,13,0.0,0.7151592947132887 0.6921742476009616 0.09716992406724786 0.44649304027139847 -0.3454448408274631 -0.8254161537884342 -0.5377649562535618 0.6336897292080182 -0.5560990729374337,60.649392993708254 74.40999392415083 926.0181124920007,0.69
53,171,13,0.0,0.7423968369065637 0.6641281318842178 0.08820862197715176 0.42680215808115163 -0.3673432727970867 -0.8263769344481953 -0.5164173258212787 0.6511472524480957 -0.5561658037140499,60.26193912013043 71.60548563856771 935.7907445503666,0.69
53,176,13,0.0,0.6742333429672973 0.7383384819851535 0.016299854324593466 0.4362353493580784 -0.3803567350873134 -0.8154921667583048 -0.5959094891018092 0.5569425824028709 -0.5785385386513524,48.78248711239544 68.94262165034985 916.6210018191792,0.69
53,179,13,0.0,0.7478846414179796 0.6571593994190161 0.09386206308375097 0.4230603385706789 -0.3628800798066226 -0.8302638120549405 -0.5115549951467218 0.6606508695481882 -0.5494105163770168,48.36417068191329 67.18329108322223 931.8807623808973,0.69
53,247,13,0.0,0.7170235915832041 0.6918409637727057 0.0850485153261121 0.417417935444788 -0.32845525661718394 -0.8472776472736376 -0.5582467521465154 0.643018837396381 -0.5242969945281715,52.16690290809638 61.89343538203037 957.3975961034038,0.69
53,316,13,0.0,0.7569020709145677 0.6490336067160071 0.07651556964729919 0.3893743388608618 -0.3538321246132301 -0.8504060511475412 -0.5248684399751103 0.6734673005758328 -0.5205332993893809,115.81410280142907 43.71694597005333 915.5375279622754,0.69
53,434,13,0.0,0.9263739915903676 0.3581299431795435 0.11650824650275392 0.2826658204268424 -0.45676555521536893 -0.8434840019414809 -0.24885992378715693 0.8143145408053407 -0.5243668248141159,-2.2966910113152443 10.404342027896057 956.6262758213055,0.69
53,479,13,0.0,0.9810881232792956 -0.0707780894718663 0.18015703264380595 0.11529218307510801 -0.5339454186314119 -0.8376216344175346 0.15547928119876503 0.8425513349186734 -0.5156873482495732,-54.61281712729582 36.10154479023588 1041.5154140723519,0.69
53,513,13,0.0,0.9999089266673362 0.001909847706872636 0.013360046882840244 0.010935063069715022 -0.6948336539412138 -0.7190873505676225 0.007909662864907118 0.7191679538414084 -0.6947912574298308,15.73426105802396 43.75928648446682 1001.1355645694056,0.69
53,519,13,0.0,0.9889224600448238 -0.1292665386477243 0.07295567150626164 -0.02384094942571814 -0.6234524471141866 -0.7814977001359713 0.14650589458917176 0.7711012956631369 -0.6196279647314651,19.00941039983388 36.89971460876093 984.3052956855319,0.69
53,523,13,0.0,0.9938943553471031 0.04934093169216465 0.09868881835808502 0.11032397159902795 -0.4312591570424151 -0.8954575147697865 -0.0016222514548717912 0.9008779117765151 -0.43406952942288224,9.821467199406277 27.092364117906808 984.686371907669,0.69
53,526,13,0.0,0.978316108593182 -0.20398749653114323 0.035870502171694005 -0.10088565232671975 -0.6205857668958639 -0.777621624622724 0.1808858115544304 0.7571409427479333 -0.6277084641719162,9.552235455030567 33.72900592530879 933.3467688666058,0.69
53,533,13,0.0,0.9920502127176825 0.07325857377114336 0.1023208523020581 0.12446124533906647 -0.4510320288154336 -0.8837870260369761 -0.018594995440987597 0.8894960878787787 -0.456564273452159,7.894608681231236 13.593391582440335 976.5776993797917,0.69
53,534,13,0.0,0.9499829874772906 0.2730264135333615 0.15162091220156004 0.26423212930820655 -0.4438837623302023 -0.8562409633863799 -0.1664743383977677 0.8534774648768968 -0.49382437323640793,8.739056761761496 12.723859480313658 976.0286639745599,0.69
53,538,13,0.0,0.9509322811471198 0.2615229488676094 0.16532859367915317 0.2747251137341262 -0.4679165001897789 -0.8399882503546823 -0.1423162273112528 0.8441918597485638 -0.5168038267835808,26.300822733425544 11.573772482749167 1040.0538438496346,0.69
53,539,13,0.0,0.9541536085640033 0.21384539896979254 0.20943026668497905 0.27932114311329326 -0.3846970050605961 -0.8797658286767513 -0.10756667827061665 0.897930041616193 -0.42679157687209307,8.689627305696721 6.669344062879804 856.3732578163181,0.69
53,542,13,0.0,0.9382842861155858 0.2705649804629626 0.21544648935557847 0.32068369667304975 -0.4472293795316492 -0.8349538003817001 -0.12955525893098357 0.8525142071724161 -0.5063940772289038,22.867235756137486 16.629009068050653 1013.7450198364766,0.69
53,545,13,0.0,0.9825098929784293 0.023767739442016156 0.18468731618963885 0.17634200928843582 -0.43735473311528195 -0.8818301044882613 0.05981476372629431 0.8989749340128883 -0.43389660295615434,15.348641962747928 14.207087152550613 917.3657739652774,0.69
53,547,13,0.0,0.9780531170492636 0.06185770898991508 0.1989616145610464 0.20435021262425815 -0.47112759709800095 -0.8580674669587958 0.040658219718033684 0.8798934089372317 -0.47342845085416807,19.385328809878054 10.311406231966776 945.8487142438294,0.69
53,550,13,0.0,0.9753214741029377 0.20831216945885733 0.0731714576116724 0.1671328245020111 -0.4800183971616997 -0.8611904303696674 -0.14427280106677215 0.8521668724150553 -0.5029880519760788,27.14736732150112 13.06735875418818 1034.4118042807315,0.69
53,551,13,0.0,0.9867098417931632 -0.08193171017011117 0.14032420666838638 0.08654583310388056 -0.46590731406540514 -0.8805908206838834 0.137526386125959 0.8810321047322628 -0.4526244840374555,25.610618981024313 9.02029878677779 930.390230003388,0.69
53,552,13,0.0,0.9697858310483154 0.18445199136523183 0.1596649766834586 0.22869630842441147 -0.45951584523425637 -0.8582209427016412 -0.08493197519765688 0.8688053008931562 -0.48781544535713217,32.87168684319537 8.701042660262225 985.7542316579214,0.69
53,555,13,0.0,0.9963282802923055 -0.029931983710322862 0.0802124319600267 0.06016794006137273 -0.4217269217486487 -0.9047243903317629 0.060907937730217104 0.9062287127560978 -0.4183775128969982,24.88572248661189 10.374155933363964 904.2493997700176,0.69
53,556,13,0.0,0.9856976947604044 -0.005084758126678787 0.16844642999724754 0.14726573904623635 -0.4599658804619584 -0.8756393041167242 0.08193202455200446 0.8879220315127047 -0.4526384973763955,37.67864882597448 9.654860463832517 957.9727623279935,0.69
53,567,13,0.0,0.986377517494063 0.1118430893136283 0.12062552115963421 0.15874086818554223 -0.4548842171663108 -0.8762885858783583 -0.04313617681192781 0.8834995599012919 -0.4664416339739343,33.140704438598526 -0.22646042601790572 933.1310240845597,0.69
53,569,13,0.0,0.988777558462142 0.06523760313602271 0.1343986421758459 0.14910014787710651 -0.4874407899218014 -0.8603316931413343 0.009385402744114979 0.8707155284347907 -0.4916974504284659,48.60343264060094 -2.9540770975104316 1001.5018161415534,0.69
53,576,13,0.0,0.9721151299476682 -0.1660863125671108 0.16555213953521572 0.07041580019640734 -0.46665013928519855 -0.881634426839041 0.2236823399589856 0.868707651792572 -0.4419425601902447,36.68498702749156 -5.220701174423428 909.4011092646984,0.69
53,579,13,0.0,0.984014614628182 -0.030409204213922576 0.17547227273055402 0.14527525885039627 -0.4328423090935602 -0.8896868182818631 0.10300649185415614 0.9009566114733998 -0.42150545296386,27.247781120307973 -1.0890267401654852 858.1226031165319,0.69
53,583,13,0.0,0.9716246643499445 -0.1691300909723753 0.16534970200921062 0.06951412279612061 -0.4640113341972319 -0.8830975418765421 0.22608250343346908 0.869533492203826 -0.4390879269315824,29.653842118804402 -0.6011808898135609 927.1191094594607,0.69
53,587,13,0.0,0.9727459338119124 -0.16162705440533903 0.16625896528200637 0.07522511160499437 -0.4582666515607769 -0.8856256876645401 0.21933201051466691 0.8739956357737302 -0.43361860870131824,24.01297519177827 -2.3882010941600074 921.8641268214456,0.69
53,591,13,0.0,0.9811492978720987 -0.019464697818285803 0.19226851230487857 0.16176337290208878 -0.46160372004192884 -0.8722124837622954 0.10572921295662895 0.8868726690919592 -0.44975349064268133,13.723772304013952 -2.4917689852751246 917.3202606996902,0.69
53,592,13,0.0,0.9445148115795619 -0.2463569115732369 0.21725570838742264 0.08342535186739145 -0.4598092440607354 -0.8840903063274119 0.3176979404601585 0.8531610230175728 -0.41374422948360523,12.518096701591807 1.1624507362474348 908.5762165872677,0.69
53,602,13,0.0,0.9731916585411549 -0.11216558035027052 0.20079063307485906 0.12963210036532177 -0.45363407915708226 -0.8817094990880959 0.18998293160384389 0.8841012412682118 -0.42693264209616966,-6.750422224931205 4.259418036297774 883.3580621166666,0.69
53,604,13,0.0,0.9447671362832092 -0.22557598240588875 0.2377615073152973 0.10648723043826394 -0.4748167315650552 -0.873618647454063 0.30996052644298444 0.8506847521776186 -0.4245702821202768,5.128216501587751 5.361471948071468 927.3127631592836,0.69
53,610,13,0.0,0.9533763428303349 -0.2362815925655984 0.18773534016300963 0.0819748158227812 -0.39593513620902737 -0.914612211533369 0.2904370473997377 0.8873592152729377 -0.35810605212411456,-0.8297173050797105 0.8575655336164708 784.5737809848856,0.69
53,616,13,0.0,0.9547568885159308 -0.22601084520675374 0.19328316450303462 0.06939787241225022 -0.4626672214503253 -0.883811618785411 0.2891767956389852 0.8572386715754046 -0.42605004497078064,17.58711407218588 6.694356265054678 940.3752272149655,0.69
53,628,13,0.0,0.08911669992015736 0.9943120825855413 0.05832406209913943 0.37146104324011964 0.021153771971680113 -0.928207525980226 -0.9241617321390788 0.10438390850975932 -0.3674630491545015,21.324393453785632 9.238322725559064 927.777292825531,0.69
53,638,13,0.0,0.959800242693043 -0.20350413712518067 0.19331208006565942 0.08262903772175394 -0.45334142314562015 -0.887498730244433 0.26824603678629294 0.8677946878341902 -0.41830185693492605,47.817496568373954 14.915331612684456 950.0794586786714,0.69
53,647,13,0.0,0.979773049361879 -0.07076267260303587 0.18718284085407094 0.13651076068669313 -0.44760258205319314 -0.8837515152779398 0.1463201420203838 0.8914283889945338 -0.4288890804552439,55.84470388103257 24.36857899805262 949.7790391849512,0.69
53,655,13,0.0,0.9481430116175845 0.06772705207332101 -0.3105444830264967 -0.11814430908297437 -0.8319337679480923 -0.5421513884322314 -0.2950707571956988 0.5507261135674858 -0.78079062243524,22.833913325742273 58.670382499176085 707.7460716103318,0.69
53,665,13,0.0,0.29900043384064645 0.9541972351707037 -0.010313920481049121 0.10051766535519613 -0.042242058885077205 -0.9940381317699487 -0.9489441182254335 0.2961811014459465 -0.10854407230070257,92.23424759213789 47.92257095964214 1211.1853910668513,0.69
53,677,13,0.0,0.18954623905303714 0.9630749835986605 0.1912035544316274 0.3345061327565258 0.11974568058692647 -0.9347548443998817 -0.9231348061952392 0.24113802675483026 -0.2994571449200445,34.28731296567665 21.492736571975346 821.212790086844,0.69
53,686,13,0.0,0.21164558761985214 0.9539445345428705 0.2125934388847242 0.36270518219742565 0.12532388915376508 -0.9234386138853554 -0.9075522552713862 0.2725504500512892 -0.3194763780448567,23.687580145617318 33.755477236807764 852.7208726360734,0.69
53,687,13,0.0,0.3203481704221174 0.9259609212967808 0.1999335438049809 0.3776235303482251 0.06873777807211257 -0.9234043465313836 -0.8687793270068898 0.37131050361782847 -0.3276446106203027,21.79748014845246 39.84774268919707 870.2077166181823,0.69
53,692,13,0.0,0.27281165445940947 0.9431205552690071 0.18999320887916032 0.37301602801798317 0.07834392076447216 -0.9245113698170173 -0.8868104893565523 0.32308798849281045 -0.33042594882796694,15.119532643118617 43.39734423468848 891.4750248793146,0.69
53,716,13,0.0,0.21800116002969 0.954436605966463 0.203779928886356 0.34631286880954304 0.11956192281564842 -0.9304688836868912 -0.9124378834324087 0.27341490779371147 -0.3044690412398975,4.728668796621066 27.870155597822855 848.5468842874709,0.69
