scene_id,im_id,obj_id,score,R,t,time
48,1,19,0.0,0.22972478434965482 -0.965781152614235 -0.12038807545028674 -0.40424395147169373 0.01783768693482357 -0.914477252108201 0.8853323393811249 0.25874424086331765 -0.38631343060526635,-19.958711593772257 75.63648355024107 528.3359077119985,0.69
48,36,19,0.0,0.24296031599735546 -0.962513996600081 -0.12056986024460586 -0.4144646723591149 0.009373546904118402 -0.9100171273029356 0.8770343894150994 0.2710699964351921 -0.39665064832407454,-30.389121314568566 70.1374895885871 515.7178862387071,0.69
48,47,19,0.0,0.3522502659417559 -0.9177979931681224 -0.18321188247635328 -0.46731112484312076 -0.0028709930874016854 -0.8840882704778686 0.8108884403799448 0.3970372792764666 -0.42990852064470847,-11.430959412942954 65.07248750668248 509.3239932444099,0.69
48,83,19,0.0,-0.011890299279402378 0.35042905424433807 -0.9365138006054504 -0.1715638421446007 0.9219764059199462 0.3471676180111295 0.9851012480205418 0.16479983273158305 0.04915837955032139,81.579883633603 -2.2610319366499887 883.3615801016566,0.69
48,112,19,0.0,0.2962008880631657 -0.9474612741061974 -0.12075664776588224 -0.38413434490293774 -0.0024164103195952746 -0.9232740470884896 0.8744746073938243 0.3198613684555055 -0.36466815873227587,0.8215614266608697 68.53358613433473 537.4928864349189,0.69
48,1024,19,0.0,0.49565174451966115 0.34546804737452086 -0.7968570614594893 -0.31470029248037135 0.9265765586111702 0.20596020718830535 0.8095017443263389 0.14868661431183613 0.567978183258035,136.98320953883874 13.270022293486733 963.961373651215,0.69
48,1027,19,0.0,0.5219157988736277 0.35478651815448903 -0.7757128498496834 -0.30584443140057316 0.9267653012734693 0.21809461281002746 0.7962807812997644 0.12342043141761455 0.5922029334960498,149.70079131207567 20.517477548343166 973.4997425891029,0.69
48,1059,19,0.0,0.5347900078575133 0.33041273313998604 -0.77770628985159 -0.31559035268153596 0.9318788784105814 0.1788979744619284 0.7838382338149273 0.1497637531287242 0.6026345836895639,155.74760900242177 5.1449916792669255 973.2968104936882,0.69
48,1074,19,0.0,0.5194185541427226 0.3259470551778151 -0.78991321221587 -0.2996894732760895 0.9351651594180077 0.1888182835908445 0.8002440785284098 0.13865295464433094 0.5834250362716821,134.64395482146446 29.74648967239358 997.5151909505249,0.69
48,1075,19,0.0,-0.45471056239020224 -0.8889461533669067 -0.054891172923941856 0.3322919192110631 -0.2265081934679361 0.9155742016455688 -0.826329465091143 0.39808136694157414 0.3983852914153758,-52.72887769174234 93.77115584938053 792.8591174444314,0.69
48,1083,19,0.0,-0.463698339713578 -0.8835499459296893 -0.06575213148267 0.327445067875081 -0.239859477655065 0.9139185732346853 -0.8232639778777854 0.4022523138860514 0.40053651356919073,-46.631946020257544 92.70002275518732 794.7734601730922,0.69
48,1087,19,0.0,-0.4734345844515494 -0.8779285357323762 -0.07142254820429439 0.3122476071865231 -0.2430963526177593 0.9183711641543593 -0.8236268123680042 0.4124871506977497 0.3892213052464788,-48.92295206864624 97.19510688996306 809.0817417875047,0.69
48,1090,19,0.0,-0.4628135930856625 -0.8838981398617471 -0.06728786223444927 0.3266784234575477 -0.24062918387998156 0.9139905926827394 -0.8240660080979132 0.40102577749341445 0.40011690801985944,-54.844177308168014 97.66475426197015 817.8149516922425,0.69
48,1094,19,0.0,-0.46245236927007344 -0.8841761916399269 -0.06610800476198764 0.32396286003943797 -0.23790554361882088 0.9156686178036795 -0.8253398521043094 0.4020365834753707 0.39646023013145726,-61.4612656718059 95.89271067904195 819.0326856280572,0.69
48,1097,19,0.0,-0.47055899006356294 -0.8809154502372945 -0.05061824180652846 0.33496775289301817 -0.23141297803074012 0.9133699349774689 -0.8163154055830144 0.4128389554440916 0.4039717260844743,-58.613952477361096 94.91540913791809 821.0795106209,0.69
48,1103,19,0.0,-0.4897879218761382 -0.8704749269998637 -0.0487974696970605 0.3384803299560499 -0.24143547496052659 0.9094723622317659 -0.803454328395272 0.42893159465719755 0.4128908200574771,-50.799042620155916 89.44697610935076 825.981310406541,0.69
48,1104,19,0.0,-0.4816117202207316 -0.8750094083483912 -0.049078368430763464 0.33341843706140745 -0.2347302848355225 0.9130902689266611 -0.8104827553832072 0.4233913422388704 0.4047931256130852,-53.0282034211209 88.35039170470829 824.4948498525334,0.69
48,1107,19,0.0,-0.48497899777385756 -0.8721677563029464 -0.06417769537579848 0.32632722238099676 -0.2485660062500047 0.9119898488854059 -0.8113605337033394 0.4213529938215778 0.40516137395638396,-53.78168494289321 87.20744016167436 832.3049291897012,0.69
48,1113,19,0.0,0.5647508244356964 0.3171722195434673 -0.7618781329379861 -0.29003574868023374 0.9405849936681635 0.1765761427083422 0.7726161859466169 0.12125037251955602 0.6231874327818007,147.64493203017275 26.505290484926366 1008.264314862532,0.69
48,1119,19,0.0,0.5616488716153278 0.31994578411616814 -0.7630106422845749 -0.2964216198077869 0.9388007280364457 0.1754634330815617 0.7724537321573098 0.12762401131656287 0.6221152171517049,148.66151529980888 23.471215691139825 995.3672681646004,0.69
48,1120,19,0.0,-0.4941807370287822 -0.8674379353713388 -0.05776527874423104 0.33221845637673786 -0.24983257758716176 0.9095133756129222 -0.8033780532180024 0.4302732985613492 0.41164133921751467,-42.86755368266239 87.24014827173477 847.0468597130906,0.69
48,1122,19,0.0,-0.5169938293849057 -0.8541891799340737 -0.05548175611392897 0.3145483637134378 -0.24986025219232982 0.9157669907021023 -0.7961009403732229 0.4559941877457868 0.3978600174419772,-41.45799092282026 86.09186324037789 835.9948521901096,0.69
48,1124,19,0.0,-0.5213581839751679 -0.8527018433360657 -0.03294253137496411 0.34121723734186216 -0.24369958946221854 0.9078443187225074 -0.7821486054087818 0.46207150579452705 0.4180113426569618,-42.09992127724882 84.67155872394486 848.6461354567779,0.69
48,1126,19,0.0,-0.5142833854762624 -0.8566306032438873 -0.041189913924258026 0.3332124539341785 -0.2438395111212388 0.9107753583399797 -0.7902417731088613 0.45467164239940117 0.41084259471431905,-43.606364388464876 84.85396122046423 847.3642988182542,0.69
48,1128,19,0.0,0.5783927459617092 0.3336453703015864 -0.7444075485210983 -0.2846151145394858 0.9377277231000279 0.19915058098160998 0.7644972648705483 0.09668238829256705 0.6373354280122016,147.22290702964557 24.3184710607699 1007.7379723932387,0.69
48,1132,19,0.0,0.5820907918915342 0.32326772395476594 -0.7461020631550295 -0.29386569116264877 0.9391908064341197 0.17766143269468082 0.7581644053584851 0.1158387144210997 0.641691613385029,146.03893448809893 26.559026349464997 1024.5379701890822,0.69
48,1133,19,0.0,-0.505640261866668 -0.8620565701249508 -0.034444092146741656 0.3403925436832359 -0.2360244823462987 0.9101787516405875 -0.7927552218587173 0.4484985101843344 0.4127811097642051,-48.671059973237455 92.35807262024835 874.303644724364,0.69
48,1137,19,0.0,0.5778482975797862 0.34582382665882977 -0.7392545068507775 -0.2843606668064201 0.9343420196863126 0.21481154862322988 0.7650035007485593 0.08608641683532753 0.6382466393792475,137.83753593213146 28.297727007715917 1024.1110953221396,0.69
48,1540,19,0.0,0.695971954977909 0.24751789908281752 -0.6740607743503961 -0.2412931953985673 0.9647420720158092 0.10512054193635074 0.6763140038019146 0.08948532905606042 0.7311578106983145,135.35966280898054 46.66850998911396 968.2159435300059,0.69
48,1542,19,0.0,0.7162862085904732 0.23885114420051198 -0.655655548513998 -0.23558431482379757 0.9672019454453903 0.09497593029633422 0.6568364316875909 0.08643221413777705 0.7490629975957659,134.03890854852372 48.49754319536772 964.6518004368684,0.69
48,1543,19,0.0,0.7054559133763908 0.23845250350445982 -0.6674371564834684 -0.234762815778728 0.967160810641658 0.09739808358799452 0.6687438781850082 0.08797937219272779 0.7382690942052553,131.63303662382285 51.64820568393573 970.5731336935116,0.69
48,1568,19,0.0,0.7020060305381576 0.2248534939461665 -0.6757428796134375 -0.21536042430365188 0.9714503232135063 0.09951963209400022 0.6788279758022724 0.07566489138679452 0.7303885291265287,123.89579805642312 69.36925998316731 982.5311262482908,0.69
48,1569,19,0.0,0.7098208872659133 0.22501509632427902 -0.6674747294296669 -0.20887960534975564 0.9722212439824682 0.1056180061263825 0.6726987575950784 0.0644519912443183 0.7371040105403581,124.45404440961106 69.52368843388324 977.2047235303938,0.69
48,1571,19,0.0,0.7171607844778911 0.22771521822112475 -0.6586548326684937 -0.21313927533832408 0.9714922480200167 0.10380010281916174 0.6635149271232034 0.06594385056637206 0.7452511992993839,126.50918649495627 71.4794528719956 982.5710091435786,0.69
48,1572,19,0.0,0.7020353418015749 0.2253581257559225 -0.6755442946375343 -0.21165550031915026 0.9717713792493192 0.10422252950550556 0.6799620048548272 0.06981476654443244 0.7299161392421395,128.75587688467104 72.31141803285473 975.983764837765,0.69
48,1576,19,0.0,0.7162439083850057 0.22625969677379748 -0.660152416732076 -0.20367315683871545 0.9725702016314496 0.11235856924112811 0.6674667848550393 0.0539791859367163 0.7426805091025924,131.30189083638388 80.23978806842746 974.1255468761324,0.69
48,1577,19,0.0,0.7161438970484411 0.22824315017450134 -0.6595778825269175 -0.2065990379828617 0.9719902810924834 0.11203450792640292 0.6666744004570958 0.056035326894515416 0.7432397230470105,130.343715611442 80.61036258948452 973.4080945672387,0.69
48,1579,19,0.0,0.7116804086746554 0.22782713363046725 -0.6645342678074629 -0.21053288479162163 0.9716420610544315 0.10764575983852945 0.6702140705252265 0.06329693809041476 0.7394637227737307,129.40056856955871 80.42875277749117 967.1364693724171,0.69
48,1580,19,0.0,0.7074020106968071 0.23246104606703488 -0.6674910166612991 -0.21130491679797098 0.9707341108834927 0.11412939193843757 0.6744869364184285 0.06030877240215408 0.7358194238889241,129.58191116564686 81.52785166593465 972.4989905327163,0.69
48,1583,19,0.0,0.7153675741972841 0.23028339750362364 -0.6597111418047154 -0.20480321680086272 0.971769474143138 0.11713125761976576 0.6680605333164892 0.05131906037484682 0.7423351519813209,130.7983383437957 82.72052373356132 968.9821738792076,0.69
48,1586,19,0.0,0.7163995704660333 0.2242839860171683 -0.660657512673801 -0.2137869587447368 0.9719386444016991 0.09813464112770726 0.664128595760459 0.07093634565466653 0.7442454186344734,131.88444607186307 81.5224227536226 964.7104188256569,0.69
48,1587,19,0.0,0.7293485490600864 0.22164178292515577 -0.6472446323035091 -0.20713273192649248 0.9732034808583796 0.09985497588904363 0.6520327640146731 0.06123646713268008 0.7557138147106308,131.51407176351 83.3883361324002 966.8927644559496,0.69
48,1588,19,0.0,0.7235332957763453 0.22339819096505403 -0.6531407338212499 -0.2045587672293505 0.9730737995856283 0.10622189656373482 0.6592839150568047 0.05675058443337514 0.749749351792879,130.24715373236097 83.8456349188303 968.442145525803,0.69
48,1589,19,0.0,0.7215192037613307 0.22209340034627198 -0.6558083257524611 -0.20551482868469342 0.9731696348760048 0.10346263550676021 0.6611911174496498 0.0601280573271262 0.747804067204605,129.163889641487 84.96439133924399 959.1144887876432,0.69
48,1597,19,0.0,-0.6962633584651375 -0.7159792677701627 -0.050902099977789605 0.2437334771802049 -0.3025316479180492 0.9214491815122718 -0.6751380064553423 0.6291647559513254 0.38514981774397183,-82.25751976607404 124.26948646117727 835.1267968394521,0.69
48,1605,19,0.0,0.7329860526775904 0.23605267020915724 -0.6379738109571987 -0.21713112782705427 0.9699890835693322 0.10943149037127514 0.6446592277387148 0.05831221693139373 0.7622428520149401,138.77906646420254 84.22064025903481 971.4896935729604,0.69
48,1608,19,0.0,0.7269900025856055 0.23855498494157973 -0.6438765839041702 -0.21748137877854512 0.9694292169229172 0.11361709053132185 0.6512966958500284 0.05743267829156389 0.7566466159569428,138.42921388629267 79.9792475123451 965.7363644754186,0.69
48,1609,19,0.0,0.7334758060540191 0.24003221252467954 -0.6359227774532957 -0.21198182197371346 0.9696897261012679 0.12151354758360416 0.6458149495684594 0.045676821738766464 0.7621264192177917,137.54018820139785 78.93230834907473 965.3757562503487,0.69
48,1611,19,0.0,0.7308766419189888 0.23433618470505266 -0.6410194122139372 -0.2100596571312163 0.9708532755075256 0.11540735627430485 0.6493799155680271 0.050303776937601165 0.758798560411572,135.90317364155965 78.57095704022085 967.207676659335,0.69
48,1619,19,0.0,0.7164434105973086 0.25081268314671384 -0.6510006431520957 -0.20781370844248997 0.9675037900125323 0.14404818254586066 0.6659747007169837 0.03208448665838297 0.7452840288915307,130.76101517826976 73.43885875383917 968.8624953766351,0.69
48,1622,19,0.0,0.7161993172169153 0.25435957082557853 -0.6498921039276071 -0.2118703282629709 0.9665121671587109 0.14479362809154564 0.6649582708860498 0.03399175581812997 0.7461065999685537,131.27951756894825 72.6468019934168 964.4398311673739,0.69
48,1624,19,0.0,0.7220861394342238 0.2546631838130588 -0.6432248984975432 -0.2276283175314418 0.9654689399197367 0.12670862286389523 0.653281682197491 0.05492166112251108 0.7551202916388622,133.75124193168762 72.64152956694873 969.0023212317706,0.69
48,1626,19,0.0,0.7221058186243977 0.2597914287048511 -0.6411486569277679 -0.22823733684400463 0.9643806558914416 0.13370739924457894 0.6530473985700768 0.049783170990658286 0.7556789868105174,134.80201684065162 72.39781387313634 967.4075085178731,0.69
48,1631,19,0.0,0.7316529147877475 0.258082600554145 -0.630933739447973 -0.22471217563816578 0.9651391229923126 0.13420473683738515 0.643574743446754 0.04358720638948218 0.7641411551778935,137.44120503759635 69.75488156474042 963.8729528612491,0.69
48,1639,19,0.0,0.7246279744293775 0.25696301288421985 -0.6394406217029394 -0.21916965489499002 0.9656367937307085 0.13967907848596395 0.6533597485670419 0.03893061267102501 0.7560459287301733,140.87197870155276 74.30838758487825 955.5994434885952,0.69
48,1641,19,0.0,-0.7245443854806687 -0.6887766601322671 -0.02494285319444345 0.24713508410247423 -0.2934112449532924 0.9234901686215299 -0.6433969876165905 0.662945362599361 0.3828103479974103,-66.10483244328168 105.81198351782534 822.8650059253898,0.69
48,1643,19,0.0,0.7430412808261097 0.24443640142684184 -0.6230092299844284 -0.21577641507877768 0.9687005007813586 0.12271869654496864 0.6335062696485693 0.0432456407449455 0.7725280712521154,137.64197522879337 77.11458354601136 961.2297055199687,0.69
48,1644,19,0.0,0.7294297555646709 0.2469552457818369 -0.6379226742150627 -0.2110792408686992 0.9683097224909267 0.13349844719635565 0.6506748694787267 0.037274494099545134 0.7584410499956242,135.81607685054865 76.28805912129657 954.2306050814203,0.69
48,1645,19,0.0,0.7241187263273773 0.24237648638532616 -0.6456823592367386 -0.20965001707604802 0.9692660183775647 0.12872550624687892 0.6570380053863168 0.04215476801034837 0.7526779092094866,135.8225371906622 76.62302778314138 963.2392430396319,0.69
48,1648,19,0.0,0.7174562711256262 0.25555382566103607 -0.6480345216209711 -0.21568003562475438 0.9660571932775064 0.14218164983460893 0.662373475658119 0.03775899239645366 0.7482216498055826,134.52015341654308 75.21880000523201 969.316928252885,0.69
48,1649,19,0.0,-0.7000541577709808 -0.7131616856825477 -0.03639486587404661 0.2643398626565342 -0.30615357511358005 0.9145460215078833 -0.6633616006359483 0.6306111309829541 0.40284114521993875,-76.91561258507052 106.85369699903636 852.3866003398554,0.69
48,1724,19,0.0,0.7258672162000064 0.30954731398552193 -0.614245264410237 -0.24370017373422892 0.9508213159521139 0.19117805954919864 0.6432161454503142 0.010921791768706252 0.7656067559110233,123.04451739668296 49.04555935909123 936.111230833406,0.69
48,1874,19,0.0,0.7331572003703904 0.3455406562375878 -0.5857321695382185 -0.2723805628947715 0.9383967379039532 0.21265086702937983 0.6231286773228935 0.0036355437167994165 0.7821108836473922,88.28470646032648 16.895258050739546 880.5542190482802,0.69
48,2040,19,0.0,0.7803001592273368 0.33285092159957835 -0.5294732528656233 -0.24617677640663285 0.9417306777498494 0.2292167649689874 0.5749162167375622 -0.04851385961888276 0.8167727647008363,102.73743715971732 16.266206011854457 788.1399849571812,0.69
48,2050,19,0.0,0.7908035740907065 0.32892167164061914 -0.5161784973538758 -0.2508572042438644 0.9434228264330592 0.21685025626918203 0.558301325705319 -0.041998862963162506 0.8285745139850035,102.29041306142025 22.832207593501433 784.6708670354625,0.69
48,2051,19,0.0,0.7879633627809645 0.3253711102395179 -0.5227306950394416 -0.2446646416381982 0.9445266228000011 0.21910881304520013 0.5650247357832808 -0.04475599896693028 0.8238591800238108,102.95957763691118 22.540259790002338 788.8033213904533,0.69
48,2066,19,0.0,0.8043959789033673 0.3252214984235348 -0.4971700776266047 -0.2419549054083811 0.9436457693538618 0.22581072988097753 0.5425909443336802 -0.06134850400547012 0.8377537992652591,99.33150768677686 18.474175322533814 780.6776388501784,0.69
48,2069,19,0.0,0.7938853882037901 0.3293453413734775 -0.5111532417114315 -0.24381024732081868 0.9424960975574448 0.2285993643699581 0.5570480712630452 -0.05685729684548152 0.8285316494241762,98.03145551444895 16.12703527549758 776.7652861098079,0.69
48,2070,19,0.0,0.7913203630372111 0.32869940123929997 -0.5155276778870191 -0.2478653571265341 0.943261154788531 0.2209551054027551 0.5589050436158115 -0.04706482223415455 0.8278949539216164,98.08199729835206 15.788087025404439 775.4230332441044,0.69
48,2083,19,0.0,0.7981601705995273 0.3300343579803602 -0.5040016514070417 -0.25428856219157314 0.9429766625670009 0.21478440584116687 0.5461480286580517 -0.0432705027298288 0.8365703762304949,98.63360450514975 14.806563594109175 756.6935971261562,0.69
48,2090,19,0.0,0.7932322818763043 0.3281424505531091 -0.5129376951777979 -0.24524194460241341 0.9431959353886512 0.2241379398360616 0.5573499220390524 -0.05199961164592984 0.828647756765041,94.22140819591522 11.293552485108096 763.4580160399057,0.69
48,2104,19,0.0,0.8051860622147902 0.3227176309973244 -0.4975225983395276 -0.2559382683368895 0.9459133602468799 0.19935776309732955 0.5349495378217973 -0.03318501996279935 0.8442320453727838,94.74231446285755 9.43448148883171 746.5429125380196,0.69
48,2133,19,0.0,0.8261571891568953 0.3159558157659529 -0.46651497434492845 -0.24355747693125973 0.9468843247471387 0.20997578664939948 0.508078787428935 -0.05984979558717368 0.8592286934995343,98.79668289467612 10.433555046207823 722.6077337511898,0.69
48,2144,19,0.0,0.8237887080482788 0.3202658154755425 -0.46776273037720056 -0.2408158056060862 0.9446778964044563 0.22269131059640174 0.5132055263366126 -0.07080592830149973 0.8553400541626257,96.9233813611364 13.110524306584999 721.5717418530826,0.69
48,2160,19,0.0,0.8145226933870361 0.32793497969530233 -0.47855138809721365 -0.24746378961675494 0.9424913212043478 0.2246592581733446 0.5247041592993549 -0.06456592403679125 0.8488326022645646,99.36315343147842 8.201136633275878 713.6555689189357,0.69
54,1,19,0.0,0.9947448390190579 -0.08679914392269515 -0.05430114049664182 -0.09316200874199597 -0.5473603636567825 -0.8316955407026487 0.04246816892809305 0.832383650074773 -0.5525702794361029,91.49313880197303 71.22506912441155 954.9040510482677,0.69
54,22,19,0.0,0.996624937989343 -0.07055568805569365 -0.04195983628097033 -0.07401906660215851 -0.5513597809809371 -0.8309774784529351 0.03549522160916041 0.831278705849994 -0.5547213737032997,109.0437189780188 70.27898166259814 951.0029801653209,0.69
54,32,19,0.0,0.9977746710501775 -0.027320097262118134 -0.060822019830801426 -0.06602945216804339 -0.5316045271382063 -0.8444150272067357 -0.009263760418861643 0.8465519706502092 -0.5322254632495043,111.04339982786858 96.12160214704193 965.8938074440925,0.69
54,38,19,0.0,0.997766869231922 -0.048534388875090366 -0.045887773531190355 -0.06450579556119267 -0.5219565632911285 -0.8505294517983089 0.017328502593874827 0.8515901356485029 -0.5239217153965069,99.4180433952395 72.84519205126878 950.4532406305876,0.69
54,43,19,0.0,0.9974760083039675 -0.043671662404827595 -0.05598570139582566 -0.07059427728148808 -0.5253457658315732 -0.8479553492595836 0.007619768571824403 0.8497673871275814 -0.5271027669262183,95.34395002499302 47.395557643659714 942.7994120940363,0.69
54,50,19,0.0,0.9989396274169834 -0.031675038374236776 -0.03341126636343845 -0.045191448923076936 -0.5359768706412087 -0.8430222577618517 0.008795096375306774 0.8436382436101671 -0.5368399763412756,89.82523183753335 47.323330308528135 946.5377829373626,0.69
54,56,19,0.0,0.9991631515001164 -0.03031595588029143 -0.027457958835641734 -0.039427011740117646 -0.5351815038825269 -0.8438164899119248 0.010886111776029035 0.8441929286135373 -0.5359289055922425,78.01070621650568 55.55384815602312 952.0273929029871,0.69
54,63,19,0.0,0.999389185278131 -0.00953936629555472 -0.033619292672416916 -0.03356986694378602 -0.529410381565443 -0.8477014285254619 -0.009711868125695168 0.848312235194926 -0.5294072451677422,93.0859603465799 43.64990197003334 929.7637632360717,0.69
54,69,19,0.0,0.9997387942504533 0.012077967070835133 -0.019402731304807224 -0.010166164371178349 -0.5253362664906273 -0.8508339768789602 -0.020469303178880027 0.8508089855079838 -0.5250762590388625,95.35741644909227 50.79291106101207 930.6515180520514,0.69
54,81,19,0.0,-0.9695469040419575 -0.22992345412964987 0.08434456771924337 0.19959896982427544 -0.5422815857887641 0.8161439413237789 -0.14191212812069032 0.8081249203901056 0.5716599172031774,147.26150090546852 84.47337966490352 921.8198172358407,0.69
54,86,19,0.0,-0.9724370307003201 -0.22654120672908862 0.055184263848248725 0.17527607254597266 -0.5541537114342924 0.8137517818699127 -0.15376774601847984 0.8009948475223343 0.5785868426840253,141.6265276447911 88.73616662858109 922.403476738404,0.69
54,90,19,0.0,-0.9729468750862671 -0.2201935801460241 0.0699225680474079 0.18262741001672608 -0.5476710346485612 0.816519238547113 -0.141497729205986 0.8071996190964481 0.5730682049809589,135.1905923501626 79.27562201780728 906.2381904867948,0.69
54,135,19,0.0,-0.9719073566898474 -0.22690450478502328 0.06253347679776801 0.17567020461852123 -0.5225159057707431 0.834336327523779 -0.15663993495095857 0.8218828833385223 0.5476974135904936,130.13634260833496 71.61100685456117 963.1886219421187,0.69
54,202,19,0.0,-0.9730653678725966 -0.2219248774011724 0.062395020934709014 0.15861896913597273 -0.4481368471937138 0.879780307132138 -0.1672836288379993 0.8659807821064809 0.4712679413508175,127.19829512962872 81.45662730612281 986.6068273903327,0.69
54,390,19,0.0,-0.98729472940699 -0.15391934863937654 0.0394708930682891 0.10753603366575139 -0.46433862622399014 0.8791050231114914 -0.11698341227976145 0.8721802991989944 0.47499095458812224,129.0751548017253 87.84653793150603 976.6610708666058,0.69
54,479,19,0.0,0.9629152146496742 0.26966691917475566 -0.00860477187198562 0.10821195514158187 -0.4152207478740103 -0.9032618132631227 -0.2471527102028408 0.8688334036152983 -0.42900356012700785,134.0321066125456 70.72728707915515 944.1285354972206,0.69
54,514,19,0.0,0.9485429238339302 0.3158146748749404 -0.02296546925744894 0.11718717051618158 -0.41749497741111113 -0.9010910669310328 -0.2941657504044115 0.8520322969055407 -0.433021334715598,149.45978543209753 68.34263970017518 917.9609071014539,0.69
54,520,19,0.0,0.9467992730376553 0.3216217554574799 -0.011427291534574502 0.13051619095571615 -0.41618957292509073 -0.8998620801471976 -0.29417114147002627 0.850497316753486 -0.4360248315421293,150.72359946848528 71.02595076531499 905.9303206454565,0.69
54,524,19,0.0,0.9452024481196086 0.3250476778461533 -0.030599660055667333 0.11403538130412755 -0.41651089318157386 -0.9019504463505242 -0.30592198985937785 0.8490363260708643 -0.4307540517889156,148.2809484028222 71.81288162551463 908.1772993426955,0.69
54,530,19,0.0,0.9464363879962433 0.3213676338979853 -0.03132103701086647 0.11221883013773098 -0.41833311531623296 -0.9013347540133658 -0.3027624442349887 0.8495411988318318 -0.4319891825592737,143.1027634549378 76.48696201987444 904.7907114127887,0.69
54,537,19,0.0,0.9476326052140975 0.31738437833287303 -0.0354908710149211 0.1000222549747903 -0.4004932281686554 -0.910824199667975 -0.30329522588544 0.8595768322734768 -0.4112659423946929,144.84516671803627 90.17656287042126 898.4023703000477,0.69
54,543,19,0.0,0.9458696732681303 0.3232596613803637 -0.0288747730015797 0.10672020181448795 -0.3938173840997301 -0.9129724346909497 -0.3064985476577583 0.860471416901862 -0.40699825672671697,148.1256262761472 96.80200967694108 897.4935314685054,0.69
54,560,19,0.0,0.9460069212157048 0.32277732218051836 -0.02976080136617701 0.10422036076850563 -0.38981553935968355 -0.9149764814873668 -0.3069348813889776 0.8624724027814993 -0.40240816719723943,152.11611893581323 103.48656238387785 883.8548143746749,0.69
54,561,19,0.0,0.9470884727652389 0.31980168122342967 -0.02739177690247993 0.10150882920210635 -0.37938750960487794 -0.919652692677962 -0.3044985752827506 0.8682119569796747 -0.39177623129574685,151.2359127734712 103.87324708051067 880.9938361425651,0.69
54,568,19,0.0,0.9515848386342516 0.30580518885763525 -0.0311364954542222 0.09848745702874157 -0.39927665936099327 -0.9115252986601836 -0.2911812419944605 0.8643270999785158 -0.4100635908652365,143.3795800578235 103.12611887313618 888.1039038616423,0.69
54,577,19,0.0,0.9587939717633581 0.2830958244437185 -0.023892967433431597 0.09600249042942245 -0.40199610203722635 -0.9105946715077045 -0.26739042903887256 0.8707788973840644 -0.4126093434824282,139.45252730780626 103.43505859303853 887.3651335751896,0.69
54,583,19,0.0,0.9641230356687249 0.264319764552136 -0.024532308493601204 0.09220929335169993 -0.4201278215339691 -0.902767998874961 -0.24892613023244864 0.8681173167494268 -0.42942764937445893,140.70273546968124 103.24098725630382 892.8979184971115,0.69
54,588,19,0.0,0.9687819193031093 0.24649134688405078 -0.02652562426543212 0.07656443391797481 -0.3992400412979332 -0.9136439552053331 -0.23579542041821847 0.8830908250773027 -0.40564900391112074,139.51666718509605 103.09308187010885 874.8570124249137,0.69
54,589,19,0.0,0.9672531886835319 0.24959413221110227 -0.04608728834859245 0.05953035689393542 -0.399606196173249 -0.9147518923664643 -0.24673347075259205 0.8820530920220923 -0.4013787952354312,141.72419509785848 105.22758526858233 886.1840054722247,0.69
54,595,19,0.0,0.9712296335216519 0.2342494611449586 -0.042897423264040266 0.057602239396739155 -0.40586014524277253 -0.9121181527192606 -0.2310735402115059 0.883405191549615 -0.4076766936646114,143.46818433859372 107.51510806325996 883.5063305037689,0.69
54,598,19,0.0,-0.9959935578304843 -0.0658745599102006 0.0604762359676181 0.08562596702010271 -0.5075017399355528 0.8573856645257482 -0.025788108345629297 0.8591289346303171 0.511109036457907,160.84727268453452 109.74284807731232 874.0950658261694,0.69
54,604,19,0.0,-0.9941779871120343 -0.09179040526565514 0.05643271606993915 0.09479563137620432 -0.4961141445098313 0.8630669405609654 -0.05122419559007602 0.8633917286599664 0.5019270909880287,157.6546475354214 112.795686575043 872.1907339514925,0.69
54,681,19,0.0,-0.9586575467837469 -0.28430842565997966 0.01201778237912203 0.16039610182635075 -0.5049894574501632 0.8480912323465563 -0.23505062968109458 0.8149566656963628 0.5297139176230756,122.52619742067627 97.67908415769435 885.269532338022,0.69
54,741,19,0.0,-0.9220544632770683 -0.38671235260641523 0.016404971577211463 0.21596954189731063 -0.47884788039692316 0.8509182477841453 -0.32120511160861587 0.7881359424496424 0.5250419149891862,135.5159210587453 102.11985948523088 909.0273149000949,0.69
54,866,19,0.0,-0.8733393167559746 -0.486977451651204 -0.011462957363024967 0.25369184924135957 -0.4748049223598274 0.8427340810311267 -0.41583516378092245 0.7330847476834977 0.5382080167343439,165.2107812820482 95.69181629812213 940.637012289834,0.69
54,1012,19,0.0,-0.8270814769084173 -0.5614145161453916 -0.027385609655930176 0.28752368078074253 -0.4644420587614545 0.8376298150398631 -0.4829765662485964 0.6849140932369966 0.545551392024672,189.84358311756367 95.13448269626416 943.3939806147413,0.69
54,1024,19,0.0,-0.8249918284540781 -0.5637901048892093 -0.039104994732276105 0.2889675144165671 -0.48028587356179975 0.828144465216601 -0.4856812314635064 0.6719123434541097 0.559148946272904,224.61896436230944 96.07550727014653 956.9012696970638,0.69
54,1025,19,0.0,-0.8315142612498045 -0.5552072688088981 -0.018136206878944017 0.29196876198303656 -0.46458021605906225 0.8360140338969245 -0.47258679135613263 0.6898623859207568 0.5484082540657432,228.1603753316613 96.88922267274407 950.4047021052504,0.69
54,1028,19,0.0,-0.8219024021387664 -0.5694106663750962 -0.015745932071307006 0.307252553476528 -0.4664340603730785 0.8294788337902519 -0.4796585345229235 0.6769126681796935 0.5583161558804911,233.19401027648533 101.6899248055705 962.9164884524866,0.69
54,1029,19,0.0,-0.8282326352317059 -0.5597030583771334 -0.027625864338102657 0.27550515469057957 -0.4496226705384468 0.8496683846517976 -0.4879832083956003 0.696112017265295 0.5265932469589574,222.86022557467874 98.74365071522475 922.6925944878056,0.69
54,1032,19,0.0,-0.8240846238702548 -0.5657395899511879 -0.02869231713338094 0.27912196460858263 -0.44961550172159614 0.8484909130242247 -0.4929254117751142 0.6912196589894556 0.528431567426507,223.95494522459688 98.70668765630896 921.2215905562508,0.69
54,1033,19,0.0,-0.8216387033159099 -0.5693076212770585 -0.028260813314688188 0.28666917586501445 -0.4555642560763021 0.8427822922881797 -0.49267699847082735 0.6843610457510735 0.537512171244776,225.0992274912513 98.9663564968986 927.1283319353057,0.69
54,1039,19,0.0,-0.8160824428627694 -0.576249115014619 -0.04411806768210966 0.2995170374025169 -0.4869891613640615 0.820445672192588 -0.4942661133000664 0.656337195471045 0.5700197321886756,223.24373110750963 91.9526618853885 959.2931057182792,0.69
54,1042,19,0.0,-0.7995104606098137 -0.5988693144244036 -0.0462446495967721 0.31064363430086006 -0.4781560048752917 0.8215031147050226 -0.5140851639989594 0.6424347276124981 0.5683256680052541,217.12828991965483 87.60932681686305 965.2767541441717,0.69
54,1063,19,0.0,-0.7668243739228691 -0.6406365982758281 -0.03956170506152645 0.3396677306478946 -0.4573267609465164 0.8218747267550435 -0.5446156555905359 0.6167957382081555 0.5682928866473239,186.6910681728504 67.55288635881838 968.9112509677469,0.69
54,1068,19,0.0,-0.7644356714430968 -0.6432565807694792 -0.04311699806457148 0.3372002889728829 -0.45593286690487417 0.8236632722129271 -0.5494852767290004 0.6150985223300904 0.5654376521645803,180.74777924964525 59.30232574039536 956.9550521572381,0.69
54,1080,19,0.0,-0.7542625287190186 -0.6539687915370189 -0.05841966677415189 0.3341285955356013 -0.45891368622752887 0.8232595643164237 -0.5651956470248142 0.601434159562518 0.5646510712781208,173.96104958031952 52.5204807882166 956.157749272434,0.69
54,1083,19,0.0,-0.7509538646220606 -0.6571419345977831 -0.06505974947903442 0.3375151591119938 -0.4666355579334465 0.8175174453439795 -0.5675841880979398 0.5919592332798129 0.5722171402151274,174.89382563571428 50.66857280655285 964.6695379769102,0.69
54,1089,19,0.0,-0.7454538981579779 -0.6651462972106694 -0.043346153554966294 0.35681988795607844 -0.4531375859928537 0.8169124161864482 -0.5630080401558104 0.5935037754450302 0.5751306071253802,183.31377606187777 52.29073562991829 969.8919981216944,0.69
54,1096,19,0.0,-0.7444331585493529 -0.6655958170290944 -0.05292901666955774 0.35435360612107447 -0.4610214141266901 0.813567930504649 -0.565908821526246 0.5868913562747362 0.5790559054605839,189.01105895687323 57.82289173567387 976.0176850415478,0.69
54,1106,19,0.0,-0.7426114098555324 -0.6675347292127439 -0.054089548410456934 0.3465192115189054 -0.45209026471139435 0.821911691486073 -0.5731079566719472 0.5916179323246128 0.5670409968875754,195.90456270540605 75.69605854899373 971.9216024772323,0.69
54,1110,19,0.0,-0.7451607254170709 -0.6643864630841418 -0.05767253216609186 0.3345016119026438 -0.44717837638458774 0.8295421456011605 -0.5769264813912061 0.5988506720081292 0.5554581061655094,206.57671809964395 89.17668565074541 973.847114122617,0.69
54,1111,19,0.0,-0.75793042006795 -0.6503796789565711 -0.05047525667065356 0.3221475692441996 -0.44045501981303287 0.8379858704963672 -0.5672410616005108 0.6188745015928903 0.5433524908496111,204.94430185188233 90.73634359089633 963.6293803053912,0.69
54,1134,19,0.0,-0.6923112728859055 -0.718579384074371 -0.0659452061820639 0.33682907012068114 -0.40262652054417714 0.8511392732544578 -0.6381624236483487 0.5670410511927573 0.5207813046812246,116.27473631855474 50.92036824406007 976.6212960895812,0.69
54,1178,19,0.0,-0.6456714499547302 -0.7611983524691098 -0.060707881791982665 0.37185943261054966 -0.38286604988038053 0.8456560472364366 -0.6669549768102165 0.5234411677039809 0.5302644650179539,109.24237174236629 62.25529977179336 1068.6128284417491,0.69
54,1355,19,0.0,-0.5732268320394751 -0.8148695263497526 -0.08601542917708022 0.3565823842543626 -0.342589631907527 0.869184299989904 -0.7377397930635581 0.4675681759230359 0.48694968794993965,142.11577019198376 75.95835456376723 1044.6450690542674,0.69
54,1531,19,0.0,-0.4399488973886411 -0.8911410019219226 -0.11096252691837305 0.3479161480086026 -0.28305388920669305 0.893775614883188 -0.8278884717408347 0.354609941341972 0.4345715911792529,145.14451873341298 72.53025407269227 1024.8565359521522,0.69
54,1539,19,0.0,-0.4411305125076013 -0.8900504228953707 -0.11495266694841277 0.3993743091781503 -0.3093988520770569 0.8630020344714575 -0.8036815489379211 0.3347873878107884 0.4919485469635748,157.63672189528404 76.5381586808377 1076.0380950246706,0.69
54,1543,19,0.0,-0.45959277460640463 -0.880601823770585 -0.11539024872798348 0.3597193311215345 -0.30336194771277825 0.8823681383058806 -0.8120200024303972 0.36402191781790966 0.45619245829047694,155.44852423343627 77.22436825065101 1034.8494786711267,0.69
54,1547,19,0.0,-0.41372943768797843 -0.9016548864264966 -0.125882557066541 0.37117924896788296 -0.2933188642200182 0.8810164635398803 -0.8312965280367937 0.3177774530640907 0.4560302323290335,165.25567889707568 84.8402047607051 1057.722673886818,0.69
54,1550,19,0.0,-0.45232250358313864 -0.8872376351943414 -0.09062963889939374 0.34921977725799386 -0.2697022274750935 0.8973885756275541 -0.8206399331766392 0.3742593849053435 0.4318333160909609,159.55031865128345 83.86258703360845 1016.3916245534865,0.69
54,1557,19,0.0,-0.4417408072650236 -0.8900196392550968 -0.11282774896749598 0.3768459404038262 -0.29821090220808993 0.8769591752216249 -0.8141573535859028 0.3448699748375669 0.4671322126095937,165.57282885997154 80.24370849891181 1046.1066528425051,0.69
54,1559,19,0.0,-0.4400591363435172 -0.8876808412390085 -0.13553848389960604 0.34705047982340526 -0.30733765680113867 0.8860584231112132 -0.828193166462355 0.34287940855232396 0.44331680569979104,162.22829420628935 76.88000789687207 1021.7967860860091,0.69
54,1568,19,0.0,-0.3767869381616805 -0.911116666345493 -0.16702701439653767 0.35901093637404585 -0.30986207604334703 0.8803957299952889 -0.8538985600143477 0.2717570866372803 0.4438528304154893,159.26937203237938 82.85333299052786 1075.9109092876638,0.69
54,1573,19,0.0,-0.40039508114287453 -0.9019932787630898 -0.16152988597408802 0.36446478156229406 -0.31849246250176894 0.8750588404960598 -0.8407432438011858 0.29149730083788133 0.45626759868183664,147.2265515053081 80.98217947192227 1060.9008484840888,0.69
54,1580,19,0.0,-0.41562029119749366 -0.9001482729908608 -0.1303566652552955 0.3620329086092007 -0.2952045614077488 0.8841868807034069 -0.8343811758596142 0.32029260615198296 0.44857630322554687,134.12121343533093 79.69026918091053 1032.031846394883,0.69
54,1585,19,0.0,-0.4270656553396088 -0.8953377937423999 -0.12643243700033036 0.387752906695595 -0.3076535006198987 0.8689056375150521 -0.8168614382981165 0.3220552105661605 0.4785580758577984,132.97305721707812 80.85097682699534 1027.0710725863246,0.69
54,1595,19,0.0,-0.3880306450217623 -0.9047186274559722 -0.17583066757018506 0.35714393625324353 -0.3234753741845795 0.8762487609655637 -0.849635467316151 0.2772145151869364 0.4486331299047561,147.96074648524004 74.87317951905047 1050.1661074036222,0.69
54,1597,19,0.0,-0.3805498250545641 -0.9038098105876118 -0.19572852867307217 0.3498763552394369 -0.3366365099039409 0.8742210225360982 -0.8560189055711958 0.2642038729566221 0.44432864730896304,150.621357494058 73.99233840524052 1053.992692840197,0.69
54,1605,19,0.0,0.639704820313656 -0.7675968527710153 0.03965872518759617 -0.2991744345244997 -0.29619235825686696 -0.9070638040607627 0.7080059325983215 0.56838821110775 -0.4191210336875413,159.44033768264703 77.8703691561271 1064.95637777444,0.69
54,1613,19,0.0,-0.3615113572945347 -0.9091225503986646 -0.20689544920971736 0.33925249594856405 -0.33495302308117514 0.8790416465227636 -0.868456839767949 0.24759374120807098 0.42951141634985457,168.8344994508753 75.80840693741636 1059.2897670101852,0.69
54,1619,19,0.0,-0.4045456242721003 -0.9060909431821305 -0.1238629911055516 0.40118962097221406 -0.29754701760942903 0.8663213378048041 -0.821820981666 0.30077395996836465 0.48388562605070295,175.7161739414732 79.53381170633511 1070.7876056685727,0.69
54,1625,19,0.0,-0.35317947804600314 -0.9195786558521164 -0.1721608317485941 0.3706358804747687 -0.3064915980107057 0.8767507881111583 -0.8590071596860214 0.24584140426311213 0.4490753873884602,182.4039246260002 79.84406040119364 1077.2861938905348,0.69
54,1663,19,0.0,0.5546649361410462 -0.8254605353886011 0.10469820023101079 -0.30110872922782156 -0.31642552150304165 -0.8995601272423842 0.7756805668562641 0.4674289185079289 -0.4240635145164609,178.00423800364823 72.66413218606583 1087.0702997744438,0.69
54,1844,19,0.0,-0.16341776142492792 -0.9562259500688832 -0.24274795089913115 0.3589104571635946 -0.28681888986994736 0.8882106777968786 -0.9189547970327402 0.05802462260655089 0.39007079380784515,171.4500639436836 49.17790422141442 1084.7607606823894,0.69
