scene_id,im_id,obj_id,score,R,t,time
50,620,10,0.0,0.3790872942210912 -0.9245414449739852 -0.03893507269220403 -0.43013184331530663 -0.1387998168971133 -0.8920320667977717 0.8193164350397886 0.35490523714752814 -0.45029196297396695,-10.513532098626754 87.987853916425 874.1322080302813,0.69
50,623,10,0.0,0.3579857993203781 -0.9335452824589245 -0.018422081414352365 -0.43398404081551156 -0.14888565005571097 -0.88853301318799 0.8267430192039065 0.3260770902810794 -0.45844270240830987,-10.969936260048819 84.73438794092496 879.8257210010772,0.69
50,629,10,0.0,0.36650751490805433 -0.9299813506267404 -0.02840649577800808 -0.4377463611386193 -0.14541511749540392 -0.8872612731961736 0.8210057032845872 0.3376227644728086 -0.4603916855069373,-6.581007339316736 79.44834817437132 870.4934752072973,0.69
50,633,10,0.0,0.37106437886445476 -0.9279943677239251 -0.03372951542209235 -0.4433362068401767 -0.14512104690837424 -0.8845297561126939 0.8159437691670306 0.34317099996487205 -0.46526275408698825,-1.9541103230415333 77.04341392483245 868.8997750199112,0.69
50,640,10,0.0,0.34266677587916683 -0.9391215136362866 -0.025105045988140007 -0.4643359466894451 -0.1460753445664209 -0.8735296917230793 0.8166832980541437 0.3109867783930553 -0.48612304444874366,7.954945504263807 78.59667499570926 880.0917113982528,0.69
50,642,10,0.0,0.35424835928216514 -0.9345640331590576 -0.0331386160147093 -0.44917159080273905 -0.13896434192720786 -0.8825722597546758 0.8202152046637705 0.3275346998383747 -0.4690075036075167,8.424174579088568 78.03979093085957 874.0804522234342,0.69
50,644,10,0.0,0.37223198325740736 -0.9274264064666089 -0.03638146820414678 -0.44018282513476104 -0.14189089445298664 -0.8866262203023954 0.8171183703091233 0.3460451338478314 -0.4610535047514539,9.34006457599012 76.54836250989622 865.4318978852275,0.69
50,651,10,0.0,0.36221764377064547 -0.9316624988352005 -0.028343726032250827 -0.44923596737731164 -0.14785150344878384 -0.881094193910336 0.8166917559004818 0.33188088404137406 -0.47209072714056094,14.424302148578752 73.39144840923629 868.0657570125666,0.69
50,653,10,0.0,0.3580903674114826 -0.9330872497964212 -0.03345852708145153 -0.46126688463998755 -0.1456363380342568 -0.875227352279676 0.8117907057250837 0.32884379469791225 -0.48255321860603917,16.937331310367643 73.76592184467741 869.4963090982634,0.69
50,660,10,0.0,0.35864904920423224 -0.9329423820727804 -0.03145427216240665 -0.45127059839863437 -0.14378716842432054 -0.880727027641059 0.8171448503942487 0.330066299292858 -0.4725785982725822,22.042023659646556 75.8450565228497 863.454367773136,0.69
50,662,10,0.0,0.34016090066106364 -0.9400885763074478 -0.0228917093658369 -0.46380711108589595 -0.14654771966127628 -0.8737314974110955 0.8180302716694592 0.30782663068408483 -0.48586957105181505,22.354353050374183 77.68341460870589 874.7368202641265,0.69
50,671,10,0.0,0.34330251653726407 -0.9388676746121954 -0.0259011912365113 -0.45923393276428526 -0.1437379807818066 -0.8766091420231807 0.8192970017869159 0.3128368303909527 -0.4805055050817969,29.19048090202421 75.95672384903102 865.8068916481469,0.69
50,681,10,0.0,0.3490849119984494 -0.9361396204272263 -0.04221771288693288 -0.45090362505112225 -0.12830632943751186 -0.8833025567392125 0.8214777204104758 0.32738371506939884 -0.46689855212515574,37.27766933692389 77.10473345322094 860.3448490403764,0.69
50,682,10,0.0,0.33440312590936805 -0.9418899800200083 -0.03190321174979427 -0.45956477469233004 -0.13341980904706507 -0.8780656993732491 0.8227847636192783 0.3082895069439656 -0.4774754576564276,38.21050566018144 77.86235795494792 863.4704287992056,0.69
50,701,10,0.0,0.3223933720265416 -0.9459879731693546 -0.03419456524496706 -0.4471097811195859 -0.12033658425518345 -0.8863475334861552 0.8343592495445542 0.3010412946901662 -0.46175619280169544,41.12564612420478 89.80883162402944 865.0228366937811,0.69
50,712,10,0.0,0.32785351766019455 -0.9437109725953998 -0.043836869880048035 -0.4489287710074097 -0.11479815392809167 -0.8861627065141471 0.8312490779060224 0.3102111926700037 -0.46129598569968183,51.50710223421251 95.98510225690382 859.1164668687939,0.69
50,721,10,0.0,0.3258928170065415 -0.9444108577330375 -0.04338206564340524 -0.4704341057727724 -0.12219048300090363 -0.8739343442100084 0.8200522080631891 0.30521732857089556 -0.4841040780562932,62.692989577669636 93.41625482088571 859.5176852793339,0.69
50,722,10,0.0,0.3176374172803298 -0.9475113264226992 -0.03645212537258691 -0.4708699361134919 -0.12425001101150002 -0.8734090897329372 0.8230358281435612 0.29459161743732487 -0.48562105033421193,62.999339395153534 94.15338413529747 856.2746575009877,0.69
50,735,10,0.0,0.3208464793086835 -0.9459976452998644 -0.0463248508074644 -0.45954251779767313 -0.11271868462738932 -0.8809739908033868 0.8281776446218512 0.3039456418884511 -0.4708915328667739,72.08592997001628 94.6548301016031 855.6744696995197,0.69
50,737,10,0.0,0.31463534933409143 -0.9482490918129013 -0.04275811999400486 -0.46014696399537647 -0.11297093236627886 -0.8806261067934174 0.8302224813116372 0.2967511218450592 -0.47187858947874195,72.17155704067812 94.3728245071596 853.3293779781442,0.69
50,751,10,0.0,0.3171725793933724 -0.9472698655289952 -0.045621888843341174 -0.43830276004557056 -0.10375664271890306 -0.8928187103931777 0.8410066857150363 0.3031738131045972 -0.44809975856970624,79.539807188322 98.33548307469407 853.3348130163239,0.69
50,757,10,0.0,0.3157043222287056 -0.9470967754099104 -0.0577795719460058 -0.4591565769512178 -0.0991978209095924 -0.882799541328171 0.8303649912951258 0.30523350133125693 -0.466182894255578,80.38274894935277 96.93399286889947 846.8741369408314,0.69
50,769,10,0.0,0.28368863100227804 -0.9581173185217702 -0.039140319220794195 -0.46057834481123194 -0.10034456134045444 -0.8819288844914523 0.8410638197729104 0.2682203813248432 -0.4697546999349308,83.95544287936868 97.62633056555538 847.0115424858548,0.69
50,923,10,0.0,0.14915124437762006 -0.9870133602843099 -0.0596534401429023 -0.493138207414652 -0.02195830715822844 -0.8696738130670654 0.85706978402489 0.1591303219597704 -0.49000910802199216,102.5180061204979 82.24887290425981 814.7410479207676,0.69
50,1026,10,0.0,0.05619504379572582 -0.995997192554072 -0.06951049904297418 -0.4908236554376291 0.03306851633351271 -0.8706311575462617 0.8694447977391317 0.08304255325980203 -0.48700069613138436,82.79609887685625 88.65745932819125 769.8367536228001,0.69
50,1044,10,0.0,0.011375618941372512 -0.9976223305809051 -0.06797264758727511 -0.5082897625186376 0.052770458933570796 -0.8595677960362913 0.8611109757821274 0.0443279166018834 -0.5064809208620684,74.30669286340681 89.41967120609723 763.5306346188518,0.69
50,1052,10,0.0,0.007703688412405096 -0.9975500036925857 -0.06953159941901538 -0.512694405671503 0.05575877095407977 -0.8567586625502159 0.8585366035166986 0.04224866382043696 -0.5110087580730871,72.10364700088327 88.7349532547155 762.4271323566443,0.69
50,1058,10,0.0,0.0022143622548616015 -0.9979399602060107 -0.064116553430687 -0.5073219112330368 0.05413186736787823 -0.860054776928845 0.8617537786297563 0.03443220526327573 -0.5061569403436494,72.54701216542793 88.536545888059 761.176101649055,0.69
50,1066,10,0.0,-0.008468528956823707 -0.9977369521172756 -0.06670276153981108 -0.5126615866054283 0.061603671531467064 -0.8563778869594009 0.8585489978076457 0.026943682628263743 -0.5120231013635174,71.67797172863703 86.1242067313408 754.6424994425803,0.69
50,1077,10,0.0,-0.030169701633035007 -0.9981009038404247 -0.05370637630952735 -0.5182324102041647 0.06156450578909678 -0.8530210903845967 0.8547075278230302 0.002096993054628904 -0.519105619795021,72.29646344582626 89.40670265204471 750.1964672382582,0.69
50,1094,10,0.0,-0.04330733396026376 -0.9980465573295436 -0.04502826032505125 -0.5038178745057129 0.06073724421264226 -0.8616719425013211 0.8627236082047369 -0.014630672168436776 -0.5054640632904575,72.97770665238079 98.9941795491971 747.721200907128,0.69
50,1098,10,0.0,-0.03321385534049226 -0.9982772482205031 -0.04836709107152337 -0.4836376285145128 0.05840391747286966 -0.8733175978466714 0.874637915996259 -0.005614099137208506 -0.48474426019561967,71.83387774224275 99.86686598765081 746.2986659250647,0.69
50,1105,10,0.0,-0.02615572666331545 -0.9979411371511477 -0.05856077820681571 -0.49550808010479064 0.0638203712682307 -0.866255564346948 0.868209433554818 0.00635979501706696 -0.49615716511380004,73.8553688907756 100.41478098592093 743.4910797005375,0.69
50,1113,10,0.0,0.007884724220604933 -0.99667730765885 -0.08106895535204156 -0.49068622933550704 0.06678351652621373 -0.8687732651623756 0.8713006688075404 0.04662945762390153 -0.4885292603490946,75.18316070118642 104.17593916276249 735.005609852698,0.69
50,1125,10,0.0,-0.0230151587853743 -0.9977197146669314 -0.06344819486022335 -0.49305111968647647 0.06653765140692225 -0.8674522086669458 0.8696958639903928 0.011318653196725592 -0.49345819706213867,72.72230066733913 102.88627198768145 734.4942472280559,0.69
50,1130,10,0.0,-0.004230246867024667 -0.9969600526756348 -0.07779947545092553 -0.48442138580179456 0.07010513960910791 -0.8720213244974322 0.8748245686932394 0.03399886423665627 -0.48324533235335515,71.08286086303195 101.85434516656728 730.3649212670197,0.69
50,1145,10,0.0,-0.015015207489123217 -0.9969459217608582 -0.0766379320470707 -0.4952634417033396 0.07399916482566526 -0.865585493707737 0.8686130708527366 0.024959020203062177 -0.4948619812172702,71.47813144009022 98.59395689310607 729.5359726556269,0.69
50,1150,10,0.0,-0.0683806175749544 -0.9970793880656719 -0.03401154266794104 -0.5112321945630509 0.06429521276965289 -0.8570342868620554 0.856718001668177 -0.04121673821993155 -0.5141356300706993,70.60265380583591 96.0736002132974 728.7956991675021,0.69
50,1169,10,0.0,-0.08432604415096889 -0.9955880460623878 -0.04115289559102325 -0.530200999196385 0.07979932811255297 -0.8441083862182275 0.8436681923179301 -0.0493610146822564 -0.5345909384758911,72.12353897576023 91.74659933331382 731.7939789212904,0.69
50,1189,10,0.0,-0.04044314695371665 -0.9966402283117888 -0.07122223792542609 -0.5005547522290814 0.0819000730269408 -0.8618220918838557 0.8647596729065037 0.0007958321479439312 -0.502185299233091,74.2133893387064 93.61060796923636 729.2537716330856,0.69
50,1192,10,0.0,-0.07325742940345403 -0.9961834448207326 -0.04745411786448356 -0.5011103615379954 0.0779066467197781 -0.8618694564469374 0.8622770753049496 -0.0393585907011168 -0.5049050868644169,75.55532244235943 97.17989218498101 734.5100216021689,0.69
50,1209,10,0.0,-0.08885244360556377 -0.9942952517699577 -0.059010131105066144 -0.5122487937207052 0.0964242930667707 -0.8534070125316854 0.8542285505630228 -0.045599429977693506 -0.517894077383307,71.55426937460835 102.49371302425985 728.5905401544911,0.69
50,1216,10,0.0,-0.10487541321838267 -0.993087775724685 -0.0527050036379032 -0.5001861380584829 0.09848004087199402 -0.8602996622363575 0.8595434689394212 -0.06386197034267194 -0.5070568742730326,72.41356650737254 101.56730010515368 730.0952494693406,0.69
50,1242,10,0.0,-0.09217673422925876 -0.9931232255875468 -0.0721783102144628 -0.48763659137164894 0.10822198938642869 -0.8663131972726048 0.8681670371663901 -0.044657136180350165 -0.494258774090963,66.54067828335677 105.43941690266301 721.0074013178107,0.69
50,1246,10,0.0,-0.1016839668962537 -0.9926317618494351 -0.06589807466024883 -0.4831885832640889 0.10718314317860911 -0.8689307031182616 0.8695913775328525 -0.05651512351609894 -0.4905271418937752,64.00266574539067 104.9360447053394 716.7456603667263,0.69
50,1263,10,0.0,-0.13185985491538876 -0.9899124663034176 -0.05182940978612466 -0.5115517138745664 0.1127399507816742 -0.8518242468547954 0.8490746861694125 -0.08580799819848428 -0.5212572922765518,63.65384127240896 97.32373250637035 718.5033451380427,0.69
50,1266,10,0.0,-0.14559819038571753 -0.9883749697625287 -0.043773120785757846 -0.5126290317762855 0.11320984226570241 -0.8511139802601544 0.8461753026037289 -0.10148128281163421 -0.5231528519490196,63.76093683048296 94.4311889350376 712.7480937205372,0.69
50,1280,10,0.0,-0.19850560697733288 -0.9799435591347446 -0.017496997139211545 -0.4972338504443151 0.11607598992783896 -0.8598167610221332 0.844602878263436 -0.16197834877723943 -0.5103028439627963,64.22959696077567 91.68686150460827 710.6052476767896,0.69
50,1284,10,0.0,-0.2083774631725317 -0.978033738925826 -0.00537013636220518 -0.5198588099507591 0.11540732185943692 -0.8464206801454064 0.8284477355623349 -0.17358328140693918 -0.5324877405702773,64.82767765957975 89.51697286760096 708.7815632253166,0.69
50,1324,10,0.0,-0.28298789963359927 -0.9590815683735796 0.008966262713031692 -0.5091855441762512 0.1423056125856057 -0.848810458364275 0.8128025161519243 -0.24476858015830105 -0.5286212367133866,54.93765700646997 81.1228454751524 702.4060813146484,0.69
50,1480,10,0.0,-0.32817390323752005 -0.9446089005853437 0.003989256672457975 -0.4862675973238353 0.165314379948854 -0.8580297078627465 0.8098430175205285 -0.2835228045802908 -0.5135845658274508,75.53636733948446 110.08924659967603 783.5945985827269,0.69
50,1542,10,0.0,-0.31483492102183563 -0.948610250169937 -0.03189930685303277 -0.49294608630050807 0.19213974019019175 -0.8485790925073853 0.8110999497633978 -0.251437693101442 -0.5281060101737516,78.497661821553 62.02901966399766 787.0297339174452,0.69
50,1564,10,0.0,-0.33289333511590874 -0.9425567282460429 -0.02772799079490673 -0.49207251491904 0.19872442787964517 -0.8475690189153675 0.8043921105385472 -0.26850589528355356 -0.5299602972877487,78.13579160628505 57.99860571736639 784.6674678918811,0.69
50,1592,10,0.0,-0.36288905530475934 -0.9316246231307818 -0.019674732944772066 -0.4605263272069099 0.1976607969930999 -0.8653587182673821 0.8100784131732762 -0.3049684752699549 -0.5007666059175527,80.96223962450814 62.21491092909676 774.8245352469155,0.69
50,1593,10,0.0,-0.3467411515676748 -0.9370552483496863 -0.04120722448588976 -0.4474408801771237 0.20386003767794436 -0.8707684788646566 0.8243586795538964 -0.28349346831674066 -0.48996348931925693,82.50070513428943 64.24331912113075 782.4449736046029,0.69
50,1613,10,0.0,-0.3801008827228043 -0.924811088866948 -0.015740675400858606 -0.46070465463844 0.20405324606843633 -0.8637786139766428 0.8020439764425769 -0.32107121122527404 -0.5036255922553129,76.7121234213145 66.03397552460929 763.520425887769,0.69
50,1629,10,0.0,-0.3620653091842679 -0.9315715167979 -0.03291232255798038 -0.47368196312430344 0.214281453896217 -0.8542299785929017 0.8028288171808524 -0.293697067753465 -0.5188525057249025,76.66296777514107 66.15612009351622 766.5344339201474,0.69
50,1656,10,0.0,-0.36396980749728236 -0.9306301227633272 -0.038125501123341676 -0.4624688204666271 0.21609950416155987 -0.8598974324867676 0.8084853550476955 -0.29534484743540546 -0.5090411100950091,76.64101797405031 58.619469576613426 763.2095655745475,0.69
50,1658,10,0.0,-0.33977960440331506 -0.9391806354969666 -0.049895434050023335 -0.49004990554739825 0.22207380765295093 -0.8429319747331367 0.802745856734566 -0.2619598401702698 -0.535701532229892,78.43288727708257 56.576695622426975 765.0229234198904,0.69
50,1669,10,0.0,-0.3820501563123856 -0.9236254804055719 -0.030881224186522005 -0.473635086260837 0.2243902522304576 -0.8516565151319169 0.793541103613651 -0.31074907344918684 -0.5231897650242221,74.45496816731689 60.43863589403407 753.8048793464823,0.69
50,1678,10,0.0,-0.39980470741196 -0.9163037526953839 -0.02331584713437873 -0.4547155093341926 0.22036110183699908 -0.862945415636545 0.7958580284838389 -0.334407562105794 -0.504758933456632,65.91104265040546 65.55530035282722 744.6245448125459,0.69
50,1695,10,0.0,-0.37731200572028734 -0.9256010865413243 -0.029971301821136276 -0.45137714212813795 0.21206563426338043 -0.8667680441321685 0.8086373265584322 -0.31351362866387456 -0.49781008300198337,59.58742553987504 61.030020852705775 732.5655426499658,0.69
50,1708,10,0.0,-0.3735744531128468 -0.927141406597652 -0.02917087851890554 -0.4771110627611448 0.21902186225636078 -0.8511136573012364 0.795491773541605 -0.3040365702113531 -0.5241703942438458,54.981717457319874 61.24813129333639 726.9158493536613,0.69
50,1711,10,0.0,-0.36963698291874547 -0.9286979234098804 -0.02981053358971225 -0.47342164658539737 0.21584175662079907 -0.8539814287460936 0.7995251374429064 -0.3015501668927148 -0.5194487957863387,54.0769918830708 61.88742041869886 723.2576364799402,0.69
50,1713,10,0.0,-0.34747020342060464 -0.9366610775938021 -0.043937267275759084 -0.47298282692461824 0.21553488297136014 -0.8543020306992835 0.809661474425726 -0.27606292750628475 -0.51791655398087,55.81371078715596 60.82071802167009 725.4277876907731,0.69
50,1714,10,0.0,-0.37988866301722746 -0.9247006660338837 -0.02476453002734985 -0.46954617841796903 0.21582846234416575 -0.8561217560459694 0.7970012484582847 -0.31360285884960526 -0.5161804499177496,56.28211362989374 59.105907446789615 718.8059092431993,0.69
50,1718,10,0.0,-0.3611361733405959 -0.9318735635302792 -0.03453007237596989 -0.4810826458864469 0.21790295739289012 -0.8491629931799476 0.7988367493623503 -0.2900516553181707 -0.5270008397672459,59.246741355411366 53.960848909556276 719.0454032358073,0.69
50,1719,10,0.0,-0.3721730149590945 -0.9278688192647248 -0.023381641784599727 -0.4722959182706433 0.2110061946638203 -0.8558112825841829 0.7990142755427763 -0.3074668112980322 -0.5167594676724101,59.3722678280645 53.41171457450061 717.4702739263068,0.69
50,1733,10,0.0,-0.3660753810104271 -0.9299992174341407 -0.03301925180794296 -0.4627871704300035 0.2127209443991741 -0.8605683207621078 0.8073517512853127 -0.2997519897945782 -0.5082636071082893,57.52575377297853 66.44887836808924 710.6805830318335,0.69
50,1743,10,0.0,-0.3635659602662992 -0.9312927267718671 -0.02266383898336205 -0.4853639269156023 0.21013398674216555 -0.8486846093013047 0.7951362468059855 -0.2975526250559101 -0.5284134596484343,67.74652650677864 63.538940517983114 716.0538358349507,0.69
50,1745,10,0.0,-0.3480991312185286 -0.9365555461530238 -0.041118168914931974 -0.45520858356519456 0.20720982623966422 -0.865938354248325 0.8195194569340467 -0.28271504537208375 -0.4984576840884146,68.96793970479091 63.260243635675586 716.3504093687453,0.69
50,1756,10,0.0,-0.34720637700992074 -0.9372472352182234 -0.03186458597629982 -0.4748784720704561 0.20501714488698874 -0.8558378392349901 0.8086644350579998 -0.282020549567197 -0.5162617951138184,68.35445509161514 61.52714230174851 713.6864086032207,0.69
50,1778,10,0.0,-0.32501926966972006 -0.9448137623124883 -0.04110266278822722 -0.46102168438711366 0.196241756389129 -0.865417921916445 0.8257248215163635 -0.26232828210894554 -0.4993619844737274,80.17881484226633 58.372297115102995 724.3557356682873,0.69
50,1782,10,0.0,-0.32064132287889907 -0.946161520311152 -0.04435673054858208 -0.47822847915263345 0.20213212884137244 -0.8546578989381743 0.8176103373795058 -0.2528259875340051 -0.517293298079171,78.53516414802301 56.0904632818139 726.4086935837897,0.69
50,1874,10,0.0,-0.3775709844088969 -0.925192482053939 -0.03819715805355778 -0.46912893781341686 0.22669040030338672 -0.8535393969327638 0.7983471622286586 -0.30435231814652314 -0.5196262839775194,74.98262337126121 69.02155702445285 708.0415721282315,0.69
56,1,10,0.0,0.7444574625909461 0.532978706280715 0.4021402554383056 0.6572708339526412 -0.47913113763153126 -0.5817459959356096 -0.11738031022215728 0.69740020906453 -0.7070041097256083,-8.943619867432059 112.12678150120243 889.3204849833888,0.69
56,24,10,0.0,0.7736051495272468 0.5463484224844246 0.32099606519972484 0.6137830220165275 -0.5201642395491333 -0.5938851452751875 -0.15749753810515327 0.6564545415663238 -0.7377411201415869,-1.1328715011060788 117.95152508616252 912.3085084870154,0.69
56,32,10,0.0,0.7808634948746953 0.5255432423610092 0.33772252335423797 0.5991790808270828 -0.47712974209901654 -0.6429087324836537 -0.17673887934262938 0.7043802308506418 -0.6874677148168545,9.397642716751665 117.77308060242079 887.9670764465621,0.69
56,39,10,0.0,0.7763482589022163 0.5137719974785531 0.36513246295884844 0.6141679935439148 -0.4863749056498109 -0.6214797879741377 -0.1417076448387275 0.7067374234898242 -0.6931386280054127,11.154941827276451 119.31292286063945 895.0067085289761,0.69
56,46,10,0.0,0.7922668080501939 0.5129264445598914 0.3304841408193532 0.5814866156788342 -0.47056097870507907 -0.6636608178177269 -0.18489624292649443 0.7179685423410046 -0.6710697069309566,14.384824619467047 116.98337484330109 875.1614473657881,0.69
56,53,10,0.0,0.8102323363862596 0.4967869300903829 0.31100853230327236 0.5572990375078168 -0.48867897962326434 -0.6712753813951663 -0.1814975037484634 0.7172137763357157 -0.6728023893888444,15.597255056058392 113.96943318400652 889.252964713728,0.69
56,62,10,0.0,0.8191822733064239 0.47886150446438924 0.31564546985917585 0.5470765340473 -0.4871853885216704 -0.680703799832043 -0.172184984813751 0.7303027158330239 -0.6610675262419096,16.156994019583742 112.79422668945192 879.6345998327251,0.69
56,75,10,0.0,0.8283432701155835 0.4780685249319397 0.2920580632744472 0.5259319235825164 -0.48402147523244865 -0.6993703048247033 -0.1929845553691171 0.7329213443359415 -0.6523674305219265,9.278702761564528 112.04645644528313 885.8417051856493,0.69
56,85,10,0.0,0.8108705484724247 0.4667038045658475 0.3530956137136119 0.5714030096253427 -0.501019371507122 -0.6499832228340274 -0.12644190053589632 0.7288121487587673 -0.6729378111018126,10.27654660018432 113.94151974840263 895.2424753516912,0.69
56,98,10,0.0,0.8218236893069724 0.43729259064533943 0.3652136550850267 0.5554521602340877 -0.4722871954436319 -0.6844104782301876 -0.12680189819226925 0.7653234578834471 -0.631031919500243,15.785517729211028 100.51021741155937 868.217507717474,0.69
56,104,10,0.0,0.8452241362129758 0.4245319659303688 0.32460555982041395 0.511059251845912 -0.4645037485800919 -0.7232252129577197 -0.15625172212082894 0.7771800804564786 -0.6095707685543462,25.49559497982786 99.50065953146922 880.104752695751,0.69
56,107,10,0.0,0.8497706718418713 0.41750689288192905 0.3218350504116862 0.5027592687409128 -0.45831103826655784 -0.7329284480071246 -0.15850212292747917 0.7846266542752084 -0.5993647390599276,28.89485792347466 95.69314000536339 865.5657495017633,0.69
56,116,10,0.0,0.8399829728051208 0.44105222605244826 0.31607204762783586 0.5145094193580546 -0.4623693508971837 -0.7221458583574061 -0.17236201086466363 0.7692122706022684 -0.6153079066334126,37.0577252975922 92.48665463078682 874.5237259722379,0.69
56,119,10,0.0,0.8567221065205932 0.43126294451493935 0.28291253928948124 0.48112385208550695 -0.4705440217085817 -0.7396676027708103 -0.18586842430418649 0.7698055574770933 -0.6106163546156135,41.70301675479547 91.14521755647463 865.5405522878807,0.69
56,128,10,0.0,0.833646226798115 0.455133137306181 0.31287025405285773 0.5260952426542448 -0.481970701015642 -0.7006625714415337 -0.16810045866040343 0.7487042611661322 -0.6412364346400151,44.73104404182311 88.07843606244577 859.294605831889,0.69
56,132,10,0.0,0.856650081065641 0.4158944980545879 0.3052579320806484 0.4888380342580486 -0.46525513604897784 -0.7379532740240226 -0.16488788576774888 0.7813894194753149 -0.6018658989003051,42.66271932192339 88.16335840725614 875.2102290758467,0.69
56,140,10,0.0,0.8682063389347838 0.4107556005275615 0.2783838890250322 0.45561822941962543 -0.4376938732061561 -0.7751361831177273 -0.1965446057616049 0.799814922337059 -0.5671563346670648,49.30033462973469 89.15621546444893 847.1734193075707,0.69
56,143,10,0.0,0.8597463709138924 0.40921727513785067 0.30557715789820383 0.47938505286123256 -0.4402518986688281 -0.7591891969803871 -0.17614241054789856 0.7991992789331358 -0.5746776172421639,52.230242591891155 94.35559092259815 863.8273226195115,0.69
56,254,10,0.0,0.9416702856765128 0.23184972511947513 0.2439319127050374 0.32157180431241095 -0.40615207751497934 -0.855354934867115 -0.09924035341117371 0.8839039511690678 -0.45701767729764603,37.653683045457456 101.98189291049476 856.187438320829,0.69
56,357,10,0.0,0.9863051404348151 0.014632854886711913 0.1642803990429902 0.1587189847201534 -0.3549982911033791 -0.9212950109509355 0.04483808471894599 0.9347524233033819 -0.352459151232014,10.188834497512858 100.1159345315032 778.4121491838184,0.69
56,498,10,0.0,0.9808486904099285 -0.12889855675781495 0.1460171516873302 0.09765147485460773 -0.32320853315788445 -0.9412759603605356 0.1685231022140536 0.9375080832503158 -0.30443153230319386,9.450751621880412 94.46242903484458 773.3979238892113,0.69
56,515,10,0.0,0.9863407562127159 -0.1440273597981414 0.0799251666454589 0.025642851669367667 -0.34504581631292547 -0.9382354868598872 0.16270942441048233 0.9274694088079258 -0.3366394791664904,12.185869034810361 87.80494562591112 779.3596915712623,0.69
56,517,10,0.0,0.9866551504880996 -0.14098957578682944 0.081446629977892 0.024730588093521765 -0.364646707271941 -0.9308174777518308 0.16093480676303168 0.9204100816457745 -0.3562937967141225,12.902982235330057 87.93767745705753 786.3306289939901,0.69
56,522,10,0.0,0.9859114916359657 -0.15480599786349786 0.06335324526519515 0.003311991635709735 -0.3606118701810715 -0.932710088824987 0.16723504827502597 0.9197794203557702 -0.3550186706617738,6.914793506324387 86.64096311104745 784.3013340694971,0.69
56,527,10,0.0,0.9869738272180755 -0.15248985967704665 0.051278719584049275 -0.007728048268686158 -0.3633065504303485 -0.93163760534038 0.1606951824307804 0.9191056485029757 -0.35975250552770716,20.245837474913852 88.87046672027125 795.0619012424404,0.69
56,535,10,0.0,0.9878507166397743 -0.12455092779195015 0.09294099214259072 0.04872449117539968 -0.31967032144558655 -0.9462752292787622 0.14756993458690387 0.9393071659329764 -0.3097178755464029,32.17120478854871 98.44768381941039 767.7786069270524,0.69
56,538,10,0.0,0.9915050138021462 -0.11737461350922032 0.056044693850248094 0.013279534389076357 -0.3372846274512656 -0.9413090534205386 0.1293888000238669 0.9340568934431255 -0.3328607189798184,32.861977697752515 101.54255368195844 785.1993191205233,0.69
56,551,10,0.0,0.9907687908453191 -0.1275013076131385 0.04605018614342468 -0.002761772236949095 -0.3586108107552638 -0.9334830791308236 0.13553440781224319 0.9247387214594142 -0.35565252892759297,34.19043896583217 101.95715387339528 807.9653537987117,0.69
56,553,10,0.0,0.9890039054372723 -0.12778192608179173 0.07445169169770877 0.028898735892173025 -0.3267401618046089 -0.9446722869480889 0.14503840213425406 0.9364361409251171 -0.3194545599543336,36.21392584762305 97.10916096942621 774.9246755095118,0.69
56,559,10,0.0,0.9920490980439004 -0.11619995424743929 0.0483338153178208 0.006465493140999944 -0.3364903400624916 -0.9416647218851689 0.12568525955229545 0.9344901399573576 -0.3330636483523087,45.45710983837192 90.0216292002224 778.763797961333,0.69
56,563,10,0.0,0.9913253633180481 -0.11902306632634414 0.05574525741813244 0.013993066727197287 -0.32615121682519027 -0.9452140381135987 0.1306836566901438 0.9377946968530597 -0.3216564758066752,49.473747185242985 87.13972459124359 779.314342329805,0.69
56,567,10,0.0,0.9895757650112045 -0.1306858141428685 0.06050639044187811 0.008070952986714217 -0.3691577908897111 -0.9293316873664185 0.14378687360248021 0.9201324597074293 -0.3642548442675546,54.484927694054875 88.00710354719865 810.0192460540477,0.69
56,570,10,0.0,0.9922219588611343 -0.11935233564448461 0.03536388454313798 -0.010565079224026934 -0.36380790787107076 -0.9314140783086031 0.12403210654811979 0.9237958790483323 -0.3622391618786614,59.890192424210696 86.23224724531981 813.0186543226341,0.69
56,575,10,0.0,0.9923328391786539 -0.1178879747106 0.03712090659271102 -0.0075079356231887995 -0.35728804544254694 -0.9339640696978244 0.12336598879071126 0.9265245155971198 -0.3554337558634698,63.29952906500068 91.54547360019599 809.9676822749675,0.69
56,578,10,0.0,0.9917703650434815 -0.122220301150514 0.03812795573064197 -0.008989912613594365 -0.3635508966311801 -0.9315309587071516 0.1277134467968039 0.9235220319761424 -0.36165775529074073,63.710330248440165 91.42891890417562 810.2477971910686,0.69
56,587,10,0.0,0.9909658964473196 -0.12276158680526475 0.05400171185633081 0.008227268925867143 -0.346251391435999 -0.9381056901941573 0.13386151098946325 0.9300750328514835 -0.3421133279220933,62.80475891108367 96.57227363075683 800.8768536550413,0.69
56,589,10,0.0,0.9902739353461718 -0.13300260302464137 0.04083920374685376 -0.009132901097459928 -0.3550371905859496 -0.9348075649128972 0.13883127562459183 0.9253425856889469 -0.3527987755349257,60.35051003879519 99.1297154640387 821.4426254002623,0.69
56,596,10,0.0,0.9902806535037691 -0.13335419635978887 0.03950804486916018 -0.008814340820721654 -0.3436620782033996 -0.9390520131498664 0.13880394335913107 0.9295768038834423 -0.3414973367243145,64.13871186205276 96.45686003324073 816.9941650878908,0.69
56,598,10,0.0,0.9883761500159859 -0.140793419710403 0.05735676983432684 0.005085281247960691 -0.34644835796853246 -0.9380552623249532 0.15194316698755092 0.9274431239850549 -0.3417053200912086,66.37652284783535 95.7429910620721 821.5075615319947,0.69
56,601,10,0.0,0.9894065858901593 -0.1341745363439642 0.055423835973900853 0.0058952428387458455 -0.3443329736085268 -0.9388290842308742 0.14505121133259058 0.9292104159353747 -0.3398943203528949,66.420113575652 93.83885276380113 813.0289173021666,0.69
56,603,10,0.0,0.9887085442098836 -0.1415805055926604 0.04909557049775781 -0.006087719922781384 -0.36530754063796417 -0.9308669832039292 0.14972760023628046 0.920057259733963 -0.36204458915762816,66.4990876914376 96.53711300236363 843.2879133485721,0.69
56,604,10,0.0,0.989439644469676 -0.13723810804793043 0.04663573362932839 -0.0020992066378416607 -0.33528081304558904 -0.9421159003726561 0.14493027041723458 0.9320689234723544 -0.3320282196047106,63.73948976024156 93.7530867829195 813.3768027268534,0.69
56,608,10,0.0,0.9893053151737685 -0.1403172620475765 0.03982536051817644 -0.010337985412094547 -0.3398065682438378 -0.9404385265587355 0.14549267825753398 0.9299691189226759 -0.33762304190269943,58.71093382987165 91.85127507301728 816.7087732022811,0.69
56,628,10,0.0,0.9812704941553667 -0.1773342836999327 0.07523808294151865 0.00961946483536004 -0.3449772325902092 -0.9385617586982128 0.19239460282545437 0.9217067108462608 -0.3368101185899901,45.94519240074928 85.83107399243377 820.1667209443275,0.69
56,631,10,0.0,0.984186944554346 -0.1719287801154653 0.04262103631763285 -0.01575804814138758 -0.3246447811984436 -0.9457047371983438 0.1764305588257168 0.9300786314116796 -0.3222204172671599,49.82126293107325 83.00864442519544 800.1725670667602,0.69
56,634,10,0.0,0.9835315151809325 -0.1756987985762347 0.042375592323502104 -0.02164156087355143 -0.3472595881607515 -0.9375192911473245 0.17943634383495533 0.9211626949726597 -0.3453431451496478,50.86261419974777 83.60223487876821 817.4949390244922,0.69
56,644,10,0.0,0.9834125429520091 -0.17544705256075627 0.04602284337593847 -0.01799487900032952 -0.34685211798526294 -0.9377471901205041 0.18048810125442188 0.9213641733847049 -0.34425587185797296,56.55972442646201 86.17739963228043 811.7683705407989,0.69
56,653,10,0.0,0.9813838537489135 -0.18896250077638957 0.034335184596335985 -0.03386071565015519 -0.3462122793573079 -0.9375449373538726 0.18904809847388265 0.9189288497607148 -0.34616554643820174,55.19382487127766 89.40182976153181 819.2478553795078,0.69
56,753,10,0.0,0.9645654798309177 -0.26314077401823427 -0.019244951744191885 -0.11341487843858994 -0.34766228491542667 -0.9307351938097885 0.23822363540864616 0.8999377026752848 -0.36518711756607625,57.25919290892024 97.20986490213105 780.8274843405497,0.69
56,956,10,0.0,0.8923867452450664 -0.44109334641315623 -0.09530244834714757 -0.24425497741567437 -0.2945415156631051 -0.9238965318468022 0.37945408538924147 0.8477511163666636 -0.3705841898684967,40.302548187588904 77.84375731703216 759.3105387375724,0.69
56,1025,10,0.0,0.8646291719536198 -0.48902412812392226 -0.11520328606178967 -0.271854199383864 -0.2625522535275902 -0.9258302265777144 0.4225064369736339 0.83181831927424 -0.35995360039263835,49.6079116198633 69.7309170479423 752.8785178081616,0.69
56,1028,10,0.0,0.8570402642870566 -0.5075650535908895 -0.08865495904939591 -0.25207198506816186 -0.2629652818047246 -0.9312942472221969 0.4493792382104107 0.8205040992820446 -0.35331476522612487,45.709624973191275 73.78654582090996 758.2080747152528,0.69
56,1036,10,0.0,0.8528129396858255 -0.513429822546754 -0.09539343386223731 -0.2577940317876763 -0.25504979202142614 -0.9319290964255177 0.454150115137137 0.8193530502228182 -0.34986890689440975,37.73236356209989 71.28434886919501 747.828827269373,0.69
56,1037,10,0.0,0.850665873764429 -0.5155673508419221 -0.10275153506611034 -0.2722460887621576 -0.264831649758565 -0.9250655460235583 0.44972173437171914 0.8148953945335554 -0.36564444150252545,38.390884590602184 71.4046313008291 762.2407257866748,0.69
56,1044,10,0.0,0.841219286796305 -0.5334618131455229 -0.08813969274626957 -0.27076016654994234 -0.27451707373585255 -0.9226750828094101 0.46801607208702045 0.8000367929932946 -0.3753692663567986,41.80852738819297 75.42127430184219 765.813019966745,0.69
56,1046,10,0.0,0.8545917598674774 -0.5123178790058576 -0.0848723442444432 -0.2503570336690455 -0.2632742081936136 -0.931669494505676 0.45496624013111586 0.8174454612700257 -0.35325435339142036,44.35929702535273 77.14278100641577 752.8052012131866,0.69
56,1047,10,0.0,0.8475637659962432 -0.5251301085619164 -0.07664223151771121 -0.2467888481988802 -0.26215795275256243 -0.932935406238425 0.46982010065016877 0.8096366943823228 -0.35179183636737543,44.795363794553936 78.61735678807233 751.0573196665158,0.69
56,1048,10,0.0,0.8433323255000237 -0.5339707471378858 -0.06054609787368037 -0.23217370829982759 -0.2604225026137487 -0.9371635339185463 0.48465034606510693 0.8043975144997652 -0.34359668322842135,45.13409484903026 80.20078269179344 753.1505073244385,0.69
56,1049,10,0.0,0.8508594952114779 -0.5184272988605654 -0.08527165534107811 -0.25130459419547213 -0.2590543053176637 -0.9325968409943451 0.46139367176492424 0.814938036106133 -0.35070197741495646,46.934579332743816 79.86331167350465 755.2591980092561,0.69
56,1054,10,0.0,0.8555132392676416 -0.5059672686444996 -0.10997372639958827 -0.273230031613624 -0.260734150399537 -0.9259390112960191 0.4398209263577675 0.8222012076589624 -0.36130697040320003,55.033071405607366 79.02370370659992 756.98462838521,0.69
56,1062,10,0.0,0.8519499803074784 -0.5189706813552514 -0.06964670091076208 -0.23648935722216793 -0.2626853683396966 -0.9354513248592273 0.46717664215447763 0.813428441323454 -0.3465258372349212,64.99592032791188 79.97439727858709 770.7561647568457,0.69
56,1064,10,0.0,0.8565099107841683 -0.511124940650147 -0.0717082127366187 -0.23436000811421825 -0.26135897219282134 -0.9363583044171796 0.4598544979938764 0.8188057050971834 -0.34364379519366306,67.54228454628333 79.86760513809624 768.6791675211073,0.69
56,1070,10,0.0,0.8572164430678648 -0.5079852624543532 -0.08444491022708558 -0.24340926940321742 -0.2551946544824212 -0.935749761363683 0.45379719842972865 0.8226947559409746 -0.34240537560696954,68.40195041355868 84.93482115974305 778.8723198347154,0.69
56,1071,10,0.0,0.8611744996040716 -0.5003352998726569 -0.08968315858072445 -0.24372825551301325 -0.2516155128482155 -0.9366355594139659 0.4460661595506436 0.8284649789794787 -0.3386307131792268,66.21371698518223 84.11784453060773 769.6557871947798,0.69
56,1078,10,0.0,0.8522192094961145 -0.519383257437885 -0.06295594379428801 -0.21569889596957767 -0.23917085921825343 -0.9467160537237698 0.47665124068161535 0.8203891344929028 -0.31585639579192115,64.73944078121053 86.86077428325174 773.6380710501553,0.69
56,1087,10,0.0,0.8484333578896344 -0.5241334978834925 -0.07378965792395886 -0.23971265118728038 -0.2561968778450558 -0.9364299251109027 0.47190961219378136 0.8121867003213366 -0.3430074077046359,69.73003546451332 81.57772336838238 793.837269445414,0.69
56,1097,10,0.0,0.8320641235386301 -0.55225551955892 -0.051798990690926 -0.23627967643864578 -0.268400702325028 -0.9338806013048353 0.5018378311984263 0.7892875927747369 -0.353813350610065,64.05105291200795 73.46366229278111 796.4750182073884,0.69
56,1108,10,0.0,0.8464834884123718 -0.5282209547598853 -0.0666957779606567 -0.23369341107743713 -0.2560630312971429 -0.9379867342462314 0.47838592523632417 0.8095766467453676 -0.3401948847062701,73.71283645101933 70.9630537357962 793.2729058156904,0.69
56,1116,10,0.0,0.843861288552601 -0.5350876517928075 -0.039740792407837205 -0.2051770493763746 -0.2533632214572786 -0.9453620768901166 0.4957827186293894 0.8059083588793762 -0.32359112008335833,76.22854930856879 76.18670068000658 804.937335810647,0.69
56,1124,10,0.0,0.832256570343533 -0.5533573254442279 -0.03383299421025887 -0.2175461257960759 -0.269841128883279 -0.938008234672871 0.5099241946320437 0.7880237531573581 -0.344957794793295,78.61361656781287 71.72897669580395 819.8105561211048,0.69
56,1135,10,0.0,0.81405866614471 -0.5799465049878774 -0.03115348178038979 -0.22349353098760147 -0.2633006289429001 -0.9384686571244493 0.5360588863934532 0.7709311448830037 -0.34395645097597993,53.2861403457207 66.25258022853305 814.4341704550003,0.69
56,1146,10,0.0,0.8301592608825317 -0.5570075072213376 -0.024046589571921156 -0.2006850095531964 -0.2583030640797682 -0.9449894465165402 0.5201549081875535 0.7893175305199264 -0.3262157376680698,57.52477819565293 69.15085994193547 796.5734252917101,0.69
56,1158,10,0.0,0.8327195874962721 -0.5520549102764913 -0.042584793526014963 -0.2081970554109 -0.24092071983074298 -0.9479510498303524 0.51306147265047 0.7982434357987868 -0.31555560918145537,69.08926206805363 68.31058719274691 807.9524618263748,0.69
56,1171,10,0.0,0.8307542178830594 -0.5566171104352405 -0.0049821521684520476 -0.16583646366897908 -0.23894807222836884 -0.9567664741702196 0.531362114557741 0.7956640064430899 -0.29081453207096924,68.79724018393276 74.36937045665604 803.0187462788083,0.69
56,1202,10,0.0,0.8330065439097905 -0.5531540399851582 -0.010986621480875536 -0.14504137775148837 -0.19917145410860024 -0.9691716724132086 0.5339130046584519 0.8089198600086188 -0.2461413487007418,67.49592019883225 68.41579997468723 802.7774150029691,0.69
