scene_id,im_id,obj_id,score,R,t,time
48,1,20,0.0,-0.9972603148158401 -0.07309286067074566 0.011370937181186324 0.03127859259607503 -0.27737208681331815 0.9602532869519549 -0.06703367913683601 0.9579781621601777 0.2788984164271774,-26.144623011586443 93.45999485422168 704.5690028965442,0.69
48,36,20,0.0,-0.9970120149847855 -0.07617187305318908 -0.012840861791429306 0.008754276666692443 -0.2765792691542074 0.9609512321206355 -0.07674897143298239 0.9579675117819462 0.27641968409338347,-40.71923794037127 87.80803135029257 695.399588652249,0.69
48,47,20,0.0,-0.9987722648995297 -0.04803205173532786 -0.012119606988611246 0.0019553551647853405 -0.2826902695899344 0.9592092514489992 -0.049498883357538014 0.9580078984461791 0.28243712054383296,-21.231693421292736 86.49390768702155 707.4328240049354,0.69
48,83,20,0.0,-0.9978996462978069 -0.05072168436965277 -0.040294002697886674 -0.021410163970591645 -0.3288212177873564 0.9441494646567311 -0.06113837418074147 0.9430291180380089 0.327044617345998,-7.538107985260499 89.576662683111 707.7824249621882,0.69
48,112,20,0.0,-0.9999976207062423 0.0020665784035300587 0.000698452257679327 0.00010535440360402346 -0.2740554534860228 0.9617138853708104 0.0021788717960989435 0.9617116707559873 0.27405458370445823,1.6660720690573299 83.8776639554583 718.6676413417804,0.69
48,1024,20,0.0,-0.8450261932978362 0.534696933482455 -0.005470097350771724 -0.1784435574784235 -0.27233641069368386 0.9455108546203609 0.5040720478612283 0.7999575418326524 0.3255446234082924,-52.98885226695763 102.6017088971769 920.6360380811329,0.69
48,1027,20,0.0,-0.8493127171045478 0.5275102676448851 -0.020020641690815605 -0.1770307660359502 -0.24888710907426181 0.9522160021830033 0.4973208385350597 0.8122734296195329 0.3047685336331606,-44.911395035839135 109.0378275199951 924.3980870372399,0.69
48,1059,20,0.0,-0.816204643563067 0.577310337053479 -0.022863826392038267 -0.19996521183051078 -0.24514194029888114 0.9486407872129886 0.542055249844207 0.7788569854843047 0.31552797384484965,-39.197738040875564 88.43468599933945 918.050577511798,0.69
48,1074,20,0.0,-0.8312396618334684 0.5552086826626046 -0.027998987321626312 -0.17668839319535395 -0.21610682817893 0.9602494730664981 0.5270880726264116 0.8031445433485174 0.2777354968031226,-60.56206506744287 112.77493048416322 940.3779037978267,0.69
48,1075,20,0.0,-0.8365126274785825 0.5472833064087895 -0.02697418386423195 -0.1816110228430946 -0.23047130192595577 0.9559813886109083 0.5169758799506641 0.8045893123294756 0.29218483539434237,-61.77209682798766 110.65710742027476 942.8243459961187,0.69
48,1083,20,0.0,-0.8375011859249415 0.5450842229204043 -0.03840512332457452 -0.19915530830907058 -0.23903424820848462 0.9503682398711164 0.5088505937371359 0.8035831121338128 0.3087478828214063,-55.32184422610093 110.17599151170317 956.0250450721928,0.69
48,1087,20,0.0,-0.8039481083631962 0.5941337394489401 -0.02593335126160423 -0.17548647322243519 -0.19534109424323987 0.9649074331850729 0.5682182122874893 0.7802864580064641 0.2613065377608018,-54.34438566651053 113.79437232793428 945.4942165653963,0.69
48,1090,20,0.0,-0.8139948098224429 0.5801338748613403 -0.029276899092831654 -0.1745811807602298 -0.19626392647855673 0.964884388145846 0.5540161197171876 0.7905220796420467 0.2610382743812186,-61.18739576810858 113.74756892006046 948.5618730994898,0.69
48,1094,20,0.0,-0.8050949599145307 0.5928962647069043 -0.01720827756693416 -0.16426415526629679 -0.19498969849338055 0.9669520695340129 0.56994683332296 0.781314940838879 0.25437682757489677,-67.92550463812435 112.12092929462257 949.3611754276566,0.69
48,1097,20,0.0,-0.8332248278155839 0.552214406484131 -0.028207013012182036 -0.1909105309336195 -0.23943508423086546 0.9519579873177186 0.518931166428009 0.7985800459006831 0.3049268023623519,-69.40104503480475 112.17731141084381 979.3150440534743,0.69
48,1103,20,0.0,-0.7976262609906543 0.6030576467938887 -0.010668759135249728 -0.17770803581468322 -0.2180664861554239 0.9596180811253577 0.5763785230080627 0.7673125062575507 0.2811037458942883,-56.833404610800805 104.27077223869571 960.5978415443494,0.69
48,1104,20,0.0,-0.7861302609201369 0.6179218792966226 -0.013105874719666344 -0.1682497068447394 -0.1935497477898681 0.9665560155920284 0.5947194708535248 0.762043992310817 0.2561204887756827,-56.79700030339944 102.26717586974988 947.1793487781324,0.69
48,1107,20,0.0,-0.7638811593713221 0.6453495901226078 0.0030791047574000308 -0.165190183770602 -0.20013848393412492 0.965741575388771 0.6238571771995252 0.7372031563803376 0.2594874345310547,-54.35000245617276 97.47567334110033 929.386170181202,0.69
48,1113,20,0.0,-0.7631065872820759 0.6461736484607479 -0.011311608268901152 -0.18050773775362833 -0.1963012237781916 0.963785653635834 0.6205524095979087 0.7375130138364407 0.2664381004363289,-44.9937487706121 102.5511001272554 950.6394671989956,0.69
48,1119,20,0.0,-0.7685492060722245 0.6396605240380926 -0.012904721347871295 -0.18234703954050108 -0.19966635176770975 0.962747581218768 0.6132549836866947 0.742272026927518 0.27009361899968254,-44.207246537726334 98.5397731410363 951.6607182280466,0.69
48,1120,20,0.0,-0.7816645706464711 0.6233704193873258 -0.02024399241596625 -0.196824019177116 -0.2157447005837 0.9564070941001098 0.5918283572717975 0.751574044524503 0.29133426013094765,-45.94362126638873 100.09972006943107 979.7595321681989,0.69
48,1122,20,0.0,-0.7518905442099493 0.659276784373572 -0.0038381133006989976 -0.17131919205742605 -0.18975749714766166 0.9667687555506983 0.6366398856185944 0.7275618282058904 0.2556236338393716,-42.78711007126271 98.18094591688583 949.5993388797773,0.69
48,1124,20,0.0,-0.7354233738073503 0.6776065192432394 0.0013661394056113108 -0.17068027728809837 -0.18719395333296873 0.967381345065343 0.6557596390467106 0.7112016794936831 0.2533208773131267,-41.337195968573035 95.36989899931142 947.6869342824092,0.69
48,1126,20,0.0,-0.7356430584322835 0.6771883568407038 0.01565949998511118 -0.1647429972935457 -0.2012918759523762 0.9655782337637443 0.6570304676520983 0.7077411320779378 0.25964101090140645,-42.51102380302642 95.01129926051787 947.6292829638984,0.69
48,1128,20,0.0,-0.7138516577414283 0.6980768685252707 0.055718007589706076 -0.1630218492255558 -0.2430279982481689 0.9562223950225012 0.6810577709819445 0.673517689223854 0.2872877214356113,-40.423421062282344 94.81148054481336 930.1013870726936,0.69
48,1132,20,0.0,-0.6978059879159958 0.7128311493139361 0.07027485892091306 -0.1433437824683585 -0.23509698232381016 0.9613438349154283 0.7017972379941695 0.6607580203599585 0.2662319952104628,-40.8345844461953 97.12980902461457 929.1299923334998,0.69
48,1133,20,0.0,-0.672496458587286 0.7352929313092147 0.0842188717227983 -0.13862186688516187 -0.2369213642608925 0.9615883969651619 0.7270024011025211 0.6349902143525205 0.26125645727466484,-39.61106549488115 94.79118574160513 913.2191685927102,0.69
48,1137,20,0.0,-0.6917385981379235 0.7174890466049679 0.08189737387776497 -0.13138776036980077 -0.23655831112545378 0.9626927972424436 0.7100950417170846 0.6551714534679963 0.2579057934390864,-46.628227639408664 98.46775891865083 918.3954387807498,0.69
48,1540,20,0.0,-0.6415909578111826 0.7660798410098636 -0.038506104103521954 -0.2558881854523668 -0.16644130786533162 0.9522701967309345 0.7231059945822772 0.6208212047235336 0.3028180185603152,-78.86236259615745 99.22953490701697 954.7235828413883,0.69
48,1542,20,0.0,-0.6327553608114345 0.773552341600218 -0.0351770972254834 -0.2542435987169128 -0.16462923859398304 0.953025396467187 0.7314238483094908 0.6119754803950769 0.30084076439098173,-79.63249105299349 100.36890270211359 952.2213008270137,0.69
48,1543,20,0.0,-0.6419526136260469 0.7649871223301582 -0.05188009760698936 -0.2630101914521902 -0.1561416790940604 0.9520742698140567 0.720223910357723 0.6248315602774164 0.3014349684929061,-84.2337998616059 104.71806799534562 968.8155623935859,0.69
48,1568,20,0.0,-0.6303226299221005 0.7744839460982946 -0.05355370616587163 -0.2529985915725739 -0.13970900471857373 0.9573260190044138 0.7339516979136845 0.616973266225174 0.2840050948364484,-92.71189565856132 116.14055536942412 957.8936678489938,0.69
48,1569,20,0.0,-0.6361075407473067 0.7694689781345563 -0.05731220021056099 -0.25926583162423666 -0.1431899339068604 0.9551323842169429 0.7267382095064265 0.6224260072621569 0.29058121124236935,-91.86409790713306 116.88737184603167 962.7366977575209,0.69
48,1571,20,0.0,-0.6280978186500403 0.7760375336406978 -0.057086570994619446 -0.2572229641601328 -0.1378276638241347 0.9564726246963142 0.7343905479482535 0.6154423461752077 0.2861839297001494,-89.85147478666023 118.2431880580489 963.133643872284,0.69
48,1572,20,0.0,-0.6508014868926053 0.7567522403008937 -0.06150992975083314 -0.2771904994555272 -0.16139507163486444 0.9471626353818927 0.7068400467361547 0.6334648195847621 0.3148006840502018,-92.05777648422297 121.04126397407106 988.4765548261169,0.69
48,1576,20,0.0,-0.6263117997793644 0.777621455993246 -0.05512168934346645 -0.24561544965406146 -0.12972808152922088 0.9606475294060672 0.7398692995038831 0.6152036216097008 0.27224607179891747,-84.74403365225155 127.09210186187256 961.6088619293965,0.69
48,1577,20,0.0,-0.6174899519355194 0.7851923755399026 -0.04668075248616205 -0.24000106796679704 -0.13156001222205083 0.9618167447902591 0.7490698543083059 0.6051156059614874 0.2696839943125934,-84.18230863370374 126.24787544947125 956.8429952666786,0.69
48,1579,20,0.0,-0.6112785183024168 0.7904689073335431 -0.03869728157010999 -0.23112471374351168 -0.13153931531726204 0.9639910659455542 0.7569147506549082 0.5982109285735093 0.2631040576962618,-82.93897631392107 127.06113975944619 951.7981032552448,0.69
48,1580,20,0.0,-0.6259664681248499 0.7782190849203658 -0.050408696164546574 -0.24128584136730158 -0.13180195212485235 0.961462109587139 0.741584198549952 0.6140059456404201 0.2702768491366566,-85.5390424710751 129.23551307507282 966.2970378778704,0.69
48,1583,20,0.0,-0.616223653686938 0.7862892151378191 -0.04491857961548906 -0.23553968647055318 -0.1295707172408317 0.9631887070200991 0.7515247598942262 0.604119772389258 0.26504685599772193,-83.7240650267807 128.88772869541637 958.0925582656099,0.69
48,1586,20,0.0,-0.6297967827006438 0.7748424856488273 -0.05454479749219737 -0.2565476696320811 -0.14121496235685216 0.9561598337165713 0.7331707207098948 0.6161797277094563 0.2877207629866737,-85.23043124658194 128.59322194219806 977.8449383177553,0.69
48,1587,20,0.0,-0.6145498337060364 0.7874084637045318 -0.048129130247201224 -0.23850223617179006 -0.12729679447195497 0.9627628002048172 0.7519608934199562 0.6031446239531892 0.2660289032481762,-84.03270450611625 127.95476783196975 962.2437706569709,0.69
48,1588,20,0.0,-0.6061192124461813 0.7941015181988469 -0.04496975759226857 -0.23966989369319602 -0.12843846562383876 0.9623211016107285 0.7584048011192395 0.5940592052501841 0.2681712480800401,-83.91836553107943 127.17271150734804 955.828296971812,0.69
48,1589,20,0.0,-0.6251064936447189 0.7788416130590261 -0.05145496449147724 -0.25344869832299244 -0.14018635718522288 0.9571371597516826 0.73824496538858 0.6113538476420602 0.2850277952264709,-87.21713218778893 131.99155356025054 978.0593835131468,0.69
48,1597,20,0.0,-0.6040911897407477 0.7957829088350512 -0.042466415949930836 -0.24356109171900514 -0.13362731959430685 0.9606361090749647 0.7587831238754947 0.5906549766691767 0.2745448405227826,-93.53389979350746 145.01666928206086 977.6817259310316,0.69
48,1605,20,0.0,-0.6214253808215033 0.782651869263242 -0.035868476544209715 -0.23934512178717798 -0.1460488919046925 0.9598873026819827 0.746019040472514 0.6050832775016712 0.2780823952362049,-78.33525248080622 130.68516279676663 978.2129083765163,0.69
48,1608,20,0.0,-0.6238404131804333 0.7804933520870478 -0.04066037666807709 -0.23769477895450258 -0.13991204911113064 0.9612105963686077 0.744529603804064 0.6093067748363283 0.27280198532619837,-78.25132734862845 128.77597577179844 978.023548154361,0.69
48,1609,20,0.0,-0.6251722867169448 0.7796986698850509 -0.035065597108681346 -0.23616133481276524 -0.14615314828727854 0.960659711440617 0.743900151808399 0.6088589667773638 0.2755055765574298,-79.12999509230687 129.50079951676622 983.1510445210188,0.69
48,1611,20,0.0,-0.6200769479536514 0.783852958693433 -0.032849927915232835 -0.23183167637221647 -0.14307023417575881 0.9621772092101024 0.74950560534724 0.6042395611348572 0.2704364995939391,-80.99182789230622 129.08835884369282 979.6930099433225,0.69
48,1619,20,0.0,-0.6230886601983716 0.7815401380984593 -0.03091171417503652 -0.22679242365241248 -0.142706002926121 0.9634314678806764 0.7485490752823509 0.6073137650917284 0.2661658742664925,-85.6462627359554 124.44483760167729 978.0815809335626,0.69
48,1622,20,0.0,-0.6323688730717347 0.7740088813549586 -0.03193524625911165 -0.23596944760830324 -0.15319511537901043 0.9596091268946143 0.7378536631103871 0.6143626845826964 0.2795182706495698,-86.04848104581505 125.37414528944538 988.2788381779477,0.69
48,1624,20,0.0,-0.6154499277611055 0.7877566510291012 -0.025706909154248614 -0.22202241384054672 -0.14197980175671665 0.9646490468795063 0.7562588407227162 0.5994006962396173 0.2622810919151334,-82.09597339661649 123.12825167756972 971.7936820095207,0.69
48,1626,20,0.0,-0.6044613843116684 0.7965227362761836 -0.013340369976975852 -0.21868453171446312 -0.14980513679712582 0.9642279277110886 0.7660310114250254 0.5857558805375287 0.26473862194786957,-79.25815293875681 121.88218880608092 966.5750171208953,0.69
48,1631,20,0.0,-0.6230871789084769 0.7817037233225759 -0.02648879807574317 -0.23820750076677905 -0.15739700869472117 0.9583753796046717 0.7449963449966186 0.603461242001154 0.28427974838898307,-80.58013379476803 121.1555320116469 989.1234821998851,0.69
48,1639,20,0.0,-0.6149801188819009 0.7880621276460168 -0.02752337824534523 -0.2372177552189213 -0.1516048467374843 0.9595539104472451 0.7520154187175281 0.5966356119238417 0.28017629556292567,-76.63501351450995 125.6180605574985 989.8324768557983,0.69
48,1641,20,0.0,-0.5925981676016977 0.8051723746887889 -0.022909796880953404 -0.22588443598826785 -0.1388134745450642 0.964213171898719 0.7731776208177343 0.5765659253916615 0.26413651838374097,-74.95246260394198 123.48264723933225 963.8596521713065,0.69
48,1643,20,0.0,-0.5995396973058623 0.7999881667117665 -0.023897373821027856 -0.23443430856583558 -0.14698763054323083 0.9609553535074069 0.7652402931900892 0.5817332460745508 0.2756695922475181,-78.71463052249439 125.72544083312373 976.3228656856999,0.69
48,1644,20,0.0,-0.6160211709240657 0.7872212719549759 -0.028294627669093297 -0.24305280262125384 -0.15578310232352344 0.9574220386895281 0.7492951702175162 0.5966693338961272 0.2873020255352452,-82.42278042449162 127.70820112412831 995.8495826342463,0.69
48,1645,20,0.0,-0.6337982872000671 0.7723761841708485 -0.041650465398850645 -0.251844096613955 -0.15514683242701965 0.9552507583815695 0.7313509979093228 0.6159257183407283 0.2928501790054022,-86.3065707703158 129.56401072127926 1009.2131232081542,0.69
48,1648,20,0.0,-0.6133443048624709 0.7895676352372298 -0.01979174268883771 -0.2376715233850637 -0.16061256504671118 0.9579748696708797 0.7532071499027313 0.5922723641493032 0.28616854474312825,-85.69502517848427 125.21506306828925 995.0155302246939,0.69
48,1649,20,0.0,-0.6268123944755494 0.7786238536108886 -0.029173904777350268 -0.24860297543052268 -0.1643659520461429 0.9545576956973613 0.7384461948841766 0.6055813144377019 0.296594822721143,-88.981826555641 125.54962447243284 1009.1552697110673,0.69
48,1724,20,0.0,-0.6047596725985672 0.7962854165633084 0.013974039039310604 -0.21394826067889355 -0.17933987800441098 0.960241297752726 0.7671322442388602 0.5777254914974425 0.2788214057835028,-97.8468009812419 108.34962240192525 989.72460567407,0.69
48,1874,20,0.0,-0.526651858767436 0.8479155071881725 0.06063919793853467 -0.17084733183376338 -0.17545356700416692 0.9695500167762352 0.8327358577977104 0.500255273330865 0.23726704921369268,-127.24540367566061 80.47662256161847 888.9284244786227,0.69
48,2040,20,0.0,-0.4289823699716826 0.9003831486519175 0.07269327257138447 -0.19041275346042708 -0.1687994167163266 0.9670831092702667 0.8830159169420997 0.401019877985976 0.24385640833698785,-112.00576182467327 75.51471505630174 793.1633126117218,0.69
48,2050,20,0.0,-0.42657779676717655 0.9022582258064151 0.0629402674757703 -0.18738373718551427 -0.1562435415882324 0.969781052996168 0.8848269425959245 0.401893082394592 0.23571854398778647,-112.40300134812261 81.79626042889093 791.5362415627446,0.69
48,2051,20,0.0,-0.42884692256564505 0.9007225790919045 0.06920370308013624 -0.18752229689108257 -0.16369505039890064 0.9685242994595408 0.8837000085858709 0.4023714278983156 0.23910568549577016,-112.73052245653241 81.26913988805353 795.4016443183675,0.69
48,2066,20,0.0,-0.42161544171316434 0.9040280996768574 0.07052385627334484 -0.19287789905618957 -0.16540377136696083 0.9671813214042424 0.8860240038309817 0.39417608680922817 0.244103824679336,-115.48951626622559 76.05546837952653 786.6589986626203,0.69
48,2069,20,0.0,-0.42257742636606216 0.904004252178526 0.06484312429995509 -0.1939014076023885 -0.16006383770338783 0.9678748948027716 0.8853420598026776 0.3964289090149804 0.24292706156693367,-116.75443788034433 74.76216480201671 788.6705378396974,0.69
48,2070,20,0.0,-0.42393785489240693 0.9033185609597423 0.06551543798865095 -0.1926468713276181 -0.1606204346408574 0.9680331910339968 0.8849654672115204 0.39776457031943213 0.24211457709459194,-116.70111522682004 74.84168474972658 788.8252867335127,0.69
48,2083,20,0.0,-0.41383601586806323 0.9078823047132352 0.06700352795959758 -0.19196155030930334 -0.15897387742517521 0.9684410511225008 0.8898823041129074 0.38791368509629803 0.24006761077186822,-115.58292673147659 73.6200494287398 781.6541915436121,0.69
48,2090,20,0.0,-0.4174367991149829 0.9059164274144356 0.07114734910945847 -0.19624709052786676 -0.1663218500780037 0.9663457567796205 0.8872618543609236 0.3894258192869289 0.2472123238609263,-122.01025585859662 70.86473557582318 782.3968624715637,0.69
48,2104,20,0.0,-0.407106620236192 0.9106089716936061 0.07110204238260909 -0.19579535413372717 -0.1630392638505354 0.9669965758691825 0.8921481822318047 0.379749258214139 0.24466736976208692,-119.01830751639201 67.51294787076507 772.233077596511,0.69
48,2133,20,0.0,-0.3910111218499536 0.9177506615481542 0.06959903603905454 -0.19821450597446788 -0.15781209509155492 0.9673708452626175 0.8987888028958404 0.36445722090629346 0.24361777832974874,-113.88592970106039 69.88238030559567 760.5509397426559,0.69
48,2144,20,0.0,-0.3911594475761456 0.9173333940241484 0.07411970574726678 -0.19635967855573072 -0.16186867347519668 0.9670788019519767 0.8991313381310958 0.3637278883389574 0.24344375127546092,-117.84159546220079 74.1622856569409 763.6317830258486,0.69
48,2160,20,0.0,-0.37721604406617804 0.9233851230815986 0.07118968022574645 -0.19548598379275428 -0.15452333618605257 0.9684563845184309 0.905258684708212 0.3514007015438543 0.23879753079721056,-113.95072604529459 69.09869799647454 754.4897780168793,0.69
57,1,20,0.0,0.37388371438252166 -0.9257390433383417 0.05672910856465635 -0.5229746390301706 -0.26094071778729944 -0.8114231132596061 0.7659689909198617 0.2737100024472268 -0.5816995268259618,-111.05484522720496 -7.83612725266751 1063.6640490088398,0.69
57,24,20,0.0,0.3764361028668245 -0.925115362791264 0.0495724317138595 -0.5238107315444456 -0.25666670185249724 -0.8122465892073872 0.7641453906013633 0.2797923688876257 -0.5812039679277325,-111.20055112555613 -1.1746076532723622 1068.9216505061045,0.69
57,38,20,0.0,0.37676172425208143 -0.9249808081563821 0.049609552315706684 -0.5322538615833373 -0.2600072818821451 -0.8056686913352685 0.7581269220705884 0.2771402495319383 -0.5902853988717244,-109.77586434904141 2.4158248246682783 1072.021265585332,0.69
57,49,20,0.0,0.3868536844567959 -0.9195171544458607 0.06951567810205977 -0.5022203070923534 -0.27331430990237066 -0.8204109038443195 0.7733815293671449 0.28246679571655525 -0.5675328354829856,-123.45198947322814 14.4114774045351 1065.8180796676668,0.69
57,61,20,0.0,0.3946505045132831 -0.9164121301364592 0.06663172687367191 -0.4934713234622194 -0.2725664370218377 -0.8259501137052201 0.7750722754736206 0.2930807826316449 -0.5597915885793269,-120.50819822606614 17.026556346396678 1070.4510594323758,0.69
57,74,20,0.0,0.41151485470762394 -0.9096503466037802 0.05649576336846729 -0.48613601806053675 -0.27151040043375047 -0.830634621479595 0.7709262586649962 0.3143538601320608 -0.5539443603114523,-124.09395483471995 27.39814163074934 1076.4073211124035,0.69
57,81,20,0.0,0.4005326255744732 -0.9149248356110258 0.04986141827661511 -0.5126826987897335 -0.2688774589022575 -0.8153903129519873 0.7594274594798989 0.3010273364271123 -0.5767603284827281,-138.8501490856709 9.456364310766087 1087.1142045299548,0.69
57,88,20,0.0,0.40320057363304207 -0.9138243600968348 0.04852150364113256 -0.5192630267552765 -0.2721266343308872 -0.8101314732391851 0.7535218686056397 0.3014500518848093 -0.5842368182096289,-149.19511923095075 9.665218423252087 1089.1243541899917,0.69
57,119,20,0.0,0.418104496606136 -0.907433610953907 0.04186730978798442 -0.5330325662355035 -0.282396093846422 -0.7975767859665152 0.7355711476465912 0.31115380102360357 -0.6017627429963078,-153.37626936228494 0.5601271490473854 1098.1148913700818,0.69
57,246,20,0.0,0.5149451024956393 -0.8547443944383561 0.06514262500055246 -0.5143964114720176 -0.36890102361505517 -0.7741500930959544 0.6857316335713741 0.3651356665021537 -0.6296412246411145,-156.99571628155925 -37.532502829163334 1104.7902378960011,0.69
57,483,20,0.0,0.7610852400211405 0.49965045696918214 0.41364075992635246 -0.6364351011685428 0.45203397250043403 0.6249925197200871 0.12529812218285458 -0.738928080773741 0.6620314735882925,-181.6595025060521 44.235287558450274 1472.2170140861658,0.69
57,518,20,0.0,0.6854200625951672 0.7089310138273165 0.1661810922632595 -0.6056940555046387 0.42843267016641906 0.6705073886695178 0.4041460737386675 -0.5602341160335073 0.723051648441364,-183.1711506730806 49.1633043658943 1363.1689199164489,0.69
57,526,20,0.0,0.659491440077997 0.741762128363312 0.12190153973506263 -0.480712289408399 0.29148331650199394 0.8270146135424296 0.5779158548401189 -0.6040086266990959 0.5488049230805849,-181.35351534563026 59.43996882563801 1282.3908530495644,0.69
57,528,20,0.0,0.8254735746922042 0.5091518849258144 0.24363443016405573 -0.5551190487240901 0.6541963219626485 0.5136827951899925 0.10215781530815478 -0.5592776863124729 0.8226616864570953,-250.21481447977527 85.34804849445867 1622.9765383208728,0.69
57,537,20,0.0,0.817781064066701 0.5732204031281498 0.051502433840896936 -0.5740413032231042 0.8059630400797761 0.1445688770769331 0.041360771847906666 -0.14779021436809264 0.9881534997606287,-212.34735083892545 63.46937469588272 1421.0556702851618,0.69
57,541,20,0.0,0.7248005581786177 0.2558141198748529 0.6397056252188335 -0.5325621557771304 0.7970881296483422 0.2846542882299915 -0.4370831741190454 -0.5470005938263339 0.7139668404454498,-232.1024718352185 68.97413975198529 1439.9179445488714,0.69
57,553,20,0.0,0.7806051336900361 0.571753958123719 0.2524936368042201 -0.4157138656764574 0.17327896160147555 0.8928361458580464 0.4667307651538487 -0.8019175848154066 0.37294849513401707,-169.50971251088617 30.771683283816 1267.7505582111119,0.69
57,554,20,0.0,0.760298087532285 0.6315510276588903 -0.1519543272096901 -0.474767752835148 0.6999315578163732 0.5335647994766979 0.4433310263929356 -0.3335252821537591 0.8319966870136213,-203.10002217592128 50.60986880723644 1430.4485334739122,0.69
57,565,20,0.0,0.8055059056055149 0.5468242934856493 -0.2283493553495599 -0.576838923346829 0.8117933710483695 -0.09082058816146987 0.13570958900059432 0.20487731640141293 0.9693338912250231,-252.17539510332887 50.31261571100643 1633.3931617110065,0.69
57,574,20,0.0,0.7113468458477693 0.6660625184942002 -0.22438000436668382 -0.7020389083224452 0.6581047781105133 -0.2721019519032185 -0.033571358385673 0.3510823585503481 0.9357425615044266,-138.3353396653394 -1.4063647318929808 1062.9226907884758,0.69
57,575,20,0.0,0.8735715837047967 0.4426651384734464 0.2022875758018221 -0.3535922452218631 0.862849940031406 -0.3611959372788694 -0.3344326722412977 0.24400318884818625 0.9102841488070971,-89.8055572834719 26.658895313796336 835.7176827008404,0.69
57,584,20,0.0,0.6845669558323548 0.6680611555774996 0.2916545480373634 -0.5925743029565078 0.2769983902846957 0.7563911602175797 0.42452771223800173 -0.6906273844759876 0.5854998184063125,-149.0983407909846 7.085855549308171 1102.0093731029883,0.69
57,592,20,0.0,0.6948963149070926 0.5750675292609135 -0.43175971131902896 -0.6933674645651833 0.6950200697384445 -0.19023317729359657 0.1906847414215203 0.43156047021305843 0.8816999999651196,-155.02276513438997 12.230296228170626 1103.7834425557403,0.69
57,597,20,0.0,0.8900498868642319 0.44309446562296717 0.10713773110937766 -0.25199718638588653 0.6740788835307766 -0.6943450704307611 -0.3798797401106895 0.5910033445863051 0.7116223926642811,-32.560042871788475 21.510366596244918 533.0720971188703,0.69
57,606,20,0.0,0.9189255169526274 -0.31436202037099464 -0.2382276525544689 -0.20952583944991762 0.12266400426238752 -0.9700785868480576 0.3341778222685547 0.941344815785684 0.04685211731888897,-51.12497635404148 24.0275602919023 678.632003968625,0.69
57,610,20,0.0,0.973716130139909 0.21133832504416927 -0.08492944290930485 -0.10846233644406411 0.7581330160292418 0.6430165251216334 0.20028185009744257 -0.6169039166466125 0.7611285950137565,-48.6359572869253 41.80770482138469 702.0605947639406,0.69
57,613,20,0.0,0.9557403787706578 0.25368136056488366 -0.1490170986473328 -0.0533216196962579 0.6474616417928469 0.7602303777670809 0.28933913192011734 -0.7186370361377574 0.6323319357986376,-319.6728739803963 111.02189624340838 1958.7609147733367,0.69
57,621,20,0.0,0.9129391463850626 -0.12615286956349747 -0.3881076764231908 -0.38405090202724246 0.05603389903912456 -0.9216100622337706 0.13801094032638994 0.9904270067296066 0.0027064166082188864,-114.1396907167239 20.23859521864905 991.9680174441681,0.69
57,790,20,0.0,0.7455156581280851 -0.6663315517614068 0.014445297265328283 -0.332075668651739 -0.3901555514794277 -0.8587807612768721 0.5778686302052989 0.6354375726828083 -0.5121395683284315,-92.55396650271369 11.481338094747032 899.2423429629387,0.69
57,844,20,0.0,0.7856513413887802 -0.6177877946942576 0.033018335827472656 -0.3096223294787233 -0.4388358534132326 -0.8435384442023071 0.5356173847647021 0.6525038961461345 -0.5360528730003558,-133.86703655725836 23.141241676388248 964.9482031447212,0.69
57,978,20,0.0,0.8939936452262446 -0.44497333010691237 0.05266970465700255 -0.18233405052283574 -0.46863820902631304 -0.8643682797630565 0.4093038679453531 0.7631362686533607 -0.5000933704327607,-56.03553681601585 -19.204108387811228 928.7053851352898,0.69
57,1026,20,0.0,0.8869331539262908 -0.4594485286363945 0.0475039998338532 -0.18286301867800195 -0.4437128220697717 -0.8773141101856552 0.42415881090262786 0.7694322459221028 -0.4775597575894952,-77.75903225637845 -1.1234651577994772 920.9763877220374,0.69
57,1028,20,0.0,0.8792753774024458 -0.4736316534615346 0.05047640570680881 -0.18978376629691393 -0.44556585343440924 -0.8749018186650573 0.43687175777789056 0.7597000244126356 -0.4816626829675481,-77.6076811877972 -1.722196407129034 919.9472408131517,0.69
57,1035,20,0.0,0.7500149673599606 0.6612735629855488 -0.0139579236433931 -0.3126263914307865 0.3730191035984173 0.8735682501851804 0.5828741614765592 -0.6508256473488355 0.48650147855475967,-74.84952211504597 3.7373765228721223 871.8012279243927,0.69
57,1040,20,0.0,0.7511865343956567 0.6597326868318009 0.02171571938334077 -0.3415363229366629 0.36030790465563806 0.8680617224354311 0.5648643471290666 -0.6594929838659066 0.49598112219528767,-79.89384020905197 1.811760603964205 889.0902254553642,0.69
57,1046,20,0.0,0.8666587449861478 -0.4968003069307484 0.04573920389064043 -0.20168880180140783 -0.43273919268102234 -0.8786685486266648 0.45631595081363063 0.7522806963835316 -0.4752362642746879,-91.42404558302296 -7.666474992670304 914.6100320875441,0.69
57,1054,20,0.0,0.8890057434498267 -0.45688141211910105 0.03046577380071966 -0.20066076589117035 -0.4485252549817604 -0.8709537029460955 0.4115872266545566 0.7681695586936538 -0.4904197018383413,-86.33797635215244 -10.973885044728071 923.6922339577188,0.69
57,1057,20,0.0,0.7663772500520528 0.6422832923620371 0.011750870403311797 -0.3302578071075343 0.37824437114756376 0.8647895562156765 0.5509951827803725 -0.6666358586573079 0.5019969526850316,-71.19990935988909 -3.160139875161472 867.6389010823956,0.69
57,1066,20,0.0,0.8892346853653457 -0.4548586645894337 0.048634037372106254 -0.18818385248759342 -0.460638116092996 -0.8674095708863392 0.4169514504185374 0.7621785363352949 -0.4952124460710427,-62.7840844065454 -14.376335698233733 923.0224190480848,0.69
57,1071,20,0.0,0.9203016485222083 -0.3911920927888589 -0.0036908355122521885 -0.22719116577535173 -0.5267521092430137 -0.8190948599531513 0.3184792770667227 0.7546528751336663 -0.5736462221016964,-59.46431067114024 -14.790724818777596 1010.014899470898,0.69
57,1073,20,0.0,0.800030606068712 0.5999488790734604 0.0035173643296914636 -0.3007008451535784 0.39589703344216504 0.8676661458392951 0.5191628175026146 -0.6952171469477659 0.497134878591872,-45.11658697022714 0.10613062897959662 875.289009950726,0.69
57,1076,20,0.0,0.8043923256343408 0.5940880170836811 0.003523410018246853 -0.30021727085817623 0.40136071380031085 0.8653202688578221 0.5126622443081267 -0.6971147720248689 0.5012069611304995,-44.622201308299246 3.6372379280458538 891.2947783201686,0.69
57,1078,20,0.0,0.8116233401673656 0.5840321681620908 0.013190157218791437 -0.3031500361196151 0.4017688464851677 0.864107545155494 0.4993672088716331 -0.7053284487002247 0.5031343460328361,-48.126143960837496 6.910417360520338 902.804398550757,0.69
57,1081,20,0.0,0.8096475917986575 0.5867456433177007 0.014153697125918602 -0.2997444570937898 0.39264220567864155 0.8694741852184922 0.5046028512961297 -0.7082101724541303 0.4937755705746359,-52.628263823776976 8.31413139689836 892.4857688826265,0.69
57,1082,20,0.0,0.8117611259485147 0.5839893410925538 0.0005691125411567133 -0.2903851765980623 0.4027974305122907 0.86800384744816 0.5066757578678023 -0.7047770423779292 0.49655714366637305,-54.32195477358225 7.810065812902334 896.9199829427243,0.69
57,1083,20,0.0,0.8101116884018205 0.5862303621675642 0.007281125437620606 -0.30278267909345 0.40771597940611043 0.861446649176784 0.5020375499459624 -0.7000725980995135 0.5077958800881045,-57.50513910151951 8.093661756509142 911.689468318399,0.69
57,1086,20,0.0,0.8187022673833344 0.5741744647489522 0.007090938699596483 -0.2963811694340655 0.4119619080852145 0.8616528237588994 0.49181785224438834 -0.7075387412128353 0.507448647546403,-62.99555320957629 7.765403073085048 911.9649556325436,0.69
57,1087,20,0.0,0.8171438856025892 0.5764059107801309 -0.005665354360546299 -0.2810226638114492 0.4069354877125111 0.8691546302381976 0.5032912999909893 -0.7086322987684859 0.4945079701030829,-64.43672013699994 7.292325292644353 903.287820020928,0.69
57,1092,20,0.0,0.8220290679431979 0.5694455185448719 0.00011342662563754158 -0.2884722292165787 0.41625536638759225 0.8622732994383794 0.49097045168447273 -0.708846437081187 0.5064432290099766,-65.1861560144694 7.129113357270053 914.3584355014038,0.69
57,1093,20,0.0,0.9461372148936894 -0.3236664552442829 -0.008024733192603745 -0.18451102382540735 -0.5186618324141044 -0.8348326692719585 0.2660452079630675 0.7913469083445288 -0.5504452906270014,-76.80484759444509 -2.600035550599755 997.4117788432306,0.69
57,1099,20,0.0,0.8316700940747671 0.5552360055973031 0.006150830026869697 -0.28076376543292925 0.41093856325903366 0.8673529876852468 0.479057995071151 -0.7230784710631015 0.497655465200028,-57.69671632976294 11.971006041864387 925.4660821317833,0.69
57,1101,20,0.0,0.9636482498264839 -0.2661328220457425 -0.0235663242005007 -0.1640622329645933 -0.519818924961708 -0.8383745397889452 0.2108687608941293 0.8117645017378027 -0.5445849423160277,-63.185539964852865 3.6374672682892677 999.2925470897866,0.69
57,1108,20,0.0,0.8520752582275462 0.5230850863287914 0.01870151803628345 -0.2742631900167252 0.4157566540466909 0.8671367292519385 0.44581101031525705 -0.7439948904907216 0.49771894278336315,-49.232414820572394 16.50928822479971 925.8990106817887,0.69
57,1116,20,0.0,0.9728691770682133 -0.2271417620929151 -0.04395661752162604 -0.15991026081632975 -0.5228810661433694 -0.8372718191569728 0.1671953133202912 0.8215850598581371 -0.5450171709420087,-56.587142489435266 6.467475257304 1010.4712058905716,0.69
57,1118,20,0.0,0.9702969398813809 -0.2415164446828624 -0.013916012524329557 -0.13954193228415399 -0.5117675819628262 -0.8477157490493653 0.19761552973193175 0.8244778644691874 -0.5302681900784698,-53.999862742293494 5.32144057862044 991.0727126427554,0.69
57,1159,20,0.0,0.9921815422509402 -0.12041910941485028 -0.03278757850589854 -0.09231756050612731 -0.5313542886993061 -0.84210455877109 0.0839836605462257 0.8385474691206152 -0.5383167160628283,-35.91824813454043 11.282949053877342 989.8306034742712,0.69
57,1290,20,0.0,0.9998957549656723 0.012168604797596036 -0.007772017685753335 0.0003727097429433862 -0.5598456302814896 -0.828596844878237 -0.014433997681697713 0.8285075710649852 -0.559791804512109,-48.265342318590974 -21.64698507727056 998.2048487143271,0.69
57,1440,20,0.0,0.9954187528492423 0.0941584607386664 -0.01660393770719322 0.04274968539640448 -0.5936441514706602 -0.8035913674394396 -0.08552175673223612 0.7992001036636601 -0.5949497654671588,-55.06819173991291 -45.074242078032796 957.3309478499193,0.69
57,1527,20,0.0,0.9913877182857698 -0.10146714310319663 0.0827937854105642 -0.018714870308544358 0.5159507385923389 0.8564137954139659 -0.12961537586825686 -0.8505875935002198 0.5096082810571617,14.22518345447413 -6.5500549606521075 935.4644378678655,0.69
57,1538,20,0.0,0.9474535867397487 0.3107461629427002 -0.07595079453419246 0.11390725902371765 -0.5495850782077072 -0.8276360179167725 -0.29892614023482456 0.7754953668641853 -0.5561025972394777,14.009153155731315 -27.770413503803294 989.6325846452557,0.69
57,1539,20,0.0,0.9553052324248792 0.28930989199250956 -0.06075935563293855 0.11479755083526985 -0.55245171237725 -0.825601979051448 -0.2724214294505318 0.7817268652711934 -0.5609720785292279,14.389550486142884 -26.952280170605967 977.8160784997725,0.69
57,1549,20,0.0,0.9916083730815162 -0.09569640379840252 0.08691969129421641 -0.02254859188358111 0.5340123359188893 0.8451759497823628 -0.1272964863564446 -0.8400434651769539 0.5273732844720133,15.577105374749994 -17.451303240716836 959.884559875332,0.69
57,1560,20,0.0,0.989689825467511 -0.1184848598950464 0.08046979148561759 -0.00422620903281113 0.5374302452462153 0.8432976168896743 -0.14316489976002683 -0.8349431534363546 0.5313885038335487,22.965031915746675 -22.312875164588544 971.0463501315742,0.69
57,1563,20,0.0,0.9856301998641466 -0.15202091308908083 0.07363933119824435 0.0182341281822707 0.5291543894714779 0.8483296226541309 -0.1679304191776913 -0.8347965465229416 0.5243225154694153,28.50294972238651 -20.40052629280064 971.1494538246258,0.69
57,1566,20,0.0,0.9814314591944674 -0.1680525907320466 0.0924695498619171 0.008199078442871807 0.5183954733386693 0.8551016947326584 -0.1916378512092691 -0.83846553892824 0.5101475022125168,32.264169303084664 -17.39058197656089 988.3825132578804,0.69
57,1570,20,0.0,0.9724372316762075 -0.21160476441532144 0.09792473705173087 0.022292635016544812 0.5024334965437591 0.8643284213624076 -0.23209668001488826 -0.8383221369065408 0.4933022662612831,38.630539799729995 -13.327926234657326 935.113824461325,0.69
57,1585,20,0.0,0.9713752543241876 -0.21963097837436782 0.090511593870275 0.0356892759306546 0.5116258237338921 0.8584668264249713 -0.23485397776100198 -0.8306631385988752 0.5048191352384539,46.325569401069615 -14.090176362535296 925.3324179950125,0.69
57,1589,20,0.0,0.974078832599597 -0.21183001065232937 0.07936292880457593 0.04004371658698398 0.506770349438293 0.8611505755047092 -0.2226363147451634 -0.8356505606515349 0.5021167312881221,41.06613644500092 -14.961193663034608 952.948478741728,0.69
57,1593,20,0.0,0.9730140154581352 -0.21719337213265866 0.07791511293504089 0.03844569678350633 0.48554288124734707 0.8733670699475995 -0.2275206674587309 -0.8468028988918666 0.4807901790879931,33.35414828319984 -14.324271202227765 925.9019865631159,0.69
57,1602,20,0.0,0.9667303113516206 -0.24166237139533048 0.08385584872615648 0.048220762382279334 0.49411234362870493 0.8680597617382229 -0.25121159047557984 -0.8351360907812175 0.48932652358664924,31.481777216371146 -19.303699075793926 912.3883740207662,0.69
57,1612,20,0.0,0.9527883240964622 -0.29604422633158844 0.06747018246000322 0.08868397780430984 0.4838461000279791 0.8706480939900572 -0.29039552604380725 -0.8235598141868301 0.4872572943633521,51.97416435585148 -32.2160775030746 892.7061557209,0.69
57,1621,20,0.0,0.9277050143884351 -0.35918571752488115 0.10173016565743731 0.09511899440774702 0.49094130850384105 0.8659844158571188 -0.3609927744171791 -0.79370161391462 0.4896140979260248,88.04971778172849 -35.481636523234876 884.1510068817029,0.69
57,1628,20,0.0,0.9235241711626754 -0.3765479454317291 0.07290233240052915 0.12457292786067209 0.4742619724084411 0.8715257696542742 -0.3627460419115741 -0.7957934570718703 0.4849000750248322,113.78828943162384 -40.15113765457862 916.4303389175612,0.69
57,1712,20,0.0,0.9448323551451604 -0.3247309997396273 0.04291384950050267 0.15968141832656263 0.5710226202745088 0.8052546254297778 -0.2859959183486138 -0.7539780798822578 0.5913741537681511,116.32307880562236 -82.78174385876291 937.6883658598116,0.69
57,1827,20,0.0,0.7675696873547684 -0.3382464191096038 -0.5444503053664617 0.3966004618148526 0.917923713494192 -0.011141359579427981 0.5035323710967833 -0.20737747265448758 0.838719103808354,174.83079875394537 -215.2784509682694 2949.1238038445654,0.69
