scene_id,im_id,obj_id,score,R,t,time
48,1,14,0.0,0.8149379672522958 -0.5791528426351112 0.021403139918379055 -0.13583637328928577 -0.22677948798286002 -0.9644270545364463 0.5634044632609059 0.783040898483535 -0.2634812366750024,-24.527617290423297 -120.02240180810601 895.1283783312346,0.69
48,36,14,0.0,0.8088684139739284 -0.5861717670800616 0.046201172642477195 -0.12134292232941069 -0.24329278770190405 -0.9623328502409108 0.575332759432192 0.7727944609858914 -0.26791964652422406,-40.51849592667145 -124.33819671077656 889.3112094801093,0.69
48,47,14,0.0,0.8409920946254017 -0.5395427349020719 0.04032287182197847 -0.11265594964720616 -0.2475168885534561 -0.9623118137536824 0.5291889395921511 0.8047540165138714 -0.26894244573537696,-13.866371398919176 -125.80521680017642 900.6399769711469,0.69
48,83,14,0.0,0.8650646651807117 -0.49990444552913715 0.04193650433678972 -0.0969304990840654 -0.24858229850999658 -0.9637485767640859 0.492206870536259 0.829639913581605 -0.26349575022988414,8.162856068666919 -118.46841403865757 921.4404882951266,0.69
48,112,14,0.0,0.8619219158355316 -0.5059332180829097 0.033499102117483665 -0.10797588713755063 -0.24770018861477194 -0.9628010305130885 0.4954107576539548 0.8262422135188188 -0.2681268091785248,18.943643505389314 -127.26010518880365 906.7501368770173,0.69
48,1024,14,0.0,0.9930697956769583 0.11314929309847284 0.03177449268579452 0.06137216094335786 -0.26869866595772024 -0.9612671245671953 -0.10022893182742348 0.9565554162639283 -0.2737807459279712,86.01125024355554 -102.54576175958431 1004.7615756316745,0.69
48,1027,14,0.0,0.9906784827096164 0.13148004842928146 0.03562500191165325 0.06908837721144581 -0.2595725922392157 -0.9632491191236577 -0.11740076673710642 0.9567314493750309 -0.2662367250142096,97.67415963561025 -95.588410540279 999.2893925186133,0.69
48,1059,14,0.0,0.9911988490490873 0.12251153087824071 0.05015741665631442 0.08202251258785179 -0.27095479164423486 -0.9590911366047572 -0.10390933101767591 0.9547640680748828 -0.27861878120571826,108.6817969255842 -112.31609407710536 999.6858636407669,0.69
48,1074,14,0.0,0.996338389573105 0.06583515804813242 0.054548560271100076 0.06954968459651228 -0.2530267079927767 -0.9649561266787542 -0.04972579647826745 0.9652166684258595 -0.25667903723811647,86.22612490730243 -85.44988018497263 1030.9530416190196,0.69
48,1075,14,0.0,0.9955491417001333 0.07639951891569849 0.05518169958943002 0.07247800654725031 -0.2463997281647955 -0.9664544027150229 -0.0602398956428795 0.9661523106993869 -0.250840322721787,87.03165571844822 -88.90223341150573 1036.7365834239117,0.69
48,1083,14,0.0,0.9954023182842031 0.07483117066059601 0.05978729507177331 0.07696767965640718 -0.25338328451211706 -0.9642991690435911 -0.05701053448919086 0.9644673177601284 -0.25797789038954577,96.89783374940008 -88.58470301752412 1035.278724307533,0.69
48,1087,14,0.0,0.9955413942882709 0.07294456866118448 0.05980319524406383 0.07659345501319079 -0.2551160327479027 -0.9638720104267544 -0.055052474128854514 0.964155018520261 -0.2595656474853462,94.8200230495237 -83.69856560258422 1042.1060324532373,0.69
48,1090,14,0.0,0.9961681361371955 0.06408641061535383 0.05951450679780464 0.07393849105776004 -0.2536485342644835 -0.9644664434834321 -0.04671342510507241 0.965171152200437 -0.25741504011038946,88.51494118985714 -84.14514190689145 1050.1392694170675,0.69
48,1094,14,0.0,0.9959238070686067 0.07734728560428189 0.046402240502181884 0.06438668070919917 -0.24935857067370687 -0.9662684195288685 -0.0631674430480158 0.9653174092707618 -0.2533222720124705,77.13019741233656 -85.2260661345953 1049.3465193349448,0.69
48,1097,14,0.0,0.9969192703110197 0.06008978116108193 0.050410184313862585 0.06397082441385106 -0.2510314718602625 -0.9658627924086747 -0.04538394106241271 0.9661120112780317 -0.2541021045917564,80.92759166101017 -86.33872576176417 1048.7194691527088,0.69
48,1103,14,0.0,0.9961388413359734 0.07466612019688193 0.046177692412778575 0.06415802648560076 -0.2600975298510331 -0.9634485054235458 -0.059926258178676216 0.9626911474923492 -0.2638836829373255,93.63764557736425 -93.29570345273527 1055.923073166206,0.69
48,1104,14,0.0,0.9952126419247511 0.08180354564718735 0.05347875533990512 0.07334096157554439 -0.2634277446266507 -0.9618871694310568 -0.06459799306736563 0.9612044544634947 -0.2681661723842214,91.93336235727034 -94.6870536525923 1054.7601560033906,0.69
48,1107,14,0.0,0.9965256038266228 0.06822183691684389 0.04777553647712468 0.06404586391786818 -0.2609905824533039 -0.9632144326086998 -0.053243292845197174 0.9629276695777191 -0.26445312425574374,91.22681072472464 -98.3951457144166 1058.6531353489625,0.69
48,1113,14,0.0,0.9948695071189264 0.0832442113882932 0.05748969538348275 0.07785237270213897 -0.2670774392667359 -0.9605251946197821 -0.06460396171746535 0.9600729361382208 -0.2721879597361796,107.35518436306687 -91.71099629196137 1068.8398791668083,0.69
48,1119,14,0.0,0.9922952083667453 0.11378261567758367 0.049027908602796696 0.07723339951539636 -0.25865531944979986 -0.9628771612825892 -0.09687735262532761 0.9592449854390114 -0.2654502523231399,110.91605357836099 -94.3837634530456 1064.91954676784,0.69
48,1120,14,0.0,0.9922473496518127 0.11505959186933991 0.04697326290364793 0.07521548928622869 -0.2550917994106548 -0.9639869314699593 -0.09893344874402951 0.9600465948027187 -0.2617684253826601,111.06611843500144 -93.67094558256267 1065.4738838617218,0.69
48,1122,14,0.0,0.9939656814505984 0.0946704321188069 0.05540517467606812 0.07821423254661759 -0.25754358953408557 -0.9630959626730049 -0.07690746339329407 0.9616178080569935 -0.2633940646675097,112.66386898974599 -94.00898840606742 1076.0401362856421,0.69
48,1124,14,0.0,0.9954170252381045 0.07958032735968198 0.05302751515438551 0.07257156063330569 -0.26751968417492183 -0.9608155843689237 -0.062276114629681 0.9602604803261852 -0.27206891676623945,109.6628108264403 -96.69463794429596 1067.4506019395062,0.69
48,1126,14,0.0,0.9911754980250289 0.12345756004922537 0.04826347461100983 0.07946198603255303 -0.2619593941979742 -0.9618019903115156 -0.10609865640335897 0.9571496782939031 -0.26945791591875656,109.31090419927558 -96.38317693310276 1075.559861639774,0.69
48,1128,14,0.0,0.9935571278217392 0.10380835279185255 0.04547592379774201 0.07025041550945238 -0.24923835045735224 -0.9658908446517377 -0.08893319332715457 0.962862435943962 -0.25492511954041447,107.92022411803407 -92.92940948002602 1074.9964291295585,0.69
48,1132,14,0.0,0.993273751101534 0.10737666561135334 0.043330209494946856 0.06955258850122784 -0.254108648586485 -0.9646715669834627 -0.09257263529503328 0.9611966741493325 -0.2598677756067398,105.73330318969975 -89.75611231409361 1085.63615567303,0.69
48,1133,14,0.0,0.9964838453218963 0.06911265219540554 0.04736440983485962 0.06350405961667847 -0.2542462651848741 -0.9650523669997106 -0.05465510428760506 0.964666925910731 -0.2577412299754376,103.58992035076187 -90.79121480443814 1088.7586247064721,0.69
48,1137,14,0.0,0.9954019893683018 0.08580202989705468 0.04257806039700911 0.06196939063560775 -0.23791033752646476 -0.969308240923544 -0.07303885394690876 0.9674898877836339 -0.24213352277314593,96.69206834722792 -86.99873231148725 1093.9195665425384,0.69
48,1540,14,0.0,0.9764587524887847 0.1931624518854374 0.0960029784415724 0.14484041957227134 -0.2573436555160151 -0.9554033157906576 -0.15984228960502078 0.9468170415382586 -0.27926319540276706,115.17289935982828 -74.05100964287813 1052.1053351857938,0.69
48,1542,14,0.0,0.9743933813511543 0.20183425824224424 0.09909828746687319 0.14974764213589817 -0.2537417707719051 -0.9556101492974407 -0.16772949070990154 0.9459799395152844 -0.2774685062864901,115.21333621146017 -72.2209042851663 1044.6510899353666,0.69
48,1543,14,0.0,0.9851752862150396 0.13803375836165407 0.10186430672061238 0.13608106361390357 -0.2672376988231071 -0.9539737713655647 -0.10445860211980261 0.953693186449545 -0.28205975707798153,111.96084577555662 -69.65963168206375 1048.193652119752,0.69
48,1568,14,0.0,0.9627622540085019 0.2483904811802761 0.10672867991078853 0.1649412891700011 -0.22688204834491915 -0.959853586369167 -0.21420367266554213 0.9417147683868213 -0.25940331844205194,105.690675046129 -49.90355820833388 1064.32774676808,0.69
48,1569,14,0.0,0.9690118577740165 0.2241410134373126 0.10381149063877318 0.15513204601047834 -0.22516858601704676 -0.9618904075681839 -0.1922240042085079 0.9481876997548421 -0.25296248385811926,106.35354217315037 -49.66727974039615 1066.4448768142652,0.69
48,1571,14,0.0,0.9761925825537716 0.18503610450675256 0.11317986479919437 0.1566544219711143 -0.24053798001540244 -0.957914856470556 -0.15002477743324213 0.9528395039035042 -0.26379811590879526,107.84519500482014 -47.92869480721691 1057.383655693823,0.69
48,1572,14,0.0,0.9782726074600255 0.17722409398818603 0.10758404158344864 0.14850420935813521 -0.23689954711700364 -0.9601172347055716 -0.14466929631500164 0.9552330736976317 -0.25807086162117776,109.99360831171171 -47.811463825596356 1061.2655572827953,0.69
48,1576,14,0.0,0.9737304993852507 0.19942690898215612 0.10989914713396293 0.1561977910597742 -0.23381827960888277 -0.9596516358495875 -0.16568392992380626 0.95160807063337 -0.2588260328298491,115.11568755942486 -38.51050658669385 1065.0874460981267,0.69
48,1577,14,0.0,0.9795528290227862 0.16772863924037415 0.11110066935904425 0.14899300727162954 -0.23369997810106996 -0.9608253764445001 -0.13519370894243343 0.957732438530789 -0.253911869057468,115.9189821672246 -37.85086768680841 1076.0259327396154,0.69
48,1579,14,0.0,0.9798222342687697 0.16645158651843941 0.11064474039939959 0.14860007249647347 -0.23646174990950458 -0.9602103203380902 -0.13366528227852917 0.9572772378863029 -0.25642519793922697,114.95286361980878 -37.38764809341898 1068.587159012227,0.69
48,1580,14,0.0,0.9740893556568888 0.2028559907734421 0.09999687096740421 0.14611193649334783 -0.22696427277537942 -0.9628803253248592 -0.17263032529109829 0.9525422121307108 -0.2507231638660881,114.88204722476473 -36.6380529965345 1075.84078050116,0.69
48,1583,14,0.0,0.9704049689461675 0.21753175149747983 0.10485291285904448 0.15514221192601718 -0.22886523196312827 -0.961015920615869 -0.1850542902050381 0.948841737429853 -0.25584031540749663,116.28294266154431 -34.66429425345479 1073.266591648285,0.69
48,1586,14,0.0,0.9691416105061289 0.2223735972958532 0.10636974199126731 0.15795774771808507 -0.22894453117889005 -0.9605382613821836 -0.18924557781205048 0.9476995224589806 -0.2570053042441015,119.0433459385207 -36.499949245606615 1077.8413410209528,0.69
48,1587,14,0.0,0.9666212152932393 0.23232599842276386 0.10801877893166187 0.1634272258157486 -0.23440043741272956 -0.9583047410938179 -0.19731945673751902 0.9439709028341854 -0.2645448290842658,118.83831555068845 -35.27060466883445 1074.9147041870467,0.69
48,1588,14,0.0,0.9715261411505418 0.21342766214193404 0.10288629691929735 0.15479490537727963 -0.24300479927080154 -0.9575944887062563 -0.17937528907398703 0.9462543529960566 -0.2691230296827785,118.28717566982573 -34.779733172491156 1084.6077673116638,0.69
48,1589,14,0.0,0.9756921365928872 0.192097120548334 0.10546824577969226 0.15091608113181804 -0.24002047616341116 -0.9589653317394242 -0.15889994036065988 0.9515717877802643 -0.2631766358437818,117.10631329822769 -32.967166790443095 1077.2331082174815,0.69
48,1597,14,0.0,0.9792174212590367 0.17092273076332376 0.10917262482514063 0.1472335675887702 -0.22888612922189994 -0.9622543408189432 -0.13948304010841464 0.9583300892480755 -0.24929484865093043,110.51974639075205 -16.844862976967548 1083.6740823767943,0.69
48,1605,14,0.0,0.9772514797037293 0.1842548720126701 0.10502231932530673 0.1479016252589308 -0.23717542651966902 -0.9601421385925004 -0.15200215348026794 0.9538332973820991 -0.2590316315482598,125.62717878354144 -33.74904603842586 1087.275868929869,0.69
48,1608,14,0.0,0.9856530533193386 0.13140428911090143 0.10592908611672276 0.1338597600691757 -0.22630390026835143 -0.9648150648479505 -0.10280867237975673 0.9651525566078094 -0.24064687689002148,125.92552204701101 -37.682499580174934 1091.3968010554045,0.69
48,1609,14,0.0,0.9825851915570486 0.15527068165535873 0.10206545326935257 0.1351342184191056 -0.22012460433067188 -0.9660661993779323 -0.12753463978486632 0.9630348768277011 -0.23727355872157144,124.08440548145211 -38.110653223690896 1085.2201754467367,0.69
48,1611,14,0.0,0.9847798750801124 0.14085506336597214 0.10182558009344413 0.13245543706047502 -0.22887862278461346 -0.9644014377972158 -0.11253512709512963 0.9632104791562365 -0.24405208053466054,120.49723417617254 -38.6924416596127 1079.842540966159,0.69
48,1619,14,0.0,0.9865583843092047 0.13195368327486712 0.09638869134606626 0.12488633828461172 -0.22843514101511408 -0.965515814919293 -0.10538480373883466 0.9645753531060187 -0.24184381596668192,114.35150710748994 -44.49599022371802 1077.528323606882,0.69
48,1622,14,0.0,0.9877759026828707 0.12619707353974205 0.09150445185369083 0.11772476227545035 -0.21916681890483866 -0.9685591287259246 -0.10217458796700962 0.9674917075206063 -0.231344222864184,115.2526466738184 -44.571238505503416 1078.9375654931803,0.69
48,1624,14,0.0,0.9881241323657967 0.11689552916217037 0.0997303078218333 0.1234317795639417 -0.21728659500478886 -0.9682722403461245 -0.09151663690291482 0.9690830567568091 -0.22913475135138056,117.74436447048195 -46.15248354859392 1086.1305094498377,0.69
48,1626,14,0.0,0.9875314344878251 0.12162449706173965 0.09994572333470374 0.12483447964116519 -0.21823378706991697 -0.9678793142090814 -0.09590630110236646 0.9682879199368342 -0.2306956556011864,118.61599041378831 -46.194134598011786 1084.1271746321938,0.69
48,1631,14,0.0,0.9859873624905057 0.13210972228708612 0.10186236933355282 0.1313714785304606 -0.23858296705047052 -0.9621952517353819 -0.10281272118632435 0.962094168525422 -0.2525952399623557,121.61866933048506 -47.94485627725031 1071.0668848167402,0.69
48,1639,14,0.0,0.9786495384166118 0.1838615700056005 0.0918694945671753 0.13140567595691793 -0.21600799071632334 -0.9675087060450682 -0.15804312475795354 0.9589241216184794 -0.23555657429791574,129.03430777327736 -43.14806583238401 1076.6434023266058,0.69
48,1641,14,0.0,0.9744605274321554 0.20474119345501057 0.09223732530415049 0.137048525929018 -0.216847082563575 -0.9665376579959777 -0.17788867872163486 0.9544937854623696 -0.2393684012069825,126.30823514661077 -41.62757687491457 1065.2316678399864,0.69
48,1643,14,0.0,0.982571006679801 0.15490378513971428 0.10275716121823922 0.1373844787145402 -0.23277463117175629 -0.9627779993805355 -0.12521869605045416 0.9601149870886517 -0.24999897945228083,124.83222697796334 -39.83303317349107 1073.1834324666652,0.69
48,1644,14,0.0,0.9820987838249005 0.1598797013638345 0.09960150551805352 0.1345401691345971 -0.2252987764797451 -0.9649556488284651 -0.1318367236352821 0.9610821725578625 -0.2427758964406749,122.72560190065137 -40.04464657740424 1068.61872284717,0.69
48,1645,14,0.0,0.9813866200518431 0.16678805784924344 0.09519477791400621 0.13231873291746948 -0.22800402182283114 -0.9646273471925464 -0.13918352956558805 0.95926842426481 -0.24582928081531238,121.430746896711 -40.041187022369726 1069.1206145945082,0.69
48,1648,14,0.0,0.9708313500499274 0.2209226526196228 0.09316475363432686 0.14148945398086016 -0.21419074815215147 -0.9664900712465802 -0.19356452198797536 0.9514806908001502 -0.2392013186879109,119.61060100782316 -42.086017037613054 1071.4979365736854,0.69
48,1649,14,0.0,0.9746979786068095 0.20307083027111272 0.09341353431275926 0.13669234947723108 -0.2108500332293664 -0.9679139760751313 -0.176858847938673 0.956192711423893 -0.2332733300778924,118.60442913041622 -43.93925801402372 1075.102012804343,0.69
48,1724,14,0.0,0.972924881096178 0.2241324132378136 0.05640777499761582 0.10677720424271556 -0.2194413236539407 -0.9697649891221666 -0.20497757047564277 0.9495315512447179 -0.23743215618930494,100.86141957878498 -68.86547291472033 1021.87969545817,0.69
48,1874,14,0.0,0.9774548898462654 0.20982988282412557 0.023523575188273402 0.07415707883167104 -0.23684717574445024 -0.9687126214729684 -0.1976933635071697 0.9486173283341872 -0.2470678012395197,60.18034038131341 -102.11779387781031 966.4821369405222,0.69
48,2040,14,0.0,0.9246552266130244 0.38059640250758764 0.012613100154179574 0.10886139934183708 -0.2324476330756874 -0.9664974359049525 -0.36491356186164703 0.8950499853504232 -0.25636617579870585,78.27585851443136 -101.63114010437455 859.0502157384819,0.69
48,2050,14,0.0,0.9183832543223116 0.3953598008390675 0.01621191107962322 0.11519862456302132 -0.22794998344984196 -0.9668340508815383 -0.37855181293866336 0.8897917918961209 -0.25489035288755346,78.19791175898405 -94.38337877905484 855.2416768737191,0.69
48,2051,14,0.0,0.9045391203475759 0.4262674035677674 0.01025087393485058 0.11619456333523201 -0.22329109676546868 -0.9678015858411315 -0.4102533402815495 0.8766054909483902 -0.2515054870712823,78.2992178515027 -94.11657840101071 848.3612560425797,0.69
48,2066,14,0.0,0.9196700368357928 0.3924691455286786 0.013228497814965184 0.11660437287126993 -0.24076075172833977 -0.9635547107738629 -0.3749805909293833 0.8876948970424432 -0.2671840679963101,75.8028346076127 -99.85198536245399 850.0697642665215,0.69
48,2069,14,0.0,0.9044125495078932 0.4262900171793934 0.01774152039213034 0.11488906483054903 -0.20327950155235347 -0.9723569031127348 -0.41089955351033647 0.8814500924623123 -0.23282459368199704,75.16309726830166 -101.07547464330607 845.0806664777791,0.69
48,2070,14,0.0,0.9240778533346534 0.38184665833486575 0.01653029022476077 0.11344952461243665 -0.23273631485241647 -0.9659001051424153 -0.364978528603575 0.894442249263424 -0.2583867960847771,74.62391750450347 -102.47373446190024 849.6709572459678,0.69
48,2083,14,0.0,0.9024354237823249 0.4306070290846889 0.01370738507786562 0.12663507818531056 -0.23471299705641713 -0.963780766557309 -0.4117934711427748 0.8714857402824512 -0.26634327776111133,76.85592603096438 -102.93848448349497 830.8499578452913,0.69
48,2090,14,0.0,0.8901552542788836 0.45535866322648455 0.01649579050198821 0.1266468643149031 -0.21247469444050635 -0.968924700883209 -0.4377033185148349 0.8645825536332564 -0.24680521249377718,69.62483724259218 -104.29107836574036 820.802173479065,0.69
48,2104,14,0.0,0.90542140834443 0.42433847260664115 0.012203850927163723 0.12907435209392662 -0.24779473468640117 -0.9601758073880166 -0.40441548553823037 0.8709389359349823 -0.2791298710803243,72.49443156698436 -107.90830094506826 814.8868682998336,0.69
48,2133,14,0.0,0.8670572080794782 0.49816812716343495 0.006349409098173747 0.1400893272925069 -0.23155434841077432 -0.9626824835379495 -0.47810749659062357 0.835590270892701 -0.2705589046646024,77.79261541568674 -104.83171401974933 792.7041630585504,0.69
48,2144,14,0.0,0.8711311016396276 0.49089016734035273 0.012547803181812256 0.14497782917044696 -0.23269499540335092 -0.9616831433290588 -0.46916098815348417 0.83957124934266 -0.2738760385138709,75.14546852398331 -102.31240749249916 787.3399263167171,0.69
48,2160,14,0.0,0.8504108255900054 0.5260505035268835 0.008502673605281313 0.15589438885527604 -0.236516980250771 -0.9590394452661978 -0.5024921563992474 0.8169030455275391 -0.2831449221954469,79.35646229776503 -106.88013037299102 778.3707342019746,0.69
55,22,14,0.0,0.40014402850021036 0.9159112916022154 -0.03148431944929114 0.5011050477199723 -0.24742886303108352 -0.8292603263684508 -0.7673190259632479 0.31604661626840297 -0.557974953506074,-101.99236589781728 63.28376537358639 968.2553834144002,0.69
55,42,14,0.0,0.39851299842507004 0.916549251169918 -0.03353893656814788 0.49835919981396376 -0.2470940990647555 -0.8310130048128985 -0.7699516205886222 0.31445504668750207 -0.5552409617145652,-77.50482925620011 70.27419310412209 969.1602010164439,0.69
55,49,14,0.0,0.39988018700509087 0.9155737639313188 -0.04266753849721072 0.4961283432490251 -0.25535844496111815 -0.8298486196963979 -0.7706831405096071 0.31067144604497704 -0.5563548773459006,-71.6565520310641 60.901154432702484 972.0180496736275,0.69
55,62,14,0.0,0.3901952176037189 0.9207086093664922 -0.006583980377148135 0.518286877447556 -0.22554842025507627 -0.824928253114234 -0.7610035511249922 0.3184706686005162 -0.5651991051092453,-77.57524709473499 38.81933427587668 973.4715381433474,0.69
55,89,14,0.0,0.4282686861811711 0.9036483921283606 -0.0023485826540224353 0.49506829560862864 -0.2368018091932817 -0.8359618925800125 -0.755971768732022 0.3568535926211441 -0.548782469028996,-104.41507725192663 51.87022934698833 963.347024285455,0.69
55,100,14,0.0,0.4485142417967607 0.8937069121537355 0.011087383555730856 0.4812308471958906 -0.23101907767858365 -0.845604551463426 -0.7531612354686095 0.38460127524121857 -0.5336946809461626,-110.91563788242166 57.08273790021331 957.1314812375721,0.69
55,128,14,0.0,0.5275898864682685 0.8494676400093939 0.00732395202539271 0.4578160927486265 -0.27705829509825164 -0.8447740090329668 -0.7155790221329721 0.44904724661679063 -0.5350731103214762,-174.18914462590445 53.666728938774234 936.3786477205017,0.69
55,205,14,0.0,0.5075974872829674 0.8615465359863067 0.009075088650485286 0.4353808671395313 -0.24739576690894005 -0.86558583343558 -0.7434973378787906 0.44332031404564953 -0.500678347566198,-145.0757142002827 49.85802328159627 923.2165098576917,0.69
55,360,14,0.0,0.5113254416624808 0.8587670585411958 0.03264095392557531 0.44672069955570193 -0.23315489696045216 -0.8637588845342348 -0.7341572783110807 0.4562432828961576 -0.5028470518109887,-89.22639485528813 52.24521925911397 987.3880593730233,0.69
55,454,14,0.0,0.5656107599135645 0.8235111350471118 0.04374789964578446 0.4014325405169825 -0.22859981382536815 -0.8869013702397173 -0.7203723923666712 0.5192027884867574 -0.45988268149985184,-55.266650990641836 82.79303719682353 1017.3185447334964,0.69
55,512,14,0.0,0.6235147672814616 0.7792612419481648 0.06309716142069055 0.38694243599339906 -0.2374614678113935 -0.8910037051170735 -0.6793415092642575 0.5799689371873827 -0.4495899750753997,-71.21473056252155 73.56745614826467 1036.015885599732,0.69
55,513,14,0.0,0.6220823925565366 0.781667517955006 0.044826200432285135 0.3746526712920121 -0.2469137070796371 -0.8936828280491635 -0.6874946347171698 0.5727386075953425 -0.4464544933191443,-68.89795627063953 72.60543787028693 1027.1469838727241,0.69
55,526,14,0.0,0.6090173177255219 0.7911764412412063 0.056015582968579725 0.38583234261447236 -0.23381325832075434 -0.8924487456577326 -0.6929872366090433 0.5651293648876616 -0.44765778317664673,-67.29339774185428 68.7560256589084 1018.5216191831532,0.69
55,530,14,0.0,0.6213193528877148 0.7809201958490654 0.0642332425014483 0.3869343252515155 -0.2345017761486332 -0.8917907517603506 -0.6813545990667025 0.5789408991410042 -0.4478653208638276,-73.73211083161137 66.35609810240965 1019.128464033038,0.69
55,546,14,0.0,0.6473305391331529 0.7596014496463857 0.06299849840028465 0.37643534762309566 -0.2467366946799388 -0.8929823248857155 -0.6627666272267037 0.6017695914496909 -0.44566103334374163,-93.85109173356955 60.063134735072175 1023.4586973416095,0.69
55,562,14,0.0,0.64720571548198 0.7580032702606476 0.08096792032417471 0.3834274677659355 -0.23188851908192243 -0.8939860690640518 -0.6588688327808965 0.6096382181196947 -0.44071884937881056,-83.36563212468192 64.4317977817149 1014.603916973712,0.69
55,563,14,0.0,0.6389328648743665 0.7664336450790851 0.06591101481711192 0.3715194741492892 -0.23241538140170348 -0.8988639334269322 -0.6736008272792353 0.5988009336822111 -0.43324285026996356,-80.5630134943335 63.17120130901052 1017.9202445944793,0.69
55,588,14,0.0,0.6545903244162106 0.751203044125353 0.08488517937475043 0.37724375840447166 -0.22727647670721857 -0.8977931553985149 -0.6551325468373168 0.6197091169511356 -0.43215964231067977,-104.23691498531068 72.2335088013072 1007.4083883431313,0.69
55,598,14,0.0,0.664735990840809 0.7422896320497833 0.08445214403604995 0.36883002093538264 -0.22776802766418675 -0.9011582220846523 -0.6496849068107504 0.6301807897146372 -0.4251843060802488,-96.53669194599908 67.97481617052485 1010.2852458079476,0.69
55,603,14,0.0,0.6509403422719282 0.752896294149952 0.09707647015715792 0.3832728918319559 -0.21556858699969317 -0.8981269813816559 -0.6552698384556354 0.6218338641102015 -0.4288870297130713,-97.10272808851039 66.7836268825065 1009.3584764346306,0.69
55,610,14,0.0,0.6749696937666284 0.7324990656387335 0.08866245730277938 0.37515203242815487 -0.23722390871406096 -0.8960947325475404 -0.6353556996373051 0.6380986882707138 -0.4349174622449474,-93.2273244707031 68.28570021099723 1023.23314193443,0.69
55,612,14,0.0,0.6840792227574681 0.7236564543376593 0.09141637209485959 0.36512097893032536 -0.23123359842640034 -0.9017858358300707 -0.6314446038541304 0.6502709889378623 -0.42240425330395887,-90.65123737444429 67.41794326407936 1015.4532900146874,0.69
55,618,14,0.0,0.6656605573714507 0.7416272163393591 0.08297646862010793 0.361449908531623 -0.22313710122378544 -0.9052976293351971 -0.6528782321248057 0.632612761523335 -0.41659465668129814,-90.83770102933184 77.17808121362837 1010.4454599872461,0.69
55,621,14,0.0,0.669775881694443 0.7384578549669151 0.07797605233721011 0.35294593537947894 -0.22420019228866062 -0.9083850727950304 -0.6533218464122699 0.6359357437787174 -0.4107995798258224,-94.185130429624 81.2557544301954 1009.0312706488622,0.69
55,622,14,0.0,0.6847002458136804 0.7239268668931007 0.08435321436095228 0.35758224240525577 -0.2328248353934977 -0.9043934630128746 -0.6350752028690103 0.6494016379824813 -0.41827861442650355,-94.6552319436047 82.40530837791223 1019.1784924375413,0.69
55,638,14,0.0,0.6893024597729707 0.7190237652820778 0.08869579420984885 0.3528379501152724 -0.2262562735381628 -0.9079171105574982 -0.6327459995206488 0.6571247397901007 -0.40965787731521486,-106.51958471469864 81.20988783792855 1005.6865106441129,0.69
55,641,14,0.0,0.6991497202258123 0.7089689134492856 0.09248107087781593 0.357140608632086 -0.2342462194984701 -0.904200914795256 -0.6193869988739442 0.6652005625472771 -0.41697476807681616,-110.7050760360717 80.09998643891606 1010.7807730479585,0.69
55,649,14,0.0,0.7001752373153052 0.7075691565191224 0.09539667600746676 0.3570944005384278 -0.23135281916863276 -0.9049637905280117 -0.6182541760106088 0.6676988556269536 -0.41465649885163924,-108.35151156839521 83.37452795457745 1014.6173781199137,0.69
55,654,14,0.0,0.6963700031888036 0.7116164807641547 0.09311714645362312 0.3422318972737639 -0.2152166679503288 -0.9146360556662732 -0.6308297291244491 0.6687927707004597 -0.3934082900900496,-104.47503691044619 86.38660586727134 1003.9571280514949,0.69
55,663,14,0.0,0.6867203971315037 0.7199020067072313 0.10077795841577353 0.35677147033648016 -0.21299567063012265 -0.9095861488868278 -0.6333476250192275 0.6605860617903816 -0.40310896895353027,-96.5014480743676 83.26946254442932 1012.5316000157956,0.69
55,793,14,0.0,0.679514434715971 0.7298849909568859 0.07435074302588823 0.33683943668692123 -0.22034339593773367 -0.9154168349768673 -0.6517663131100537 0.6470832155468832 -0.39558056733418234,-19.133917951136436 87.46128006885654 1000.2223569003064,0.69
55,920,14,0.0,0.6714089415058103 0.7367630279384577 0.07993918894386687 0.3594837054003287 -0.22945715724875376 -0.904500347450995 -0.6480597957115513 0.6360264567219482 -0.41891389035460047,-29.295484867373943 71.67931288589173 897.0160624746317,0.69
55,1025,14,0.0,0.7761579795836715 0.6255178979483564 0.07941127171165696 0.31130388460811287 -0.27062425542808105 -0.9109623503756319 -0.5483326382374952 0.7317717347098522 -0.4047733268426193,-52.00661138455592 63.6238263002127 914.1783370456167,0.69
55,1038,14,0.0,0.7709300767191447 0.6328188268616224 0.07216057912248897 0.3103061534259796 -0.2742367719316432 -0.9102221069972339 -0.5562166016542346 0.72410947051533 -0.4077849516034435,-39.961676507421814 60.222029499436395 912.1017674911093,0.69
55,1040,14,0.0,0.7588471389460616 0.6475890539137512 0.06913347209904602 0.31558593490189196 -0.27278100792101845 -0.9088432424844739 -0.569698637356169 0.7114906457351959 -0.41136908443129067,-37.05429913394436 60.19591449005445 912.6182232137297,0.69
55,1041,14,0.0,0.7648540913118917 0.6404214047197979 0.06970396961566322 0.3080746917805035 -0.2685986071578497 -0.9126580808370739 -0.5657633810064135 0.7195242960523183 -0.40273637047404576,-35.80975310848324 60.43188530262411 910.5130021003116,0.69
55,1042,14,0.0,0.7568793945825598 0.6487934647690986 0.07874402916568665 0.3270471560282261 -0.27167804001370055 -0.9051139156527003 -0.5658389698405255 0.7108150833003072 -0.4178135679493788,-36.14265524121021 61.20692758376408 920.154098085459,0.69
55,1044,14,0.0,0.7557883102083665 0.6506594840458385 0.07366319280064254 0.31644853170800136 -0.2644401609325918 -0.9110058880522094 -0.5732751145237611 0.7118382099235387 -0.40576102075066356,-34.292448398874214 61.30668076926694 908.3859753385398,0.69
55,1046,14,0.0,0.7733421329151666 0.6298029700029729 0.07273351657698837 0.3159090937436222 -0.2833361381822097 -0.9054954871726723 -0.5496757134423023 0.7232349907017955 -0.4180762589244573,-35.044884568762036 63.6633823251711 916.4869956343891,0.69
55,1048,14,0.0,0.7739043019213623 0.6281196922547397 0.08085656231512639 0.3192997043646245 -0.2767359684121528 -0.906347010024114 -0.546918485937596 0.7272433265343856 -0.4147255884930766,-34.315683007971174 64.52262665056054 920.80113514789,0.69
55,1049,14,0.0,0.772775825396296 0.6307408857968309 0.07059361633535347 0.3113284618911336 -0.2797905883360032 -0.9081804972003606 -0.5530751418203271 0.7237977353258453 -0.4125829926664485,-33.43256143116822 64.99849224822614 918.1581676306689,0.69
55,1053,14,0.0,0.7692243825634025 0.6344796192303096 0.07569321007404464 0.3152749237800442 -0.27383008300048106 -0.9086356850132163 -0.5557837454491086 0.722808894816127 -0.41067229011615763,-33.97394572952213 65.3099349592223 917.6484017508066,0.69
55,1055,14,0.0,0.7945007370341111 0.6021149948810457 0.07890571456904788 0.30799893081835883 -0.2875644036216713 -0.9068866370084301 -0.5233595680476297 0.7448249772323097 -0.4139209052752563,-33.483037960397006 64.52794502765373 923.0924906615102,0.69
55,1064,14,0.0,0.7716083963014768 0.6318633128953361 0.07327507471162012 0.3184981592312107 -0.28406269448543975 -0.9043601650714177 -0.5506172947913943 0.721149873062876 -0.42043246218388564,-29.181645717992158 60.93804549166527 909.0894358387991,0.69
55,1068,14,0.0,0.7816618404260831 0.6185661402005024 0.07987926776805326 0.30978422840195274 -0.27388498218501395 -0.9105057651475477 -0.5413303049480185 0.7364529494346308 -0.4057074736973899,-28.926422101031374 60.363716664430285 907.2577713859154,0.69
55,1088,14,0.0,0.7954478675387344 0.6010154935772549 0.07773716297993355 0.31106815564606966 -0.2948397152018559 -0.9034966214007893 -0.5200954648629736 0.7428660167350349 -0.421486403824833,-29.599035109605882 59.74911358792577 918.01044090684,0.69
55,1100,14,0.0,0.7939397630357976 0.6035415076660904 0.07346632694509653 0.31141273310526507 -0.29989220148530965 -0.9017132455211042 -0.5221893931616863 0.7387843501404431 -0.4260468538283,-31.892829497212386 55.2437013262552 910.3541659638487,0.69
55,1103,14,0.0,0.7835430070275007 0.6182082153928227 0.06228128578572539 0.30878503769016097 -0.3004519071767526 -0.9024303031107377 -0.5391772961067516 0.7263244825108632 -0.4263104379068602,-31.19870155771319 54.73743820168483 906.8525667056991,0.69
55,1115,14,0.0,0.7891766891815681 0.6105508242931854 0.06654204841550052 0.3069550921025458 -0.2982591432520649 -0.9037809772831369 -0.5319574463100752 0.7336682999976598 -0.4227908476939955,-32.126599455892766 51.547816516721326 919.5396082112699,0.69
55,1120,14,0.0,0.805468022571409 0.5895043666822806 0.060875826708370606 0.29692640201817944 -0.3125267933115706 -0.9023091018309221 -0.5128898287151371 0.7448567681943356 -0.4267697487822294,-32.88176642830845 52.0675833167574 912.8789830696579,0.69
55,1132,14,0.0,0.8097516185065264 0.5823593518904739 0.07183245500307656 0.29843803612022923 -0.3033464644060412 -0.9049395897677676 -0.505209911742399 0.7542138342658943 -0.41943347181546653,-34.34250991155982 53.149676716902185 910.7740307147943,0.69
55,1136,14,0.0,0.8276156523221563 0.5569191133597398 0.06995307860254502 0.29467712858297174 -0.32503495266323484 -0.8986198692646985 -0.4777213852461151 0.7643254416292908 -0.43311533955370674,-34.45856483784246 50.96905164202965 918.9486842898176,0.69
55,1147,14,0.0,0.8302558540833067 0.5511593215410426 0.08305792580371857 0.2984634233714526 -0.31376582036735756 -0.9013715076918019 -0.4707385704080254 0.7731587238385249 -0.4250068071014767,-38.236884968364386 46.858489185385494 912.311320715628,0.69
55,1151,14,0.0,0.8121195308385765 0.5786466928271556 0.07503247637340507 0.30433668002265357 -0.3103523058858604 -0.9005890469154719 -0.49783637153518545 0.7542210890127142 -0.42814658245180015,-37.80779161382148 46.16504215833607 899.0293397994466,0.69
55,1161,14,0.0,0.8231230030668033 0.5624054424026281 0.07854069122557147 0.3043277887113573 -0.3201160584802254 -0.8971679364094216 -0.47942999368035144 0.76238168095711 -0.43465049603177625,-40.785441409754235 47.70765293933478 911.7864014925302,0.69
55,1164,14,0.0,0.8301591783598701 0.5505779340486172 0.08774780409572641 0.3092384997150746 -0.3237601388308943 -0.8941761139720574 -0.4639043962702178 0.7694435073759194 -0.4390323451389523,-40.12450770654933 49.8702837429608 907.3209064664054,0.69
55,1176,14,0.0,0.840128508755658 0.5373332165832023 0.07387220811877618 0.2957441924994666 -0.33965279845132157 -0.8928445268393733 -0.45466411929998707 0.7719514174224537 -0.44426517729913506,-40.032431537143246 48.6199262908672 914.1886423104636,0.69
55,1177,14,0.0,0.837571344803593 0.5420357287708643 0.06834845352850685 0.29049859875506323 -0.33590889319219375 -0.8959775552968613 -0.46269299377151274 0.7703002558809348 -0.43880828308558795,-39.552476895164084 49.075517942490954 906.5122908805288,0.69
55,1189,14,0.0,0.8540476134221802 0.5143300127409848 0.07789295219553541 0.28754216804811045 -0.3419768561061039 -0.8946347475265964 -0.43349991418922995 0.7864581793596169 -0.4399560847587936,-43.15848325719806 48.390920842950166 918.340127829838,0.69
55,1347,14,0.0,0.9156139667374574 0.38443353421094584 0.11773666246917591 0.26510337773340076 -0.3570987681117954 -0.8956565574635069 -0.302276798695568 0.8512880403172125 -0.42887924802121097,-33.2301499283096 46.84623093092863 895.5228057824005,0.69
55,1520,14,0.0,0.9529223552564543 0.28983639656324567 0.08907215097730824 0.1988324950712462 -0.37552529520509975 -0.9052327830811615 -0.22892056210885525 0.8803269937292366 -0.41547534265634833,-4.533765783830159 41.23787771140924 890.0913577862118,0.69
55,1543,14,0.0,0.9701235892523861 0.22914038280113652 0.07971766771435468 0.16167070712702192 -0.36557836200791755 -0.9166324474338974 -0.18089445550684063 0.9021347716396684 -0.39170148042294534,-27.13626414430701 56.34358490474133 871.8407526721038,0.69
55,1563,14,0.0,0.9819425700870608 0.1703556600851034 0.08226626360657639 0.14309932039476697 -0.3844226978190468 -0.9119987795518597 -0.12373913509223279 0.9073026719229337 -0.4018587910798165,-22.446651750075734 51.56084919026948 876.7062739413682,0.69
55,1567,14,0.0,0.9782089777066232 0.18488257187372745 0.09447555531204582 0.15892047367203924 -0.3739177432295783 -0.9137449339645904 -0.13360942699532133 0.9088475977387271 -0.395151319246851,-22.291167115301946 53.9422886016213 878.5261326439938,0.69
55,1585,14,0.0,0.969663281116131 0.22720746610442832 0.0901658948910555 0.17109005512480507 -0.36737308147689424 -0.91420195364239 -0.1745889867445566 0.9018945538989447 -0.3951011254792028,-14.040153489826006 48.195457362000724 876.8577721692748,0.69
55,1592,14,0.0,0.9683332242124253 0.22468538785443765 0.10884504293292593 0.1853546607292607 -0.3549248361198205 -0.9163361885526837 -0.16725554290459324 0.907493711928639 -0.38533199474955393,-8.700194029083614 42.47589650951217 875.2286726185281,0.69
55,1603,14,0.0,0.9651440303474625 0.24232192498761027 0.09887914519733138 0.18395677757924864 -0.359363058237779 -0.9148869309136782 -0.18616365023095888 0.9011871487345398 -0.3914138708431212,6.2171140374355724 38.592790090000356 900.3979741922599,0.69
55,1604,14,0.0,0.9616831797634113 0.2518597481200259 0.10831495297072476 0.19615020983290446 -0.35604000783839135 -0.9136523452610109 -0.1915477928419974 0.8998900933421564 -0.39180002930321983,6.726589316970893 37.35006933957904 896.7738970979323,0.69
55,1609,14,0.0,0.9641340354225749 0.2444823624675701 0.10331474329473651 0.1858686027848802 -0.34405103701586226 -0.9203704397834094 -0.18946879489398266 0.9065634331752994 -0.37715290982681876,15.79879376774234 36.56875503326332 893.0984699205359,0.69
55,1612,14,0.0,0.9555115396742777 0.28058399203793216 0.09094130503433948 0.18836242727443553 -0.3432144805048648 -0.9201757529749731 -0.22697421338243282 0.8963684754518274 -0.38079687850032656,18.06301835742617 39.27844932511383 902.6341830112142,0.69
55,1625,14,0.0,0.9508851207480455 0.29342272269616826 0.0985930674314484 0.1969347676376758 -0.32771884446401084 -0.92402221633393 -0.238818308417653 0.8980553795778639 -0.36940810870335505,9.483632219578585 44.390291947348075 880.4714047853072,0.69
55,1632,14,0.0,0.9579302751391263 0.2723983739099734 0.0903809374983491 0.18374692275287036 -0.3401797186654494 -0.9222336078172094 -0.22046917324362805 0.9000427128197296 -0.3759208144667878,13.619485898747076 44.94057899753502 893.1662284404521,0.69
55,1643,14,0.0,0.9521283599591885 0.29013794980905666 0.09628892066080895 0.19444650235778663 -0.33174795299489895 -0.9231109648382028 -0.2358858704591047 0.8976431728500427 -0.37228294394648115,13.075979315699197 47.44315449812789 902.3521528110368,0.69
55,1666,14,0.0,0.9433582604232258 0.31469451001726456 0.10508357557800896 0.20450435475207585 -0.3021365029080181 -0.9310700846327039 -0.26125306003701176 0.8998227041898349 -0.3493793635087662,21.6526147800412 55.947251606501645 888.9035758423713,0.69
55,1717,14,0.0,0.9495741095830766 0.2907517056137493 0.11735610803108004 0.20128078762220505 -0.27829144382385435 -0.9391698019147652 -0.2404060210221276 0.9154328582573001 -0.3227810822820603,23.07193098496855 62.5262655481256 892.4359733931377,0.69
