scene_id,im_id,obj_id,score,R,t,time
55,22,16,0.0,0.6401067845751238 -0.04533648398666339 -0.7669471347887175 -0.2759131461601061 0.9180966689534311 -0.28455305697294114 0.7170322448237095 0.39375513923800537 0.5751709747603151,40.94243012561701 27.213370773675898 1101.1630166603998,0.69
55,42,16,0.0,0.6791219022794616 -0.008501926497384543 -0.7339762660264694 -0.27868444603001685 0.9220751645234447 -0.26853746574734216 0.6790643720482382 0.38691744366840763 0.6238320850996977,67.52398189950232 36.30364548404036 1092.4779210703152,0.69
55,49,16,0.0,0.670160684681983 -0.016154365969983292 -0.7420402234156069 -0.2693477080830866 0.9263154226750819 -0.2634227588206319 0.6916187308459512 0.37640240989450674 0.616429036441863,74.05319776223277 27.666259800293545 1077.5209383514143,0.69
55,62,16,0.0,0.6859584401237981 -0.029068198077769822 -0.7270598725575751 -0.2685991142106784 0.9185176257905956 -0.290137703439671 0.6762510881826104 0.39431004421967125 0.6222572255581419,68.33773781050033 6.633266266789187 1069.1425640796222,0.69
55,89,16,0.0,0.6161285794350169 -0.028939748198787113 -0.7871137558050799 -0.28893115563761795 0.9213560650403461 -0.2600418979996884 0.7327375798369419 0.3876409322911611 0.5593122086162082,32.16049303363441 19.890593491968055 1113.32329520834,0.69
55,100,16,0.0,0.6152319773222376 -0.030891071997699387 -0.7877406652896641 -0.2927192044249747 0.9188452945631769 -0.2646484309795137 0.7319870773729407 0.3934069983235447 0.556260597408336,21.66351705141995 26.279385261425013 1115.7481502491814,0.69
55,128,16,0.0,0.4938750645410858 -0.019922758201587315 -0.8693046096335734 -0.34262755667227107 0.9143947938179794 -0.21561196267221483 0.7991831942885986 0.40433308638326393 0.44477070184810513,-55.09758755267149 11.99240438264945 1123.11627485904,0.69
55,205,16,0.0,0.5363833099197677 -0.06613203042492402 -0.8413795216139928 -0.26674690983182414 0.9325380118633503 -0.24334942474787677 0.800711577869764 0.35496395729964864 0.4825573106725108,-21.873429333015565 15.740390908082793 1115.1843992869663,0.69
55,360,16,0.0,0.46637198218718884 -0.015253578113353566 -0.8844571796223558 -0.28157385122813305 0.945285724010828 -0.16477580613027398 0.8385781660258925 0.3258868336341072 0.4365597681057957,37.312118701744474 23.251712050444244 1132.6651916789372,0.69
55,454,16,0.0,0.5245417895654101 0.053494093163468454 -0.8497024732199707 -0.3258468467891237 0.9346504217081849 -0.14231100322286105 0.786561976856943 0.3515209399130157 0.5076940864000364,68.0454858968356 46.74721729479336 1027.3586533392506,0.69
55,512,16,0.0,0.34785835914234264 0.01255163255003787 -0.937463075803589 -0.2615358527405232 0.9615164836984134 -0.08417273494146377 0.9003296950040492 0.27446039440430636 0.337754248229905,45.71067645624104 38.48965733198959 1054.137619970253,0.69
55,513,16,0.0,0.4288399883898894 0.057469605465658075 -0.9015506135572097 -0.4240326252429696 0.8940107655100069 -0.14471034476417616 0.7976795077519009 0.44434445602463973 0.4077565539790282,48.802700529678084 27.921838449180058 990.7896326977308,0.69
55,526,16,0.0,0.4465428845896523 0.0691092983155413 -0.8920893212614339 -0.42388371632179317 0.8943737355525656 -0.14289232376504515 0.7879860704730622 0.44194968722704453 0.4286705339772487,48.38596176119989 24.24638704323406 964.8089465081742,0.69
55,530,16,0.0,0.36124274656659205 0.006346334322496164 -0.9324502142708166 -0.2527088395059312 0.9632206445521483 -0.09134676975191543 0.897575579262599 0.268636769540603 0.3495602459694158,40.36631416491788 33.24694174922438 1044.9339586899735,0.69
55,546,16,0.0,0.19808300231632703 -0.07866350289409464 -0.9770236320098818 -0.16185711613074105 0.9804656682425208 -0.11175574864671356 0.9667292269044058 0.18027514168675163 0.18148133551038198,12.85271667429247 31.34205613937993 1062.6606232115528,0.69
55,562,16,0.0,0.37766786059903246 0.05156261190089148 -0.9245043451085062 -0.44620215033798405 0.8850065162947045 -0.13291767056968032 0.8113387875014413 0.4627145590640833 0.3572458659324445,30.601606100607 19.50549042202129 957.457033368838,0.69
55,563,16,0.0,0.17371737947018037 -0.09354383834319878 -0.9803427065970526 -0.11996313959822873 0.9860547885803941 -0.11534643061408496 0.977461568148717 0.13764266862312546 0.16007304134848951,24.448846392401336 35.714013364007066 1030.8341427278874,0.69
55,588,16,0.0,0.2994450236393581 0.0017809121564839187 -0.9541118939461529 -0.21856795577711358 0.9735340364310558 -0.06677970213821585 0.9287414745369337 0.2285351357278482 0.29190917288227863,5.452246659770811 40.26200732046291 1024.624711966835,0.69
55,598,16,0.0,0.38231501654174427 0.053369690696973865 -0.9224895144344974 -0.44353960437208395 0.8864007543914058 -0.132538001976043 0.8106218893418441 0.4598319026875535 0.36255589057496124,15.918035174660744 23.342269182588147 967.5250277504148,0.69
55,603,16,0.0,-0.33568351928648765 0.13386165497257774 -0.9324149463663914 0.7108108099929429 0.6855263127020885 -0.15748545009064885 0.6181137171076326 -0.7156358933990666 -0.32527019660938034,-16.16865396020151 74.25344520712487 946.5767027822831,0.69
55,610,16,0.0,0.27611001038186095 0.06493087382529371 -0.9589302601290733 -0.2747818196362074 0.9614043698948278 -0.014021025088897604 0.9210093451015268 0.2673679471653484 0.2832951942131106,16.116058184441897 34.65743949348782 1025.0230578805015,0.69
55,612,16,0.0,-0.29570742933621685 0.0919240474573974 -0.9508454583865964 0.7365479098578158 0.6557841036027727 -0.1656634719725248 0.6083208797332618 -0.7493311544043519 -0.2616266964963478,-8.78126074601639 73.72378954414724 922.3440289265122,0.69
55,618,16,0.0,-0.3031322206320545 0.122136009353503 -0.9450892296676967 0.7145167047888723 0.6853429868170857 -0.1406089221859237 0.6305368628338321 -0.7179051369365153 -0.295017760427796,-10.064559289614143 81.43022360648231 926.2769636435027,0.69
55,621,16,0.0,0.33800516928117175 0.027739679224705743 -0.9407353590334089 -0.4200196560820204 0.8989476372157506 -0.12440512067017417 0.8422208701070923 0.43717691583697527 0.31550015881980564,14.951041884874655 35.455217376156554 954.040319758615,0.69
55,622,16,0.0,-0.1976303361155195 0.02898002342866851 -0.9798481558328007 0.6637832098453798 0.7394900290740676 -0.1120104782036 0.7213418749623728 -0.6725434224956098 -0.16538211597285915,-7.027503334866165 84.99379979574776 959.3188335866562,0.69
55,638,16,0.0,0.29077953012768665 0.008111823475997176 -0.956755696705599 -0.5012886259321945 0.8530238835124955 -0.14512052807329964 0.8149582678700391 0.5218088275193848 0.252108248879545,1.8624925772957936 30.645516281570835 931.1206242076892,0.69
55,641,16,0.0,0.30001762663379794 0.00816045956974401 -0.9538987528079874 -0.41186365611300957 0.9030670031622751 -0.12181262895419451 0.860440440984876 0.4294221637259985 0.2742970156939994,-2.226481073139363 35.569640262141306 975.2017199528286,0.69
55,649,16,0.0,0.31394969968343084 -0.0006003715041695556 -0.9494394270424735 -0.4018208637063888 0.9059432260786014 -0.13344236438458207 0.8602183324941031 0.42339876083469213 0.2841793619612653,-4.033276760034326 40.2420919350674 994.3834114137159,0.69
55,654,16,0.0,0.3316665970380459 0.023143782875503033 -0.9431127364866908 -0.44326613855777164 0.8862973364902098 -0.13413486399308125 0.832773918189856 0.462537994811855 0.30421407682443546,2.6742723190104796 38.69972205517653 935.9652816515782,0.69
55,663,16,0.0,0.32050494856215744 -0.007418420623478306 -0.9472177917367379 -0.40209893333012664 0.9043383103360869 -0.1431386330563693 0.8576671998869627 0.4267519039136495 0.2868619646173611,7.96798747070261 39.76508909313161 970.9618168806937,0.69
55,793,16,0.0,0.31613636772162484 -0.05605494352411239 -0.9470563026083962 -0.3105547617676901 0.9371403633597153 -0.1591341550561483 0.8964449436229707 0.3444209381970405 0.278856020885832,62.405605588253906 49.11694069522856 1018.8111562690145,0.69
55,920,16,0.0,0.43179089578937907 -0.038586724914110165 -0.9011479828384508 -0.31203609473895666 0.9310042782513026 -0.18937927409785976 0.8462801533141768 0.36296294375345567 0.3899587203389089,57.739301290451316 32.86179338812916 935.4738040261727,0.69
55,1025,16,0.0,0.2558030252698778 -0.11224940507303334 -0.9601900245907204 -0.10533749337949998 0.9840857503255832 -0.14310572488428883 0.9609728532853059 0.13775088771722685 0.23990804109452835,9.859052051348327 35.8249238789291 1058.7567745022623,0.69
55,1038,16,0.0,0.2612646074550744 -0.09711755018960297 -0.9603691927256497 -0.1283672465625684 0.9825929594279721 -0.13428673088777052 0.9566936055505393 0.1583643189855268 0.24425005132232755,22.249308240288745 31.585568430371165 1055.1448376591416,0.69
55,1040,16,0.0,0.28393521945124367 -0.10834097684400774 -0.9527030092802585 -0.10739730368851512 0.9837502411147447 -0.1438794018166543 0.952809850030745 0.14317016394195956 0.26768581180410267,24.866700017428926 31.547074813941805 1058.9142031410877,0.69
55,1041,16,0.0,0.2822000861409938 -0.10728688707561598 -0.9533376291973581 -0.13136819098559374 0.9800448892407825 -0.1491791321539137 0.9503186359212303 0.16733660369042486 0.2624746678941902,26.551039524502247 31.383430894491866 1054.3783787999118,0.69
55,1042,16,0.0,0.27110445735347366 -0.11084119198663132 -0.9561467478175415 -0.13352854820216528 0.9794123478570886 -0.15139874398451025 0.9532431484244198 0.1687177614362163 0.25072258964411526,26.526694588523018 31.81558007113546 1075.711424851351,0.69
55,1044,16,0.0,0.25664825935267727 -0.11898015802591566 -0.9591534772742937 -0.07831266826322236 0.9865707962915841 -0.14333593371546488 0.9633269418845999 0.11190078597006275 0.24388402395103054,26.028604859018447 33.821486801757004 1045.7710438926047,0.69
55,1046,16,0.0,0.2591286050118787 -0.09360645920662923 -0.9612961025924297 -0.1150765163125649 0.9852105025399436 -0.12695535072755082 0.9589628571837189 0.14352036956400688 0.24452431793637447,27.587704689619777 35.10982531828258 1038.1434005180165,0.69
55,1048,16,0.0,0.22239427553792296 -0.11662412555989933 -0.9679564037421063 -0.08029027337554227 0.987256609526046 -0.13739672102498465 0.9716451297717924 0.10827372850569805 0.21019643552218314,25.614095919272852 37.89600538390387 1065.8185518881307,0.69
55,1049,16,0.0,0.23748631421157199 -0.10157611904819011 -0.9660654960204874 -0.09454103826915236 0.9873794858399365 -0.12705803014942912 0.9667793143448992 0.12150737830095128 0.22488600306207662,28.436419248594405 38.083531812486115 1048.470145232531,0.69
55,1053,16,0.0,0.24951176542472947 -0.11668247729278422 -0.9613163258820968 -0.09126431312082492 0.9854621357599956 -0.14330109606675118 0.9640615665325628 0.12348918364037847 0.2352354511093387,26.703684475497752 37.53243872678884 1058.0575756970325,0.69
55,1055,16,0.0,0.22478499202927574 -0.10163196177978781 -0.9690937269960991 -0.08942951138794386 0.9881964711182871 -0.12437884451255059 0.970295867172128 0.11462407606674684 0.21304283920031805,28.82205775504971 36.69056817568565 1056.2370612145069,0.69
55,1064,16,0.0,0.24139915076835583 -0.10124220418119195 -0.9651302845216548 -0.10781690676607311 0.9855876299620292 -0.1303554305781926 0.9644179408450014 0.13552505214300392 0.2270043955916351,32.231156374151126 33.24525852792443 1048.074129188452,0.69
55,1068,16,0.0,0.2533088615481266 -0.10998668275270133 -0.961112662635473 -0.11386906725239378 0.9832190645275471 -0.14252756460644536 0.9606604270939142 0.1455444975484517 0.23653402091265197,31.84179230989488 31.371772881132777 1049.920249234036,0.69
55,1088,16,0.0,0.2076896514195755 -0.09074733299876478 -0.9739763499422489 -0.11921020062082727 0.9859179884198693 -0.11728021221868536 0.9709036701759639 0.1404658024706692 0.19394695557062402,31.41332954555238 30.599476196681742 1059.0900575268508,0.69
55,1100,16,0.0,0.1981418600379321 -0.11436322418261727 -0.9734787394983339 -0.11150317104336765 0.9840927952017646 -0.13830550704600045 0.9738104775303981 0.1359500768169485 0.18223811474410004,25.232815435487037 25.573387669367204 1064.2283247740515,0.69
55,1103,16,0.0,0.21519404025342365 -0.1120792140601084 -0.970118433396189 -0.10547268759732498 0.9849141307860461 -0.137184791974053 0.9708589172533797 0.1318423481042245 0.20012635517582267,24.318894783989442 25.331986094283234 1061.2408016342413,0.69
55,1115,16,0.0,0.19786454737641967 -0.09417791284221422 -0.9756946969335278 -0.11044071405610859 0.9868941239641226 -0.11765558534920258 0.9739879206490711 0.131036288171525 0.18487028320400128,23.496871221160028 21.440866864500528 1067.1930356184148,0.69
55,1120,16,0.0,0.223748619014594 -0.0773801490414412 -0.9715703103859167 -0.12429231665855979 0.9864390875146274 -0.10718836990531003 0.966689182472169 0.14474197441528017 0.21109662558566875,20.800976751996128 21.54290230914965 1068.544291604918,0.69
55,1132,16,0.0,0.19029004530624816 -0.09186536634730164 -0.9774203052542044 -0.12241668097661437 0.9856211935883752 -0.1164689613935679 0.9740656317086728 0.14181543362872268 0.17630804833779287,17.97912673186464 21.65913774484358 1069.3352921777187,0.69
55,1136,16,0.0,0.1715565842486646 -0.08969880980037359 -0.9810822911057601 -0.12504112233677242 0.9858100927260789 -0.11199633388714035 0.9772067622185651 0.14188933927464709 0.15790617237623406,17.053779539523244 20.270836615164324 1087.3655397213383,0.69
55,1147,16,0.0,0.1505403520641007 -0.06650203318517668 -0.986364578633405 -0.12571223113547317 0.9883476111232026 -0.08582210979695468 0.9805784197826088 0.13691778251672365 0.14042607837344595,16.22002575193377 15.435122331989234 1066.5349556789363,0.69
55,1151,16,0.0,0.16774079060550082 -0.09818793214688336 -0.9809292314676735 -0.1045749275112154 0.9876412908257352 -0.11674230249613649 0.9802688976515911 0.12216304939217268 0.15539973507100974,9.710983650684884 14.707880038761976 1079.2536671355545,0.69
55,1161,16,0.0,0.19112306565350234 -0.1109381019221375 -0.9752767357612506 -0.10428345877045035 0.9856741811663131 -0.1325570398318769 0.976010724327391 0.12703993909015954 0.1768160622621422,4.881486933447986 15.095273105088088 1068.267403020049,0.69
55,1164,16,0.0,0.15101635493062354 -0.09315100818012326 -0.9841325877230641 -0.1086429464004891 0.9879555355197757 -0.1101842549244387 0.9825430121581896 0.12355868852840685 0.13907724381886405,7.325880776755682 17.1679180483183 1068.7877866973065,0.69
55,1176,16,0.0,0.3000201968693611 -0.08160244325395674 -0.9504361749878076 -0.14855276534793346 0.9801826967435676 -0.13104944453140163 0.942295047943027 0.18050740222908276 0.2819523370404234,11.877525821365065 12.995623421044662 1085.4352326928442,0.69
55,1177,16,0.0,0.15608009659837518 -0.07596004600467524 -0.9848193107655889 -0.11980657198425729 0.9882213412506602 -0.09521011504103558 0.9804516248929485 0.13284822959947143 0.1451411696833923,5.980232456673586 17.243722660400763 1086.7280932788608,0.69
55,1189,16,0.0,0.15289361803319926 -0.08385503611448533 -0.984678564041564 -0.07828272108041462 0.9922347910510032 -0.09665368595256814 0.985137227570334 0.0918610491242617 0.14514196673886504,0.05731992639146875 17.604312850012143 1109.928625469937,0.69
55,1347,16,0.0,0.1436265632707925 -0.1180226358688968 -0.9825691160145321 -0.09570295504799856 0.9865531947133478 -0.1324905219099397 0.9849935810542635 0.1130639262693687 0.1304001298252918,-10.565976031855314 16.549272960089233 1071.94650123101,0.69
55,1520,16,0.0,-0.0933170793505732 0.21282509029173183 -0.9726239785465887 -0.47072072239879537 0.8513807929532945 0.23145787282910932 0.8773334167839699 0.4794332344889495 0.02073281123313636,-7.646722392913472 7.179733481677422 948.2409440458925,0.69
55,1543,16,0.0,-0.030609880434262764 0.027572536566151246 -0.9991510348526433 0.04862023788618444 0.9984771998513734 0.026064417216792004 0.998348189605055 -0.04778113230416814 -0.031903850990759826,-23.09988138561803 37.40495787789489 1184.6464316438967,0.69
55,1563,16,0.0,-0.4860434942532814 0.23431006563086423 -0.8419385457609838 0.5554834219769208 0.8265725808850276 -0.09064180292709104 0.6746850299234972 -0.5117387631136844 -0.5319055825275816,-33.51057645000018 46.926280221763726 935.4601371609747,0.69
55,1567,16,0.0,0.16097491893063787 -0.06897332331300271 -0.9845454566176388 -0.053327751504472234 0.9954899795916239 -0.07845923433316185 0.9855167306518708 0.06513356434150322 0.15657072651495055,-15.367501071151313 24.694779435973892 1086.2327524711732,0.69
55,1585,16,0.0,-0.37101584451767067 0.25247988822107026 -0.8936448674729327 0.7205794335566935 0.6852915556056784 -0.10554981644069411 0.5857580755328555 -0.6831027666899216 -0.4361858400826651,-29.142166282742714 49.740280959700605 837.4069792446854,0.69
55,1592,16,0.0,-0.05783357633653463 0.051974878724554474 -0.9969723614171528 -0.651738552441663 0.7545104674301617 0.0771415180014276 0.7562355034705603 0.6542266935244134 -0.009762006491564584,-11.049693391929871 -6.20714919242907 1055.6912340374747,0.69
55,1603,16,0.0,-0.11193981398465945 0.025987465615094407 -0.9933751203226223 -0.5527348296289485 0.8291153384173835 0.0839759710636638 0.825804871722211 0.5584732824692085 -0.07844683937502248,10.778109270637884 -2.7376793796935446 1187.3182518305418,0.69
55,1604,16,0.0,-0.17503263661301702 -0.0178801183820384 -0.9844002628437987 -0.6930083290708989 0.7124448009916442 0.11028082960486613 0.6993590150692677 0.7015003256639452 -0.13709216292232995,10.276901670385282 -7.164844736264057 1178.5120824810008,0.69
55,1609,16,0.0,0.27731792051500515 -0.0298321140883617 -0.9603149566315482 0.5031237745076363 0.8560239846027472 0.11869880079438327 0.8185115994819024 -0.5160745903005248 0.25240003716268167,66.18304846463181 58.3009137877213 1406.336463373617,0.69
55,1612,16,0.0,-0.14956990962918917 0.12283230922469679 -0.9810917724372397 -0.6746883391024763 0.7126705939620277 0.19208401698463165 0.7227893795654845 0.6906611675143889 -0.023720549635348698,28.152582190719727 2.5928787143547587 1183.0334401676052,0.69
55,1625,16,0.0,-0.2731497964431119 0.09215028718178614 -0.9575476558769285 0.36239893604382445 -0.9122077784681094 -0.19116479816268622 -0.8910983109945785 -0.3992308774062833 0.2157742029715749,222.85215326558867 72.04913718258418 3380.9819441489394,0.69
55,1632,16,0.0,-0.40914359582713955 -0.24396155439983125 -0.8792521128598193 -0.7876026246794914 -0.3921371566727969 0.4753004901686414 -0.4607424699239421 0.886967423489382 -0.03170435422765716,48.583453303255496 42.93891553770308 1456.6520870611525,0.69
55,1643,16,0.0,-0.5058426438743641 0.24447124574299736 -0.8272587440716842 0.605841996395865 0.7833560254029445 -0.13895615448037554 0.6140673375463525 -0.5714780376092928 -0.5443658305670606,-6.788091794633672 48.247004046786536 833.9551474349181,0.69
55,1717,16,0.0,-0.7141004346411008 -0.48846840700172744 -0.5014570615781434 0.4890447339034043 0.16445101671711182 -0.856616081650384 0.5008950164323255 -0.856944851470562 0.12144835960751954,-80.00098372282605 -64.28537243794729 230.78450349470302,0.69
