scene_id,im_id,obj_id,score,R,t,time
51,1,12,0.0,0.8259728630452203 -0.5636226372498043 -0.00991727243035212 -0.26505245990716153 -0.37277975835406457 -0.8892594926446655 0.4975098220236912 0.7371328065830884 -0.4572955307554344,-53.26323807466341 -75.64832100155864 1034.9263097674618,0.69
51,35,12,0.0,0.8196256743481973 -0.5724793825401141 -0.02193423159705213 -0.25980887075251646 -0.33730326829822926 -0.904834711908001 0.5106007291686584 0.7473244688633062 -0.42519764064563187,-47.453944589255066 -57.25583365424995 1046.6168783129538,0.69
51,56,12,0.0,0.8207836871816632 -0.5705601381111113 -0.02784362862674372 -0.27029173448503896 -0.3449656515006019 -0.8988554263917166 0.503245980734614 0.7452917737929188 -0.4373598687477641,-56.952032486837 -56.27502514873741 1047.659814952257,0.69
51,83,12,0.0,0.837435748822767 -0.5458821218534975 -0.026722193666951083 -0.27108741726974683 -0.37242474764205163 -0.8875874151551338 0.4745660952824895 0.7505414821210598 -0.4598635719687456,-64.71183266678004 -70.39201360511316 1043.9078299823025,0.69
51,100,12,0.0,0.8343655450962326 -0.5498982179982808 -0.038027450592723666 -0.2817752723007428 -0.3662117257614217 -0.8868436546735188 0.4737476470401821 0.7506669845924734 -0.4605021662997194,-62.26741321427994 -78.50785033235772 1036.304502856693,0.69
51,116,12,0.0,0.8328156358876351 -0.5524565187258558 -0.03478378269226448 -0.2959266898260118 -0.3912368047565654 -0.8714133100042096 0.4678092676184322 0.7360200795638536 -0.48931475719533,-51.92199837903535 -90.2905398693044 1040.649823140819,0.69
51,138,12,0.0,0.8460716792756126 -0.53126508151917 -0.04381925017815272 -0.2973451762190493 -0.40211478342295154 -0.8659616314433197 0.4424348084260644 0.7456950543695077 -0.4981870393555508,-37.56285066655759 -114.44330029137194 1044.5493704955595,0.69
51,169,12,0.0,0.8604488243692308 -0.5080726703691014 -0.038600288413673356 -0.28699151849846793 -0.4206501175228125 -0.8606331082046446 0.4210269456359675 0.7516087015542425 -0.5077604462700829,-32.96921024954931 -109.708307875176 1035.0418977399947,0.69
51,240,12,0.0,0.8947788479956882 -0.44647490245508675 0.005565488049610573 -0.20112870366119356 -0.4141470204448837 -0.8877102511631783 0.3986452780895283 0.7931849764930914 -0.46036891220256904,2.4057716305518304 -81.52384187366775 1059.18701002294,0.69
51,407,12,0.0,0.9435175833389734 -0.32818189491934596 0.04551058972734118 -0.105422594568934 -0.42759110374066106 -0.8978039455004624 0.3141029233938092 0.8422959645213733 -0.4380375117115796,3.3388494617428357 -93.15556271134608 1090.5457750487824,0.69
51,515,12,0.0,0.9651264887568883 -0.2604341944410714 0.02654978466261232 -0.08257095451880839 -0.39908864811726563 -0.9131868858091352 0.24842080864865917 0.879148611617947 -0.4066753256844859,14.841714760854588 -77.02585263027694 1101.604140607308,0.69
51,520,12,0.0,0.9701015142812062 -0.2414167360197688 0.02492010350845468 -0.07545070354221164 -0.39758323892500774 -0.9144587248536074 0.23067345604619555 0.8852375543860878 -0.4039111647135325,21.46634669520406 -78.64602781781883 1103.8133830416455,0.69
51,532,12,0.0,0.9695814478657949 -0.24206311886628495 0.03629411025491337 -0.06521739471013925 -0.39840293282468564 -0.9148889520285568 0.23592055311415944 0.8846923474301198 -0.4020708184100076,25.258910846574103 -75.59749061228356 1105.411724286806,0.69
51,546,12,0.0,0.9817856322877743 -0.1866085485376492 0.035696244143705314 -0.03912213180475853 -0.38242025247394024 -0.923159904513199 0.18592049654717013 0.9049486173868876 -0.3827552336065623,36.70867977696947 -75.88252021612556 1105.6561935990778,0.69
51,553,12,0.0,0.9770153842821807 -0.20919152281476722 0.040985920245637464 -0.045598668240657295 -0.39291221025502077 -0.9184447487395161 0.20823472412309504 0.8954657457518703 -0.39342012893905853,32.15990496073701 -74.05029858530655 1102.2146809458404,0.69
51,571,12,0.0,0.9869504987619696 -0.1558170955988516 0.04061706184151661 -0.019162320257300414 -0.3641020411848861 -0.9311619134647615 0.1598797000117773 0.9182323977752787 -0.36233650823510216,37.274229732671884 -67.3628710847695 1100.2660103569906,0.69
51,582,12,0.0,0.9835892672446047 -0.17588464106029794 0.040208785113597004 -0.030289201027868 -0.38066833334542927 -0.9242154425722969 0.17786151259425032 0.9078304979604416 -0.3797486923092455,38.37784305818334 -47.93844590218236 1099.0653974162306,0.69
51,601,12,0.0,0.9911555382953867 -0.12463241361206942 0.04557916611361213 -0.007791605900468991 -0.39752315478218286 -0.9175590620169976 0.13247637443662916 0.9090886111316381 -0.39497836311230433,46.157334386158965 -55.873194253848816 1094.2134015658341,0.69
51,611,12,0.0,0.9900448721468487 -0.12966378497381037 0.0547581409654798 -6.859153418280195e-05 -0.3894840422779289 -0.9210332111851591 0.1407520743397103 0.9118604518659146 -0.3856155726782292,44.36891143065169 -58.92132379594291 1086.5278044997037,0.69
51,618,12,0.0,0.9883466069146926 -0.14096203750878156 0.057451619486202435 -0.00916577154087396 -0.43185031946534597 -0.901898713941726 0.15194398057269343 0.8908619452861659 -0.42810982377034223,42.861089479776794 -65.61410260484791 1076.8396897990517,0.69
51,636,12,0.0,0.9930435060362836 -0.09855059467812005 0.06443892773591903 0.022924086444582763 -0.3749769643060183 -0.9267506474238497 0.11549494092750295 0.9217809156889897 -0.37010925696572444,50.11990344553463 -52.57375525763038 1073.1908563735205,0.69
51,637,12,0.0,0.9932066397421142 -0.09647470788330006 0.06506305795926531 0.021995028441290906 -0.39340785051300914 -0.9191009095189717 0.11426630954067607 0.9142881897375499 -0.38861332531243525,50.62504723872894 -52.6049889170984 1066.792438186147,0.69
51,649,12,0.0,0.9902239701688796 -0.11386943693855586 0.08056202724782177 0.029632747714948997 -0.3926470797019398 -0.919211711775041 0.13630256478087532 0.9126127448884521 -0.38543428584042766,35.46945387323982 -59.514199851048055 1063.7830960852434,0.69
51,654,12,0.0,0.9911983709379708 -0.10726449022967924 0.0775894231559967 0.027946322316291884 -0.403344865904604 -0.9146211905578129 0.12940167123691718 0.9087393731341039 -0.3967971259937863,37.959824774272555 -59.472754682347855 1061.7941712731204,0.69
51,669,12,0.0,0.9924241087520397 -0.09892500108083849 0.07285761819381578 0.027784007156904073 -0.3969439453136777 -0.917422232794212 0.11967638578276349 0.912496218315434 -0.39118820821441824,44.12173622565531 -48.034494098526594 1058.7349075305956,0.69
51,672,12,0.0,0.991666409202396 -0.10594974078211117 0.07329655713490081 0.023191789503548887 -0.4128278609025591 -0.9105137550648209 0.12672755722118773 0.9046257843389282 -0.4069303583537726,47.694431875508855 -48.23932612209436 1053.464195203896,0.69
51,675,12,0.0,0.9928268197650876 -0.09624640538866372 0.07093331660724929 0.024274543593294236 -0.4186572382736053 -0.9078198408133935 0.11707114285117627 0.9030297593606087 -0.4133177968835129,50.88852555380897 -51.307438307388196 1051.5318641180354,0.69
51,681,12,0.0,0.992933861246109 -0.09125409184809666 0.07586196617457111 0.03255966120302622 -0.40524317187891085 -0.9136289400560075 0.11411492300850395 0.909643151112841 -0.39940846508338373,51.18674250913603 -51.7269312179613 1049.4833386073544,0.69
51,685,12,0.0,0.9937545041140218 -0.08072108160943586 0.07704604166923618 0.03935339026774216 -0.39256796118662973 -0.9188806813314815 0.10441884996268469 0.9161738387629149 -0.38693953137266135,49.08832227433226 -50.4419430717063 1048.073398107277,0.69
51,694,12,0.0,0.9951940926189574 -0.062373459628549226 0.07548688329964855 0.045819817048869456 -0.38466758083467995 -0.9219172395721879 0.08654052450694501 0.9209453858881972 -0.3799609635598138,45.418090532718146 -50.48206072347371 1047.889135972414,0.69
51,698,12,0.0,0.9929706592055896 -0.09121959378445878 0.07542052549945774 0.03174000449650054 -0.4086518442910577 -0.9121382802361048 0.11402562024114646 0.9081203972311794 -0.40288398089438404,44.246617147957366 -56.38469405155715 1043.1546791502321,0.69
51,780,12,0.0,0.9938647043781424 -0.0703549566337921 0.08534125302809968 0.0532063948666059 -0.3723278083113409 -0.9265749201782728 0.0969640600255977 0.9254308095342033 -0.36630013353563173,40.28098043540898 -53.87861454795783 1020.2286666982792,0.69
51,946,12,0.0,0.9954205611145954 0.0624209617756312 0.07239841187007659 0.08883458630282262 -0.3243460673427485 -0.9417579545061987 -0.03530329710820816 0.9438767144761535 -0.32840588466559356,61.74679943726416 -60.97471906513028 958.442168371562,0.69
51,1038,12,0.0,0.9896765379197572 0.1280049635524131 0.06445990689652423 0.09749603010943546 -0.27165158488524754 -0.9574444843134422 -0.10504701044800482 0.9538449275093297 -0.2813271758303101,76.84560922387905 -57.21398221058949 931.7856248668375,0.69
51,1045,12,0.0,0.9937375756431861 0.09157638425221641 0.06402653045491125 0.08841714870202423 -0.29407636066091564 -0.9516835093222091 -0.06832304567426278 0.951384706597558 -0.30033165248117144,74.83789398993837 -59.9514764642864 936.7610580627264,0.69
51,1057,12,0.0,0.9910676644424402 0.11930546360666881 0.05959102994750574 0.0905717513915701 -0.27416906551558134 -0.9574069570272489 -0.09788586387456732 0.9542523407715123 -0.2825258002123328,75.79491489785738 -64.88252490062517 928.1988455295938,0.69
51,1063,12,0.0,0.9905947800210002 0.12447862158799854 0.0568071699937365 0.08971806868381414 -0.2774428314340008 -0.9565438533792012 -0.1033085182683007 0.9526439775978413 -0.2860014020940661,76.8687390617763 -65.04590078857933 930.2649526003718,0.69
51,1076,12,0.0,0.9891351806921012 0.14144162868616658 0.04007318295080855 0.08178603781906635 -0.30293909171840017 -0.9494940498637624 -0.1221582511951716 0.9424553954344127 -0.31121566361849795,78.0684691175541 -55.408603189246534 921.9048778462407,0.69
51,1080,12,0.0,0.9913444338391254 0.12477020827268018 0.04084860614238951 0.0758434779084731 -0.2902972857096608 -0.9539262302549136 -0.10716333493751957 0.9487675590139006 -0.2972476048816431,76.78972067583392 -58.48841250155601 921.8465161263496,0.69
51,1091,12,0.0,0.9939556587320217 0.10483420893201274 0.032587376577322455 0.06434270785808087 -0.315784974003684 -0.9466466427020076 -0.08895034806049262 0.9430215473843065 -0.32062157873235153,63.280589272978816 -65.92896621028993 923.6929047813867,0.69
51,1092,12,0.0,0.9910085962422277 0.1304154281936235 0.029896124549550374 0.06792913589427836 -0.29790988326588475 -0.9521740040292863 -0.11527182947565748 0.9456434410186434 -0.30409026256648564,63.86378891801448 -66.43925682577303 920.7931795532204,0.69
51,1110,12,0.0,0.9956328776693797 0.08404679932049852 0.04063629446404873 0.06495658792657322 -0.3110499345995765 -0.9481711764605252 -0.06705083585404728 0.9466699919769184 -0.3151509347942579,55.21290880421434 -69.27882720955768 922.31293521949,0.69
51,1111,12,0.0,0.9922640706972923 0.11829420742182263 0.03766290607059322 0.07217763471613743 -0.3028760619571704 -0.9502928391501749 -0.10100694555337944 0.945659860406351 -0.3090712302467144,56.48093689284453 -69.38680766305114 922.0119545006758,0.69
51,1149,12,0.0,0.9936159008168064 0.09678445145790848 0.0579673321794093 0.08312478551467847 -0.28068716676031713 -0.9561929640241057 -0.07627392527689214 0.9549070553577755 -0.2869404188168641,49.700757097026454 -74.46167796623838 919.5851354325181,0.69
51,1150,12,0.0,0.9925438275556011 0.1093400088408134 0.05386569268066646 0.08505565673521216 -0.30476798204995675 -0.9486211110736146 -0.08730570221136139 0.9461296103515037 -0.3117955656796501,49.657169921467435 -73.76451068341589 914.6607220009622,0.69
51,1160,12,0.0,0.9898752686272132 0.12737614268041306 0.06262803554369437 0.09559201755299811 -0.2720836564113586 -0.9575137858506129 -0.1049243477003812 0.9538059562561376 -0.28150502494620716,50.11668101953495 -74.11986441357962 921.0099872402105,0.69
51,1182,12,0.0,0.9856632275323752 0.16505381845819675 0.03500341273118546 0.08354338796671301 -0.29718726875409074 -0.9511573106576678 -0.1465895774518242 0.9404450884038114 -0.30671571769252903,70.93071108154781 -68.76687549924927 911.8989359730166,0.69
51,1220,12,0.0,0.9834420618363291 0.17623912577506648 0.04220760070354573 0.09108333926343457 -0.2793393270172326 -0.955862629089652 -0.15667015133627635 0.9438799239985983 -0.29076649179826136,73.6970263398423 -54.69757667782329 918.3624656092765,0.69
51,1528,12,0.0,0.9708730584233098 0.23957700136372145 -0.0028922042349600607 0.06452107136820101 -0.2730554274485282 -0.959832154540783 -0.23074344146100625 0.9316885713361892 -0.2805599227692049,59.894579304464926 -70.71255379184434 893.4300746946694,0.69
51,1536,12,0.0,0.9614237796747924 0.27485336815524714 -0.010951798462001144 0.06644591386304556 -0.27069147399507976 -0.9603702756943676 -0.26692556341935636 0.9225951180881499 -0.2785121032795019,60.90704713618248 -69.99208337141654 888.8955361502809,0.69
51,1545,12,0.0,0.9718567586470134 0.23509570734474458 -0.01498162408403829 0.05263042757023065 -0.2786768924616443 -0.9589417227869981 -0.2296181150647656 0.9311655051579151 -0.28320720901507557,62.68652917810151 -59.895985791678626 889.1224473605328,0.69
51,1566,12,0.0,0.9716486227449119 0.23636181034006787 -0.00566114217115922 0.06386636441707545 -0.2854488591600688 -0.9562635809756432 -0.22764015773597945 0.928790634867181 -0.29245156038044556,69.37799079705682 -63.23750230579182 885.3247927480031,0.69
51,1571,12,0.0,0.9660639906750612 0.2582481762571413 -0.0053146383542019004 0.06580235132634547 -0.265947963744475 -0.9617389100686795 -0.2497807368091056 0.9287516137482765 -0.27391608839035436,73.05852433831218 -60.889178489377834 884.4078903416372,0.69
51,1584,12,0.0,0.9707546660634172 0.23998438796461344 0.006547659837919939 0.07620536170870765 -0.2821640031605459 -0.9563347835184395 -0.22765790380074274 0.9288654202055675 -0.29220011975251897,74.87053832879843 -67.33490599820188 878.4128107277342,0.69
51,1588,12,0.0,0.9744694424505511 0.22441849512157125 0.00675609187935336 0.0772620847761593 -0.30693002351282483 -0.9485908132184596 -0.21080767534924943 0.924894750614245 -0.31643296967929774,73.83901126868065 -74.96741225232469 876.9435037790561,0.69
51,1603,12,0.0,0.978261778953276 0.20625405701406702 0.02152105490931211 0.08380612455169745 -0.2982841094860623 -0.9507907885101391 -0.18968506880299518 0.9319258843885304 -0.3090852967707429,85.02496595555439 -88.73218205322239 877.8730464257314,0.69
51,1611,12,0.0,0.9739050919568191 0.22494701923416444 0.030128232577483413 0.10254173851572022 -0.317702179055098 -0.9426295758599005 -0.2024699081907041 0.9211211451059554 -0.33247822833373764,79.81299374571259 -91.08718216600127 861.9378674642088,0.69
51,1617,12,0.0,0.9739169495478959 0.22561653507908033 0.024144450340229134 0.0980846634517086 -0.3226546549118358 -0.9414209326647083 -0.20460980958616506 0.9192340032671955 -0.33636835918153624,78.68652121102669 -92.40644292287408 857.7475300438214,0.69
51,1628,12,0.0,0.9712714845711894 0.23432737314749152 0.04150163192783336 0.10652633113974659 -0.2721684952943167 -0.9563349052205156 -0.21280000947552175 0.9332818397263624 -0.2893115338250345,92.14565265804283 -81.2126228838713 868.4432880070424,0.69
51,1629,12,0.0,0.9690874712616275 0.2436123305071905 0.03901929610589923 0.10976429490249333 -0.2840802300811874 -0.9524968359220822 -0.2209553633843337 0.9273356756330875 -0.3020385274924741,92.27906132335848 -79.55880174926092 864.6426505950068,0.69
51,1645,12,0.0,0.9651629677514131 0.2597223707153128 0.0316975682237851 0.11527400964618024 -0.3133322876036251 -0.942621228407875 -0.2348879485656431 0.9134370080608167 -0.33235595966302,100.75670019603298 -82.03777402707256 858.5553867334527,0.69
51,1650,12,0.0,0.9734657117817497 0.22754394848307397 0.02425406139149877 0.09788476364897247 -0.31825674308167073 -0.9429375475228633 -0.20684071415133728 0.9202914739319165 -0.3320851125503599,103.58343872052565 -82.80862186874009 853.3674721168898,0.69
51,1673,12,0.0,0.9632497286615451 0.26859341102017753 0.0027458678056215824 0.08964701976368568 -0.3118287661096486 -0.9458996947213926 -0.2532061849184362 0.9113837831468586 -0.324447573170105,129.26149229274696 -82.30981133862183 837.6947057888641,0.69
51,1674,12,0.0,0.9656096312441163 0.25991672673886884 0.006429246453100057 0.09010968784614125 -0.31136379380529877 -0.9460088963976198 -0.2438817012505725 0.9140546389951335 -0.32407689323153377,131.17810745919934 -81.97772145882934 839.5405329595036,0.69
51,1687,12,0.0,0.9573136525528361 0.28902224792771203 0.004087889279334178 0.0977051292663334 -0.3102489875373189 -0.9456211045905848 -0.27203727382657883 0.905655401317124 -0.32524454755479343,130.90495587389316 -85.30076230314812 831.5600181216821,0.69
51,1693,12,0.0,0.956928594723413 0.29005352545477303 0.01251467026856462 0.104717499826546 -0.3046319800509541 -0.9466961508109729 -0.27078018729358855 0.9072311222072865 -0.3218847325794696,132.50159111842513 -82.45013840203065 832.4411279165563,0.69
51,1698,12,0.0,0.9584609666561499 0.2844167659905853 0.021440117070930256 0.1091757752284907 -0.29638968716194464 -0.9488065152850199 -0.26350185103679374 0.9117347512119417 -0.3151293669791537,132.80750070782574 -80.09498466204168 831.147763847582,0.69
51,1699,12,0.0,0.9666971155282984 0.2552225497898295 0.018924505490112042 0.09860594271662251 -0.30320698113992384 -0.9478092606896074 -0.23616425404839203 0.918110547083951 -0.31827577420057385,132.30154770881566 -79.59994405515809 830.6156421735686,0.69
51,1700,12,0.0,0.9563546625466908 0.29149277609644203 0.02043822176204585 0.10909498068353153 -0.2912907115261661 -0.9503936061276085 -0.27107940647504913 0.9111430638830377 -0.31037762890222237,133.01713846227776 -77.92644000471854 830.568023730944,0.69
51,1708,12,0.0,0.9593254716299361 0.28171894127153674 0.01814049643325999 0.10730824603560621 -0.3044676354784477 -0.9464588735274897 -0.26111219775177585 0.9099087300795654 -0.32231432346426986,136.30738254827523 -82.68999754439452 827.2803073675647,0.69
51,1709,12,0.0,0.9520295039150303 0.3056576945227633 0.014601282626215517 0.11031724717143791 -0.29831483083803007 -0.9480708658526499 -0.28542937594406326 0.9042022093984877 -0.31772383584974545,135.96685704020524 -82.5180741903407 819.9030327408868,0.69
51,1715,12,0.0,0.9623137094550063 0.27115809405678437 0.020630381054115382 0.10233747406891258 -0.2908090607672513 -0.9512923481122214 -0.2519511182672952 0.9175529293741921 -0.3075991804291719,134.27091208039278 -81.27185279699775 822.6571123625934,0.69
51,1717,12,0.0,0.9632093748933286 0.26828043947861224 0.015915587038047185 0.10293988568968233 -0.31358576756032774 -0.9439636361204785 -0.24825607757273155 0.9108729725800205 -0.32966550891993407,132.37904885838427 -80.3469840793305 819.6518949223045,0.69
51,1729,12,0.0,0.9581267950835408 0.28570402481133783 0.019137783297569794 0.10613873420370955 -0.29227918633697925 -0.9504248767450416 -0.265946636836371 0.9126588012180652 -0.31036478362505565,133.15560126022189 -69.59941984226397 819.0848439554364,0.69
51,1927,12,0.0,0.9883712119576793 0.14876216833049052 0.03149864516004879 0.07708524111392448 -0.31161993128114823 -0.9470749094083004 -0.13107331145475798 0.9384896566835157 -0.31946353676490336,50.73788257062207 -86.61432318607541 753.2596297461605,0.69
54,1,12,0.0,-0.9750153803050908 -0.21231644855717918 0.06532024066540079 -0.16598550345251073 0.5009201177981502 -0.8494279535244322 0.14762730374878402 -0.8390475321798849 -0.5236462717624459,-130.5407938556284 -51.493717671852465 994.8414556577171,0.69
54,22,12,0.0,-0.9632816226515555 -0.2621255653643338 0.05812661562670561 -0.18640845914746335 0.4971122143396355 -0.847426299280718 0.19323664719730282 -0.8271454735031638 -0.527721483211715,-105.95447818187554 -57.151211122378946 990.4618564262515,0.69
54,32,12,0.0,-0.9506762711783308 -0.2953528281671935 0.09476990193149476 -0.22903325053192816 0.4623479387833833 -0.856608518317169 0.20918507970035505 -0.8360628507453234 -0.5071888327185046,-99.493631646614 -40.91325662259025 1003.7470506537136,0.69
54,38,12,0.0,-0.9582528111971937 -0.26650711340979594 0.10356403011979395 -0.22705545534027993 0.4891523974990626 -0.8421257342114287 0.17377390492503056 -0.8304841302053266 -0.5292435539940084,-109.58261372942997 -60.259075122462136 1010.2656638964893,0.69
54,43,12,0.0,-0.9557499151450002 -0.2778079676307919 0.09677206632687928 -0.2320286254992328 0.5096519358165472 -0.828503241555145 0.1808447307754965 -0.8142957923502339 -0.551559195292258,-114.41275628814222 -88.6394002465207 1010.2832298726967,0.69
54,50,12,0.0,-0.9522131587135436 -0.2929857545577692 0.08631018479293456 -0.22717767833544633 0.4904940942208762 -0.8413119789950453 0.20415778907230647 -0.8207160843803768 -0.5336147542941914,-120.70068029608137 -89.89872829337465 1001.4388183237917,0.69
54,56,12,0.0,-0.9522747279568334 -0.2891827941591309 0.09770442189101067 -0.23184712174821837 0.477046357669612 -0.8477462384294155 0.1985440873755894 -0.8299398075743051 -0.5213253889575302,-136.34314343302927 -79.41831519136774 1012.6839598263128,0.69
54,63,12,0.0,-0.9511486763419394 -0.29751572617558364 0.08246567874692892 -0.22696953973902453 0.4927728586250526 -0.8400355574814371 0.20928694064282158 -0.8177159057280887 -0.5362272596536468,-115.38335521809863 -94.39476185785914 1002.5235890548425,0.69
54,69,12,0.0,-0.9398491180764242 -0.32761271233792577 0.09671373204232696 -0.2469024474510806 0.4558731655875595 -0.8551133482409473 0.23605680819165947 -0.8275563833430112 -0.5093403731244964,-109.57007330287759 -95.45988502584974 1004.7741693008347,0.69
54,81,12,0.0,-0.902758972795848 -0.41532110737650774 0.11195809396437824 -0.2998625115888357 0.42102875972167086 -0.8560474622536226 0.3083970025473992 -0.8063765629374303 -0.5046267210176212,-66.15748749886046 -71.39838792944845 1011.7365258071711,0.69
54,86,12,0.0,-0.912204699864787 -0.39211133844542917 0.11887507647580285 -0.298128439537693 0.4361604219384162 -0.8490485968855507 0.28107297821635924 -0.8099461615422573 -0.5147671282430043,-72.48505063533851 -65.95489596410889 1014.4268058206867,0.69
54,90,12,0.0,-0.9103616903988767 -0.39631035523577846 0.119078524457565 -0.3026498095489068 0.4414005210853552 -0.8447299407299281 0.28221390014333136 -0.8050488695218873 -0.5217773780525765,-76.21210465021144 -75.2839325952935 1014.056970190768,0.69
54,135,12,0.0,-0.9036805873899034 -0.41171129384740507 0.11770814115062211 -0.30334999280930836 0.42150991927110915 -0.8545806982483609 0.3022253758989004 -0.8079747511367908 -0.5058029494657078,-73.46890365284872 -78.64509922405878 1097.8799019577543,0.69
54,202,12,0.0,-0.8853844644277888 -0.4507683321393201 0.11358811949430792 -0.29283182114925943 0.35105605513270155 -0.889386963406297 0.3610316809814974 -0.8207116161569796 -0.44281888897457033,-69.68778289424704 -63.40354170085363 1162.4242414351904,0.69
54,390,12,0.0,-0.8621550839872181 -0.49910926514518483 0.08705488269607034 -0.2621591091729225 0.29244528962603666 -0.919645776401546 0.4335449372702358 -0.8156995120887203 -0.3829792335696163,-75.06452747928051 -62.176357445119244 1119.683130228006,0.69
54,479,12,0.0,-0.788839288948524 -0.6066808367521517 0.09834093007947556 -0.3292508303442162 0.28203845067969924 -0.9011371721640602 0.5189667300789439 -0.7432312390204707 -0.4222331801448871,-45.91180489574502 -98.77039819960895 1049.3282955410905,0.69
54,514,12,0.0,-0.7702045463747329 -0.630137457251282 0.09854816950395659 -0.3517264428399337 0.2907503097360722 -0.8898049037825904 0.5320464887120848 -0.7199937793878965 -0.4455732167577786,-25.772323106372195 -109.09063322024501 1015.0028574286652,0.69
54,520,12,0.0,-0.7597003197106486 -0.6434325586489898 0.09407426163384258 -0.34051262665781634 0.27038000639347815 -0.9005252929425454 0.553991493904133 -0.7161628268858116 -0.4245046879232196,-21.91450617653953 -105.44626228919181 1009.978626278913,0.69
54,524,12,0.0,-0.7690628179019209 -0.6309530234879116 0.10217956876117418 -0.35379846927130987 0.2870825843816437 -0.8901742710761945 0.5323241730957131 -0.7207509083561526 -0.4440147552072409,-26.200559000269898 -104.91359688153739 1002.5878216036799,0.69
54,530,12,0.0,-0.7869971976346545 -0.6089375675646251 0.09914862441647013 -0.34062183093245757 0.2948606867701785 -0.8927675754022651 0.5144046842782645 -0.7363777659638403 -0.43947196336817973,-32.34888381704653 -100.11064770800922 996.2234142489942,0.69
54,537,12,0.0,-0.7806360437675829 -0.617795964525087 0.09452784450845039 -0.3321635062978913 0.2819961792903929 -0.9000808630059368 0.5294098339233859 -0.7340342642425751 -0.4253456555121665,-32.89163732608555 -84.93452956265513 996.041369849334,0.69
54,543,12,0.0,-0.7785975654681339 -0.6211445578420314 0.08924835746568296 -0.3225597837057624 0.2741506608686358 -0.9059782564062903 0.5382759673093224 -0.7341803956852276 -0.41380929135133715,-29.438581860344236 -78.44185678987418 992.7922511907617,0.69
54,560,12,0.0,-0.7717940182483113 -0.6276621651004485 0.10185381631310014 -0.34093621206723057 0.2732609302026554 -0.899494837854019 0.5367462088337223 -0.7289503896193464 -0.42489391237864227,-22.38030786903738 -72.2719896611626 975.845657646263,0.69
54,561,12,0.0,-0.781882438728324 -0.6149897253468034 0.10221296261292884 -0.3327632386790753 0.2730498639399186 -0.9026142026282354 0.5271892250341061 -0.7397509104558478 -0.4181388662725375,-22.91519958801322 -71.99647337029202 977.6348124669275,0.69
54,568,12,0.0,-0.7895743528891681 -0.6038619293301181 0.1091930014486237 -0.3330427021813763 0.2722259785837665 -0.902759976465416 0.5154172094365677 -0.7491620564936661 -0.41605445956845943,-34.118245391277796 -72.15935310307314 973.7864051947977,0.69
54,577,12,0.0,-0.7989949215869638 -0.5902168758255613 0.11511366021873956 -0.33945750150965726 0.2846829019623386 -0.896506692668338 0.4963624884568357 -0.755380490098212 -0.42781373894712926,-41.53677123031947 -70.40274214940506 968.4992822717976,0.69
54,583,12,0.0,-0.809934797439245 -0.5778046069712462 0.1007346020980519 -0.3148343895262449 0.2833910102859578 -0.905852550065816 0.49485849600535897 -0.7653962186030897 -0.41144100121330385,-44.48303655045818 -69.01929329955766 961.2175981715666,0.69
54,588,12,0.0,-0.819579918374382 -0.564520851015119 0.09800492929749585 -0.31608004576476906 0.30279692074362086 -0.8991148032690394 0.47789346309275127 -0.7678738396099632 -0.42660005201109585,-43.987249355155924 -65.90897031547208 959.1557606284885,0.69
54,589,12,0.0,-0.8147614252650288 -0.5721577790349568 0.09380456166884679 -0.3087038212723142 0.2911426613312105 -0.9055042249955828 0.49078077655096686 -0.7667277395808537 -0.4138391024604423,-44.37970762507763 -65.46827094873932 963.3223168688704,0.69
54,595,12,0.0,-0.822095873440316 -0.5608698244303851 0.0978949177221835 -0.3088313356179104 0.29483867861533863 -0.9042639878557698 0.4783111759230194 -0.7736247111072597 -0.41559983800688327,-43.581114810844404 -60.42621119539095 957.2726106509624,0.69
54,598,12,0.0,-0.8288119111126586 -0.5511489158689545 0.09646599677740539 -0.3143478306861861 0.3160361568841453 -0.8951572984033523 0.46287823165566033 -0.7722409080580849 -0.43518699725629806,-44.86967688951434 -58.4550959063866 955.1306331987587,0.69
54,604,12,0.0,-0.8470804949971766 -0.5229855469031309 0.09455555364848348 -0.30224354985119634 0.3277051950233665 -0.8951302372996032 0.43715383055474377 -0.7868261706915508 -0.43566168703041186,-47.78462908029002 -53.94404930451602 950.5412521919443,0.69
54,681,12,0.0,-0.9369385702334743 -0.3356418895565352 0.0974199034272342 -0.22169502607138816 0.3552858170330535 -0.9080877180263819 0.2701803675770309 -0.8724199162043894 -0.4072911228910674,-102.53589582990455 -48.37408630888904 965.5560789752373,0.69
54,741,12,0.0,-0.9693178721989579 -0.21610464055620343 0.11713943386306157 -0.19992148773502216 0.41582402487024384 -0.8871988385263619 0.1430183952416606 -0.8833963802681016 -0.4462696202428701,-92.44293107669091 -35.1619230545223 947.2914526977835,0.69
54,866,12,0.0,-0.9881899957029485 -0.1215054407713308 0.09336466277758086 -0.13821703155246168 0.44373663672088937 -0.8854342716545707 0.06615576000192712 -0.8878818756425872 -0.4552902264753429,-67.3447733713248 -26.424207889829308 928.1657232282788,0.69
54,1012,12,0.0,-0.9927405773227403 -0.06589645962861909 0.10061710960530501 -0.11948053833214062 0.44429815586917676 -0.887875863874624 0.013803879772515598 -0.893452184114887 -0.4489461522316054,-40.36058460149098 -24.187200232376917 908.6043423316402,0.69
54,1024,12,0.0,-0.9930767462776865 -0.057025174465045736 0.10269715419501455 -0.11734189419271637 0.4411864296710707 -0.8897108598535589 0.005427326209917184 -0.8956018444327395 -0.4448234260680145,-7.774748516338641 -26.588061059571878 904.875528372203,0.69
54,1025,12,0.0,-0.9916881906831174 -0.07774706607978916 0.1025179309956552 -0.12648330786720693 0.44299256877902016 -0.8875581991269841 0.023590364359508655 -0.8931477916462374 -0.4491442051132747,-4.4552663631757845 -25.035879497209237 901.82924012517,0.69
54,1028,12,0.0,-0.9910173548414107 -0.09108630784362683 0.09791775593093219 -0.12835221008933378 0.44221814328729314 -0.8876760805117615 0.037554128512283236 -0.89227036164548 -0.44993698354405953,-0.835135825966795 -19.540601515882937 902.2108238450808,0.69
54,1029,12,0.0,-0.9925652572049891 -0.06835585788751442 0.10070594263525778 -0.12009669930919009 0.4156121325496347 -0.901578248457993 0.019773543047008076 -0.9069696973824465 -0.4207314761523808,-1.994746751295609 -18.601730537884755 909.1365232904138,0.69
54,1032,12,0.0,-0.9931779448403739 -0.062310804467564554 0.0985643623692462 -0.11598950530886058 0.44090986280386346 -0.8900252398333904 0.012000189200881035 -0.8953858701860798 -0.44512935078498206,0.22166705762767527 -17.79720940039945 905.3083077511159,0.69
54,1033,12,0.0,-0.9938579605019121 -0.056152882740175505 0.09535831430424822 -0.11038001219313413 0.4414020829972858 -0.8904944997213066 0.007912474658616733 -0.895550699226808 -0.44488912985051876,-0.010998390197077367 -17.952404945708338 905.1612417081343,0.69
54,1039,12,0.0,-0.9919480237435994 -0.0427409947256357 0.1192154585657024 -0.125196355015779 0.4729381059735729 -0.872155617197351 -0.019104734542268735 -0.880058381749752 -0.47448103632292493,-8.878782126650535 -26.856836378377864 894.0741548692721,0.69
54,1042,12,0.0,-0.9925231926968833 -0.049040998560337466 0.11177071360150928 -0.12195518121487828 0.43570223037064215 -0.8917906145642562 -0.004964446961327716 -0.8987538856162196 -0.4384253726190074,-15.949332443250977 -29.373166636456077 904.4619764868978,0.69
54,1063,12,0.0,-0.9947667029519599 -0.02260830925883725 0.09963970619458898 -0.09885266091382107 0.4595383353883755 -0.8826396035408441 -0.025833275602299303 -0.887870138399157 -0.4593683263033246,-46.50299624676304 -40.312459661536586 897.435110437965,0.69
54,1068,12,0.0,-0.995385362750444 -0.02534554184997538 0.09255043560404375 -0.09357763024304619 0.4698916502357542 -0.8777500009437853 -0.021241627533285366 -0.8823601535354204 -0.4700950464668676,-49.78726909398538 -45.59057846111145 896.7228042545177,0.69
54,1080,12,0.0,-0.9963141196677218 -0.020232158182171812 0.0833596708608188 -0.08316806514799802 0.46581011931335714 -0.8809676530297885 -0.021005901320124858 -0.884653374220981 -0.46577586840578356,-56.062386970719025 -50.18452951518977 899.6459896344215,0.69
54,1083,12,0.0,-0.9961078175624316 -0.0027426294082128003 0.08810047545239734 -0.07822889621994375 0.4880525514934677 -0.8693014130765718 -0.04061349021222542 -0.8728099363347351 -0.48636751479527984,-56.37369332350596 -51.01263571605369 891.1278323937677,0.69
54,1089,12,0.0,-0.9964459019998166 -0.005232178151862062 0.08407252047820932 -0.07658966916734705 0.4717522882037598 -0.8783984296157138 -0.03506546683858745 -0.8817156020431435 -0.47047636513334934,-48.726619947705494 -51.50016731742791 893.8464650961087,0.69
54,1096,12,0.0,-0.994818038540791 0.008087188707304988 0.10134923567874457 -0.08517366022614002 0.4780568076939996 -0.8741894166718699 -0.05552042684936173 -0.8782916861705082 -0.47489072027807644,-43.75952294509885 -47.38538919849222 895.0208079150203,0.69
54,1106,12,0.0,-0.99599653959367 -0.025374187526789212 0.08571489791623449 -0.0875347688866229 0.47127556274227145 -0.8776314763030788 -0.01812615109174255 -0.8816209472155885 -0.4716099533272048,-36.17237973692569 -30.322209169687465 892.2404566532829,0.69
54,1110,12,0.0,-0.9962668137388065 -0.026203143965216124 0.08225467214124899 -0.08507435638351418 0.4597683125654941 -0.8839544403681721 -0.014655706351350758 -0.8876522370878224 -0.4602811274257582,-26.16142633956052 -16.43131603637302 898.3186787483966,0.69
54,1111,12,0.0,-0.9957537781576312 -0.028797580293847318 0.08743633486155702 -0.09131543884613971 0.4292700007943808 -0.8985481384134795 -0.011657783371629114 -0.9027169909707096 -0.43007688882297357,-25.07565967089433 -13.858788135967515 905.7056863263329,0.69
54,1134,12,0.0,-0.9925841640433133 0.06701556015357552 0.10141790762848317 -0.05969466277549554 0.458059186613726 -0.8869150628977343 -0.10589251402510429 -0.8863919540790488 -0.45066182356326634,-106.15523804478563 -40.46797774658535 932.69612833285,0.69
54,1178,12,0.0,-0.990238181862678 0.10876921562847713 0.08716421807636339 -0.03263445985989686 0.42704465035232264 -0.9036414436241379 -0.13551138406403634 -0.8976648173661642 -0.4193262935376466,-114.60644241020991 -24.903460839080186 977.2518418120746,0.69
54,1355,12,0.0,-0.9765402252732784 0.20266609436229846 0.07277116612468494 0.0028153678562543305 0.34993146517478013 -0.9367710730933498 -0.2153166554798967 -0.914589757146101 -0.34229273143960803,-80.63590407601642 -9.641608274347439 956.5133402442776,0.69
54,1531,12,0.0,-0.96259335663592 0.2670394712893112 0.04586884055562859 0.03820982884074886 0.3013841512316 -0.9527369009156558 -0.2682424998771694 -0.9153455708965509 -0.3003139142625828,-67.71996821325072 -1.0541801161597597 927.7099253955365,0.69
54,1539,12,0.0,-0.9554212205342082 0.29176049906750146 0.04523386493332657 0.050428836380738695 0.31221787359514275 -0.9486711400000594 -0.29090758638132597 -0.9040994472908441 -0.313012724332704,-66.162671064131 0.7325235034323446 925.9470708089185,0.69
54,1543,12,0.0,-0.9581953263031466 0.2824323445266217 0.04575682917338214 0.037564154158848714 0.2827231077667979 -0.9584657420362057 -0.2836382396171868 -0.9166785778558806 -0.28151329262928926,-59.95389460274779 4.406296024349065 926.2103459051042,0.69
54,1547,12,0.0,-0.96609708910965 0.25469643273402093 0.04226276808759022 0.032314418731451036 0.28169666836956 -0.9589592094409124 -0.2561487707483866 -0.925082004031024 -0.2803766985004915,-52.77069470216942 10.086983031508636 929.2998132574656,0.69
54,1550,12,0.0,-0.9631795610597348 0.26567859736103144 0.041231251024575144 0.03729042209552595 0.2838858044343209 -0.9581327019054384 -0.2662603191929171 -0.9213163045040249 -0.2833402715434793,-51.39602222741195 11.208527067209177 927.8522258241694,0.69
54,1557,12,0.0,-0.9598901568506499 0.276361056466402 0.047280580051527465 0.03938979737791093 0.2998828934324226 -0.9531624699331829 -0.27759562432387486 -0.913068900300176 -0.2987404436310317,-50.99075193333248 6.26358749705898 928.472143882724,0.69
54,1559,12,0.0,-0.9577330171085012 0.2826938382191534 0.053213360852047364 0.03440861609087578 0.2962428542252049 -0.9544926497669921 -0.2855932686163275 -0.912318127164766 -0.29344866632447897,-49.420231684426426 4.469132025073774 928.0332156089199,0.69
54,1568,12,0.0,-0.955679617560586 0.2864300422941143 0.06807568913087951 0.014534764206937417 0.2768492212794933 -0.9608034394746864 -0.29404967132901366 -0.9172307994983216 -0.26874235104085986,-59.07334281332424 4.324797479033999 923.0037665024444,0.69
54,1573,12,0.0,-0.949555088941875 0.30456103111332655 0.07475099592497106 0.01817045751439672 0.29139622536540677 -0.9564298585450536 -0.31307342196089594 -0.9068245796017999 -0.2822307819705605,-69.00782456454493 2.471974796821146 917.5273921932506,0.69
54,1580,12,0.0,-0.9495977687867699 0.3020399773570397 0.0838804482185635 0.0015053506000454464 0.27197676037306795 -0.9623026424865214 -0.31346740091237413 -0.9136741727197556 -0.2587232008732714,-75.88623113212044 1.7645323683534033 913.1680392857315,0.69
54,1585,12,0.0,-0.9455928614104546 0.3158964862770476 0.07786880252966483 0.013791786166286707 0.27804071424437615 -0.9604702743223347 -0.32505988230467975 -0.9071398851226268 -0.2672700913603604,-77.32102723762203 2.55705946112154 912.3837041217396,0.69
54,1595,12,0.0,-0.9484684439542155 0.3026225755336166 0.09395311384126569 -0.005369512375582558 0.28111015125047656 -0.9596604874645941 -0.31682610239675296 -0.9107121716773826 -0.26499917207181567,-63.568205986057116 -8.432201882736615 913.3285777228957,0.69
54,1597,12,0.0,-0.9433321683283415 0.31984384766161944 0.08845526162959683 0.004320413775254134 0.27836642645410625 -0.9604652344816966 -0.3318218712227394 -0.9056555889167694 -0.26397386242213194,-61.99313939578536 -9.364754808394208 913.3893228639637,0.69
54,1605,12,0.0,-0.949282998602435 0.3027054357968522 0.08503650806216771 0.002603711409143339 0.2780113285042579 -0.9605742667332892 -0.31441216460446825 -0.9116354097786769 -0.264699585164762,-49.424961802212096 -12.212405193762077 909.2479080275074,0.69
54,1613,12,0.0,-0.9449458157087479 0.3169596378551133 0.08132646153180706 0.0014376020667476175 0.2525511325956087 -0.967582481613311 -0.32722368293695786 -0.9141961022644054 -0.23910279782918142,-45.451751586595556 -6.1555456321075654 912.1717443825877,0.69
54,1619,12,0.0,-0.9473296744278007 0.3115211328140739 0.0743039148279088 0.016808047174434765 0.28005302819833267 -0.9598373773442697 -0.3198186634621235 -0.9080335264775083 -0.27053860592181844,-42.27105674970483 -1.3500915313944326 910.3631309224512,0.69
54,1625,12,0.0,-0.9468426311204646 0.31337189605608007 0.07271235558756876 0.019167994877764688 0.28058244157563594 -0.9596385160318549 -0.32112555156082123 -0.9072329073846869 -0.2716741281261177,-35.49492584474442 -1.6733929084836805 912.9200118781977,0.69
54,1663,12,0.0,-0.9453964135659592 0.3124353692152101 0.09278879932393351 -0.004276957542432153 0.2727785093088676 -0.9620673534079686 -0.3258946591320608 -0.9099318792759093 -0.256547551589584,-34.29956215418271 -16.339838494446585 905.3262610393232,0.69
54,1844,12,0.0,-0.8929888210259426 0.44212262149363335 0.08425291144105596 0.03398567128575969 0.25289948188949884 -0.9668954577446723 -0.44879387213948596 -0.8605634431136501 -0.24086224425265612,-31.096998554001466 -23.309263874914627 860.1821466288797,0.69
55,22,12,0.0,-0.15121222383185062 0.9875598908951052 0.0431314880229538 0.3787025723531604 0.09817956810234463 -0.9202962208443193 -0.9130822663138987 -0.12282603267420517 -0.38883742186238907,135.89080499072583 -77.0536434299929 1128.1345057098108,0.69
55,42,12,0.0,-0.14491668310417016 0.9887729544440491 0.03643074962270554 0.34704847303509295 0.08527544925745278 -0.9339622343103333 -0.9265832462990554 -0.12270347311272944 -0.35550997927481265,157.62450914415433 -61.990446714513176 1097.79410687685,0.69
55,49,12,0.0,-0.1544208242109546 0.9869358811600741 0.045954058893611094 0.40639608623425855 0.10584418899128789 -0.9075457171681511 -0.9005534021608528 -0.12146840797328573 -0.4174314263695882,164.27402543230937 -71.8010375917007 1097.3030094627627,0.69
55,62,12,0.0,-0.19160234455195024 0.9770321959332342 0.09325572192674425 0.20632073293333902 0.13298854196858967 -0.9694048704576013 -0.9595417118208285 -0.16649965710160247 -0.22706291520414162,156.83703620516033 -74.36271514043602 1059.4068252103511,0.69
55,89,12,0.0,-0.16690000942837901 0.9845863969582132 0.05228779759801705 0.46049766894511746 0.12473296690754387 -0.8788535622403513 -0.8718292744275798 -0.1226022589159182 -0.4742176740272278,129.91906942570188 -85.65601753585234 1156.2514668911342,0.69
55,100,12,0.0,-0.12460779405498645 0.9900026591840008 0.06608806601314254 0.47402338884042244 0.11791304442941453 -0.872581423585002 -0.8716505747677745 -0.07740315731282754 -0.48397729982408666,113.53959629881008 -79.63908578876186 1133.6621838631115,0.69
