scene_id,im_id,obj_id,score,R,t,time
49,1,3,1.0,-0.07217667871872682 0.9462215845515682 0.31536524852597975 -0.7069076538793304 0.17452611537933496 -0.6854357766686971 -0.703613598458667 -0.2724065857855102 0.6562945650275701,18.075763338998136 -10.66114193083081 792.5525909862018,0.69
49,36,3,1.0,-0.0939583108103323 0.9521007432818027 0.2909914268013883 -0.7125223582704628 0.13982881631240682 -0.6875752984898232 -0.6953299395210648 -0.27194131126202586 0.6652549875308884,16.35834655273864 -4.24149858218551 800.8393536225235,0.69
49,47,3,1.0,-0.12106498422199445 0.9525796756099125 0.2791688220597749 -0.718548042067721 0.10993675478717894 -0.6867332969847239 -0.6848590956072449 -0.28373556626157703 0.6711647693392804,12.356249453448264 -1.6329796351561274 810.9210217941127,0.69
49,58,3,1.0,-0.12363320822200424 0.9556557083135139 0.26727700423442813 -0.7215795879533384 0.09831754493042691 -0.6853149338865635 -0.6812031474338807 -0.2775893145037282 0.6774263387258609,5.739820331584526 5.875701112444618 819.293186807892,0.69
49,65,3,1.0,-0.12712918372972665 0.9557449802452161 0.26531057909605604 -0.7345968375109877 0.08900896841598407 -0.6726402380622033 -0.6664875519940858 -0.2804085167707882 0.690771602455788,11.149785422767332 12.083317362961374 827.8538574614266,0.69
49,73,3,1.0,-0.14206664614255668 0.9545378190098194 0.2620584288546764 -0.7300781379948514 0.0777330153919897 -0.6789281926242561 -0.6684332281355977 -0.28777618108183384 0.6858439247570682,2.981626616592377 19.971712622856103 833.5711769150599,0.69
49,91,3,1.0,-0.15596011719032943 0.955693582724432 0.24965219363209581 -0.729073661709551 0.059145685071632315 -0.68187490329153 -0.6664293193185644 -0.2883601287916655 0.6875466518541478,-0.38808313261351035 16.49688155503615 839.7855942655401,0.69
49,109,3,1.0,-0.168994447972889 0.9546467021147974 0.24513374042689395 -0.7426409051422207 0.04018819233632778 -0.6684829056948886 -0.6480164832501423 -0.29501624249874714 0.7021681095706633,-2.247394546812702 28.033249534811752 841.6881594612131,0.69
49,125,3,1.0,-0.1515292922900282 0.9555563297840414 0.2528852984808236 -0.752196164655342 0.05450772263327734 -0.6566809256032393 -0.6412798168162448 -0.2897257475320162 0.71050628974073,-21.39992799543578 35.934774393815694 841.3503243204972,0.69
49,148,3,1.0,-0.1497404098109812 0.9520592926036382 0.2667600289336822 -0.7443366873403148 0.06904156362109318 -0.6642259844149432 -0.6508000503602359 -0.2980207473646993 0.6983143479775421,-18.751457260342978 21.52233886129073 830.8270151156686,0.69
49,231,3,1.0,-0.0914838817592002 0.9199583810554894 0.38119191558063337 -0.7831570087513345 0.1699659023717492 -0.5981443736044172 -0.6150575574870465 -0.35325368951607766 0.7049227133674643,-22.782568186697205 27.202100336708767 805.9410291614361,0.69
49,357,3,1.0,0.04992719876771583 0.8193019731203621 0.5711843412281974 -0.8297388097906478 0.35234873092895774 -0.43287859653712674 -0.5559143660226892 -0.45232139973014074 0.6973984291606611,-37.52504891780233 23.699926780573765 795.8136702863459,0.69
49,521,3,1.0,0.02655767349443246 0.7467689639825792 0.664553086224832 -0.8547025952756492 0.3617356826556059 -0.37233153173314915 -0.5184381965168395 -0.5581069882433555 0.6478722297384713,-4.459611300982947 6.932727160297784 802.6726218472188,0.69
49,526,3,1.0,0.026553507188913358 0.743460341261811 0.6682526709462818 -0.8584463919529775 0.35948984026596664 -0.3658371863117049 -0.5122154853173451 -0.5639448339300768 0.6477665635741747,-7.641021741676204 10.846086185837422 799.2517297768701,0.69
49,537,3,1.0,0.03260482181173267 0.7445018199735982 0.6668237890557188 -0.8626282108191978 0.35792394085958007 -0.35743953678687695 -0.5047865841060897 -0.5635667596794086 0.6538983192293417,-8.195626995186032 13.265458933405343 802.0431109197872,0.69
49,542,3,1.0,0.028295971588747998 0.7415049162684145 0.6703505032008403 -0.8641510214077516 0.35522419035414843 -0.35645306393293924 -0.502436414078228 -0.5691978862724387 0.650823644370116,-7.785594119626532 13.931855538542944 801.6663718820819,0.69
49,552,3,1.0,0.04005525533940616 0.7300940806020801 0.6821716865932641 -0.8648573607401233 0.3672516163349963 -0.3422688941066085 -0.5004171480808017 -0.5762715364905124 0.6461375969076096,-4.364343855763611 12.360103706627143 800.9203862478306,0.69
49,558,3,1.0,0.04547159552741028 0.7262842093148595 0.6858888986563935 -0.8678294013985441 0.36878503154802367 -0.3329710656714294 -0.4947771862853383 -0.5800938267263427 0.6470600344060446,-4.3857229458392615 15.92794226968652 804.1929778597022,0.69
49,564,3,1.0,0.03615197581987658 0.726775124640124 0.6859234307476685 -0.8713084930888678 0.3590548002252738 -0.3345163079827281 -0.4894022318252397 -0.5855574853415515 0.6462258791204152,-8.007159384850937 15.850625422483652 802.6367537473179,0.69
49,570,3,1.0,0.033404564635849676 0.720225391892971 0.6929354370604138 -0.8701928244512274 0.3619712917097596 -0.33427717877767854 -0.4915776473102544 -0.5918210615131786 0.6388264614230774,-10.766381910429981 13.668899320327185 801.2074518553325,0.69
49,576,3,1.0,0.03838420360291465 0.7174470780851011 0.6955547017028357 -0.870770365811996 0.3654718180711051 -0.32892144992299355 -0.49018937456600714 -0.5930430341408218 0.6387599993108799,-4.914548372371714 13.25024499194618 801.8685814939057,0.69
49,591,3,1.0,0.04184227510438426 0.7144720718616812 0.6984116855721741 -0.8737529604183947 0.36518744466330694 -0.3212380650240194 -0.48456680465564406 -0.5967979463687534 0.6395523614496764,-8.787656464688645 17.622100780833662 799.5521447791565,0.69
49,594,3,1.0,0.03712364756295547 0.7135740117313019 0.6995955721510232 -0.8803652627262614 0.35460763597063494 -0.3149768700972161 -0.47284124077383816 -0.6042065493628919 0.6413701012133665,-5.124687860739679 18.542094592500572 800.5920121559598,0.69
49,617,3,1.0,0.04828143466856554 0.7055739905678114 0.7069895663307627 -0.8831851921867624 0.3607614627869142 -0.29972501275315344 -0.46653276344580236 -0.609931562392094 0.6405705814580959,-7.716582568697332 18.855228282148573 801.3473099092208,0.69
49,629,3,1.0,0.04986062932914355 0.707870078986223 0.7045806333691973 -0.8840343583275327 0.3595530791699815 -0.29867178734492517 -0.4647549579502399 -0.6079815248306669 0.6437090138604924,-18.848421812373243 14.928711004755476 795.3122389834928,0.69
49,631,3,1.0,0.05199145182671203 0.7063771265200305 0.7059236814743189 -0.8841255431120862 0.3612406241152572 -0.2963566019267637 -0.46434783616779085 -0.6087171482865613 0.6433074851330166,-21.613641528919285 16.397584062514138 793.1881772898668,0.69
49,651,3,1.0,0.05426065234199434 0.694919320845463 0.717037599518394 -0.8886112315264147 0.3611377474391434 -0.2827536146182567 -0.4554402933563624 -0.6218252687775411 0.6371086832693528,-21.234877280514603 20.644529023458716 790.5361851942303,0.69
49,669,3,1.0,0.04910532504147515 0.6835406935603754 0.7282587365075494 -0.890397642727036 0.36031222072923413 -0.27814949473134865 -0.4525270211586354 -0.6347812409327865 0.6263162709694867,-23.918351641776994 13.677263283062949 786.6083645003312,0.69
49,762,3,1.0,0.040976671743775735 0.6517568450347477 0.7573202277261292 -0.9041961790840571 0.3467029652860021 -0.249452046677684 -0.42514724755382705 -0.6745443416205091 0.6035227825734172,-22.78842147880453 22.01665922632063 778.7863628397232,0.69
49,1024,3,1.0,-0.0032222740699968623 0.5368153389281205 0.8436936107624047 -0.9170111028366528 0.3349233295440209 -0.21660332546259148 -0.39884866080272074 -0.7743743637405835 0.4911864112098807,-24.73649406800046 9.849184677467662 770.7234041386173,0.69
49,1036,3,1.0,-0.014864218763592788 0.5525498744188749 0.8333472813180788 -0.9204882748973885 0.31792166159451785 -0.22721609288386868 -0.39048737595084687 -0.7704637910821416 0.5038900235709735,-34.98423952435547 13.766093087257707 767.4439907667527,0.69
49,1052,3,1.0,-0.014968565836367494 0.5504199528696752 0.8347537466341489 -0.9198427772966529 0.31971780707353814 -0.22730989616659486 -0.3920015396551178 -0.7712447078087689 0.5015141010828953,-41.04346388967569 14.45114508487018 766.3042579284405,0.69
49,1067,3,1.0,-0.019736808155942556 0.5518752685818732 0.8336930768163426 -0.9216393801454569 0.3131770448759125 -0.22913094842881385 -0.3875452378354203 -0.7728866841203017 0.5024488651998448,-47.0850364569861 16.98519579516582 764.4652886698437,0.69
49,1095,3,1.0,-0.009295520799216597 0.5652021681866553 0.8249000559887092 -0.9196183948031997 0.31913671926849435 -0.22902786370686173 -0.39270294273490997 -0.7607221986320936 0.5168037686353458,-59.002624072985554 14.752220397373517 761.8598974256113,0.69
49,1102,3,1.0,-0.0073547574911204845 0.5685615713551395 0.822607833126102 -0.9197887750991 0.318917016422946 -0.2286493950081296 -0.3923448951419456 -0.7583071120687577 0.5206109939695809,-60.77065743045188 14.563208177996206 763.4517161232452,0.69
49,1130,3,1.0,-0.00974343222501273 0.5549730722948907 0.831811249356515 -0.917704405812101 0.3254177461707792 -0.22786380588015478 -0.3971444184192133 -0.7655770238876687 0.5061305477974674,-56.45467050916321 15.81702410917037 762.2201650163726,0.69
49,1144,3,1.0,-0.013880822074131636 0.5384962219411792 0.8425135854890546 -0.9211715127980536 0.3208375582188289 -0.2202414703127554 -0.3889092012126883 -0.7791566467606217 0.4915938903412586,-52.7230503000785 19.684273645195013 757.0640630147664,0.69
49,1150,3,1.0,-0.013935132121274202 0.5349989723045555 0.8447377769022959 -0.9200790540864203 0.32390544745003563 -0.22031748760284647 -0.3914847970537307 -0.7802956880217025 0.4877276831701661,-53.684636468793244 22.033945833809206 756.9604795882175,0.69
49,1157,3,1.0,-0.016079673560203768 0.5361150637343006 0.843991755016222 -0.9187627978050663 0.3251037068191276 -0.22401451109664577 -0.3944824019745416 -0.7790303063742949 0.4873350144231033,-58.154010462101006 22.381967463530884 752.4805120203816,0.69
49,1168,3,1.0,-0.01911152621085658 0.5440078859389211 0.8388624259091337 -0.919002777508828 0.3208960901830909 -0.22904059517095463 -0.39378756264888704 -0.7752942146962477 0.49381194412607804,-64.03188852576572 29.852338617011462 749.3092705510684,0.69
49,1172,3,1.0,-0.02083491914451184 0.5371941677843705 0.8432012406553363 -0.919768352875541 0.3203021585100896 -0.22678779575275 -0.39190825864334056 -0.7802749216476418 0.4874207253030076,-63.881796384894066 29.304483309658487 750.6981286686871,0.69
49,1179,3,1.0,-0.021932306056312034 0.5369732927466567 0.8433140914439089 -0.9199514108148588 0.31940798332231674 -0.22730583347050717 -0.39141841511457226 -0.7807933292919351 0.48698398458513237,-67.94446710875997 30.519422779171432 746.1632000979773,0.69
49,1269,3,1.0,-0.01362449864823465 0.48324830243318945 0.8753773193497898 -0.9082956332580566 0.36008794400613336 -0.21292185229746063 -0.41810694282794514 -0.7980023501073632 0.4340263051730781,-62.99728213272875 19.839639463309524 730.8145900370839,0.69
49,1491,3,1.0,-0.016240412462948463 0.35541172569485735 0.9345687530843503 -0.9092505395589441 0.3835703043726399 -0.16167027529898648 -0.4159323326152981 -0.8523827349507284 0.3169289634020745,-63.41153559803008 24.895870825575553 750.9070330478106,0.69
49,1554,3,1.0,-0.025019420241243193 0.3208734927302508 0.946791545311787 -0.9052495080395492 0.3945546617965754 -0.1576386597530725 -0.42414308529663247 -0.8610266084841284 0.28059904254536117,-69.54484324943769 9.634617197802152 752.78655685427,0.69
49,1557,3,1.0,-0.03539784174810452 0.3069381183039549 0.951070967032221 -0.902224475397075 0.39947923824867143 -0.16250333597417113 -0.42981157359248606 -0.863831771666387 0.2627863799089707,-74.5777940628112 5.8260009110086095 753.8223867111562,0.69
49,1565,3,1.0,-0.025685594133605837 0.3262808733496473 0.9449238286445075 -0.9039363038450975 0.3960690039823432 -0.16133351380075475 -0.4268950794338905 -0.858294900235709 0.28476385898583867,-82.75589885871261 0.25654970077751194 751.6873700951114,0.69
49,1568,3,1.0,-0.033746700312403476 0.3045715472438535 0.9518914501283797 -0.9020942044488671 0.40070483829072573 -0.1601926305114211 -0.4302176269259433 -0.8641017331193642 0.26122976151717736,-85.14365364054228 -0.31717109913382435 752.5571112810569,0.69
49,1575,3,1.0,-0.029607839271912965 0.3285338859111743 0.9440279983463158 -0.9000842215782903 0.4019744105443709 -0.1681218823749841 -0.4347088334959974 -0.8546824317111055 0.2838065732236301,-91.24463058770483 1.0883662219815897 754.0221217251213,0.69
49,1582,3,1.0,-0.03048682169718116 0.3052307376222908 0.9517902870450802 -0.898804551794256 0.40822220082674254 -0.15970288797043394 -0.4372881559986857 -0.8603422758197592 0.26189737887299785,-86.8643013621786 5.343712674516533 760.6843380568816,0.69
49,1587,3,1.0,-0.03782446288030991 0.30296625320229387 0.9522503659376453 -0.8996739156777717 0.404422306680095 -0.16440633597455168 -0.4349208611423943 -0.8629333967810694 0.25727377880974023,-87.99499657566041 6.829771353825027 760.6558086004464,0.69
49,1592,3,1.0,-0.035374999201602544 0.30370202862859175 0.9521101234827637 -0.8999240955701644 0.40463395861976376 -0.1625053283554737 -0.4346092861912959 -0.8625754676192553 0.25899484747329365,-87.84171016321298 6.624179928009603 761.6614905961643,0.69
49,1595,3,1.0,-0.03853208776528947 0.294404626081927 0.9549037618283887 -0.8999050309116361 0.40518438895774767 -0.16123444509429213 -0.43438026376940264 -0.8655353990949746 0.24932360369834014,-88.87519315623929 5.800206301590294 763.0483985307724,0.69
49,1614,3,1.0,-0.04654735286866132 0.2691341866404334 0.9619772001052372 -0.8931650355609002 0.420026541357124 -0.1607293495509382 -0.44731371898525046 -0.8666859258906682 0.22083012174660316,-75.4615556544401 -3.4884722112757727 763.6447758325413,0.69
49,1615,3,1.0,-0.047581034686755605 0.26344045413442024 0.9635015164822464 -0.8942255640500176 0.4185744963279794 -0.1586065308340304 -0.4450805384844029 -0.8691343498845437 0.2156589810631718,-73.6969210191731 -4.125125658125055 764.22526466178,0.69
49,1618,3,1.0,-0.045228771200158266 0.27192649692102594 0.9612545648931832 -0.894227264735459 0.41792501258366965 -0.1603006015605652 -0.4453223071657908 -0.8668302395101352 0.22426185277781427,-74.36146694590894 -3.2703349321130335 763.0768390456558,0.69
49,1631,3,1.0,-0.036257018467420556 0.2821939583153892 0.9586719973495343 -0.8950093179454602 0.4175898267051006 -0.15677071608947285 -0.4445714221614511 -0.8637044092296255 0.23742566010153193,-72.4417533035976 0.9400084826504771 762.6260464781965,0.69
49,1641,3,1.0,-0.04170054173120704 0.26370958883694506 0.9637003256068625 -0.8982490284571805 0.4124620952445719 -0.1517356347803278 -0.43750399734751555 -0.8719703393705016 0.21967698915234085,-72.81401679893834 8.203566839093796 769.2213817758224,0.69
49,1644,3,1.0,-0.04767880401344026 0.25095316110826993 0.9668243080196192 -0.9004541127923482 0.4081407820765773 -0.15034458008609738 -0.43232987683387414 -0.8777491742722904 0.20651214167966103,-70.66230145606119 10.019727646855142 771.4797155094096,0.69
49,1655,3,1.0,-0.04197274851471993 0.25001976123649183 0.9673305574483666 -0.8920248170570009 0.42672184683370906 -0.1489972858452522 -0.4500333478049639 -0.8691366891496843 0.20511314301472824,-75.72847509495989 0.9693826515365349 774.3573431992896,0.69
49,1671,3,1.0,-0.03853302523351253 0.23898074135956807 0.9702594556228687 -0.891492321490912 0.43039902019178794 -0.1414147239176084 -0.4513941145928888 -0.8704279916668471 0.19646491960073162,-74.6095568198466 5.564239819276283 778.1028277957375,0.69
49,1677,3,1.0,-0.041346229450752746 0.2446680010216524 0.9687249653984736 -0.89086250106396 0.42996208294549476 -0.1466172275936122 -0.4523875479146961 -0.8690628150515012 0.20018823638388103,-79.94370182897359 4.476085450793395 784.1199418834175,0.69
49,1682,3,1.0,-0.040300186197081665 0.2511070823654063 0.9671200174634027 -0.8906793940569453 0.42963721530090215 -0.14866768388200305 -0.4528422595063687 -0.8673852064765796 0.20634144419080525,-88.84744221568664 2.8407985171572596 787.3466188267349,0.69
49,1688,3,1.0,-0.03087553774971961 0.2636513272637806 0.9641237881105892 -0.8909327092149899 0.4299869703912729 -0.14611677844988494 -0.4530845493056498 -0.8634808526688839 0.22161951235104466,-95.07895924524064 2.7353280153480055 786.8135464504384,0.69
49,1881,3,1.0,-0.08869080941969494 0.17668854504127945 0.9802627700650859 -0.8814021241525024 0.44449263236391917 -0.15986430281226327 -0.46396577014251444 -0.8781841821767177 0.11631124756735173,-89.02914916212605 8.353857699420164 753.8326649468798,0.69
49,2061,3,1.0,-0.12387979672121148 0.09540522928302249 0.9877001762629011 -0.8973979223634988 0.4140133542049094 -0.15254478515398814 -0.42347463312692946 -0.9052573030721456 0.03432856438242643,-102.2149172675933 -6.489753500823884 728.9954291700604,0.69
49,2064,3,1.0,-0.11307921790074117 0.11665148057659011 0.9867145091455004 -0.8982966191878559 0.41237232024499415 -0.1516979019348272 -0.42458953641679026 -0.9035161877769814 0.05815689116799067,-100.56502877791395 -7.294272957437637 730.2341029247049,0.69
49,2089,3,1.0,-0.1060499713702098 0.10087835430754948 0.9892304894232576 -0.8992064291342735 0.41495311529631745 -0.13871449062541952 -0.42447756286518407 -0.9042330837444965 0.046704698756680055,-104.50608277260989 -6.489121518453652 733.4670066803317,0.69
49,2097,3,1.0,-0.09859788199076433 0.08745220157557444 0.9912772417979346 -0.9060362216895839 0.4040801605914376 -0.12576799594038682 -0.411554155189081 -0.9105335448274181 0.03939341430516561,-102.21729705886048 -1.4592634902619248 735.2854177520959,0.69
49,2119,3,1.0,-0.09837666039436016 0.07951992384753358 0.9919670430013968 -0.9042018902590958 0.40916896253413587 -0.12247326953510042 -0.41562119091972544 -0.9089869866010303 0.031649389385066,-91.43257912136306 -6.622472860048626 734.8349122819151,0.69
49,2123,3,1.0,-0.10649151756403279 0.05646897641954762 0.9927088250786518 -0.9047775022039558 0.40854133856799524 -0.1202981553750558 -0.4123557059050835 -0.9109913442965298 0.00758567230514487,-91.39710824260091 -6.340284075643825 733.629691834038,0.69
49,2146,3,1.0,-0.11219330574558511 0.053470917123731254 0.9922467047906103 -0.9044901385735257 0.40799242635592126 -0.12425686805747786 -0.41147326932514383 -0.9114181483041448 0.00258989820686422,-97.14527416110386 -5.438380278691634 744.004557140893,0.69
49,2151,3,1.0,-0.098819464123272 0.06219860657262904 0.9931596280814144 -0.9098788812255426 0.3984756712766876 -0.11548835828925888 -0.40293316444559896 -0.9150674689557138 0.017216046260367705,-101.69807074017073 -8.231253702365732 739.1270815913317,0.69
49,2173,3,1.0,-0.1095619530275263 0.041461031280057944 0.9931148782160035 -0.9040681685702936 0.41109001991770505 -0.11690056502008897 -0.4131064330493407 -0.9106514033422745 -0.00755622683591081,-99.72344306841447 -14.107874340386603 743.7172304644104,0.69
49,2196,3,1.0,-0.11979352294720762 0.012404360577336411 0.9927213323478872 -0.9030103470001591 0.4141782696188068 -0.11414321787221329 -0.41257947727746846 -0.9101112529873691 -0.03841460809655948,-94.01792489713962 -22.892506266454195 737.106093897445,0.69
51,1,3,1.0,0.08731782987038735 0.9677546199173203 -0.23627651642812308 -0.868063680600459 -0.04244183554223131 -0.49463535763043676 -0.4887136615740451 0.24829354849550392 0.8363667083082635,-45.93554580822616 106.24074637159238 913.3132594455592,0.69
51,35,3,1.0,0.06645892118679017 0.9698126322028926 -0.2346202681235891 -0.8757001014542111 -0.056015641118140044 -0.47959522543829514 -0.47825991271250484 0.23733037388800535 0.8455422813333504,-40.64098262497923 123.87906836447131 922.1878858826922,0.69
51,56,3,1.0,0.054869841909058935 0.9711641300904866 -0.23201192399198792 -0.8695711576250683 -0.06772631437198129 -0.489141235399539 -0.49074973487050816 0.2285899795861071 0.8407801846840532,-49.87007834823691 124.1102175923897 931.5075972195535,0.69
51,83,3,1.0,0.06974521386129777 0.9697829330305249 -0.23378765567530435 -0.8640073803631029 -0.05841703664935536 -0.5000786903150308 -0.4986249610895251 0.23687235514475097 0.833825302774297,-58.29562589446377 111.83402520719069 925.8687157976233,0.69
51,100,3,1.0,0.06725634346511734 0.9704261944520991 -0.23183956820378776 -0.8559001826128187 -0.0632995108121696 -0.5132524226287526 -0.5127489265391452 0.2329510099831218 0.8263306634034571,-56.802875059514385 105.79692651108584 931.5831014630821,0.69
51,116,3,1.0,0.05585671439964069 0.9765714513883723 -0.20781777544205807 -0.8498914194764302 -0.06273003128214939 -0.5232107780576383 -0.5239891244642543 0.20584737916366355 0.8264758035990136,-49.93697279499112 95.59383461211351 939.2531489398868,0.69
51,138,3,1.0,0.03447670749295172 0.9817934149672706 -0.18679680663049827 -0.836101371388573 -0.07405630560041832 -0.543553272792065 -0.547490505308168 0.17492099338765438 0.8183256030882107,-37.94280686518836 74.32824932213556 945.2316627069163,0.69
51,169,3,1.0,0.03466769784126332 0.9853903303197286 -0.1667454576255793 -0.8298108116461433 -0.06460200356268891 -0.5542928810753894 -0.5569669358243418 0.1575832416472738 0.8154479470514235,-36.775914390289095 79.89992538033958 941.9837558091556,0.69
51,240,3,1.0,0.08179512333043645 0.9937925481966621 -0.07540509895322098 -0.8444397928009171 0.028918697533115396 -0.534869278672212 -0.5293684861546847 0.10742476475084581 0.8415633819175614,-24.5117153097414 102.33554880652362 961.0594515676618,0.69
51,407,3,1.0,0.14626000309839407 0.9880582923977841 0.04846465018581206 -0.8363888349173795 0.14967328933406807 -0.5273060053569172 -0.5282629348337878 0.036588485673714664 0.8482921397707857,-51.414036636930895 88.34237329903567 976.9658477284094,0.69
51,515,3,1.0,0.08585908580020413 0.9907377832178424 0.1051991553680447 -0.8497438357788876 0.12794577244736335 -0.5114345440705308 -0.5201573136478397 -0.04548103140260203 0.8528586312169322,-49.67837792728262 100.60492470571276 999.3379020789431,0.69
51,520,3,1.0,0.08462290285872379 0.9893664711928977 0.11829180018529122 -0.8500339474926587 0.13362254941145843 -0.5094971073507978 -0.5198858070978775 -0.057436921645368975 0.8523026150435611,-45.98284662102064 99.26044855925453 996.084682319874,0.69
51,532,3,1.0,0.09729752975234517 0.9877581336516007 0.12193055445292827 -0.8492814748509473 0.14627557775770353 -0.5072715562956888 -0.5188970680000915 -0.05419709177397802 0.853116936922572,-44.5449948484565 100.79308293489125 993.3476654875656,0.69
51,546,3,1.0,0.0901772219973261 0.986505917445952 0.13665336979732692 -0.8565545568182777 0.14682923929093314 -0.4947276682004858 -0.5081164825379008 -0.0724378998409384 0.858236791823763,-37.30136709244123 98.1815898649534 987.7742021724395,0.69
51,553,3,1.0,0.07279212763898782 0.985998975797286 0.15002441761424185 -0.854876023070868 0.13916199336315446 -0.4998208927023067 -0.5137005852949035 -0.09186925127536748 0.8530367807649195,-42.366456404286744 101.50446434755955 988.1366200724865,0.69
51,571,3,1.0,0.07454442286846594 0.9849127546021086 0.15617296450184032 -0.8593264469877298 0.14290378064354353 -0.491056582264433 -0.5059655981651832 -0.0975980291802434 0.8570142578589224,-40.67196283306429 105.01451969860226 979.7938678087465,0.69
51,582,3,1.0,0.08592311974762551 0.9828127082634244 0.16339032397528555 -0.8671313262785931 0.15452822109727465 -0.4735021561417014 -0.4906123525546046 -0.10099608586685611 0.8655052340456475,-40.56649436298386 123.33655108089648 979.1667901083158,0.69
51,601,3,1.0,0.10761298988136475 0.9773837048245315 0.18204542826521825 -0.8681259378419199 0.18161991258811253 -0.4619215987562968 -0.4845377182994949 -0.1083295938096317 0.8680368071978053,-37.838328814436615 114.55121354446575 973.665703461397,0.69
51,611,3,1.0,0.11540299454136548 0.9735582319053047 0.1971459305699783 -0.8596784195283805 0.19731970445695285 -0.47118780675035143 -0.49762954479016985 -0.11510561811848236 0.8597182868995459,-40.453632593000975 109.11128200305544 974.1634809949295,0.69
51,618,3,1.0,0.13915201818172976 0.969621132110769 0.20117548558455906 -0.854876149235667 0.22015917062367593 -0.46980496917156284 -0.49982345413550744 -0.10660581482511486 0.8595415725498822,-44.448299623409845 102.91221009467854 970.3571658313564,0.69
51,636,3,1.0,0.1179891319972691 0.968674664085413 0.2185130657181488 -0.8656201895198642 0.2081609118612148 -0.4553797561033009 -0.4866007112881417 -0.13541945920775383 0.8630650716149707,-39.973297120105485 112.85545414705214 954.5657020223489,0.69
51,637,3,1.0,0.11848100753653601 0.9693553694023406 0.21520320319172898 -0.8702781287158728 0.20572791548525093 -0.44753994622703 -0.47809855629558917 -0.13426165722553468 0.867983627649236,-39.48350274517391 113.03762547621277 956.5793316727654,0.69
51,649,3,1.0,0.11363022132189558 0.9704156360830487 0.21302973043185355 -0.8640076674220137 0.2023745149482788 -0.4610155163716498 -0.490488453929659 -0.1316740253238277 0.8614424110854497,-55.7125185383208 105.85857302168154 949.8328403425195,0.69
51,654,3,1.0,0.1341382821316891 0.9672974082857094 0.21527341960982485 -0.8638804210668025 0.22057557270381145 -0.4528322369529678 -0.4855075070111718 -0.1252283540183051 0.8652169207693887,-53.70567286809246 105.54597828993462 948.9161741533956,0.69
51,669,3,1.0,0.1341843205955426 0.9646426070203433 0.22684622286321646 -0.8704107490001006 0.22415610283959594 -0.4383368220727623 -0.4736873400581828 -0.13863146208837293 0.8697135284608625,-50.50585854257724 115.98603642368128 940.0974083224826,0.69
51,672,3,1.0,0.1145555815400348 0.9662419647636579 0.2307671646220308 -0.8720145275614561 0.2090846261225498 -0.4425768665903858 -0.4758862074695957 -0.15053266970614912 0.8665288413499835,-47.31733149294995 115.93036386460382 936.3704750642755,0.69
51,675,3,1.0,0.13163560891446943 0.963404300100421 0.23350422054801287 -0.8702370803994586 0.2251119470453764 -0.43819177901378553 -0.4747204339014106 -0.14552238949885932 0.8680228935869136,-44.942266449031656 111.66699878061779 940.9839260069201,0.69
51,681,3,1.0,0.12964701353023528 0.9629512320478053 0.23646686148444804 -0.868717445205875 0.2252810192783793 -0.44111048814086534 -0.47803938360523107 -0.14823423036029393 0.8657395455169079,-45.147994498099706 110.2508627340485 939.8658862860776,0.69
51,685,3,1.0,0.11763558638612724 0.963860802993831 0.239027657955474 -0.8739579315672868 0.2147787640420627 -0.43596744874725785 -0.4715500001762496 -0.15761483105549165 0.8676394195546485,-48.18212344950888 111.95178540062298 933.2657300048029,0.69
51,694,3,1.0,0.1255279543150709 0.9631910944991665 0.2377091671832872 -0.8697101465298188 0.22212089753456518 -0.44075681265468913 -0.4773332103557796 -0.1514107735794842 0.8655794498112279,-52.87798822670469 111.69562373348091 930.576761586226,0.69
51,698,3,1.0,0.13223732818115227 0.9625670064818291 0.2365968027428111 -0.8685072628467335 0.2275541586143615 -0.4403569453066288 -0.47771165300627255 -0.1472544156550855 0.8660875900577806,-52.45978935429517 106.59790299567332 926.0008439464295,0.69
51,780,3,1.0,0.14613274546255148 0.9550390912749986 0.257964251089568 -0.8774770826489965 0.24554823652605787 -0.41199518560870324 -0.4568141746152187 -0.16615173088345414 0.8739075535747756,-62.15054150537905 102.24449804705999 899.3154179737892,0.69
51,946,3,1.0,0.1273279614906443 0.9304175987475642 0.3436723471032465 -0.8961909525055121 0.2563893093236437 -0.362086037720053 -0.42500513746294843 -0.26189237103314467 0.8664773621536442,-57.381784149213 82.71285516858525 837.632380063397,0.69
51,1038,3,1.0,0.11742545353107152 0.9094546209064898 0.39887787024959814 -0.9049387001238037 0.26342244532076137 -0.33420736724295996 -0.409019818445589 -0.32171556973989357 0.8539331825767601,-51.183956004728905 82.0590274766127 818.1157022162909,0.69
51,1045,3,1.0,0.11183140266521632 0.9118048970768259 0.3951019704388339 -0.9064990443581075 0.25649920285504507 -0.33536195597080554 -0.4071280142114619 -0.3206555606900424 0.8552349334789747,-52.132742328653976 81.10540149953039 816.9542719877268,0.69
51,1057,3,1.0,0.1001062551705026 0.9072558095549009 0.40849190163896804 -0.9068510967938348 0.25212091028618 -0.3377219786159706 -0.40938957719946484 -0.3366332464646802 0.8479848061463684,-53.214147754723655 74.89494615499295 810.7303871677739,0.69
51,1063,3,1.0,0.10392562660114414 0.9062377298246439 0.40979585305104704 -0.9084619857308446 0.2542079222450487 -0.33177575672406545 -0.40484106093321426 -0.3378039509984019 0.8497012451870002,-48.55516639233542 73.78962209788853 816.3404831120117,0.69
51,1076,3,1.0,0.09833483605279257 0.9047175235612803 0.41450749399693043 -0.9115519065877793 0.24899776672434745 -0.3272204666008412 -0.399253530497421 -0.3456679255115125 0.8491821380940097,-49.383651477765476 84.37150919618743 811.7001824876751,0.69
51,1080,3,1.0,0.09931832279715738 0.9036849963166054 0.4165204655104198 -0.9092086272002021 0.25250245248249964 -0.33103199802292105 -0.4043210889645553 -0.3458264578116901 0.846716315005171,-51.49585457688475 82.30823682925728 809.0513718810146,0.69
51,1091,3,1.0,0.07345683082431656 0.909448154930684 0.40927759222613586 -0.9136981280565688 0.22584653171981106 -0.33785954906744126 -0.39969966824000475 -0.3491380781342931 0.8475510471974668,-63.67501284558265 76.48817974338832 807.5564223284881,0.69
51,1092,3,1.0,0.08244211082381202 0.9112883341853111 0.4034313700503172 -0.9133058171424577 0.231091789152922 -0.335364084779287 -0.3988430552694398 -0.3408080940410059 0.8513366315973226,-61.95453028965461 74.78969607730089 806.7649082830524,0.69
51,1110,3,1.0,0.10162902031149382 0.9068841297417739 0.40894097062171747 -0.9084434558889599 0.25214294937257775 -0.3333982911387236 -0.40546520156858035 -0.3376168069042236 0.8494779938366547,-70.26947376682531 71.5011843769909 806.60332315648,0.69
51,1111,3,1.0,0.09502739132308029 0.9050322026447886 0.4145919766158672 -0.9061153090459416 0.2510988321149566 -0.34044738686481546 -0.4122194095514022 -0.3433163099627319 0.8439248009761691,-72.7804994999326 72.57836033152442 805.8323532983222,0.69
51,1149,3,1.0,0.11561307745594884 0.9013395072472564 0.4173975431126031 -0.9033713472986726 0.2701254043358987 -0.3330952938907243 -0.4129816281639483 -0.33855480886798744 0.8454743143297814,-77.97471757773174 63.019644278261 806.6048927356705,0.69
51,1150,3,1.0,0.11772847055602882 0.898877823211564 0.42208845774195103 -0.9040841567602909 0.2728569042703473 -0.3289087218166113 -0.4108185058095272 -0.3428815666238755 0.844784224849153,-78.48563138247508 63.597425452139326 806.4568503401039,0.69
51,1160,3,1.0,0.1276913609929336 0.8997958890146285 0.4172077113862433 -0.9048789575568729 0.277912052545804 -0.32242667882879217 -0.4060652515280756 -0.33635137752379224 0.8496933342914303,-79.51552741063576 61.465776479495446 806.2521814598463,0.69
51,1182,3,1.0,0.09781221231123172 0.8918073695262652 0.4417152779579013 -0.91189441723105 0.2580807176536976 -0.319128367586143 -0.39859922597218683 -0.3715830443305993 0.8384776074650878,-62.96472832978539 68.22629684936157 800.4858728686269,0.69
51,1220,3,1.0,0.1047356499565849 0.88103242473216 0.461315846463941 -0.9197938618682815 0.26220478516370155 -0.2919381823377842 -0.3781662270716465 -0.39373914868581167 0.8378304049714168,-60.85426758490751 77.25358081699258 802.7485205863927,0.69
51,1528,3,1.0,0.050765853631877314 0.8588711290765798 0.5096697084816273 -0.9131108586438655 0.24662946380277387 -0.32465746165923565 -0.40453848757774447 -0.4489034319573377 0.7967649093962625,-81.42908543202032 66.5635138802445 804.091744263377,0.69
51,1536,3,1.0,0.05377820065291534 0.8551682585746287 0.5155532510429662 -0.909181096569196 0.25543037873525565 -0.32885415499944376 -0.4129135972280022 -0.4510460853899538 0.7912394012425251,-80.86576905911485 67.94437918950977 798.754583292033,0.69
51,1545,3,1.0,0.04038588493724161 0.852690440952018 0.5208531388087135 -0.9104789520617136 0.2461273688275331 -0.3323392786997035 -0.4115787387006765 -0.4608040041309192 0.7862967707084088,-79.2724542879623 79.74720567274157 793.580230694807,0.69
51,1566,3,1.0,0.04188907670162988 0.8405191553919956 0.5401600269107405 -0.9019673294130577 0.264364170518112 -0.34141839730416756 -0.4297676603986868 -0.47290499549634407 0.7691947889254338,-75.03448090972255 75.7871778820268 788.7602595188868,0.69
51,1571,3,1.0,0.05014904162569239 0.8422565913832055 0.5367391432489046 -0.906975654160278 0.2634289176012976 -0.32863409459753984 -0.4181868438683363 -0.47032865067200863 0.777116930694788,-69.77299000581262 75.24560797129726 791.7773988802876,0.69
51,1584,3,1.0,0.0571592764882372 0.842880836500186 0.5350558032318574 -0.8982995106123618 0.27728160500787946 -0.34084145985757786 -0.4356498666876094 -0.4611581149508282 0.7730086588584033,-68.78502626893808 69.30397281089888 791.3938974512614,0.69
51,1588,3,1.0,0.04846416642620384 0.8365965775321983 0.5456715046930943 -0.8912254833523432 0.2828772163208807 -0.3545385991819967 -0.45096381495192733 -0.4691339328464335 0.7593055976720059,-70.95329765052968 63.25953486231324 785.9587159658082,0.69
51,1603,3,1.0,0.06735284343279488 0.8272435192407849 0.5577918557630964 -0.8716780236987975 0.3207908714466972 -0.3705005260414978 -0.48542869453924486 -0.4612606385446197 0.7426961733086647,-65.34054904340056 51.750299293574805 781.2660491131295,0.69
51,1611,3,1.0,0.0931401350696984 0.8314017317705574 0.5478102551505558 -0.8652632868175762 0.33979659321350253 -0.36858882203092086 -0.4925894433753558 -0.4396696892548038 0.7510300956857462,-66.81292496423451 46.24923692614454 781.2494678510776,0.69
51,1617,3,1.0,0.08182509120935617 0.8294508178736878 0.5525540653884022 -0.8631982658477586 0.3361125430993807 -0.3767188768945481 -0.49819013266623735 -0.44613865456821483 0.7434829470902876,-70.4046737435961 46.957073847666194 775.1166583325912,0.69
51,1628,3,1.0,0.08359033765770413 0.8238174439884036 0.56065807265274 -0.8678328526868772 0.3367103146440207 -0.3653659861148578 -0.4897742288520586 -0.456016428424173 0.7430815714035931,-57.79102515247007 57.17759306144828 774.0822523011063,0.69
51,1629,3,1.0,0.08480953945732014 0.8260714105973395 0.5571475267922844 -0.8660517802321698 0.33761415262120903 -0.36874245471135053 -0.49270848985351057 -0.45124572966797694 0.7440535165448033,-58.49650823608302 59.253946818828716 772.7304652380625,0.69
51,1645,3,1.0,0.08472701401407474 0.8220907062762575 0.5630170545822415 -0.8614498925694585 0.3443917463499827 -0.37322701890146903 -0.5007248902224928 -0.4533885703237481 0.7373692349233597,-48.903125824389406 57.03532144569652 774.4825323736961,0.69
51,1650,3,1.0,0.08100015691851264 0.8214309336609746 0.5645265235611477 -0.860537281649802 0.34341372578653157 -0.3762214771011644 -0.5029061159599725 -0.4553221213232145 0.7346885083923537,-45.82587357087545 57.278609143696926 768.8591038025373,0.69
51,1673,3,1.0,0.05256979286138743 0.8062271379409554 0.589265830441615 -0.8598008537153293 0.3366692055123878 -0.38392230725766413 -0.5079162419424108 -0.4864685479115718 0.7108934118866941,-18.941516036745107 58.92470961710691 760.6817534865766,0.69
51,1674,3,1.0,0.047678830785650814 0.8052740016349457 0.5909826658927948 -0.8604433447437535 0.3336064222366599 -0.385154521625591 -0.5073105356496116 -0.49014338446346145 0.7087986195567872,-18.16439254341968 59.51814759973144 762.2147574616606,0.69
51,1687,3,1.0,0.05619240194819962 0.8074746279773938 0.5872198388474803 -0.8576424533183141 0.3401561691372254 -0.3856724035551807 -0.5111671314056055 -0.48195280450543687 0.7116387131121432,-18.888165345520257 55.629140325205654 755.2983037628427,0.69
51,1693,3,1.0,0.05635219712627646 0.802206408520627 0.5943814499187189 -0.8543333718604811 0.3468163184814908 -0.3870825893274543 -0.5166613200197423 -0.48598695390245067 0.7048955674651918,-19.362635936174463 58.803604122490334 753.9027509730801,0.69
51,1698,3,1.0,0.05673295802251065 0.8064826763577223 0.5885295780238246 -0.8581865100476548 0.3406258353731688 -0.3840442087163366 -0.510193380441419 -0.48328018065219314 0.7114372646569341,-18.638563390055346 60.44570220015111 750.2616753889102,0.69
51,1699,3,1.0,0.05381023124247974 0.8036552911496571 0.5926572635349969 -0.856824433806868 0.34195372404803065 -0.3859009461522782 -0.5127926955848447 -0.4870378051207558 0.7069920987804503,-18.113586498761947 61.11877109799218 751.2606191586988,0.69
51,1700,3,1.0,0.057727691774467946 0.8074010794106176 0.5871720451187726 -0.8576218438994405 0.3411730843972912 -0.38481904753970136 -0.5110306120663575 -0.4813568566556512 0.7121399371483634,-20.167708192027433 63.02449146485729 748.9985211603366,0.69
51,1708,3,1.0,0.0565730128726373 0.8030694395883964 0.5931938716926298 -0.8539910713038955 0.3467097542195263 -0.38793246379010465 -0.517202807753146 -0.48463576170998246 0.7054285464340443,-15.705837444660087 58.88567257727094 746.5128669760934,0.69
51,1709,3,1.0,0.04995951389217484 0.8015604802092209 0.5958228289839372 -0.8525799354774263 0.34495205273219226 -0.3925755149485958 -0.5202033262032894 -0.48837370719830087 0.7006280193686393,-16.391292995982678 59.029024536085316 744.8458057747312,0.69
51,1715,3,1.0,0.05414705723174001 0.8038231756267227 0.5923988508754165 -0.8526499665036971 0.3459771384937987 -0.39151992830619387 -0.5196692513651225 -0.4839092083903906 0.7041134476919175,-17.82151707787931 60.94535305956959 743.1710388673567,0.69
51,1717,3,1.0,0.05172293517035256 0.8082577919421529 0.5865527084091932 -0.855230057350892 0.33912290074624407 -0.3918892792524989 -0.5156610194507173 -0.48136784266738253 0.708786789567073,-18.58383806651002 61.67141559349332 741.446574610794,0.69
51,1729,3,1.0,0.04887490920121767 0.8049679223902951 0.5913018579145719 -0.8554190358106765 0.33935539714337726 -0.39127507919926763 -0.5156253644103487 -0.4866873312017811 0.7051708482519559,-18.304866389543616 71.54538045291802 738.6807610903071,0.69
51,1927,3,1.0,0.06558401457426455 0.8973288428426719 0.43646269581139957 -0.8544264269789483 0.27643246555882883 -0.43993246398175107 -0.5154165479612686 -0.344072724562262 0.7848310278652278,-77.50458490948985 65.5667671044204 644.0899866284202,0.69
54,1,3,1.0,-0.024320737389943687 -0.18516180592593506 0.9824070476941089 -0.8137619191475982 0.5744776353562452 0.08813050221526508 -0.5806892806639599 -0.797302045715263 -0.1646493462490193,-33.156379660806564 113.43952346030169 910.7692569188354,0.69
54,22,3,1.0,-0.01973979337648488 -0.22584588670192082 0.9739630260011294 -0.8271675083377085 0.5508883376765821 0.11097726146522176 -0.5616086303715789 -0.8034399012195975 -0.1976868013307992,-17.109524791655836 108.80876729867045 909.5920427122601,0.69
54,32,3,1.0,0.009893670443610652 -0.2555509515320814 0.966744964536253 -0.8395152236152483 0.5231090404479813 0.14687110376051488 -0.543246081075044 -0.8130502093798637 -0.20936344576827906,-19.635799955499532 127.4734299032794 917.6422504729401,0.69
54,38,3,1.0,0.006714806599045153 -0.2363721772379192 0.9716393905148882 -0.8282735163565421 0.5431036300963112 0.1378456712362729 -0.560283761566143 -0.8057087816351612 -0.19213397857036696,-26.245429517823567 106.92681341197519 928.046763905054,0.69
54,43,3,1.0,0.018861792681546103 -0.23646009847283211 0.9714581074894879 -0.8205729074011548 0.551462931852771 0.1501623735546366 -0.5712305457659408 -0.7999845352396285 -0.1836311709960506,-29.93693208555663 81.32779696102142 927.7758827196582,0.69
54,50,3,1.0,-0.014346781744143318 -0.26292196450838995 0.9647104282802358 -0.8200575829649022 0.55511953580799 0.13909659084997011 -0.5721011540587452 -0.7891225136462467 -0.22357532954528125,-36.32779642449859 81.45709965258705 920.832190495422,0.69
54,56,3,1.0,-0.009864341473922487 -0.2523368486006994 0.9675891739811643 -0.8318206337494729 0.5390932318301752 0.13210950254815648 -0.5549568704286041 -0.8035574666650561 -0.2152167970464324,-50.447283495894496 89.58845370266197 922.2997332790346,0.69
54,63,3,1.0,-0.0026953914775990676 -0.2744343544028525 0.9616020590599171 -0.8227264779187089 0.5472170369884896 0.15386571080333108 -0.5684310665298465 -0.7907207468841501 -0.227259373955649,-34.397485008726505 76.29538002091354 922.2551699317715,0.69
