scene_id,im_id,obj_id,score,R,t,time
2,3,6,0.9458780288696289,0.24006102979183197 -0.9618338942527771 -0.13132531940937042 -0.9335413575172424 -0.19163650274276733 -0.3029455542564392 0.26621654629707336 0.19532302021980286 -0.9439162015914917,116.73933410644531 -320.51690673828125 1244.864013671875,0.69
2,8,6,0.9419775009155273,0.2681637406349182 -0.9629775285720825 0.02761172130703926 -0.9593634605407715 -0.2695501744747162 -0.08345368504524231 0.08780674636363983 -0.004110416863113642 -0.996129035949707,-82.05317687988281 -236.15745544433594 1173.82470703125,0.69
2,17,6,0.9117898941040039,0.35679107904434204 -0.9214917421340942 -0.15347032248973846 -0.6493741869926453 -0.12654337286949158 -0.7498666048049927 0.6715752482414246 0.3672053813934326 -0.6435425281524658,99.75114440917969 -129.3252716064453 1326.2518310546875,0.69
2,27,6,0.7208061218261719,0.5644320845603943 -0.8189393877983093 -0.10370472073554993 -0.26623883843421936 -0.06168580800294876 -0.9619312286376953 0.781366229057312 0.5705550909042358 -0.2528509199619293,231.11782836914062 -46.164859771728516 1369.6473388671875,0.69
2,36,6,0.9565844535827637,0.2694709002971649 -0.9628723859786987 -0.01619633473455906 -0.914853572845459 -0.25070810317993164 -0.3165253698825836 0.3007129430770874 0.10011164844036102 -0.9484457969665527,118.72016906738281 -210.18881225585938 1248.6290283203125,0.69
2,38,6,0.934237003326416,-0.02237088605761528 -0.996748685836792 0.07740452885627747 -0.986650288105011 0.009519125334918499 -0.16257524490356445 0.1613098829984665 -0.08000815659761429 -0.9836552739143372,53.21742630004883 -226.70913696289062 1184.548828125,0.69
2,39,6,0.9449281692504883,-0.06670593470335007 -0.9948599934577942 0.07618412375450134 -0.9610000848770142 0.04352207109332085 -0.27310213446617126 0.2683826982975006 -0.09143049269914627 -0.9589636325836182,72.25743103027344 -164.5860137939453 1184.1395263671875,0.69
2,41,6,0.9434401988983154,-0.16560989618301392 -0.9841554760932922 0.0633375495672226 -0.890995442867279 0.12178514897823334 -0.43737348914146423 0.42272984981536865 -0.12886683642864227 -0.8970467448234558,105.79792785644531 -196.04347229003906 1250.3060302734375,0.69
2,47,6,0.937159538269043,-0.1229042112827301 -0.9907524585723877 0.05748300999403 -0.8204690217971802 0.068852499127388 -0.5675297975540161 0.5583236217498779 -0.11691483110189438 -0.8213438391685486,59.9208984375 -243.7247314453125 1268.1695556640625,0.69
2,58,6,0.8816866874694824,-0.41426175832748413 -0.8884435296058655 -0.1976240873336792 -0.2720780372619629 0.32808586955070496 -0.9046177268028259 0.8685393929481506 -0.32097935676574707 -0.37763938307762146,-15.349730491638184 -80.11138153076172 1348.986328125,0.69
2,61,6,0.9443628787994385,-0.3864593803882599 -0.9086189866065979 -0.15830616652965546 -0.5776877999305725 0.3722686767578125 -0.7264247536659241 0.7189756631851196 -0.1892821192741394 -0.6687647104263306,88.49820709228516 -170.8415069580078 1328.4874267578125,0.69
2,62,6,0.9356088638305664,-0.5911638140678406 -0.806444525718689 -0.013133627362549305 -0.5923833250999451 0.44518211483955383 -0.6714870929718018 0.5473639369010925 -0.38917872309684753 -0.740899920463562,-218.0859832763672 -207.63783264160156 1294.8250732421875,0.69
2,64,6,0.8587381839752197,-0.6072679162025452 -0.7944742441177368 -0.006038165185600519 -0.439119428396225 0.3419615626335144 -0.830804705619812 0.6621177792549133 -0.5018695592880249 -0.5565313100814819,-217.56678771972656 -116.45626068115234 1381.0574951171875,0.69
2,65,6,0.7744545936584473,-0.10846534371376038 -0.8398112654685974 -0.531932532787323 0.0229849424213171 0.5328277349472046 -0.8459115028381348 0.9938344955444336 -0.10397850722074509 -0.038490332663059235,106.952880859375 81.69939422607422 1460.1063232421875,0.69
2,69,6,0.7952549457550049,-0.11681068688631058 -0.9716709852218628 -0.2054527997970581 -0.12128806114196777 0.21927735209465027 -0.9680942893028259 0.9857203364372253 -0.0881647914648056 -0.14346598088741302,13.468391418457031 137.9975128173828 1558.433349609375,0.69
2,72,6,0.3784668445587158,-0.13180097937583923 0.7992205619812012 -0.5864084362983704 0.20704692602157593 -0.5563257932662964 -0.8047565817832947 -0.9694122076034546 -0.22748176753520966 -0.09215188771486282,112.89100646972656 -29.460622787475586 1490.554443359375,0.69
2,79,6,0.9658682346343994,0.7276062965393066 -0.5746985673904419 -0.3745805323123932 -0.6257184147834778 -0.33217954635620117 -0.7057855129241943 0.28118595480918884 0.7479159832000732 -0.6012953519821167,459.9847412109375 -108.09916687011719 1213.6209716796875,0.69
2,89,6,0.9201838970184326,0.297355592250824 -0.612575113773346 -0.7323464751243591 -0.6970532536506653 0.3848838806152344 -0.6049636602401733 0.6524540781974792 0.6903737783432007 -0.3125501573085785,148.6796417236328 -192.57696533203125 1260.8746337890625,0.69
2,96,6,0.9498014450073242,0.7011375427246094 -0.6515710353851318 -0.2895881235599518 -0.3227902948856354 0.07208744436502457 -0.9437212944030762 0.6357771158218384 0.7551546692848206 -0.15977758169174194,346.9615783691406 93.36016082763672 1310.9473876953125,0.69
2,97,6,0.9644055366516113,0.7254246473312378 -0.6063041687011719 -0.3258134126663208 -0.6717628836631775 -0.5205069184303284 -0.5270742177963257 0.14997920393943787 0.6012219786643982 -0.7848811745643616,516.8775024414062 -285.21636962890625 1103.38525390625,0.69
2,102,6,0.9697411060333252,0.8423026204109192 -0.4394599199295044 -0.31209176778793335 -0.5389664769172668 -0.6797754168510437 -0.4974138140678406 0.006441125646233559 0.587179958820343 -0.8094307780265808,458.1767578125 -235.98150634765625 1083.50048828125,0.69
2,107,6,0.9599802494049072,0.8882232308387756 -0.37012752890586853 -0.2721492350101471 -0.4473734200000763 -0.8315731287002563 -0.3291552662849426 -0.10448257625102997 0.41411566734313965 -0.9042077660560608,326.9895935058594 -132.3897705078125 1089.26025390625,0.69
2,110,6,0.9663248062133789,0.8317219614982605 -0.4176613986492157 -0.3657834231853485 -0.5463742017745972 -0.49879327416419983 -0.6728153824806213 0.09855872392654419 0.7594498991966248 -0.6430567502975464,422.0355529785156 -110.90306854248047 1145.5146484375,0.69
2,115,6,0.9619324207305908,0.716441810131073 -0.5625700354576111 -0.4125846028327942 -0.537105917930603 -0.06736131012439728 -0.8408209085464478 0.44522830843925476 0.824000895023346 -0.35042014718055725,305.08837890625 -119.84151458740234 1246.822021484375,0.69
2,119,6,0.9444153308868408,0.31360363960266113 -0.8917832970619202 -0.32615232467651367 -0.8959550857543945 -0.1641319990158081 -0.4127047061920166 0.31451109051704407 0.42164352536201477 -0.8504701852798462,326.2169494628906 -315.127685546875 1081.5244140625,0.69
2,124,6,0.9512186050415039,0.3580876588821411 -0.9151034951210022 -0.18536125123500824 -0.917089581489563 -0.38198813796043396 0.11415637284517288 -0.1752706915140152 0.12911488115787506 -0.97601717710495,179.108154296875 -302.488525390625 1012.3356323242188,0.69
2,126,6,0.952216386795044,0.2119273543357849 -0.9741615056991577 -0.0780773013830185 -0.9766124486923218 -0.20814001560211182 -0.053906530141830444 0.0362626314163208 0.08767552673816681 -0.9954888224601746,190.18516540527344 -345.76123046875 1069.7869873046875,0.69
2,136,6,0.8666524887084961,0.5147727727890015 -0.7921261191368103 0.32794106006622314 -0.5839384198188782 -0.6040236353874207 -0.5423756837844849 0.6277140974998474 0.08770287036895752 -0.7734877467155457,87.13429260253906 -122.43348693847656 1260.2738037109375,0.69
2,153,6,0.9367008209228516,0.8477606177330017 -0.3881317377090454 -0.3614632487297058 -0.49831289052963257 -0.34950682520866394 -0.7934287786483765 0.1816210001707077 0.8527594208717346 -0.48970916867256165,560.2840576171875 -233.22097778320312 1092.0772705078125,0.69
2,156,6,0.9653487205505371,0.8151946067810059 -0.553209662437439 -0.17151302099227905 -0.4578319191932678 -0.4341109097003937 -0.7758464217185974 0.3547500669956207 0.7109900116920471 -0.6071619987487793,250.55015563964844 -90.5604019165039 1169.63916015625,0.69
2,162,6,0.9230339527130127,-0.4191536009311676 -0.8994318842887878 0.12382456660270691 -0.8732206225395203 0.36202746629714966 -0.32622361183166504 0.24858805537223816 -0.24486395716667175 -0.9371476173400879,-45.6473388671875 -256.01263427734375 1194.8011474609375,0.69
2,166,6,0.9410295486450195,-0.7314632534980774 -0.6631942987442017 0.1585400253534317 -0.6385370492935181 0.5846244096755981 -0.5004845857620239 0.23923207819461823 -0.4673197269439697 -0.8511053919792175,-222.66380310058594 -188.154296875 1117.0677490234375,0.69
2,175,6,0.936126708984375,-0.5334967970848083 -0.8222482204437256 0.19821451604366302 -0.8434080481529236 0.5347918272018433 -0.051579736173152924 -0.06359213590621948 -0.19469334185123444 -0.9788005948066711,-130.76516723632812 -219.68548583984375 1005.4938964843749,0.69
2,176,6,0.9147534370422363,-0.5224975347518921 -0.8360550999641418 0.16735655069351196 -0.8523070812225342 0.5066424608230591 -0.12994632124900818 0.023852381855249405 -0.21053577959537506 -0.9772951602935791,-158.2050323486328 -310.0220031738281 1056.9251708984375,0.69
2,203,6,0.9594922065734863,0.2847519814968109 -0.935017466545105 -0.2113257795572281 -0.9544438719749451 -0.29705098271369934 0.02824099175632 -0.0891803726553917 0.19365690648555756 -0.9770076274871826,300.5223388671875 -327.0040588378906 948.0990600585938,0.69
2,207,6,0.9575600624084473,0.5258321166038513 -0.5362837314605713 -0.6602275371551514 -0.8502465486526489 -0.3093926012516022 -0.42586037516593933 0.024112451821565628 0.7852872610092163 -0.6186619400978088,394.5850524902344 -318.3963317871094 957.0213012695312,0.69
2,217,6,0.3643636703491211,0.9390506148338318 0.05840936303138733 -0.3387807607650757 -0.32302382588386536 -0.18731172382831573 -0.9276691675186157 -0.11764216423034668 0.9805625081062317 -0.15702755749225616,175.17401123046875 -39.06599426269531 1241.2548828125,0.69
2,219,6,0.790283203125,0.32933858036994934 -0.9438139796257019 0.027408694848418236 -0.029228869825601578 -0.03920486196875572 -0.9988036155700684 0.9437593817710876 0.3281434178352356 -0.040498290210962296,306.95806884765625 -11.747983932495117 1304.6397705078125,0.69
2,221,6,0.9266057014465332,0.6012367010116577 -0.7149427533149719 -0.35689112544059753 -0.5117146968841553 -0.0014506804291158915 -0.8591541647911072 0.613728404045105 0.6991814374923706 -0.36671894788742065,210.5653533935547 -15.505242347717285 1098.59326171875,0.69
2,224,6,0.8395559787750244,0.5191105008125305 -0.7271188497543335 0.44924673438072205 -0.30527976155281067 -0.6486791968345642 -0.6971511244773865 0.798328697681427 0.2247525304555893 -0.5587107539176941,246.5233612060547 -72.291259765625 1145.8900146484375,0.69
2,243,6,0.9336259365081787,-0.49973368644714355 -0.8661684989929199 -0.004264918155968189 -0.6737439632415771 0.3917998969554901 -0.6265475153923035 0.544366717338562 -0.3102334141731262 -0.7793715596199036,-92.92847442626953 -317.950439453125 1147.5806884765625,0.69
2,248,6,0.7895591259002686,-0.10937869548797607 -0.9598127603530884 0.25844836235046387 -0.5593523979187012 -0.155500128865242 -0.8142139911651611 0.821681797504425 -0.23362140357494354 -0.5198652744293213,92.62287902832031 -58.202903747558594 1265.18505859375,0.69
2,249,6,0.9400272369384766,-0.421882301568985 -0.9066361784934998 0.0051133232191205025 -0.794967532157898 0.3671964108943939 -0.48290103673934937 0.43593791127204895 -0.20779232680797577 -0.8756600618362427,-117.73188018798828 -180.2798614501953 1135.1153564453125,0.69
2,254,6,0.9444408416748047,-0.685571551322937 -0.6884267330169678 0.23677024245262146 -0.7119387984275818 0.5660426020622253 -0.41561856865882874 0.15210087597370148 -0.45350217819213867 -0.8781805038452148,-215.05445861816406 -301.9758605957031 999.7236328125,0.69
2,258,6,0.9575400352478027,0.7121027708053589 -0.5340412259101868 -0.4557516276836395 -0.5935076475143433 -0.11113467067480087 -0.7971184253692627 0.3750442862510681 0.8381222486495972 -0.3960969150066376,404.8614807128906 -46.378562927246094 1051.968017578125,0.69
2,263,6,0.9751095771789551,0.8683944940567017 -0.4096227288246155 -0.2794643044471741 -0.41510578989982605 -0.29221636056900024 -0.8615664839744568 0.27125316858291626 0.8641868829727173 -0.42379581928253174,358.9651794433594 -60.2498893737793 1042.9097900390625,0.69
2,266,6,0.9590234756469727,-0.1884138584136963 -0.9818649888038635 0.0210097786039114 -0.9522405862808228 0.17741131782531738 -0.24852174520492554 0.2402874082326889 -0.0668313056230545 -0.9683985114097595,45.234737396240234 -356.160400390625 969.0038452148438,0.69
2,268,6,0.880911111831665,-0.01970209926366806 -0.9991298913955688 -0.03676231577992439 -0.9973827600479126 0.022199468687176704 -0.06881005316972733 0.0695662647485733 0.035310402512550354 -0.9969522953033447,86.39242553710938 -382.86566162109375 881.0415649414062,0.69
2,277,6,0.8293304443359375,0.32246747612953186 -0.9363192319869995 -0.13900046050548553 -0.6705057621002197 -0.12228929996490479 -0.7317563891410828 0.6681593060493469 0.32916826009750366 -0.6672416925430298,238.7393341064453 -180.1373291015625 1005.1603393554686,0.69
2,283,6,0.8317966461181641,-0.012410445138812065 -0.7213760018348694 -0.6924324631690979 -0.20750918984413147 0.6792681813240051 -0.7039422392845154 0.9781543612480164 0.13494984805583954 -0.15812216699123383,103.35469055175781 -222.14822387695312 1181.122314453125,0.69
2,307,6,0.9463901519775391,-0.744947612285614 -0.6330313086509705 0.21053361892700195 -0.6665411591529846 0.7194395661354065 -0.1952681690454483 -0.02785533480346203 -0.28579387068748474 -0.9578862190246582,-332.4594421386719 -248.48692321777344 846.7708129882812,0.69
2,310,6,0.9429788589477539,-0.7967479228973389 -0.5883638262748718 0.137915700674057 -0.5920711159706116 0.7143074870109558 -0.3731173574924469 0.1210145503282547 -0.37893640995025635 -0.917476236820221,-266.7666931152344 -277.778564453125 904.3729858398438,0.69
2,322,6,0.8906493186950684,-0.5879448652267456 -0.8086108565330505 -0.02166515588760376 -0.4615696966648102 0.35736387968063354 -0.8119386434555054 0.6642847657203674 -0.4673752188682556 -0.5833404660224915,-179.53610229492188 -90.78804779052734 1119.020263671875,0.69
2,326,6,0.8024539947509766,-0.645332932472229 -0.6215934157371521 -0.4440349340438843 -0.19822624325752258 0.6976238489151001 -0.688496470451355 0.7377342581748962 -0.3562900722026825 -0.5734157562255859,-176.61660766601562 -111.35147857666016 1061.922607421875,0.69
2,338,6,0.7943308353424072,0.32847854495048523 -0.9373670816421509 -0.11595172435045242 -0.7162405252456665 -0.16717950999736786 -0.6775326728820801 0.61571204662323 0.3056042790412903 -0.7262952327728271,103.0326919555664 -309.91326904296875 947.844482421875,0.69
2,342,6,0.9746215343475342,0.6408900022506714 -0.753231942653656 -0.14799228310585022 -0.7461055517196655 -0.5658942461013794 -0.35084226727485657 0.18051761388778687 0.33526912331581116 -0.9246664643287659,197.39195251464844 -288.2506103515625 795.0667724609375,0.69
2,356,6,0.9258878231048584,0.6769956350326538 -0.7029818892478943 -0.21792973577976227 -0.41786840558052063 -0.1233869418501854 -0.9000898599624634 0.6058570742607117 0.7004228234291077 -0.3772863745689392,226.09323120117188 -76.97221374511719 948.0953369140625,0.69
2,362,6,0.7881438732147217,0.5084118247032166 -0.8543704152107239 -0.10755825787782669 -0.37703824043273926 -0.1085679680109024 -0.9198125600814819 0.7741832137107849 0.5081971287727356 -0.3773275315761566,137.70643615722656 -77.13400268554688 1254.2679443359375,0.69
2,365,6,0.8710360527038574,-0.13674984872341156 -0.8906974196434021 -0.4335405230522156 -0.5028309226036072 0.43949127197265625 -0.7443174123764038 0.8534989953041077 0.11621228605508804 -0.5079706311225891,-78.67604064941406 -208.09300231933594 1044.6904296875,0.69
2,368,6,0.9653487205505371,-0.7752721309661865 -0.630922794342041 0.029826009646058083 -0.5946189165115356 0.7131067514419556 -0.37135857343673706 0.21302945911884308 -0.3056390583515167 -0.9280103445053101,-253.87919616699216 -261.1237487792969 872.6322021484375,0.69
2,387,6,0.9531698226928711,0.376109778881073 -0.7035993933677673 -0.6029007434844971 -0.844977080821991 0.0065443748608231544 -0.5347625017166138 0.3802042007446289 0.7105666995048523 -0.5920639038085938,55.9953498840332 -304.4404602050781 876.7815551757812,0.69
2,389,6,0.9726693630218506,0.7379389405250549 -0.44312700629234314 -0.5090034604072571 -0.611990213394165 -0.12149219214916229 -0.7814778089523315 0.28445401787757874 0.8881880044937134 -0.3608432114124298,344.768798828125 -159.30960083007812 850.4883422851562,0.69
2,402,6,0.9395396709442139,0.14143721759319305 -0.9817946553230286 -0.12678615748882294 -0.9866721034049988 -0.150217667222023 0.06255209445953369 -0.08045881986618042 0.11624916642904282 -0.9899557828903198,219.07562255859375 -262.27545166015625 1086.4708251953125,0.69
2,415,6,0.9551210403442383,0.2684744894504547 -0.8973517417907715 -0.3502589762210846 -0.8421007394790649 -0.042075544595718384 -0.5376765131950378 0.4677475690841675 0.43930575251579285 -0.7669568061828613,378.4733581542969 -244.79904174804688 1188.359375,0.69
2,417,6,0.9521942138671875,0.5348485112190247 -0.7509392499923706 -0.38733333349227905 -0.7395522594451904 -0.19434061646461487 -0.6444332003593445 0.40865558385849 0.6311273574829102 -0.6593016982078552,465.9703369140625 -178.6795196533203 1196.630859375,0.69
2,425,6,0.6612467765808105,0.3614957630634308 -0.5763652324676514 -0.7328873872756958 -0.6767158508300781 0.3785344362258911 -0.6314802765846252 0.6413864493370056 0.7242339253425598 -0.2531968057155609,220.16644287109375 -326.3028564453125 1452.2393798828125,0.69
2,428,6,0.9677889347076416,0.6775321960449219 -0.4860181212425232 -0.5520294308662415 -0.6878255009651184 -0.15289275348186493 -0.7095913290977478 0.26047295331954956 0.8604708909988403 -0.43788543343544006,424.9031982421875 -152.66773986816406 1144.6474609375,0.69
2,434,6,0.9498238563537598,0.6105520725250244 -0.5761298537254333 -0.5434156060218811 -0.672199010848999 -0.014158647507429123 -0.7402351498603821 0.4187775254249573 0.81723552942276 -0.3959185481071472,473.2091369628906 -194.75787353515625 1178.6640625,0.69
2,435,6,0.9521715641021729,0.602387011051178 -0.5878442525863647 -0.5399713516235352 -0.6709845662117004 -0.006523068994283676 -0.7414426207542419 0.43233054876327515 0.8089478015899658 -0.39836379885673523,476.6163024902344 -183.72264099121094 1127.594970703125,0.69
2,438,6,0.9195871353149414,0.44837790727615356 -0.8184635043144226 -0.35926976799964905 -0.6056243777275085 0.01743745058774948 -0.7955595850944519 0.6574012041091919 0.574293851852417 -0.48786288499832153,257.40673828125 -160.91737365722656 1265.76416015625,0.69
2,442,6,0.9492673873901367,0.6427649855613708 -0.5980541110038757 -0.47873201966285706 -0.558828592300415 0.061398040503263474 -0.8270071744918823 0.5239882469177246 0.799100399017334 -0.29474523663520813,379.2522888183594 -5.507869720458984 1179.7783203125,0.69
2,446,6,0.9478282928466797,-0.21259862184524536 -0.9769606590270996 -0.018699059262871742 -0.774832546710968 0.18021072447299957 -0.6059361100196838 0.5953454971313477 -0.11433254927396774 -0.7952935695648193,1.8991740942001343 -251.1613922119141 1199.0838623046875,0.69
2,453,6,0.9346942901611328,0.07698629051446915 -0.9728423953056335 0.21829082071781158 -0.9856809973716736 -0.10720661282539368 -0.13015303015708923 0.15002061426639557 -0.20514510571956635 -0.9671656489372253,-40.218101501464844 -263.960693359375 1201.96533203125,0.69
2,473,6,0.892397403717041,-0.08793865889310837 -0.8980487585067749 -0.4310165345668793 -0.5978831052780151 0.3936713635921478 -0.6982539892196655 0.7967450022697449 0.19629397988319397 -0.5715471506118774,-88.4739761352539 -190.3399200439453 1368.340576171875,0.69
2,474,6,0.9478039741516113,0.05761582776904106 -0.9232277274131775 -0.3799092769622803 -0.8564417958259583 0.1498415619134903 -0.49401918053627014 0.5130184292793274 0.35383349657058716 -0.782057523727417,117.9420166015625 -258.23028564453125 1123.78369140625,0.69
2,476,6,0.9502661228179932,-0.26816099882125854 -0.9612646102905273 -0.06371823698282242 -0.86501544713974 0.269369900226593 -0.4233061671257019 0.4240730106830597 -0.058396968990564346 -0.9037432670593262,155.3578643798828 -370.4929504394531 1151.941650390625,0.69
2,477,6,0.9497551918029785,-0.5382450222969055 -0.8405110239982605 -0.06191549822688103 -0.635465681552887 0.4529991149902344 -0.6252800822257996 0.5536024570465088 -0.297208696603775 -0.7779404520988464,-47.5349235534668 -376.79052734375 1278.77734375,0.69
2,480,6,0.9010686874389648,-0.47431448101997375 -0.8750587701797485 -0.09642528742551804 -0.5363897681236267 0.3741069734096527 -0.756524920463562 0.6980771422386169 -0.30710920691490173 -0.6468170285224915,-91.77391815185547 -342.3995056152344 1310.7159423828125,0.69
2,491,6,0.9570920467376709,-0.3999300003051758 -0.8832065463066101 0.2449532002210617 -0.8373203873634338 0.24337676167488098 -0.48955315351486206 0.3727606534957886 -0.4008913040161133 -0.8368605971336365,-194.37196350097656 -296.82080078125 1271.642578125,0.69
2,494,6,0.8480815887451172,0.9512109160423279 0.017049383372068405 0.30807000398635864 0.30775558948516846 -0.12364459782838821 -0.9433972835540771 0.02200685627758503 0.9921800494194031 -0.12285914272069931,126.36205291748045 108.90487670898438 1403.70166015625,0.69
2,499,6,0.6342709064483643,0.9330013990402222 -0.31069138646125793 0.1816020905971527 0.16627362370491028 -0.07536985725164413 -0.9831950068473816 0.31915757060050964 0.9475179314613342 -0.018660398200154305,135.36976623535156 235.34263610839844 1442.6409912109375,0.69
2,501,6,0.8571224212646484,0.25612133741378784 -0.9505198001861572 -0.17582368850708008 -0.35747283697128296 0.07586043328046799 -0.9308374524116516 0.8981174230575562 0.30125951766967773 -0.32035553455352783,194.04330444335938 -176.58251953125 1238.4627685546875,0.69
2,503,6,0.8230164051055908,-0.17322692275047302 -0.9749359488487244 0.13961507380008698 -0.49200206995010376 -0.03714028000831604 -0.8698014616966248 0.8531860113143921 -0.21936394274234772 -0.4732368290424347,21.253631591796875 -52.37105941772461 1441.5206298828125,0.69
2,521,6,0.8557560443878174,-0.026420222595334053 -0.9777551293373108 0.20807939767837524 -0.7164520025253296 -0.12664027512073517 -0.6860458254814148 0.6971359848976135 -0.1672043800354004 -0.6971687078475952,93.92306518554688 -353.9034729003906 1241.24658203125,0.69
2,527,6,0.7540857791900635,-0.36623361706733704 -0.9232889413833618 0.11580324172973633 -0.4480927586555481 0.06591850519180298 -0.891553521156311 0.8155279755592346 -0.37840744853019714 -0.4378606677055359,-30.561811447143555 -107.3778305053711 1299.6541748046875,0.69
2,529,6,0.8194630146026611,-0.3070809245109558 -0.9510111212730408 -0.03576527163386345 -0.4420834183692932 0.17582711577415466 -0.8795721530914307 0.8427712917327881 -0.25428861379623413 -0.4744194447994232,26.1265926361084 -52.44491958618164 1374.8668212890625,0.69
2,532,6,0.8975419998168945,-0.561299741268158 -0.8220425248146057 0.09585711359977722 -0.8183772563934326 0.5340458154678345 -0.21225862205028534 0.12329353392124176 -0.1975879818201065 -0.9725006818771362,-69.95577239990234 -433.5445861816406 1041.97021484375,0.69
2,535,6,0.9245634078979492,-0.6673209071159363 -0.7427579164505005 0.05471343547105789 -0.7403022050857544 0.6695601344108582 0.06034838780760765 -0.08145817369222641 -0.00023274088744074106 -0.9966767430305481,-107.2884292602539 -309.6914978027344 1055.657958984375,0.69
2,540,6,0.9356391429901123,0.2780759930610657 -0.9446041584014893 0.174346461892128 -0.7741411924362183 -0.32784029841423035 -0.5415036082267761 0.5686644315719604 0.015610374510288239 -0.8224214315414429,148.87001037597656 -258.7598876953125 1156.1630859375,0.69
2,543,6,0.9079766273498535,-0.08798602223396301 -0.9764206409454346 0.19713255763053894 -0.6415990591049194 -0.0958317294716835 -0.7610301971435547 0.7619771361351013 -0.19344006478786469 -0.6180387139320374,43.79770278930664 -129.08944702148438 1238.6949462890625,0.69
2,549,6,0.962890625,0.19702713191509247 -0.9725964665412903 -0.12343637645244598 -0.9797764420509338 -0.19085253775119781 -0.06011229008436203 0.03490685299038887 0.13278381526470184 -0.9905301332473755,274.0086669921875 -352.9137878417969 940.2162475585938,0.69
2,560,6,0.8911352157592773,0.5609185695648193 -0.8007693886756897 -0.21009264886379242 -0.5468664765357971 -0.16787096858024597 -0.8202173113822937 0.6215364933013916 0.5749677419662476 -0.532075822353363,371.3463134765625 -97.32823181152344 1118.370361328125,0.69
2,563,6,0.8762383460998535,0.1202135756611824 -0.9608932137489319 -0.24946540594100952 -0.4758876860141754 0.16475720703601837 -0.8639363646507263 0.8712518215179443 0.2225743979215622 -0.4374711811542511,46.20446014404297 -182.99270629882812 1197.3135986328125,0.69
2,571,6,0.8512558937072754,0.5915184020996094 -0.7787348628044128 -0.20899230241775513 -0.45790883898735046 -0.11110889911651611 -0.8820284605026245 0.6636455059051514 0.6174355149269104 -0.4223126173019409,358.4406433105469 -37.526268005371094 1174.172119140625,0.69
2,575,6,0.8879635334014893,0.531640350818634 -0.7525204420089722 -0.3886792063713074 -0.5205937027931213 0.07164843380451202 -0.8507929444313049 0.668087363243103 0.6546598076820374 -0.353666216135025,192.8721466064453 -5.745675563812256 1173.19580078125,0.69
2,589,6,0.9639015197753906,0.31193724274635315 -0.9427586793899536 -0.11790350824594498 -0.9323306083679199 -0.2798463702201843 -0.22900983691215515 0.1829061508178711 0.18136174976825714 -0.9662573337554932,156.87850952148438 -333.0663757324219 935.0408935546875,0.69
2,603,6,0.9633965492248535,0.8417477011680603 -0.44359973073005676 -0.3077012896537781 -0.41958388686180115 -0.1788911372423172 -0.8899142146110535 0.3397206664085388 0.878189742565155 -0.33670854568481445,334.123046875 -119.26415252685547 1032.3895263671875,0.69
2,607,6,0.8465609550476074,0.2808797359466553 -0.8886077404022217 -0.3626055121421814 -0.42944544553756714 0.2215152084827423 -0.8755041360855103 0.8583024740219116 0.4016306698322296 -0.3193894028663635,-7.915046215057373 -122.67698669433594 991.3443603515625,0.69
2,611,6,0.7229709625244141,0.4201922118663788 -0.7909454703330994 -0.4447961449623108 -0.45123639702796936 0.24314521253108978 -0.8586419820785522 0.7872891426086426 0.5615028142929077 -0.25473567843437195,11.292372703552246 -212.5702667236328 1323.6790771484375,0.69
2,615,6,0.962925910949707,-0.2000804990530014 -0.9472223520278931 0.2504746913909912 -0.9291487336158752 0.10231982171535492 -0.3552650809288025 0.31088656187057495 -0.30380985140800476 -0.9005826115608215,-120.05903625488281 -373.73150634765625 959.8563232421875,0.69
2,625,6,0.5733351707458496,0.9969388842582703 0.004369633737951517 -0.07806210964918137 -0.06425399333238602 -0.5230556726455688 -0.8498730063438416 -0.04454445466399193 0.8522872924804688 -0.5211738348007202,-285.45648193359375 -190.36463928222656 1194.4617919921875,0.69
2,642,6,0.9536576271057129,-0.36414167284965515 -0.9054213166236877 0.21820393204689026 -0.8890106678009033 0.26808279752731323 -0.37120291590690613 0.2775982916355133 -0.3291560709476471 -0.9025493860244751,-91.39522552490234 -370.2488098144531 1001.8402099609376,0.69
2,648,6,0.00982801616191864,0.9872242212295532 -0.1581103503704071 0.01973664201796055 -0.038144927471876144 -0.35478371381759644 -0.9341700077056885 0.15470416843891144 0.9214823842048645 -0.35628217458724976,-88.93488311767578 -201.59661865234375 1072.0013427734375,0.69
2,649,6,0.9458780288696289,-0.4263211488723755 -0.8960920572280884 0.12356838583946228 -0.7244508862495422 0.2564276456832886 -0.6398559808731079 0.541683554649353 -0.36230337619781494 -0.7584953308105469,-69.49918365478516 -283.02386474609375 965.6918334960938,0.69
2,650,6,0.3409156799316406,0.2956787049770355 -0.9230929017066956 -0.24591407179832458 -0.5741801261901855 0.03400570899248123 -0.8180224895477295 0.7634732127189636 0.38307082653045654 -0.5199667811393738,-159.83506774902344 -92.27281951904297 1299.7818603515625,0.69
2,652,6,0.9760856628417969,0.31329184770584106 -0.9445284605026245 -0.09856011718511581 -0.9114882946014404 -0.26994815468788147 -0.31034988164901733 0.2665281593799591 0.1870664805173874 -0.9454992413520813,159.2060089111328 -345.2200012207031 894.4058227539062,0.69
2,667,6,0.922511100769043,0.674242377281189 -0.7014051079750061 -0.23114538192749023 -0.4722495377063751 -0.16885745525360107 -0.8651401996612549 0.5677830576896667 0.6924724578857422 -0.44508904218673706,246.1788787841797 -115.93367004394531 956.9474487304688,0.69
2,669,6,0.9590234756469727,0.7366381883621216 -0.6418519020080566 -0.21305014193058014 -0.60176682472229 -0.4783347547054291 -0.6395878195762634 0.3086113929748535 0.5993512868881226 -0.7386047840118408,251.4286651611328 -232.36058044433594 894.7493286132812,0.69
2,679,6,0.9385645389556885,-0.41438618302345276 -0.9063281416893005 0.08278428763151169 -0.686223030090332 0.25140535831451416 -0.6825637221336365 0.5978143811225891 -0.33965346217155457 -0.7261222004890442,-244.89503479003906 -270.7027282714844 984.8710327148438,0.69
2,695,6,0.03962898254394531,0.058904096484184265 -0.9967470169067383 -0.05500449985265732 -0.8745263814926147 -0.024953734129667282 -0.48433539271354675 0.48138734698295593 0.07663222402334213 -0.8731516003608704,60.44761276245117 -420.48236083984375 992.7930297851562,0.69
2,703,6,0.8232336044311523,0.1425388902425766 -0.9740867614746094 -0.17560626566410065 -0.6293172240257263 0.04774947464466095 -0.7756801843643188 0.7639649510383606 0.22107663750648499 -0.6062034368515015,259.0071105957031 -82.6712646484375 1311.8629150390625,0.69
2,708,6,0.9453904628753662,0.07705997675657272 -0.9920037984848022 -0.09995114058256149 -0.9552526473999023 -0.04474511742591858 -0.29238706827163696 0.2855767607688904 0.11800993233919144 -0.9510623216629028,133.46327209472656 -245.1664276123047 1246.7332763671875,0.69
2,711,6,0.9414346218109131,0.6979585289955139 -0.7104321718215942 -0.09022260457277298 -0.4088418185710907 -0.29185187816619873 -0.8646796345710754 0.5879645943641663 0.640397310256958 -0.49415481090545654,295.49298095703125 114.23372650146484 1303.6976318359375,0.69
2,727,6,0.9016475677490234,0.38132235407829285 -0.9140622019767761 -0.13814370334148407 -0.29852038621902466 0.019675124436616898 -0.9542005062103271 0.8749164938926697 0.4050966799259186 -0.2653636336326599,241.71531677246094 180.91592407226562 1322.7462158203125,0.69
2,736,6,0.9390521049499512,0.6265239715576172 -0.7628785371780396 -0.1596364974975586 -0.45674028992652893 -0.1934027224779129 -0.8683222532272339 0.6315504312515259 0.6169371604919434 -0.469608873128891,114.75028991699219 75.38235473632812 1332.5096435546875,0.69
2,737,6,0.9492433071136475,0.6248759627342224 -0.7253275513648987 -0.28884240984916687 -0.47878384590148926 -0.063787080347538 -0.8756124973297119 0.6166813969612122 0.6854422688484192 -0.3871341347694397,181.19264221191406 80.93954467773438 1286.619384765625,0.69
2,739,6,0.9498014450073242,0.5123503804206848 -0.8313222527503967 -0.21540753543376923 -0.4995116889476776 -0.0844493880867958 -0.8621811866760254 0.6985594034194946 0.5493373870849609 -0.45852285623550415,101.55365753173828 -60.73601531982422 1348.8853759765625,0.69
2,740,6,0.9487552642822266,0.4450876712799072 -0.8710325956344604 -0.20784394443035126 -0.33624887466430664 0.0525544174015522 -0.9403056502342224 0.8299599885940552 0.4884057343006134 -0.26949241757392883,159.68731689453125 137.818115234375 1402.164794921875,0.69
2,750,6,0.7726945877075195,-0.17727209627628326 -0.9841219782829285 -0.008868204429745674 -0.6193122267723083 0.11855214834213257 -0.776142954826355 0.7648706436157227 -0.1320962905883789 -0.6304947137832642,78.47437286376953 -255.9804382324219 1291.978271484375,0.69
2,754,6,0.9507980346679688,-0.1176794096827507 -0.9901013970375061 -0.07649080455303192 -0.9542885422706604 0.13406051695346832 -0.2671354115009308 0.27474549412727356 0.041557952761650085 -0.9606184363365173,116.38422393798828 -455.3348693847656 1197.636962890625,0.69
2,756,6,0.04832059144973755,0.27849435806274414 0.9151104092597961 -0.29157111048698425 0.2057659924030304 -0.3533817231655121 -0.9125686883926392 -0.9381371140480042 0.19414980709552765 -0.28671345114707947,120.35208129882812 -246.15943908691406 1361.0999755859375,0.69
2,758,6,0.24155008792877197,0.7244396209716797 -0.6865954995155334 -0.061431728303432465 -0.3869086802005768 -0.3312366008758545 -0.8605718612670898 0.5705163478851318 0.6472008228302002 -0.5056107044219971,177.5021514892578 -410.2653503417969 1455.354736328125,0.69
2,761,6,0.6307439804077148,0.3857511281967163 -0.9223843216896057 -0.02008407562971115 -0.46032705903053284 -0.173556849360466 -0.8706188201904297 0.7995593547821045 0.3450874090194702 -0.49154818058013916,209.37193298339844 -46.861122131347656 1345.86181640625,0.69
2,762,6,0.6314849853515625,0.29531702399253845 -0.9518318176269531 -0.08248620480298996 -0.5120575428009033 -0.0847984030842781 -0.8547551035881042 0.8065884113311768 0.29466137290000916 -0.5124351382255554,-66.22132873535156 -149.20968627929688 1246.2098388671875,0.69
2,764,6,0.9298532009124756,-0.2369101494550705 -0.9668437242507935 0.0953247919678688 -0.7939102649688721 0.13610824942588806 -0.5926053524017334 0.5599822402000427 -0.21607354283332825 -0.7998325824737549,-22.59267234802246 -140.51388549804688 1317.0079345703125,0.69
2,768,6,0.9497785568237305,-0.34557217359542847 -0.9373538494110107 0.04413400962948799 -0.8862438797950745 0.3105468153953552 -0.3437040150165558 0.3084665536880493 -0.1578880399465561 -0.9380404353141785,-62.29499435424805 -362.6540832519531 1260.25537109375,0.69
2,769,6,0.9478039741516113,-0.2162916213274002 -0.9760873913764954 -0.021707767620682716 -0.9297789335250854 0.21271179616451263 -0.30044087767601013 0.2978740930557251 -0.04479941725730896 -0.9535533785820007,-5.734248638153076 -397.9720458984375 1263.47705078125,0.69
2,770,6,0.9550998210906982,-0.423452228307724 -0.8991336226463318 0.11066630482673645 -0.8735016584396362 0.37285542488098145 -0.31300750374794006 0.24017304182052612 -0.22921092808246613 -0.9432811141014099,-142.85153198242188 -309.3641357421875 1070.1114501953125,0.69
2,773,6,0.9371018409729004,0.30723515152931213 -0.9301249384880066 0.20118193328380585 -0.9304488897323608 -0.3379650115966797 -0.14157895743846893 0.19967859983444214 -0.14369146525859833 -0.9692683815956116,112.44293975830078 -301.6189270019531 1174.95068359375,0.69
2,775,6,0.9215726852416992,-0.05082728713750839 -0.9868834018707275 0.15322436392307281 -0.9986734986305237 0.048958465456962585 -0.01594761200249195 0.00823681429028511 -0.15383167564868927 -0.9880626797676086,128.1105499267578 -347.4126281738281 1114.3143310546875,0.69
2,785,6,0.8491358757019043,-0.3986600935459137 -0.9112499952316284 0.10340934246778488 -0.5128999352455139 0.1280597746372223 -0.8488428592681885 0.7602655291557312 -0.39143845438957214 -0.5184324383735657,109.69297790527344 -125.61174011230469 1358.100341796875,0.69
2,788,6,0.27979302406311035,-0.09220419824123383 -0.9870734214782715 -0.13108883798122406 -0.08544828742742538 0.1390075385570526 -0.9865978956222534 0.9920669794082642 -0.07976716011762619 -0.09716081619262695,65.2575454711914 -78.96369934082031 1397.4423828125,0.69
2,791,6,0.6551570892333984,-0.29977643489837646 -0.9522481560707092 0.057943616062402725 -0.21111588180065155 0.006984927225857973 -0.9774360656738281 0.9303569793701172 -0.3052451014518738 -0.2031286358833313,23.15483856201172 -181.77037048339844 1292.1280517578125,0.69
2,794,6,0.7488319873809814,-0.1901661902666092 -0.9589090347290039 0.2105478048324585 -0.6736390590667725 -0.02856156975030899 -0.738508403301239 0.7141759395599365 -0.2822725772857666 -0.6405271291732788,-123.51171112060547 -181.9840087890625 1306.9869384765625,0.69
2,801,6,0.7430715560913086,-0.29565802216529846 -0.9086419343948364 0.2948834300041199 -0.4615038335323334 -0.1344146877527237 -0.8768962025642395 0.8364212512969971 -0.39535120129585266 -0.3796009421348572,-6.108888149261475 -5.552422523498535 1512.58740234375,0.69
2,803,6,0.16582131385803223,0.8491879105567932 -0.4281677007675171 0.30911538004875183 0.044794559478759766 -0.5248337388038635 -0.8500252962112427 0.526187539100647 0.7356778383255005 -0.42650288343429565,-521.460205078125 48.55402755737305 1128.4764404296875,0.69
2,804,6,0.7420063018798828,0.3587842881679535 -0.9305498600006104 -0.07314842194318771 -0.4004426598548889 -0.08265899121761322 -0.912585973739624 0.8431603908538818 0.35671326518058777 -0.40228861570358276,254.78053283691403 32.83784103393555 1400.261474609375,0.69
2,808,6,0.8864765167236328,-0.3914085030555725 -0.9170634746551514 -0.07612042874097824 -0.46063032746315 0.2668653130531311 -0.8465239405632019 0.7966299653053284 -0.29627329111099243 -0.5268804430961609,-154.57754516601562 -199.7784423828125 1355.7666015625,0.69
2,809,6,0.9570519924163818,0.4515097141265869 -0.8917011022567749 -0.03174855560064316 -0.7895554304122925 -0.38270822167396545 -0.47972550988197327 0.4156213104724884 0.2416679710149765 -0.8768439888954163,85.16563415527344 -268.00396728515625 1208.8173828125,0.69
2,819,6,0.9478039741516113,0.15557163953781128 -0.9871841073036194 0.03556546941399574 -0.9868494868278503 -0.15691667795181274 -0.03879786282777786 0.04388144612312317 -0.02906191721558571 -0.9986139535903931,83.92682647705078 -250.5233001708984 1041.32275390625,0.69
2,821,6,0.9409747123718262,0.1517057716846466 -0.988196611404419 0.021280452609062195 -0.8964928388595581 -0.14663103222846985 -0.4180908799171448 0.4162764251232147 0.044349025934934616 -0.9081558585166931,152.902099609375 -264.12335205078125 1254.27197265625,0.69
2,828,6,0.8563704490661621,0.47644683718681335 -0.8592384457588196 -0.18630026280879974 -0.6142125725746155 -0.17367370426654816 -0.7697924375534058 0.6290797591209412 0.4811931252479553 -0.6105013489723206,211.91294860839844 -184.53482055664062 1251.4703369140625,0.69
2,837,6,0.9162147045135498,-0.4613734781742096 -0.8848832249641418 0.06415713578462601 -0.7789510488510132 0.36940109729766846 -0.5067328214645386 0.424699604511261 -0.28376835584640503 -0.8597126007080078,-135.5897216796875 -317.7631530761719 1171.624755859375,0.69
2,840,6,0.0037839263677597046,-0.01196596771478653 0.9996476769447327 -0.023694608360528946 0.832340657711029 -0.0031742160208523273 -0.5542553067207336 -0.5541352033615112 -0.02635418437421322 -0.8320094347000122,-306.0414123535156 -286.111083984375 1351.0010986328125,0.69
2,844,6,0.7002625465393066,-0.46647417545318604 -0.8824576139450073 -0.060584183782339096 -0.5881009697914124 0.3605777323246002 -0.7239620089530945 0.6607110500335693 -0.3020799458026886 -0.6871743202209473,27.47978973388672 -344.5066223144531 1095.359375,0.69
2,850,6,0.7433252334594727,-0.15203848481178284 -0.9824431538581848 -0.10811909288167953 -0.6770057082176208 0.18321575224399567 -0.7128079533576965 0.7201024293899536 -0.03517700359225273 -0.6929754614830017,-62.74421691894531 -290.6451721191406 1505.7711181640625,0.69
2,856,6,0.5175642967224121,0.9695996046066284 0.23040783405303955 0.0823940709233284 0.2095808982849121 -0.608159065246582 -0.7656489610671997 -0.1263028383255005 0.7596411108970642 -0.637959897518158,279.6884765625 -268.16607666015625 1413.71484375,0.69
2,867,6,0.7620813846588135,-0.6218721270561218 -0.6267568469047546 -0.46952199935913086 -0.5136591792106628 0.7790167331695557 -0.3595651388168335 0.59112548828125 0.017570754513144493 -0.8063881993293762,-115.35537719726562 -199.2737274169922 1205.5797119140625,0.69
2,871,6,0.03664657473564148,-0.03246953338384628 -0.8344448804855347 -0.5501341223716736 -0.659873366355896 0.4313051998615265 -0.6152584552764893 0.7506749629974365 0.34304171800613403 -0.5646321773529053,-186.8883819580078 -205.20018005371094 1253.642578125,0.69
