scene_id,im_id,obj_id,score,R,t,time
2,3,10,0.8155460357666016,0.042954184114933014 0.9988911151885986 -0.01927405409514904 0.8821184039115906 -0.04697611555457115 -0.46867939829826355 -0.4690651595592499 0.00312974420376122 -0.8831580281257629,341.86248779296875 -151.20994567871094 1043.8682861328125,0.69
2,8,10,0.004445208236575127,-0.1011883020401001 -0.9928123354911804 0.06391040235757828 -0.7180287837982178 0.02841494418680668 -0.6954330801963806 0.6886186003684998 -0.11625920981168747 -0.7157431840896606,164.20513916015625 -35.90550231933594 1075.8829345703125,0.69
2,17,10,0.5892724990844727,-0.13875600695610046 0.9854954481124878 -0.09770102798938751 0.5494638085365295 -0.005467081442475319 -0.83549964427948 -0.8239153027534485 -0.169613778591156 -0.5407354235649109,327.4386901855469 -23.291961669921875 1118.186767578125,0.69
2,27,10,0.19622647762298584,0.011473988182842731 0.9997073411941528 -0.021296771243214607 0.4944968521595001 -0.02418448030948639 -0.8688428997993469 -0.8691036701202393 -0.0005620987503789365 -0.4946296215057373,446.9000244140625 65.50028228759766 1133.92578125,0.69
2,36,10,0.08713150024414062,0.05763644725084305 0.9925076961517334 0.10773441940546036 0.8628359436988831 0.004760500509291887 -0.5054617524147034 -0.5021874308586121 0.12209013104438782 -0.8560968637466431,339.2736511230469 -37.92926788330078 1074.5950927734375,0.69
2,38,10,0.014209285378456116,0.2982201874256134 0.9396040439605713 0.16795538365840912 0.7321181893348694 -0.11227026581764221 -0.6718618273735046 -0.6124277114868164 0.3233259916305542 -0.7213824391365051,340.32586669921875 -310.31494140625 827.974609375,0.69
2,39,10,0.0862903892993927,0.34249359369277954 0.9050121307373047 0.25229206681251526 0.8882989287376404 -0.22447282075881958 -0.40067076683044434 -0.3059791922569275 0.36133792996406555 -0.8808017373085022,-445.8431396484375 -364.0405578613281 881.9075927734375,0.69
2,41,10,0.041244685649871826,0.4146592617034912 0.9099105596542358 -0.010971485637128353 0.688947856426239 -0.32179442048072815 -0.6494606733322144 -0.5944817066192627 0.2617460787296295 -0.760316014289856,369.66705322265625 -114.88099670410156 1112.111572265625,0.69
2,47,10,0.06786343455314636,0.1893054097890854 0.9819121956825256 0.0034698243252933025 0.7762665152549744 -0.14749261736869812 -0.6129080057144165 -0.6013100147247314 0.11872031539678574 -0.7901467084884644,408.467041015625 -300.958251953125 836.4092407226562,0.69
2,58,10,0.4856886863708496,0.5010219216346741 0.7976163625717163 -0.3358352482318878 0.3141820430755615 -0.5292138457298279 -0.7881765961647034 -0.806391179561615 0.28938034176826477 -0.5157444477081299,278.37872314453125 -125.44788360595705 1216.3870849609375,0.69
2,61,10,0.10592412948608398,-0.40377548336982727 -0.8921523690223694 -0.2025572806596756 -0.6200489401817322 0.4296676516532898 -0.6564488410949707 0.6726847290992737 -0.13946251571178436 -0.7266673445701599,-458.6498718261719 234.698974609375 773.2973022460938,0.69
2,62,10,0.005368553102016449,0.9860615730285645 0.16464926302433014 0.02394157275557518 0.14825917780399323 -0.804212749004364 -0.5755528211593628 -0.07551022619009018 0.5710801482200623 -0.8174141049385071,286.7611389160156 -283.4301452636719 757.1776733398438,0.69
2,64,10,0.11532878875732422,0.7863337993621826 0.6160619854927063 -0.04633317515254021 0.06936348974704742 -0.16255934536457062 -0.9842576384544373 -0.6138956546783447 0.7707412242889404 -0.1705581247806549,81.63105773925781 -142.875732421875 1440.29052734375,0.69
2,65,10,0.3191828727722168,-0.5646265149116516 0.51719731092453 -0.6431980729103088 0.4985448718070984 -0.407347708940506 -0.7651932239532471 -0.65776127576828 -0.7527114748954773 -0.02784678526222706,38.83096694946289 140.92591857910156 1250.34765625,0.69
2,69,10,0.04822686314582825,0.8034940361976624 0.5953126549720764 0.00048720641643740237 0.026826057583093643 -0.03538956120610237 -0.9990135431289673 -0.5947080850601196 0.802714467048645 -0.044405192136764526,4.144803047180176 144.64340209960938 1604.274658203125,0.69
2,72,10,0.8769793510437012,0.20078876614570618 0.84062260389328 -0.5030282735824585 0.1268094778060913 -0.5314684510231018 -0.8375324606895447 -0.9713923931121826 0.1043783575296402 -0.2133118361234665,272.8743591308594 -105.1486587524414 1269.4322509765625,0.69
2,79,10,0.807246208190918,-0.4570312201976776 0.889262318611145 0.018304239958524704 0.5869061350822449 0.31697243452072144 -0.7450299859046936 -0.6683290004730225 -0.3297590911388397 -0.6667798161506653,492.91717529296875 56.61935806274414 882.3095703125,0.69
2,89,10,0.19155502319335938,-0.2937169373035431 0.7117040753364563 -0.6381282210350037 0.507293701171875 -0.4497508704662323 -0.7351035475730896 -0.8101749420166016 -0.5396307706832886 -0.22894355654716492,328.0997314453125 -225.58123779296875 1003.9951782226561,0.69
2,96,10,0.07419908046722412,-0.6553258895874023 0.7347659468650818 -0.17511974275112152 0.19294756650924683 -0.061311691999435425 -0.9792916178703308 -0.7302870154380798 -0.6755441427230835 -0.10159216821193695,469.9856262207031 118.3287124633789 983.2103271484375,0.69
2,102,10,0.016303472220897675,-0.6820559501647949 0.7306992411613464 -0.029635878279805183 0.6528022289276123 0.5900780558586121 -0.47503381967544556 -0.3296193778514862 -0.3433459997177124 -0.8794683814048767,441.37652587890625 26.337007522583008 807.814453125,0.69
2,107,10,0.001530395820736885,0.9628309011459351 0.19591927528381348 0.18593615293502808 0.2701048254966736 -0.698259711265564 -0.662930428981781 -4.914179226034321e-05 0.6885121464729309 -0.7252247929573059,60.311275482177734 -290.1439514160156 679.3171997070312,0.69
2,110,10,0.9246940612792969,-0.7675808072090149 0.6361390948295593 -0.07840114086866379 0.4111272394657135 0.3948124349117279 -0.8216431736946106 -0.4917256236076355 -0.6629104018211365 -0.5645845532417297,444.583251953125 102.19217681884766 870.586181640625,0.69
2,115,10,0.19298171997070312,-0.9228336215019226 0.2529766261577606 -0.29048392176628113 0.34893783926963806 0.22959348559379578 -0.9085863828659058 -0.1631578952074051 -0.9398348927497864 -0.30014970898628235,-234.20127868652344 -92.44831085205078 1339.66650390625,0.69
2,119,10,0.5447063446044922,0.9736061096191406 -0.22146420180797577 0.05517902225255966 -0.05623697489500046 -0.467089980840683 -0.8824196457862854 0.22119790315628052 0.8560260534286499 -0.4672161340713501,-282.8351745605469 200.16482543945312 536.5892944335938,0.69
2,124,10,0.005397040396928787,-0.2353323996067047 0.963731586933136 0.1258569210767746 0.8918590545654297 0.2655952572822571 -0.3661237359046936 -0.3862720727920532 0.026085874065756798 -0.922015905380249,357.3767395019531 -76.1674575805664 851.952880859375,0.69
2,126,10,0.015665464103221893,-0.07474149018526077 0.9942864179611206 0.07621216773986816 0.9194583296775818 0.09829745441675186 -0.3807019293308258 -0.38601821660995483 0.0416196808218956 -0.9215518832206726,411.2348937988281 -169.75006103515625 948.6350708007812,0.69
2,136,10,0.3473273515701294,-0.3384215235710144 0.8330526947975159 0.437600314617157 0.6069636344909668 0.5486161112785339 -0.5749917030334473 -0.7190729975700378 0.07101789116859436 -0.6912962198257446,220.12550354003906 114.85431671142578 1063.3804931640625,0.69
2,156,10,0.8849420547485352,-0.6861066222190857 0.7274442315101624 -0.009090167470276356 0.4175702631473541 0.38354822993278503 -0.8237268328666687 -0.5957287549972534 -0.5689602494239807 -0.5669140815734863,328.69891357421875 103.66563415527344 916.3818969726562,0.69
2,162,10,0.0035117100924253464,-0.6967637538909912 0.7138103246688843 0.07067696005105972 0.12295199930667877 0.21592415869235992 -0.968638002872467 -0.7066846489906311 -0.6662220358848572 -0.2382124960422516,-110.28765106201172 -88.41463470458984 1324.4005126953125,0.69
2,166,10,0.5223703384399414,-0.7065353989601135 0.6936139464378357 -0.14038337767124176 0.6480782628059387 0.554492175579071 -0.5220470428466797 -0.2842576205730438 -0.4598240852355957 -0.841284453868866,-42.25819778442383 -479.0643005371094 1122.1614990234375,0.69
2,175,10,0.02813848853111267,-0.7999414205551147 -0.5910964608192444 0.10343488305807114 -0.5923115015029907 0.7501275539398193 -0.2940676212310791 0.09623297303915024 -0.29650259017944336 -0.9501712918281555,-452.17498779296875 -14.990304946899414 813.6188354492188,0.69
2,176,10,0.0014404095709323883,0.018309392035007477 -0.880079448223114 0.4744732975959778 -0.42095017433166504 -0.4372289776802063 -0.7947526574134827 0.9068989753723145 -0.18517817556858063 -0.37847498059272766,-220.39797973632812 -126.9212646484375 1139.2784423828125,0.69
2,217,10,0.6287956237792969,-0.28448453545570374 0.9204201102256775 -0.26813337206840515 0.40013158321380615 -0.14016498625278473 -0.9056757688522339 -0.8711850047111511 -0.3649393618106842 -0.32841435074806213,378.0401306152344 -0.29153111577033997 917.183837890625,0.69
2,219,10,0.1029742956161499,-0.4849807620048523 0.8310227394104004 -0.27238723635673523 0.29761019349098206 -0.1360439509153366 -0.9449445009231567 -0.8223270773887634 -0.5393451452255249 -0.18134216964244843,402.7932434082031 0.574826717376709 789.5730590820312,0.69
2,221,10,0.4222668409347534,-0.50834721326828 0.8270710110664368 -0.23986807465553284 0.3417888879776001 -0.06188790872693062 -0.9377367496490479 -0.7904198169708252 -0.5586801171302795 -0.2512231171131134,365.75018310546875 34.8474006652832 829.3230590820312,0.69
2,224,10,0.057701557874679565,-0.3222748041152954 0.786875307559967 0.5262758731842041 0.20246118307113647 0.6003663539886475 -0.773672878742218 -0.9247423410415649 -0.14278483390808105 -0.35279467701911926,370.8001403808594 163.79713439941406 948.1594848632812,0.69
2,243,10,0.005787871778011322,-0.9073917269706726 0.3686947524547577 -0.20175357162952423 0.4030430018901825 0.6272597312927246 -0.6664095520973206 -0.11914978921413422 -0.6860098242759705 -0.7177700400352478,242.8525848388672 -589.09521484375 1358.4293212890625,0.69
2,248,10,0.03604328632354736,0.6536691188812256 0.7209575772285461 0.23008029162883759 0.22340482473373413 0.10664434731006622 -0.9688742160797119 -0.7230539917945862 0.6847241520881653 -0.09135528653860092,194.22193908691406 -92.55252838134766 1532.260009765625,0.69
2,249,10,0.052097588777542114,-0.658935546875 0.7453664541244507 0.10115811973810196 0.38352057337760925 0.4486062228679657 -0.8072574138641357 -0.6470826268196106 -0.49313437938690186 -0.5814659595489502,187.9826202392578 -167.69003295898438 1078.4654541015625,0.69
2,254,10,0.004337131977081299,-0.45839378237724304 0.86971116065979 -0.1829690784215927 0.7439320087432861 0.2628447115421295 -0.6143922805786133 -0.4862514138221741 -0.41775014996528625 -0.7674922347068787,42.825103759765625 -433.38873291015625 1059.5640869140625,0.69
2,263,10,0.9074435234069824,-0.8275650143623352 0.555916428565979 -0.07805800437927246 0.28659623861312866 0.29882973432540894 -0.9102545380592346 -0.4826994240283966 -0.7756659388542175 -0.40662458539009094,393.6918640136719 83.4852523803711 758.8572387695312,0.69
2,266,10,0.009967423975467682,-0.722070038318634 0.6488332152366638 -0.2400633692741394 0.6675667762756348 0.5623884201049805 -0.487928181886673 -0.18157510459423065 -0.5125766396522522 -0.8392232656478882,344.0641784667969 -416.9751892089844 999.4471435546875,0.69
2,268,10,0.0031500523909926414,-0.8652222156524658 0.49940475821495056 -0.04455788433551788 0.3322433531284332 0.5045110583305359 -0.7969209551811218 -0.37550613284111023 -0.7043177485466003 -0.6024380922317505,-292.7100524902344 215.92654418945312 549.0978393554688,0.69
2,277,10,0.15822577476501465,-0.2583818733692169 0.9617818593978882 -0.09063440561294556 0.6943250894546509 0.11965584754943848 -0.7096443772315979 -0.6716781854629517 -0.24628899991512299 -0.6987061500549316,432.43316650390625 -34.110591888427734 782.990234375,0.69
2,283,10,0.13171207904815674,0.006566542666405439 0.7431007027626038 -0.6691474318504333 0.4850834012031555 -0.5875238180160522 -0.6476958990097046 -0.8744432926177979 -0.320339173078537 -0.36432379484176636,328.5463562011719 -264.2746276855469 891.9822387695312,0.69
2,307,10,0.004132375121116638,0.8855404257774353 0.46333014965057373 0.03381279110908508 0.4424608051776886 -0.8189913630485535 -0.3653513491153717 -0.14158590137958527 0.338494211435318 -0.9302554130554199,-60.37739944458008 -362.17193603515625 854.5550537109375,0.69
2,310,10,0.0531349778175354,-0.9009731411933899 0.3488740622997284 -0.2579423785209656 0.42693573236465454 0.6069751977920532 -0.6703035831451416 -0.07728690654039383 -0.71405029296875 -0.6958151459693909,2.2236721515655518 -461.7561950683594 1136.3590087890625,0.69
2,322,10,0.29291868209838867,0.7663936614990234 0.6304518580436707 -0.12317129969596863 0.06319219619035721 -0.2648085057735443 -0.9622282385826111 -0.6392554044723511 0.7296621799468994 -0.2427871972322464,119.52519989013672 -121.760009765625 1189.5174560546875,0.69
2,326,10,0.0051644593477249146,-0.8498300313949585 0.2007562220096588 -0.48732510209083557 0.4912533462047577 -0.03325892612338066 -0.8703815340995789 -0.1909424364566803 -0.9790763854980469 -0.07035772502422333,-385.801513671875 214.0023651123047 838.7254028320312,0.69
2,338,10,0.14701110124588013,-0.1468592882156372 0.9818508625030518 -0.12000541388988495 0.7600444555282593 0.03436433896422386 -0.6489618420600891 -0.6330598592758179 -0.18651553988456726 -0.7512969970703125,325.5760192871094 -144.8714141845703 743.5272827148438,0.69
2,342,10,0.008761465549468994,-0.5555281639099121 0.8310421109199524 0.02752353996038437 0.720917284488678 0.4978788197040558 -0.482073575258255 -0.41432681679725647 -0.24796324968338013 -0.8756983280181885,327.64532470703125 -28.533117294311523 634.2241821289062,0.69
2,356,10,0.23091351985931396,-0.5971309542655945 0.7951182126998901 -0.10593166202306747 0.24849002063274384 0.057796258479356766 -0.9669086337089539 -0.7626842260360718 -0.6036940217018127 -0.23209090530872345,370.5235290527344 12.09849739074707 661.6048583984375,0.69
2,362,10,0.14128363132476807,-0.20496420562267303 0.9784454107284546 -0.025184258818626404 0.14030708372592926 0.003907199017703533 -0.9901002645492554 -0.9686607718467712 -0.20646865665912628 -0.13808363676071167,359.9983825683594 10.596231460571289 830.5697631835938,0.69
2,365,10,0.15100514888763428,0.2186659723520279 0.8422609567642212 -0.49272873997688293 0.3046950101852417 -0.5386356711387634 -0.7855141758918762 -0.9270091652870178 0.02163323387503624 -0.37441402673721313,202.04335021972656 -270.616455078125 914.611328125,0.69
2,368,10,0.015361905097961426,0.9791009426116943 -0.20266307890415192 0.01699904352426529 -0.1507723331451416 -0.7794137597084045 -0.6080968379974365 0.13648806512355804 0.5928252339363098 -0.7936807870864868,-98.48374938964844 -394.6304626464844 1047.992431640625,0.69
2,387,10,0.15216243267059326,-0.3215257525444031 0.8205007910728455 -0.47265177965164185 0.7381841540336609 -0.09542831778526306 -0.6678155064582825 -0.593047559261322 -0.5636239051818848 -0.5749980211257935,243.7500457763672 -215.85487365722656 646.5882568359375,0.69
2,402,10,0.9560966491699219,-0.07940341532230377 0.9967495799064636 0.01361663918942213 0.949493408203125 0.07978465408086777 -0.3034743666648865 -0.3035743236541748 -0.01116797886788845 -0.952742338180542,427.4570617675781 -129.77085876464844 999.7728271484375,0.69
2,415,10,0.9241766929626465,-0.2787728011608124 0.9548160433769226 -0.10301437228918076 0.6878633499145508 0.12366662919521332 -0.7152276039123535 -0.6701713800430298 -0.27024582028388977 -0.691257894039154,559.1563110351562 -149.12405395507812 998.8705444335938,0.69
2,417,10,0.012014590203762054,0.05884544923901558 -0.8963178992271423 -0.43949002027511597 -0.4086374044418335 0.38004931807518005 -0.8298059701919556 0.9107978343963623 0.2284223735332489 -0.3439048230648041,-484.1162109375 8.910809516906738 1417.448486328125,0.69
2,425,10,0.9245967864990234,-0.13789497315883636 0.8157172799110413 -0.5617742538452148 0.4797956943511963 -0.44118422269821167 -0.7583881616592407 -0.86647629737854 -0.3741148114204407 -0.3305405080318451,375.2039794921875 -340.3034362792969 1127.036865234375,0.69
2,428,10,0.9434661865234375,-0.7416694164276123 0.6183978915214539 -0.25982779264450073 0.4577624201774597 0.18349981307983398 -0.8699318170547485 -0.4902856945991516 -0.7641412019729614 -0.41917553544044495,498.5776062011719 -55.88163757324219 905.7030639648438,0.69
2,434,10,0.6006128787994385,-0.3256015479564667 0.9030594229698181 -0.280119925737381 0.4659688174724579 -0.10452761501073837 -0.8786051869392395 -0.8227130174636841 -0.41660234332084656 -0.38676321506500244,35.61091232299805 -44.68745040893555 1555.272216796875,0.69
2,438,10,0.9444904327392578,-0.429352730512619 0.8853271007537842 -0.1784716546535492 0.43400388956069946 0.028957398608326912 -0.9004454612731934 -0.7920206785202026 -0.46406611800193787 -0.39666837453842163,421.0225830078125 -94.86455535888672 1049.9217529296875,0.69
2,442,10,0.9502887725830078,-0.6867563724517822 0.6982455849647522 -0.20203693211078644 0.27619192004203796 -0.006440852768719196 -0.9610809683799744 -0.6723717451095581 -0.7158294916152954 -0.1884264498949051,482.29248046875 31.125839233398438 940.2140502929688,0.69
2,446,10,0.9469475746154785,0.2359742522239685 0.9717592000961304 0.00018479842401575297 0.5869084000587463 -0.14236858487129211 -0.7970380187034607 -0.7745028138160706 0.18818892538547516 -0.6039290428161621,252.0504608154297 -205.31399536132812 1130.6160888671875,0.69
2,453,10,0.9507761001586914,0.11094297468662262 0.9420068264007568 0.3167252838611603 0.8948991298675537 0.04392271488904953 -0.4441017508506775 -0.43225833773612976 0.33270716667175293 -0.8381280899047852,187.69580078125 -140.44114685058594 1160.02001953125,0.69
2,473,10,0.9362421035766602,0.10190409421920776 0.9537748098373413 -0.2827172577381134 0.4292018711566925 -0.2985380291938782 -0.8524439930915833 -0.897441565990448 -0.034475237131118774 -0.4397841989994049,144.62747192382812 -205.96871948242188 1238.96044921875,0.69
2,474,10,0.9483625888824463,-0.0368223711848259 0.9768843650817871 -0.21057282388210297 0.6400392651557922 -0.13877125084400177 -0.7557064294815063 -0.7674593329429626 -0.1626017838716507 -0.6201345324516296,343.0727844238281 -212.59744262695312 989.7061767578125,0.69
2,476,10,0.9396743774414062,0.2533494830131531 0.9513004422187805 -0.17561738193035126 0.6544514894485474 -0.3022388219833374 -0.6930692195892334 -0.712395429611206 0.06065566837787628 -0.6991520524024963,413.56732177734375 -350.5978698730469 1108.2574462890625,0.69
2,477,10,0.8320033550262451,0.5325789451599121 0.8420818448066711 -0.08519347012042999 0.45479634404182434 -0.369613915681839 -0.8102751970291138 -0.713806688785553 0.39278990030288696 -0.5798242688179016,209.83860778808594 -407.8939514160156 1262.0579833984375,0.69
2,480,10,0.8323087692260742,0.654970645904541 0.7492625713348389 -0.09807661920785904 0.2896742522716522 -0.3688293397426605 -0.8832064867019653 -0.6979271769523621 0.5500640869140625 -0.45861443877220154,170.06585693359375 -393.4491271972656 1364.8233642578125,0.69
2,491,10,0.9450011253356934,0.5098460912704468 0.829195499420166 0.2291107475757599 0.656941831111908 -0.20333416759967804 -0.7260045409202576 -0.5554136633872986 0.5206629633903503 -0.6484023332595825,63.117584228515625 -267.878173828125 1318.7862548828125,0.69
2,494,10,0.8930788040161133,0.11803638190031052 0.9683423638343811 0.2199552208185196 0.02550632134079933 0.21847404539585114 -0.9755093455314636 -0.992681622505188 0.12075582891702652 0.0010890363482758403,343.1787109375 178.34091186523438 1198.4000244140625,0.69
2,499,10,0.9046123027801514,-0.06109165400266647 0.9885098934173584 0.13826002180576324 -0.09530767053365707 0.1321086436510086 -0.986642599105835 -0.9935714602470398 -0.07345287501811981 0.08614184707403183,365.1915588378906 257.98626708984375 1242.946044921875,0.69
2,501,10,0.9190618991851807,0.030957140028476715 0.9995206594467163 -0.0006084834458306432 0.27055823802948 -0.00896577350795269 -0.9626619219779968 -0.9622058272361755 0.029636627063155174 -0.27070605754852295,421.6685791015625 -135.34326171875 1065.530517578125,0.69
2,503,10,0.7995367050170898,0.2312398999929428 0.9484025239944458 0.21693462133407593 0.19845426082611084 0.17230837047100067 -0.9648449420928955 -0.9524410963058472 0.266162246465683 -0.14836996793746948,285.403564453125 22.162254333496094 1403.0482177734375,0.69
2,521,10,0.9341764450073242,-0.000275356083875522 0.9605541229248047 0.278093159198761 0.5934340357780457 0.223989337682724 -0.7730879187583923 -0.8048825860023499 0.16481706500053406 -0.5700871348381042,320.1978759765625 -227.91314697265625 1210.6114501953125,0.69
2,527,10,0.14368611574172974,-0.22876225411891937 0.9722908735275269 -0.04814883694052696 0.2941927909851074 0.0219010878354311 -0.9554951190948486 -0.9279646873474121 -0.23274625837802887 -0.29105111956596375,299.72955322265625 -95.14752197265625 1452.8038330078125,0.69
2,529,10,0.872187614440918,0.2427169531583786 0.9696663618087769 0.028906840831041336 0.13542966544628143 -0.004363179672509432 -0.990777313709259 -0.9605973958969116 0.24439330399036407 -0.13238060474395752,297.8983154296875 -29.930423736572266 1301.8072509765625,0.69
2,532,10,0.8802354335784912,0.574398934841156 0.8185733556747437 0.0018884091405197978 0.7249030470848083 -0.5075955390930176 -0.46568483114242554 -0.3802385926246643 0.2688577473163605 -0.8849486708641052,190.13978576660156 -478.7969055175781 1089.23583984375,0.69
2,535,10,0.9615302085876465,0.7134153246879578 0.6967049837112427 -0.07510567456483841 0.6579036712646484 -0.7028442025184631 -0.27050477266311646 -0.24124956130981445 0.1435699462890625 -0.9597845673561096,131.0459442138672 -388.21685791015625 1005.5391845703125,0.69
2,540,10,0.9565639495849609,-0.1426231861114502 0.9373881220817566 0.3177453875541687 0.6191288232803345 0.3349592387676239 -0.7102687954902649 -0.7722293138504028 0.09542456269264221 -0.628136932849884,342.8768005371094 -93.96529388427734 1060.47705078125,0.69
2,543,10,0.8974123001098633,0.4174313247203827 0.8334672451019287 0.36205464601516724 0.45646536350250244 0.15218904614448547 -0.8766286969184875 -0.7857420444488525 0.531197726726532 -0.3169203996658325,299.6064758300781 -50.13835144042969 1260.46826171875,0.69
2,549,10,0.7953858375549316,-0.137325718998909 0.9894475936889648 0.046207625418901443 0.9515672326087952 0.14473535120487213 -0.2712405025959015 -0.27506616711616516 0.006721379701048136 -0.9614018201828003,482.68701171875 -210.4802703857422 863.3395385742188,0.69
2,560,10,0.8577232360839844,-0.4419785439968109 0.8955492973327637 0.05144345387816429 0.3898428976535797 0.24341550469398499 -0.8881280422210693 -0.8078845739364624 -0.3724786639213562 -0.45670798420906067,506.9552001953125 13.118302345275879 917.1846923828125,0.69
2,563,10,0.9391617774963379,-0.037172574549913406 0.9809706211090088 -0.19056478142738342 0.36986300349235535 -0.1636483520269394 -0.9145603179931641 -0.928342342376709 -0.10447940975427628 -0.3567415177822113,278.42718505859375 -164.35484313964844 1024.1146240234375,0.69
2,571,10,0.9396219253540039,-0.5622220039367676 0.8267239332199097 -0.020829377695918083 0.2863170802593231 0.1709599643945694 -0.9427593350410461 -0.7758407592773438 -0.5360038876533508 -0.33282268047332764,478.3134765625 57.08797836303711 927.16015625,0.69
2,575,10,0.9429526329040527,-0.5849406719207764 0.8010478019714355 -0.12714827060699463 0.1665019690990448 -0.034831129014492035 -0.9854257106781006 -0.7938019037246704 -0.5975860357284546 -0.11300189793109894,330.35943603515625 18.649812698364258 958.4397583007812,0.69
2,589,10,0.9716932773590088,-0.22372615337371826 0.9740849137306213 0.03324125334620476 0.8640799522399902 0.21400780975818634 -0.455594539642334 -0.45090171694755554 -0.07320529222488403 -0.8895664811134338,356.791748046875 -172.25390625 840.2796630859375,0.69
2,603,10,0.5623016357421875,0.16812583804130554 -0.9722743630409241 0.16253109276294708 -0.759018063545227 -0.23288528621196747 -0.6079935431480408 0.6289875507354736 -0.021144606173038483 -0.7771278023719788,510.71835327148443 -14.790689468383789 897.5007934570312,0.69
2,607,10,0.035629600286483765,-0.48516935110092163 0.8313104510307312 -0.271170437335968 0.4671538770198822 -0.015728959813714027 -0.8840360641479492 -0.7391737103462219 -0.555585503578186 -0.38071879744529724,311.87017822265625 -261.8865661621094 982.4559326171875,0.69
2,611,10,0.05110669136047363,-0.30678147077560425 0.9271721243858337 -0.21502774953842163 0.37522268295288086 -0.08980816602706909 -0.9225738048553467 -0.8746960163116455 -0.36371180415153503 -0.3203445076942444,-316.55780029296875 -100.16851806640625 1275.339599609375,0.69
2,615,10,0.9580478668212891,0.09170612692832947 0.6332669258117676 -0.7684808969497681 0.9273681640625 -0.3354337513446808 -0.1657475233078003 -0.36273688077926636 -0.697464644908905 -0.6180330514907837,205.61123657226562 -351.2689208984375 998.5247192382812,0.69
2,625,10,0.44857263565063477,0.6966515779495239 0.6175132989883423 -0.36517664790153503 0.3940350413322449 -0.7547221183776855 -0.5245292782783508 -0.5995107293128967 0.22152173519134521 -0.7691001296043396,13.150246620178223 -237.35269165039062 1363.886962890625,0.69
2,642,10,0.9533300399780273,0.2762330174446106 0.653171718120575 -0.7050262689590454 0.9055613279342651 -0.4226217567920685 -0.03673435375094414 -0.3219532370567322 -0.6282972693443298 -0.7082291841506958,227.2078857421875 -390.31488037109375 1045.4298095703125,0.69
2,648,10,0.012699872255325317,0.9416484236717224 0.08306342363357544 0.32618826627731323 0.3318982720375061 -0.06775285303592682 -0.9408789277076721 -0.056052472442388535 0.9942384958267212 -0.09136797487735748,-371.38995361328125 13.845507621765137 653.4972534179688,0.69
2,649,10,0.9081416130065918,0.35679247975349426 0.5250273942947388 -0.7726871371269226 0.7614681720733643 -0.6426018476486206 -0.08502466231584549 -0.5411704182624817 -0.5580404996871948 -0.6290671825408936,249.7045440673828 -317.5038146972656 1013.1224365234375,0.69
2,650,10,0.14028078317642212,0.9275976419448853 0.22023195028305054 0.3017622232437134 0.36094942688941956 -0.32007551193237305 -0.8759378790855408 -0.09632280468940735 0.9214387536048889 -0.3763939142227173,171.12155151367188 -116.80585479736328 1301.3134765625,0.69
2,652,10,0.8928165435791016,-0.3750852048397064 0.4156990051269531 -0.82855623960495 0.8804373741149902 -0.11993362009525299 -0.4587440490722656 -0.29007118940353394 -0.9015600085258484 -0.3210115432739258,435.3199768066406 -191.438232421875 767.7349853515625,0.69
2,667,10,0.08678793907165527,-0.708045244216919 0.7011221051216125 -0.08425954729318619 0.38970234990119934 0.28844207525253296 -0.8746045827865601 -0.5889006853103638 -0.6520957946777344 -0.4774589538574219,368.2466125488281 28.097429275512695 661.7477416992188,0.69
2,669,10,0.10392886400222778,-0.8967868089675903 0.37448957562446594 -0.23565012216567993 0.43991735577583313 0.6976041197776794 -0.5655273795127869 -0.047393638640642166 -0.6108240485191345 -0.790346622467041,388.6117248535156 -8.320950508117676 693.8758544921875,0.69
2,679,10,0.05665779113769531,0.4393545687198639 0.5182309746742249 -0.7337603569030762 0.6736523509025574 -0.7304331064224243 -0.1125173345208168 -0.594272792339325 -0.4448643922805786 -0.6700265407562256,73.5254898071289 -312.89044189453125 1010.7659301757812,0.69
2,691,10,0.7788577079772949,-0.36014536023139954 0.7510042786598206 -0.5534329414367676 0.8998227715492249 0.12308531254529953 -0.41853198409080505 -0.2461998611688614 -0.6487239003181458 -0.7200992703437805,443.74774169921875 -367.43548583984375 847.9993896484375,0.69
2,695,10,0.9498457908630371,-0.08482672274112701 0.6667129397392273 -0.7404716610908508 0.9582161903381348 -0.14916177093982697 -0.244074746966362 -0.2731778621673584 -0.7302359938621521 -0.6262022256851196,333.25213623046875 -335.8819580078125 891.2850341796875,0.69
2,703,10,0.6133525371551514,-0.33826926350593567 0.39782294631004333 -0.8528252243995667 0.625498354434967 -0.5820325613021851 -0.5196056365966797 -0.7030830383300781 -0.7092073559761047 -0.051953863352537155,536.1203002929688 -22.59410285949707 1138.481201171875,0.69
2,708,10,0.9204721450805664,-0.16504307091236115 0.4579702317714691 -0.8735125660896301 0.903481125831604 -0.28501731157302856 -0.3201359808444977 -0.39557886123657227 -0.8420383334159851 -0.3667272925376892,447.0599670410156 -166.47830200195312 1141.9808349609375,0.69
2,711,10,0.07873803377151489,0.6938263177871704 0.7112199664115906 -0.11300960183143616 0.04587690904736519 -0.20026078820228577 -0.9786679148674011 -0.7186796069145203 0.6738410592079163 -0.17157478630542755,45.36686706542969 51.21442794799805 1563.9765625,0.69
2,727,10,0.06098735332489014,0.983543872833252 0.13439619541168213 -0.12074405699968338 -0.12409427762031555 0.016805563122034073 -0.9921280741691589 -0.13130907714366913 0.9907851219177246 0.03320680558681488,-47.54756546020508 177.38629150390625 1268.736083984375,0.69
2,736,10,0.039190828800201416,-0.8517295122146606 0.24052925407886505 -0.4655131995677948 0.5048777461051941 0.13901875913143158 -0.8519226908683777 -0.1401972472667694 -0.9606350064277649 -0.23984424769878387,-288.5827941894531 -38.69251251220703 760.9443969726562,0.69
2,737,10,0.01680222898721695,0.4283091127872467 0.901231586933136 -0.06582498550415039 0.2289014607667923 -0.17867687344551086 -0.956911027431488 -0.8741598725318909 0.3947862684726715 -0.2828221321105957,-91.61204528808594 76.4388656616211 1483.2896728515625,0.69
2,739,10,0.023250579833984375,0.8797380924224854 0.47365331649780273 -0.04139263182878494 0.00901093427091837 -0.10365227609872818 -0.9945727586746216 -0.47537317872047424 0.8745906352996826 -0.09545491635799408,-154.4119873046875 -26.44881248474121 1201.4287109375,0.69
2,740,10,0.11927711963653564,0.617943286895752 -0.7684664130210876 0.16614878177642822 -0.03278393670916557 -0.23632661998271942 -0.9711204171180725 0.7855388522148132 0.5946503281593323 -0.17122980952262878,403.0108947753906 130.3582305908203 1064.5244140625,0.69
2,750,10,0.4804725646972656,-0.046295806765556335 0.45282238721847534 -0.8903979659080505 0.7658206224441528 -0.5562260746955872 -0.322693794965744 -0.641385555267334 -0.6968244910240173 -0.3210298418998718,393.5512390136719 -211.50982666015625 1141.409423828125,0.69
2,754,10,0.8970975875854492,-0.057535454630851746 0.45214205980300903 -0.8900883197784424 0.9274766445159912 -0.3057076334953308 -0.215243861079216 -0.3694276213645935 -0.8379202485084534 -0.4017621874809265,430.3623962402344 -402.71624755859375 1075.68896484375,0.69
2,756,10,0.07671314477920532,-0.01749238185584545 0.444463312625885 -0.8956262469291687 0.6955363154411316 -0.6380963325500488 -0.3302459716796875 -0.7182780504226685 -0.6287173628807068 -0.2979785203933716,406.2351379394531 -251.13633728027347 1210.6053466796875,0.69
2,757,10,0.8002123832702637,-0.14599761366844177 0.44977259635925293 -0.8811295628547668 0.6822328567504883 -0.5992231369018555 -0.4189152121543884 -0.7164097428321838 -0.6622961163520813 -0.21936452388763428,482.1506042480469 -254.5452423095703 1202.46826171875,0.69
2,758,10,0.9279122352600098,-0.1909606158733368 0.4907013177871704 -0.8501448631286621 0.7407719492912292 -0.49621063470840454 -0.4528045654296875 -0.6440427303314209 -0.7162312865257263 -0.26874110102653503,468.8553161621094 -293.45550537109375 1233.069091796875,0.69
2,761,10,0.03024163842201233,0.11081566661596298 0.9780867099761963 0.1762562096118927 0.043374527245759964 0.17241983115673065 -0.9840681552886963 -0.9928939938545227 0.11669520288705826 -0.023317232728004456,-87.61079406738281 -58.89162826538086 1449.6209716796875,0.69
2,762,10,0.15850985050201416,-0.41621044278144836 -0.8971399068832397 -0.1480165421962738 -0.13105878233909607 0.22027750313282013 -0.9665926694869995 0.8997735381126404 -0.38290709257125854 -0.20925985276699066,-359.9146728515625 -65.5331039428711 905.9508056640625,0.69
2,764,10,0.944561243057251,0.150276318192482 0.5454670786857605 -0.8245499730110168 0.7468447685241699 -0.609115481376648 -0.2668357193470001 -0.6477962732315063 -0.575711727142334 -0.49891483783721924,303.27099609375 -140.02552795410156 1307.667724609375,0.69
2,768,10,0.5128383636474609,0.22023652493953705 0.5538278222084045 -0.8029761910438538 0.8969479203224182 -0.4385186731815338 -0.05644387751817703 -0.3833802044391632 -0.7077968120574951 -0.5933324694633484,271.08941650390625 -395.2271728515625 1247.69970703125,0.69
2,769,10,0.7390472888946533,-0.03297841176390648 0.4361494779586792 -0.8992697596549988 0.9707338213920593 -0.20017600059509277 -0.1326853334903717 -0.23788288235664368 -0.8773273229598999 -0.4167836010456085,320.763427734375 -374.44708251953125 1165.861328125,0.69
2,770,10,0.9227766990661621,0.29326558113098145 0.5589386820793152 -0.775617778301239 0.8874626755714417 -0.4608668088912964 0.003437233157455921 -0.35553523898124695 -0.689339816570282 -0.6311935782432556,176.80763244628906 -357.2627868652344 1035.5146484375,0.69
2,773,10,0.9423079490661621,-0.36277374625205994 0.5733274817466736 -0.7346365451812744 0.899706244468689 0.010134607553482056 -0.43637821078300476 -0.2427423596382141 -0.8192636370658875 -0.5195029377937317,397.38714599609375 -131.8809814453125 1159.9842529296875,0.69
2,775,10,0.5470824241638184,-0.026041775941848755 0.6535630226135254 -0.7564239501953125 0.9893553256988525 -0.09152058511972427 -0.11313635110855103 -0.14317010343074799 -0.7513183951377869 -0.6442227959632874,445.1091613769531 -290.62646484375 1107.302490234375,0.69
2,785,10,0.9188210964202881,0.27458351850509644 0.5314911007881165 -0.8013246059417725 0.5669183135032654 -0.7625919580459595 -0.3115397095680237 -0.7766642570495605 -0.3687419295310974 -0.5107073187828064,433.45440673828125 -129.93333435058594 1366.77294921875,0.69
2,788,10,0.5109095573425293,-0.6488454937934875 -0.7211348414421082 -0.24282529950141907 -0.019375771284103394 0.3346751928329468 -0.9421343803405762 0.760673463344574 -0.6065946817398071 -0.23112504184246063,-303.3252258300781 -19.436912536621094 935.401123046875,0.69
2,791,10,0.10040116310119629,0.06968764960765839 0.5221998691558838 -0.8499711751937866 0.5622127056121826 -0.7243971824645996 -0.39895573258399963 -0.8240512609481812 -0.45006227493286133 -0.3440689444541931,350.6449279785156 -167.6360321044922 1293.77978515625,0.69
2,794,10,0.9345111846923828,0.12436165660619736 0.6720415353775024 -0.7299960851669312 0.665070116519928 -0.6024361252784729 -0.4413077235221863 -0.7363532185554504 -0.4306168258190155 -0.5218746066093445,197.43765258789062 -109.8328857421875 1338.166015625,0.69
2,801,10,0.02065134048461914,0.08048517256975174 0.5651488900184631 -0.8210535645484924 0.3486992418766022 -0.787640392780304 -0.507968008518219 -0.9337724447250366 -0.24541686475276947 -0.2604603171348572,329.61553955078125 21.44817352294922 1394.908447265625,0.69
2,803,10,0.9043483734130859,-0.13249337673187256 0.5605020523071289 -0.8174857497215271 0.3059042692184448 -0.7613722085952759 -0.5716074109077454 -0.9427980780601501 -0.325806587934494 -0.07058318704366684,432.705810546875 143.1823272705078 1326.306640625,0.69
2,804,10,0.2673063278198242,0.19881387054920197 0.9666035175323486 -0.161711648106575 0.4589579999446869 -0.23762297630310059 -0.8560916185379028 -0.8659275770187378 0.09598403424024582 -0.49087315797805786,-310.6986999511719 217.2163848876953 603.271484375,0.69
2,808,10,0.04281134903430939,0.4712846875190735 0.3680184781551361 -0.8015317916870117 0.40365955233573914 -0.8980211019515991 -0.17497722804546356 -0.7841872572898865 -0.2410818636417389 -0.5717777609825134,162.3510284423828 -282.6856384277344 1407.79052734375,0.69
2,809,10,0.9440517425537109,-0.48698553442955017 0.4500519931316376 -0.7485307455062866 0.7312439680099487 -0.25857481360435486 -0.6312062740325928 -0.47762683033943176 -0.85474693775177 -0.2031755894422531,348.4384460449219 -90.65690612792969 1056.2218017578125,0.69
2,819,10,0.8540852069854736,-0.22851476073265076 0.4942413568496704 -0.8387529253959656 0.9577184319496155 -0.040569622069597244 -0.2848323583602905 -0.17480383813381195 -0.8683775663375854 -0.4640733301639557,393.5254211425781 -138.96307373046875 998.8460083007812,0.69
2,821,10,0.9521942138671875,-0.23060236871242523 0.4887511432170868 -0.8413946032524109 0.8374664187431335 -0.3405938744544983 -0.42737072706222534 -0.49545180797576904 -0.8031924366950989 -0.33077093958854675,465.18841552734375 -161.0347900390625 1170.32275390625,0.69
2,828,10,0.25670790672302246,-0.4465077519416809 0.37591230869293213 -0.8119856715202332 0.6214562058448792 -0.5226022005081177 -0.5836772322654724 -0.6437569856643677 -0.7652299404144287 -0.00026707752840593457,464.4531555175781 -84.37129211425781 1030.61376953125,0.69
2,837,10,0.7772958278656006,0.3600326180458069 0.5216472744941711 -0.7734730839729309 0.8073954582214355 -0.5896070599555969 -0.02182129956781864 -0.4674282371997833 -0.6166422963142395 -0.633453369140625,187.45404052734375 -383.6025390625 1197.8671875,0.69
2,840,10,0.04272274672985077,0.03488247096538544 0.43784454464912415 -0.8983737230300903 0.7357333898544312 -0.619625985622406 -0.27342262864112854 -0.6763724088668823 -0.651425838470459 -0.3437509536743164,362.3537292480469 -289.6012268066406 1114.018310546875,0.69
2,844,10,0.2407550811767578,0.30037930607795715 0.44453054666519165 -0.8438986539840698 0.720082700252533 -0.6858987808227539 -0.10499488562345505 -0.6255024671554565 -0.5761384963989258 -0.5261285305023193,342.90283203125 -389.7174072265625 1100.78759765625,0.69
2,850,10,0.03542889654636383,0.125944584608078 0.48607608675956726 -0.8647937178611755 0.4887271523475647 -0.7890093326568604 -0.3723038136959076 -0.8632981777191162 -0.3757585287094116 -0.3369300663471222,289.3912658691406 -245.2834930419922 1208.0894775390625,0.69
2,856,10,0.9345602989196777,-0.549725353717804 0.443665474653244 -0.7077873945236206 0.6089009642601013 -0.36723726987838745 -0.7031190395355225 -0.5718755722045898 -0.8174947500228882 -0.06826870888471603,514.5784912109375 -38.27350997924805 1038.834228515625,0.69
2,867,10,0.007679704576730728,0.5421586632728577 -0.768156886100769 0.3405861258506775 0.14061488211154938 -0.31667089462280273 -0.9380548596382141 0.8284270763397217 0.5564660429954529 -0.06367158144712448,-178.2385711669922 282.4139099121094 1036.0216064453125,0.69
2,871,10,0.08231580257415771,0.8408737778663635 -0.23243984580039978 -0.4887770116329193 -0.5392159819602966 -0.2819215953350067 -0.7935782670974731 0.04666239395737648 0.9308555126190186 -0.3623957633972168,-212.04025268554688 -225.7237091064453 1406.78466796875,0.69
2,877,10,0.012483000755310059,0.8238431215286255 -0.5355319976806641 0.18570879101753235 0.09813689440488815 -0.18792152404785156 -0.9772688746452332 0.5582575798034668 0.8233411312103271 -0.10226242244243622,-88.34010314941406 -13.070740699768066 1441.38720703125,0.69
2,883,10,0.12974131107330322,0.20789945125579834 0.9639018177986145 -0.1663464903831482 0.16163064539432526 -0.20157761871814728 -0.966044545173645 -0.9647037386894226 0.17395342886447906 -0.19770395755767822,-668.0900268554688 146.2406463623047 1184.8494873046875,0.69
2,886,10,0.03790408372879028,-0.7782669067382812 0.6106293201446533 -0.14639873802661896 0.18901200592517853 0.00547654926776886 -0.9819595217704773 -0.5988115072250366 -0.7918976545333862 -0.11967848241329193,-605.8233642578125 34.14503860473633 1132.240478515625,0.69
2,894,10,0.8793625831604004,0.42907071113586426 0.47066962718963623 -0.7709529995918274 0.7591853141784668 -0.6503762602806091 0.025464346632361412 -0.4894242286682129 -0.5962221622467041 -0.6363828778266907,200.94322204589844 -386.2015380859375 1045.7281494140625,0.69
2,902,10,0.048193931579589844,0.2495928555727005 -0.9683204293251038 -0.0076776593923568726 -0.3927726447582245 -0.09398703277111053 -0.9148202538490295 0.8851175904273987 0.2313481718301773 -0.4037882387638092,-114.75837707519531 -371.1242370605469 1370.79638671875,0.69
