scene_id,im_id,obj_id,score,R,t,time
2,3,11,0.9244251251220703,0.2350953370332718 0.9703266024589539 -0.05653714761137962 0.8108334541320801 -0.22786374390125275 -0.5390985608100891 -0.535984456539154 0.08089734613895416 -0.8403429388999939,-7.417991638183594 -155.07534790039062 1153.5968017578125,0.69
2,8,11,0.929267406463623,0.2720114588737488 0.9566484093666077 0.10408447682857513 0.9131320118904114 -0.22247065603733063 -0.34160903096199036 -0.30364400148391724 0.18796443939208984 -0.9340609312057495,-195.72811889648438 -48.87691879272461 1092.2733154296875,0.69
2,17,11,0.8291935920715332,0.3542620837688446 0.9332155585289001 -0.06005857512354851 0.42122092843055725 -0.21658159792423248 -0.8807186484336853 -0.8349079489707947 0.2867073118686676 -0.4698166251182556,-47.051761627197266 -61.610626220703125 1199.3157958984375,0.69
2,27,11,0.8977527618408203,0.14497004449367523 0.9877420663833618 0.057872224599123 0.44233861565589905 -0.012379953637719154 -0.8967626690864563 -0.8850537538528442 0.1556028425693512 -0.4387112259864807,106.72160339355469 13.1553316116333 1208.609375,0.69
2,36,11,0.9229259490966797,0.24145552515983582 0.9675642251968384 0.07428809255361557 0.8075520992279053 -0.15789373219013214 -0.5682685971260071 -0.5381066799163818 0.19720308482646942 -0.8194828629493713,-4.475713729858398 -53.60078048706055 1126.966064453125,0.69
2,38,11,0.9209747314453125,0.4703182578086853 0.8798581957817078 0.06819262355566025 0.8211845755577087 -0.4080343544483185 -0.39895349740982056 -0.3231975734233856 0.24363383650779724 -0.9144319891929626,0.021100874990224838 -25.242977142333984 1093.3270263671875,0.69
2,39,11,0.9167017936706543,0.5351564884185791 0.8425734639167786 0.060643166303634644 0.7374289631843567 -0.43094202876091003 -0.5200842022895813 -0.4120754301548004 0.3230464458465576 -0.8519594073295593,31.20912742614746 22.962066650390625 1064.368896484375,0.69
2,41,11,0.9254002571105957,0.6026730537414551 0.7964320778846741 0.049810558557510376 0.6380322575569153 -0.44343870878219604 -0.6295052766799927 -0.479270339012146 0.41116660833358765 -0.7753978967666626,72.9892578125 -34.11077117919922 1059.28662109375,0.69
2,47,11,0.903550386428833,0.6800609230995178 0.7290331721305847 0.07763850688934326 0.5095287561416626 -0.3938289284706116 -0.7650354504585266 -0.5271599292755127 0.5598297715187073 -0.6392910480499268,43.38050079345703 -104.78380584716797 1039.1102294921875,0.69
2,58,11,0.9317703247070312,0.7258515357971191 0.6339802145957947 -0.266849160194397 0.10018715262413025 -0.4812508821487427 -0.8708386421203613 -0.6805159449577332 0.6053647398948669 -0.41283342242240906,-27.81960105895996 1.5583606958389282 1121.1531982421875,0.69
2,61,11,0.9307956695556641,0.7509312629699707 0.6238343119621277 -0.2166403830051422 0.15771397948265076 -0.4879758059978485 -0.8584904670715332 -0.6412711143493652 0.6105000972747803 -0.4648236334323883,83.29005432128906 -91.9446029663086 1081.873046875,0.69
2,62,11,0.9336576461791992,0.905924916267395 0.40704551339149475 -0.11667899787425995 0.13745853304862976 -0.5433287620544434 -0.828190267086029 -0.4005061686038971 0.7342396974563599 -0.5481669306755066,-155.72555541992188 -111.81916809082031 1097.17236328125,0.69
2,64,11,0.9331698417663574,0.8828795552253723 0.4567614793777466 -0.10905300080776215 0.09202375262975693 -0.3960042893886566 -0.9136258363723755 -0.4604945480823517 0.7965861558914185 -0.3916570544242859,-143.4994354248047 -62.266510009765625 1123.1551513671875,0.69
2,65,11,0.9099650382995605,0.6829785704612732 0.4901924729347229 -0.5415270924568176 -0.35843682289123535 -0.4210577607154846 -0.8332067131996155 -0.6364458203315735 0.7631655931472778 -0.11187037825584412,108.55183410644531 74.88689422607422 1140.019287109375,0.69
2,69,11,0.8721270561218262,0.760500967502594 0.6391450762748718 -0.11459441483020782 -0.034889932721853256 -0.13600262999534607 -0.9900939464569092 -0.6483988165855408 0.7569655776023865 -0.08113039284944534,-16.1220645904541 127.82151794433594 1201.3267822265625,0.69
2,72,11,0.8959941864013672,0.37561893463134766 0.7766717672348022 -0.5056594014167786 -0.04881175979971886 -0.5282759070396423 -0.8476685285568237 -0.9254879355430603 0.343082457780838 -0.16051970422267914,-64.89260864257812 44.73500442504883 1193.690185546875,0.69
2,79,11,0.8934202194213867,-0.2360469400882721 0.9559365510940552 -0.17454886436462402 0.47584813833236694 -0.04290582984685898 -0.8784803152084351 -0.8472605347633362 -0.29042133688926697 -0.4447528123855591,234.07052612304688 -53.665103912353516 1176.61279296875,0.69
2,89,11,0.8597421646118164,0.19087761640548706 0.747058093547821 -0.6367653012275696 0.053038790822029114 -0.655593752861023 -0.7532488703727722 -0.9801798462867737 0.11000508069992065 -0.1647612303495407,-12.760083198547363 -70.22809600830078 1241.1221923828125,0.69
2,96,11,0.7858953475952148,-0.4119715094566345 0.9089965224266052 -0.06328369677066803 0.042287759482860565 -0.050303321331739426 -0.9978383183479309 -0.9102149605751038 -0.4137571156024933 -0.01771589368581772,136.22149658203125 87.54701232910156 1247.447265625,0.69
2,97,11,0.8928265571594238,-0.3835294842720032 0.9107877016067505 -0.15287522971630096 0.6944814324378967 0.1753140389919281 -0.69782555103302 -0.6087698340415955 -0.3738056719303131 -0.6997632384300232,302.61041259765625 -219.8634490966797 1095.758544921875,0.69
2,102,11,0.854140043258667,-0.49905630946159363 0.8594359159469604 -0.11096274107694626 0.7144981622695923 0.33563610911369324 -0.6138736009597778 -0.4903419315814972 -0.38564014434814453 -0.7815667390823364,219.64096069335938 -198.53196716308594 1073.6337890625,0.69
2,107,11,0.894831657409668,-0.5794734954833984 0.8145936727523804 -0.025449108332395554 0.747776448726654 0.5190055966377258 -0.4140816032886505 -0.3241000473499298 -0.25897952914237976 -0.9098839163780212,85.35733032226562 -119.06889343261719 1093.5777587890625,0.69
2,110,11,0.8853650093078613,-0.45610311627388 0.8786960244178772 -0.14093749225139618 0.5670942068099976 0.1649271696805954 -0.8069716691970825 -0.6858383417129517 -0.4479871094226837 -0.5735271573066711,185.84239196777344 -82.4637222290039 1148.2113037109375,0.69
2,115,11,0.7859945297241211,-0.6569113731384277 0.7273051738739014 -0.19873201847076416 0.2987545430660248 0.009085523895919323 -0.9542866945266724 -0.6922521591186523 -0.6862539052963257 -0.22325414419174194,85.62308502197266 -110.50714874267578 1292.0728759765625,0.69
2,119,11,0.9100456237792969,0.07742000371217728 0.9696623086929321 -0.2318645566701889 0.7743492722511292 -0.20497187972068787 -0.598639965057373 -0.6280043125152588 -0.13319742679595947 -0.7667261958122253,173.5961456298828 -171.78021240234375 1002.6849365234376,0.69
2,124,11,0.915804386138916,0.09882038086652756 0.9925971031188965 -0.07060835510492325 0.9795504808425903 -0.10952722281217575 -0.16877397894859314 -0.1752581149339676 -0.05248614028096199 -0.9831224679946899,23.946638107299805 -118.58710479736328 985.6240844726562,0.69
2,126,11,0.9142663478851318,0.22981148958206177 0.9724125862121582 -0.04000519588589668 0.9131166338920593 -0.22965653240680695 -0.33686181902885437 -0.3367561995983124 0.040885310620069504 -0.940703809261322,78.4557876586914 -157.93536376953125 1013.2592773437501,0.69
2,136,11,0.9326820373535156,-0.062087900936603546 0.8855029344558716 0.4604666829109192 0.6887717843055725 0.37190353870391846 -0.622319221496582 -0.722314715385437 0.2785179913043976 -0.6330001354217529,-66.95114135742188 -90.69395446777344 1125.4906005859375,0.69
2,153,11,0.8865022659301758,-0.5109135508537292 0.8382906913757324 -0.19035767018795013 0.47528451681137085 0.09095149487257004 -0.8751185536384583 -0.7162903547286987 -0.5375839471817017 -0.4448949694633484,326.4568786621094 -189.83445739746094 1067.1839599609375,0.69
2,156,11,0.8887057304382324,-0.31149762868881226 0.9496479034423828 0.03373521938920021 0.4183379113674164 0.1689237654209137 -0.8924450278282166 -0.8532072901725769 -0.2638818025588989 -0.4498930871486664,22.05125617980957 -77.64864349365234 1122.4287109375,0.69
2,162,11,0.8838467597961426,0.8233602046966553 0.5657628178596497 0.044613663107156754 0.5116984844207764 -0.7060794830322266 -0.4895063042640686 -0.2454437017440796 0.4258687496185303 -0.8708577156066895,-9.113550186157227 -70.91442108154297 1078.98779296875,0.69
2,166,11,0.9195494651794434,0.9730091094970703 0.22879301011562347 0.030115824192762375 0.1867275834083557 -0.7039068937301636 -0.6853084564208984 -0.13559506833553314 0.6724348068237305 -0.7276298403739929,-97.38429260253906 -50.9652214050293 967.0249633789062,0.69
2,175,11,0.9089083671569824,0.8983190655708313 0.43404853343963623 0.06800580769777298 0.43648168444633484 -0.8640713095664978 -0.25072818994522095 -0.05006633698940277 0.2549172043800354 -0.9656659364700317,-52.97398376464844 -7.6278076171875 938.480712890625,0.69
2,176,11,0.9084634780883789,0.8627251386642456 0.5039560198783875 0.04163660854101181 0.4875606596469879 -0.8071593642234802 -0.332833856344223 -0.1341262310743332 0.3074444830417633 -0.9420658946037292,-85.79222869873047 -102.620849609375 965.86181640625,0.69
2,178,11,0.941462516784668,-0.7339441180229187 0.5950998663902283 -0.32738685607910156 0.6765309572219849 0.5977515578269958 -0.4301150143146515 -0.060265377163887024 -0.5371677279472351 -0.841319739818573,356.93994140625 12.170904159545898 977.0740966796875,0.69
2,203,11,0.9477791786193848,0.1251717209815979 0.9800740480422974 -0.15423054993152618 0.9530019760131836 -0.16200198233127594 -0.2560129761695862 -0.27589738368988037 -0.11493644118309021 -0.9542904496192932,161.17906188964844 -145.04591369628906 921.554931640625,0.69
2,207,11,0.9017813205718994,-0.2723248302936554 0.8253805041313171 -0.49455660581588745 0.7205333709716797 -0.16571670770645142 -0.6733272671699524 -0.637707531452179 -0.5397082567214966 -0.5495854020118713,188.98550415039062 -186.88380432128906 945.5458984375,0.69
2,217,11,0.6184186935424805,0.2777949869632721 0.9295119643211365 -0.24256429076194763 0.271914541721344 -0.31825965642929077 -0.9081702828407288 -0.9213535785675049 0.18632838129997253 -0.34115874767303467,10.172489166259766 24.96221351623535 1072.4215087890625,0.69
2,219,11,0.8633029460906982,-0.33359619975090027 0.9325289130210876 -0.13821497559547424 0.11854467540979385 -0.10395403206348419 -0.9874920845031738 -0.9352329969406128 -0.3458082675933838 -0.0758676677942276,50.64592742919922 -1.2082812786102295 963.2402954101562,0.69
2,221,11,0.8933215141296387,-0.19182375073432922 0.9669544100761414 -0.16793657839298248 0.11894043534994125 -0.14694856107234955 -0.981967031955719 -0.9741954207420349 -0.20833905041217804 -0.08682175725698471,11.435973167419434 18.347700119018555 1051.2999267578125,0.69
2,224,11,0.009588152170181274,-0.6755200624465942 -0.6598261594772339 0.32909291982650757 -0.4298616945743561 -0.010210336185991764 -0.9028370380401611 0.5990755558013916 -0.7513489723205566 -0.27673670649528503,116.2918930053711 -102.87921905517578 1151.230712890625,0.69
2,243,11,0.9322261810302734,0.8547360301017761 0.5181478261947632 -0.030809564515948296 0.32092705368995667 -0.5741870999336243 -0.753203272819519 -0.40796107053756714 0.6339023113250732 -0.6570659875869751,-39.040069580078125 -185.78646850585938 918.875732421875,0.69
2,248,11,0.905498743057251,0.5871431827545166 0.742502748966217 0.3224164843559265 0.4488663077354431 0.032818470150232315 -0.8929960131645203 -0.6736332178115845 0.6690384149551392 -0.31401535868644714,75.86137390136719 -22.155019760131836 986.6600341796875,0.69
2,249,11,0.9190998077392578,0.8162127137184143 0.5735485553741455 -0.06956233829259872 0.3839847147464752 -0.6284863948822021 -0.6764323115348816 -0.4316856861114502 0.5254018306732178 -0.733212411403656,-86.32260131835938 -25.37002944946289 957.9550170898438,0.69
2,254,11,0.8995592594146729,0.9714844822883606 0.2161674052476883 0.09741421043872833 0.22567854821681976 -0.7170321941375732 -0.6594952344894409 -0.0727122500538826 0.6626736521720886 -0.7453700304031372,-93.68914794921875 -148.6150665283203 877.7205810546875,0.69
2,258,11,0.7997081279754639,-0.5690430998802185 0.7919833064079285 -0.2212514728307724 0.23395168781280518 -0.1020163744688034 -0.9668811559677124 -0.7883250713348389 -0.601959228515625 -0.12723414599895477,189.58609008789062 0.7240269780158997 1045.9176025390625,0.69
2,263,11,0.9113438129425049,-0.5150796175003052 0.8555431962013245 -0.052333906292915344 0.2512180805206299 0.09230697154998779 -0.9635189771652222 -0.8195013999938965 -0.5094361901283264 -0.26247337460517883,125.77669525146484 -63.74569320678711 1059.656005859375,0.69
2,266,11,0.9303083419799805,0.6267589330673218 0.7787247896194458 -0.027584509924054146 0.680490255355835 -0.5642544627189636 -0.4674932360649109 -0.37961331009864807 0.2742345631122589 -0.88356614112854,24.609699249267578 -157.6027069091797 830.544921875,0.69
2,268,11,0.9507308006286621,0.45718511939048767 0.8841370940208435 -0.09634986519813538 0.8231794238090515 -0.461680144071579 -0.33049508929252625 -0.33668583631515503 0.07178419828414917 -0.9388768076896667,19.237979888916016 -181.01126098632812 828.74755859375,0.69
2,277,11,0.9018681049346924,0.046974942088127136 0.9987106919288635 -0.01924341730773449 0.49549442529678345 -0.04002471640706062 -0.8676884770393372 -0.8673399686813354 0.031224612146615982 -0.49673572182655334,69.21086120605469 -81.35356140136719 835.5286865234375,0.69
2,283,11,0.5767989158630371,-0.7438382506370544 -0.28792503476142883 -0.6031615138053894 0.4648788571357727 0.42550569772720337 -0.7764229774475098 0.48020023107528687 -0.8579301238059998 -0.1826571226119995,0.8650580048561096 -83.96627807617188 1251.789794921875,0.69
2,307,11,0.9355781078338623,0.975703239440918 0.2190685272216797 0.0034930745605379343 0.2072785198688507 -0.9177920818328857 -0.33866414427757263 -0.07098471373319626 0.33115971088409424 -0.9409008622169495,-197.07762145996094 -69.3058853149414 751.6566772460938,0.69
2,310,11,0.9409747123718262,0.9847144484519958 0.16840435564517975 -0.04446671903133392 0.12555471062660217 -0.8632532358169556 -0.4889066517353058 -0.1207200288772583 0.4758504331111908 -0.8712020516395569,-136.14886474609375 -123.01702880859375 790.6248168945312,0.69
2,322,11,0.8963398933410645,0.91745525598526 0.38900378346443176 -0.0833776593208313 0.059742242097854614 -0.34191179275512695 -0.9378311038017273 -0.3933276832103729 0.8554368615150452 -0.33692875504493713,-105.40121459960938 -23.265573501586914 884.2122192382812,0.69
2,326,11,0.9209747314453125,0.8453815579414368 0.24187444150447845 -0.4762633442878723 -0.23731748759746552 -0.6287114024162292 -0.7405419945716858 -0.47855037450790405 0.7390661239624023 -0.4740999639034271,-118.54962158203125 -70.75349426269531 815.0771484375,0.69
2,338,11,0.9045686721801758,0.10974477231502533 0.9937794804573059 -0.018932169303297997 0.695629894733429 -0.09039684385061264 -0.7126902937889099 -0.7099683284759521 0.06504425406455994 -0.7012233734130859,-39.37641143798828 -160.98162841796875 687.149658203125,0.69
2,342,11,0.9360661506652832,-0.1905592679977417 0.981665313243866 0.004509073682129383 0.8164005279541016 0.16102567315101624 -0.5545817613601685 -0.545139729976654 -0.10199948400259018 -0.8321170210838318,-9.08527660369873 -202.1516876220703 718.8526611328125,0.69
2,356,11,0.7726235389709473,-0.13209733366966248 0.9905473589897156 -0.03696099668741226 0.24897579848766327 -0.0029356253799051046 -0.9685052633285522 -0.9594588875770569 -0.13713935017585754 -0.24623455107212067,17.993593215942383 -72.99755096435547 836.6409301757812,0.69
2,362,11,0.40070176124572754,-0.9720457196235657 -0.23448483645915985 0.01200053095817566 -0.07493611425161362 0.2613942623138428 -0.9623188972473145 0.22251230478286743 -0.9363172054290771 -0.2716585397720337,-43.6092414855957 -81.67084503173828 976.5567016601562,0.69
2,365,11,0.8667182922363281,0.5886337757110596 0.7133769989013672 -0.38026779890060425 0.24551671743392944 -0.6059353351593018 -0.7566795349121094 -0.7702154517173767 0.3520449995994568 -0.5318199396133423,-161.869873046875 -142.80169677734375 915.2848510742188,0.69
2,368,11,0.9477791786193848,0.9741907119750977 0.18581099808216095 -0.12816713750362396 0.10260853916406631 -0.870273768901825 -0.48176252841949463 -0.2010572850704193 0.4561775326728821 -0.86687833070755,-122.9109878540039 -114.08463287353516 721.2876586914062,0.69
2,387,11,0.8905291557312012,-0.0823642835021019 0.8280652165412903 -0.5545486211776733 0.5277102589607239 -0.4357924461364746 -0.729113757610321 -0.8454217910766602 -0.35269394516944885 -0.4010847806930542,-121.01763916015625 -176.03367614746094 838.472900390625,0.69
2,389,11,0.9497785568237305,-0.4099254608154297 0.8653046488761902 -0.2884596586227417 0.41308873891830444 -0.10583776235580444 -0.9045197367668152 -0.8132151365280151 -0.48994511365890503 -0.3140619993209839,111.08614349365234 -108.53327941894531 820.9002075195312,0.69
2,402,11,0.951683521270752,0.9477139115333557 0.3012392818927765 -0.10532461851835251 0.27801647782325745 -0.9414100646972656 -0.19092951714992523 -0.15666911005973816 0.1516645848751068 -0.9759368300437927,-261.387939453125 317.563720703125 1020.3380737304689,0.69
2,415,11,0.9565844535827637,0.8299990892410278 0.48420795798301697 -0.27684709429740906 0.14530880749225616 -0.6669262647628784 -0.7308179140090942 -0.5385043621063232 0.5663498640060425 -0.6239078044891357,-195.55569458007812 167.5541534423828 939.5330200195312,0.69
2,417,11,0.9463150501251221,0.6874685287475586 0.6819159388542175 -0.2497556060552597 0.24672214686870575 -0.5427705645561218 -0.8028252720832825 -0.6830192804336548 0.490296870470047 -0.5413813591003418,-219.45626831054688 115.57079315185547 1043.94677734375,0.69
2,425,11,0.934237003326416,0.7436195611953735 0.2446778267621994 -0.6222240328788757 -0.3624187707901001 -0.6345423460006714 -0.6826481819152832 -0.5618564486503601 0.7331361770629883 -0.3831822872161865,-186.21881103515625 231.52279663085938 995.6336669921875,0.69
2,428,11,0.9497785568237305,0.5147976279258728 0.794143557548523 -0.3229854702949524 0.2259722799062729 -0.4891129434108734 -0.8424399495124817 -0.8269945979118347 0.3607003390789032 -0.4312485456466675,-279.3331604003906 88.6184310913086 1181.8551025390625,0.69
2,434,11,0.955078125,0.5850585699081421 0.7237173318862915 -0.3659776449203491 0.07146111875772476 -0.4955219030380249 -0.8656508326530457 -0.8078364133834839 0.48030325770378113 -0.34162700176239014,-209.47940063476562 85.56494140625 1152.916015625,0.69
2,435,11,0.9546117782592773,0.5504087805747986 0.7505433559417725 -0.3656976819038391 0.10577339679002762 -0.4971732795238495 -0.8611798882484436 -0.8281679153442383 0.4353198707103729 -0.3530360758304596,-204.60806274414062 99.66111755371094 1126.161376953125,0.69
2,438,11,0.9619324207305908,0.785389244556427 0.552214503288269 -0.27968350052833557 0.05068366602063179 -0.5076813697814941 -0.860052764415741 -0.6169238090515137 0.661300778388977 -0.4267157018184662,-374.8352966308594 148.04763793945312 1010.1492309570312,0.69
2,442,11,0.9521715641021729,0.6355271935462952 0.7244431972503662 -0.26699694991111755 0.031759630888700485 -0.3700527250766754 -0.9284677505493164 -0.7714250683784485 0.5815867185592651 -0.25818660855293274,-318.9492492675781 210.65476989746094 1092.3375244140625,0.69
2,446,11,0.970717191696167,0.9993873834609985 0.00339662772603333 -0.03483325615525246 -0.022665878757834435 -0.6955488324165344 -0.7181211709976196 -0.026667429134249687 0.7184707522392273 -0.6950457692146301,-256.3664245605469 230.65000915527344 706.1256103515625,0.69
2,453,11,0.9402108192443848,0.949044942855835 0.22946137189865112 0.21601225435733795 0.2936469316482544 -0.8926965594291687 -0.34185442328453064 0.11439100652933121 0.3878665268421173 -0.9145897030830383,-425.0580139160156 321.7551574707031 914.0274047851562,0.69
2,473,11,0.9595112800598145,0.9374059438705444 0.08986405283212662 -0.33644405007362366 -0.22734293341636658 -0.5739215016365051 -0.7867206335067749 -0.26379039883613586 0.8139647841453552 -0.5175674557685852,-438.3745422363281 261.8350830078125 916.4332275390625,0.69
2,474,11,0.9599802494049072,0.9261446595191956 0.23737084865570068 -0.2931060492992401 -0.028547735884785652 -0.7307760119438171 -0.6820201277732849 -0.376086562871933 0.6400167942047119 -0.6700279116630554,-304.5804748535156 239.6338653564453 806.9347534179688,0.69
2,476,11,0.9453649520874023,0.9907165169715881 -0.029623759910464287 -0.13267718255519867 -0.10759316384792328 -0.7674083709716797 -0.632066547870636 -0.08309338986873627 0.6404739618301392 -0.7634714841842651,-81.41242980957031 189.78761291503906 756.3119506835938,0.69
2,477,11,0.9268629550933838,0.9509981274604797 -0.2828125059604645 -0.12497838586568832 -0.28494173288345337 -0.6446825861930847 -0.7093605995178223 0.12004465609788895 0.7102121114730835 -0.6936770677566528,-55.24824523925781 130.5001678466797 741.6263427734375,0.69
2,480,11,0.9542274475097656,0.8873053193092346 -0.4330216944217682 -0.15868693590164185 -0.3763273060321808 -0.48093611001968384 -0.7918827533721924 0.2665841281414032 0.7623600363731384 -0.5896949768066406,-193.2686767578125 75.16875457763672 688.8699951171875,0.69
2,491,11,0.9425926208496094,0.9290208220481873 -0.3387483060359955 0.14889532327651978 -0.16235239803791046 -0.7347486019134521 -0.6586244106292725 0.33250856399536133 0.5877022743225098 -0.7375933527946472,-337.16650390625 262.0721435546875 760.8194580078125,0.69
2,494,11,0.9614443778991699,0.9986164569854736 0.003837121184915304 0.052444521337747574 0.05249524116516113 -0.014593967236578465 -0.9985145330429077 -0.003066044533625245 0.9998860955238342 -0.01477520540356636,-352.4684143066406 116.66924285888672 728.3178100585938,0.69
2,499,11,0.9521715641021729,0.9853939414024353 0.1549970954656601 -0.07053161412477493 -0.07642552256584167 0.032394424080848694 -0.9965488910675049 -0.15217739343643188 0.9873836040496826 0.04376700520515442,-406.0255126953125 225.8150634765625 879.1599731445312,0.69
2,501,11,0.939213752746582,0.9943498373031616 0.05299430713057518 -0.09197831153869629 -0.06309127807617188 -0.40178927779197693 -0.9135561585426331 -0.08536919206380844 0.9141975045204163 -0.3961756229400635,-307.38677978515625 67.28662109375 644.6508178710938,0.69
2,503,11,0.9438748359680176,0.9761380553245544 -0.15568611025810242 0.1513812243938446 0.10849606990814209 -0.2542096674442291 -0.961044192314148 0.1881038248538971 0.9545360803604126 -0.23125240206718445,-299.0576171875 54.81671142578125 738.1015014648438,0.69
2,521,11,0.9692673683166504,0.9763485193252563 0.0932462215423584 0.1950606405735016 0.20994341373443604 -0.6244173049926758 -0.7523475885391235 0.05164564400911331 0.7755051255226135 -0.6292253136634827,-401.17633056640625 -84.900390625 751.4708862304688,0.69
2,527,11,0.9595112800598145,0.9520633816719055 -0.30578792095184326 -0.008311520330607891 -0.1086183562874794 -0.31253084540367126 -0.9436770677566528 0.28596746921539307 0.8993431925773621 -0.3307633697986603,-231.3079071044922 111.08282470703125 556.2968139648438,0.69
2,529,11,0.9624381065368652,0.9729447960853577 -0.22260300815105438 -0.06185799092054367 -0.11042193323373795 -0.2128503918647766 -0.9708253145217896 0.2029421180486679 0.9513899683952332 -0.23167191445827484,-274.79168701171875 115.07099151611328 623.9454345703125,0.69
2,532,11,0.9395396709442139,0.8845378756523132 -0.46641895174980164 -0.0067816320806741714 -0.44072145223617554 -0.8308640718460083 -0.3397490978240967 0.1528307944536209 0.30350977182388306 -0.9404916763305664,-128.3834228515625 296.2556457519531 809.4063110351562,0.69
2,540,11,0.20274066925048828,-0.8119999766349792 -0.5545619130134583 0.18198104202747345 -0.4573640823364258 0.4108774662017822 -0.7886683940887451 0.36259353160858154 -0.7236303687095642 -0.5872692465782166,-490.7697448730469 -27.539655685424805 852.3290405273438,0.69
2,543,11,0.9430789947509766,0.9687758684158325 -0.17439375817775726 0.17623895406723022 0.0814797654747963 -0.44740602374076843 -0.8906115293502808 0.2341674566268921 0.8771628737449646 -0.41922661662101746,-247.6417236328125 113.86000061035156 574.2792358398438,0.69
2,549,11,0.9551417827606201,0.9602307677268982 0.23573780059814453 -0.14961498975753784 0.19153544306755066 -0.9460504055023193 -0.2613481283187866 -0.20315298438072205 0.22229795157909393 -0.953578770160675,-318.0604553222656 188.19236755371094 860.8707275390625,0.69
2,560,11,0.90647292137146,0.8372707366943359 0.5436730980873108 -0.058285992592573166 0.2376905232667923 -0.4578886926174164 -0.8566452860832214 -0.49242347478866577 0.7033900022506714 -0.5126027464866638,-371.080322265625 33.36761474609375 890.1766967773438,0.69
2,563,11,0.025935694575309753,0.8573601245880127 0.45009610056877136 -0.24969419836997986 0.0032481984235346317 -0.48983123898506165 -0.8718112707138062 -0.5147068500518799 0.7466451525688171 -0.4214237332344055,179.63604736328125 -210.93411254882812 697.5123901367188,0.69
2,571,11,0.9156885147094727,0.7969298362731934 0.5935810804367065 -0.1120908334851265 0.15764614939689636 -0.3834933638572693 -0.9099893569946289 -0.5831385254859924 0.7075269818305969 -0.39919307827949524,-420.4836730957031 84.95359802246094 982.098876953125,0.69
2,575,11,0.9492673873901367,0.812583327293396 0.5201805233955383 -0.26290786266326904 -0.12434020638465881 -0.28597956895828247 -0.9501343369483948 -0.5694276094436646 0.8047533631324768 -0.16770288348197937,-549.9149169921875 158.95474243164062 1037.29052734375,0.69
2,589,11,0.5027968883514404,0.9768868684768677 0.14703190326690674 0.15515702962875366 0.20742975175380707 -0.8273558616638184 -0.5219724178314209 0.05162346735596657 0.5420922040939331 -0.8387318253517151,-673.7667236328125 172.91012573242188 1148.7059326171875,0.69
2,603,11,0.9565844535827637,0.5621175765991211 0.8161618709564209 -0.13380491733551025 0.17005132138729095 -0.27238211035728455 -0.9470430612564087 -0.8093864321708679 0.5095958709716797 -0.2919001579284668,-452.4721374511719 -98.76285552978516 1106.6103515625,0.69
2,625,11,0.02869236469268799,-0.9966405034065247 0.06125602498650551 -0.05436333641409874 0.07981554418802261 0.5776310563087463 -0.8123865127563477 -0.01836160197854042 -0.8139963746070862 -0.5805796980857849,-298.9625244140625 167.38941955566406 522.296142578125,0.69
2,642,11,0.04914174973964691,0.32411712408065796 0.9319513440132141 0.16252608597278595 0.9115471243858337 -0.26171058416366577 -0.31715837121009827 -0.2530413568019867 0.25094664096832275 -0.9343425035476685,-336.2209777832031 329.11431884765625 786.7562255859375,0.69
2,648,11,0.9580860137939453,0.8837679624557495 -0.46597787737846375 0.04264753684401512 -0.15335066616535187 -0.37453532218933105 -0.9144434928894043 0.4420834481716156 0.801615834236145 -0.40246033668518066,-123.03224182128906 95.46178436279297 362.1316223144531,0.69
2,650,11,0.8364171981811523,0.8395880460739136 -0.5427570939064026 0.022512080147862434 -0.13142786920070648 -0.24316635727882385 -0.9610395431518555 0.5270851850509644 0.8039185404777527 -0.27549293637275696,-144.50791931152344 70.76194763183594 309.7272644042969,0.69
2,667,11,0.03696167469024658,-0.6236936450004578 0.7650942802429199 -0.16011594235897064 0.3117430806159973 0.05562229081988335 -0.9485370516777039 -0.7168141603469849 -0.6415115594863892 -0.27320408821105957,311.9668273925781 30.874406814575195 570.7715454101562,0.69
2,669,11,0.022858738899230957,-0.9824861884117126 -0.16471312940120697 -0.08712329715490341 -0.017350472509860992 0.5463979840278625 -0.8373459577560425 0.18552584946155548 -0.8211691975593567 -0.5396863222122192,350.01318359375 -52.21342468261719 624.159912109375,0.69
2,703,11,0.9595112800598145,0.9471574425697327 0.29624274373054504 -0.12301632016897202 0.06849696487188339 -0.5614497661590576 -0.8246710896492004 -0.3133702874183655 0.7726671099662781 -0.552073061466217,-354.91717529296875 213.17308044433594 956.5667114257812,0.69
2,708,11,0.9536576271057129,0.9862139821052551 0.14920739829540253 -0.07154778391122818 0.09525488317012787 -0.8654550313949585 -0.49184754490852356 -0.13530868291854858 0.4782516360282898 -0.8677366375923157,-369.8959045410156 295.9188232421875 955.6626586914062,0.69
2,711,11,0.9523200988769531,0.760009765625 0.6461119055747986 0.07017534971237183 0.3248448371887207 -0.28413286805152893 -0.9020777940750122 -0.5629040598869324 0.708384096622467 -0.42582985758781433,-462.16217041015625 99.64363861083984 1096.588134765625,0.69
2,727,11,0.94921875,0.9273965954780579 0.3680444359779358 -0.06692459434270859 -0.061142053455114365 -0.027364488691091537 -0.9977539777755737 -0.3690491020679474 0.9294055104255676 -0.0028747371397912502,-407.93798828125 186.2261199951172 918.7980346679688,0.69
2,736,11,0.7885358333587646,0.9084866046905518 0.3649759292602539 -0.20357978343963623 -0.11229369044303894 -0.25602951645851135 -0.9601244926452637 -0.402544766664505 0.8951209187507629 -0.19161488115787506,-604.0501098632812 120.56089782714844 1040.7244873046875,0.69
2,737,11,0.9463150501251221,0.8043093681335449 0.5747898817062378 -0.15067477524280548 0.01216005627065897 -0.26943978667259216 -0.9629404544830322 -0.594086229801178 0.772669792175293 -0.22370244562625885,-580.5472412109375 174.0794219970703 1112.115234375,0.69
2,739,11,0.8438365459442139,0.9338226318359375 0.3025480806827545 -0.19089283049106598 -0.11380471289157867 -0.2546491026878357 -0.960313618183136 -0.3391517698764801 0.9184871315956116 -0.20336566865444183,-586.3477172851562 49.75008773803711 1004.729248046875,0.69
2,740,11,0.9624204635620117,0.9208782911300659 0.3747478425502777 -0.1074577197432518 -0.06177482381463051 -0.13188835978507996 -0.9893378615379333 -0.38492462038993835 0.9176979660987854 -0.09830313175916672,-520.1837158203125 192.48329162597656 990.1268310546875,0.69
2,750,11,0.9668128490447998,0.9989101886749268 -0.0466594323515892 -0.0011110493214800954 -0.030736157670617104 -0.6397294402122498 -0.7679852843284607 0.03512299805879593 0.767182469367981 -0.6404664516448975,-322.188232421875 156.32275390625 700.7003173828125,0.69
2,754,11,0.9478039741516113,0.994622528553009 -0.023568350821733475 -0.1008499264717102 -0.0678231492638588 -0.8841371536254883 -0.46227866411209106 -0.07827001810073853 0.4666326940059662 -0.8809810876846313,-273.61773681640625 156.54345703125 875.315673828125,0.69
2,756,11,0.9673008918762207,0.9985459446907043 -0.03877384215593338 -0.03745044022798538 -0.05313975363969803 -0.5912291407585144 -0.8047510981559753 0.009061488322913647 0.8055710792541504 -0.5924298763275146,-309.4704284667969 108.43397521972656 755.0333251953125,0.69
2,757,11,0.9619324207305908,0.9967201352119446 0.0699089914560318 -0.04076546058058739 0.00809667631983757 -0.5873525142669678 -0.8092908263206482 -0.0805203914642334 0.8063063621520996 -0.5859920382499695,-309.0635070800781 49.233642578125 806.9966430664062,0.69
2,758,11,0.9599802494049072,0.9968577027320862 0.07226604968309402 0.03243869170546532 0.07205455750226974 -0.6571385264396667 -0.7503179907798767 -0.03290580213069916 0.7502976655960083 -0.6602807641029358,-321.6178894042969 -3.4285993576049805 840.6456298828125,0.69
2,761,11,0.7971155643463135,0.9999141693115234 0.012559360824525356 -0.00374217820353806 0.0005598133429884911 -0.3262290954589844 -0.9452905654907227 -0.013093040324747562 0.9452072978019714 -0.32620808482170105,-371.1907653808594 67.30337524414062 893.2720336914062,0.69
2,768,11,0.9478282928466797,0.968426525592804 -0.2456454187631607 -0.04252513125538826 -0.23094217479228973 -0.8197246789932251 -0.524134635925293 0.09389239549636841 0.517406702041626 -0.850572943687439,-284.7268371582031 278.3879089355469 863.7164306640625,0.69
2,769,11,0.9449281692504883,0.9929863214492798 -0.09915055334568024 -0.06439855694770813 -0.11792624741792679 -0.8695533275604248 -0.47955214977264404 -0.008450125344097614 0.4837830364704132 -0.8751471638679504,-333.7346496582031 233.1860809326172 916.8367309570312,0.69
2,773,11,0.9546747207641602,0.9402372241020203 0.2643952965736389 0.21459047496318817 0.3250100612640381 -0.8848158121109009 -0.33387044072151184 0.10159927606582642 0.38366150856018066 -0.91786789894104,-475.4102783203125 137.0721435546875 869.3077392578125,0.69
2,775,11,0.9385645389556885,0.9942394495010376 -0.028641708195209503 0.10328345000743866 -0.005455310456454754 -0.9759076237678528 -0.21811601519584656 0.1070423275232315 0.21629610657691956 -0.9704421758651733,-261.115966796875 306.06768798828125 906.4446411132812,0.69
2,785,11,0.93658447265625,0.9653317332267761 -0.2579801082611084 0.03976048529148102 -0.10073155164718628 -0.508704662322998 -0.8550279140472412 0.24080654978752136 0.8213804364204407 -0.5170554518699646,-71.59794616699219 216.1842498779297 686.6605224609375,0.69
2,788,11,0.7531137466430664,0.9953009486198425 -0.08027391135692596 -0.0541481077671051 -0.0808800682425499 -0.38175323605537415 -0.9207187294960022 0.05323845520615578 0.9207717180252075 -0.38645198941230774,-348.65777587890625 106.09919738769531 605.7865600585938,0.69
2,791,11,0.9673161506652832,0.985258162021637 -0.15868119895458221 0.06392690539360046 -0.011570671573281288 -0.4346346855163574 -0.9005324840545654 0.17068244516849518 0.8865172863006592 -0.430063396692276,-320.297119140625 48.24741744995117 680.2135620117188,0.69
2,794,11,0.7317757606506348,0.9577330946922302 -0.22141873836517334 0.18363307416439056 0.043622009456157684 -0.5191972851753235 -0.8535404801368713 0.28433164954185486 0.8254743814468384 -0.4875936806201935,-360.64617919921875 105.79717254638672 627.7512817382812,0.69
2,801,11,0.9453904628753662,0.985477864742279 -0.16829130053520203 0.022615648806095123 -0.005312357097864151 -0.16367775201797485 -0.986499547958374 0.16972097754478455 0.9720533490180969 -0.16219478845596313,-328.9478759765625 95.51309204101562 742.8775024414062,0.69
2,803,11,0.9565639495849609,0.9967666268348694 0.03379126638174057 0.07289990037679672 0.07692655920982361 -0.1392875611782074 -0.9872595071792603 -0.023206712678074837 0.9896753430366516 -0.1414366364479065,-378.72613525390625 124.53044128417969 799.9254760742188,0.69
2,804,11,0.943901538848877,0.9585492014884949 0.2655750811100006 0.1032145768404007 0.16937607526779175 -0.23981736600399017 -0.9559285044670105 -0.22911815345287323 0.9337865710258484 -0.27485883235931396,-314.53533935546875 62.70849609374999 874.3434448242188,0.69
2,808,11,0.9522380828857422,0.8729208111763 -0.4533751904964447 -0.18016712367534637 -0.32734447717666626 -0.270479679107666 -0.9053652882575989 0.3617386221885681 0.8492889404296875 -0.38451719284057617,-219.0200653076172 87.09205627441406 633.0537109375,0.69
2,819,11,0.9634304046630859,0.993758499622345 0.10832529515028 0.02663988620042801 0.1115526556968689 -0.9644741415977478 -0.23946943879127502 -0.00024708901764824986 0.24094654619693756 -0.9705383777618408,-465.0172424316406 332.1005554199219 887.6615600585938,0.69
2,821,11,0.9550998210906982,0.9890895485877991 0.13101260364055634 0.06736168265342712 0.144828662276268 -0.7811137437820435 -0.6073598265647888 -0.026954663917422295 0.6104891896247864 -0.7915658354759216,-359.40728759765625 163.04344177246094 824.00927734375,0.69
2,828,11,0.9677889347076416,0.9289616942405701 0.35733485221862793 -0.0966535210609436 0.12267783284187317 -0.5435290932655334 -0.8303772211074829 -0.349256694316864 0.7595314383506775 -0.5487548112869263,-476.41314697265625 50.433650970458984 917.2239990234375,0.69
2,837,11,0.9483158588409424,0.9276226162910461 -0.3696284294128418 -0.05376896634697914 -0.31959015130996704 -0.7109155058860779 -0.6264673471450806 0.1933349221944809 0.5983092784881592 -0.7775909304618835,-248.00396728515625 265.1335754394531 684.6741333007812,0.69
2,840,11,0.9760856628417969,0.9953712821006775 -0.07050906121730804 -0.0653039738535881 -0.09505201131105423 -0.6219677329063416 -0.7772523760795593 0.01418637577444315 0.7798619270324707 -0.6257907152175903,-350.2788391113281 112.94114685058594 684.1262817382812,0.69
2,844,11,0.9580860137939453,0.9402680397033691 -0.33232581615448 -0.07386139780282974 -0.27268850803375244 -0.6053277254104614 -0.7478097081184387 0.203806072473526 0.7232826948165894 -0.6597918272018433,-142.6864471435547 134.05072021484375 563.7091064453125,0.69
2,850,11,0.6059823036193848,-0.7098546624183655 -0.7034133076667786 -0.03627676144242287 -0.211326003074646 0.26182669401168823 -0.9416943192481995 0.6718984842300415 -0.6607999205589294 -0.3345084488391876,-137.97511291503906 -257.36083984375 1327.7569580078125,0.69
2,856,11,0.9702291488647461,0.9105909466743469 0.40226057171821594 0.09492486715316772 0.3220500349998474 -0.5466127991676331 -0.7729800939559937 -0.25905224680900574 0.7344392538070679 -0.6272886395454407,-441.5936279296875 -63.68155670166016 841.9442749023438,0.69
2,902,11,0.9464142322540283,0.8833297491073608 -0.46213725209236145 0.0784711018204689 -0.15280455350875854 -0.4421457052230835 -0.8838313817977905 0.44314709305763245 0.768723726272583 -0.46117714047431946,-200.27537536621094 -7.124856948852539 422.0354919433594,0.69
2,903,11,0.9484503269195557,0.9265497326850891 -0.32678502798080444 -0.18632514774799347 -0.2200876921415329 -0.06923224031925201 -0.9730201959609985 0.3050687313079834 0.9425594806671143 -0.13606849312782288,-290.2868347167969 123.62239837646484 565.4179077148438,0.69
2,904,11,0.9551417827606201,0.9521127343177795 -0.24817606806755066 -0.17857736349105835 -0.2230137437582016 -0.16415904462337494 -0.9608936309814453 0.20915573835372925 0.9547042846679688 -0.21164458990097046,-184.50062561035156 88.7890853881836 555.6848754882812,0.69
2,907,11,0.8135561943054199,0.8267233967781067 0.5592860579490662 -0.061054300516843796 0.3757786750793457 -0.629689633846283 -0.6799127459526062 -0.41871097683906555 0.5391568541526794 -0.730746865272522,-523.7947998046875 -3.448692560195923 873.8198852539062,0.69
2,909,11,0.960956335067749,0.7982363700866699 0.6014577150344849 -0.032670002430677414 0.30143412947654724 -0.44583529233932495 -0.8428335785865784 -0.5214941501617432 0.6629325151443481 -0.5371818542480469,-460.0259094238281 -91.7843017578125 888.4091186523438,0.69
2,1012,11,0.6167106628417969,-0.036038611084222794 -0.9955102205276489 0.08752568811178207 -0.5455189347267151 -0.05378568917512894 -0.8363709449768066 0.8373233675956726 -0.07788855582475662 -0.5411312580108643,-623.6478271484375 -118.28311157226562 1075.65234375,0.69
2,1038,11,0.5637109279632568,-0.6313017010688782 -0.26761871576309204 -0.7279000282287598 0.3087868392467499 0.7742330431938171 -0.5524617433547974 0.7114133238792419 -0.5735359787940979 -0.4061374366283417,-336.73822021484375 290.219970703125 812.9948120117188,0.69
2,1050,11,0.9531476497650146,0.9195400476455688 0.055935926735401154 0.38899514079093933 0.3582305312156677 -0.5263338685035706 -0.7711313366889954 0.16160739958286285 0.8484360575675964 -0.5040230751037598,-183.0292510986328 -20.09980010986328 709.4721069335938,0.69
2,1057,11,0.079434335231781,-0.7986536026000977 -0.5963011980056763 0.08110100775957108 -0.25211629271507263 0.209168940782547 -0.9448204636573792 0.5464337468147278 -0.7750311493873596 -0.3173907697200775,236.08938598632812 -172.24679565429688 1386.8663330078125,0.69
2,1071,11,0.9507074356079102,0.9209516048431396 0.37805885076522827 -0.09444336593151093 0.06232704967260361 -0.38215336203575134 -0.9219946265220642 -0.38466009497642517 0.8432260751724243 -0.37550806999206543,-427.2052917480469 56.631874084472656 998.8895874023438,0.69
2,1098,11,0.9594922065734863,0.8969638347625732 0.2794913351535797 -0.34254977107048035 -0.19317631423473358 -0.4491681158542633 -0.8723135590553284 -0.39766648411750793 0.8486062288284302 -0.34889650344848633,-477.8082275390625 11.892487525939941 950.5430297851562,0.69
2,1099,11,0.8897082805633545,0.9852740168571472 -0.1595618724822998 0.06144122779369354 -0.12405240535736084 -0.9143925309181213 -0.3853533864021301 0.11766909807920456 0.3720567226409912 -0.9207213521003723,-445.1047668457031 161.915771484375 765.69970703125,0.69
