scene_id,im_id,obj_id,score,R,t,time
49,1,9,0.9409465789794922,-0.7846260666847229 -0.6164968013763428 -0.06552654504776001 -0.3420877456665039 0.5186642408370972 -0.783558189868927 0.5170473456382751 -0.5923843383789062 -0.6178534626960754,-69.32950592041016 -65.38206481933594 909.7994384765625,0.69
49,36,9,0.9428987503051758,-0.7916550636291504 -0.6041393280029297 -0.09109291434288025 -0.31694474816322327 0.5335525870323181 -0.7841350436210632 0.5223296284675598 -0.5918930768966675 -0.6138684153556824,-71.93582916259766 -57.90814971923828 924.3790893554688,0.69
49,47,9,0.9428987503051758,-0.7976506948471069 -0.5914777517318726 -0.1179298534989357 -0.29003095626831055 0.5476139783859253 -0.7848572731018066 0.528805673122406 -0.5918386578559875 -0.6083515286445618,-76.10745239257812 -51.54088592529297 930.9132690429688,0.69
49,58,9,0.9336576461791992,-0.8031847476959229 -0.5816223621368408 -0.1288781762123108 -0.2662665843963623 0.5440137982368469 -0.7957078218460083 0.5329130291938782 -0.6047844290733337 -0.5918102264404297,-83.82044982910156 -40.84687423706055 939.065673828125,0.69
49,65,9,0.9405148029327393,-0.7981657981872559 -0.5874291658401489 -0.13363486528396606 -0.25903818011283875 0.5349182486534119 -0.8042150139808655 0.5439030528068542 -0.6072803735733032 -0.5791200399398804,-76.9395980834961 -32.920955657958984 950.2799072265625,0.69
49,73,9,0.9317386150360107,-0.7961205244064331 -0.5862927436828613 -0.14984294772148132 -0.23698914051055908 0.529912531375885 -0.8142657279968262 0.5568017959594727 -0.61274254322052 -0.5608192682266235,-85.2536392211914 -23.437942504882812 951.2911987304688,0.69
49,91,9,0.9331698417663574,-0.804507851600647 -0.5683726668357849 -0.17239367961883545 -0.21711060404777527 0.5515873432159424 -0.8053659200668335 0.5528382062911987 -0.6104946732521057 -0.5671561360359192,-89.85991668701172 -23.414295196533203 958.4212036132812,0.69
49,109,9,0.934145450592041,-0.8067834973335266 -0.5638515949249268 -0.17655494809150696 -0.19706131517887115 0.5384939312934875 -0.8192625641822815 0.5570162534713745 -0.6261753439903259 -0.5455613732337952,-91.64745330810547 -8.536542892456055 964.090087890625,0.69
49,125,9,0.9355781078338623,-0.809140682220459 -0.5672664046287537 -0.15329737961292267 -0.21149209141731262 0.5245357155799866 -0.8247019648551941 0.5482356548309326 -0.6348787546157837 -0.5443955659866333,-111.294677734375 -1.5125404596328735 964.2037353515625,0.69
49,148,9,0.9395396709442139,-0.8006314635276794 -0.5809120535850525 -0.1467324197292328 -0.23447877168655396 0.5291498899459839 -0.8154876232147217 0.5513700842857361 -0.6184993982315063 -0.5598655343055725,-106.31144714355469 -19.949857711791992 955.7608032226562,0.69
49,231,9,0.9395675659179688,-0.7435178160667419 -0.6659518480300903 -0.060739368200302124 -0.3140358030796051 0.4279113709926605 -0.8475099802017212 0.5903920531272888 -0.6110644340515137 -0.5272924304008484,-99.00485229492188 -20.595352172851562 940.7294311523438,0.69
49,357,9,0.9357833862304688,-0.5816748738288879 -0.8099445700645447 0.07512608915567398 -0.4314582645893097 0.2289206087589264 -0.8726047277450562 0.6895636916160583 -0.5399859547615051 -0.4826146960258484,-89.51322174072266 -27.491024017333984 923.3955078125,0.69
49,521,9,0.9277694225311279,-0.4873758852481842 -0.871878445148468 0.04788244888186455 -0.42255741357803345 0.18750961124897003 -0.8867273330688477 0.7641400694847107 -0.45240259170532227 -0.45980632305145264,-36.45454788208008 -40.00920104980469 950.032470703125,0.69
49,526,9,0.9360661506652832,-0.49053362011909485 -0.8699696660041809 0.050293929874897 -0.42167702317237854 0.18646347522735596 -0.887366771697998 0.7626042366027832 -0.45649102330207825 -0.4583128094673157,-41.65275955200195 -35.5181884765625 952.1563110351562,0.69
49,537,9,0.9350900650024414,-0.4881345331668854 -0.8712397813796997 0.051631636917591095 -0.4160667061805725 0.1802927404642105 -0.8912816643714905 0.7672111988067627 -0.4565475583076477 -0.45050105452537537,-42.00290298461914 -31.349592208862305 955.3704223632812,0.69
49,542,9,0.9350900650024414,-0.48357096314430237 -0.8739198446273804 0.04922519624233246 -0.4136413633823395 0.1785966008901596 -0.8927507996559143 0.7714012265205383 -0.4520699381828308 -0.44785359501838684,-40.99668884277344 -30.502464294433594 956.9030151367188,0.69
49,552,9,0.9297215938568115,-0.47343558073043823 -0.8797164559364319 0.0442468523979187 -0.4150547683238983 0.17849893867969513 -0.8921141624450684 0.7769094705581665 -0.4407234787940979 -0.4496382474899292,-34.87960433959961 -31.709554672241207 953.0296630859375,0.69
49,558,9,0.9253292083740234,-0.4691738486289978 -0.8815957307815552 0.051620963960886 -0.41336897015571594 0.16758321225643158 -0.895009458065033 0.7803857326507568 -0.4412534832954407 -0.4430500268936157,-35.76069259643555 -27.283193588256836 962.2589721679688,0.69
49,564,9,0.9253292083740234,-0.47180941700935364 -0.8799068331718445 0.05621321499347687 -0.4077385663986206 0.161213681101799 -0.898754358291626 0.7817577719688416 -0.44696104526519775 -0.4348340630531311,-37.23149871826172 -27.23834991455078 961.00927734375,0.69
49,570,9,0.9287455081939697,-0.4779849052429199 -0.8768938779830933 0.050868287682533264 -0.408577561378479 0.17069841921329498 -0.8966193795204163 0.7775570154190063 -0.4493541717529297 -0.4398703873157501,-38.65525817871094 -29.70003890991211 962.0585327148438,0.69
49,576,9,0.9243531227111816,-0.4696204662322998 -0.8817185759544373 0.04504348710179329 -0.40443405508995056 0.16949722170829773 -0.8987233638763428 0.7847864031791687 -0.44027599692344666 -0.43619635701179504,-35.09684371948242 -28.76289176940918 957.544921875,0.69
49,591,9,0.9248411655426025,-0.46874839067459106 -0.8814277648925781 0.05796441435813904 -0.40992453694343567 0.15893511474132538 -0.8981656432151794 0.7824555039405823 -0.44477471709251404 -0.43581950664520264,-36.64839172363281 -24.86631202697754 965.0975341796875,0.69
49,594,9,0.9288132190704346,-0.4592103362083435 -0.8863832354545593 0.0587429441511631 -0.40401166677474976 0.1494990736246109 -0.9024547934532166 0.791138768196106 -0.4381493926048279 -0.42676064372062683,-30.651823043823242 -22.41098403930664 957.9231567382812,0.69
49,617,9,0.9287455081939697,-0.4539473056793213 -0.8892232775688171 0.05668925493955612 -0.396872341632843 0.1448199599981308 -0.9063771367073059 0.7977619171142578 -0.4339458644390106 -0.4186488091945648,-35.67344665527344 -19.351289749145508 948.9664306640625,0.69
49,629,9,0.9197683334350586,-0.4608473777770996 -0.885269045829773 0.06259666383266449 -0.4008525311946869 0.1447065770626068 -0.9046420454978943 0.7917934656143188 -0.44199395179748535 -0.4215500056743622,-44.24248123168945 -24.773466110229492 958.6566772460938,0.69
49,631,9,0.9201478958129883,-0.4609213173389435 -0.885528564453125 0.05822901055216789 -0.39731666445732117 0.14724354445934296 -0.9057917594909668 0.7935307025909424 -0.4406340718269348 -0.4197029769420624,-45.37360382080078 -23.284101486206055 958.7059326171875,0.69
49,651,9,0.9282574653625488,-0.46751099824905396 -0.88175368309021 0.06280098855495453 -0.395088255405426 0.14486849308013916 -0.907148540019989 0.7907835841178894 -0.4489138424396515 -0.4160981774330139,-45.27284240722656 -17.560482025146484 969.184326171875,0.69
49,669,9,0.920875072479248,-0.46834391355514526 -0.8816315531730652 0.05813613906502724 -0.3968523144721985 0.15111684799194336 -0.9053573608398438 0.7894062995910645 -0.4470900893211365 -0.4206521809101105,-44.94197082519531 -24.994613647460938 972.2621459960938,0.69
49,762,9,0.9168877601623535,-0.4255274832248688 -0.9044613838195801 0.029596270993351936 -0.38080352544784546 0.14929886162281036 -0.9125231504440308 0.8209233283996582 -0.39957401156425476 -0.40795281529426575,-39.22672653198242 -11.760903358459473 987.3020629882812,0.69
49,1024,9,0.903449535369873,-0.5308043360710144 -0.8472079038619995 -0.022032182663679123 -0.3910163640975952 0.267883837223053 -0.8805364370346069 0.7518994808197021 -0.45877760648727417 -0.47346609830856323,-25.63127899169922 -24.82093048095703 1065.315185546875,0.69
49,1036,9,0.911017894744873,-0.6191407442092896 -0.7845671772956848 -0.033450450748205185 -0.3959027826786041 0.34864675998687744 -0.8495330810546875 0.6781781911849976 -0.5127373933792114 -0.5264738202095032,-35.398414611816406 -21.044458389282227 1093.61865234375,0.69
49,1052,9,0.9054546356201172,-0.5717039704322815 -0.8193805813789368 -0.04207342863082886 -0.3592042624950409 0.2960719168186188 -0.8850501179695129 0.73764967918396 -0.49087366461753845 -0.4635903835296631,-39.582542419433594 -18.081987380981445 1059.0364990234375,0.69
49,1067,9,0.9006643295288086,-0.6229764819145203 -0.7818447351455688 -0.024881437420845032 -0.3922100067138672 0.33971890807151794 -0.8548464179039001 0.6768098473548889 -0.5227904915809631 -0.518284261226654,-50.9329833984375 -16.209434509277344 1090.309814453125,0.69
49,1095,9,0.9073290824890137,-0.6559948325157166 -0.7527759671211243 -0.05476357415318489 -0.33133429288864136 0.3524079918861389 -0.8752292394638062 0.6781505942344666 -0.5560007691383362 -0.4805983304977417,-61.559425354003906 -19.16307258605957 1064.978759765625,0.69
49,1102,9,0.9034900665283203,-0.7835793495178223 -0.6194678544998169 -0.04757019132375717 -0.34812724590301514 0.5011905431747437 -0.7922217845916748 0.5145977735519409 -0.6042081713676453 -0.6083762049674988,-63.43567276000976 -17.743179321289062 1048.9051513671875,0.69
49,1130,9,0.8908464908599854,-0.9663361310958862 -0.255991667509079 -0.02574404887855053 -0.09349653869867325 0.4426242709159851 -0.8918195962905884 0.2396932989358902 -0.8593904972076416 -0.4516581594944,-59.323326110839844 -16.937580108642578 1068.1705322265625,0.69
49,1144,9,0.8923344612121582,-0.9424446225166321 -0.3337436616420746 0.020329168066382408 -0.21495848894119263 0.5581982135772705 -0.8013785481452942 0.2561073303222656 -0.7596248388290405 -0.5978119373321533,-54.69314193725586 -11.62431526184082 1046.113525390625,0.69
49,1150,9,0.8836569786071777,-0.7033320665359497 -0.706072211265564 -0.08237741142511368 -0.3301052749156952 0.4270396828651428 -0.841823935508728 0.6295669674873352 -0.5648885369300842 -0.5334288477897644,-55.34814453125 -9.53656005859375 1055.74853515625,0.69
49,1157,9,0.8799436092376709,0.09579600393772125 -0.9376643300056458 -0.3340788781642914 0.47000372409820557 -0.2532438337802887 0.8455554246902466 -0.8774505853652954 -0.2380191534757614 0.4164460003376007,-57.0705680847168 -7.35001802444458 1030.600830078125,0.69
49,1168,9,0.9000122547149658,-0.5188222527503967 -0.8527888655662537 -0.0597873218357563 -0.38978615403175354 0.29822301864624023 -0.8712804913520813 0.760848343372345 -0.4287354648113251 -0.4871300756931305,-62.38603591918945 1.2230925559997559 1031.6007080078125,0.69
49,1172,9,0.8826446533203125,0.17036965489387512 0.983222246170044 0.06517904251813889 0.6226206421852112 -0.056144945323467255 -0.7805070877075195 -0.7637524008750916 0.17355655133724213 -0.6217398047447205,-63.89105987548828 3.0633931159973145 1011.1222534179686,0.69
49,1179,9,0.8959007263183594,-0.9966897964477539 0.03129114583134651 -0.07503606379032135 0.08091574162244797 0.4713326692581177 -0.8782358169555664 0.007885938510298729 -0.8814002871513367 -0.4723043739795685,-64.92835235595703 0.3869589567184448 1052.166748046875,0.69
49,1269,9,0.8898234367370605,0.24456921219825745 0.9539485573768616 -0.1736893355846405 0.4345180094242096 -0.26796144247055054 -0.8598783612251282 -0.866821825504303 0.1348286271095276 -0.4800429344177246,-51.49026107788086 -11.373132705688477 958.7509155273438,0.69
49,1491,9,0.712622880935669,-0.7497888207435608 -0.5813246369361877 -0.31603536009788513 -0.37600481510162354 0.7673490643501282 -0.5194187164306641 0.5444604158401489 -0.2706235647201538 -0.7939305901527405,-23.988861083984375 -14.185791969299316 1094.250244140625,0.69
49,1554,9,0.09754917025566101,-0.7855738401412964 0.3198609948158264 0.5296815633773804 -0.12128489464521408 0.7598234415054321 -0.6387160420417786 -0.6067648530006409 -0.5660010576248169 -0.5581031441688538,-21.67469596862793 -35.09886932373047 1104.580078125,0.69
49,1557,9,0.05989372730255127,-0.0024448675103485584 0.9999924898147583 -0.0030032102949917316 0.48238271474838257 -0.00145133922342211 -0.8759593963623047 -0.8759571313858032 -0.00359030207619071 -0.4823755621910095,-26.39181137084961 -42.02498245239258 1105.119384765625,0.69
49,1565,9,0.10521113872528076,-0.6374355554580688 -0.7340784668922424 -0.2341042459011078 -0.47870326042175293 0.6153860688209534 -0.6262133717536926 0.6037542223930359 -0.28710418939590454 -0.7436746954917908,-33.15965270996094 -26.914134979248047 907.6034545898438,0.69
49,1568,9,0.017389923334121704,-0.41048240661621094 0.910416305065155 0.051442984491586685 0.7491015195846558 0.36884307861328125 -0.5502742528915405 -0.5199530124664307 -0.18734188377857208 -0.8333978652954102,-37.61521911621094 -31.142200469970703 950.5437622070312,0.69
49,1575,9,0.02389959990978241,-0.3551385700702667 0.8691062927246094 0.3442831039428711 0.6798849105834961 0.492902547121048 -0.54295814037323 -0.6415863633155823 0.041247520595788956 -0.7659410238265991,-43.102935791015625 -22.33137321472168 870.8091430664062,0.69
49,1582,9,0.002638213336467743,-0.7512837648391724 0.6143536567687988 0.24112717807292938 0.6297364830970764 0.7766303420066833 -0.016650570556521416 -0.19749601185321808 0.13933728635311127 -0.9703506827354431,-34.994178771972656 8.123860359191895 738.788330078125,0.69
49,1587,9,0.09153741598129272,-0.10158435255289078 0.9948174357414246 -0.004365218803286552 0.4580436050891876 0.04287641867995262 -0.8878951072692871 -0.8831062912940979 -0.09219570457935333 -0.4600253105163574,-39.885990142822266 -40.05694580078125 1065.0155029296875,0.69
49,1592,9,0.08532142639160156,-0.2178853303194046 0.9756848216056824 -0.023770758882164955 0.5122119784355164 0.09358485043048859 -0.85374516248703 -0.8307616114616394 -0.1981942057609558 -0.5201482772827148,-40.14384841918945 -49.69319534301758 1152.66162109375,0.69
49,1595,9,0.10091584920883179,-0.199410080909729 0.9799143075942993 -0.0019268287578597665 0.48642557859420776 0.09727904200553894 -0.8682897090911865 -0.8506620526313782 -0.17408297955989838 -0.4960537850856781,-40.818450927734375 -44.76373291015625 1101.336181640625,0.69
49,1614,9,0.24097466468811035,-0.22796118259429932 0.9714325666427612 0.06597298383712769 0.5006226897239685 0.17505404353141785 -0.8477811813354492 -0.835111141204834 -0.16023363173007965 -0.5262267589569092,-18.675952911376953 -50.01616287231445 1043.9793701171875,0.69
49,1615,9,0.06988334655761719,-0.2935386002063751 0.9558452367782593 0.013964545913040638 0.5422217845916748 0.17851080000400543 -0.8210538625717163 -0.7872932553291321 -0.2334391325712204 -0.5706799626350403,-18.534128189086914 -45.90137481689453 1002.6018676757812,0.69
49,1618,9,0.09028682112693787,-0.47367507219314575 0.8804929256439209 0.01908441074192524 0.5191013216972351 0.29663291573524475 -0.801587700843811 -0.7114533185958862 -0.3697853982448578 -0.5975725650787354,-17.487728118896484 -64.72997283935547 1170.271484375,0.69
49,1631,9,0.7035470008850098,-0.9407681226730347 0.32829490303993225 -0.08472034335136414 0.2925677001476288 0.6597614288330078 -0.6921841502189636 -0.17134533822536469 -0.675971269607544 -0.7167311310768127,-17.080547332763672 -63.6397819519043 1178.1771240234375,0.69
49,1641,9,0.4375884532928467,-0.2701922059059143 0.9625415205955505 -0.022578993812203407 0.5079014301300049 0.12257032096385956 -0.8526502847671509 -0.8179438710212708 -0.24184738099575043 -0.5219938158988953,-10.513981819152832 -48.98628616333008 1176.5360107421875,0.69
49,1644,9,0.39430129528045654,-0.3568742871284485 0.9340647459030151 0.012796581722795963 0.4688947796821594 0.1909629851579666 -0.8623634576797485 -0.807947039604187 -0.3017551004886627 -0.5061278343200684,-9.181750297546387 -40.530460357666016 1131.559326171875,0.69
49,1655,9,0.4004470109939575,-0.5719214677810669 0.8121927976608276 0.11510244756937027 0.39999356865882874 0.3986220061779022 -0.8252912163734436 -0.7161779403686523 -0.42596152424812317 -0.5528524518013,-18.043519973754883 -58.387245178222656 1129.2117919921875,0.69
49,1671,9,0.7397117614746094,-0.9510546326637268 -0.12890638411045074 -0.2808524966239929 0.08368887007236481 0.7674381136894226 -0.6356374621391296 0.29747462272644043 -0.6280301809310913 -0.719087541103363,-6.73500919342041 -58.54458236694336 1183.0841064453125,0.69
49,1677,9,0.8166875839233398,-0.7655242085456848 0.6363208293914795 0.09522849321365356 0.3593185245990753 0.5455837249755859 -0.7571186423301697 -0.5337254405021667 -0.5453752875328064 -0.646299421787262,-19.602861404418945 -58.28947067260742 1201.64404296875,0.69
49,1682,9,0.8037300109863281,-0.65902179479599 0.7499621510505676 0.05698239803314209 0.43406620621681213 0.44111368060112 -0.7854968309402466 -0.6142286062240601 -0.4929254651069641 -0.6162367463111877,-34.032867431640625 -55.373130798339844 1179.8099365234375,0.69
49,1688,9,0.8340468406677246,-0.9451788067817688 0.31912320852279663 -0.06926267594099045 0.28507354855537415 0.7028911709785461 -0.6516724824905396 -0.1592796891927719 -0.6356920003890991 -0.7553315162658691,-39.77647399902344 -63.48112106323242 1208.00341796875,0.69
49,1881,9,0.9277694225311279,-0.19947245717048645 -0.8693142533302307 -0.4522205889225006 -0.4824836254119873 0.48880818486213684 -0.7268260717391968 0.8528894186019897 0.07320722937583923 -0.5169336199760437,-6.168529033660889 -27.251575469970703 918.2545776367188,0.69
49,2061,9,0.931251049041748,0.2648452818393707 -0.9621104598045349 -0.06481017172336578 -0.38580185174942017 -0.044125426560640335 -0.921525776386261 0.8837499618530273 0.26906564831733704 -0.3828703761100769,-9.263047218322754 -36.73328399658203 852.76025390625,0.69
49,2064,9,0.93115234375,0.2675737142562866 -0.9615882635116577 -0.061256300657987595 -0.38551899790763855 -0.048577919602394104 -0.9214202165603638 0.8830512166023254 0.27016326785087585 -0.3837087154388428,-9.362982749938965 -37.10261535644531 853.2193603515625,0.69
49,2089,9,0.9346020221710205,0.2797200381755829 -0.9589142799377441 -0.04732869565486908 -0.37301310896873474 -0.06312157213687897 -0.9256764650344849 0.8846569061279297 0.2765845060348511 -0.3753439784049988,-9.238855361938477 -33.816368103027344 854.7041625976562,0.69
49,2097,9,0.9341139793395996,0.2914833426475525 -0.9554153680801392 -0.0471053384244442 -0.36696407198905945 -0.06620784848928452 -0.9278759956359863 0.8833882808685303 0.2877463400363922 -0.3699015974998474,-5.540469169616699 -28.328962326049805 856.9402465820312,0.69
49,2119,9,0.94287109375,0.31081879138946533 -0.9494231939315796 -0.044577449560165405 -0.3669755160808563 -0.07661119103431702 -0.9270704984664917 0.876767098903656 0.3045097291469574 -0.372227281332016,6.609013557434082 -32.3482551574707 851.5513305664062,0.69
49,2123,9,0.9365541934967041,0.3070691227912903 -0.9507301449775696 -0.04266945272684097 -0.3665165305137634 -0.07676321268081665 -0.9272394776344299 0.8782791495323181 0.3003656566143036 -0.3720299303531647,6.396308422088623 -32.10017776489258 855.32177734375,0.69
49,2146,9,0.941922664642334,0.3215820789337158 -0.9459517598152161 -0.04195525497198105 -0.36210012435913086 -0.08191545307636261 -0.9285328984260559 0.8749105930328369 0.31379157304763794 -0.3688717484474182,4.627346038818359 -30.57880210876465 861.5778198242188,0.69
49,2151,9,0.931706428527832,0.3143009543418884 -0.9482157826423645 -0.04584384709596634 -0.367024302482605 -0.07683625817298889 -0.9270325303077698 0.8755044341087341 0.30819302797317505 -0.3721679747104645,-1.0471203327178955 -34.06737518310547 862.77734375,0.69
49,2173,9,0.9316737651824951,0.32403191924095154 -0.9445613622665405 -0.05298182740807533 -0.37286046147346497 -0.07603833824396133 -0.9247666001319885 0.8694701194763184 0.31940874457359314 -0.37682846188545227,1.3395732641220093 -40.61333465576172 864.992431640625,0.69
49,2196,9,0.9366724491119385,0.34502965211868286 -0.9362455010414124 -0.06632545590400696 -0.37726616859436035 -0.07363256067037582 -0.9231731295585632 0.8594328761100769 0.3435444235801697 -0.37861916422843933,9.355137825012207 -48.992523193359375 860.1145629882812,0.69
53,1,9,0.95607590675354,-0.8902336359024048 0.45086851716041565 0.06481961905956268 0.2604605257511139 0.6206051707267761 -0.7396008372306824 -0.3736901879310608 -0.6415346264839172 -0.6699170470237732,-38.11518096923828 8.249476432800293 864.05078125,0.69
53,14,9,0.955078125,-0.8707534670829773 0.4843863546848297 0.08460693806409836 0.26219144463539124 0.6029348373413086 -0.753475546836853 -0.41598567366600037 -0.633908212184906 -0.6520094871520996,-64.03471374511719 29.183692932128906 857.9050903320312,0.69
53,33,9,0.9528255462646484,-0.8783047199249268 0.4624234139919281 0.12143012136220932 0.21605920791625977 0.6104699969291687 -0.7620004415512085 -0.42649632692337036 -0.6430324912071228 -0.6360896229743958,-85.5460205078125 37.73379135131836 846.9369506835938,0.69
53,43,9,0.9555878639221191,-0.8727871775627136 0.4715486168861389 0.1260339468717575 0.2118106633424759 0.5985342860221863 -0.7725884914398193 -0.43974870443344116 -0.6476099491119385 -0.6222719550132751,-91.94879913330078 38.20966339111328 852.2162475585938,0.69
53,52,9,0.9536356925964355,-0.874691367149353 0.46086835861206055 0.15005093812942505 0.18530093133449554 0.6040477156639099 -0.7751062512397766 -0.4478599727153778 -0.6501741409301758 -0.6137546896934509,-107.52297973632812 44.732303619384766 852.7184448242188,0.69
53,61,9,0.9472911357879639,-0.8776888251304626 0.449161559343338 0.16708123683929443 0.15143983066082 0.5907313227653503 -0.7925291657447815 -0.45467373728752136 -0.6702912449836731 -0.5864992737770081,-115.15131378173828 51.558921813964844 858.3899536132812,0.69
53,75,9,0.9507074356079102,-0.8889480233192444 0.4273295998573303 0.16480503976345062 0.13204535841941833 0.5836715698242188 -0.8011812567710876 -0.43856048583984375 -0.6904467940330505 -0.5752806663513184,-102.96817779541016 57.618080139160156 861.22607421875,0.69
53,84,9,0.953125,-0.8930262923240662 0.4176682233810425 0.167503222823143 0.12638884782791138 0.5900363922119141 -0.7974227070808411 -0.4318911135196686 -0.6909489035606384 -0.579706609249115,-107.17312622070312 54.82661819458008 865.913818359375,0.69
53,93,9,0.9443628787994385,-0.8992320895195007 0.40732669830322266 0.15958313643932343 0.12316111475229263 0.5857454538345337 -0.8010827898979187 -0.419777512550354 -0.7007049322128296 -0.576887845993042,-97.8832015991211 45.923789978027344 868.3917846679688,0.69
53,103,9,0.94873046875,-0.9120288491249084 0.3851776123046875 0.1408603936433792 0.126638263463974 0.591157078742981 -0.7965525984764099 -0.390084832906723 -0.7086406350135803 -0.5879305601119995,-77.40880584716797 31.926740646362305 871.2381591796875,0.69
53,111,9,0.947340726852417,-0.9119624495506287 0.383267879486084 0.14639024436473846 0.11796162277460098 0.5866923928260803 -0.8011722564697266 -0.3929496705532074 -0.7133706212043762 -0.5802524089813232,-88.59282684326172 40.21312713623047 883.3814086914062,0.69
53,118,9,0.9463150501251221,-0.9121525287628174 0.3851786255836487 0.14005397260189056 0.122307687997818 0.5819671750068665 -0.8039620518684387 -0.3911758065223694 -0.7162063121795654 -0.5779532194137573,-88.84384155273438 35.82269287109375 889.8897705078125,0.69
53,123,9,0.94482421875,-0.9185213446617126 0.37349483370780945 0.12969256937503815 0.12241744995117188 0.5805695652961731 -0.8049551844596863 -0.375942200422287 -0.723491907119751 -0.5789878368377686,-79.39546966552734 32.232749938964844 894.255859375,0.69
53,126,9,0.946803092956543,-0.9158751368522644 0.37738096714019775 0.13695378601551056 0.1179368868470192 0.578999400138855 -0.8067530989646912 -0.38374942541122437 -0.7227332592010498 -0.5747982859611511,-81.06253814697266 35.40435028076172 898.7626342773438,0.69
53,131,9,0.9462890625,-0.9097362160682678 0.39419615268707275 0.1303432434797287 0.13297703862190247 0.5740429759025574 -0.8079552054405212 -0.39331552386283875 -0.7176935076713562 -0.5746467113494873,-81.4525146484375 45.25741195678711 907.0523071289062,0.69
53,135,9,0.951171875,-0.9007312655448914 0.4129524827003479 0.13473418354988098 0.13627974689006805 0.5631716847419739 -0.8150248527526855 -0.41244497895240784 -0.7157568335533142 -0.5635434985160828,-85.35738372802734 46.35381317138672 911.9572143554688,0.69
53,138,9,0.9526596069335938,-0.8994110822677612 0.41768917441368103 0.12882374227046967 0.1449749767780304 0.5630976557731628 -0.8135743737220764 -0.41236159205436707 -0.7130616307258606 -0.5670107007026672,-85.90628814697266 40.33207702636719 918.09765625,0.69
53,139,9,0.9487552642822266,-0.8985280394554138 0.42127344012260437 0.12319100648164749 0.1524679958820343 0.5627715587615967 -0.8124293684959412 -0.4115833640098572 -0.711207926273346 -0.5698967576026917,-82.33297729492188 37.8512077331543 913.00634765625,0.69
53,142,9,0.9512412548065186,-0.8860311508178711 0.44339942932128906 0.1354466825723648 0.15820646286010742 0.5637677311897278 -0.8106396794319153 -0.43579763174057007 -0.6968234777450562 -0.5696644186973572,-85.08927917480469 37.81169128417969 920.622314453125,0.69
53,145,9,0.9570519924163818,-0.8828883171081543 0.4513639807701111 0.1295323669910431 0.16150791943073273 0.5508952140808105 -0.8187977075576782 -0.44093450903892517 -0.7019864320755005 -0.5592778921127319,-92.89046478271484 39.3707160949707 919.8276977539062,0.69
53,147,9,0.9521942138671875,-0.8768613338470459 0.4619752764701843 0.1330152004957199 0.16484715044498444 0.54884934425354 -0.8195058107376099 -0.451596736907959 -0.6966658234596252 -0.5574200749397278,-97.6646728515625 39.6375617980957 921.0452880859375,0.69
53,152,9,0.955078125,-0.8667634129524231 0.4797842800617218 0.13611851632595062 0.17512422800064087 0.5483614206314087 -0.8176987171173096 -0.4669611155986786 -0.684913694858551 -0.5593215227127075,-108.02066802978516 37.24205017089844 926.3342895507812,0.69
53,153,9,0.953125,-0.8653624653816223 0.4831886887550354 0.13295353949069977 0.1779230237007141 0.5442376136779785 -0.8198468089103699 -0.4684990644454956 -0.6858091950416565 -0.5569331645965576,-109.45471954345703 37.034584045410156 925.1775512695312,0.69
53,155,9,0.9541237354278564,-0.8611276149749756 0.49101459980010986 0.13177235424518585 0.18400397896766663 0.5426444411277771 -0.8195605874061584 -0.4739217460155487 -0.6814996004104614 -0.557634711265564,-110.19873809814453 36.59580612182617 929.252685546875,0.69
53,158,9,0.9541015625,-0.8616471886634827 0.490795761346817 0.1291649341583252 0.18531666696071625 0.5412043929100037 -0.820216715335846 -0.4724635183811188 -0.6828010082244873 -0.5572799444198608,-108.50737762451172 37.502708435058594 933.0784301757812,0.69
53,162,9,0.9560546875,-0.8551275134086609 0.5031899809837341 0.12472687661647797 0.1986621767282486 0.5402919054031372 -0.8176906108856201 -0.47884267568588257 -0.6744512319564819 -0.5619832873344421,-108.00711059570312 36.15992736816406 932.6605224609375,0.69
53,164,9,0.9541237354278564,-0.8521427512168884 0.5096466541290283 0.1187984049320221 0.20302939414978027 0.5312078595161438 -0.8225553035736084 -0.4823192059993744 -0.6768150329589844 -0.5561380982398987,-108.0125503540039 35.682247161865234 935.536865234375,0.69
53,165,9,0.9517288208007812,-0.8482714891433716 0.5159763097763062 0.11918090283870697 0.20541268587112427 0.5280314683914185 -0.8240075707435608 -0.4880995750427246 -0.6745008826255798 -0.5539020299911499,-106.76873779296875 35.67997360229492 937.25390625,0.69
53,167,9,0.9532735347747803,-0.8480666875839233 0.5161430835723877 0.11991418153047562 0.2064858376979828 0.5303104519844055 -0.8222739100456238 -0.4880027770996094 -0.6725825667381287 -0.5563147664070129,-106.65199279785156 35.58601760864258 936.6209716796875,0.69
53,168,9,0.9536356925964355,-0.846804141998291 0.5182958245277405 0.11954973638057709 0.20592443645000458 0.5266793370246887 -0.8247448205947876 -0.490426242351532 -0.6737790703773499 -0.5527239441871643,-106.45419311523438 35.883689880371094 934.6556396484375,0.69
53,171,9,0.95703125,-0.8414447903633118 0.5269643664360046 0.11949571222066879 0.2102932333946228 0.5230816602706909 -0.825931191444397 -0.49774226546287537 -0.6698464155197144 -0.550961434841156,-108.37954711914062 33.739784240722656 937.936767578125,0.69
53,176,9,0.95849609375,-0.840909481048584 0.5284922122955322 0.11647824198007584 0.2110051065683365 0.5183850526809692 -0.8287061452865601 -0.4983452558517456 -0.6722893118858337 -0.5474295020103455,-113.24498748779297 32.80617904663086 933.0197143554688,0.69
53,179,9,0.9570920467376709,-0.8316141963005066 0.5429530739784241 0.11670378595590591 0.21711890399456024 0.5112825036048889 -0.8315345048904419 -0.5111528038978577 -0.6661773324012756 -0.5430752038955688,-118.67794799804688 31.451929092407223 932.25634765625,0.69
53,247,9,0.9590041637420654,-0.738756000995636 0.6636300086975098 0.11762145161628723 0.2716709077358246 0.45292773842811584 -0.849147379398346 -0.6167938113212585 -0.5953584909439087 -0.514892041683197,-118.22029876708984 36.733158111572266 929.7484130859375,0.69
53,316,9,0.9595112800598145,-0.7052748203277588 0.7020774483680725 0.09835976362228394 0.30328837037086487 0.42421045899391174 -0.8532652854919434 -0.6407834887504578 -0.571955144405365 -0.5121169090270996,-54.731353759765625 24.866453170776367 879.1705932617188,0.69
53,434,9,0.9570519924163818,-0.4961802661418915 0.8597694039344788 0.12083820253610611 0.36445000767707825 0.33257660269737244 -0.8698098063468933 -0.788023829460144 -0.3875429928302765 -0.4783608317375183,-162.579833984375 11.293222427368164 856.0055541992188,0.69
53,479,9,0.9565639495849609,-0.3830272853374481 0.9157140851020813 0.1214824914932251 0.3430611491203308 0.2631208598613739 -0.9017075896263123 -0.8576708436012268 -0.303702712059021 -0.4149283170700073,-208.0253448486328 40.038265228271484 913.6760864257812,0.69
53,513,9,0.9614443778991699,-0.41832491755485535 0.9014773964881897 0.11109701544046402 0.3255225419998169 0.26298531889915466 -0.9082255959510803 -0.8479617834091187 -0.34376880526542664 -0.4034646153450012,-132.8157501220703 35.0264778137207 931.3828735351562,0.69
53,519,9,0.960956335067749,-0.40853992104530334 0.9058854579925537 0.11165433377027512 0.3275415599346161 0.25968632102012634 -0.9084489345550537 -0.8519458770751953 -0.33456623554229736 -0.4028072953224182,-131.0070343017578 33.148277282714844 916.35205078125,0.69
53,523,9,0.9599802494049072,-0.397413045167923 0.9108332991600037 0.11155977845191956 0.3244580924510956 0.25319409370422363 -0.9113833904266357 -0.8583646416664124 -0.3259991705417633 -0.3961498737335205,-134.98965454101562 35.62645721435547 908.9718017578125,0.69
53,526,9,0.96044921875,-0.39354977011680603 0.9136204719543457 0.10205957293510437 0.3296138048171997 0.24387094378471375 -0.9120754599571228 -0.8581802248954773 -0.32530683279037476 -0.3971172869205475,-135.35513305664062 31.339836120605465 899.762939453125,0.69
53,533,9,0.9585733413696289,-0.3727186918258667 0.9219781756401062 0.10505654662847519 0.33712366223335266 0.24001720547676086 -0.9103512167930603 -0.864539384841919 -0.30388784408569336 -0.40027961134910583,-136.7115478515625 24.368310928344727 887.9633178710938,0.69
53,534,9,0.9594922065734863,-0.38105329871177673 0.9191517233848572 0.09979164600372314 0.3388599455356598 0.2392689436674118 -0.9099034070968628 -0.8602163791656494 -0.31290632486343384 -0.40263795852661133,-135.3184814453125 25.888561248779297 888.368408203125,0.69
53,538,9,0.95751953125,-0.39342793822288513 0.9136171936988831 0.10255936533212662 0.33535125851631165 0.2464834302663803 -0.9092775583267212 -0.8560106158256531 -0.3233417868614197 -0.40335604548454285,-127.61360168457031 21.601593017578125 886.5111694335938,0.69
53,539,9,0.95849609375,-0.38405120372772217 0.9171215891838074 0.10673576593399048 0.33735156059265137 0.24698907136917114 -0.9083998203277588 -0.8594757318496704 -0.3128645718097687 -0.4042488932609558,-128.0444793701172 20.415985107421875 881.9119873046875,0.69
53,542,9,0.9594922065734863,-0.37833720445632935 0.9194399118423462 0.10719755291938782 0.33188924193382263 0.2428426593542099 -0.9115245342254639 -0.8641241788864136 -0.3092859387397766 -0.39702853560447693,-128.53326416015625 27.228557586669922 878.3562622070312,0.69
53,545,9,0.9575400352478027,-0.37741681933403015 0.9198945164680481 0.10653939843177795 0.3367440104484558 0.2435033917427063 -0.9095656275749207 -0.8626471161842346 -0.3074088394641876 -0.40167123079299927,-127.64616394042969 25.409412384033203 875.8563842773438,0.69
53,547,9,0.9555878639221191,-0.3697682321071625 0.9230452179908752 0.1061081737279892 0.335510790348053 0.23914797604084015 -0.9111754894256592 -0.866431713104248 -0.3013233244419098 -0.3981209695339203,-125.46466064453124 23.41950225830078 870.2859497070312,0.69
53,550,9,0.9541666507720947,-0.36835020780563354 0.9238014817237854 0.10444557666778564 0.3374069333076477 0.23752228915691376 -0.9109004735946655 -0.8662993907928467 -0.30028975009918213 -0.39918842911720276,-122.82832336425781 21.550535202026367 868.6307373046875,0.69
53,551,9,0.9560546875,-0.37058570981025696 0.9225735664367676 0.107350654900074 0.3397321403026581 0.24221369624137878 -0.9087984561920166 -0.8644352555274963 -0.30031725764274597 -0.4031888246536255,-117.79146575927734 18.93763542175293 864.269287109375,0.69
53,552,9,0.95751953125,-0.3739105463027954 0.9210032224655151 0.1092880368232727 0.33873799443244934 0.2453068047761917 -0.9083397388458252 -0.8633928894996643 -0.30261778831481934 -0.40370163321495056,-117.03406524658203 18.239431381225586 862.0618286132812,0.69
53,555,9,0.962890625,-0.3723528981208801 0.921374499797821 0.11145570129156113 0.333753764629364 0.24499128758907318 -0.9102679491043091 -0.8660033345222473 -0.3017421364784241 -0.3987354040145874,-113.87469482421875 19.96331787109375 858.5929565429688,0.69
53,556,9,0.962890625,-0.3668471872806549 0.9232797622680664 0.11391890048980713 0.33441227674484253 0.24515050649642944 -0.9099832773208618 -0.8680964708328247 -0.2957288920879364 -0.3986889123916626,-112.35831451416016 18.706790924072266 855.4037475585938,0.69
53,567,9,0.958984375,-0.36718693375587463 0.9228513836860657 0.11627168953418732 0.33767953515052795 0.2487325370311737 -0.9078021049499512 -0.866686999797821 -0.2940705120563507 -0.40295934677124023,-108.40438842773438 9.601696968078613 849.896728515625,0.69
53,569,9,0.96044921875,-0.3600623905658722 0.9256923198699951 0.11596986651420593 0.34050682187080383 0.24613057076931 -0.9074552059173584 -0.8685680031776428 -0.28725194931030273 -0.40382683277130127,-105.1663589477539 6.327065944671631 845.8258056640625,0.69
53,576,9,0.96240234375,-0.3517899513244629 0.9283857941627502 0.11976484954357147 0.342496782541275 0.24672821164131165 -0.9065435528755188 -0.8711714744567871 -0.2778938412666321 -0.40476566553115845,-107.54878234863281 5.0753631591796875 838.7700805664062,0.69
53,579,9,0.9594922065734863,-0.3467962145805359 0.930528461933136 0.11768196523189545 0.3359423875808716 0.24037495255470276 -0.9106934666633606 -0.8757140040397644 -0.2762906849384308 -0.3959650993347168,-110.14071655273438 10.183123588562012 838.4435424804688,0.69
53,583,9,0.9609375,-0.33278512954711914 0.9334922432899475 0.1335899978876114 0.33443036675453186 0.24928653240203857 -0.9088523387908936 -0.8817088603973389 -0.2577759921550751 -0.3951469957828522,-115.57305145263672 8.565593719482422 834.93994140625,0.69
53,587,9,0.9599802494049072,-0.32272112369537354 0.9365341067314148 0.13694867491722107 0.3369401693344116 0.24888768792152405 -0.9080342650413513 -0.884489893913269 -0.246898353099823 -0.39587727189064026,-118.7758560180664 6.458975315093994 831.5418701171875,0.69
53,591,9,0.960956335067749,-0.3206046521663666 0.9355449676513672 0.14821673929691315 0.32631009817123413 0.2559845745563507 -0.909941554069519 -0.8892324566841125 -0.24336688220500946 -0.38734766840934753,-125.77384948730469 7.0370965003967285 826.3041381835938,0.69
53,592,9,0.9599609375,-0.3068176805973053 0.9398053288459778 0.15042929351329803 0.3303969204425812 0.25339362025260925 -0.9091916680335999 -0.8925809860229492 -0.22925470769405365 -0.38825440406799316,-129.84466552734375 8.468464851379395 823.3717041015625,0.69
53,602,9,0.9565844535827637,-0.28465256094932556 0.9454517960548401 0.15841084718704224 0.3269975781440735 0.25109878182411194 -0.9110554456710815 -0.9011357426643372 -0.2075343132019043 -0.3806362748146057,-139.9824981689453 11.60621452331543 818.3641357421875,0.69
53,604,9,0.9536576271057129,-0.28806591033935547 0.9447989463806152 0.15611866116523743 0.32592448592185974 0.2500282824039459 -0.9117341041564941 -0.9004395604133606 -0.2117566168308258 -0.3799576759338379,-136.58143615722656 12.637368202209473 821.0846557617188,0.69
53,610,9,0.9614973068237305,-0.2905126214027405 0.9450491666793823 0.14994889497756958 0.3280222415924072 0.2455713450908661 -0.9121930599212646 -0.8988903760910034 -0.21581704914569855 -0.3813386857509613,-127.7676544189453 9.692621231079102 821.924560546875,0.69
53,616,9,0.9551210403442383,-0.29050153493881226 0.9440369606018066 0.1562141329050064 0.3179965615272522 0.24922247231006622 -0.9147493243217468 -0.9024892449378967 -0.21606053411960602 -0.37260010838508606,-123.23926544189453 13.066911697387695 818.0327758789062,0.69
53,628,9,0.9594922065734863,-0.28308218717575073 0.9447546601295471 0.1652359813451767 0.31238558888435364 0.25371214747428894 -0.9154481291770935 -0.906796395778656 -0.2075297236442566 -0.3669491410255432,-117.63479614257812 12.693120002746582 812.0816650390625,0.69
53,638,9,0.9521484375,-0.3030502200126648 0.9405837059020996 0.15317624807357788 0.30179691314697266 0.24718664586544037 -0.920769989490509 -0.9039243459701538 -0.23281145095825195 -0.35877519845962524,-99.21642303466797 19.186487197875977 814.6848754882812,0.69
53,647,9,0.9555878639221191,-0.30279237031936646 0.9396474957466125 0.15930861234664917 0.2934098243713379 0.2509436309337616 -0.9224629998207092 -0.9067675471305847 -0.2325720638036728 -0.35168561339378357,-88.62705993652344 25.645479202270508 809.3720703125,0.69
53,655,9,0.9609375,-0.29530784487724304 0.9407944083213806 0.16643066704273224 0.28602778911590576 0.2532671391963959 -0.924144983291626 -0.911581814289093 -0.22530345618724823 -0.3438851535320282,-94.84009552001953 31.130447387695312 808.7080078125,0.69
53,665,9,0.9556689262390137,-0.2891181707382202 0.9406235218048096 0.17787116765975952 0.292858749628067 0.26380592584609985 -0.9190431237220764 -0.9113970398902893 -0.21362094581127167 -0.35174089670181274,-94.70880126953125 14.966371536254883 803.7833862304688,0.69
53,677,9,0.9614443778991699,-0.2754872143268585 0.942715048789978 0.18813633918762207 0.2785845100879669 0.2656029164791107 -0.9229549169540405 -0.9200530052185059 -0.20185039937496185 -0.33579596877098083,-102.6955795288086 22.233449935913086 801.4376831054688,0.69
53,686,9,0.9550998210906982,-0.24817617237567902 0.9489058256149292 0.19490046799182892 0.27456578612327576 0.26184719800949097 -0.9252294898033142 -0.9289898872375488 -0.17610694468021393 -0.325521320104599,-113.97615051269531 34.50543975830078 796.6699829101562,0.69
53,687,9,0.9575600624084473,-0.2389097958803177 0.9532893300056458 0.1848287135362625 0.2717655897140503 0.2483755350112915 -0.929759681224823 -0.932236909866333 -0.17189861834049225 -0.31841057538986206,-116.81298828125 40.750938415527344 794.2393798828125,0.69
53,692,9,0.9565639495849609,-0.22979877889156342 0.9548046588897705 0.18852220475673676 0.2659880816936493 0.2479463517665863 -0.9315432906150818 -0.9361853003501892 -0.16392284631729126 -0.3109443783760071,-123.420166015625 42.30659484863281 790.0717163085938,0.69
53,716,9,0.9570519924163818,-0.1968081146478653 0.958636999130249 0.20562534034252167 0.2673293650150299 0.2542492747306824 -0.9294580817222595 -0.9432929754257202 -0.12795519828796387 -0.30631011724472046,-129.61317443847656 26.54037857055664 781.8561401367188,0.69
