scene_id,im_id,obj_id,score,R,t,time
51,1,17,0.9171504974365234,0.3527747094631195 0.9330631494522095 0.070307157933712 0.47311556339263916 -0.11304114758968353 -0.8737180829048157 -0.8072866797447205 0.3414890468120575 -0.481324702501297,-130.09109497070312 96.16355895996094 980.970703125,0.69
51,35,17,0.9117484092712402,0.35981646180152893 0.931247353553772 0.057537905871868134 0.4434807002544403 -0.11644428968429565 -0.8886876106262207 -0.8208879828453064 0.34528136253356934 -0.4548887312412262,-122.31898498535156 115.04629516601562 978.8276977539062,0.69
51,56,17,0.9124374389648438,0.36050131916999817 0.9313037991523743 0.05207770690321922 0.45403921604156494 -0.1264367401599884 -0.881964921951294 -0.814792811870575 0.3415948152542114 -0.4684290289878845,-131.67185974121094 115.72834014892578 984.7907104492188,0.69
51,83,17,0.9219503402709961,0.3405437469482422 0.9383997321128845 0.058616865426301956 0.4922586977481842 -0.12482957541942596 -0.8614516854286194 -0.8010688424110413 0.322216659784317 -0.5044453144073486,-142.28224182128906 103.27317810058594 996.162841796875,0.69
51,100,17,0.9214248657226562,0.34377583861351013 0.9375578165054321 0.05294790863990784 0.4809705317020416 -0.1273704618215561 -0.8674353361129761 -0.8065268397331238 0.3236697018146515 -0.4947246015071869,-137.66262817382812 95.84362030029297 988.77880859375,0.69
51,116,17,0.9142265319824219,0.3313993513584137 0.9424942135810852 0.043352629989385605 0.482146292924881 -0.12967774271965027 -0.8664402961730957 -0.810992956161499 0.308040052652359 -0.4973951280117035,-128.77877807617188 85.04254913330078 991.21826171875,0.69
51,138,17,0.9233770370483398,0.3155989646911621 0.9476977586746216 0.04760517552495003 0.5203854441642761 -0.13090889155864716 -0.8438376188278198 -0.7934710383415222 0.2910873293876648 -0.5344827771186829,-119.01683807373047 61.823974609375 1008.8463134765624,0.69
51,169,17,0.923828125,0.2939913272857666 0.9546838402748108 0.046345699578523636 0.5036489367485046 -0.11352147907018661 -0.8564172983169556 -0.8123465776443481 0.27512121200561523 -0.5141997337341309,-115.12541198730469 66.43101501464844 989.3861694335938,0.69
51,240,17,0.91800856590271,0.2148403525352478 0.9739842414855957 0.07209925353527069 0.5070257782936096 -0.04813425615429878 -0.8605858087539673 -0.8347265720367432 0.2214447557926178 -0.5041763186454773,-99.68069458007812 85.73638916015625 1027.5762939453125,0.69
51,407,17,0.8931732177734375,0.08148176968097687 0.9890766143798828 0.1228339821100235 0.5188806653022766 0.0631277784705162 -0.8525126576423645 -0.850954532623291 0.13320040702819824 -0.5080689191818237,-117.04488372802734 66.91896057128906 1051.24853515625,0.69
51,515,17,0.8795113563537598,0.027121813967823982 0.9935100674629211 0.11046405881643295 0.4910517632961273 0.08301123976707458 -0.86716628074646 -0.870708167552948 0.07776269316673279 -0.4856133460998535,-110.98114776611328 80.32601928710938 1078.3187255859375,0.69
51,520,17,0.888725996017456,0.011853532865643501 0.994632363319397 0.10279142111539841 0.49136465787887573 0.08373693376779556 -0.866919219493866 -0.8708733916282654 0.060784123837947845 -0.48773452639579773,-105.28902435302734 77.8225326538086 1068.5963134765625,0.69
51,532,17,0.8880674839019775,-0.015603085048496723 0.9940050840377808 0.10821439325809479 0.489533394575119 0.10196343809366226 -0.86600261926651 -0.8718448877334595 0.039462246000766754 -0.4881896376609802,-105.46090698242188 80.16323852539062 1081.176513671875,0.69
51,546,17,0.8868284225463867,-0.011510968208312988 0.9932113289833069 0.11575434356927872 0.47926047444343567 0.10707918554544449 -0.8711162805557251 -0.8775973320007324 0.045449089258909225 -0.4772394001483917,-96.67749786376953 77.37770080566406 1085.396484375,0.69
51,553,17,0.8840668201446533,-0.02296304516494274 0.9927639961242676 0.11786536127328873 0.4842233955860138 0.11418911069631577 -0.8674609661102295 -0.8746429681777954 0.03715362027287483 -0.4833417236804962,-102.11546325683594 79.82728576660156 1085.4874267578125,0.69
51,571,17,0.885406494140625,-0.05511569231748581 0.9925639033317566 0.10853183269500732 0.46480491757392883 0.12170641124248505 -0.8770084977149963 -0.8836960792541504 0.0021092009264975786 -0.46805644035339355,-98.45875549316406 83.76866912841797 1075.8665771484375,0.69
51,582,17,0.8838455677032471,-0.05913158506155014 0.9918512105941772 0.11284838616847992 0.4430801272392273 0.1273781657218933 -0.8873865604400635 -0.8945297598838806 -0.002471691695973277 -0.4470016360282898,-97.38461303710938 101.86695098876953 1073.4425048828125,0.69
51,601,17,0.8960466384887695,-0.04092545807361603 0.9892332553863525 0.14050856232643127 0.4493791460990906 0.14382421970367432 -0.881687581539154 -0.8924031853675842 0.027058152481913567 -0.4504269063472748,-97.03881072998047 93.1156997680664 1085.6529541015625,0.69
51,611,17,0.8872618675231934,-0.0641266480088234 0.9877174496650696 0.14248491823673248 0.46018874645233154 0.15595994889736176 -0.8740153312683105 -0.8855021595954895 0.00952228344976902 -0.4645376205444336,-99.34851837158203 88.51903533935547 1076.5823974609375,0.69
51,618,17,0.8967311382293701,-0.07919479161500931 0.9827332496643066 0.16722354292869568 0.44533076882362366 0.18495841324329376 -0.8760542273521423 -0.8918569087982178 0.005090869031846523 -0.45228907465934753,-103.04728698730469 81.51959991455078 1078.5054931640625,0.69
51,636,17,0.8829820156097412,-0.0674140527844429 0.9835434556007385 0.16762392222881317 0.4218650460243225 0.1803482323884964 -0.8885406255722046 -0.9041489958763123 0.010814555920660496 -0.42708051204681396,-96.91033935546875 91.33594512939453 1061.968994140625,0.69
51,637,17,0.8912186622619629,-0.08330166339874268 0.9808383584022522 0.1761159598827362 0.39854535460472107 0.19477176666259766 -0.8962284922599792 -0.9133577942848206 -0.004467131104320288 -0.40713343024253845,-96.50935363769531 91.42864990234375 1060.90283203125,0.69
51,649,17,0.8859419822692871,-0.0914747565984726 0.9774089455604553 0.19053609669208527 0.41983869671821594 0.21135534346103668 -0.8826462030410767 -0.9029771685600281 -0.0007454157457686961 -0.42968782782554626,-112.53490447998047 83.05809020996094 1055.13134765625,0.69
51,654,17,0.8919105529785156,-0.09247234463691711 0.9806508421897888 0.17254750430583954 0.4239734709262848 0.1955748051404953 -0.8843058943748474 -0.9009413123130798 -0.00861827377229929 -0.43385523557662964,-111.42232513427734 83.0326919555664 1062.294921875,0.69
51,669,17,0.891270637512207,-0.103009432554245 0.9797118902206421 0.1719115674495697 0.4073866605758667 0.1992245763540268 -0.8912607431411743 -0.9074277877807617 -0.021773777902126312 -0.4196436107158661,-107.22016906738281 93.64689636230469 1055.629150390625,0.69
51,672,17,0.8955585956573486,-0.12420028448104858 0.9764766097068787 0.1762603372335434 0.39940565824508667 0.21180787682533264 -0.8919711112976074 -0.908322274684906 -0.04038368538022041 -0.4163168966770172,-103.04238891601562 94.48059844970703 1053.8011474609375,0.69
51,675,17,0.8831472396850586,-0.1261562705039978 0.9747651815414429 0.18416690826416016 0.3873967230319977 0.2193184643983841 -0.8954458236694336 -0.9132406115531921 -0.04162043705582619 -0.4052892327308655,-100.67565155029297 90.78902435302734 1055.5394287109375,0.69
51,681,17,0.8918094635009766,-0.11678025126457214 0.9758201837539673 0.18476304411888123 0.3938407897949219 0.2162843644618988 -0.8933702707290649 -0.9117301106452942 -0.031560786068439484 -0.40957555174827576,-98.84220886230469 89.34061431884766 1045.196044921875,0.69
51,685,17,0.8958532810211182,-0.11365969479084015 0.9749516248703003 0.19118259847164154 0.4008259177207947 0.22107213735580444 -0.8890814185142517 -0.909076452255249 -0.02442178502678871 -0.4159128963947296,-103.18846893310547 92.23516845703125 1054.3558349609375,0.69
51,694,17,0.8873162269592285,-0.11115395277738571 0.9776955246925354 0.17820291221141815 0.3968953490257263 0.20806539058685303 -0.8939703106880188 -0.9111086130142212 -0.02864043414592743 -0.411170095205307,-107.05765533447266 90.10267639160156 1044.8280029296875,0.69
51,698,17,0.887199878692627,-0.10612168163061142 0.977669894695282 0.1813826709985733 0.40757980942726135 0.20915353298187256 -0.8888944983482361 -0.9069823026657104 -0.020403066650032997 -0.42067426443099976,-106.08727264404297 84.6788330078125 1042.126953125,0.69
51,780,17,0.8811421394348145,-0.15184399485588074 0.9679778814315796 0.199905663728714 0.38904768228530884 0.244456946849823 -0.8881906867027283 -0.9086172580718994 -0.057093579322099686 -0.41370889544487,-114.0203628540039 83.44308471679688 1010.9669189453125,0.69
51,946,17,0.8899118900299072,-0.24273492395877838 0.9521540999412537 0.18569405376911163 0.3710978925228119 0.2679978907108307 -0.8890801072120667 -0.8963069915771484 -0.14690011739730835 -0.4183948338031769,-102.56404113769531 66.31365966796875 968.8175048828125,0.69
51,1038,17,0.8808231353759766,-0.23692233860492706 0.9564775824546814 0.1703473925590515 0.3606241047382355 0.24939395487308502 -0.8987507224082947 -0.9021186232566833 -0.15150275826454163 -0.4040159583091736,-90.39326477050781 65.39904022216797 946.329345703125,0.69
51,1045,17,0.8746933937072754,-0.2568746507167816 0.9518480896949768 0.16733387112617493 0.3505631685256958 0.25312143564224243 -0.901684582233429 -0.9006224870681763 -0.17295880615711212 -0.39870336651802063,-91.3907699584961 65.4407730102539 947.6318359375,0.69
51,1057,17,0.8781063556671143,-0.2454650104045868 0.9529002904891968 0.17812317609786987 0.3577357530593872 0.25981655716896057 -0.8969506621360779 -0.9009839296340942 -0.15644896030426025 -0.4046624004840851,-91.14496612548828 58.776641845703125 952.9679565429688,0.69
51,1063,17,0.881345272064209,-0.2407057285308838 0.9554391503334045 0.17087097465991974 0.3566228151321411 0.25079330801963806 -0.8999571800231934 -0.9027076363563538 -0.1556883603334427 -0.40109875798225403,-88.71735382080078 58.906558990478516 943.0691528320312,0.69
51,1076,17,0.8804869651794434,-0.2414364069700241 0.9567894339561462 0.1620573103427887 0.3545583188533783 0.24242618680000305 -0.9030603766441345 -0.9033254981040955 -0.1605728715658188 -0.39776811003685,-86.97132110595703 70.93161010742188 944.2736206054688,0.69
51,1080,17,0.8717679977416992,-0.23156745731830597 0.9609386920928955 0.15156954526901245 0.35550281405448914 0.22861811518669128 -0.906284511089325 -0.9055353403091431 -0.1559825986623764 -0.3945569097995758,-88.55520629882812 67.03178405761719 942.8750610351562,0.69
51,1091,17,0.8744423389434814,-0.23458823561668396 0.9588214159011841 0.16009342670440674 0.36734700202941895 0.23991593718528748 -0.8986080884933472 -0.9000136256217957 -0.1519930511713028 -0.4085015654563904,-97.96453857421875 61.720584869384766 929.2579345703125,0.69
51,1092,17,0.8613038063049316,-0.2584080398082733 0.9535918235778809 0.15455761551856995 0.37502238154411316 0.2464674711227417 -0.8936509490013123 -0.8902716636657715 -0.17296403646469116 -0.42130735516548157,-101.13151550292969 62.04025650024414 949.6445922851562,0.69
51,1110,17,0.8712186813354492,-0.22311638295650482 0.9601113796234131 0.16853846609592438 0.3690204620361328 0.2432207614183426 -0.897032618522644 -0.9022433161735535 -0.13794852793216705 -0.40856727957725525,-112.1097183227539 57.12492370605469 944.740478515625,0.69
51,1111,17,0.8780479431152344,-0.23499487340450287 0.9574008584022522 0.16781269013881683 0.36271390318870544 0.24655108153820038 -0.8986941576004028 -0.9017850160598755 -0.15032052993774414 -0.4052007794380188,-109.3224105834961 57.29782485961914 935.861572265625,0.69
51,1149,17,0.865321159362793,-0.24106521904468536 0.952582061290741 0.18567407131195068 0.3637429475784302 0.2660520076751709 -0.8926966786384583 -0.8997658491134644 -0.14766047894954681 -0.4106309115886688,-116.7833251953125 48.957763671875 933.0947875976562,0.69
51,1150,17,0.8672657012939453,-0.23887135088443756 0.9527662396430969 0.18755590915679932 0.37562230229377747 0.2687721252441406 -0.8869439363479614 -0.8954598903656006 -0.1414153277873993 -0.42208218574523926,-115.88707733154297 49.51557540893555 930.4810791015625,0.69
51,1160,17,0.8573441505432129,-0.23349151015281677 0.9543541669845581 0.18625161051750183 0.3711433410644531 0.26451602578163147 -0.890103280544281 -0.8987404108047485 -0.1387055218219757 -0.4159644842147827,-116.96150207519531 46.657100677490234 929.1974487304688,0.69
51,1182,17,0.8653736114501953,-0.24408921599388123 0.9540425539016724 0.1738482117652893 0.36231154203414917 0.256006121635437 -0.8962093591690063 -0.8995280861854553 -0.15576784312725067 -0.40814894437789917,-97.85508728027344 55.047332763671875 942.8573608398438,0.69
51,1220,17,0.8401358127593994,-0.2664223313331604 0.9488180875778198 0.16959801316261292 0.3328474462032318 0.2557010352611542 -0.9076506495475769 -0.9045616388320923 -0.185368150472641 -0.3839361071586609,-98.56661224365234 66.81324768066406 943.1510620117188,0.69
51,1528,17,0.76251220703125,-0.386492520570755 0.9186481237411499 0.08190973848104477 0.39436131715774536 0.24488939344882965 -0.8857247829437256 -0.8337281942367554 -0.3100239634513855 -0.45692721009254456,-110.28555297851562 53.543701171875 951.875244140625,0.69
51,1536,17,0.7416524887084961,-0.40785545110702515 0.9100937843322754 0.073369100689888 0.39344680309295654 0.24769620597362518 -0.8853508830070496 -0.8239256143569946 -0.33222833275794983 -0.4590977728366852,-110.05928039550781 54.8743896484375 949.0801391601562,0.69
51,1545,17,0.7337751388549805,-0.40361538529396057 0.914344310760498 0.0326993465423584 0.3772009015083313 0.1988547146320343 -0.9045310020446777 -0.8335551023483276 -0.35274839401245117 -0.4251523017883301,-107.6951904296875 66.72065734863281 949.2152709960938,0.69
51,1566,17,0.8068356513977051,-0.4008203446865082 0.9104665517807007 0.10195017606019974 0.38778170943260193 0.26942187547683716 -0.8814971446990967 -0.830041229724884 -0.3137876093387604 -0.4610520005226135,-99.15703582763672 63.58887100219726 926.5875244140625,0.69
51,1571,17,0.7999505996704102,-0.4148736894130707 0.9057822227478027 0.08624626696109772 0.39761602878570557 0.26574185490608215 -0.8782271146774292 -0.8184016942977905 -0.3300604224205017 -0.4704028069972992,-100.66937255859375 65.7005386352539 949.7621459960938,0.69
51,1584,17,0.8279514312744141,-0.41516879200935364 0.9061286449432373 0.08102968335151672 0.39191219210624695 0.25852128863334656 -0.8829335570335388 -0.8209992051124573 -0.33480995893478394 -0.46245285868644714,-97.69329071044922 55.76952362060547 937.6934204101562,0.69
51,1588,17,0.8198761940002441,-0.4340306520462036 0.8978816270828247 0.07366155087947845 0.3969441056251526 0.2639976143836975 -0.8790566921234131 -0.8087353110313416 -0.3522980213165283 -0.4709918200969696,-98.20111083984375 48.08325958251953 934.2257080078125,0.69
51,1603,17,0.8498859405517578,-0.43520134687423706 0.8972654342651367 0.07426007837057114 0.39041516184806824 0.26239752769470215 -0.8824531435966492 -0.811280369758606 -0.35505253076553345 -0.4645017981529236,-89.26538848876953 29.904172897338867 932.161865234375,0.69
51,1611,17,0.8444890975952148,-0.4354362487792969 0.8947857022285461 0.09876107424497604 0.3980677127838135 0.28978240489959717 -0.8703839182853699 -0.807426393032074 -0.3396831154823303 -0.48236706852912903,-96.29915618896484 25.985143661499023 932.540771484375,0.69
51,1617,17,0.8593573570251465,-0.4122043251991272 0.9060369729995728 0.09583639353513718 0.4048665463924408 0.2763894200325012 -0.8716031312942505 -0.8161927461624146 -0.32047760486602783 -0.48075294494628906,-95.0218734741211 22.67588996887207 917.285888671875,0.69
51,1628,17,0.8557305335998535,-0.4553995728492737 0.8863829970359802 0.08328533917665482 0.3789094388484955 0.2776229977607727 -0.8828097581863403 -0.8056294918060303 -0.37047356367111206 -0.4622882902622223,-82.66063690185547 35.97078323364258 906.2271118164062,0.69
51,1629,17,0.8497543334960938,-0.4502128064632416 0.8894265294075012 0.07892392575740814 0.38293883204460144 0.27217039465904236 -0.8827690482139587 -0.8066389560699463 -0.36721086502075195 -0.46313047409057617,-83.96321868896484 37.512359619140625 921.986328125,0.69
51,1645,17,0.8692102432250977,-0.42798611521720886 0.8993679285049438 0.08924907445907593 0.39690834283828735 0.2757546603679657 -0.8754559755325317 -0.8119678497314453 -0.3392592668533325 -0.4749857187271118,-74.32276153564453 34.012351989746094 916.2728271484375,0.69
51,1650,17,0.8628273010253906,-0.467794269323349 0.8803802132606506 0.07809607684612274 0.38289347290992737 0.28150197863578796 -0.8798574209213257 -0.796593427658081 -0.38168975710868835 -0.4687768816947937,-69.52340698242188 35.24567413330078 903.6569213867188,0.69
51,1673,17,0.8590912818908691,-0.45866888761520386 0.8864609003067017 0.06172478199005127 0.39155951142311096 0.26397666335105896 -0.8814746141433716 -0.7976866364479065 -0.38013604283332825 -0.4681800603866577,-39.42116165161133 36.465354919433594 910.6615600585938,0.69
51,1674,17,0.856410026550293,-0.4556904435157776 0.8882068395614624 0.0586070716381073 0.4015792906284332 0.2638946771621704 -0.8769798278808594 -0.7944056391716003 -0.3760959506034851 -0.47693973779678345,-38.85829162597656 36.728023529052734 906.2730102539062,0.69
51,1687,17,0.8710360527038574,-0.473084419965744 0.8799705505371094 0.04293119162321091 0.41712501645088196 0.26664116978645325 -0.8688551187515259 -0.7760141491889954 -0.39313414692878723 -0.49320152401924133,-40.450347900390625 31.49221801757812 894.2527465820312,0.69
51,1693,17,0.8795113563537598,-0.4533628523349762 0.8886159658432007 0.06945396214723587 0.39507466554641724 0.2701886296272278 -0.8780171871185303 -0.7989857792854309 -0.37062087655067444 -0.4735630750656128,-38.47016525268555 34.26853942871094 896.3705444335938,0.69
51,1698,17,0.8639669418334961,-0.4622952342033386 0.8837201595306396 0.07295215129852295 0.39553484320640564 0.27914631366729736 -0.8750026822090149 -0.7936216592788696 -0.3756544589996338 -0.47859007120132446,-38.838134765625 37.52100372314453 896.4142456054688,0.69
51,1699,17,0.8595788478851318,-0.4583425223827362 0.8857049345970154 0.07381623983383179 0.38575780391693115 0.27307137846946716 -0.8812621235847473 -0.8006953597068787 -0.3754447400569916 -0.4668278396129608,-39.055389404296875 38.518558502197266 898.8043823242188,0.69
51,1700,17,0.8717679977416992,-0.4471248984336853 0.8927184343338013 0.055973589420318604 0.4076991081237793 0.2590985894203186 -0.87558513879776 -0.7961536645889282 -0.3686755299568176 -0.47980996966362,-37.97751998901367 37.74919128417969 898.67578125,0.69
51,1708,17,0.8664684295654297,-0.47884929180145264 0.8757239580154419 0.06173291057348251 0.40046682953834534 0.280470609664917 -0.8723316788673401 -0.7812360525131226 -0.3929934501647949 -0.4850015342235565,-35.24490737915039 35.095191955566406 888.1441650390625,0.69
51,1709,17,0.8776187896728516,-0.4509025812149048 0.8895713090896606 0.07314153015613556 0.3979378044605255 0.2737007439136505 -0.875633180141449 -0.7989570498466492 -0.3657194674015045 -0.47740644216537476,-34.70984649658203 34.244346618652344 890.9037475585938,0.69
51,1715,17,0.8630571365356445,-0.46084272861480713 0.8846247792243958 0.07115407288074493 0.3946097195148468 0.27606308460235596 -0.8763973712921143 -0.7949258685112 -0.37580326199531555 -0.47630324959754944,-36.703697204589844 36.54286575317383 886.7821044921875,0.69
51,1717,17,0.8639669418334961,-0.4594985246658325 0.8857752084732056 0.06529389321804047 0.39471614360809326 0.2695094645023346 -0.8783870339393616 -0.795650839805603 -0.37784498929977417 -0.4734690189361572,-39.04030990600586 37.642974853515625 877.3717651367188,0.69
51,1729,17,0.8878040313720703,-0.4538643956184387 0.8880726099014282 0.07303492724895477 0.39607173204421997 0.2744804918766022 -0.8762349486351013 -0.7982068657875061 -0.3687647879123688 -0.4763174057006836,-36.92677307128906 48.32740020751953 879.4326171875,0.69
51,1927,17,0.8917582035064697,-0.29354676604270935 0.9484331607818604 0.11960285902023315 0.4502905607223511 0.24755160510540009 -0.857879102230072 -0.8432489037513733 -0.19797158241271973 -0.499738484621048,-115.61934661865234 44.67586898803711 774.3646850585938,0.69
