scene_id,im_id,obj_id,score,R,t,time
50,620,4,0.8930482864379883,-0.455875426530838 -0.8876011371612549 -0.06589189916849136 -0.27935895323753357 0.21298450231552124 -0.9362671375274658 0.8450657725334167 -0.40841370820999146 -0.34505370259284973,113.23057556152344 -16.49787139892578 977.7653198242188,0.69
50,623,4,0.8705368041992188,-0.18223290145397186 -0.982815682888031 -0.02940463460981846 -0.38440173864364624 0.09873703122138977 -0.9178705811500549 0.9050008058547974 -0.1559630185365677 -0.39578914642333984,115.88727569580078 -22.52956199645996 1004.2944946289062,0.69
50,629,4,0.8253755569458008,-0.18924835324287415 -0.9816131591796875 -0.024912433698773384 -0.4207499921321869 0.10398928076028824 -0.9011967778205872 0.8872173428535461 -0.1600681096315384 -0.4326935112476349,119.15126037597656 -27.453372955322266 1006.2667236328125,0.69
50,633,4,0.6011428833007812,0.9191160202026367 -0.3707468807697296 0.13331277668476105 -0.37077608704566956 -0.928371012210846 -0.02553715743124485 0.13323155045509338 -0.02595757506787777 -0.9907448887825012,141.90797424316406 -32.15884017944336 1158.5135498046875,0.69
50,640,4,0.3885180950164795,0.9412764310836792 -0.3071705102920532 -0.14016041159629822 -0.31247207522392273 -0.9497751593589783 -0.01697826385498047 -0.12790566682815552 0.059777457267045975 -0.9899832010269165,157.23728942871094 -22.33986473083496 1152.2342529296875,0.69
50,642,4,0.20657134056091309,0.9612818956375122 -0.18299919366836548 0.2060302197933197 -0.20731781423091888 -0.9728125929832458 0.10322239995002747 0.18153917789459229 -0.14193956553936005 -0.9730861186981201,148.95089721679688 -36.67953872680664 1070.6436767578125,0.69
50,644,4,0.2002732753753662,0.9755308032035828 -0.13735908269882202 0.17167435586452484 -0.14666083455085754 -0.9882661700248718 0.04266691207885742 0.16379927098751068 -0.0668007880449295 -0.984229326248169,146.2305450439453 -44.85859680175781 1068.13525390625,0.69
50,651,4,0.32557153701782227,0.9614962339401245 -0.22558461129665375 0.1569608598947525 -0.2429359257221222 -0.9646977782249451 0.10168775171041489 0.12848058342933655 -0.13590382039546967 -0.9823557138442993,159.69630432128906 -51.14521408081055 1073.83935546875,0.69
50,653,4,0.014341570436954498,0.9193814396858215 -0.35071608424186707 0.17814567685127258 -0.3539997637271881 -0.9351394772529602 -0.01407631766051054 0.17152784764766693 -0.05012201890349388 -0.9839034080505371,160.9062042236328 -58.99171447753906 1075.2545166015625,0.69
50,682,4,0.0014104703441262245,0.3496134281158447 0.7097557783126831 -0.611569344997406 0.6750118136405945 -0.6434977054595947 -0.3609289526939392 -0.6497149467468262 -0.28663092851638794 -0.7040689587593079,-272.2919006347656 -32.17820358276367 857.4536743164062,0.69
50,923,4,0.9180479049682617,-0.7121760249137878 -0.699721097946167 -0.05653106048703194 -0.2659487724304199 0.34345319867134094 -0.9007281064987183 0.6496742367744446 -0.6264426112174988 -0.4306890666484833,198.10243225097656 -39.007747650146484 936.4912719726562,0.69
50,1026,4,0.92978835105896,-0.7813659906387329 -0.6206147074699402 -0.0656081810593605 -0.22810862958431244 0.38187375664711 -0.8956220746040344 0.5808902382850647 -0.6848428249359131 -0.4399508237838745,157.87509155273438 -36.717533111572266 903.7410888671875,0.69
50,1044,4,0.9316737651824951,-0.7909072041511536 -0.6078358292579651 -0.0707203596830368 -0.22957023978233337 0.40185123682022095 -0.8864609599113464 0.5672418475151062 -0.6848731637001038 -0.45736804604530334,146.0178680419922 -37.25857162475586 902.7822875976562,0.69
50,1052,4,0.9342069625854492,-0.7975438833236694 -0.5975351333618164 -0.08291885256767273 -0.20944586396217346 0.403171569108963 -0.8908339738845825 0.5657351016998291 -0.6931121945381165 -0.44669827818870544,141.14642333984375 -38.49305725097656 891.1197509765625,0.69
50,1058,4,0.9337196350097656,-0.7945728898048401 -0.6022889614105225 -0.0768248662352562 -0.21407032012939453 0.3962966203689575 -0.892817497253418 0.5681794285774231 -0.692962646484375 -0.44381868839263916,140.83843994140625 -38.919124603271484 890.8516235351562,0.69
50,1066,4,0.934145450592041,-0.8083483576774597 -0.5833225250244141 -0.07942213863134384 -0.20675203204154968 0.407611608505249 -0.8894416689872742 0.5512046813964844 -0.7025579810142517 -0.4500952661037445,139.23190307617188 -41.51969909667969 891.9827270507812,0.69
50,1077,4,0.9356391429901123,-0.8118948340415955 -0.5779299736022949 -0.08260561525821686 -0.20046231150627136 0.40887022018432617 -0.8903033137321472 0.5483079552650452 -0.7062733173370361 -0.4478128254413605,138.9421844482422 -38.0777702331543 881.3114013671875,0.69
50,1094,4,0.9357554912567139,-0.8163089752197266 -0.5714088082313538 -0.08444898575544357 -0.18896891176700592 0.40234607458114624 -0.8957724571228027 0.5458300113677979 -0.7152689099311829 -0.43641719222068787,137.9416961669922 -26.978010177612305 881.9920654296875,0.69
50,1098,4,0.9380769729614258,-0.815095841884613 -0.5729911923408508 -0.0854392796754837 -0.18665345013141632 0.3993605375289917 -0.8975920677185059 0.5484334826469421 -0.7156760096549988 -0.43246784806251526,136.3386688232422 -26.818090438842773 881.3292846679688,0.69
50,1105,4,0.9366724491119385,-0.8194431066513062 -0.5673372149467468 -0.08149547874927521 -0.1836540549993515 0.3945903480052948 -0.9003164768218994 0.5429403185844421 -0.7227910757064819 -0.42753809690475464,136.34814453125 -25.024702072143555 877.2078857421875,0.69
50,1113,4,0.9287455081939697,-0.8162686824798584 -0.5722644329071045 -0.07885973155498505 -0.1834496259689331 0.38623955845832825 -0.9039719104766846 0.5477697253227234 -0.7234172224998474 -0.42025694251060486,137.86611938476562 -18.461854934692383 876.5902709960938,0.69
50,1125,4,0.9356088638305664,-0.8175157904624939 -0.5705313682556152 -0.07849721610546112 -0.1800389438867569 0.38265594840049744 -0.9061790108680725 0.5470409989356995 -0.7266831398010254 -0.41554516553878784,134.628173828125 -20.20566177368164 872.2029418945312,0.69
50,1130,4,0.9336576461791992,-0.8231783509254456 -0.5624796152114868 -0.07742180675268173 -0.17822010815143585 0.38543879985809326 -0.9053587913513184 0.5390872359275818 -0.7314736247062683 -0.4175300598144531,131.93545532226562 -20.971139907836914 872.6478881835938,0.69
50,1145,4,0.937701940536499,-0.8300657868385315 -0.5525739789009094 -0.07518579065799713 -0.17961694300174713 0.3925502598285675 -0.9020211100578308 0.5279476046562195 -0.7352322340011597 -0.4250941574573517,130.12892150878906 -25.11880874633789 866.7340087890625,0.69
50,1150,4,0.9346942901611328,-0.8291850090026855 -0.554112434387207 -0.07356258481740952 -0.1828334778547287 0.3932211101055145 -0.9010821580886841 0.5282272100448608 -0.7337141633033752 -0.42736342549324036,130.12460327148438 -27.434080123901367 865.61962890625,0.69
50,1169,4,0.9331698417663574,-0.8390564322471619 -0.5394268035888672 -0.07073171436786652 -0.18051941692829132 0.39868974685668945 -0.899143636226654 0.5132221579551697 -0.7416638135910034 -0.4319002330303192,128.82516479492188 -31.957031249999996 868.2084350585938,0.69
50,1189,4,0.9321942329406738,-0.8453832864761353 -0.5296329259872437 -0.06939740478992462 -0.17392484843730927 0.3957665264606476 -0.9017311334609985 0.5050516128540039 -0.7502385377883911 -0.4266907870769501,128.38885498046875 -29.900449752807617 869.485595703125,0.69
50,1192,4,0.9273161888122559,-0.8425838947296143 -0.534562349319458 -0.06554028391838074 -0.17838039994239807 0.3918268084526062 -0.9025808572769165 0.5081661939620972 -0.7488089799880981 -0.42550238966941833,129.15283203125 -26.4266357421875 871.302490234375,0.69
50,1209,4,0.9331378936767578,-0.8477672338485718 -0.526004433631897 -0.06789710372686386 -0.17165081202983856 0.3932461738586426 -0.9032682180404663 0.501823365688324 -0.7541066408157349 -0.42367032170295715,121.42059326171875 -19.098339080810547 871.2493896484375,0.69
50,1216,4,0.9331378936767578,-0.8459511995315552 -0.529072105884552 -0.06670268625020981 -0.17193077504634857 0.38900962471961975 -0.9050476551055908 0.5047834515571594 -0.7541579008102417 -0.42004698514938354,121.94641876220703 -20.295108795166016 874.2747192382812,0.69
50,1242,4,0.9306640625,-0.8521171808242798 -0.5190054774284363 -0.06730273365974426 -0.16699069738388062 0.39151307940483093 -0.904893159866333 0.4959943890571594 -0.7598360776901245 -0.42028409242630005,111.13273620605469 -15.466835021972656 866.6143798828125,0.69
50,1246,4,0.9287109375,-0.8573471903800964 -0.5108686685562134 -0.06300032883882523 -0.16647650301456451 0.39101311564445496 -0.9052041172981262 0.4870742857456207 -0.7655861377716064 -0.42028161883354187,108.6098403930664 -15.178339958190918 865.4268188476562,0.69
50,1263,4,0.9317386150360107,-0.8635333776473999 -0.5007719993591309 -0.05947749689221382 -0.16889739036560059 0.3983270823955536 -0.9015593528747559 0.4751671552658081 -0.7684809565544128 -0.42854779958724976,106.01048278808594 -24.54681396484375 862.8013916015625,0.69
50,1266,4,0.9304027557373047,-0.8606548309326172 -0.5050768256187439 -0.06458145380020142 -0.16774211823940277 0.40098804235458374 -0.90059494972229 0.48076602816581726 -0.7642683386802673 -0.42983490228652954,106.05963134765625 -26.910531997680664 862.5184326171875,0.69
50,1280,4,0.9263405799865723,-0.8738656044006348 -0.48189154267311096 -0.06433866918087006 -0.15765585005283356 0.4060741662979126 -0.9001379609107971 0.45989516377449036 -0.7764562368392944 -0.430827260017395,104.23123168945312 -31.73616600036621 863.7015380859375,0.69
50,1284,4,0.9253649711608887,-0.876230776309967 -0.47663506865501404 -0.07098381966352463 -0.15082047879695892 0.41114962100982666 -0.8990045189857483 0.4576820731163025 -0.7770296335220337 -0.4321482479572296,104.95966339111328 -33.15704345703125 864.4722900390625,0.69
50,1324,4,0.9263405799865723,-0.9008611440658569 -0.4279228448867798 -0.07301504909992218 -0.12978757917881012 0.42600128054618835 -0.8953647613525391 0.41425153613090515 -0.7971228957176208 -0.4393070936203003,85.6822509765625 -43.26795959472656 858.3466186523438,0.69
50,1480,4,0.9248771667480469,-0.9247915148735046 -0.374356746673584 -0.06795360147953033 -0.08187704533338547 0.37023064494132996 -0.9253244996070862 0.3715599775314331 -0.8501684069633484 -0.3730373978614807,96.5511474609375 -1.4091006517410278 961.193359375,0.69
50,1542,4,0.9184966087341309,-0.9315404891967773 -0.35858699679374695 -0.06039756163954735 -0.0956474021077156 0.4018632471561432 -0.9106907248497009 0.35083335638046265 -0.8425684571266174 -0.408649742603302,91.4959487915039 -54.28985595703125 948.5731811523438,0.69
50,1564,4,0.923828125,-0.940432608127594 -0.3347190022468567 -0.05957857891917229 -0.08948099613189697 0.412749707698822 -0.9064385294914246 0.327993243932724 -0.8471131920814514 -0.4181142747402191,89.69670104980469 -58.869972229003906 951.5969848632812,0.69
50,1592,4,0.9199991226196289,-0.9430328011512756 -0.3255064785480499 -0.06880814582109451 -0.07523740828037262 0.4101085662841797 -0.9089280962944031 0.32408079504966736 -0.8519720435142517 -0.41123613715171814,90.50572204589844 -54.35249710083008 944.4267578125,0.69
50,1593,4,0.9238650798797607,-0.9414767622947693 -0.3299100697040558 -0.06914479285478592 -0.07581321895122528 0.40712156891822815 -0.9102221727371216 0.3284417986869812 -0.8517109751701355 -0.4083069860935211,91.06495666503906 -53.73847579956055 942.8829956054688,0.69
50,1613,4,0.9253292083740234,-0.9496535062789917 -0.3065650463104248 -0.06462307274341583 -0.07024026662111282 0.40934157371520996 -0.9096734523773193 0.30532699823379517 -0.8593354225158691 -0.41026586294174194,84.97343444824219 -48.85784912109375 942.8435668945312,0.69
50,1629,4,0.9267933368682861,-0.9497702121734619 -0.3064441978931427 -0.0634700283408165 -0.07230623811483383 0.4122081995010376 -0.9082159399986267 0.3044803738594055 -0.8580072522163391 -0.4136609137058258,80.8081283569336 -49.2644157409668 935.8766479492188,0.69
50,1656,4,0.9267933368682861,-0.9540674686431885 -0.294466108083725 -0.05518212914466858 -0.07536367326974869 0.4141615331172943 -0.9070780277252197 0.28995802998542786 -0.8612549304962158 -0.4173300564289093,78.71278381347656 -59.219635009765625 926.9884033203125,0.69
50,1658,4,0.922400951385498,-0.9537681937217712 -0.2955273389816284 -0.054679643362760544 -0.07971671968698502 0.42417672276496887 -0.9020639657974243 0.28977838158607483 -0.8560010194778442 -0.42812472581863403,79.93148803710938 -61.33990478515625 925.8990478515625,0.69
50,1669,4,0.9282574653625488,-0.9533340334892273 -0.2954505681991577 -0.062154896557331085 -0.07057476788759232 0.4182368814945221 -0.9055922031402588 0.2935531437397003 -0.8589453101158142 -0.41957080364227295,74.48518371582031 -57.322269439697266 917.1804809570312,0.69
50,1678,4,0.9282917976379395,-0.9565408229827881 -0.2848837971687317 -0.062216274440288544 -0.0661926418542862 0.4199272096157074 -0.90514075756073 0.2839862108230591 -0.8616858124732971 -0.42053472995758057,64.93374633789062 -52.58997344970703 907.629638671875,0.69
50,1695,4,0.9243531227111816,-0.9619296193122864 -0.268256276845932 -0.05224962532520294 -0.06867563724517822 0.422308087348938 -0.9038470387458801 0.2645280957221985 -0.8658488988876343 -0.4246533215045929,59.08586883544922 -57.70800018310547 901.5147705078125,0.69
50,1708,4,0.9248771667480469,-0.9620429277420044 -0.26878249645233154 -0.047215450555086136 -0.07253005355596542 0.41862544417381287 -0.9052579998970032 0.2630831003189087 -0.8674725294113159 -0.42223048210144043,52.861000061035156 -56.62120819091797 889.4570922851562,0.69
50,1711,4,0.9289112091064453,-0.961654007434845 -0.27115270495414734 -0.04120380058884621 -0.0787297934293747 0.41682687401771545 -0.9055699110031128 0.26272261142730713 -0.8676009774208069 -0.4221910238265991,51.897071838378906 -56.35008239746094 888.1163330078125,0.69
50,1713,4,0.9190235137939453,-0.9628915190696716 -0.26617980003356934 -0.044591158628463745 -0.07356175780296326 0.4178065359592438 -0.9055531024932861 0.2596704065799713 -0.8686692118644714 -0.4218829572200775,53.37942123413086 -56.96828842163086 888.8470458984375,0.69
50,1714,4,0.9204487800598145,-0.9634424448013306 -0.26466992497444153 -0.041576046496629715 -0.07571259140968323 0.41782712936401367 -0.9053663015365601 0.2569948136806488 -0.8691204786300659 -0.4225912094116211,54.21296691894531 -58.0279426574707 889.7197265625,0.69
50,1718,4,0.9316737651824951,-0.9603673219680786 -0.27583861351013184 -0.0400971844792366 -0.0828699991106987 0.4199000298976898 -0.9037790894508362 0.26613396406173706 -0.8646370768547058 -0.4261169731616974,57.606319427490234 -64.57682800292969 885.9359130859375,0.69
50,1719,4,0.9267933368682861,-0.9630060195922852 -0.26671943068504333 -0.038472022861242294 -0.08012470602989197 0.4197060763835907 -0.9041165709495544 0.25729238986968994 -0.8675872087478638 -0.42555031180381775,57.10844802856445 -65.05841064453125 885.8040161132812,0.69
50,1733,4,0.920037031173706,-0.9635390639305115 -0.26409631967544556 -0.04295992851257324 -0.0722515657544136 0.41140276193618774 -0.9085854291915894 0.2576279044151306 -0.8723536133766174 -0.4154840409755707,54.46438980102539 -50.571685791015625 875.4273071289062,0.69
50,1743,4,0.9206347465515137,-0.9633772969245911 -0.26580432057380676 -0.03538646548986435 -0.07957419753074646 0.409405916929245 -0.9088755249977112 0.25607046484947205 -0.8727741241455078 -0.41556355357170105,64.7706069946289 -51.287635803222656 881.1864624023438,0.69
50,1745,4,0.9184966087341309,-0.9613611102104187 -0.2724786400794983 -0.039245739579200745 -0.07811662554740906 0.4067114293575287 -0.9102107286453247 0.263974666595459 -0.8719754815101624 -0.4122816324234009,67.62572479248047 -52.516075134277344 880.9832153320312,0.69
50,1756,4,0.929267406463623,-0.9650590419769287 -0.26042091846466064 -0.029017334803938866 -0.08146467804908752 0.40343862771987915 -0.9113730788230896 0.24904729425907135 -0.8771649599075317 -0.41055718064308167,65.26480102539062 -52.776519775390625 876.0366821289062,0.69
50,1778,4,0.92978835105896,-0.966716468334198 -0.2552473247051239 -0.017550531774759293 -0.08867308497428894 0.3986029028892517 -0.9128268361091614 0.23999230563640594 -0.8808884620666504 -0.40796956419944763,74.73103332519531 -55.58259582519531 879.7968139648438,0.69
50,1782,4,0.9278380870819092,-0.9687517285346985 -0.24765312671661377 -0.01371037308126688 -0.08825938403606415 0.39585041999816895 -0.9140638709068298 0.23179802298545837 -0.884290874004364 -0.40533849596977234,71.54510498046875 -57.56700134277344 875.5903930664062,0.69
50,1874,4,0.9350900650024414,-0.9829764366149902 -0.18331095576286316 -0.01242818683385849 -0.057654231786727905 0.3719736635684967 -0.9264510273933411 0.17445160448551178 -0.9099629521369934 -0.3762100040912628,52.94019317626953 -37.217857360839844 849.277587890625,0.69
51,1,4,0.9658203125,-0.14596441388130188 -0.6649312973022461 -0.7325030565261841 0.9308822751045227 0.15833498537540436 -0.3292238712310791 0.3348921537399292 -0.7299290299415588 0.5958613753318787,112.52899932861328 60.028358459472656 965.227294921875,0.69
51,35,4,0.96533203125,-0.13120174407958984 -0.6740423440933228 -0.7269477248191833 0.9353621006011963 0.158784881234169 -0.31604596972465515 0.32845667004585266 -0.7214251756668091 0.6096408367156982,118.71824645996094 76.3691635131836 969.7909545898438,0.69
51,56,4,0.96435546875,-0.12958061695098877 -0.6686900854110718 -0.7321630120277405 0.9355971813201904 0.1621183454990387 -0.3136489987373352 0.32843098044395447 -0.7256524562835693 0.6046170592308044,110.07041931152344 76.9041976928711 976.2970581054688,0.69
51,83,4,0.96533203125,-0.1298380345106125 -0.6667306423187256 -0.7339022159576416 0.9290547370910645 0.17678537964820862 -0.3249681293964386 0.3464093506336212 -0.7240285277366638 0.5964757204055786,101.28614044189453 64.27307891845703 971.49609375,0.69
51,100,4,0.96484375,-0.1300368309020996 -0.6711122989654541 -0.7298620939254761 0.9293068051338196 0.17412692308425903 -0.3256818354129791 0.3456577658653259 -0.7206164598464966 0.6010262966156006,103.28449249267578 56.70522689819336 973.6869506835938,0.69
51,116,4,0.965836763381958,-0.12508106231689453 -0.6841998100280762 -0.7184881567955017 0.922438383102417 0.18645602464675903 -0.3381443917751312 0.36532479524612427 -0.7050564885139465 0.6078100204467773,111.35395812988281 47.49574661254883 977.2689208984375,0.69
51,138,4,0.96630859375,-0.12503582239151 -0.700921356678009 -0.7021932601928711 0.915033757686615 0.19210708141326904 -0.35469433665275574 0.38350909948349 -0.6868799924850464 0.617346465587616,123.46630859375 26.227985382080078 970.9727172851562,0.69
51,169,4,0.9648606777191162,-0.12856332957744598 -0.7139037847518921 -0.6883407235145569 0.916053295135498 0.18039970099925995 -0.3581930994987488 0.3798918128013611 -0.6766073107719421 0.6307811141014099,125.55059814453126 33.004310607910156 965.0234375,0.69
51,240,4,0.9638671875,-0.18967798352241516 -0.767935037612915 -0.6117989420890808 0.9150687456130981 0.08760752528905869 -0.39366742968559265 0.35590919852256775 -0.6345081329345703 0.6860962510108948,143.30230712890625 69.7546615600586 972.3931884765625,0.69
51,407,4,0.96630859375,-0.23407715559005737 -0.8231898546218872 -0.5172682404518127 0.8967785835266113 0.022673405706882477 -0.4418982267379761 0.3754943609237671 -0.5673133730888367 0.7329117655754089,123.19290924072266 70.71590423583984 984.6332397460938,0.69
51,515,4,0.96630859375,-0.22269006073474884 -0.8576202988624573 -0.46356919407844543 0.9036791920661926 -0.0031960143242031336 -0.42819806933403015 0.3657497763633728 -0.5142732858657837 0.7757254242897034,125.89374542236328 84.5790023803711 985.2320556640625,0.69
51,520,4,0.9658203125,-0.21431352198123932 -0.8670021295547485 -0.4498634934425354 0.9026983380317688 0.00012008505291305482 -0.4302740693092346 0.3731025159358978 -0.4983046054840088 0.782615602016449,130.29196166992188 83.75203704833984 986.00146484375,0.69
51,532,4,0.9643726348876953,-0.22402261197566986 -0.8681281208992004 -0.44290798902511597 0.9016949534416199 -0.01218102965503931 -0.43220120668411255 0.36981093883514404 -0.49619072675704956 0.7855156064033508,131.7052001953125 87.40940856933594 983.600341796875,0.69
51,546,4,0.96533203125,-0.2362828105688095 -0.8722538948059082 -0.4281865060329437 0.9023390412330627 -0.033482108265161514 -0.42972466349601746 0.36049237847328186 -0.48790594935417175 0.7949799299240112,138.61769104003906 87.39757537841797 976.026123046875,0.69
51,553,4,0.9638671875,-0.23498693108558655 -0.8719744682312012 -0.42946696281433105 0.9012709259986877 -0.030006032437086105 -0.43221575021743774 0.3639944791793823 -0.48863112926483154 0.7929361462593079,133.5852508544922 90.12155151367188 975.6968994140625,0.69
51,571,4,0.96484375,-0.23840540647506714 -0.8782471418380737 -0.4145415127277374 0.9005611538887024 -0.04014279320836067 -0.43287187814712524 0.36352768540382385 -0.4765189588069916 0.8004856109619141,135.73300170898438 95.89139556884766 968.1505737304688,0.69
51,582,4,0.96435546875,-0.2443879395723343 -0.8777206540107727 -0.4121662676334381 0.9081693291664124 -0.05820482224225998 -0.4145367443561554 0.3398573696613312 -0.4756245017051697 0.8113434910774231,135.93617248535156 114.14490509033203 965.0031127929688,0.69
51,601,4,0.9638671875,-0.2540154755115509 -0.8844379782676697 -0.3914659917354584 0.9010473489761353 -0.06927908957004547 -0.4281519055366516 0.35155338048934937 -0.4614866375923157 0.8145184516906738,137.7060089111328 108.96489715576172 959.0262451171875,0.69
51,611,4,0.9658203125,-0.2521875202655792 -0.8874977231025696 -0.38568034768104553 0.899739146232605 -0.06834740191698074 -0.4310430586338043 0.35618945956230164 -0.4557154178619385 0.8157527446746826,135.17144775390625 105.82992553710938 955.8196411132812,0.69
51,618,4,0.962890625,-0.26138630509376526 -0.8893282413482666 -0.3751963675022125 0.8940840363502502 -0.07660537213087082 -0.44129955768585205 0.3637181520462036 -0.45080673694610596 0.8151578307151794,131.83876037597656 101.67964172363281 951.3863525390625,0.69
51,636,4,0.9619324207305908,-0.2664448916912079 -0.892711341381073 -0.36341914534568787 0.8974968791007996 -0.0923125147819519 -0.4312514066696167 0.3514348864555359 -0.4410722851753235 0.8258017897605896,135.6155548095703 113.1692123413086 940.9148559570312,0.69
51,637,4,0.9619140625,-0.25951868295669556 -0.8970006108283997 -0.35782650113105774 0.8957235217094421 -0.08506371080875397 -0.43639814853668213 0.3610113561153412 -0.43376708030700684 0.8255403637886047,136.39012145996094 112.54960632324219 939.8197631835938,0.69
51,649,4,0.9643726348876953,-0.27551424503326416 -0.8898664712905884 -0.3636340796947479 0.8919258713722229 -0.09554479271173477 -0.4419722855091095 0.3585529625415802 -0.4461042881011963 0.8200188279151917,120.5888900756836 107.52217102050781 938.8636474609375,0.69
51,654,4,0.9594922065734863,-0.2722491919994354 -0.8930512070655823 -0.3582455515861511 0.8938241004943848 -0.09684845060110092 -0.43783438205718994 0.3563130497932434 -0.439408540725708 0.8245975971221924,123.02242279052734 107.24503326416016 936.2630615234375,0.69
51,669,4,0.960956335067749,-0.26318302750587463 -0.9017801284790039 -0.34282276034355164 0.8926833868026733 -0.09287217259407043 -0.44101157784461975 0.36585676670074463 -0.42209896445274353 0.8294464349746704,126.11859893798827 118.57335662841797 929.42578125,0.69
51,672,4,0.96142578125,-0.26040658354759216 -0.9036402702331543 -0.3400331735610962 0.8964051008224487 -0.09544844925403595 -0.43283647298812866 0.3586727976799011 -0.4175209403038025 0.8348832726478577,129.2969512939453 118.64825439453125 926.9344482421875,0.69
51,675,4,0.9614443778991699,-0.26400110125541687 -0.9051476120948792 -0.3331835865974426 0.8964364528656006 -0.10277663916349411 -0.4310901463031769 0.35595670342445374 -0.41248613595962524 0.8385403752326965,131.3351287841797 115.22274017333984 923.810302734375,0.69
51,681,4,0.96240234375,-0.25878670811653137 -0.9081431031227112 -0.32909804582595825 0.8979934453964233 -0.10067107528448105 -0.42833757400512695 0.3558611273765564 -0.4063759446144104 0.8415589332580566,131.4810791015625 114.54641723632812 921.3816528320312,0.69
51,685,4,0.96337890625,-0.26729846000671387 -0.9073681235313416 -0.3243989646434784 0.8968083262443542 -0.11108233034610748 -0.4282471239566803 0.35254278779029846 -0.4053935110569 0.8434274196624756,128.76351928710938 115.36180877685547 917.047607421875,0.69
51,694,4,0.9624204635620117,-0.26248422265052795 -0.9076594114303589 -0.32750025391578674 0.8982009291648865 -0.1058010458946228 -0.42666304111480713 0.3526148200035095 -0.4061533212661743 0.8430315852165222,125.16706848144533 114.39480590820312 915.6680908203125,0.69
51,698,4,0.96337890625,-0.26902252435684204 -0.9048683643341064 -0.32990938425064087 0.8963298201560974 -0.10986914485692978 -0.4295598268508911 0.3524481952190399 -0.4112688899040222 0.8406177759170532,124.7533187866211 109.51811218261719 912.7786865234375,0.69
51,780,4,0.9599802494049072,-0.2635437548160553 -0.9211928844451904 -0.2862662374973297 0.8967843055725098 -0.12462811917066574 -0.42455360293388367 0.35541895031929016 -0.3686075508594513 0.8589562177658081,114.91535949707031 109.78986358642578 883.2322387695312,0.69
51,946,4,0.9599990844726562,-0.28022927045822144 -0.936670184135437 -0.21004809439182281 0.9060884118080139 -0.18584579229354858 -0.3800855576992035 0.3169782757759094 -0.29683324694633484 0.9007855653762817,118.93480682373047 97.31624603271484 816.940185546875,0.69
51,1038,4,0.9633965492248535,-0.26671576499938965 -0.9516972303390503 -0.15210257470607758 0.9122458696365356 -0.198378324508667 -0.35840439796447754 0.3109186291694641 -0.23434706032276154 0.9210923314094543,125.24275207519531 96.14945220947266 788.2998657226562,0.69
51,1045,4,0.9643893241882324,-0.2603718042373657 -0.9534991979598999 -0.15180863440036774 0.9155576825141907 -0.19391243159770966 -0.3523521423339844 0.3065298795700073 -0.23073212802410126 0.9234728813171387,123.77269744873047 94.27409362792969 786.5758666992188,0.69
51,1057,4,0.9614801406860352,-0.2657831013202667 -0.9529840350151062 -0.14553675055503845 0.9133967757225037 -0.20065279304981232 -0.35418209433555603 0.3083275258541107 -0.22706842422485352 0.923782467842102,122.99441528320312 88.93292999267578 783.681396484375,0.69
51,1063,4,0.9619503021240234,-0.25602373480796814 -0.956654965877533 -0.13879111409187317 0.9140844345092773 -0.19287839531898499 -0.3567175567150116 0.3144858479499817 -0.21819494664669037 0.9238449931144714,123.80567932128906 88.45088195800781 781.1435546875,0.69
51,1076,4,0.9633965492248535,-0.234945148229599 -0.9622839689254761 -0.1371496319770813 0.9233679175376892 -0.17687931656837463 -0.34074220061302185 0.30363187193870544 -0.2066953033208847 0.9300992488861084,125.0213851928711 96.03440856933594 776.1920166015625,0.69
51,1080,4,0.9619503021240234,-0.2375827133655548 -0.9617706537246704 -0.1362045258283615 0.9223936796188354 -0.1794145405292511 -0.34205302596092224 0.30453944206237793 -0.20690007507801056 0.9297569990158081,124.14568328857422 92.87137603759766 776.0297241210938,0.69
51,1091,4,0.96044921875,-0.22187559306621552 -0.9642825722694397 -0.14467361569404602 0.9247996211051941 -0.1610788106918335 -0.3446725904941559 0.3090578615665436 -0.2102685272693634 0.9275076985359192,113.3674545288086 85.97061920166016 777.8025512695312,0.69
51,1092,4,0.9619140625,-0.2334790825843811 -0.9614513516426086 -0.14525389671325684 0.9231625199317932 -0.17226286232471466 -0.34365177154541016 0.305382639169693 -0.21432846784591675 0.9277955889701843,113.79656982421875 85.02550506591797 776.7612915039062,0.69
51,1110,4,0.9638671875,-0.2444913387298584 -0.9579567909240723 -0.1501421481370926 0.9221681356430054 -0.18185342848300934 -0.34137243032455444 0.29971617460250854 -0.22191891074180603 0.9278588891029358,104.16128540039062 83.05651092529297 774.7806396484375,0.69
51,1111,4,0.962890625,-0.24358931183815002 -0.9589686393737793 -0.14506284892559052 0.9227790832519531 -0.18310998380184174 -0.33904188871383667 0.29856806993484497 -0.21644794940948486 0.9295199513435364,104.38287353515625 83.09571075439453 774.4981689453125,0.69
51,1149,4,0.9604682922363281,-0.2515453100204468 -0.9578476548194885 -0.13875409960746765 0.918586015701294 -0.1911221444606781 -0.34593644738197327 0.3048354387283325 -0.21447625756263733 0.9279413819313049,96.14864349365234 77.92155456542969 774.4024047851562,0.69
51,1150,4,0.9633965492248535,-0.2518509328365326 -0.9581093192100525 -0.13637258112430573 0.919061541557312 -0.19264911115169525 -0.34381985664367676 0.30314502120018005 -0.2119261622428894 0.9290804266929626,96.43020629882812 78.64635467529297 774.4708251953125,0.69
51,1160,4,0.96044921875,-0.25171980261802673 -0.9587156176567078 -0.13229258358478546 0.9190168380737305 -0.19393642246723175 -0.3432151973247528 0.30338943004608154 -0.2079731523990631 0.9298934936523438,94.068359375 78.17049407958984 773.467529296875,0.69
51,1182,4,0.9599802494049072,-0.2447049766778946 -0.9642053842544556 -0.10211612284183502 0.9224889278411865 -0.1990920901298523 -0.330721378326416 0.2985527515411377 -0.17513014376163483 0.9381874799728394,111.54696655273438 81.63275909423828 764.1029663085938,0.69
51,1220,4,0.9590041637420654,-0.25050753355026245 -0.9634630680084229 -0.09478802233934402 0.9272915720939636 -0.2106591761112213 -0.3094397783279419 0.27816587686538696 -0.16541311144828796 0.9461829662322998,110.52593231201172 93.24595642089844 761.67529296875,0.69
51,1528,4,0.9541237354278564,-0.15007692575454712 -0.9886318445205688 -0.009165835566818714 0.9300572276115417 -0.13802826404571533 -0.34050223231315613 0.33536621928215027 -0.059626273810863495 0.9401990175247192,87.70844268798828 79.23262786865234 755.1627197265625,0.69
51,1536,4,0.9526596069335938,-0.14858968555927277 -0.9888720512390137 -0.007287777028977871 0.9288116097450256 -0.1370275765657425 -0.34428536891937256 0.33945557475090027 -0.05792622268199921 0.9388367533683777,87.87468719482422 80.28532409667969 749.2601318359375,0.69
51,1545,4,0.95166015625,-0.13347846269607544 -0.9910517334938049 -0.00016752038209233433 0.9320544004440308 -0.12547503411769867 -0.3398980498313904 0.33683550357818604 -0.045525215566158295 0.9404622912406921,90.83731842041016 90.45892333984375 746.8435668945312,0.69
51,1566,4,0.9526596069335938,-0.1528571993112564 -0.9881699681282043 0.012434993870556355 0.9241971373558044 -0.1473950445652008 -0.35232698917388916 0.3499917984008789 -0.042363349348306656 0.9357943534851074,94.57884216308594 89.76468658447266 741.167236328125,0.69
51,1571,4,0.9477791786193848,-0.15293842554092407 -0.9880565404891968 0.018821366131305695 0.9240901470184326 -0.1497352421283722 -0.35162028670310974 0.3502389192581177 -0.03638361021876335 0.9359535574913025,96.73657989501953 91.6536865234375 737.6381225585938,0.69
51,1584,4,0.9512412548065186,-0.1579459309577942 -0.9872539639472961 0.019560543820261955 0.9194532632827759 -0.15426470339298248 -0.36167386174201965 0.3600814938545227 -0.039139918982982635 0.932099461555481,97.83902740478516 87.21257019042969 736.654296875,0.69
51,1588,4,0.9537792205810547,-0.16291533410549164 -0.986488401889801 0.017300738021731377 0.9157917499542236 -0.15771830081939697 -0.3693920969963074 0.36712971329689026 -0.04433576762676239 0.9291124939918518,96.71451568603516 81.6254653930664 731.4603271484375,0.69
51,1603,4,0.9478282928466797,-0.17185576260089874 -0.9847408533096313 0.027406448498368263 0.9070010185241699 -0.16902373731136322 -0.38572028279304504 0.38446685671806335 -0.04143056645989418 0.9222086071968079,103.89749145507812 71.94647979736328 723.177734375,0.69
51,1611,4,0.9531476497650146,-0.18981072306632996 -0.9816335439682007 0.019170526415109634 0.9001627564430237 -0.18178710341453552 -0.39580345153808594 0.3920188844203949 -0.05787114053964615 0.9181351661682129,99.46356964111328 69.8930435180664 718.1956176757812,0.69
51,1617,4,0.9550998210906982,-0.1840895265340805 -0.9827519655227661 0.017592307180166245 0.90183424949646 -0.17599600553512573 -0.394614040851593 0.39090394973754883 -0.05677897110581398 0.9186785221099854,98.96107482910156 69.3608169555664 716.3615112304688,0.69
51,1628,4,0.960956335067749,-0.20017483830451965 -0.9793375134468079 0.028777308762073517 0.8996049761772156 -0.19535444676876068 -0.3905734419822693 0.3881250023841858 -0.052294764667749405 0.9201219081878662,108.18981170654297 81.11480712890625 711.532470703125,0.69
51,1629,4,0.958984375,-0.1952792853116989 -0.9804641008377075 0.023584289476275444 0.9023418426513672 -0.18903718888759613 -0.3873552978038788 0.384246289730072 -0.05436137318611145 0.9216287732124329,109.05430603027344 82.18533325195312 711.3894653320312,0.69
51,1645,4,0.9570920467376709,-0.18583990633487701 -0.981887698173523 0.03688045218586922 0.8983144164085388 -0.1849905103445053 -0.39850932359695435 0.3981139659881592 -0.04092870280146599 0.9164224863052368,116.52925872802734 80.85616302490234 706.6880493164062,0.69
51,1650,4,0.955078125,-0.1864711046218872 -0.9816654324531555 0.039515383541584015 0.9001849889755249 -0.18682920932769775 -0.39339759945869446 0.39356744289398193 -0.03778613731265068 0.9185189008712769,119.44782257080078 81.18670654296875 700.656005859375,0.69
51,1673,4,0.9556293487548828,-0.1613079011440277 -0.9852856397628784 0.05649919435381889 0.9005434513092041 -0.17037104070186615 -0.3999941647052765 0.4037342965602875 -0.013642242178320885 0.9147745966911316,142.62698364257812 81.07323455810547 687.0555419921875,0.69
51,1674,4,0.9575600624084473,-0.15112917125225067 -0.9863129258155823 0.06592963635921478 0.90322345495224 -0.16488368809223175 -0.3962332010269165 0.4016806483268738 -0.0003331981715746224 0.9157797694206238,143.8584747314453 81.5378189086914 688.340576171875,0.69
51,1687,4,0.9595112800598145,-0.15826264023780823 -0.9857595562934875 0.056841738522052765 0.8972562551498413 -0.16760648787021637 -0.4084596037864685 0.4121699929237366 -0.01364230178296566 0.9110047817230225,143.2448272705078 78.8631820678711 682.9208374023438,0.69
51,1693,4,0.9555878639221191,-0.16415812075138092 -0.9845941662788391 0.060222115367650986 0.8987433910369873 -0.174449622631073 -0.40227824449539185 0.40658652782440186 -0.011913013644516468 0.9135346412658691,143.25633239746094 82.03712463378906 679.2601928710938,0.69
51,1698,4,0.9594922065734863,-0.15803582966327667 -0.9856417775154114 0.05945425480604172 0.9000164866447449 -0.16855232417583466 -0.4019457995891571 0.406195729970932 -0.010012036189436913 0.9137311577796936,143.90415954589844 84.70945739746094 678.7454833984375,0.69
51,1699,4,0.9585161209106445,-0.1668417751789093 -0.9840524792671204 0.06168237328529358 0.8995845913887024 -0.17753298580646515 -0.3990359902381897 0.4036230146884918 -0.011087356135249138 0.9148582220077515,143.8586883544922 85.50885772705078 678.441650390625,0.69
51,1700,4,0.9590041637420654,-0.15930286049842834 -0.9854783415794373 0.0587799996137619 0.8999640941619873 -0.16943874955177307 -0.401690274477005 0.4058166444301605 -0.01109052263200283 0.9138872623443604,144.1710968017578 86.451171875 679.252685546875,0.69
51,1708,4,0.9625482559204102,-0.15967704355716705 -0.9850391149520874 0.06481719762086868 0.8964611887931824 -0.1721852421760559 -0.40830090641975403 0.413352906703949 -0.007090176921337843 0.9105433225631714,147.23995971679688 82.76223754882812 673.7709350585938,0.69
51,1709,4,0.9580280780792236,-0.1563820093870163 -0.9854909181594849 0.06597331166267395 0.8976178169250488 -0.16967163980007172 -0.40680932998657227 0.4121006429195404 -0.004398838616907597 0.9111277461051941,146.81764221191406 82.64093017578125 671.188232421875,0.69
51,1715,4,0.9565639495849609,-0.15808548033237457 -0.9851744771003723 0.06663583964109421 0.8972121477127075 -0.1714954823255539 -0.4069393277168274 0.41233399510383606 -0.004544697701931 0.9110214114189148,145.407470703125 84.58648681640625 669.8134765625,0.69
51,1717,4,0.9604682922363281,-0.15857084095478058 -0.9853916764259338 0.06211782246828079 0.8976129293441772 -0.1700800210237503 -0.40664952993392944 0.4112740755081177 -0.008724996820092201 0.9114699959754944,144.19944763183594 85.80734252929688 670.2564697265625,0.69
51,1729,4,0.96435546875,-0.16526693105697632 -0.9846755862236023 0.05568524822592735 0.895107626914978 -0.17346109449863434 -0.41072332859039307 0.4140884280204773 -0.01803469844162464 0.9100579619407654,145.52464294433594 95.15351867675781 668.7540283203125,0.69
51,1927,4,0.96728515625,-0.20702055096626282 -0.9708054065704346 -0.12115754187107086 0.8971026539802551 -0.13896216452121735 -0.41939982771873474 0.3903193771839142 -0.19551514089107513 0.8996801972389221,97.13768768310547 78.32463073730469 603.3233032226562,0.69
53,1,4,0.9463405609130859,0.07527493685483932 -0.9922376871109009 0.09898575395345688 -0.6620678901672363 -0.12396179139614105 -0.7391208410263062 0.7456539869308472 -0.009898013435304165 -0.6662598848342896,-28.66779327392578 72.1687240600586 790.142578125,0.69
53,14,4,0.9395949840545654,0.07789305597543716 -0.9888229966163635 0.1271291971206665 -0.6431677341461182 -0.147272989153862 -0.7514292597770691 0.7617532014846802 -0.023234279826283455 -0.6474506258964539,-51.6965446472168 91.33425903320312 784.2276000976562,0.69
53,33,4,0.9434137344360352,0.0644737184047699 -0.9860780835151672 0.1532755196094513 -0.6374920606613159 -0.15886761248111725 -0.753899872303009 0.7677544951438904 -0.0491052083671093 -0.6388596892356873,-74.70447540283203 98.91710662841797 771.5739135742188,0.69
53,43,4,0.9458270072937012,0.06581936776638031 -0.9856365919113159 0.15552599728107452 -0.6290913820266724 -0.16197443008422852 -0.76026850938797 0.7745397686958313 -0.04779968410730362 -0.6307165026664734,-81.68470764160156 97.59564971923828 774.7579345703125,0.69
53,52,4,0.9517288208007812,0.06042876094579697 -0.9818793535232544 0.17961448431015015 -0.6122696399688721 -0.1785769760608673 -0.7702182531356812 0.7883363366127014 -0.06342916935682297 -0.6119661331176758,-96.01515197753906 104.04219818115234 771.1583862304688,0.69
53,61,4,0.9492433071136475,0.05830543115735054 -0.9789670705795288 0.19550953805446625 -0.592351496219635 -0.19156716763973236 -0.7825738191604614 0.803567111492157 -0.07018206268548965 -0.591062068939209,-103.4182357788086 108.9858627319336 777.2236938476562,0.69
53,75,4,0.9487795829772949,0.07329697906970978 -0.9785115122795105 0.19272446632385254 -0.5805153250694275 -0.19899342954158783 -0.789559006690979 0.810943603515625 -0.05400723218917847 -0.582626461982727,-95.19248962402344 113.28897857666016 775.64013671875,0.69
53,84,4,0.94873046875,0.07897432893514633 -0.9785228967666626 0.19040943682193756 -0.5725839138031006 -0.20088163018226624 -0.7948547601699829 0.8160334825515747 -0.046252258121967316 -0.5761510133743286,-98.6599349975586 110.72061157226562 779.1361694335938,0.69
53,93,4,0.9394824504852295,0.09266405552625656 -0.9799034595489502 0.176642507314682 -0.5679804682731628 -0.19773134589195251 -0.7989370822906494 0.817808985710144 -0.02629675529897213 -0.5748886466026306,-90.70931243896484 101.9699478149414 784.7669067382812,0.69
53,103,4,0.9438748359680176,0.09853388369083405 -0.9812101721763611 0.1658845990896225 -0.5650970935821533 -0.1923820674419403 -0.8022807240486145 0.8191192150115967 -0.014689070172607899 -0.5734351873397827,-73.37837219238281 88.07931518554688 784.561279296875,0.69
53,111,4,0.9477791786193848,0.1045021191239357 -0.9802891612052917 0.16766779124736786 -0.5633215308189392 -0.19728334248065948 -0.8023391366004944 0.8196024298667908 -0.010604750365018845 -0.5728344917297363,-83.19332122802734 94.23368072509766 793.5416870117188,0.69
53,118,4,0.9448509216308594,0.105191171169281 -0.9810736179351807 0.16257096827030182 -0.5608058571815491 -0.19352614879608154 -0.8050119876861572 0.8212378025054932 -0.006490583065897226 -0.5705490708351135,-82.97251892089844 89.16539764404297 797.0636596679688,0.69
