scene_id,im_id,obj_id,score,R,t,time
57,1,18,0.9356088638305664,-0.832319974899292 0.47268441319465637 -0.2895045578479767 -0.5439386367797852 -0.797004759311676 0.26251500844955444 -0.10664974898099899 0.37596920132637024 0.9204743504524231,24.638633728027344 16.89379119873047 1037.427734375,0.69
57,24,18,0.9402351379394531,-0.823138415813446 0.44300225377082825 -0.3552354574203491 -0.5529538989067078 -0.7676454186439514 0.32397928833961487 -0.12917131185531616 0.463108628988266 0.876838207244873,13.894211769104004 -13.49941349029541 1009.5397338867188,0.69
57,38,18,0.9302430152893066,-0.8341992497444153 0.4429054260253906 -0.3285519778728485 -0.5393248796463013 -0.7795507907867432 0.31847959756851196 -0.11506661027669907 0.44287171959877014 0.8891705870628357,16.436960220336914 -7.253319263458252 1023.4542846679689,0.69
57,49,18,0.9391350746154785,-0.8033045530319214 0.4550030827522278 -0.3842836618423462 -0.5769698023796082 -0.7545344233512878 0.3127036988735199 -0.147674098610878 0.4729163646697998 0.8686439990997314,-0.38897430896759033 1.7422071695327759 1001.4772338867189,0.69
57,61,18,0.9380478858947754,-0.8123539686203003 0.45688292384147644 -0.3624073266983032 -0.5676624178886414 -0.7618606090545654 0.3119741380214691 -0.1335681825876236 0.45915845036506653 0.8782557845115662,4.41425895690918 7.047759056091309 1012.6370239257811,0.69
57,74,18,0.9522593021392822,-0.7944641709327698 0.4772053360939026 -0.3756353259086609 -0.590789794921875 -0.7505706548690796 0.29599204659461975 -0.140691876411438 0.4570765793323517 0.8782294392585754,2.4993982315063477 23.854257583618164 1012.3331298828124,0.69
57,81,18,0.9518136978149414,-0.7918980717658997 0.46519842743873596 -0.3955856263637543 -0.5891566276550293 -0.7524046897888184 0.2945873737335205 -0.16059891879558563 0.46634507179260254 0.869902491569519,-9.94688606262207 3.999519109725952 1006.2456054687501,0.69
57,88,18,0.9414346218109131,-0.8080309629440308 0.4448818862438202 -0.38622036576271057 -0.5671906471252441 -0.7647179365158081 0.3057798445224762 -0.15931370854377747 0.46614012122154236 0.870248556137085,-20.98994255065918 -1.1151368618011475 1001.3049926757814,0.69
57,119,18,0.9468531608581543,-0.7913638949394226 0.45995256304740906 -0.40272414684295654 -0.5858699679374695 -0.7587642669677734 0.28466299176216125 -0.17464123666286469 0.461216002702713 0.8699310421943665,-23.04224395751953 -3.4311089515686035 996.5060424804688,0.69
57,246,18,0.9512412548065186,-0.6935010552406311 0.5299838781356812 -0.48803025484085083 -0.6723626852035522 -0.7194446325302124 0.1741493195295334 -0.25881442427635193 0.4489060640335083 0.855276882648468,-27.47365951538086 -30.86277961730957 949.0604248046875,0.69
57,483,18,0.9566974639892578,-0.648962140083313 0.6228098273277283 -0.43698519468307495 -0.7266422510147095 -0.677593469619751 0.11339372396469116 -0.22547560930252075 0.3911201059818268 0.8922924399375916,-11.233245849609375 53.472442626953125 937.1430053710938,0.69
57,518,18,0.9600353240966797,-0.639752984046936 0.6229699850082397 -0.4501381814479828 -0.7328193783760071 -0.670993447303772 0.11288665235042572 -0.23171477019786835 0.40208956599235535 0.8857946395874023,-26.952842712402344 61.023475646972656 924.5584106445312,0.69
57,526,18,0.960956335067749,-0.6496621370315552 0.6280087232589722 -0.42842042446136475 -0.7231231927871704 -0.6843838095664978 0.09333537518978119 -0.2345885932445526 0.3704372048377991 0.8987460136413574,-34.612770080566406 63.56197738647461 925.8534545898438,0.69
57,528,18,0.9643726348876953,-0.6398019194602966 0.621748149394989 -0.45175522565841675 -0.7318043112754822 -0.6724182963371277 0.11097822338342667 -0.23476797342300415 0.40160050988197327 0.8852124214172363,-36.23072814941406 64.68977355957031 922.3566284179688,0.69
57,537,18,0.9604682922363281,-0.6478230953216553 0.6212583184242249 -0.44086673855781555 -0.7237756848335266 -0.6824852824211121 0.10179712623357773 -0.23764272034168243 0.38503512740135193 0.8917812705039978,-38.92958450317383 60.634376525878906 919.6702880859375,0.69
57,541,18,0.9633965492248535,-0.6441090703010559 0.6147446632385254 -0.4552060067653656 -0.7271555662155151 -0.6767826676368713 0.1149347797036171 -0.2374199777841568 0.4050361216068268 0.8829368948936462,-34.829795837402344 56.861209869384766 916.0921020507812,0.69
57,553,18,0.9590041637420654,-0.6436836123466492 0.6226310133934021 -0.44497421383857727 -0.7247756719589233 -0.6826468110084534 0.09323935955762863 -0.2457064986228943 0.3825231194496155 0.8906763792037964,-32.35722351074219 45.82769012451172 915.0142822265625,0.69
57,554,18,0.95947265625,-0.6594089269638062 0.6283648014068604 -0.4127196967601776 -0.7112821340560913 -0.6992237567901611 0.07186046987771988 -0.2434287965297699 0.3409455716609955 0.9080190062522888,-32.86436462402344 46.08415603637695 922.7003173828125,0.69
57,565,18,0.9615139961242676,-0.6414858102798462 0.6384283304214478 -0.42532962560653687 -0.723936140537262 -0.6872260570526123 0.060306616127491 -0.25379613041877747 0.3465973436832428 0.9030270576477051,-35.744598388671875 45.63243865966797 908.790771484375,0.69
57,574,18,0.9619324207305908,-0.6385039687156677 0.6346672773361206 -0.43532779812812805 -0.7266035676002502 -0.6835688948631287 0.0691443532705307 -0.2536928653717041 0.36045965552330017 0.8976128101348877,-31.102924346923828 40.53036117553711 900.5604248046875,0.69
57,575,18,0.9609375,-0.6451151371002197 0.642763614654541 -0.41313591599464417 -0.7207506895065308 -0.6914063096046448 0.04975678771734238 -0.25366294384002686 0.32986685633659363 0.9093089699745178,-30.792287826538086 39.892311096191406 901.286865234375,0.69
57,584,18,0.96044921875,-0.6300574541091919 0.6472725868225098 -0.4290289282798767 -0.7311487197875977 -0.6806027293205261 0.0469205416738987 -0.26162782311439514 0.34324657917022705 0.9020713567733765,-33.205482482910156 41.58206558227539 886.1953125,0.69
57,592,18,0.9654250144958496,-0.6419534683227539 0.6513428688049316 -0.4045344293117523 -0.7245430946350098 -0.6879414916038513 0.042115338146686554 -0.25086450576782227 0.32013869285583496 0.9135525226593018,-35.064361572265625 53.612308502197266 888.1595458984375,0.69
57,597,18,0.9649789333343506,-0.6344866156578064 0.6427230834960938 -0.4293408989906311 -0.7310264110565186 -0.6794119477272034 0.06324273347854614 -0.25105178356170654 0.3539862334728241 0.9009254574775696,-34.28109359741211 53.621002197265625 876.8477783203125,0.69
57,606,18,0.96142578125,-0.6460565328598022 0.64017653465271 -0.4156740605831146 -0.7217965126037598 -0.6895045638084412 0.059942759573459625 -0.24823525547981262 0.33875852823257446 0.9075361490249634,-33.22743225097656 49.9110107421875 877.4458618164062,0.69
57,610,18,0.9604682922363281,-0.6411265730857849 0.659493088722229 -0.39246097207069397 -0.7241673469543457 -0.6891741156578064 0.02491307258605957 -0.25404393672943115 0.3001798391342163 0.9194312691688538,-29.752233505249023 46.22446060180664 877.9644775390625,0.69
57,613,18,0.962890625,-0.6293798685073853 0.6482085585594177 -0.4286101162433624 -0.7340904474258423 -0.6768792271614075 0.054274946451187134 -0.25493577122688293 0.34879812598228455 0.901857852935791,-29.363740921020508 46.976417541503906 863.4847412109375,0.69
57,621,18,0.962890625,-0.6274835467338562 0.6575305461883545 -0.4170345067977905 -0.736762285232544 -0.674664318561554 0.04482542350888252 -0.25188422203063965 0.33538252115249634 0.9077845811843872,-25.191585540771484 48.15245056152344 855.367431640625,0.69
57,790,18,0.9633965492248535,-0.598066508769989 0.7273632884025574 -0.33653977513313293 -0.763234555721283 -0.6450188755989075 -0.03773112967610359 -0.24451875686645508 0.23429304361343384 0.9409130215644836,9.408371925354004 49.751068115234375 780.9445190429688,0.69
57,844,18,0.9575400352478027,-0.5660006999969482 0.7533326148986816 -0.33486291766166687 -0.7763196229934692 -0.6237326264381409 -0.09102426469326019 -0.2774364650249481 0.2084408551454544 0.9378600716590881,-36.38854217529297 61.4803352355957 779.8422241210938,0.69
57,978,18,0.9560546875,-0.5396993160247803 0.8267449736595154 -0.1588001698255539 -0.7891992330551147 -0.5625245571136475 -0.24643594026565552 -0.29306867718696594 -0.007676331326365471 0.9560605883598328,12.22336483001709 31.219593048095703 796.9985961914062,0.69
57,1026,18,0.95849609375,-0.5675960779190063 0.811663031578064 -0.13797809183597565 -0.7754868268966675 -0.5833514332771301 -0.24149811267852783 -0.276504784822464 -0.03007318452000618 0.9605419039726257,-10.749632835388184 46.36673355102539 793.4853515625,0.69
57,1028,18,0.95458984375,-0.5672087073326111 0.8125626444816589 -0.1342248171567917 -0.77559494972229 -0.5818380117416382 -0.2447798103094101 -0.27699601650238037 -0.034737154841423035 0.9602430462837219,-11.139656066894531 45.47403335571289 794.0065307617188,0.69
57,1035,18,0.95703125,-0.5489473938941956 0.816146969795227 -0.18044652044773102 -0.781558632850647 -0.577723503112793 -0.23537565767765045 -0.29634931683540344 0.011820691637694836 0.95500648021698,-20.887298583984375 43.14409637451172 789.8394165039062,0.69
57,1040,18,0.951195478439331,-0.5526634454727173 0.8054746389389038 -0.2139478325843811 -0.7778140306472778 -0.5907010436058044 -0.214656800031662 -0.2992798388004303 0.0477786585688591 0.9529683589935303,-25.922300338745117 41.06040954589844 787.1954345703125,0.69
57,1046,18,0.95607590675354,-0.5615174174308777 0.8029382824897766 -0.19997093081474304 -0.7728838920593262 -0.5952497720718384 -0.2198372334241867 -0.29554837942123413 0.031111862510442734 0.9548210501670837,-22.79135513305664 38.890052795410156 788.5045776367188,0.69
57,1054,18,0.9585161209106445,-0.5580456852912903 0.8085716962814331 -0.1865384578704834 -0.7752413749694824 -0.5881775617599487 -0.23032093048095703 -0.2959487736225128 0.01608273759484291 0.9550683498382568,-19.096559524536133 37.8585090637207 777.7272338867188,0.69
57,1057,18,0.95556640625,-0.5647522807121277 0.8032076358795166 -0.18950563669204712 -0.7713860869407654 -0.5953865647315979 -0.22467397153377533 -0.2932889461517334 0.01929686963558197 0.9558290839195251,-19.124828338623047 37.008583068847656 776.5732421875,0.69
57,1066,18,0.95458984375,-0.5642260909080505 0.8147363066673279 -0.13361746072769165 -0.7755116820335388 -0.578518271446228 -0.2527810335159302 -0.28325003385543823 -0.039003755897283554 0.9582526087760925,-1.360196828842163 36.017578125 780.384765625,0.69
57,1071,18,0.9532928466796875,-0.5532707571983337 0.8233705759048462 -0.12630245089530945 -0.783247172832489 -0.565826416015625 -0.25761252641677856 -0.2835758328437805 -0.04360343888401985 0.9579579830169678,1.4909343719482422 39.33726119995117 782.5431518554688,0.69
57,1073,18,0.9565844535827637,-0.5426201224327087 0.8268231153488159 -0.14807692170143127 -0.7894061207771301 -0.5622091293334961 -0.24649280309677124 -0.28705617785453796 -0.01685912162065506 0.9577653408050537,0.24814271926879883 42.963104248046875 790.496826171875,0.69
57,1076,18,0.9521715641021729,-0.541799008846283 0.8328142166137695 -0.11346495896577835 -0.7923091053962708 -0.5511118173599243 -0.26176729798316956 -0.28053539991378784 -0.05192595720291138 0.9584380984306335,0.38168972730636597 47.44729232788086 792.6343994140625,0.69
57,1078,18,0.9521715641021729,-0.5382216572761536 0.8298449516296387 -0.14722304046154022 -0.7934083938598633 -0.5578103065490723 -0.24361982941627502 -0.28428924083709717 -0.01431345660239458 0.958631694316864,-3.2860267162323 49.3238410949707 799.547119140625,0.69
57,1081,18,0.9575986862182617,-0.5463219285011292 0.8285700082778931 -0.12249132245779037 -0.789093017578125 -0.558198869228363 -0.2564102113246918 -0.2808283269405365 -0.043425463140010834 0.9587750434875488,-8.684791564941406 50.13619613647461 795.2907104492188,0.69
57,1082,18,0.9546117782592773,-0.5422767996788025 0.828089714050293 -0.14213845133781433 -0.7899739742279053 -0.5601252913475037 -0.24940082430839539 -0.28614160418510437 -0.022958608344197273 0.957912266254425,-11.264354705810547 49.72050094604492 797.1600952148438,0.69
57,1083,18,0.9537205696105957,-0.5370968580245972 0.8315792679786682 -0.14143285155296326 -0.7928258776664734 -0.5549216270446777 -0.25197097659111023 -0.2880179286003113 -0.023201188072562218 0.9573439359664917,-14.09589672088623 50.60886001586914 799.6642456054688,0.69
57,1086,18,0.9556493759155273,-0.5376045107841492 0.8337740302085876 -0.1257077008485794 -0.7921642065048218 -0.5505008101463318 -0.2634860575199127 -0.28889000415802 -0.04207014665007591 0.9564375281333923,-19.541263580322266 50.50646209716797 796.9924926757812,0.69
57,1087,18,0.9600696563720703,-0.5432972311973572 0.8326119184494019 -0.10763570666313171 -0.7896308302879333 -0.5503278374671936 -0.2713344097137451 -0.2851511836051941 -0.06242276355624199 0.9564477205276489,-20.417932510375977 50.083065032958984 795.0507202148438,0.69
57,1092,18,0.9463150501251221,-0.5199072957038879 0.8420392274856567 -0.1437576860189438 -0.8003705143928528 -0.5389913320541382 -0.26247933506965637 -0.29850202798843384 -0.021405501291155815 0.9541689157485962,-22.661951065063477 51.19010925292969 806.7261352539062,0.69
57,1093,18,0.9519767761230469,-0.5232158899307251 0.8389242887496948 -0.14983715116977692 -0.7987077236175537 -0.5440462827682495 -0.25705957412719727 -0.29717183113098145 -0.01482156291604042 0.954708993434906,-22.497018814086914 51.498931884765625 806.8224487304688,0.69
57,1099,18,0.9531915187835693,-0.5358972549438477 0.8386138677597046 -0.09767813980579376 -0.7957349419593811 -0.5403565764427185 -0.2735336124897003 -0.28217005729675293 -0.0688600018620491 0.9568900465965271,-17.228656768798828 55.26113510131836 808.9132690429688,0.69
57,1101,18,0.9565844535827637,-0.5332044959068298 0.8401257395744324 -0.09940659999847412 -0.7975348830223083 -0.5383793711662292 -0.27218693494796753 -0.2821897268295288 -0.06585106253623962 0.9570959210395813,-14.416816711425781 56.586219787597656 811.994140625,0.69
57,1108,18,0.9463150501251221,-0.5165936350822449 0.8509258031845093 -0.0951646938920021 -0.8083764910697937 -0.5213359594345093 -0.27337926626205444 -0.282238245010376 -0.06429708003997803 0.957187294960022,-12.153759002685547 60.764793395996094 812.0977783203125,0.69
57,1116,18,0.9501953125,-0.5062741041183472 0.8573307991027832 -0.09311472624540329 -0.8135504126548767 -0.5106346011161804 -0.2781870663166046 -0.28604599833488464 -0.06508538126945496 0.9560028910636902,-11.949063301086426 60.496097564697266 811.1578979492188,0.69
57,1118,18,0.9501953125,-0.5168641805648804 0.8549120426177979 -0.044461823999881744 -0.8098637461662292 -0.5051400661468506 -0.2982519567012787 -0.2774386703968048 -0.11814773827791214 0.9534510374069214,-9.897452354431152 58.8375244140625 805.3828735351562,0.69
57,1159,18,0.9488496780395508,-0.49206262826919556 0.8698780536651611 0.03444668650627136 -0.8282102346420288 -0.4555679261684418 -0.32638269662857056 -0.26822030544281006 -0.1891298145055771 0.9446098804473877,-7.244651794433594 66.35572052001953 820.6239013671875,0.69
57,1290,18,0.9548048973083496,-0.4761991798877716 0.8644101619720459 0.16133634746074677 -0.8320662379264832 -0.3836039900779724 -0.40064167976379395 -0.28442949056625366 -0.3250277638435364 0.9019184112548828,-33.579734802246094 38.41748046875 826.2241821289062,0.69
57,1440,18,0.9477791786193848,-0.4663892686367035 0.8600971698760986 0.20667356252670288 -0.8296976089477539 -0.3443305492401123 -0.4393613040447235 -0.30672934651374817 -0.3763899505138397 0.8742126226425171,-59.958168029785156 15.046436309814453 854.543701171875,0.69
57,1527,18,0.9443359375,-0.45134127140045166 0.7754272818565369 0.44159215688705444 -0.8630618453025818 -0.2535826563835144 -0.4368295967578888 -0.226749449968338 -0.578280508518219 0.7836939692497253,-12.04197883605957 35.77232360839844 853.0737915039062,0.69
57,1538,18,0.94091796875,-0.4646843671798706 0.7675390243530273 0.441534161567688 -0.8545817732810974 -0.25817185640335083 -0.4505966603755951 -0.23185880482196808 -0.5867122411727905 0.7758932113647461,-16.794281005859375 27.67739486694336 851.268798828125,0.69
57,1539,18,0.94384765625,-0.4587358236312866 0.7852505445480347 0.4158640503883362 -0.8554763197898865 -0.2637530267238617 -0.445639431476593 -0.24025321006774902 -0.5601926445960999 0.7927563190460205,-17.419523239135742 28.589252471923828 869.8247680664062,0.69
57,1549,18,0.9425175189971924,-0.4644138216972351 0.7741274833679199 0.4301703870296478 -0.8533644080162048 -0.2612709403038025 -0.4511171877384186 -0.2368311583995819 -0.5765971541404724 0.7819505929946899,-14.270780563354492 25.832983016967773 868.4174194335938,0.69
57,1560,18,0.9404585361480713,-0.4542914628982544 0.7627599835395813 0.4602351188659668 -0.8592261075973511 -0.23872601985931396 -0.45248255133628845 -0.23526553809642792 -0.6010050177574158 0.7638344764709473,-8.479257583618164 20.78989028930664 868.0419311523438,0.69
57,1563,18,0.9372954368591309,-0.45102745294570923 0.7597953677177429 0.4682788550853729 -0.8616635203361511 -0.23394323885440826 -0.4503403902053833 -0.23261591792106628 -0.6066147089004517 0.7602028250694275,-4.151941299438477 22.254657745361328 875.1409912109375,0.69
57,1566,18,0.931640625,-0.4519181251525879 0.7480631470680237 0.48597487807273865 -0.8633697628974915 -0.22973082959651947 -0.4492398202419281 -0.2244163155555725 -0.6225956082344055 0.7496745586395264,-1.0128904581069946 24.71297836303711 869.4968872070312,0.69
57,1570,18,0.94580078125,-0.4500720798969269 0.7530991435050964 0.4798717498779297 -0.864414393901825 -0.23255912959575653 -0.4457623064517975 -0.2241046130657196 -0.6154332160949707 0.7556580901145935,3.6206326484680176 26.412771224975586 882.0369873046875,0.69
57,1585,18,0.9209368228912354,-0.4359253942966461 0.7580816149711609 0.4850579500198364 -0.8706567883491516 -0.2187640219926834 -0.4405667185783386 -0.2278723269701004 -0.6143732070922852 0.7553937435150146,9.328859329223633 24.627838134765625 891.177001953125,0.69
57,1589,18,0.93896484375,-0.4455884099006653 0.759355366230011 0.47416284680366516 -0.8653095960617065 -0.229514941573143 -0.44560325145721436 -0.2295437604188919 -0.6088533401489258 0.7593466639518738,4.1540374755859375 24.5075626373291 890.3902587890625,0.69
57,1593,18,0.9248411655426025,-0.44549107551574707 0.7665228843688965 0.4625803232192993 -0.8643420338630676 -0.23356741666793823 -0.4453754127025604 -0.23334673047065735 -0.5982384085655212 0.7665899991989136,-3.9589047431945796 24.952665328979492 903.5059204101562,0.69
57,1602,18,0.934145450592041,-0.44519978761672974 0.7529950141906738 0.48455724120140076 -0.8642109036445618 -0.21968010067939758 -0.4526368975639343 -0.23438574373722076 -0.6202734708786011 0.7485480308532715,-6.856032371520996 18.354860305786133 891.4920043945312,0.69
57,1612,18,0.9385063648223877,-0.42308661341667175 0.7538776993751526 0.5026590824127197 -0.8718598484992981 -0.1876756250858307 -0.45236971974372864 -0.24669459462165833 -0.6296398043632507 0.7366786599159241,13.130658149719238 3.0709853172302246 898.9378051757812,0.69
57,1621,18,0.9214248657226562,-0.4105760157108307 0.7482860684394836 0.5210521221160889 -0.8783799409866333 -0.17122845351696014 -0.4462392032146454 -0.24469564855098724 -0.6408968567848206 0.7275818586349487,50.082122802734375 -2.991880416870117 910.591064453125,0.69
57,1628,18,0.9297552108764648,-0.41236254572868347 0.7216077446937561 0.5560929179191589 -0.8803883790969849 -0.15869107842445374 -0.4469154179096222 -0.23425062000751495 -0.6738689541816711 0.7007333636283875,74.12968444824219 -6.7266669273376465 906.7396850585938,0.69
57,1712,18,0.9219088554382324,-0.4473976194858551 0.6938026547431946 0.5643342733383179 -0.8558993935585022 -0.14916308224201202 -0.4951632022857666 -0.2593677043914795 -0.704548180103302 0.6605604887008667,64.86553955078125 -45.155052185058594 881.0194091796875,0.69
57,1827,18,0.908247709274292,-0.49003854393959045 0.6364117860794067 0.5956863164901733 -0.8454222083091736 -0.18045537173748016 -0.5026898980140686 -0.21242299675941467 -0.7499438524246216 0.6264667510986328,27.280315399169922 -18.388547897338867 864.6328125,0.69
59,1,18,0.9278039932250977,-0.5744764804840088 -0.2750064730644226 0.770939826965332 0.7817469239234924 -0.46348515152931213 0.41719695925712585 0.24258734285831451 0.842349648475647 0.4812467694282532,27.268579483032227 130.50076293945312 831.5424194335938,0.69
59,29,18,0.9292335510253906,-0.5785495042800903 -0.27025729417800903 0.7695723176002502 0.7781056761741638 -0.4658251404762268 0.4213770031929016 0.2446059137582779 0.8425961136817932 0.4797916114330292,24.448091506958008 125.42446136474608 826.9608154296875,0.69
59,37,18,0.9420561790466309,-0.591041088104248 -0.2720063328742981 0.7593964338302612 0.7719451189041138 -0.46387025713920593 0.4346551299095154 0.2340325117111206 0.8431113958358765 0.4841403067111969,9.479375839233398 129.2628936767578 825.6862182617188,0.69
59,55,18,0.9268283843994141,-0.6115399599075317 -0.23055444657802582 0.7568774819374084 0.7528607845306396 -0.4637797176837921 0.4670213758945465 0.24335059523582458 0.8554256558418274 0.4571952521800995,27.081504821777344 137.56661987304688 811.6217651367188,0.69
59,61,18,0.922511100769043,-0.6197211146354675 -0.24139045178890228 0.746777355670929 0.7463139891624451 -0.47565311193466187 0.4655851721763611 0.2428191602230072 0.845863401889801 0.47492533922195435,15.06363296508789 129.3861083984375 807.7891845703125,0.69
59,68,18,0.9277694225311279,-0.6303327679634094 -0.23953482508659363 0.738446831703186 0.7369844317436218 -0.48359546065330505 0.47221750020980835 0.2439969927072525 0.8418779969215393 0.48135948181152344,7.496373176574707 121.84883117675781 801.67333984375,0.69
59,80,18,0.9155683517456055,-0.6418055891990662 -0.2178252935409546 0.7352806925773621 0.7247138619422913 -0.48579224944114685 0.4886672794818878 0.2507495582103729 0.8464975357055664 0.4696452021598816,12.299890518188477 122.31640625 801.55029296875,0.69
59,88,18,0.9064292907714844,-0.6152662634849548 -0.2109621912240982 0.7595672607421875 0.7422255873680115 -0.4796670377254486 0.4679964780807495 0.2656098008155823 0.8517126441001892 0.4517044723033905,16.15113067626953 110.50416564941406 805.6592407226562,0.69
59,99,18,0.9156489372253418,-0.6462714672088623 -0.157374307513237 0.7467038035392761 0.701067328453064 -0.5089089870452881 0.499516099691391 0.3013932406902313 0.8463125824928284 0.4392232596874237,31.432498931884766 93.08953857421875 797.8165283203125,0.69
59,114,18,0.9145922660827637,-0.6560002565383911 -0.15809665620326996 0.7380170822143555 0.6974819898605347 -0.5006310939788818 0.5127255916595459 0.2884140610694885 0.8511016964912415 0.4386836290359497,24.517086029052734 104.32618713378906 806.6051635742188,0.69
59,120,18,0.9121520519256592,-0.6534290909767151 -0.14948633313179016 0.7420810461044312 0.7013663649559021 -0.4883847236633301 0.5191971063613892 0.2848081588745117 0.8597291707992554 0.42396944761276245,22.617773056030273 110.62979888916016 809.706787109375,0.69
59,126,18,0.9175992012023926,-0.6537831425666809 -0.1513463407754898 0.7413917779922485 0.7011663913726807 -0.48954156041145325 0.5183770060539246 0.28448766469955444 0.8587452173233032 0.42617300152778625,18.197309494018555 108.96051025390625 820.524658203125,0.69
59,127,18,0.9131698608398438,-0.6537492871284485 -0.14939779043197632 0.7418168783187866 0.7007626891136169 -0.48946699500083923 0.518993079662323 0.28555840253829956 0.8591289520263672 0.42468106746673584,16.988683700561523 107.1493148803711 820.63330078125,0.69
59,132,18,0.903367280960083,-0.6591099500656128 -0.1473562866449356 0.7374687194824219 0.6950951814651489 -0.49370241165161133 0.5225902795791626 0.28708314895629883 0.8570554256439209 0.4278308153152466,10.402698516845703 102.43128204345703 820.7508544921875,0.69
59,164,18,0.9023537635803223,-0.597599983215332 -0.07940736413002014 0.797852635383606 0.7287010550498962 -0.4688878059387207 0.4991381764411926 0.3344680666923523 0.8796810507774353 0.3380715847015381,-1.0789806842803955 83.94523620605469 869.3168334960938,0.69
59,242,18,0.8990716934204102,-0.7550005316734314 0.11949976533651352 0.6447433233261108 0.5464037656784058 -0.4289357364177704 0.7193448543548584 0.36251503229141235 0.8953959345817566 0.25855159759521484,71.40144348144531 142.92543029785156 841.5740966796875,0.69
59,274,18,0.9243531227111816,-0.810926079750061 0.2715042531490326 -0.5183476805686951 -0.5840028524398804 -0.4309347867965698 0.687921404838562 -0.03660047799348831 0.860569953918457 0.508015513420105,63.922889709472656 150.52845764160156 893.4165649414062,0.69
59,320,18,0.9336259365081787,-0.36150145530700684 0.404706746339798 -0.8399577736854553 -0.9036191701889038 -0.3740741014480591 0.20866446197032928 -0.22975853085517883 0.834434449672699 0.5009291172027588,37.55208969116211 143.59556579589844 874.1392822265625,0.69
59,422,18,0.9526596069335938,-0.391806423664093 0.5243096947669983 -0.7560338377952576 -0.8985319137573242 -0.39472928643226624 0.19190962612628937 -0.1978086233139038 0.7545119524002075 0.625766396522522,63.70873641967774 133.83441162109375 785.1478881835938,0.69
59,455,18,0.9560546875,-0.3424656093120575 0.6011911630630493 -0.7220017910003662 -0.9174554944038391 -0.37959352135658264 0.11909764260053635 -0.20246674120426178 0.703191339969635 0.6815637946128845,17.978504180908203 133.29803466796875 764.8538818359375,0.69
59,492,18,0.95166015625,-0.2246919423341751 0.6728349328041077 -0.704845130443573 -0.9543660283088684 -0.29798343777656555 0.01978406123816967 -0.19672077894210815 0.6771255731582642 0.70908522605896,0.4912415742874145 129.348388671875 744.6953735351562,0.69
59,510,18,0.960486888885498,-0.21594662964344025 0.7059442400932312 -0.674544095993042 -0.957896888256073 -0.2870444059371948 0.006251949351280928 -0.18921059370040894 0.6474937796592712 0.7382080554962158,-26.5367431640625 134.35671997070312 740.727294921875,0.69
59,514,18,0.9527039527893066,-0.20381580293178558 0.6970229744911194 -0.6874721646308899 -0.9597712159156799 -0.28078317642211914 -0.0001393893762724474 -0.1931277960538864 0.6597875952720642 0.7262106537818909,-26.277923583984375 129.22775268554688 725.844482421875,0.69
59,515,18,0.951195478439331,-0.20214952528476715 0.6927662491798401 -0.6922503709793091 -0.9598894715309143 -0.28037843108177185 -0.00028238093364052474 -0.19428762793540955 0.6644267439842224 0.7216575145721436,-24.86337661743164 127.81199645996094 723.96923828125,0.69
59,523,18,0.9595828056335449,-0.1909330040216446 0.7072877287864685 -0.6806531548500061 -0.9632084965705872 -0.2686071991920471 -0.00892422255128622 -0.18914033472537994 0.6539069414138794 0.7325515151023865,-26.961101531982422 129.0717315673828 719.432373046875,0.69
59,525,18,0.9575796127319336,-0.1883476972579956 0.7112566232681274 -0.677229106426239 -0.9644389152526855 -0.26414620876312256 -0.009193172678351402 -0.18542622029781342 0.6514145731925964 0.7357147932052612,-26.154340744018555 131.5284423828125 721.3826904296875,0.69
59,530,18,0.9487795829772949,-0.18158280849456787 0.7117980122566223 -0.6785066723823547 -0.9658344984054565 -0.2588307559490204 -0.013052555732429028 -0.1849091798067093 0.6529550552368164 0.7344782948493958,-33.960933685302734 132.69625854492188 721.5758666992188,0.69
59,535,18,0.9570722579956055,-0.18346001207828522 0.7068393230438232 -0.683169424533844 -0.9651069641113281 -0.2616035044193268 -0.011495138518512249 -0.18684475123882294 0.6572226881980896 0.7301693558692932,-36.15715408325195 131.9219970703125 717.6765747070312,0.69
59,545,18,0.9510078430175781,-0.19016194343566895 0.7319965362548828 -0.6542319655418396 -0.9646888971328735 -0.2630257308483124 -0.013889330439269543 -0.18224680423736572 0.628489077091217 0.7561663389205933,-19.626693725585938 133.55516052246094 737.0675048828125,0.69
59,561,18,0.9444153308868408,-0.21095527708530426 0.7516358494758606 -0.6249331831932068 -0.9564469456672668 -0.2906780540943146 -0.026749208569526672 -0.20176002383232117 0.5920725464820862 0.7802198529243469,-23.141801834106445 120.69928741455078 745.692626953125,0.69
59,567,18,0.9404585361480713,-0.20602919161319733 0.7384597659111023 -0.6420506238937378 -0.95716792345047 -0.28848162293434143 -0.024651559069752693 -0.20342400670051575 0.609471321105957 0.7662657499313354,-16.03699493408203 117.19747924804688 741.1200561523438,0.69
59,615,18,0.9463405609130859,-0.21200214326381683 0.775424599647522 -0.5947871804237366 -0.9552150964736938 -0.29298824071884155 -0.04149826616048813 -0.20644444227218628 0.5593519806861877 0.802811324596405,-7.210115909576416 110.22378540039062 749.9170532226562,0.69
59,629,18,0.9443628787994385,-0.20461224019527435 0.7584173679351807 -0.618818998336792 -0.9559155702590942 -0.29085057973861694 -0.0403900183737278 -0.2106163650751114 0.5832744240760803 0.7844945192337036,-19.617572784423828 109.12163543701172 739.966796875,0.69
59,636,18,0.9502429962158203,-0.2146081179380417 0.7672479748725891 -0.604378879070282 -0.9538859128952026 -0.2976120114326477 -0.03909892961382866 -0.20986901223659515 0.5681175589561462 0.7957370281219482,-27.525543212890625 112.78811645507812 751.9706420898438,0.69
59,637,18,0.9502661228179932,-0.20427289605140686 0.7583367824554443 -0.6190298795700073 -0.9559952616691589 -0.2905738055706024 -0.040497031062841415 -0.21058426797389984 0.5835171341896057 0.7843226790428162,-28.0430965423584 111.40130615234375 742.963623046875,0.69
59,648,18,0.9472911357879639,-0.2076326161623001 0.7666469216346741 -0.6075698733329773 -0.9549261927604675 -0.293552964925766 -0.04407333955168724 -0.21214261651039124 0.5710332989692688 0.7930424809455872,-35.2164192199707 111.3950424194336 742.9655151367188,0.69
59,710,18,0.9360661506652832,-0.17350488901138306 0.8369185328483582 -0.5190986394882202 -0.9635190367698669 -0.2533210217952728 -0.08636853098869324 -0.20378203690052032 0.48517605662345886 0.850339412689209,-56.657386779785156 118.01007080078125 759.4259033203125,0.69
59,801,18,0.9332928657531738,-0.1410256028175354 0.9265947937965393 -0.3486170768737793 -0.9663549661636353 -0.20535019040107727 -0.1548852175474167 -0.21510444581508636 0.3150450885295868 0.9243790507316589,-86.24169921875 116.31611633300781 774.62890625,0.69
59,908,18,0.9248411655426025,-0.09786058962345123 0.965226411819458 -0.242406964302063 -0.9651412963867188 -0.15145878493785858 -0.2134539932012558 -0.24274618923664093 0.21306821703910828 0.9464016556739807,-112.68115234375 90.83213806152344 752.4734497070312,0.69
59,1026,18,0.9175205230712891,-0.10902348905801773 0.9844425916671753 -0.1377914845943451 -0.9625621438026428 -0.1391589641571045 -0.23261338472366333 -0.24816946685314178 0.10727253556251526 0.9627587795257568,-119.98616790771484 98.0445785522461 785.0986938476562,0.69
59,1027,18,0.9228515625,-0.1067003384232521 0.9824891686439514 -0.15274213254451752 -0.9628599882125854 -0.1404208093881607 -0.23061367869377136 -0.2480236291885376 0.12246273458003998 0.9609824419021606,-123.14290618896484 98.11009979248047 782.9034423828125,0.69
59,1032,18,0.9203898906707764,-0.10529821366071701 0.9802708625793457 -0.16727618873119354 -0.9629799127578735 -0.1424902230501175 -0.2288367599248886 -0.24815724790096283 0.13698750734329224 0.9589850902557373,-133.70217895507812 99.54148864746094 782.7474365234375,0.69
59,1034,18,0.9160563945770264,-0.10014418512582779 0.9775693416595459 -0.18528126180171967 -0.9642292857170105 -0.14128543436527252 -0.22427722811698914 -0.2454240769147873 0.1561935544013977 0.9567499756813049,-132.96566772460938 100.41050720214844 789.9612426757812,0.69
59,1039,18,0.9078478813171387,-0.11002054810523987 0.9852676391601562 -0.13093219697475433 -0.963110089302063 -0.13822966814041138 -0.23089291155338287 -0.24559004604816437 0.10069916397333145 0.9641292095184326,-126.15591430664064 102.0717544555664 792.4071655273438,0.69
59,1044,18,0.922400951385498,-0.12011441588401794 0.9882568717002869 -0.09445082396268845 -0.9605436325073242 -0.13972973823547363 -0.24048210680484772 -0.2508556842803955 0.061838775873184204 0.9660473465919495,-122.3364486694336 100.41267395019531 797.14990234375,0.69
59,1048,18,0.9195113182067871,-0.10077150911092758 0.9830248355865479 -0.1533210128545761 -0.9639483690261841 -0.13461488485336304 -0.22952650487422943 -0.2462695688009262 0.124663807451725 0.9611505270004272,-128.05081176757812 99.97270202636719 799.114990234375,0.69
59,1054,18,0.91845703125,-0.11480438709259033 0.9858134388923645 -0.12244080752134323 -0.9604612588882446 -0.1416235864162445 -0.23970183730125427 -0.253641813993454 0.09008082747459412 0.9630945920944214,-134.91165161132812 100.93608856201172 799.5776977539062,0.69
59,1060,18,0.922400951385498,-0.11085600405931473 0.9880548119544983 -0.10704461485147476 -0.960252583026886 -0.1342502385377884 -0.2447282075881958 -0.2561756670475006 0.07566027343273163 0.9636645913124084,-139.95819091796875 97.03189086914062 793.5671997070312,0.69
59,1063,18,0.9199607372283936,-0.1003238633275032 0.9826974272727966 -0.155694380402565 -0.9618723392486572 -0.13580994307994843 -0.2373967468738556 -0.25443407893180847 0.12594155967235565 0.9588544368743896,-140.9910125732422 96.00533294677734 792.9837646484375,0.69
59,1064,18,0.9189846515655518,-0.10758804529905319 0.987028956413269 -0.11915759742259979 -0.9603068232536316 -0.13419750332832336 -0.244544118642807 -0.2573627829551697 0.08811783790588379 0.9622887372970581,-140.84629821777344 94.7623062133789 791.028076171875,0.69
59,1068,18,0.9184966087341309,-0.08645974844694138 0.9849310517311096 -0.14978474378585815 -0.9651157259941101 -0.12010130286216736 -0.23265279829502106 -0.24713633954524994 0.12444452196359634 0.960956335067749,-145.9351043701172 98.84764099121094 798.6537475585938,0.69
59,1070,18,0.9084634780883789,-0.10248859971761703 0.9898354411125183 -0.09859924763441086 -0.9632976055145264 -0.1234830692410469 -0.23834773898124695 -0.2481003850698471 0.07055249065160751 0.9661617279052734,-142.72434997558594 100.80941009521484 788.2798461914062,0.69
59,1071,18,0.9175992012023926,-0.10160006582736969 0.9891685843467712 -0.10593853890895844 -0.963739812374115 -0.12427809834480286 -0.2361365556716919 -0.24674467742443085 0.07810570299625397 0.9659278392791748,-142.53335571289062 102.02755737304688 793.7532958984375,0.69
59,1073,18,0.9088659286499023,-0.10124850273132324 0.9865447282791138 -0.1283683031797409 -0.9635465741157532 -0.12936052680015564 -0.2341877520084381 -0.24764245748519897 0.09997768700122833 0.9636792540550232,-147.9119873046875 102.6363296508789 798.6569213867188,0.69
59,1074,18,0.9161365032196045,-0.10751719772815704 0.9897577166557312 -0.09391432255506516 -0.9614691138267517 -0.12755200266838074 -0.24353142082691193 -0.25301599502563477 0.06411191076040268 0.9653355479240417,-147.08399963378906 99.01243591308594 791.9452514648438,0.69
59,1075,18,0.9126400947570801,-0.10887133330106735 0.9883650541305542 -0.10621459782123566 -0.9598285555839539 -0.132317915558815 -0.24742917716503143 -0.2586044371128082 0.07500986009836197 0.963066577911377,-149.7957763671875 96.47976684570312 795.9961547851562,0.69
59,1076,18,0.9043433666229248,-0.09296952188014984 0.9843705296516418 -0.1495702713727951 -0.9623720645904541 -0.12736447155475616 -0.24003815650939941 -0.25533637404441833 0.12162600457668304 0.9591717720031738,-154.3842010498047 95.6656723022461 800.362060546875,0.69
59,1078,18,0.917637825012207,-0.10336188226938248 0.9886332154273987 -0.10918179154396057 -0.9588829874992371 -0.12821298837661743 -0.2531893849372864 -0.26431000232696533 0.07852242887020111 0.9612358808517456,-154.4264678955078 89.21855926513672 788.9723510742188,0.69
59,1081,18,0.91943359375,-0.10119859129190445 0.986951470375061 -0.12524263560771942 -0.9586174488067627 -0.13040797412395477 -0.2530735433101654 -0.26610392332077026 0.09444909542798996 0.9593060612678528,-158.3542022705078 88.34280395507812 792.279052734375,0.69
59,1090,18,0.9214248657226562,-0.08532185107469559 0.981562077999115 -0.1710442453622818 -0.9613367915153503 -0.1262129545211792 -0.24474848806858063 -0.2618238031864166 0.14354874193668365 0.9543805122375488,-160.48951721191406 87.1666030883789 800.8439331054688,0.69
59,1093,18,0.9136576652526855,-0.09528802335262299 0.9863958358764648 -0.1339537352323532 -0.9582628607749939 -0.1273309737443924 -0.2559671998023987 -0.2695414125919342 0.10397227108478546 0.9573595523834229,-159.27940368652344 83.8202896118164 799.0462036132812,0.69
59,1103,18,0.9192466735839844,-0.10427914559841156 0.992158055305481 -0.06890852004289627 -0.9602234363555908 -0.11848387867212296 -0.2528488337993622 -0.2590305209159851 0.03980071470141411 0.9650487899780273,-142.84866333007812 90.17616271972656 799.6262817382812,0.69
59,1110,18,0.9175205230712891,-0.09800557047128677 0.9920728802680969 -0.07865208387374878 -0.9602862596511841 -0.11501900851726532 -0.25420624017715454 -0.26123759150505066 0.050614893436431885 0.9639465808868408,-149.48245239257812 87.54908752441406 798.0762329101562,0.69
59,1124,18,0.8969659805297852,-0.06429373472929001 0.9961938261985779 -0.058857399970293045 -0.9699388146400452 -0.076252780854702 -0.2310936599969864 -0.23470212519168854 0.04223020747303963 0.9711495637893677,-135.60997009277344 95.79810333251953 812.7118530273438,0.69
59,1129,18,0.8982396125793457,-0.09749827533960342 0.9949968457221985 0.021804222837090492 -0.9660395979881287 -0.08934767544269562 -0.2424551397562027 -0.2392939031124115 -0.04470270127058029 0.9699175953865051,-134.87857055664062 96.77114868164062 808.1627197265625,0.69
59,1131,18,0.9058976173400879,-0.08889403194189072 0.9959622621536255 -0.012526188045740128 -0.9671148657798767 -0.08931437134742737 -0.23814228177070618 -0.23829948902130127 -0.009055165573954582 0.9711494445800781,-137.48770141601562 98.8824462890625 813.8135375976562,0.69
59,1132,18,0.900486946105957,-0.08644985407590866 0.9962320923805237 -0.0069397008046507835 -0.9677156209945679 -0.08562659472227097 -0.23705404996871948 -0.23675507307052612 -0.013777638785541058 0.9714716672897339,-138.524658203125 99.3247299194336 815.7591552734375,0.69
59,1148,18,0.8970723152160645,-0.08446190506219864 0.996426522731781 0.0007063327357172966 -0.9680027365684509 -0.08188443630933762 -0.23720373213291168 -0.23629818856716156 -0.020718412473797798 0.9714597463607788,-134.29737854003906 98.77455139160156 821.0021362304688,0.69
59,1152,18,0.8922457695007324,-0.07562167942523956 0.9969841241836548 -0.017444515600800514 -0.9691806435585022 -0.07760380953550339 -0.2338089644908905 -0.2344575822353363 -0.0007741327281109989 0.9721261262893677,-132.28176879882812 99.43110656738281 824.064697265625,0.69
59,1251,18,0.8821184635162354,-0.06543993949890137 0.9874955415725708 0.14342278242111206 -0.9686821103096008 -0.028365885838866234 -0.246678426861763 -0.23952555656433105 -0.15507368743419647 0.9584255814552307,-108.66768646240234 70.39289855957031 802.9415893554688,0.69
59,1490,18,0.8947334289550781,-0.00897358637303114 0.9650086760520935 0.2620641887187958 -0.9714969992637634 0.053669773042201996 -0.23089618980884552 -0.23688174784183502 -0.25666654109954834 0.9370214939117432,-95.87356567382812 49.867549896240234 786.4493408203125,0.69
59,1539,18,0.9059858322143555,0.006679104175418615 0.9576209783554077 0.28795379400253296 -0.9755067825317383 0.06955431401729584 -0.2086833119392395 -0.2198679894208908 -0.2795070707798004 0.934630274772644,-121.6198959350586 59.5004997253418 791.6858520507812,0.69
59,1541,18,0.8957080841064453,0.009773949161171913 0.964425802230835 0.2641727030277252 -0.975561797618866 0.0671902596950531 -0.20920000970363617 -0.21950773894786835 -0.2556720972061157 0.9415136575698853,-122.78485107421875 63.33077621459961 808.4271850585938,0.69
59,1544,18,0.9042963981628418,0.0015345037681981921 0.9586024880409241 0.2847435474395752 -0.9758432507514954 0.06364255398511887 -0.2089967578649521 -0.2184666097164154 -0.2775443494319916 0.935543417930603,-119.10076141357422 63.39328002929688 808.4169921875,0.69
