scene_id,im_id,obj_id,score,R,t,time
52,1,11,0.9736328125,0.6077740788459778 0.7763992547988892 0.166777566075325 0.5624282956123352 -0.27259084582328796 -0.7806206941604614 -0.5606113076210022 0.5682414174079895 -0.6023426055908203,20.475778579711914 -13.020625114440918 963.3271484375,0.69
52,21,11,0.974609375,0.596293568611145 0.7825108170509338 0.17919470369815826 0.5668304562568665 -0.2523503005504608 -0.7842337489128113 -0.5684515237808228 0.5692065954208374 -0.5940258502960205,11.171223640441895 -7.880273342132569 956.618896484375,0.69
52,34,11,0.9736328125,0.5945656895637512 0.7871437668800354 0.1640014499425888 0.5612240433692932 -0.260219007730484 -0.7856931686401367 -0.5757771134376526 0.5591877698898315 -0.5964812636375427,20.128307342529297 -10.790242195129395 959.5493774414062,0.69
52,39,11,0.975597620010376,0.5868218541145325 0.7948936223983765 0.15422213077545166 0.5590404868125916 -0.2599496841430664 -0.7873373031616211 -0.5857593417167664 0.5482431054115295 -0.5969217419624329,27.140661239624023 -8.81398868560791 958.3373413085938,0.69
52,48,11,0.9741454124450684,0.5655722618103027 0.810886025428772 0.15030542016029358 0.5498138666152954 -0.23490120470523834 -0.8015772104263306 -0.6146808862686157 0.5359898209571838 -0.5786900520324707,32.731956481933594 18.919565200805664 962.1866455078125,0.69
52,52,11,0.97216796875,0.5330557823181152 0.8295077085494995 0.16663885116577148 0.5652241110801697 -0.20257633924484253 -0.7996777296066284 -0.6295817494392395 0.5204611420631409 -0.5768423080444336,24.79176902770996 12.579304695129395 956.8878173828125,0.69
52,57,11,0.97314453125,0.5137074589729309 0.840378999710083 0.17282286286354065 0.582669734954834 -0.193867027759552 -0.789247453212738 -0.6297623515129089 0.5061410069465637 -0.5892543196678162,32.83011245727539 -3.4991047382354736 951.1077880859375,0.69
52,61,11,0.97314453125,0.5100589394569397 0.8440220355987549 0.16573108732700348 0.5808396339416504 -0.1958693563938141 -0.7901016473770142 -0.6344015002250671 0.4992615878582001 -0.5901463031768799,35.52297592163086 -6.4408650398254395 946.3486328125,0.69
52,65,11,0.97509765625,0.5017929077148438 0.8511003851890564 0.15437665581703186 0.5737243294715881 -0.19391822814941406 -0.7957613468170166 -0.6473362445831299 0.4878770411014557 -0.5856037735939026,29.997159957885742 -6.785722255706787 949.5526123046875,0.69
52,71,11,0.9736328125,0.49694278836250305 0.8561787009239197 0.14144162833690643 0.5731627941131592 -0.2014569640159607 -0.7942917943000793 -0.6515613794326782 0.47578665614128113 -0.5908424258232117,28.967287063598633 -15.236153602600098 947.114501953125,0.69
52,80,11,0.9716796875,0.5019041895866394 0.8523969054222107 0.1466687172651291 0.5629249811172485 -0.19318388402462006 -0.8036140203475952 -0.6566640734672546 0.48590072989463806 -0.5767952799797058,10.171737670898438 -4.485346794128418 947.375244140625,0.69
52,81,11,0.9716796875,0.4963776767253876 0.8554182648658752 0.1478809267282486 0.5607816576957703 -0.1859283745288849 -0.8068175911903381 -0.6626712679862976 0.4834151268005371 -0.5719934701919556,8.541698455810547 -4.552822589874268 946.0154418945312,0.69
52,84,11,0.97314453125,0.5014499425888062 0.8522266745567322 0.14918972551822662 0.5646626949310303 -0.1917198747396469 -0.80274498462677 -0.6555180549621582 0.48677828907966614 -0.577358603477478,6.695250988006592 -11.674530029296875 947.163818359375,0.69
52,88,11,0.9716796875,0.4950060546398163 0.8565874695777893 0.14569512009620667 0.5651276707649231 -0.19002678990364075 -0.8028204441070557 -0.6599999070167542 0.4797373116016388 -0.5781455636024475,5.229541778564453 -15.73636722564697 946.5032958984375,0.69
52,92,11,0.97412109375,0.501939058303833 0.8528249859809875 0.1440371870994568 0.5470643043518066 -0.1840607076883316 -0.8166040778160095 -0.669908881187439 0.4886831045150757 -0.5589373111724854,-6.71914005279541 -7.587367534637451 943.9877319335938,0.69
52,97,11,0.97119140625,0.5270178914070129 0.8393340110778809 0.1333065778017044 0.5256850123405457 -0.19870680570602417 -0.8271462917327881 -0.6677630543708801 0.5059981942176819 -0.5459473133087158,-20.7970027923584 1.953177809715271 945.6785888671875,0.69
52,98,11,0.9697265625,0.5278482437133789 0.8393242955207825 0.13004212081432343 0.5226128697395325 -0.20027129352092743 -0.8287141919136047 -0.6695161461830139 0.5053970217704773 -0.5443545579910278,-23.1751708984375 3.4025871753692627 942.830078125,0.69
52,114,11,0.97119140625,0.545921266078949 0.8259922862052917 0.1403803527355194 0.5078712105751038 -0.1929837018251419 -0.8395379781723022 -0.6663607954978943 0.5296167731285095 -0.5248516201972961,-53.164588928222656 10.569111824035645 942.123046875,0.69
52,116,11,0.9716932773590088,0.5529810190200806 0.8214619159698486 0.13932755589485168 0.5097614526748657 -0.20128709077835083 -0.836436927318573 -0.6590563058853149 0.5335575342178345 -0.5300575494766235,-59.436885833740234 10.13406753540039 940.977783203125,0.69
52,121,11,0.9697265625,0.5788381695747375 0.8047181367874146 0.13181538879871368 0.49043384194374084 -0.21440860629081726 -0.8446914553642273 -0.6514761447906494 0.5535863637924194 -0.5187687873840332,-66.48889923095703 2.9195661544799805 944.30517578125,0.69
52,127,11,0.97021484375,0.6151480674743652 0.7796910405158997 0.1169387623667717 0.46617159247398376 -0.24008457362651825 -0.8514948487281799 -0.6358277201652527 0.5783088803291321 -0.5111573934555054,-82.4775619506836 -10.654128074645996 944.606689453125,0.69
52,132,11,0.9716932773590088,0.6406357884407043 0.7597464919090271 0.11122548580169678 0.4598173201084137 -0.2635840177536011 -0.8479926586151123 -0.614942193031311 0.5943978428840637 -0.5182059407234192,-92.54859924316406 -13.716169357299805 950.6387939453125,0.69
52,136,11,0.97265625,0.6734713315963745 0.7318021655082703 0.10441169887781143 0.4411729574203491 -0.28457382321357727 -0.8511075377464294 -0.593129575252533 0.6192601323127747 -0.5145036578178406,-104.1570053100586 -14.846317291259766 956.8067626953125,0.69
52,143,11,0.96630859375,0.6862798929214478 0.7194198966026306 0.10702721774578094 0.43944627046585083 -0.2928711771965027 -0.849183976650238 -0.5795746445655823 0.629810631275177 -0.5171380043029785,-113.72161865234375 -24.350364685058594 958.4121704101562,0.69
52,150,11,0.97216796875,0.686694324016571 0.7199934124946594 0.10030116140842438 0.4358573853969574 -0.29736047983169556 -0.8494734168052673 -0.5817897319793701 0.6270455121994019 -0.5180101990699768,-95.36287689208984 -34.43989944458008 964.3849487304688,0.69
52,156,11,0.9687650203704834,0.684050440788269 0.7229183912277222 0.09728338569402695 0.4373769164085388 -0.2997663915157318 -0.847845196723938 -0.5837606191635132 0.6225183606147766 -0.521243155002594,-92.05365753173828 -42.721771240234375 967.9625244140625,0.69
52,164,11,0.970703125,0.6899999976158142 0.7179732322692871 0.0917297899723053 0.43387550115585327 -0.3088347315788269 -0.8463882803916931 -0.5793548226356506 0.6238072514533997 -0.5246070027351379,-88.44950866699219 -52.309913635253906 968.1652221679688,0.69
52,165,11,0.9697265625,0.6930569410324097 0.7152439951896667 0.08998925238847733 0.4299958050251007 -0.3099712133407593 -0.8479512929916382 -0.5785980224609375 0.6263734698295593 -0.5223796367645264,-87.58515930175781 -52.99187088012695 968.5038452148438,0.69
52,167,11,0.9702291488647461,0.6894063353538513 0.7186420559883118 0.09095427393913269 0.4348333477973938 -0.3101440370082855 -0.8454174399375916 -0.5793435573577881 0.6223860383033752 -0.5263047218322754,-85.7601318359375 -54.67554473876953 968.0496215820312,0.69
52,169,11,0.9736328125,0.6938410401344299 0.7144284844398499 0.09042464196681976 0.42994776368141174 -0.31024307012557983 -0.847876250743866 -0.5776933431625366 0.6271692514419556 -0.5224263072013855,-84.4295654296875 -56.543678283691406 970.5695190429688,0.69
52,170,11,0.970703125,0.6966671943664551 0.7118898034095764 0.08870100229978561 0.42738717794418335 -0.31254756450653076 -0.8483244180679321 -0.576190173625946 0.6289094686508179 -0.5219941139221191,-82.53175354003906 -57.741058349609375 967.829345703125,0.69
52,171,11,0.970703125,0.6906808614730835 0.7177964448928833 0.08791088312864304 0.42886656522750854 -0.3086869418621063 -0.8489910960197449 -0.5822658538818359 0.624083936214447 -0.521043062210083,-82.33389282226562 -58.65577697753906 969.0252685546875,0.69
52,173,11,0.97021484375,0.6960431933403015 0.7126025557518005 0.08787184208631516 0.42531973123550415 -0.31061282753944397 -0.8500722646713257 -0.5784695148468018 0.6290606260299683 -0.5192838907241821,-81.33475494384766 -58.624717712402344 967.1422729492188,0.69
52,175,11,0.9677889347076416,0.6956247091293335 0.7131124138832092 0.08704594522714615 0.4244118928909302 -0.31016477942466736 -0.8506893515586853 -0.5796386003494263 0.6287038326263428 -0.5184116363525391,-80.6150894165039 -57.76764678955078 969.2991943359375,0.69
52,259,11,0.970703125,0.776593029499054 0.6269354820251465 0.062088027596473694 0.33069705963134766 -0.3217770457267761 -0.8871859908103943 -0.5362298488616943 0.7095147967338562 -0.45721563696861267,-89.56632995605469 -30.160005569458008 923.6728515625,0.69
52,388,11,0.9755859375,0.7573478817939758 0.6407430171966553 0.12598687410354614 0.34336480498313904 -0.22663724422454834 -0.911447286605835 -0.5554501414299011 0.7335421442985535 -0.39165180921554565,-26.335542678833008 1.5929532051086426 874.37744140625,0.69
52,516,11,0.9755859375,0.8696764707565308 0.4806162118911743 0.11256460845470428 0.29320377111434937 -0.3195123076438904 -0.9010790586471558 -0.39710745215415955 0.8166515827178955 -0.4187908470630646,-84.85802459716797 -55.27095413208008 853.1919555664062,0.69
52,520,11,0.9755859375,0.8750635385513306 0.47065189480781555 0.11291896551847458 0.29011136293411255 -0.3232877850532532 -0.9007332921028137 -0.387426495552063 0.8209579586982727 -0.41943877935409546,-80.66083526611328 -57.908203125 854.7592163085938,0.69
52,524,11,0.9697265625,0.8703052997589111 0.4785679280757904 0.1163678839802742 0.29753604531288147 -0.32259589433670044 -0.8985567092895508 -0.39248067140579224 0.8166422843933105 -0.42314809560775757,-68.33191680908203 -59.617149353027344 854.5596923828125,0.69
52,526,11,0.9717063903808594,0.8651378154754639 0.48636266589164734 0.12242481112480164 0.30306971073150635 -0.3124840259552002 -0.9002791047096252 -0.3996063470840454 0.8159687519073486 -0.4177435636520386,-58.88630294799805 -56.672847747802734 852.4100341796875,0.69
52,527,11,0.97412109375,0.8603484034538269 0.4941418468952179 0.12499744445085526 0.3077061176300049 -0.3080213963985443 -0.9002442955970764 -0.40634649991989136 0.8129862546920776 -0.41705620288848877,-56.935054779052734 -54.48202133178711 852.581787109375,0.69
52,532,11,0.9751095771789551,0.8662760853767395 0.48403772711753845 0.12358477711677551 0.3009679317474365 -0.30822432041168213 -0.9024500250816345 -0.39872807264328003 0.8189659118652344 -0.41268718242645264,-56.50126647949219 -46.2005615234375 854.2778930664062,0.69
52,537,11,0.974609375,0.8703219890594482 0.47537365555763245 0.12868428230285645 0.30167052149772644 -0.3080569803714752 -0.9022725224494934 -0.3892745077610016 0.824087917804718 -0.41151493787765503,-63.6849479675293 -45.75420379638672 862.0486450195312,0.69
52,539,11,0.9716796875,0.8737971186637878 0.4661553204059601 0.13848456740379333 0.30485814809799194 -0.3032371699810028 -0.9028338193893433 -0.3788670599460602 0.8311116695404053 -0.40707898139953613,-67.30558776855469 -46.958683013916016 862.8021240234375,0.69
52,543,11,0.9751095771789551,0.8877758383750916 0.44319948554039 0.12421038001775742 0.2872333824634552 -0.32259297370910645 -0.9019039869308472 -0.35965394973754883 0.8363658785820007 -0.4136919677257538,-79.23490142822266 -49.753150939941406 870.41748046875,0.69
52,544,11,0.975597620010376,0.8900936245918274 0.4379394054412842 0.12626302242279053 0.28609171509742737 -0.3211914300918579 -0.9027666449546814 -0.3548024892807007 0.8396696448326111 -0.4111813008785248,-80.22085571289062 -49.7806282043457 871.7279052734375,0.69
52,550,11,0.9755859375,0.897809624671936 0.42401307821273804 0.11895725131034851 0.27138644456863403 -0.31997305154800415 -0.9077261090278625 -0.34682461619377136 0.8472486734390259 -0.40234625339508057,-87.37586212158203 -38.38215637207031 881.8202514648438,0.69
52,556,11,0.974609375,0.9002617597579956 0.4202461242675781 0.11367502063512802 0.26554176211357117 -0.3231505751609802 -0.9083288311958313 -0.34498754143714905 0.847919225692749 -0.4025129973888397,-88.48456573486328 -37.16301345825195 894.7822265625,0.69
52,561,11,0.97412109375,0.9052441716194153 0.4105643928050995 0.10940664261579514 0.2586204707622528 -0.3281187117099762 -0.9085447788238525 -0.3371177613735199 0.850749671459198 -0.403207927942276,-91.22257995605469 -38.30841827392578 903.1145629882812,0.69
52,567,11,0.974609375,0.9071788191795349 0.40609338879585266 0.1100664958357811 0.25709742307662964 -0.3279511630535126 -0.9090374112129211 -0.3330576419830322 0.8529573082923889 -0.4019159972667694,-90.4605484008789 -35.895904541015625 911.0068359375,0.69
52,574,11,0.97314453125,0.9077025055885315 0.40543660521507263 0.10815424472093582 0.2538216710090637 -0.32526567578315735 -0.9109208583831787 -0.3341417908668518 0.8542969822883606 -0.39815306663513184,-83.66980743408203 -32.17412185668945 918.4186401367188,0.69
52,575,11,0.97216796875,0.905715823173523 0.4101613163948059 0.10698848962783813 0.2542656660079956 -0.32375043630599976 -0.9113367199897766 -0.3391575217247009 0.8526155948638916 -0.39751583337783813,-82.54016876220703 -31.87477874755859 919.850341796875,0.69
52,582,11,0.9717311859130859,0.9094846248626709 0.40223416686058044 0.10509757697582245 0.24646763503551483 -0.31808704137802124 -0.9154640436172485 -0.33480069041252136 0.8585036396980286 -0.38843291997909546,-78.38139343261719 -22.928085327148438 928.3426513671875,0.69
52,587,11,0.97021484375,0.9128769636154175 0.3946877121925354 0.10429328680038452 0.24641484022140503 -0.32905349135398865 -0.9115939736366272 -0.32547682523727417 0.8578726053237915 -0.3976423442363739,-72.8765640258789 -31.228322982788086 932.13818359375,0.69
52,589,11,0.97021484375,0.9106606245040894 0.40099895000457764 0.09948355704545975 0.2443068027496338 -0.3284660279750824 -0.912372887134552 -0.3331835865974426 0.8551665544509888 -0.39708787202835083,-68.51671600341797 -31.128616333007812 931.0358276367188,0.69
52,593,11,0.97021484375,0.9125876426696777 0.39615190029144287 0.10123039036989212 0.24390779435634613 -0.32872775197029114 -0.9123854041099548 -0.3281659483909607 0.8573225736618042 -0.3966173827648163,-68.33875274658203 -28.255868911743164 935.7150268554688,0.69
52,594,11,0.97119140625,0.9126291275024414 0.3960494101047516 0.10125686228275299 0.2431577444076538 -0.32682299613952637 -0.9132694005966187 -0.3286067247390747 0.8580976724624634 -0.3945706784725189,-71.22349548339844 -26.838359832763672 934.5659790039062,0.69
52,604,11,0.9712052345275879,0.9212227463722229 0.3790343403816223 0.08764423429965973 0.2239140272140503 -0.3323608338832855 -0.9161869883537292 -0.31813687086105347 0.8636370301246643 -0.39104950428009033,-79.41751098632812 -26.15507698059082 945.4998779296875,0.69
52,608,11,0.97216796875,0.9304255843162537 0.3555530607700348 0.08882654458284378 0.21053488552570343 -0.32017993927001953 -0.9236665368080139 -0.2999719977378845 0.8781040906906128 -0.37275996804237366,-90.34188079833984 -10.067436218261719 962.8112182617188,0.69
52,622,11,0.9692530632019043,0.933917224407196 0.347989022731781 0.08186724781990051 0.20141470432281494 -0.3230002820491791 -0.9247177243232727 -0.29534849524497986 0.8800991177558899 -0.37174561619758606,-83.99433135986328 -2.5195369720458984 965.2052612304688,0.69
52,625,11,0.96728515625,0.9313017129898071 0.3557872474193573 0.07805536687374115 0.19997292757034302 -0.32029882073402405 -0.9259694814682007 -0.30444708466529846 0.8779659271240234 -0.3694426417350769,-80.03231811523438 2.9127981662750244 966.2344970703125,0.69
52,632,11,0.9697411060333252,0.9302953481674194 0.3588179647922516 0.07615870982408524 0.1972675323486328 -0.31435853242874146 -0.9285818338394165 -0.30925071239471436 0.8788790702819824 -0.3632294237613678,-71.94903564453125 9.91987133026123 969.4051513671875,0.69
52,638,11,0.97021484375,0.9357867240905762 0.3433476686477661 0.08009717613458633 0.19383904337882996 -0.3112711012363434 -0.9303422570228577 -0.29449892044067383 0.8861279487609863 -0.3578375577926636,-71.1348876953125 23.951087951660156 965.8988037109375,0.69
52,643,11,0.9736454486846924,0.9444156885147095 0.3185839354991913 0.08113710582256317 0.18728333711624146 -0.3185298442840576 -0.9292274117469788 -0.27019235491752625 0.8927725553512573 -0.3604900538921356,-84.69247436523438 19.1862850189209 955.9456787109375,0.69
52,650,11,0.97119140625,0.9508157968521118 0.29946401715278625 0.07918659597635269 0.1798178255558014 -0.3254641890525818 -0.9282987117767334 -0.25221967697143555 0.8968802094459534 -0.3633055090904236,-103.92894744873047 18.70611000061035 943.3594970703125,0.69
52,653,11,0.9742069244384766,0.9533583521842957 0.2925446331501007 0.07433420419692993 0.17466962337493896 -0.3338530659675598 -0.9263005256652832 -0.24616757035255432 0.8960803151130676 -0.36938023567199707,-106.6275863647461 16.279184341430664 931.8759765625,0.69
52,656,11,0.9736328125,0.9483478665351868 0.30632007122039795 0.08248766511678696 0.19049207866191864 -0.34195297956466675 -0.9202070832252502 -0.25367096066474915 0.8883897066116333 -0.3826419711112976,-99.97447204589844 6.420904636383057 922.4632568359375,0.69
52,662,11,0.97265625,0.9317167401313782 0.35113325715065 0.0927872359752655 0.21666084229946136 -0.33233389258384705 -0.9179391860961914 -0.2914826273918152 0.8753626942634583 -0.38571780920028687,-65.84928131103516 3.2903153896331787 913.7762451171875,0.69
52,666,11,0.9716932773590088,0.9220914840698242 0.376575231552124 0.08909779787063599 0.2246435135602951 -0.3334319591522217 -0.9156191349029541 -0.31509146094322205 0.8642998337745667 -0.39204996824264526,-50.005775451660156 1.927486538887024 903.270263671875,0.69
52,669,11,0.97216796875,0.9128390550613403 0.3974587619304657 0.09354983270168304 0.2382144331932068 -0.33230748772621155 -0.9125928282737732 -0.331630676984787 0.8553352952003479 -0.3980236053466797,-31.762935638427734 -0.37313786149024963 896.5000610351562,0.69
52,678,11,0.97021484375,0.8991538286209106 0.4265400767326355 0.09790760278701782 0.2554973363876343 -0.3299998939037323 -0.9087470173835754 -0.35530751943588257 0.8421185612678528 -0.40570056438446045,-13.358532905578613 -3.4916861057281494 885.4784545898438,0.69
52,688,11,0.9736328125,0.9093818068504333 0.3993591368198395 0.11634968221187592 0.25680074095726013 -0.3189678490161896 -0.9123119115829468 -0.32722821831703186 0.8595185279846191 -0.39261922240257263,-47.083858489990234 1.9670284986495974 881.539794921875,0.69
52,742,11,0.97509765625,0.957162082195282 0.25485238432884216 0.1374443918466568 0.22402891516685486 -0.3510841727256775 -0.9091484546661377 -0.1834440976381302 0.9009939432144165 -0.3931387960910797,-124.65962219238281 -47.87246322631836 901.683349609375,0.69
52,820,11,0.97607421875,0.9678992033004761 0.20298875868320465 0.1482117474079132 0.21207047998905182 -0.3430788516998291 -0.9150535464286804 -0.13489726185798645 0.9171109795570374 -0.37511366605758667,-80.18077850341797 -44.41879653930664 911.2481079101562,0.69
52,886,11,0.97412109375,0.9843217730522156 0.10764046758413315 0.13972830772399902 0.16620852053165436 -0.300906240940094 -0.9390581250190735 -0.059035539627075195 0.9475594162940979 -0.3140793740749359,-54.11565017700195 -27.101186752319336 862.086669921875,0.69
56,1,11,0.982421875,-0.8086652159690857 -0.5872947573661804 0.033843059092760086 -0.22868706285953522 0.2608395218849182 -0.9379045367240906 0.5419989228248596 -0.7661901712417603 -0.3452385663986206,33.90019226074219 8.53730297088623 728.5601196289062,0.69
56,24,11,0.982421875,-0.8154379725456238 -0.5776116251945496 0.03775880113244057 -0.22590729594230652 0.2575070559978485 -0.9394977688789368 0.5329416990280151 -0.7746320962905884 -0.3404676914215088,41.44554138183594 12.780599594116211 729.6456909179688,0.69
56,32,11,0.98388671875,-0.796488881111145 -0.6030598282814026 0.04386671632528305 -0.2377815842628479 0.24569280445575714 -0.9397312998771667 0.5559365153312683 -0.7589162588119507 -0.33908811211586,50.06733322143555 14.800217628479004 732.0341186523438,0.69
56,39,11,0.982421875,-0.8166019320487976 -0.5747352242469788 0.053298093378543854 -0.23485688865184784 0.24649743735790253 -0.9402559995651245 0.5272603631019592 -0.7803323268890381 -0.336270809173584,54.22416305541992 16.756624221801758 734.5429077148438,0.69
56,46,11,0.98193359375,-0.8109092712402344 -0.5823429226875305 0.05746985599398613 -0.23842047154903412 0.23910805583000183 -0.941266655921936 0.5343985557556152 -0.7769838571548462 -0.33273744583129883,55.68416213989258 18.05678939819336 739.0791625976562,0.69
56,53,11,0.98291015625,-0.815853476524353 -0.5751843452453613 0.059549104422330856 -0.2431737333536148 0.24783310294151306 -0.9377874135971069 0.5246424674987793 -0.7795779705047607 -0.3420652151107788,57.645362854003906 14.571422576904297 739.3313598632812,0.69
56,62,11,0.9814453125,-0.8273776769638062 -0.5577895045280457 0.06570440530776978 -0.242775097489357 0.24969196319580078 -0.9373975396156311 0.5064646601676941 -0.7915331721305847 -0.34200695157051086,58.97572708129883 15.150460243225098 739.8914184570312,0.69
56,75,11,0.98291015625,-0.8396499752998352 -0.539155125617981 0.06557188183069229 -0.2349386066198349 0.25169673562049866 -0.9388570785522461 0.48968538641929626 -0.8037167191505432 -0.33800551295280457,52.4706916809082 14.094009399414062 743.0045166015625,0.69
56,85,11,0.982421875,-0.8320705890655518 -0.5496836304664612 0.07420556992292404 -0.24643594026565552 0.2465059757232666 -0.9372855424880981 0.49691835045814514 -0.7981746792793274 -0.34057217836380005,55.892784118652344 14.859102249145508 748.7828369140625,0.69
56,98,11,0.982421875,-0.831962525844574 -0.5501338839530945 0.07204963266849518 -0.24856293201446533 0.2534625828266144 -0.9348653554916382 0.49603918194770813 -0.7956818342208862 -0.34761422872543335,60.04951858520508 7.306042671203613 750.4539794921875,0.69
56,104,11,0.98193359375,-0.8470391631126404 -0.5264739990234375 0.07314201444387436 -0.24231062829494476 0.25999346375465393 -0.9347133040428162 0.47308579087257385 -0.8094618916511536 -0.34779489040374756,69.02754974365234 5.623894691467285 749.107666015625,0.69
56,107,11,0.9814453125,-0.843328058719635 -0.5324669480323792 0.07264021784067154 -0.2458914816379547 0.262140154838562 -0.9331772923469543 0.4778441786766052 -0.8048362135887146 -0.35199928283691406,72.9253921508789 3.786430835723877 749.5763549804688,0.69
56,116,11,0.982421875,-0.8519188761711121 -0.5194306373596191 0.06652723252773285 -0.2386903017759323 0.2720825970172882 -0.9322006106376648 0.4661126732826233 -0.8100387454032898 -0.3557754158973694,78.89450073242188 -0.2595701217651367 749.6375732421875,0.69
56,119,11,0.9814453125,-0.8502368330955505 -0.5222241282463074 0.06617594510316849 -0.23846569657325745 0.27003711462020874 -0.9328526258468628 0.4692882299423218 -0.8089262843132019 -0.35412803292274475,82.85811614990234 -0.4767703711986542 747.2677612304688,0.69
56,128,11,0.9814453125,-0.8540304899215698 -0.5152301788330078 0.07190072536468506 -0.2440939098596573 0.2748214304447174 -0.9299953579902649 0.45940181612968445 -0.8117948770523071 -0.3604704439640045,85.22852325439453 -0.23673518002033234 749.2294311523438,0.69
56,132,11,0.98291015625,-0.8521731495857239 -0.5181544423103333 0.07291907072067261 -0.24786415696144104 0.27699992060661316 -0.9283503890037537 0.4608302712440491 -0.8091892600059509 -0.36448371410369873,85.64933013916016 -3.5185585021972656 751.4141235351562,0.69
56,140,11,0.982421875,-0.8487222194671631 -0.523457407951355 0.07525239139795303 -0.2507384121417999 0.27302345633506775 -0.9287564158439636 0.46561872959136963 -0.8071248531341553 -0.3629719614982605,91.20761108398438 -0.06611572206020355 750.6294555664062,0.69
56,143,11,0.98193359375,-0.8464556336402893 -0.5268924236297607 0.076793372631073 -0.2530873119831085 0.27123868465423584 -0.928642213344574 0.4684652090072632 -0.8054898977279663 -0.36294132471084595,94.59357452392578 2.830772638320923 749.8695068359375,0.69
56,254,11,0.982421875,-0.9044802784919739 -0.42501288652420044 0.03577038273215294 -0.17071503400802612 0.2838919162750244 -0.9435368776321411 0.39086034893989563 -0.8595170378684998 -0.3293307423591614,82.10475158691406 7.462071895599365 763.7647705078125,0.69
56,357,11,0.98095703125,-0.9604724645614624 -0.2764947712421417 0.03230297192931175 -0.12401626259088516 0.32111048698425293 -0.9388865828514099 0.24922440946102142 -0.9057808518409729 -0.3427075743675232,61.06365966796875 10.400352478027344 723.8807983398438,0.69
56,498,11,0.97998046875,-0.9905936121940613 -0.13644666969776154 0.010327174328267574 -0.05485311895608902 0.3268202245235443 -0.9434933662414551 0.1253613829612732 -0.9351849555969238 -0.3312305212020874,59.41433334350586 1.4022095203399658 748.0435791015625,0.69
56,515,11,0.9814453125,-0.9919262528419495 -0.1254195123910904 0.01877124235033989 -0.06048430874943733 0.33778274059295654 -0.9392787218093872 0.111463263630867 -0.9328305721282959 -0.3426414728164673,63.53736495971679 -4.464635372161865 738.7432250976562,0.69
56,517,11,0.98095703125,-0.9920504689216614 -0.12444334477186203 0.018704408779740334 -0.06009528785943985 0.3378984332084656 -0.9392620325088501 0.11056472361087799 -0.9329193830490112 -0.34269070625305176,63.646121978759766 -4.744685649871826 737.6019897460938,0.69
56,522,11,0.97998046875,-0.9933069348335266 -0.1139213964343071 0.019057566300034523 -0.05686001479625702 0.3386614918708801 -0.9391885995864868 0.10053962469100952 -0.9339861273765564 -0.34287238121032715,58.68199157714844 -5.659127235412598 737.9118041992188,0.69
56,527,11,0.98046875,-0.9934622645378113 -0.11250616610050201 0.019370950758457184 -0.056346286088228226 0.33565667271614075 -0.9402977228164673 0.09928728640079498 -0.9352418184280396 -0.33980149030685425,70.9374771118164 -3.4226229190826416 739.525146484375,0.69
56,535,11,0.9814453125,-0.9908432364463806 -0.13305681943893433 0.022926442325115204 -0.06540629267692566 0.3244725167751312 -0.9436310529708862 0.1181175485253334 -0.9364899396896362 -0.3302041292190552,83.78353881835938 7.0574235916137695 746.28564453125,0.69
56,538,11,0.98046875,-0.9915263652801514 -0.1276613026857376 0.024045057594776154 -0.06440899521112442 0.32237347960472107 -0.9444187879562378 0.11281423270702362 -0.9379648566246033 -0.32786431908607483,83.78546905517578 10.227997779846191 749.2371826171875,0.69
56,551,11,0.97998046875,-0.9927790760993958 -0.11687765270471573 0.027005858719348907 -0.06370369344949722 0.3229243755340576 -0.944278359413147 0.10164419561624527 -0.9391801953315735 -0.3280380964279175,84.9245376586914 9.589581489562988 755.0360717773438,0.69
56,553,11,0.98046875,-0.992485761642456 -0.11958691477775574 0.025903834030032158 -0.06373897194862366 0.32456955313682556 -0.9437118172645569 0.10444799065589905 -0.9382715821266174 -0.32975301146507263,87.25776672363281 7.607614994049072 756.0928955078125,0.69
56,559,11,0.97900390625,-0.9920509457588196 -0.12340240925550461 0.02463238313794136 -0.06417613476514816 0.32777443528175354 -0.9425737261772156 0.10824202001094818 -0.936661958694458 -0.3330884277820587,95.75455474853516 1.8870528936386108 759.0661010742188,0.69
56,563,11,0.978515625,-0.99220210313797 -0.12286563962697983 0.02095535770058632 -0.061104994267225266 0.33296889066696167 -0.9409558773040771 0.10863365232944489 -0.934898853302002 -0.33788013458251953,100.37551879882812 -2.145432710647583 762.7709350585938,0.69
56,567,11,0.97998046875,-0.9912325739860535 -0.12914368510246277 0.027930039912462234 -0.06978656351566315 0.3322126567363739 -0.9406192302703857 0.11219632625579834 -0.9343215823173523 -0.33831244707107544,105.95185852050781 -2.460545063018799 763.2006225585938,0.69
56,570,11,0.97998046875,-0.9904173016548157 -0.13497282564640045 0.029255514964461327 -0.07348829507827759 0.33569929003715515 -0.9390981793403625 0.11693169176578522 -0.9322490096092224 -0.3424013555049896,110.30354309082031 -4.479633331298828 762.3760375976562,0.69
56,575,11,0.98095703125,-0.9909258484840393 -0.128373920917511 0.03982628509402275 -0.08041107654571533 0.3287714421749115 -0.940980076789856 0.1077035441994667 -0.9356439709663391 -0.33611080050468445,113.67849731445312 0.8841934204101562 760.8410034179688,0.69
56,578,11,0.9814453125,-0.990678071975708 -0.13069777190685272 0.03840498626232147 -0.07978244125843048 0.3281630277633667 -0.9412458539009094 0.11041564494371414 -0.9355356693267822 -0.3355313241481781,114.34809875488281 1.4330536127090454 762.4284057617188,0.69
56,587,11,0.98046875,-0.9914350509643555 -0.12320958822965622 0.043311551213264465 -0.08153057843446732 0.3248274326324463 -0.942252516746521 0.10202576965093613 -0.9377133846282959 -0.33209070563316345,115.19977569580078 6.6810302734375 767.1264038085938,0.69
56,589,11,0.9794921875,-0.9915582537651062 -0.12053223699331284 0.047793880105018616 -0.08463788032531738 0.32243019342422485 -0.942801833152771 0.09822782129049301 -0.9388880729675293 -0.32990992069244385,111.63831329345703 7.342283248901367 771.3421630859375,0.69
56,596,11,0.98046875,-0.9905985593795776 -0.12904919683933258 0.04539638012647629 -0.08472154289484024 0.3181731402873993 -0.9442394375801086 0.10740942507982254 -0.9392082691192627 -0.32611507177352905,115.87193298339844 6.982585906982422 779.6200561523438,0.69
56,598,11,0.98095703125,-0.9907538294792175 -0.12672582268714905 0.048450570553541183 -0.08732978999614716 0.32238203287124634 -0.9425726532936096 0.10382871329784393 -0.938088595867157 -0.33046817779541016,118.55560302734375 4.325170516967773 780.5433349609375,0.69
56,601,11,0.97998046875,-0.9905093908309937 -0.12642802298069 0.05391806736588478 -0.09196867793798447 0.31812551617622375 -0.943577229976654 0.10214189440011978 -0.9395808577537537 -0.32673370838165283,119.98383331298828 5.036055088043213 783.3660278320312,0.69
56,603,11,0.97998046875,-0.9911800026893616 -0.12055320292711258 0.05503847822546959 -0.09129668772220612 0.3201243281364441 -0.9429662823677063 0.0960584431886673 -0.9396741390228271 -0.3283068835735321,119.17389678955078 4.395325660705566 784.4659423828125,0.69
56,604,11,0.98095703125,-0.9912528991699219 -0.11948566883802414 0.05604511871933937 -0.0919419676065445 0.32054567337036133 -0.9427603483200073 0.09468133747577667 -0.9396668076515198 -0.3287275433540344,118.03660583496094 4.184438228607178 786.5443725585938,0.69
56,608,11,0.9814453125,-0.9916610717773438 -0.11545123904943466 0.05726521089673042 -0.09144880622625351 0.3173061013221741 -0.9439035654067993 0.09080423414707184 -0.9412692785263062 -0.32521799206733704,113.24893951416016 2.9508566856384277 791.2400512695312,0.69
56,628,11,0.97998046875,-0.9951580762863159 -0.08668272197246552 0.04633008688688278 -0.07192005962133408 0.32093116641044617 -0.9443678855895996 0.06699161231517792 -0.9431273937225342 -0.3256114721298218,99.0719985961914 -4.541004657745361 790.2590942382812,0.69
56,631,11,0.978515625,-0.9948800802230835 -0.09075506031513214 0.04446593299508095 -0.07154732942581177 0.321743369102478 -0.9441198110580444 0.07137703150510788 -0.9424673914909363 -0.32658931612968445,103.68492126464844 -5.22768497467041 790.9365844726562,0.69
56,634,11,0.978515625,-0.9952466487884521 -0.08375672996044159 0.049687210470438004 -0.07450313121080399 0.3262645900249481 -0.9423378705978394 0.06271596997976303 -0.9415604472160339 -0.3309539258480072,104.04327392578125 -6.265230178833008 790.91015625,0.69
56,644,11,0.978515625,-0.995776891708374 -0.08336245268583298 0.03845832496881485 -0.06364817917346954 0.32497820258140564 -0.943577229976654 0.06616079807281494 -0.9420402646064758 -0.328911691904068,108.69267272949219 -3.6846923828125 789.1842041015625,0.69
56,653,11,0.97900390625,-0.9961315393447876 -0.07784487307071686 0.04076765105128288 -0.06419163197278976 0.3277945816516876 -0.9425657391548157 0.06001048907637596 -0.9415364861488342 -0.3315235376358032,108.0833740234375 -1.89597487449646 788.9613647460938,0.69
56,753,11,0.9814453125,-0.9995535016059875 -0.02369181625545025 0.01820412091910839 -0.02546793408691883 0.35702118277549744 -0.9337490200996399 0.015622960403561592 -0.933795690536499 -0.3574651777744293,107.87670135498047 4.513625144958496 744.9957275390625,0.69
56,956,11,0.98095703125,-0.9834782481193542 0.17822076380252838 -0.03174494206905365 0.09575808048248291 0.36335518956184387 -0.9267164468765259 -0.15362542867660522 -0.9144452810287476 -0.3744180500507355,84.28144836425781 -19.226009368896484 742.8280639648438,0.69
56,1025,11,0.9775497913360596,-0.9642559885978699 0.25606194138526917 -0.06813676655292511 0.1590500921010971 0.3536638915538788 -0.9217510223388672 -0.21192783117294312 -0.8996410369873047 -0.3817492425441742,86.99005126953125 -28.76787757873535 757.3575439453125,0.69
56,1028,11,0.978515625,-0.96345454454422 0.259778767824173 -0.06534885615110397 0.15690813958644867 0.34957724809646606 -0.9236750602722168 -0.21710669994354248 -0.9001727104187012 -0.37756314873695374,84.00921630859375 -25.88258934020996 758.2434692382812,0.69
56,1036,11,0.97900390625,-0.9611006379127502 0.2708054184913635 -0.0543145053088665 0.15004365146160126 0.34681636095046997 -0.9258537888526917 -0.23188908398151398 -0.8979882001876831 -0.373958021402359,76.67466735839844 -26.202533721923828 756.4397583007812,0.69
56,1037,11,0.97900390625,-0.9600786566734314 0.27526211738586426 -0.049796830862760544 0.14833365380764008 0.35004526376724243 -0.924913763999939 -0.23716259002685547 -0.8953765034675598 -0.37690162658691406,76.52294158935547 -27.097009658813477 754.977783203125,0.69
56,1044,11,0.9775390625,-0.9573793411254883 0.28492817282676697 -0.04733720421791077 0.14858675003051758 0.3453109562397003 -0.9266511797904968 -0.24768297374248505 -0.8941903710365295 -0.3729300796985626,80.80691528320312 -23.87125015258789 753.1710815429688,0.69
56,1046,11,0.9775698184967041,-0.9573184251785278 0.28575557470321655 -0.04341908171772957 0.14435634016990662 0.3425559401512146 -0.9283407926559448 -0.25040510296821594 -0.8949856162071228 -0.3691857159137726,83.2282943725586 -21.195892333984375 753.16015625,0.69
56,1047,11,0.9765625,-0.9564425349235535 0.2888050973415375 -0.04253498092293739 0.14402523636817932 0.34010621905326843 -0.9292924404144287 -0.25391799211502075 -0.894940972328186 -0.36688730120658875,84.39642333984375 -19.66183090209961 753.0565185546875,0.69
56,1048,11,0.97802734375,-0.9578414559364319 0.2842443287372589 -0.04177263751626015 0.14145702123641968 0.34004920721054077 -0.9297077059745789 -0.2500593960285187 -0.8964216113090515 -0.36592158675193787,86.06914520263672 -18.68813133239746 755.6372680664062,0.69
56,1049,11,0.9794921875,-0.956830620765686 0.2882852554321289 -0.03697187453508377 0.13799536228179932 0.3386472761631012 -0.930739164352417 -0.2557979226112366 -0.8956617116928101 -0.36381006240844727,86.82530212402344 -17.756391525268555 755.4364624023438,0.69
56,1054,11,0.97802734375,-0.9565545320510864 0.2891496419906616 -0.03736300766468048 0.1393289715051651 0.34078237414360046 -0.9297606348991394 -0.2561073303222656 -0.8945724964141846 -0.36626380681991577,94.02210998535156 -18.27206039428711 756.2989501953125,0.69
56,1062,11,0.97802734375,-0.9601011276245117 0.27790236473083496 -0.031241999939084053 0.13097000122070312 0.3481218218803406 -0.9282553195953369 -0.24708835780620575 -0.8953107595443726 -0.37062904238700867,106.16010284423828 -18.73243522644043 763.8362426757812,0.69
56,1064,11,0.978515625,-0.9606682658195496 0.27580541372299194 -0.03236955776810646 0.13041740655899048 0.34518033266067505 -0.9294309020042419 -0.2451687455177307 -0.8970963358879089 -0.367573618888855,108.9180679321289 -18.673343658447266 765.1734008789062,0.69
56,1070,11,0.97607421875,-0.9599096179008484 0.27882179617881775 -0.028841381892561913 0.12756939232349396 0.3429197371006012 -0.9306621551513672 -0.24959862232208252 -0.8970308899879456 -0.36474108695983887,109.01280212402344 -14.304777145385742 772.3630981445312,0.69
56,1071,11,0.9765737056732178,-0.9596409797668457 0.2800462245941162 -0.025754818692803383 0.12584353983402252 0.3457150161266327 -0.9298626780509949 -0.25150066614151 -0.8955754637718201 -0.36700430512428284,108.14761352539062 -13.152503967285156 775.0309448242188,0.69
56,1078,11,0.9770617485046387,-0.9582427740097046 0.2843935191631317 -0.029850339516997337 0.1289757937192917 0.33667194843292236 -0.9327470660209656 -0.25521746277809143 -0.8976480960845947 -0.3592933714389801,108.01072692871094 -10.547601699829102 784.8983764648438,0.69
56,1087,11,0.9755859375,-0.9572980403900146 0.28794214129447937 -0.02588147483766079 0.12816478312015533 0.342438668012619 -0.9307575225830078 -0.2591415047645569 -0.8943294286727905 -0.36471986770629883,112.0912094116211 -15.534220695495605 792.268798828125,0.69
56,1097,11,0.97607421875,-0.9516871571540833 0.30580902099609375 -0.027792582288384438 0.13795195519924164 0.3449326157569885 -0.9284346103668213 -0.27433711290359497 -0.8874133229255676 -0.370454877614975,106.53368377685547 -24.115692138671875 795.2542724609375,0.69
56,1108,11,0.97802734375,-0.9543198943138123 0.2981395721435547 -0.01965622790157795 0.12798140943050385 0.34843865036964417 -0.9285532832145691 -0.2699895203113556 -0.8886525630950928 -0.37067824602127075,116.24693298339844 -26.70956039428711 795.7302856445312,0.69
56,1116,11,0.97802734375,-0.9543461799621582 0.2982398271560669 -0.01662754826247692 0.12530916929244995 0.34920722246170044 -0.9286291003227234 -0.2711476981639862 -0.8883171677589417 -0.3706367611885071,118.56985473632812 -24.28921127319336 801.5952758789062,0.69
56,1124,11,0.9775390625,-0.9537134170532227 0.3005971312522888 -0.008486340753734112 0.11958356946706772 0.35321107506752014 -0.927869439125061 -0.2759174108505249 -0.8859363198280334 -0.37280866503715515,123.4101333618164 -27.23451042175293 807.0009155273438,0.69
56,1135,11,0.9775497913360596,-0.9424503445625305 0.3343195617198944 0.004220561124384403 0.12085860222578049 0.35241711139678955 -0.928006112575531 -0.311737984418869 -0.8740895390510559 -0.37254104018211365,99.40253448486328 -31.622756958007812 815.1710815429688,0.69
56,1146,11,0.9746215343475342,-0.9407829642295837 0.33896148204803467 0.005707104224711657 0.11980725824832916 0.3481775224208832 -0.9297411441802979 -0.31713351607322693 -0.8740009069442749 -0.36816951632499695,102.61807250976562 -27.2830753326416 815.1561279296875,0.69
56,1158,11,0.9736576080322266,-0.9421145915985107 0.3352326452732086 0.006255886051803827 0.11920683085918427 0.35233303904533386 -0.9282516837120056 -0.31338441371917725 -0.8737736344337463 -0.37190011143684387,112.05021667480469 -31.21518325805664 815.62939453125,0.69
56,1171,11,0.9736328125,-0.9389433860778809 0.3439929187297821 0.0073527684435248375 0.11801521480083466 0.34205397963523865 -0.9322400689125061 -0.3231990337371826 -0.8744529485702515 -0.3617657721042633,113.23455810546875 -24.966459274291992 824.9456176757812,0.69
56,1202,11,0.97314453125,-0.9320207238197327 0.36240002512931824 -0.0018696492770686746 0.13066591322422028 0.33122578263282776 -0.9344601631164551 -0.338029146194458 -0.8711805939674377 -0.356062650680542,112.36902618408203 -32.89988708496094 840.7907104492188,0.69
58,30,11,0.97802734375,-0.998481035232544 0.04529396817088127 0.031370967626571655 -0.009627536870539188 0.41718727350234985 -0.9087694883346558 -0.054249346256256104 -0.9076911807060242 -0.41611751914024353,-39.38627243041992 25.149089813232422 820.984130859375,0.69
