scene_id,im_id,obj_id,score,R,t,time
50,620,2,0.96435546875,0.9489927291870117 0.018102901056408882 0.314777672290802 0.13346366584300995 0.88143390417099 -0.45305806398391724 -0.2856574058532715 0.471960186958313 0.834058403968811,53.38066101074219 -86.530029296875 1043.1566162109375,0.69
50,623,2,0.962890625,0.9489825963973999 0.017669957131147385 0.3148328363895416 0.13344034552574158 0.8821185827255249 -0.4517304599285126 -0.2857019603252411 0.47069573402404785 0.834757387638092,53.78737258911133 -90.39688110351562 1042.9771728515625,0.69
50,629,2,0.9634137153625488,0.9496353268623352 0.018560027703642845 0.31280720233917236 0.13251417875289917 0.8808066248893738 -0.4545545279979706 -0.28395918011665344 0.47311243414878845 0.8339855074882507,56.651344299316406 -95.59941101074219 1041.2279052734375,0.69
50,633,2,0.9629085063934326,0.950607419013977 0.015170659869909286 0.31002485752105713 0.13559938967227936 0.8781577348709106 -0.4587503969669342 -0.27921026945114136 0.4781306982040405 0.8327260613441467,60.956817626953125 -98.42357635498047 1035.8013916015625,0.69
50,640,2,0.9643726348876953,0.9479031562805176 0.024591270834207535 0.31760814785957336 0.13099725544452667 0.8787263035774231 -0.45899859070777893 -0.29037803411483765 0.47669199109077454 0.8297260403633118,71.71084594726562 -97.96739196777344 1036.4508056640625,0.69
50,642,2,0.96337890625,0.9483620524406433 0.023762866854667664 0.31629854440689087 0.13212597370147705 0.8769619464874268 -0.46203935146331787 -0.28836119174957275 0.47997185587882996 0.8285377621650696,72.05208587646484 -98.67208862304688 1035.1302490234375,0.69
50,644,2,0.962890625,0.9481943249702454 0.020650649443268776 0.3170188069343567 0.13532598316669464 0.8765703439712524 -0.4618561863899231 -0.2874269187450409 0.4808303117752075 0.8283646106719971,71.78570556640625 -99.53446960449219 1035.2171630859375,0.69
50,651,2,0.9619140625,0.9477314949035645 0.020655425265431404 0.3183996379375458 0.13628190755844116 0.8760912418365479 -0.46248388290405273 -0.28849995136260986 0.48170262575149536 0.8274843692779541,77.2339859008789 -103.15970611572266 1029.739501953125,0.69
50,653,2,0.96044921875,0.9458937048912048 0.02162798121571541 0.32375505566596985 0.13801856338977814 0.8761945962905884 -0.4617725610733032 -0.29365962743759155 0.4814719557762146 0.8258018493652344,80.16276550292969 -103.0107192993164 1029.788330078125,0.69
50,660,2,0.9594922065734863,0.9463846683502197 0.020656028762459755 0.3223806619644165 0.13779178261756897 0.8768035769462585 -0.46068307757377625 -0.2921804189682007 0.4804048240184784 0.8269473314285278,85.66799926757812 -100.23226165771484 1030.0704345703125,0.69
50,662,2,0.9614443778991699,0.9449381828308105 0.023690184578299522 0.3263902962207794 0.1374836564064026 0.876349151134491 -0.46163877844810486 -0.2969681918621063 0.4810934066772461 0.8248387575149536,85.72261810302734 -98.2498550415039 1030.3677978515625,0.69
50,671,2,0.96142578125,0.9459803700447083 0.02406429499387741 0.3233296275138855 0.13489919900894165 0.8776124715805054 -0.4599985182285309 -0.2948276102542877 0.47876647114753723 0.8269579410552979,91.34378814697266 -99.9338607788086 1026.8284912109375,0.69
50,681,2,0.9594922065734863,0.9468696117401123 0.02981491945683956 0.3202325999736786 0.12740159034729004 0.8794703483581543 -0.45858556032180786 -0.2953077554702759 0.4750189185142517 0.8289453387260437,97.32166290283203 -98.99575805664062 1022.2538452148438,0.69
50,682,2,0.9599609375,0.9461068511009216 0.03023424558341503 0.3224404454231262 0.1281365603208542 0.8794388771057129 -0.4584413170814514 -0.29742729663848877 0.4750508964061737 0.8281689286231995,97.99443817138672 -98.40291595458984 1022.2578124999999,0.69
50,701,2,0.9599609375,0.9509457349777222 0.03892548754811287 0.30689921975135803 0.1110142320394516 0.8830371499061584 -0.45598408579826355 -0.2887527644634247 0.467686265707016 0.8353989720344543,97.4021224975586 -86.85199737548828 1024.366943359375,0.69
50,712,2,0.9614443778991699,0.9517714381217957 0.04061374068260193 0.3041079044342041 0.10623221099376678 0.8862619996070862 -0.4508373439311981 -0.2878294885158539 0.46140018105506897 0.8392044305801392,107.22193145751953 -78.38824462890625 1026.50634765625,0.69
50,721,2,0.95751953125,0.9500654935836792 0.03706608712673187 0.30984124541282654 0.11283526569604874 0.8849292397499084 -0.45184993743896484 -0.2909359037876129 0.46424806118011475 0.8365584015846252,118.83416748046875 -80.08637237548828 1026.3563232421875,0.69
50,722,2,0.9585356712341309,0.949604868888855 0.03824107348918915 0.3111081123352051 0.11245548725128174 0.8848903179168701 -0.45202112197875977 -0.29258227348327637 0.46422725915908813 0.8359956741333008,119.24176788330078 -79.96017456054688 1025.6495361328125,0.69
50,735,2,0.960956335067749,0.9501788020133972 0.041463349014520645 0.30893513560295105 0.10933347791433334 0.8838095664978027 -0.45489180088043213 -0.29190123081207275 0.46600550413131714 0.8352439403533936,127.49498748779298 -79.43142700195312 1025.2581787109375,0.69
50,737,2,0.9619324207305908,0.9501199126243591 0.03683885186910629 0.3097016513347626 0.11417271196842194 0.8829891085624695 -0.45529645681381226 -0.2902357876300812 0.4679456949234009 0.8347395062446594,127.81280517578125 -80.57622528076172 1022.5739746093749,0.69
50,751,2,0.9570920467376709,0.9525600671768188 0.03384479507803917 0.30246293544769287 0.11306861788034439 0.8833184838294983 -0.4549330174922943 -0.28256821632385254 0.4675500988960266 0.8375871181488037,132.65933227539062 -77.4542007446289 1022.2708129882811,0.69
50,757,2,0.9585733413696289,0.9561856985092163 0.03811270743608475 0.29026955366134644 0.1026393324136734 0.8849173188209534 -0.45429787039756775 -0.2741791009902954 0.4641862213611603 0.8422333598136902,132.69387817382812 -77.5150375366211 1018.0136108398436,0.69
50,769,2,0.9541454315185547,0.9589056372642517 0.04215814173221588 0.28057563304901123 0.09440239518880844 0.8851484656333923 -0.455631822347641 -0.2675597071647644 0.4633949398994446 0.844793975353241,133.78359985351562 -77.27706909179688 1014.3750610351562,0.69
50,923,2,0.9399704933166504,0.9821270704269409 0.07054243981838226 0.17449961602687836 0.023634107783436775 0.8735519647598267 -0.4861568808555603 -0.18672916293144226 0.48159196972846985 0.8562718629837036,119.81907653808594 -100.11734008789062 985.2880859375,0.69
50,1026,2,0.9326171875,0.9954977035522461 0.0653611421585083 0.0686454251408577 -0.024716682732105255 0.8781688809394836 -0.47771167755126953 -0.09150606393814087 0.47386419773101807 0.8758305907249451,73.66577911376953 -93.49966430664062 955.3970947265625,0.69
50,1044,2,0.93658447265625,0.9962876439094543 0.07534772157669067 0.04163666069507599 -0.04593212530016899 0.8743283152580261 -0.4831567108631134 -0.07280886173248291 0.4794505834579468 0.8745433688163757,58.99435043334961 -91.94039916992188 949.862548828125,0.69
50,1052,2,0.9385063648223877,0.9970374703407288 0.07148584723472595 0.028392018750309944 -0.04887434095144272 0.8738157153129578 -0.48379477858543396 -0.05939387157559395 0.48097386956214905 0.8747208118438721,54.0279541015625 -93.38517761230469 943.9605102539062,0.69
50,1058,2,0.9404585361480713,0.996745765209198 0.07492168247699738 0.029743468388915062 -0.051106490194797516 0.8726898431777954 -0.48559290170669556 -0.06233826279640198 0.4824925661087036 0.8736788630485535,53.78359603881836 -93.78921508789062 939.5313720703125,0.69
50,1066,2,0.9404585361480713,0.9975045323371887 0.06858310848474503 0.016767103224992752 -0.05158174782991409 0.8700754046440125 -0.49021241068840027 -0.04820892959833145 0.48812422156333923 0.8714417219161987,50.68803405761719 -96.41236114501953 936.1953125,0.69
50,1077,2,0.9424107074737549,0.9972987771034241 0.07204006612300873 0.014329949393868446 -0.05611396208405495 0.8731431365013123 -0.4842233955860138 -0.04739558324217796 0.4821113049983978 0.8748270273208618,51.19740676879883 -92.40171813964844 931.5586547851562,0.69
50,1094,2,0.9409465789794922,0.9976419806480408 0.06858857721090317 0.0024812526535242796 -0.05927091836929321 0.8792151212692261 -0.47272393107414246 -0.03460501506924629 0.4714621603488922 0.8812071681022644,49.384429931640625 -79.38383483886719 934.655029296875,0.69
50,1098,2,0.9453649520874023,0.9979832172393799 0.06344874948263168 -0.0019395718118175864 -0.05685724690556526 0.8798841238021851 -0.4717746078968048 -0.028226906433701515 0.4709334373474121 0.8817170858383179,47.361328125 -79.27002716064453 934.5615234375,0.69
50,1105,2,0.9356689453125,0.9975742697715759 0.06867923587560654 -0.011347020044922829 -0.06595155596733093 0.8803483843803406 -0.4697202742099762 -0.022270699962973595 0.46932923793792725 0.8827424049377441,47.00499725341797 -77.11643981933594 930.1845092773438,0.69
50,1113,2,0.9399704933166504,0.9978891611099243 0.06492607295513153 -0.0013634907081723213 -0.05821267142891884 0.8850061297416687 -0.46192601323127747 -0.028784338384866714 0.46103033423423767 0.8869174718856812,49.24570083618164 -70.61800384521484 931.8104858398438,0.69
50,1125,2,0.938133716583252,0.9984344840049744 0.05445069074630737 -0.012799096293747425 -0.05419863387942314 0.8852102756500244 -0.46202322840690613 -0.013827593065798283 0.46199360489845276 0.886775553226471,45.6298828125 -71.8676528930664 928.3953857421875,0.69
50,1130,2,0.9385063648223877,0.9983097314834595 0.05550013855099678 -0.01724717579782009 -0.05718665197491646 0.885135293006897 -0.46180641651153564 -0.010364236310124397 0.4620121717453003 0.8868130445480347,42.31675720214844 -72.69174194335938 926.7512817382812,0.69
50,1145,2,0.9409465789794922,0.998235821723938 0.05314034968614578 -0.0264840517193079 -0.05936489626765251 0.8853681683540344 -0.46108463406562805 -0.001054061227478087 0.4618434011936188 0.8869608640670776,39.954071044921875 -76.43648529052734 919.8023071289062,0.69
50,1150,2,0.9419503211975098,0.9981880187988281 0.05413971468806267 -0.0262600090354681 -0.06013883650302887 0.883080780506134 -0.4653511345386505 -0.002004272071644664 0.4660871624946594 0.8847364783287048,40.22072219848633 -79.0220947265625 918.8645629882812,0.69
50,1169,2,0.9394824504852295,0.9977460503578186 0.04922652989625931 -0.045603908598423004 -0.06483089923858643 0.882526159286499 -0.46577325463294983 0.0173182412981987 0.4676799774169922 0.8837282061576843,37.077186584472656 -82.28941345214844 918.9557495117188,0.69
50,1189,2,0.9458527565002441,0.996728777885437 0.04837900027632713 -0.06473958492279053 -0.07285000383853912 0.8846667408943176 -0.4604973793029785 0.03499455377459526 0.46370729804039 0.8852971792221069,35.599544525146484 -79.62100982666016 921.3806762695312,0.69
50,1192,2,0.943901538848877,0.9966925978660583 0.04569961503148079 -0.06719660758972168 -0.07141467928886414 0.8871539831161499 -0.4559142291545868 0.0387786328792572 0.45920515060424805 0.8874834775924683,36.447574615478516 -75.53695678710938 922.7788696289062,0.69
50,1209,2,0.943901538848877,0.9953460097312927 0.04363350570201874 -0.08592124283313751 -0.07763981819152832 0.8912575244903564 -0.4468022882938385 0.0570823960006237 0.4513937830924988 0.8904972672462463,27.80876922607422 -67.16468048095703 922.1842651367188,0.69
50,1216,2,0.94580078125,0.9947333931922913 0.04584893584251404 -0.09167027473449707 -0.08225095272064209 0.8907338976860046 -0.44702133536338806 0.06115835905075073 0.4522070288658142 0.8898137807846069,27.008188247680664 -68.15571594238281 923.2948608398438,0.69
50,1242,2,0.9424107074737549,0.991985023021698 0.05017261207103729 -0.11596675217151642 -0.09667723625898361 0.8923241496086121 -0.4409208595752716 0.08135776221752167 0.4485982358455658 0.8900228142738342,14.939982414245605 -62.928958892822266 917.5435791015625,0.69
50,1246,2,0.94873046875,0.9916322827339172 0.045688074082136154 -0.1207394078373909 -0.09474842250347137 0.8928273320198059 -0.44032052159309387 0.08768204599618912 0.44807589054107666 0.8896852731704712,12.059565544128418 -62.19651412963867 916.895263671875,0.69
50,1263,2,0.9472911357879639,0.9908854961395264 0.044212620705366135 -0.1272447556257248 -0.09753482788801193 0.8870137929916382 -0.45132434368133545 0.09291359782218933 0.4596215486526489 0.8832412958145142,8.629432678222656 -72.15453338623047 910.6640014648438,0.69
50,1266,2,0.9409465789794922,0.9902815818786621 0.04778086766600609 -0.13061155378818512 -0.10226090252399445 0.8866629004478455 -0.4509675204753876 0.0942607894539833 0.4599412977695465 0.8829320669174194,8.716880798339844 -74.09845733642578 910.7613525390625,0.69
50,1280,2,0.9468283653259277,0.9876962900161743 0.05229618027806282 -0.14738063514232635 -0.11461874842643738 0.8832191824913025 -0.4547377824783325 0.10638834536075592 0.466035395860672 0.8783465027809143,5.166368007659912 -78.11267852783203 907.2966918945312,0.69
50,1284,2,0.9385063648223877,0.9875578284263611 0.0490848533809185 -0.14939935505390167 -0.11293505132198334 0.8824833631515503 -0.4565838575363159 0.10943110287189484 0.4677753746509552 0.8770468235015869,6.401313304901123 -80.25938415527344 911.7839965820312,0.69
50,1324,2,0.9560966491699219,0.979437530040741 0.056780677288770676 -0.19359244406223297 -0.14153142273426056 0.8772167563438416 -0.458758682012558 0.1437739133834839 0.47672489285469055 0.8672152757644653,-15.20268726348877 -87.96538543701172 899.7659912109375,0.69
50,1480,2,0.9468283653259277,0.9692087769508362 0.07125639170408249 -0.23570485413074493 -0.15818385779857635 0.913754403591156 -0.37420669198036194 0.1887117624282837 0.3999691307544708 0.8968904614448547,-6.816546440124512 -39.70195770263672 999.079345703125,0.69
50,1542,2,0.9391078948974609,0.9632661938667297 0.050747573375701904 -0.2637098729610443 -0.15649238228797913 0.904094934463501 -0.39764606952667236 0.2182392030954361 0.42430761456489563 0.8788257241249084,-13.144102096557617 -93.95558166503906 984.5917358398438,0.69
50,1564,2,0.9359407424926758,0.9573978185653687 0.05052877217531204 -0.2843170464038849 -0.16664619743824005 0.9007596373558044 -0.40107494592666626 0.2358354926109314 0.4313686490058899 0.8708057999610901,-16.157215118408203 -99.24665832519531 985.2429809570312,0.69
50,1592,2,0.9227185249328613,0.9547756314277649 0.057524800300598145 -0.29170942306518555 -0.175796240568161 0.9004652500152588 -0.3978167772293091 0.23978982865810394 0.43110722303390503 0.8698549270629883,-15.734082221984865 -93.56025695800781 980.9228515625,0.69
50,1593,2,0.9478282928466797,0.9569862484931946 0.05758347734808922 -0.2843616306781769 -0.17117927968502045 0.9034020304679871 -0.39314448833465576 0.23425419628620148 0.42491069436073303 0.8744003176689148,-14.742830276489258 -92.0048828125 976.2821655273438,0.69
50,1613,2,0.9497785568237305,0.9531625509262085 0.05212528258562088 -0.29793310165405273 -0.17154744267463684 0.9044415950775146 -0.39058542251586914 0.24910371005535126 0.4234010875225067 0.8710218071937561,-21.640535354614258 -85.73792266845703 971.771240234375,0.69
50,1629,2,0.9488034248352051,0.949440062046051 0.05335025489330292 -0.30938220024108887 -0.17731259763240814 0.9043599367141724 -0.38819244503974915 0.25908273458480835 0.42342281341552734 0.8680952191352844,-26.402597427368164 -86.21005249023438 963.6893920898438,0.69
50,1656,2,0.9426167011260986,0.9444183111190796 0.05349653214216232 -0.3243640959262848 -0.18705856800079346 0.8988193869590759 -0.3963996171951294 0.270338773727417 0.435042142868042 0.8588685393333435,-28.582853317260742 -97.7444839477539 956.74169921875,0.69
50,1658,2,0.9440517425537109,0.9446949362754822 0.05275595933198929 -0.3236791789531708 -0.18590638041496277 0.8992229700088501 -0.39602625370025635 0.2701669931411743 0.434298038482666 0.8592991232872009,-27.260305404663086 -99.8954849243164 958.143798828125,0.69
50,1669,2,0.9541873931884766,0.942923367023468 0.05424747243523598 -0.3285617232322693 -0.18831729888916016 0.9005937576293945 -0.39174938201904297 0.27464917302131653 0.4312635064125061 0.859406590461731,-33.29764175415039 -94.57164764404297 946.1714477539062,0.69
50,1678,2,0.9410562515258789,0.9413566589355469 0.05098019912838936 -0.33353951573371887 -0.18796926736831665 0.9001539945602417 -0.39292532205581665 0.28020548820495605 0.43257802724838257 0.856948733329773,-43.06630325317383 -89.0730209350586 934.4453125,0.69
50,1695,2,0.9551417827606201,0.9402594566345215 0.04051811993122101 -0.3380390703678131 -0.18290075659751892 0.8975638151168823 -0.4011565148830414 0.2871575355529785 0.43901878595352173 0.8513537049293518,-48.70274353027344 -94.16368865966797 925.7259521484375,0.69
50,1708,2,0.9502887725830078,0.9398263096809387 0.040284618735313416 -0.33926922082901 -0.18358109891414642 0.8970321416854858 -0.4020339846611023 0.28813961148262024 0.4401255249977112 0.8504499197006226,-54.555511474609375 -94.03685760498047 916.25390625,0.69
50,1711,2,0.9614624977111816,0.938744843006134 0.036971576511859894 -0.3426239788532257 -0.18436723947525024 0.8938582539558411 -0.40868842601776123 0.2911474108695984 0.44682276248931885 0.8459211587905884,-56.00638198852539 -94.37071228027344 915.1815795898438,0.69
50,1713,2,0.9449772834777832,0.9373824596405029 0.0407310388982296 -0.34591200947761536 -0.18593816459178925 0.8983017206192017 -0.39809665083885193 0.29451847076416016 0.43748703598976135 0.8496257662773132,-54.619571685791016 -95.53815460205078 914.9995727539062,0.69
50,1714,2,0.9474115371704102,0.937056303024292 0.04099547863006592 -0.346763551235199 -0.1866157054901123 0.8981566429138184 -0.3981071710586548 0.29512736201286316 0.4377603530883789 0.849273681640625,-53.873069763183594 -96.38778686523438 917.0598754882812,0.69
50,1718,2,0.9389612674713135,0.9403156042098999 0.03598824888467789 -0.33839553594589233 -0.17983794212341309 0.8967469930648804 -0.40435540676116943 0.2889031171798706 0.4410780668258667 0.8496971130371094,-50.25822067260742 -103.04869842529297 909.7162475585938,0.69
50,1719,2,0.958554744720459,0.9394174814224243 0.03426000475883484 -0.34105876088142395 -0.18019641935825348 0.8957711458206177 -0.4063539206981659 0.2915888726711273 0.44319355487823486 0.8476765751838684,-50.716827392578125 -103.23007202148438 909.6510620117188,0.69
50,1733,2,0.9521942138671875,0.9375242590904236 0.037977203726768494 -0.34584084153175354 -0.18315309286117554 0.8990139961242676 -0.397779643535614 0.29580920934677124 0.4362699091434479 0.8498032093048096,-52.938690185546875 -88.31501007080078 902.1873779296875,0.69
50,1743,2,0.958554744720459,0.938410222530365 0.03986990451812744 -0.3432149291038513 -0.18095622956752777 0.9029115438461304 -0.3898787200450897 0.2943483293056488 0.42797306180000305 0.854516327381134,-42.71574020385742 -88.0224609375 903.9271240234375,0.69
50,1745,2,0.9396219253540039,0.9379870891571045 0.04050306975841522 -0.3442961573600769 -0.18221409618854523 0.9024996757507324 -0.3902466595172882 0.29492098093032837 0.4287819564342499 0.8539131283760071,-40.430091857910156 -91.8516845703125 912.2052612304688,0.69
50,1756,2,0.9542076587677002,0.9365906119346619 0.02804785780608654 -0.3493010997772217 -0.17164310812950134 0.9057485461235046 -0.38750240206718445 0.30551034212112427 0.4228862226009369 0.8531298637390137,-41.986759185791016 -91.18356323242188 903.0140380859375,0.69
50,1778,2,0.9385929107666016,0.9340946078300476 0.021255994215607643 -0.3563922345638275 -0.1658661961555481 0.909797728061676 -0.38046857714653015 0.31615766882896423 0.41450703144073486 0.8533628582954407,-32.4246711730957 -95.07180786132812 910.1961059570312,0.69
50,1782,2,0.9498014450073242,0.9326134920120239 0.017550306394696236 -0.360449880361557 -0.16277405619621277 0.9118995070457458 -0.3767547011375427 0.32208186388015747 0.41003841161727905 0.8533064723014832,-36.06126403808594 -96.4569091796875 905.0015869140625,0.69
50,1874,2,0.9404869079589844,0.9011949300765991 0.008234660141170025 -0.43333566188812256 -0.17330928146839142 0.9232529997825623 -0.3428814709186554 0.39725497364997864 0.3841041624546051 0.8334581255912781,-55.96005630493164 -73.55164337158203 881.251953125,0.69
54,1,2,0.97216796875,-0.27853235602378845 0.9582816362380981 0.06415627896785736 0.4655892252922058 0.19314917922019958 -0.8636666536331177 -0.8400276303291321 -0.21068863570690155 -0.4999638795852661,-122.73527526855469 -88.95724487304688 1031.242919921875,0.69
54,22,2,0.9697265625,-0.293933242559433 0.952864944934845 0.0751771554350853 0.4634590148925781 0.21086743474006653 -0.8606628775596619 -0.8359479308128357 -0.21813590824604034 -0.5035948157310486,-97.23063659667969 -95.36434936523438 1035.0181884765625,0.69
54,32,2,0.9702291488647461,-0.31508803367614746 0.9443943500518799 0.09401468187570572 0.4315122067928314 0.2307862937450409 -0.8720864653587341 -0.8452908992767334 -0.23421554267406464 -0.4802357256412506,-86.74480438232422 -77.1262435913086 1046.5260009765625,0.69
54,38,2,0.96875,-0.30222755670547485 0.9479150772094727 0.10057515650987625 0.4260391294956207 0.22870834171772003 -0.8753188252449036 -0.852730393409729 -0.22169654071331024 -0.4729709029197693,-97.5136947631836 -92.12776947021484 1048.7967529296875,0.69
54,43,2,0.9716796875,-0.29596611857414246 0.950862467288971 0.09090878069400787 0.4716186821460724 0.2282298058271408 -0.8517551422119141 -0.8306501507759094 -0.2092164009809494 -0.5159928798675537,-102.4801025390625 -123.42188262939453 1057.616455078125,0.69
54,50,2,0.9736328125,-0.3190978467464447 0.9445410370826721 0.07758216559886932 0.4828452467918396 0.23246891796588898 -0.8442859053611755 -0.8154980540275574 -0.23194964230060577 -0.5302474498748779,-107.68927764892578 -129.35821533203125 1050.43701171875,0.69
54,56,2,0.9721813201904297,-0.30566346645355225 0.9480690956115723 0.0879470705986023 0.4644474983215332 0.22909656167030334 -0.8554549813270569 -0.8311789631843567 -0.2206345498561859 -0.51035475730896,-121.04582214355469 -114.34280395507812 1049.09326171875,0.69
54,63,2,0.9648606777191162,-0.34651756286621094 0.9357567429542542 0.06545865535736084 0.4795091450214386 0.23667696118354797 -0.8450177311897278 -0.8062236905097961 -0.2614254653453827 -0.5307166576385498,-99.06291961669922 -131.30783081054688 1051.6767578125,0.69
54,69,2,0.96875,-0.35747769474983215 0.9303731322288513 0.0813356414437294 0.4577004313468933 0.25044310092926025 -0.8531052470207214 -0.8140761852264404 -0.2677387297153473 -0.5153599977493286,-90.6637191772461 -131.52455139160156 1048.3524169921875,0.69
54,81,2,0.96630859375,-0.4309842884540558 0.8966180086135864 0.10163023322820663 0.4045950174331665 0.2926841974258423 -0.8663941621780396 -0.8065701127052307 -0.3322831690311432 -0.4889094829559326,-42.398075103759766 -104.80939483642578 1054.2279052734375,0.69
54,86,2,0.9629085063934326,-0.43846869468688965 0.8928992748260498 0.1023537889122963 0.40118494629859924 0.29636064171791077 -0.8667301535606384 -0.8042361736297607 -0.33897122740745544 -0.4881626069545746,-47.41228485107422 -97.83159637451172 1055.7158203125,0.69
54,90,2,0.9599990844726562,-0.42962533235549927 0.8974590301513672 0.09994649142026901 0.4072079360485077 0.2913368344306946 -0.8656237721443176 -0.8059799671173096 -0.3311948776245117 -0.49061816930770874,-50.23284149169922 -105.94551086425781 1054.172119140625,0.69
54,135,2,0.96630859375,-0.44247958064079285 0.8917649984359741 0.09469336271286011 0.38845980167388916 0.2857704162597656 -0.8760332465171814 -0.808276355266571 -0.3508422374725342 -0.47286251187324524,-48.40733337402344 -108.5073013305664 1148.7572021484375,0.69
54,202,2,0.9585161209106445,-0.4482981860637665 0.8901509642601013 0.08160921186208725 0.34006670117378235 0.25426939129829407 -0.9053738117218018 -0.8266701102256775 -0.378124862909317 -0.41669920086860657,-44.40107345581055 -87.54667663574219 1228.349365234375,0.69
54,390,2,0.95607590675354,-0.4783909320831299 0.8749781250953674 0.07453466206789017 0.29859310388565063 0.24189840257167816 -0.9232158064842224 -0.8258233666419983 -0.419402539730072 -0.37698444724082947,-44.571533203125 -77.6303939819336 1159.31298828125,0.69
54,479,2,0.9431262016296387,-0.577279269695282 0.8108109831809998 0.09661327302455902 0.29315412044525146 0.3162282705307007 -0.9022528529167175 -0.7621085047721863 -0.4925292730331421 -0.42024460434913635,-5.875574111938477 -113.53465270996094 1080.5438232421875,0.69
54,514,2,0.9385929107666016,-0.6155654191970825 0.780035674571991 0.11235393583774567 0.28264230489730835 0.3515951931476593 -0.8924651741981506 -0.7356578707695007 -0.5176147222518921 -0.43690094351768494,17.410999298095703 -124.68172454833984 1046.241943359375,0.69
54,520,2,0.9395396709442139,-0.6201460957527161 0.7767933011054993 0.10959424078464508 0.2872081398963928 0.3548177480697632 -0.8897279500961304 -0.7300207018852234 -0.5202849507331848 -0.4431402087211609,22.09795570373535 -122.54732513427734 1045.2252197265625,0.69
54,524,2,0.9366436004638672,-0.622445821762085 0.7748059630393982 0.11062058806419373 0.27887770533561707 0.3516246974468231 -0.8936370611190796 -0.7312923669815063 -0.5253911018371582 -0.43494340777397156,18.099830627441406 -121.58201599121094 1038.81201171875,0.69
54,530,2,0.92978835105896,-0.6186188459396362 0.7789427042007446 0.10275715589523315 0.29219335317611694 0.3494893014431 -0.8902136087417603 -0.7293378710746765 -0.520677924156189 -0.4438025653362274,12.333707809448242 -118.76299285888672 1040.88134765625,0.69
54,537,2,0.9394824504852295,-0.6169571280479431 0.7804136276245117 0.1015792191028595 0.27197781205177307 0.33254972100257874 -0.9030164480209351 -0.738506555557251 -0.5294951796531677 -0.41742411255836487,11.136953353881836 -100.77227783203125 1033.0814208984375,0.69
54,543,2,0.9448509216308594,-0.6024184226989746 0.7906593680381775 0.10931508243083954 0.26912304759025574 0.3301396071910858 -0.9047544002532959 -0.7514418959617615 -0.515621542930603 -0.4116668403148651,13.083574295043945 -92.8597412109375 1026.013671875,0.69
54,560,2,0.9414899349212646,-0.6210498213768005 0.775516927242279 0.11344838887453079 0.25695618987083435 0.3382112681865692 -0.9053102731704712 -0.7404529452323914 -0.5330914855003357 -0.4093199074268341,21.12259864807129 -88.08853912353516 1020.6875610351562,0.69
54,561,2,0.9380769729614258,-0.6097695231437683 0.7833383083343506 0.12067385762929916 0.25397664308547974 0.33734452724456787 -0.906473696231842 -0.7507842183113098 -0.5220916867256165 -0.40465205907821655,19.819955825805664 -86.79119873046875 1017.3400878906249,0.69
54,568,2,0.9360661506652832,-0.5923367142677307 0.796777606010437 0.11951075494289398 0.2619721591472626 0.3307421803474426 -0.9066312909126282 -0.7619106769561768 -0.5057225227355957 -0.4046442210674286,7.339929580688477 -86.02281188964844 1008.3707275390625,0.69
54,577,2,0.9409747123718262,-0.5797585248947144 0.8068943023681641 0.11314363032579422 0.271232932806015 0.3220674395561218 -0.9070309996604919 -0.7683180570602417 -0.4951707124710083 -0.405577689409256,-0.8341408967971802 -85.3292236328125 1007.6851806640625,0.69
54,583,2,0.9478039741516113,-0.5626915693283081 0.8193697333335876 0.10959631204605103 0.29048100113868713 0.3200995922088623 -0.901752233505249 -0.7739501595497131 -0.47557270526885986 -0.41812875866889954,-6.787097930908203 -85.8038330078125 1002.6625366210938,0.69
54,588,2,0.9556879997253418,-0.5611182451248169 0.821343183517456 0.10267256200313568 0.2885461747646332 0.3103531002998352 -0.9057715535163879 -0.7758139967918396 -0.47861912846565247 -0.4111402630805969,-6.467897891998291 -82.84455108642578 1003.2347412109375,0.69
54,589,2,0.9510550498962402,-0.5389735698699951 0.8356892466545105 0.10550346970558167 0.300444632768631 0.3077447712421417 -0.902787983417511 -0.7869184017181396 -0.4548809826374054 -0.4169446527957916,-7.6795783042907715 -81.45235443115234 1000.2895507812499,0.69
54,595,2,0.9529757499694824,-0.5378525853157043 0.8376315236091614 0.09533097594976425 0.30636027455329895 0.29955118894577026 -0.9035555124282837 -0.7854030728340149 -0.4567740261554718 -0.4177314043045044,-8.133981704711914 -78.08025360107422 999.950439453125,0.69
54,598,2,0.95263671875,-0.5217264294624329 0.8471071720123291 0.10104826837778091 0.3077879846096039 0.29737377166748047 -0.9037894010543823 -0.7956556677818298 -0.4404293894767761 -0.41587722301483154,-10.453415870666504 -76.25045013427734 1000.9600830078125,0.69
54,604,2,0.95607590675354,-0.5204820036888123 0.8490422964096069 0.09069636464118958 0.3112833797931671 0.2875787913799286 -0.9057600498199463 -0.795110821723938 -0.4431995153427124 -0.41397231817245483,-14.201193809509277 -71.58588409423828 997.575439453125,0.69
54,681,2,0.9648606777191162,-0.37237513065338135 0.9233900308609009 0.09320805966854095 0.3468490242958069 0.23161636292934418 -0.9088727831840515 -0.8608325123786926 -0.30611249804496765 -0.4065250754356384,-80.80642700195312 -72.27027893066406 1011.8380737304689,0.69
54,741,2,0.9736454486846924,-0.27415207028388977 0.9552332162857056 0.11122172325849533 0.3279931843280792 0.20159339904785156 -0.9229195713996887 -0.9040250182151794 -0.2165403515100479 -0.36857718229293823,-86.80310821533203 -59.51336669921875 1015.0560302734375,0.69
54,866,2,0.9712438583374023,-0.1362687051296234 0.9875367283821106 0.0787520706653595 0.3271973729133606 0.11989685148000717 -0.9373188018798828 -0.9350789785385132 -0.10195975005626678 -0.339457631111145,-75.87583923339844 -49.739200592041016 1014.0952148437501,0.69
54,1012,2,0.9609746932983398,0.007219682447612286 0.9950695633888245 0.09891556203365326 0.34423068165779114 0.09039932489395142 -0.9345229268074036 -0.9388573169708252 0.040796730667352676 -0.3418808579444885,-59.302616119384766 -50.3454475402832 1001.3196411132812,0.69
54,1024,2,0.9639179706573486,-0.004237617831677198 0.9944487810134888 0.10513605922460556 0.34897303581237793 0.09999783337116241 -0.9317823052406311 -0.9371231198310852 0.032741110771894455 -0.3474595546722412,-26.272626876831055 -53.07826232910156 993.3906860351562,0.69
54,1025,2,0.9673161506652832,0.0017932597547769547 0.9944036602973938 0.10563163459300995 0.35310298204421997 0.09819778054952621 -0.9304168224334717 -0.93558269739151 0.0389673225581646 -0.35095083713531494,-23.356536865234375 -51.72711181640625 992.754638671875,0.69
54,1028,2,0.9580280780792236,0.010199764743447304 0.9945645332336426 0.1036204919219017 0.3507779836654663 0.0934818685054779 -0.9317810535430908 -0.9364030361175537 0.04585173353552818 -0.3479178547859192,-20.56003189086914 -46.031307220458984 990.4923095703125,0.69
54,1029,2,0.9580671787261963,0.010348711162805557 0.9945251941680908 0.1039835661649704 0.3457864224910736 0.09401443600654602 -0.9335914850234985 -0.9382562041282654 0.04561757296323776 -0.3429203927516937,-20.953134536743164 -44.820106506347656 990.749755859375,0.69
54,1032,2,0.96240234375,0.016257479786872864 0.9944655895233154 0.10379716753959656 0.3471613824367523 0.09173842519521713 -0.9333075284957886 -0.9376644492149353 0.05120759829878807 -0.34374865889549255,-20.37485694885254 -43.28117370605469 987.3175659179688,0.69
54,1033,2,0.9541237354278564,0.019200824201107025 0.9944062232971191 0.10386353731155396 0.3552399277687073 0.09031912684440613 -0.9304015636444092 -0.9345779418945312 0.054760951548814774 -0.35151857137680054,-20.495868682861328 -44.07456970214844 985.8048095703125,0.69
54,1039,2,0.9668283462524414,0.03552993759512901 0.9926489591598511 0.11569664627313614 0.36134257912635803 0.09517709165811539 -0.9275628328323364 -0.9317559599876404 0.07476237416267395 -0.35530468821525574,-31.18278694152832 -52.029117584228516 980.2825927734375,0.69
54,1042,2,0.962890625,0.031903453171253204 0.9933404326438904 0.11071144044399261 0.3588453233242035 0.09199883043766022 -0.9288521409034729 -0.9328516125679016 0.06936188042163849 -0.3535204827785492,-38.743377685546875 -55.528648376464844 979.772216796875,0.69
54,1063,2,0.9594922065734863,0.0868261456489563 0.9910630583763123 0.10126857459545135 0.3771522045135498 0.06138571724295616 -0.9241147041320801 -0.9220724105834961 0.1184309870004654 -0.36845171451568604,-74.50615692138672 -67.19216918945312 975.2160034179688,0.69
54,1068,2,0.9654388427734375,0.09149717539548874 0.9909707903862 0.09800688922405243 0.38795483112335205 0.05517023801803589 -0.9200257658958435 -0.9171255826950073 0.12220200896263123 -0.3794039189815521,-78.9918441772461 -72.28716278076172 973.0223999023438,0.69
54,1080,2,0.9726693630218506,0.10649510473012924 0.989538311958313 0.09732725471258163 0.39494654536247253 0.04773367941379547 -0.9174631834030151 -0.912510871887207 0.13614439964294434 -0.3857313394546509,-86.5613784790039 -77.0975570678711 971.4742431640625,0.69
54,1083,2,0.9760856628417969,0.10287202149629593 0.9900203347206116 0.09631853550672531 0.40353551506996155 0.046968020498752594 -0.9137576818466187 -0.9091625213623047 0.13286805152893066 -0.3946766257286072,-87.60023498535156 -78.0165023803711 972.2498779296875,0.69
54,1089,2,0.970717191696167,0.11528325825929642 0.9885116219520569 0.09774701297283173 0.39033472537994385 0.04540611431002617 -0.9195526838302612 -0.9134268164634705 0.1441630721092224 -0.38061583042144775,-80.30902099609375 -79.03824615478516 972.3784790039062,0.69
54,1096,2,0.9638671875,0.11849358677864075 0.9877152442932129 0.10187233984470367 0.38820382952690125 0.048347849398851395 -0.9203044772148132 -0.9139240384101868 0.14859740436077118 -0.3777059018611908,-74.48387145996094 -74.24332427978516 969.4688720703125,0.69
54,1106,2,0.9648771286010742,0.13200098276138306 0.9866486191749573 0.09539558738470078 0.36549997329711914 0.04101026803255081 -0.929907500743866 -0.9214041829109192 0.1576157957315445 -0.3552066385746002,-66.97669982910156 -56.631065368652344 968.7247924804688,0.69
54,1110,2,0.9702291488647461,0.11649701744318008 0.9889883995056152 0.09127168357372284 0.3620704114437103 0.04328371211886406 -0.9311453104019165 -0.9248424768447876 0.14152242243289948 -0.3530409634113312,-56.46450424194336 -42.54570007324219 971.9427490234375,0.69
54,1111,2,0.9673161506652832,0.10907318443059921 0.9896007180213928 0.09377211332321167 0.37192437052726746 0.04685449227690697 -0.9270797371864319 -0.9218325018882751 0.13599567115306854 -0.36294612288475037,-54.940032958984375 -40.16767883300781 970.7108764648438,0.69
54,1134,2,0.9633965492248535,0.15805841982364655 0.9827384352684021 0.09613955020904541 0.37671151757240295 0.029985515400767326 -0.925845205783844 -0.9127464890480042 0.18255449831485748 -0.36546939611434937,-143.19224548339844 -65.1534652709961 999.197998046875,0.69
54,1178,2,0.960486888885498,0.1829048991203308 0.9801787734031677 0.07612667232751846 0.35601502656936646 0.006142182741314173 -0.9344600439071655 -0.9164054989814758 0.19801954925060272 -0.347834974527359,-158.25619506835938 -47.935638427734375 1052.312255859375,0.69
54,1355,2,0.9614443778991699,0.24582237005233765 0.9669064283370972 0.06828705966472626 0.320862352848053 -0.014692745171487331 -0.9470118284225464 -0.9146685004234314 0.2547074258327484 -0.31385576725006104,-127.93043518066408 -28.136310577392578 1009.7567749023438,0.69
54,1531,2,0.9526596069335938,0.3737984895706177 0.9254981875419617 0.06105612590909004 0.3314707279205322 -0.07181648910045624 -0.9407282471656799 -0.86625736951828 0.3718810975551605 -0.33362042903900146,-125.97292327880861 -17.78512191772461 972.7213745117188,0.69
54,1539,2,0.9550998210906982,0.37812018394470215 0.9243441820144653 0.051118407398462296 0.3234219551086426 -0.0801597535610199 -0.9428534507751465 -0.8674234747886658 0.3730447292327881 -0.32926321029663086,-124.93517303466797 -15.301722526550293 971.9380493164062,0.69
54,1543,2,0.9585161209106445,0.38310506939888 0.9222213625907898 0.05232904106378555 0.3168333172798157 -0.07798057049512863 -0.9452701807022095 -0.8676677346229553 0.3787173628807068 -0.322065144777298,-118.30329132080078 -12.019889831542969 970.3543090820312,0.69
54,1547,2,0.9546117782592773,0.36621469259262085 0.9294182062149048 0.045482832938432693 0.3132188618183136 -0.07709524780511856 -0.9465464949607849 -0.8762310743331909 0.3608853220939636 -0.319344699382782,-111.8172836303711 -6.2572736740112305 971.9389038085938,0.69
54,1550,2,0.95607590675354,0.3826614320278168 0.9225854277610779 0.049055345356464386 0.3106669783592224 -0.07848756015300751 -0.947272777557373 -0.8700898289680481 0.37772464752197266 -0.31665098667144775,-110.87548828125 -4.393076419830322 973.7886352539062,0.69
54,1557,2,0.960956335067749,0.3865506947040558 0.9209477305412292 0.049334604293107986 0.31405845284461975 -0.08114733546972275 -0.9459293484687805 -0.8671481609344482 0.38114356994628906 -0.3205989599227905,-111.0489273071289 -9.107887268066406 970.198974609375,0.69
54,1559,2,0.9590041637420654,0.3778058886528015 0.9245850443840027 0.049042291939258575 0.3029070794582367 -0.07337399572134018 -0.9501912593841553 -0.8749343156814575 0.37384310364723206 -0.30778446793556213,-109.42925262451172 -11.071775436401367 970.8621826171875,0.69
54,1568,2,0.9643726348876953,0.413424015045166 0.9078289270401001 0.07019464671611786 0.3152260184288025 -0.0703762099146843 -0.9464035630226135 -0.8542324900627136 0.41339313983917236 -0.31526651978492737,-121.00300598144531 -12.48429012298584 964.8843383789062,0.69
54,1573,2,0.9580280780792236,0.4126831591129303 0.9080139994621277 0.07213244587182999 0.31122007966041565 -0.0661347508430481 -0.94803386926651 -0.8560575842857361 0.4136866629123688 -0.3098849058151245,-129.6132354736328 -13.686136245727539 956.7762451171875,0.69
54,1580,2,0.9677889347076416,0.4122832119464874 0.9077571630477905 0.07745622098445892 0.31537529826164246 -0.06243940815329552 -0.9469106197357178 -0.8547285795211792 0.41482311487197876 -0.3120269179344177,-136.76031494140625 -16.08658218383789 949.7570190429688,0.69
54,1585,2,0.9629085063934326,0.4171198010444641 0.9053522348403931 0.07967641204595566 0.3132612705230713 -0.06092356890439987 -0.9477108120918274 -0.8531578779220581 0.4202684760093689 -0.30902424454689026,-138.55227661132812 -15.233633995056152 947.3224487304688,0.69
54,1595,2,0.9575400352478027,0.4111187756061554 0.9063996076583862 0.09706264734268188 0.32971328496932983 -0.04858533665537834 -0.9428300857543945 -0.8498650193214417 0.41961798071861267 -0.3188263177871704,-126.18063354492188 -27.012792587280273 949.4434204101562,0.69
54,1597,2,0.9555878639221191,0.4079589545726776 0.9085379242897034 0.09015651047229767 0.3245408236980438 -0.052008673548698425 -0.9444407224655151 -0.8533713817596436 0.4145525395870209 -0.31607505679130554,-123.90352630615234 -27.610097885131836 948.195556640625,0.69
54,1605,2,0.9570519924163818,0.40845587849617004 0.9082638621330261 0.09066719561815262 0.3210088610649109 -0.049951035529375076 -0.945758044719696 -0.8544689416885376 0.41540539264678955 -0.3119635283946991,-112.14335632324219 -30.4586124420166 950.2529296875,0.69
54,1613,2,0.9492433071136475,0.40485677123069763 0.9107425212860107 0.08147956430912018 0.3134303390979767 -0.05451386049389839 -0.9480451941490173 -0.8589832782745361 0.4093606472015381 -0.3075246810913086,-107.65029907226562 -23.817588806152344 949.7471923828125,0.69
54,1619,2,0.9521715641021729,0.40614253282546997 0.9107956886291504 0.07415857911109924 0.30567124485969543 -0.05892904847860336 -0.9503117799758911 -0.8611697554588318 0.4086301922798157 -0.302337646484375,-104.71953582763672 -17.877384185791016 947.6234130859375,0.69
54,1625,2,0.9492433071136475,0.4125082194805145 0.9079667329788208 0.07371106743812561 0.3163488209247589 -0.06690235435962677 -0.946280837059021 -0.8542601466178894 0.4136670231819153 -0.31483200192451477,-99.29895782470703 -18.92722511291504 954.0119018554688,0.69
54,1663,2,0.9376182556152344,0.4158264398574829 0.9054723381996155 0.08489999920129776 0.3249620199203491 -0.0607433021068573 -0.9437742829322815 -0.8494044542312622 0.42003560066223145 -0.3195028603076935,-99.49977111816406 -33.80693817138672 939.939697265625,0.69
54,1844,2,0.943901538848877,0.5086473822593689 0.8581202030181885 0.07005329430103302 0.30020180344581604 -0.10050654411315918 -0.9485659003257751 -0.8069428205490112 0.5035157203674316 -0.30873164534568787,-104.96987915039062 -38.39069747924805 896.0885620117188,0.69
