scene_id,im_id,obj_id,score,R,t,time
50,620,10,0.9469919204711914,0.39412060379981995 -0.9179648160934448 -0.04482751339673996 -0.37200090289115906 -0.1147342249751091 -0.9211142063140869 0.840407133102417 0.37970593571662903 -0.38670289516448975,-10.243180274963379 84.37040710449219 826.06982421875,0.69
50,623,10,0.9497313499450684,0.3931324779987335 -0.9183685779571533 -0.04523342475295067 -0.3744020462036133 -0.11495356261730194 -0.9201134443283081 0.8398034572601318 0.37866199016571045 -0.3890310823917389,-9.565115928649902 80.70314025878906 824.9892578125,0.69
50,629,10,0.94873046875,0.4067613184452057 -0.9123789072036743 -0.04593569040298462 -0.36972904205322266 -0.1184365302324295 -0.9215602874755859 0.8353715538978577 0.39183881878852844 -0.38550835847854614,-5.760138511657715 75.86497497558594 814.845703125,0.69
50,633,10,0.94677734375,0.3947831392288208 -0.9176594614982605 -0.04524846747517586 -0.37998250126838684 -0.11823499947786331 -0.9174060225486755 0.8365163803100586 0.3793700337409973 -0.3953717350959778,-1.8973817825317383 73.98570251464844 819.9027709960938,0.69
50,640,10,0.94775390625,0.40140780806541443 -0.9142600893974304 -0.054774753749370575 -0.37982630729675293 -0.11174777150154114 -0.9182834625244141 0.8334288597106934 0.389411062002182 -0.392116516828537,8.0692720413208 74.5773696899414 816.0452880859375,0.69
50,642,10,0.95068359375,0.39462709426879883 -0.9174887537956238 -0.049837421625852585 -0.3790755867958069 -0.11315862089395523 -0.9184207916259766 0.8370013236999512 0.3813258707523346 -0.39245304465293884,8.471521377563477 74.71717834472656 820.7377319335938,0.69
50,644,10,0.94775390625,0.39821815490722656 -0.9160565137863159 -0.04756711795926094 -0.3748789429664612 -0.11519720405340195 -0.9198887944221497 0.8371905088424683 0.38414832949638367 -0.3892839848995209,8.650544166564941 73.59043884277344 818.927978515625,0.69
50,651,10,0.9415948390960693,0.4048192799091339 -0.9128450751304626 -0.05324624106287956 -0.38417547941207886 -0.11695029586553574 -0.9158229827880859 0.8297774195671082 0.3911987245082855 -0.3980364501476288,13.783233642578125 69.6937255859375 811.887939453125,0.69
50,653,10,0.9492909908294678,0.40493345260620117 -0.9130582213401794 -0.048515137284994125 -0.3800934851169586 -0.1198355033993721 -0.9171523451805115 0.8315996527671814 0.3898259699344635 -0.39557281136512756,16.074453353881836 70.24150085449219 811.7089233398438,0.69
50,660,10,0.94677734375,0.40330371260643005 -0.9137747883796692 -0.04859834909439087 -0.3774806559085846 -0.11775524169206619 -0.9184999465942383 0.8335793018341064 0.38877934217453003 -0.39242345094680786,21.2632999420166 72.39433288574219 808.4566650390625,0.69
50,662,10,0.951171875,0.39582309126853943 -0.916867733001709 -0.0517461858689785 -0.37988993525505066 -0.11218155920505524 -0.9182041883468628 0.8360667824745178 0.38310423493385315 -0.39271286129951477,21.247190475463867 73.9665298461914 812.184326171875,0.69
50,671,10,0.9448771476745605,0.4014386832714081 -0.9141659736633301 -0.05610409379005432 -0.3849216103553772 -0.11281261593103409 -0.9160287380218506 0.8310730457305908 0.3893250823020935 -0.3971695303916931,27.945392608642578 72.2996826171875 808.1445922851562,0.69
50,681,10,0.9472911357879639,0.39517512917518616 -0.9161050319671631 -0.06773701310157776 -0.38954734802246094 -0.10034281015396118 -0.9155240058898926 0.831919252872467 0.38817909359931946 -0.3965192139148712,35.35573959350586 72.95213317871094 806.5584106445312,0.69
50,682,10,0.9492433071136475,0.39231765270233154 -0.9176043272018433 -0.06394713371992111 -0.3903651535511017 -0.10314272344112396 -0.9148643016815186 0.8328876495361328 0.3838801681995392 -0.3986654579639435,36.20450210571289 73.95967102050781 807.3484497070312,0.69
50,701,10,0.9487552642822266,0.376372754573822 -0.9241170883178711 -0.0659642294049263 -0.38972043991088867 -0.09332608431577682 -0.9161922931671143 0.8405126929283142 0.3705374300479889 -0.3952726721763611,39.28239059448242 84.42367553710938 806.5678100585938,0.69
50,712,10,0.9443628787994385,0.367962509393692 -0.9269627928733826 -0.07310085743665695 -0.38615357875823975 -0.08082159608602524 -0.9188870191574097 0.8458659052848816 0.3663440942764282 -0.3876892924308777,48.6052360534668 91.16127014160156 806.3479614257812,0.69
50,721,10,0.9448509216308594,0.3728765547275543 -0.9250168800354004 -0.07284756004810333 -0.39462921023368835 -0.0870402380824089 -0.9147085547447205 0.8397802710533142 0.369821161031723 -0.39749395847320557,59.02475357055664 89.32357025146484 804.58837890625,0.69
50,722,10,0.9443628787994385,0.3726233243942261 -0.925134539604187 -0.07264978438615799 -0.39265185594558716 -0.08624758571386337 -0.9156341552734375 0.8408188819885254 0.3697127401828766 -0.39539363980293274,59.87969970703125 90.08610534667969 804.09716796875,0.69
50,735,10,0.94580078125,0.3722263276576996 -0.9250292778015137 -0.07595177739858627 -0.3906770944595337 -0.08192389458417892 -0.9168751239776611 0.8419139981269836 0.3709576725959778 -0.39188188314437866,67.83211517333984 89.84270477294922 802.6602172851562,0.69
50,737,10,0.9478521347045898,0.3615279495716095 -0.9293766021728516 -0.07454358786344528 -0.39560848474502563 -0.08051076531410217 -0.9148836135864258 0.8442698121070862 0.36024606227874756 -0.39677610993385315,68.758544921875 89.85482788085938 802.4444580078125,0.69
50,751,10,0.94246506690979,0.3688361644744873 -0.9261475801467896 -0.07880643010139465 -0.3857741355895996 -0.07539226859807968 -0.9195076823234558 0.8456583619117737 0.3695491552352905 -0.38509127497673035,75.14598846435547 92.77396392822266 802.9208984375,0.69
50,757,10,0.9448771476745605,0.3754657506942749 -0.9230638742446899 -0.0835382416844368 -0.38638004660606384 -0.07396017014980316 -0.9193695187568665 0.8424583077430725 0.3774692714214325 -0.3844229578971863,75.79859924316406 92.14453125 796.1753540039062,0.69
50,769,10,0.941462516784668,0.36118602752685547 -0.9282715320587158 -0.08863838016986847 -0.395472913980484 -0.06640296429395676 -0.9160741567611694 0.8444796204566956 0.36592724919319153 -0.3910900950431824,79.60086059570312 92.7456283569336 795.7777099609375,0.69
50,923,10,0.939453125,0.23212604224681854 -0.9669108390808105 -0.10583443194627762 -0.4414193332195282 -0.007759918458759785 -0.8972673416137695 0.86675626039505 0.25499647855758667 -0.42861443758010864,96.70413208007812 77.60858154296875 763.5032958984375,0.69
50,1026,10,0.9248411655426025,0.12993665039539337 -0.9851927161216736 -0.11185599118471146 -0.45510491728782654 0.040967147797346115 -0.8894948363304138 0.8809064030647278 0.16648419201374054 -0.4430428743362427,78.02862548828125 84.61477661132812 734.3001098632812,0.69
50,1044,10,0.9238650798797607,0.08578996360301971 -0.9901536107063293 -0.1106158122420311 -0.4722939729690552 0.05734129995107651 -0.8795740008354187 0.8772561550140381 0.1277018040418625 -0.46272432804107666,69.68518829345703 85.75050354003906 727.9908447265625,0.69
50,1052,10,0.9238650798797607,0.07499662041664124 -0.9911656379699707 -0.10938892513513565 -0.47682759165763855 0.06069875508546829 -0.8768985271453857 0.8757915496826172 0.11792407929897308 -0.46806299686431885,67.1905746459961 85.05360412597656 724.9713134765625,0.69
50,1058,10,0.9233770370483398,0.06946446746587753 -0.9922916889190674 -0.10262556374073029 -0.4691990315914154 0.0582868754863739 -0.8811668753623962 0.8803561329841614 0.10936159640550613 -0.46153339743614197,67.63792419433594 84.53378295898438 722.5669555664062,0.69
50,1066,10,0.9258172512054443,0.06460271030664444 -0.9923061728477478 -0.10561631619930267 -0.47852128744125366 0.062070924788713455 -0.8758792877197266 0.8756961822509766 0.10712382942438126 -0.47082972526550293,66.48438262939453 82.2494125366211 717.6367797851562,0.69
50,1077,10,0.9175205230712891,0.06304768472909927 -0.9922373294830322 -0.10719136893749237 -0.4789625108242035 0.0641452744603157 -0.8754885196685791 0.8755683302879333 0.10653817653656006 -0.4712003171443939,67.22454833984375 85.18383026123047 711.157958984375,0.69
50,1094,10,0.9214248657226562,0.04029014706611633 -0.9942218065261841 -0.09949793666601181 -0.4697716236114502 0.06903833150863647 -0.8800843358039856 0.8818681240081787 0.08220003545284271 -0.46427562832832336,67.59062194824219 94.32339477539062 709.0234985351562,0.69
50,1098,10,0.9254002571105957,0.051339756697416306 -0.9922698736190796 -0.11298144608736038 -0.47034135460853577 0.07577469944953918 -0.8792253732681274 0.8809899687767029 0.09827906638383865 -0.4628152549266815,67.0176010131836 94.49358367919922 708.5919189453125,0.69
50,1105,10,0.9177136421203613,0.023361317813396454 -0.9955906867980957 -0.09084869176149368 -0.46966564655303955 0.0692913606762886 -0.8801209330558777 0.8825352191925049 0.06322930008172989 -0.46597597002983093,67.4166259765625 95.23116302490234 702.0638427734375,0.69
50,1113,10,0.9170324802398682,0.04002286121249199 -0.9944119453430176 -0.09768901020288467 -0.45339536666870117 0.06904913485050201 -0.8886308670043945 0.8904104232788086 0.07985729724168777 -0.44809824228286743,68.886962890625 100.21282196044922 700.524169921875,0.69
50,1125,10,0.912682056427002,0.03243599832057953 -0.9953732490539551 -0.0904431939125061 -0.4564744234085083 0.06574860215187073 -0.88730388879776 0.8891450762748718 0.07006558775901794 -0.4522298276424408,66.23712158203125 98.1219253540039 695.6257934570312,0.69
50,1130,10,0.9107308387756348,0.0167610552161932 -0.9960734248161316 -0.08692999929189682 -0.4572843015193939 0.06968000531196594 -0.886586606502533 0.8891626000404358 0.054611850529909134 -0.45432084798812866,64.77696228027344 98.02202606201172 695.9193115234375,0.69
50,1145,10,0.9146738052368164,0.016194045543670654 -0.9959400296211243 -0.0885508581995964 -0.46252498030662537 0.07105554640293121 -0.8837543725967407 0.8864583373069763 0.055268544703722 -0.45949649810791016,64.6668930053711 93.84342193603516 688.3587036132812,0.69
50,1150,10,0.9161365032196045,0.029575437307357788 -0.994843602180481 -0.09701347351074219 -0.45410627126693726 0.07308907061815262 -0.8879445791244507 0.89045649766922 0.07031577080488205 -0.44960302114486694,65.76602935791016 92.7125015258789 692.4464721679688,0.69
50,1169,10,0.9107308387756348,-0.003219833131879568 -0.9959632158279419 -0.08970481902360916 -0.4706560969352722 0.08065769076347351 -0.8786223530769348 0.8823108673095703 0.03939110040664673 -0.469015896320343,67.07801818847656 89.33621215820312 698.8206787109375,0.69
50,1189,10,0.905184268951416,0.00398044241592288 -0.9955835938453674 -0.09379534423351288 -0.4695660471916199 0.0809512808918953 -0.8791783452033997 0.8828884363174438 0.04754263162612915 -0.46717002987861633,68.92941284179688 90.12398529052734 697.331298828125,0.69
50,1192,10,0.9167017936706543,0.0010978550417348742 -0.9963449239730835 -0.08541467040777206 -0.46233657002449036 0.0752318874001503 -0.883507251739502 0.8867039084434509 0.040460292249917984 -0.4605640769004822,68.8694839477539 92.7232437133789 693.347900390625,0.69
50,1209,10,0.9039015769958496,-0.0490570068359375 -0.9960097670555115 -0.07455175369977951 -0.4552720785140991 0.08873521536588669 -0.8859195709228516 0.8889998197555542 -0.00951923243701458 -0.45780858397483826,66.22674560546875 99.88870239257812 696.7852172851562,0.69
50,1216,10,0.9034597873687744,-0.048744264990091324 -0.9954602718353271 -0.08174850791692734 -0.4598618745803833 0.09502208232879639 -0.8828917741775513 0.8866515755653381 -0.005442878231406212 -0.4624060094356537,66.79594421386719 98.470458984375 697.7232666015625,0.69
50,1242,10,0.9117898941040039,-0.07093532383441925 -0.9948996901512146 -0.07171367108821869 -0.45366188883781433 0.09620718657970428 -0.8859656453132629 0.8883461952209473 -0.03031250275671482 -0.45817258954048157,60.90011978149414 102.89350128173828 691.7603149414062,0.69
50,1246,10,0.9041256904602051,-0.07314948737621307 -0.9948316812515259 -0.07042060047388077 -0.45468375086784363 0.09611067920923233 -0.8854520916938782 0.8876439929008484 -0.03275127336382866 -0.4593642055988312,58.417537689208984 102.40756225585938 688.9871215820312,0.69
50,1263,10,0.9016327857971191,-0.09034979343414307 -0.993383526802063 -0.07089424133300781 -0.4655056595802307 0.10505441576242447 -0.8787877559661865 0.8804211020469666 -0.04639662057161331 -0.4719173312187195,59.0648078918457 96.13418579101562 691.4203491210938,0.69
50,1266,10,0.9037685394287109,-0.12033869326114655 -0.9913163185119629 -0.053015511482954025 -0.47219765186309814 0.10413346439599991 -0.875320315361023 0.8732399344444275 -0.08030109852552414 -0.48062849044799805,60.268733978271484 94.44434356689453 693.2448120117188,0.69
50,1280,10,0.8857903480529785,-0.13822637498378754 -0.989236056804657 -0.04801579937338829 -0.47745975852012634 0.10903433710336685 -0.8718621730804443 0.8677129149436951 -0.09758873283863068 -0.4873918294906616,61.420326232910156 91.26618194580078 693.4254760742188,0.69
50,1284,10,0.8832013607025146,-0.11777195334434509 -0.991020679473877 -0.06330753862857819 -0.475847065448761 0.11227481812238693 -0.8723324537277222 0.8716073036193848 -0.07261159271001816 -0.48479706048965454,62.44477844238281 89.80082702636719 692.6304321289062,0.69
50,1324,10,0.8910863399505615,-0.18377946317195892 -0.9818755388259888 -0.04632052034139633 -0.4779645800590515 0.13044008612632751 -0.8686399459838867 0.8589382171630859 -0.1374986171722412 -0.4932739734649658,53.85164260864258 82.82186126708984 699.894287109375,0.69
50,1480,10,0.9029722213745117,-0.267547070980072 -0.9634653329849243 -0.01237534824758768 -0.446754515171051 0.13541948795318604 -0.8843483328819275 0.8537147641181946 -0.23107607662677765 -0.46666356921195984,73.30140686035156 109.17723083496094 769.5091552734375,0.69
50,1542,10,0.8914237022399902,-0.240655317902565 -0.9688858389854431 -0.05783792957663536 -0.4809185266494751 0.17078843712806702 -0.8599701523780823 0.8430909514427185 -0.1791410595178604 -0.5070562958717346,76.02153015136719 62.71994018554687 777.2008666992188,0.69
50,1564,10,0.9006738662719727,-0.26734596490859985 -0.9626179337501526 -0.0435049943625927 -0.49068737030029297 0.17485608160495758 -0.8536106944084167 0.8293080925941467 -0.20686204731464386 -0.5190915465354919,76.39892578125 58.70661163330078 775.089111328125,0.69
50,1592,10,0.8934688568115234,-0.3276797831058502 -0.9447340965270996 -0.010164367966353893 -0.4868639409542084 0.17806847393512726 -0.8551344871520996 0.8096848130226135 -0.27526161074638367 -0.5183064341545105,81.00018310546875 63.43447494506836 777.0285034179688,0.69
50,1593,10,0.8938579559326172,-0.31916913390159607 -0.9475078582763672 -0.018976885825395584 -0.47926416993141174 0.1786508858203888 -0.8592960834503174 0.817579984664917 -0.26516586542129517 -0.5111263990402222,81.1588363647461 63.33945083618164 776.5819702148438,0.69
50,1613,10,0.897758960723877,-0.3564035892486572 -0.9343319535255432 0.0005499402759596705 -0.4837835729122162 0.1840370148420334 -0.855618953704834 0.79933100938797 -0.30521172285079956 -0.5176058411598206,77.7791519165039 67.5506591796875 772.7001342773438,0.69
50,1629,10,0.8923344612121582,-0.35212329030036926 -0.9359529614448547 -0.0011846031993627548 -0.4785729646682739 0.1811356544494629 -0.8591611385345459 0.8043489456176758 -0.301963746547699 -0.5117038488388062,75.35209655761719 67.5146255493164 765.3355102539062,0.69
50,1656,10,0.905498743057251,-0.35132700204849243 -0.936241090297699 -0.004677616059780121 -0.49193423986434937 0.1888459175825119 -0.8499045968055725 0.7965990304946899 -0.29629334807395935 -0.5269157290458679,76.12789916992188 59.02423858642578 764.3499145507812,0.69
50,1658,10,0.9045686721801758,-0.3500204086303711 -0.9367371201515198 -0.00304197845980525 -0.48460373282432556 0.18385380506515503 -0.855194091796875 0.8016513586044312 -0.2978612184524536 -0.5182989239692688,76.83184051513672 57.550960540771484 761.4396362304688,0.69
50,1669,10,0.9012060165405273,-0.3728775382041931 -0.9278510808944702 0.007390875834971666 -0.47235527634620667 0.18295837938785553 -0.8622103333473206 0.7986506819725037 -0.32499000430107117 -0.5064963698387146,72.21277618408203 60.725799560546875 751.7086181640625,0.69
50,1678,10,0.8927183151245117,-0.3949533998966217 -0.9185323715209961 0.017616456374526024 -0.47327855229377747 0.1869918555021286 -0.8608376979827881 0.7874130606651306 -0.34832826256752014 -0.5085746645927429,65.15788269042969 65.61407470703125 746.01708984375,0.69
50,1695,10,0.8982863426208496,-0.3862141966819763 -0.9222362041473389 0.017862290143966675 -0.46798622608184814 0.1792224496603012 -0.8653717041015625 0.7948758006095886 -0.34257814288139343 -0.5008121132850647,59.338104248046875 61.212257385253906 736.2714233398438,0.69
50,1708,10,0.8862791061401367,-0.3773031234741211 -0.9259948134422302 0.013260550796985626 -0.4788317382335663 0.1828070431947708 -0.8586627840995789 0.7926931977272034 -0.330325722694397 -0.5123693943023682,53.92839431762695 62.79823303222656 729.6345825195312,0.69
50,1711,10,0.8849220275878906,-0.39184296131134033 -0.9196166396141052 0.02764960192143917 -0.47313717007637024 0.1756444126367569 -0.8633019924163818 0.789050281047821 -0.35136082768440247 -0.5039297938346863,53.78132629394531 63.01499938964844 727.2069091796875,0.69
50,1713,10,0.8900113105773926,-0.38933834433555603 -0.9206917881965637 0.027242736890912056 -0.4771363139152527 0.1762939840555191 -0.860965371131897 0.7878810167312622 -0.3482053279876709 -0.5079335570335388,55.38901138305664 62.25202560424805 726.327392578125,0.69
50,1714,10,0.8883678913116455,-0.36631906032562256 -0.930383563041687 0.014032689854502678 -0.4868335723876953 0.1787847876548767 -0.8550024628639221 0.7929713129997253 -0.32003527879714966 -0.5184341073036194,55.61689758300781 60.734012603759766 724.4348754882812,0.69
50,1718,10,0.8984863758087158,-0.36940452456474304 -0.9291512370109558 0.014775516465306282 -0.4832402169704437 0.17849308252334595 -0.8570992350578308 0.7937374114990234 -0.32375645637512207 -0.5149394273757935,58.40788269042969 55.69394302368164 722.5941162109375,0.69
50,1719,10,0.9045686721801758,-0.3634921908378601 -0.931492269039154 0.013990476727485657 -0.48820310831069946 0.1776760071516037 -0.8544524312019348 0.7934300303459167 -0.3174169957637787 -0.519341230392456,58.481346130371094 54.73967742919922 722.7598876953125,0.69
50,1733,10,0.8822636604309082,-0.40382322669029236 -0.9142066240310669 0.033959291875362396 -0.4689824879169464 0.1750015914440155 -0.8656962513923645 0.7854821681976318 -0.3655145466327667 -0.4994165599346161,57.03805923461914 67.29524993896484 709.91357421875,0.69
50,1743,10,0.8902606964111328,-0.3661120533943176 -0.9303526878356934 0.02014315128326416 -0.48655134439468384 0.17292621731758118 -0.8563668727874756 0.7932400107383728 -0.3233269155025482 -0.515974760055542,66.0121078491211 65.43017578125 714.3251342773438,0.69
50,1745,10,0.8820605278015137,-0.28966113924980164 -0.9562345743179321 -0.04137346148490906 -0.47388869524002075 0.18083786964416504 -0.8618161678314209 0.831580400466919 -0.23002824187278748 -0.5055304169654846,67.09100341796875 63.565135955810554 713.3732299804688,0.69
50,1756,10,0.8910250663757324,-0.3656345307826996 -0.9305433630943298 0.02001349627971649 -0.47361311316490173 0.1674983650445938 -0.8646588921546936 0.8012502789497375 -0.32562780380249023 -0.5019607543945312,67.25823211669922 63.33432388305664 713.27392578125,0.69
50,1778,10,0.8953378200531006,-0.3555063307285309 -0.9345588088035583 0.014661278575658798 -0.4709727168083191 0.16556495428085327 -0.8664714694023132 0.8073412179946899 -0.3149411678314209 -0.4990110993385315,77.42224884033203 58.444580078125 714.4351806640625,0.69
50,1782,10,0.8967041969299316,-0.3760969936847687 -0.9259825944900513 0.033273499459028244 -0.475299596786499 0.16197310388088226 -0.8647860884666443 0.7953875064849854 -0.34105828404426575 -0.5010367631912231,75.7807846069336 56.498809814453125 712.4869995117188,0.69
50,1874,10,0.8797237873077393,-0.4275067448616028 -0.903374969959259 0.03393599018454552 -0.4554281532764435 0.18279235064983368 -0.8713048696517944 0.7809116840362549 -0.38794413208961487 -0.4895673990249634,71.25718688964844 67.81453704833984 685.9553833007812,0.69
56,1,10,0.8631384372711182,0.8950983285903931 0.43494582176208496 0.09808789938688278 0.2684795558452606 -0.3501398265361786 -0.8973967432975769 -0.3559744358062744 0.8295929431915283 -0.4301835894584656,-5.605224609375 93.88677978515625 813.05126953125,0.69
56,24,10,0.8570213317871094,0.9004873633384705 0.4253532886505127 0.09053722023963928 0.25696197152137756 -0.35246115922927856 -0.8998563885688782 -0.3508460819721222 0.8335739970207214 -0.42668646574020386,1.0205059051513672 98.69522857666016 814.41455078125,0.69
56,32,10,0.8662319183349609,0.8992878198623657 0.4248613715171814 0.1037985160946846 0.2637183368206024 -0.3374289572238922 -0.9036560654640198 -0.34890395402908325 0.840020477771759 -0.41548952460289,9.440316200256348 100.5591049194336 813.5468139648438,0.69
56,39,10,0.8696365356445312,0.8966752290725708 0.4329177737236023 0.09249715507030487 0.25796881318092346 -0.3411863148212433 -0.9039048552513123 -0.3597577214241028 0.8343704342842102 -0.41761261224746704,12.67141056060791 102.56092834472656 824.163330078125,0.69
56,46,10,0.8486518859863281,0.9099092483520508 0.3989619016647339 0.11355400085449219 0.2603743076324463 -0.33622872829437256 -0.9050721526145935 -0.3229091763496399 0.853100061416626 -0.40981703996658325,11.980070114135742 104.0326156616211 820.5322265625,0.69
56,53,10,0.8670186996459961,0.9090299010276794 0.40630918741226196 0.0926140546798706 0.2453678399324417 -0.342212051153183 -0.907020092010498 -0.33683696389198303 0.8472329378128052 -0.4107762277126312,14.09477710723877 100.29312133789062 823.7910766601562,0.69
56,62,10,0.8573441505432129,0.917576253414154 0.37995752692222595 0.1169874519109726 0.25693821907043457 -0.3422115743160248 -0.9038107395172119 -0.3033752739429474 0.8593738079071045 -0.4116308093070984,14.894950866699219 100.95001983642578 821.039794921875,0.69
56,75,10,0.8537979125976562,0.9251292943954468 0.3628894090652466 0.11156599223613739 0.24766017496585846 -0.35411959886550903 -0.901811420917511 -0.2877500653266907 0.8619226217269897 -0.4174797236919403,7.122520446777344 99.4846420288086 820.798583984375,0.69
56,85,10,0.8712804317474365,0.9245594143867493 0.35918480157852173 0.12718601524829865 0.25849318504333496 -0.34600749611854553 -0.9019202589988708 -0.27994871139526367 0.8667556047439575 -0.41275128722190857,9.659170150756836 101.27276611328125 829.3892822265625,0.69
56,98,10,0.8606865406036377,0.9270085096359253 0.35492730140686035 0.121168352663517 0.25415000319480896 -0.35692229866981506 -0.8988960981369019 -0.2757951021194458 0.8640792965888977 -0.421074777841568,13.816411018371582 92.0109634399414 833.7098388671875,0.69
56,104,10,0.8684799671173096,0.9279367923736572 0.3575504720211029 0.10531318187713623 0.23987150192260742 -0.3565739691257477 -0.902948796749115 -0.28529787063598633 0.8631410598754883 -0.4166443347930908,23.8603572845459 90.61514282226562 835.3299560546875,0.69
56,107,10,0.8675057888031006,0.9350504279136658 0.335714727640152 0.11391350626945496 0.23825831711292267 -0.3571576178073883 -0.9031452536582947 -0.2625141143798828 0.8716272115707397 -0.4139472246170044,25.680925369262695 87.96662139892578 830.6633911132812,0.69
56,116,10,0.8780479431152344,0.9312151074409485 0.3493410050868988 0.10391909629106522 0.23801785707473755 -0.3669608533382416 -0.8992704153060913 -0.27601778507232666 0.8621487617492676 -0.42486894130706787,33.5931282043457 83.92550659179688 835.1231079101562,0.69
56,119,10,0.8671431541442871,0.9298199415206909 0.3523389995098114 0.10626440495252609 0.239847332239151 -0.36117926239967346 -0.9011231064796448 -0.2791203260421753 0.8633694648742676 -0.4203392267227173,37.62253952026367 84.29096984863281 827.3399658203125,0.69
56,128,10,0.8679928779602051,0.9293970465660095 0.34887179732322693 0.12045582383871078 0.2535523772239685 -0.3663560450077057 -0.8952623009681702 -0.268202006816864 0.8625959753990173 -0.42894747853279114,39.454933166503906 82.21641540527344 830.3224487304688,0.69
56,132,10,0.8669557571411133,0.938225269317627 0.3304676413536072 0.10258880257606506 0.22885136306285858 -0.37024185061454773 -0.90030437707901 -0.25953879952430725 0.868165910243988 -0.42299824953079224,39.03402328491211 80.67678833007812 835.216796875,0.69
56,140,10,0.8755488395690918,0.9392848610877991 0.3289850056171417 0.09753318876028061 0.22417500615119934 -0.3731369078159332 -0.9002857208251953 -0.25978729128837585 0.8674892783164978 -0.4242320954799652,44.97636795043945 83.99927520751953 833.9395751953125,0.69
56,143,10,0.8683550357818604,0.9385924339294434 0.3306827247142792 0.09845425188541412 0.22275935113430023 -0.36287614703178406 -0.9048200249671936 -0.26348161697387695 0.8711888194084167 -0.4142554700374603,48.66421890258789 86.65495300292969 830.3972778320312,0.69
56,254,10,0.8927841186523438,0.978375256061554 0.1950308382511139 0.06888248771429062 0.13976238667964935 -0.3778647780418396 -0.9152511358261108 -0.15247394144535065 0.9050862789154053 -0.3969515264034271,34.530330657958984 96.97344207763672 840.345947265625,0.69
56,357,10,0.9136576652526855,0.9987891316413879 0.036652322858572006 0.03281861171126366 0.04494095593690872 -0.4082689583301544 -0.9117547869682312 -0.020019110292196274 0.9121256470680237 -0.40942174196243286,9.40873908996582 99.39138793945312 806.4833984375,0.69
56,498,10,0.9204487800598145,0.990990400314331 -0.12513872981071472 0.04773249477148056 -0.00778936455026269 -0.4096372425556183 -0.9122151732444763 0.1337064802646637 0.9036246538162231 -0.4069213271141052,8.547619819641113 96.39935302734375 820.492431640625,0.69
56,515,10,0.92529296875,0.9904075860977173 -0.13288135826587677 0.03788464143872261 -0.020226359367370605 -0.41064369678497314 -0.9115715026855469 0.1366879642009735 0.9020611047744751 -0.409392386674881,11.120824813842773 89.06826782226562 806.7688598632812,0.69
56,517,10,0.923828125,0.9898573160171509 -0.13764360547065735 0.03516686335206032 -0.02428167499601841 -0.4078184962272644 -0.9127401113510132 0.13997453451156616 0.9026285409927368 -0.4070243537425995,11.915397644042969 89.3335189819336 804.3970336914062,0.69
56,522,10,0.9345703125,0.9874317049980164 -0.15066182613372803 0.04774586856365204 -0.017702214419841766 -0.40563055872917175 -0.9138656854629517 0.15705184638500214 0.9015347361564636 -0.40319955348968506,5.828868389129639 88.0802230834961 799.2711181640625,0.69
56,527,10,0.9170324802398682,0.9874586462974548 -0.14884275197982788 0.052642080932855606 -0.014003793708980083 -0.41469714045524597 -0.9098516702651978 0.1572553664445877 0.8977037072181702 -0.4115806519985199,17.657726287841797 89.52204132080078 808.9140014648438,0.69
56,535,10,0.9243893623352051,0.9914407730102539 -0.12631355226039886 0.0330168791115284 -0.020159929990768433 -0.3979749381542206 -0.9171746969223022 0.12899149954319 0.9086588025093079 -0.3971150517463684,31.84929466247559 101.16553497314453 809.4824829101562,0.69
56,538,10,0.9175205230712891,0.9913359880447388 -0.12829312682151794 0.028174154460430145 -0.023507917299866676 -0.3843241333961487 -0.9228988885879517 0.1292295902967453 0.9142405986785889 -0.3840102553367615,31.2113094329834 103.60291290283203 806.5845336914062,0.69
56,551,10,0.92431640625,0.9899876117706299 -0.13631002604961395 0.0366620235145092 -0.019714338704943657 -0.3907061815261841 -0.9203042984008789 0.1397707760334015 0.9103670716285706 -0.3894815742969513,30.772491455078125 103.32405853271484 817.764892578125,0.69
56,553,10,0.92529296875,0.9902642965316772 -0.13311155140399933 0.04071817174553871 -0.01572507806122303 -0.3976176381111145 -0.9174164533615112 0.13830898702144623 0.9078444838523865 -0.39583975076675415,34.02873992919922 101.34999084472656 819.4434204101562,0.69
56,559,10,0.9296875,0.9906279444694519 -0.13192671537399292 0.03538103029131889 -0.01997016929090023 -0.3961426615715027 -0.9179718494415283 0.1351209282875061 0.9086619019508362 -0.39506450295448303,43.45175552368164 95.19873809814453 824.4088134765625,0.69
56,563,10,0.9322576522827148,0.9906705021858215 -0.1310230940580368 0.03748323768377304 -0.018516061827540398 -0.4019061326980591 -0.9154936671257019 0.1350155472755432 0.9062584638595581 -0.40058255195617676,46.66588592529297 90.81198120117188 825.9821166992188,0.69
56,567,10,0.9287109375,0.9910720586776733 -0.13052873313426971 0.027172420173883438 -0.02695142664015293 -0.39573124051094055 -0.9179708361625671 0.1305745393037796 0.9090428948402405 -0.39571613073349,51.775569915771484 89.55390167236328 826.4459228515625,0.69
56,570,10,0.93310546875,0.9910572171211243 -0.12943832576274872 0.032425325363874435 -0.02271425537765026 -0.40309739112854004 -0.9148751497268677 0.13149046897888184 0.9059571027755737 -0.4024326205253601,57.15706253051758 88.29777526855469 831.1144409179688,0.69
56,575,10,0.9317386150360107,0.9912676215171814 -0.1266256719827652 0.036803875118494034 -0.015823502093553543 -0.39130666851997375 -0.9201242923736572 0.13091295957565308 0.9115070104598999 -0.3898932635784149,60.12555694580078 93.4752426147461 822.731201171875,0.69
56,578,10,0.934145450592041,0.9907300472259521 -0.13219663500785828 0.03127375617623329 -0.023737488314509392 -0.3951427936553955 -0.9183129668235779 0.13375547528266907 0.9090578556060791 -0.39461782574653625,61.24897766113281 94.35889434814453 829.88916015625,0.69
56,587,10,0.93212890625,0.9906023740768433 -0.13320665061473846 0.031030215322971344 -0.02271905541419983 -0.3839777112007141 -0.9230628609657288 0.13487301766872406 0.913683295249939 -0.38339561223983765,60.28830337524414 99.9856185913086 829.4348754882812,0.69
56,589,10,0.93701171875,0.9891683459281921 -0.1429215371608734 0.033456526696681976 -0.02311921864748001 -0.37678027153015137 -0.9260141253471375 0.14495310187339783 0.9152103662490845 -0.3760033845901489,56.853424072265625 100.40717315673828 829.8346557617188,0.69
56,596,10,0.935546875,0.9871219396591187 -0.15461641550064087 0.041036900132894516 -0.02219371497631073 -0.3864162266254425 -0.9220574498176575 0.1584225296974182 0.9092724323272705 -0.3848714530467987,60.646018981933594 100.29166412353516 842.2911376953125,0.69
56,598,10,0.9355781078338623,0.987485945224762 -0.15435682237148285 0.032334551215171814 -0.030172176659107208 -0.3861517608165741 -0.9219416379928589 0.15479403734207153 0.9094287753105164 -0.3859767019748688,63.334701538085945 98.05239868164062 843.772216796875,0.69
56,601,10,0.93505859375,0.9869871735572815 -0.15482178330421448 0.04343415051698685 -0.018945343792438507 -0.3801974952220917 -0.9247113466262817 0.15967901051044464 0.9118553400039673 -0.37818318605422974,63.398502349853516 97.92261505126953 842.4364013671875,0.69
56,603,10,0.9346332550048828,0.9879180192947388 -0.1510777473449707 0.0345471128821373 -0.026084940880537033 -0.38183367252349854 -0.923862874507904 0.1527663767337799 0.9117996096611023 -0.38116124272346497,63.223613739013665 98.03569793701172 846.6739501953125,0.69
56,604,10,0.9360661506652832,0.9873027205467224 -0.15464788675308228 0.036294739693403244 -0.026159917935729027 -0.38365623354911804 -0.9231053590774536 0.15668101608753204 0.9104350209236145 -0.382830411195755,61.40660095214844 97.78622436523438 847.2681884765625,0.69
56,608,10,0.931640625,0.9856486916542053 -0.16298626363277435 0.04395630210638046 -0.021409733220934868 -0.37898239493370056 -0.9251561760902405 0.16744641959667206 0.9109378457069397 -0.37703296542167664,55.35148239135742 96.41468048095703 848.6798706054688,0.69
56,628,10,0.93359375,0.9797285199165344 -0.1948569267988205 0.046505048871040344 -0.03284310922026634 -0.3852356970310211 -0.922233521938324 0.1976190209388733 0.9020111560821533 -0.3838261365890503,42.93654251098633 88.11717224121094 846.4534912109375,0.69
56,631,10,0.9385645389556885,0.9788511991500854 -0.20060013234615326 0.04012245684862137 -0.04172351583838463 -0.38776829838752747 -0.9208120703697205 0.20027324557304382 0.8996639251708984 -0.3879372179508209,46.69459915161133 88.44769287109375 851.4337768554688,0.69
56,634,10,0.93896484375,0.9785034656524658 -0.20236748456954956 0.03972623497247696 -0.04330121725797653 -0.3899412453174591 -0.9198210835456848 0.2016327679157257 0.8983278870582581 -0.3903217017650604,47.5947265625 87.84749603271484 849.4531860351562,0.69
56,644,10,0.9375,0.9777563214302063 -0.20622041821479797 0.03828369453549385 -0.04515547305345535 -0.38520941138267517 -0.9217237830162048 0.2048254758119583 0.8994925618171692 -0.3859529495239258,53.61708068847656 91.0007553100586 847.0707397460938,0.69
56,653,10,0.93115234375,0.9763450026512146 -0.21123351156711578 0.046161044389009476 -0.03952774032950401 -0.38426899909973145 -0.9223746061325073 0.21257467567920685 0.8987311720848083 -0.3835287094116211,51.93804168701172 93.18175506591797 844.385498046875,0.69
56,753,10,0.93701171875,0.9544217586517334 -0.2970951199531555 0.028520135208964348 -0.09189966320991516 -0.38344764709472656 -0.9189789295196533 0.28396016359329224 0.8744724988937378 -0.39327380061149597,54.96619415283203 100.7558822631836 787.7545166015625,0.69
56,956,10,0.951195478439331,0.8814757466316223 -0.4715445935726166 0.025420431047677994 -0.16340364515781403 -0.3550766110420227 -0.920445442199707 0.44305726885795593 0.8071965575218201 -0.3900435268878937,39.96524429321289 81.80440521240234 774.1400146484375,0.69
56,1025,10,0.9472911357879639,0.844077467918396 -0.536180317401886 -0.006632620468735695 -0.20310340821743011 -0.30823734402656555 -0.9293754696846008 0.4962684214115143 0.7858119606971741 -0.3690762221813202,46.8842887878418 73.9472885131836 773.0785522460938,0.69
56,1028,10,0.9482672214508057,0.8433493375778198 -0.5373066067695618 -0.00797564908862114 -0.20330260694026947 -0.3052918314933777 -0.9303037524223328 0.4974234104156494 0.7861925363540649 -0.36670348048210144,43.929012298583984 76.5048599243164 771.5375366210938,0.69
56,1036,10,0.9453389644622803,0.8351176381111145 -0.5500712990760803 0.0001227364846272394 -0.20083384215831757 -0.3051133453845978 -0.9308981895446777 0.5120978951454163 0.7773848176002502 -0.3652785122394562,35.089805603027344 74.9389419555664 768.9420166015625,0.69
56,1037,10,0.9463150501251221,0.8331547975540161 -0.5530377626419067 -0.0015316556673496962 -0.20527075231075287 -0.30666759610176086 -0.9294185042381287 0.513533890247345 0.7746638655662537 -0.36902403831481934,35.083065032958984 74.15690612792969 772.361328125,0.69
56,1044,10,0.9434401988983154,0.8353044986724854 -0.5497833490371704 0.0021707399282604456 -0.19542764127254486 -0.3006056845188141 -0.9335118532180786 0.5138817429542542 0.7793424129486084 -0.3585401177406311,39.32661437988281 77.16075897216797 760.8937377929688,0.69
56,1046,10,0.9492673873901367,0.8364396691322327 -0.5480498671531677 0.0031505029182881117 -0.19243758916854858 -0.29907315969467163 -0.9346245527267456 0.5131630897521973 0.7811508178710938 -0.3556221127510071,41.07149887084961 79.82987976074219 761.7361450195312,0.69
56,1047,10,0.9478039741516113,0.8379872441291809 -0.5456235408782959 0.008504427969455719 -0.18483877182006836 -0.2984761595726013 -0.936347484588623 0.5134316086769104 0.7830752730369568 -0.3509715795516968,42.559608459472656 80.96742248535156 759.9395141601562,0.69
56,1048,10,0.9468283653259277,0.8373026251792908 -0.5466690063476562 0.008789939805865288 -0.18607135117053986 -0.30003881454467773 -0.9356036186218262 0.5141028761863708 0.7817477583885193 -0.3529427647590637,43.68359375 82.579833984375 763.6817626953125,0.69
56,1049,10,0.9492433071136475,0.8349129557609558 -0.5503807663917542 0.0011731466511264443 -0.19392594695091248 -0.29617395997047424 -0.9352399110794067 0.5150855183601379 0.7806164026260376 -0.3540125787258148,44.213417053222656 82.85078430175781 764.670166015625,0.69
56,1054,10,0.9443628787994385,0.8389009833335876 -0.5442823767662048 0.0013516651233658195 -0.18914295732975006 -0.2938523590564728 -0.9369502663612366 0.5103626847267151 0.7857528328895569 -0.3494602143764496,51.1805534362793 82.26287841796875 763.34912109375,0.69
56,1062,10,0.9414346218109131,0.8435209393501282 -0.5370500683784485 0.0070411767810583115 -0.18397104740142822 -0.3012222945690155 -0.9356387257575989 0.504605770111084 0.7879354357719421 -0.3528890013694763,62.70891571044922 81.30252838134766 775.375732421875,0.69
56,1064,10,0.9453649520874023,0.8488550186157227 -0.5285927057266235 0.005902908742427826 -0.17747189104557037 -0.29548099637031555 -0.9387197494506836 0.49794459342956543 0.7957893013954163 -0.3446308970451355,64.95811462402344 80.8786392211914 767.3842163085938,0.69
56,1070,10,0.9433867931365967,0.8441609740257263 -0.5360874533653259 0.0014997217804193497 -0.18333560228347778 -0.29131969809532166 -0.9388934373855591 0.5037659406661987 0.7923023104667664 -0.34420469403266907,64.35042572021484 85.6222915649414 777.259521484375,0.69
56,1071,10,0.94189453125,0.8453425765037537 -0.5342130661010742 0.0035156491212546825 -0.18009522557258606 -0.291167289018631 -0.9395676851272583 0.5029529333114624 0.7936234474182129 -0.34234529733657837,63.61397933959962 86.90657043457031 779.2903442382812,0.69
56,1078,10,0.94091796875,0.8416447043418884 -0.5400313138961792 0.0005593941896222532 -0.18136964738368988 -0.2836419641971588 -0.9416221976280212 0.508664071559906 0.7924099564552307 -0.33667105436325073,62.94384002685546 89.11955261230469 787.8232421875,0.69
56,1087,10,0.9434137344360352,0.8399370908737183 -0.5426802039146423 0.00197459664195776 -0.18345290422439575 -0.28736117482185364 -0.9400897026062012 0.5107354521751404 0.7892539501190186 -0.3409215807914734,66.80632019042969 83.5228271484375 797.4443359375,0.69
56,1097,10,0.9433867931365967,0.8334779143333435 -0.5524628758430481 0.009963501244783401 -0.1816103458404541 -0.2909289300441742 -0.9393497705459595 0.5218545198440552 0.7811177968978882 -0.3428158462047577,61.86125183105469 75.25718688964844 793.2049560546875,0.69
56,1108,10,0.9399704933166504,0.8341764807701111 -0.5514753460884094 0.0049585881642997265 -0.19144365191459656 -0.29799139499664307 -0.9351740479469299 0.5172030329704285 0.7791509032249451 -0.3541538417339325,71.11959838867188 72.91090393066406 801.0625,0.69
56,1116,10,0.93798828125,0.833107054233551 -0.5529454946517944 0.01355602778494358 -0.1845596879720688 -0.3010077178478241 -0.9355917572975159 0.5214117765426636 0.7769462466239929 -0.3528231382369995,72.79605865478516 75.85104370117188 805.9513549804688,0.69
56,1124,10,0.9371018409729004,0.8318318128585815 -0.5548861026763916 0.012541471980512142 -0.18594934046268463 -0.29990527033805847 -0.9356707334518433 0.5229519009590149 0.7759885787963867 -0.3526514172554016,75.4576416015625 71.19541931152344 810.0438232421875,0.69
56,1135,10,0.939453125,0.8149087429046631 -0.579155445098877 0.022420603781938553 -0.1866898536682129 -0.2989134192466736 -0.9358406662940979 0.5486989617347717 0.7584390044212341 -0.35170960426330566,51.037052154541016 66.74436950683594 811.1238403320312,0.69
56,1146,10,0.9375600814819336,0.8106338381767273 -0.5848989486694336 0.027675800025463104 -0.1839408129453659 -0.29923292994499207 -0.9362828135490417 0.5559123158454895 0.7538917660713196 -0.35015514492988586,54.939510345458984 71.6092529296875 812.8518676757812,0.69
56,1158,10,0.9356088638305664,0.810155987739563 -0.5857909917831421 0.022274751216173172 -0.1942739486694336 -0.3041456341743469 -0.932605504989624 0.5530866980552673 0.7512285113334656 -0.36020931601524353,64.50125885009766 67.95842742919922 817.344482421875,0.69
56,1171,10,0.9280014038085938,0.8028486371040344 -0.5956456661224365 0.025305096060037613 -0.19126473367214203 -0.29753577709198 -0.9353557229042053 0.5646697282791138 0.7461090683937073 -0.35280218720436096,65.84239196777344 74.65979766845703 826.0171508789062,0.69
