scene_id,im_id,obj_id,score,R,t,time
50,620,5,0.941922664642334,-0.48626595735549927 -0.8722360134124756 -0.052437733858823776 -0.39339759945869446 0.2721114754676819 -0.8781763315200806 0.7802459597587585 -0.40639835596084595 -0.47545406222343445,92.2195816040039 -6.50917911529541 849.9187622070312,0.69
50,623,5,0.93359375,-0.48204076290130615 -0.8745688796043396 -0.052594851702451706 -0.4018058478832245 0.27401214838027954 -0.8737673759460449 0.7785813808441162 -0.4000585675239563 -0.48349183797836304,93.26099395751953 -9.705488204956055 849.9909057617188,0.69
50,629,5,0.93603515625,-0.4844304025173187 -0.8733179569244385 -0.051408782601356506 -0.3913310170173645 0.26887932419776917 -0.8800930976867676 0.7824239134788513 -0.4062260091304779 -0.47200971841812134,96.3561782836914 -13.992890357971191 845.8086547851562,0.69
50,633,5,0.93798828125,-0.4822532832622528 -0.874584972858429 -0.05032616853713989 -0.4036451280117035 0.2728249132633209 -0.873291015625 0.7774973511695862 -0.4008335769176483 -0.4845927655696869,100.26273345947266 -16.33330535888672 839.8945922851562,0.69
50,640,5,0.939453125,-0.47945451736450195 -0.8757255673408508 -0.05681739002466202 -0.40151000022888184 0.27647316455841064 -0.8731278777122498 0.7803289294242859 -0.39581236243247986 -0.48416879773139954,110.60208892822266 -16.261037826538086 839.9276733398438,0.69
50,642,5,0.94091796875,-0.482003778219223 -0.8745071887969971 -0.05394236370921135 -0.3943870961666107 0.27152758836746216 -0.877913236618042 0.7823882102966309 -0.4018833041191101 -0.47577157616615295,111.51817321777344 -16.370281219482422 841.6765747070312,0.69
50,644,5,0.93896484375,-0.48354634642601013 -0.873594343662262 -0.05491648614406586 -0.40173718333244324 0.27723243832588196 -0.8727825284004211 0.7776825428009033 -0.39996883273124695 -0.4850100874900818,110.68956756591797 -17.13308334350586 837.861083984375,0.69
50,651,5,0.9375,-0.4841480553150177 -0.8734470009803772 -0.05187557265162468 -0.40711870789527893 0.2773497998714447 -0.8702479004859924 0.7745031118392944 -0.40020930767059326 -0.489874929189682,115.97747802734375 -20.34158706665039 832.8501586914062,0.69
50,653,5,0.94287109375,-0.4799613058567047 -0.8758041262626648 -0.0510319247841835 -0.4111386835575104 0.2759377956390381 -0.8688057065010071 0.7749851942062378 -0.39601191878318787 -0.4925164580345154,118.10453033447266 -20.022750854492188 829.2887573242188,0.69
50,660,5,0.9414346218109131,-0.47143691778182983 -0.8804765343666077 -0.05008314922451973 -0.4010510742664337 0.2646218538284302 -0.877002477645874 0.7854331731796265 -0.3933654725551605 -0.47786855697631836,124.44650268554688 -17.83439064025879 832.8359985351562,0.69
50,662,5,0.941462516784668,-0.47654688358306885 -0.8775244355201721 -0.05342445895075798 -0.405906617641449 0.2735205888748169 -0.8720242977142334 0.7798352241516113 -0.3938751816749573 -0.4865383207798004,124.62310028076172 -16.3271427154541 833.7739868164062,0.69
50,671,5,0.9453125,-0.4836888909339905 -0.8736364841461182 -0.05295396223664284 -0.3987574577331543 0.273822158575058 -0.8752221465110779 0.7791260480880737 -0.40221938490867615 -0.4808138906955719,131.00485229492188 -18.07715606689453 833.0950927734375,0.69
50,681,5,0.9453649520874023,-0.47945672273635864 -0.8753564953804016 -0.06222665309906006 -0.40351980924606323 0.28287509083747864 -0.8701456189155579 0.7792900204658508 -0.39208751916885376 -0.48885005712509155,137.54000854492188 -18.068857192993164 829.4745483398438,0.69
50,682,5,0.9438748359680176,-0.4747740924358368 -0.8779899477958679 -0.061018336564302444 -0.4019266963005066 0.27797627449035645 -0.8724586963653564 0.7829715013504028 -0.3896958827972412 -0.4848635494709015,138.3609619140625 -17.218196868896484 828.9478759765625,0.69
50,701,5,0.9448509216308594,-0.48916909098625183 -0.8697022795677185 -0.0658131018280983 -0.3839595913887024 0.28248289227485657 -0.8790781497955322 0.7831273674964905 -0.4047483205795288 -0.4721125066280365,140.45257568359375 -7.85307502746582 832.4902954101562,0.69
50,712,5,0.946803092956543,-0.49238160252571106 -0.8677043318748474 -0.06818773597478867 -0.3788558542728424 0.28419503569602966 -0.880739152431488 0.7835997939109802 -0.40782636404037476 -0.46866723895072937,149.5709991455078 -1.0404324531555176 829.9689331054688,0.69
50,721,5,0.9472911357879639,-0.4916439950466156 -0.8681656718254089 -0.06763634085655212 -0.3770044445991516 0.28222543001174927 -0.882165789604187 0.7849547266960144 -0.4082123041152954 -0.4660567343235016,160.60536193847656 -2.5244975090026855 830.7113647460938,0.69
50,722,5,0.9458270072937012,-0.4829407334327698 -0.8728069067001343 -0.07054299116134644 -0.3795657753944397 0.28125661611557007 -0.8813765048980713 0.7891121506690979 -0.39887693524360657 -0.46711793541908264,160.48240661621094 -1.92084801197052 826.05078125,0.69
50,735,5,0.9487552642822266,-0.48837965726852417 -0.8693206310272217 -0.07593990862369537 -0.3776898980140686 0.2890278398990631 -0.8796665072441101 0.7866610288619995 -0.4009295403957367 -0.4694889783859253,168.79934692382812 -1.810651421546936 825.6273803710938,0.69
50,737,5,0.9492433071136475,-0.48477864265441895 -0.8717144131660461 -0.0714389756321907 -0.37551459670066833 0.2812057435512543 -0.8831263184547424 0.7899230122566223 -0.40129444003105164 -0.46366408467292786,169.87953186035156 -2.6279900074005127 825.840576171875,0.69
50,751,5,0.9482421875,-0.48612868785858154 -0.870112955570221 -0.08113162964582443 -0.36370769143104553 0.2858676314353943 -0.8865643739700317 0.7946041226387024 -0.4014762043952942 -0.45543521642684937,175.15940856933594 0.09222746640443802 823.5003662109375,0.69
50,757,5,0.951195478439331,-0.49233588576316833 -0.8667017221450806 -0.08020943403244019 -0.36654216051101685 0.29003095626831055 -0.8840412497520447 0.789463222026825 -0.4058450758457184 -0.460475355386734,176.20533752441406 -0.5580470561981201 822.0399780273438,0.69
50,769,5,0.95166015625,-0.49418553709983826 -0.8647576570510864 -0.08930155634880066 -0.36060863733291626 0.29737111926078796 -0.8840428590774536 0.7910385727882385 -0.4046782851219177 -0.45879557728767395,178.6427001953125 -0.836807131767273 818.6439819335938,0.69
50,923,5,0.95556640625,-0.5835373997688293 -0.8060711026191711 -0.09865919500589371 -0.3324791193008423 0.3479784429073334 -0.8765664100646973 0.7409061193466187 -0.4787072241306305 -0.4710601568222046,190.03858947753906 -22.95626449584961 798.17578125,0.69
50,1026,5,0.96142578125,-0.6724179983139038 -0.7340304851531982 -0.09514869004487991 -0.29439419507980347 0.38317111134529114 -0.8755066990852356 0.6791068315505981 -0.5606952905654907 -0.4737454652786255,164.354248046875 -20.342605590820312 772.9522094726562,0.69
50,1044,5,0.9609375,-0.686208188533783 -0.7200192213058472 -0.10339489579200745 -0.2862062156200409 0.39793235063552856 -0.8716282248497009 0.6687332987785339 -0.5685262084007263 -0.47913846373558044,155.01058959960938 -21.03076171875 773.69482421875,0.69
50,1052,5,0.9609375,-0.7009450197219849 -0.7063536047935486 -0.09869462996721268 -0.2835441827774048 0.40295928716659546 -0.8701876997947693 0.654430091381073 -0.5819694399833679 -0.4827347695827484,151.35360717773438 -22.157888412475586 765.2861938476562,0.69
50,1058,5,0.9619140625,-0.7079387903213501 -0.6994763612747192 -0.09775102138519287 -0.28448909521102905 0.4090946316719055 -0.8670106530189514 0.6464429497718811 -0.5859814286231995 -0.4886074662208557,151.1353759765625 -22.518739700317383 762.2813720703125,0.69
50,1066,5,0.9619324207305908,-0.7082944512367249 -0.6983569264411926 -0.10303694009780884 -0.28505101799964905 0.41648051142692566 -0.863301694393158 0.6458055973052979 -0.582101047039032 -0.49405816197395325,150.01307678222656 -24.620166778564453 757.958984375,0.69
50,1077,5,0.95947265625,-0.7011667490005493 -0.7051284313201904 -0.10563628375530243 -0.28041061758995056 0.40893352031707764 -0.8684142231941223 0.6555417776107788 -0.5792816877365112 -0.4844560921192169,150.95567321777344 -21.930021286010742 753.60009765625,0.69
50,1094,5,0.958984375,-0.7012284994125366 -0.7052984237670898 -0.10407909750938416 -0.266681045293808 0.39487993717193604 -0.8791762590408325 0.6611804366111755 -0.588747501373291 -0.46499091386795044,151.4669189453125 -12.115168571472168 758.0013427734375,0.69
50,1098,5,0.958984375,-0.708281397819519 -0.698996365070343 -0.09869935363531113 -0.26789334416389465 0.39550137519836426 -0.8785281777381897 0.6531237363815308 -0.5958042144775391 -0.4673827290534973,150.5194091796875 -12.051811218261719 759.3616333007812,0.69
50,1105,5,0.95751953125,-0.7157883048057556 -0.6916295886039734 -0.09641477465629578 -0.261825829744339 0.3938013017177582 -0.8811174035072327 0.6473751068115234 -0.6054496765136719 -0.4629647731781006,150.97412109375 -10.891353607177734 758.708984375,0.69
50,1113,5,0.9619140625,-0.713391125202179 -0.6950830221176147 -0.08906585723161697 -0.25575852394104004 0.37658530473709106 -0.8903769850730896 0.6524267792701721 -0.6124076843261719 -0.44642603397369385,153.4958953857422 -5.1752214431762695 759.6296997070312,0.69
50,1125,5,0.962890625,-0.7265686392784119 -0.6825956702232361 -0.07849299907684326 -0.26223477721214294 0.381076842546463 -0.8865739703178406 0.6350834369659424 -0.6235732436180115 -0.4558788239955902,151.06109619140625 -7.046512603759766 755.3630981445312,0.69
50,1130,5,0.96044921875,-0.7249813675880432 -0.6838452219963074 -0.08220475912094116 -0.2569754123687744 0.3792853355407715 -0.8888791799545288 0.6390348672866821 -0.6232962608337402 -0.45070624351501465,149.1788787841797 -7.887022495269775 755.3742065429688,0.69
50,1145,5,0.9609375,-0.7300015687942505 -0.6785719990730286 -0.0814720094203949 -0.2534613013267517 0.3795035481452942 -0.8897945880889893 0.6347086429595947 -0.6289014220237732 -0.44902995228767395,148.41452026367188 -11.443804740905762 749.9805908203125,0.69
50,1150,5,0.9599609375,-0.727008581161499 -0.682013750076294 -0.07947242259979248 -0.26135021448135376 0.3818911015987396 -0.8864848017692566 0.6349445581436157 -0.6237119436264038 -0.45588254928588867,148.74668884277344 -14.022629737854004 748.4642333984375,0.69
50,1169,5,0.95751953125,-0.7446852922439575 -0.662647008895874 -0.07964179664850235 -0.2545873820781708 0.39233827590942383 -0.8838868141174316 0.6169514656066895 -0.6379417181015015 -0.46087008714675903,148.77101135253906 -18.115751266479492 750.9164428710938,0.69
50,1189,5,0.96142578125,-0.7532771825790405 -0.653338611125946 -0.0756441131234169 -0.25114938616752625 0.39203327894210815 -0.885004997253418 0.6078630089759827 -0.6476561427116394 -0.45939531922340393,149.5819091796875 -16.479312896728516 752.251953125,0.69
50,1192,5,0.962890625,-0.7515178322792053 -0.6555070877075195 -0.07437445968389511 -0.24453170597553253 0.38149160146713257 -0.8914417624473572 0.6127196550369263 -0.651747465133667 -0.44698992371559143,150.32640075683594 -13.582411766052246 753.4888305664062,0.69
50,1209,5,0.9609375,-0.7720249891281128 -0.6318924427032471 -0.06847912818193436 -0.2353329211473465 0.3842677175998688 -0.892724335193634 0.590420126914978 -0.6730900406837463 -0.4453693628311157,145.27725219726562 -7.658217906951904 756.6430053710938,0.69
50,1216,5,0.9599609375,-0.7714887857437134 -0.6323979496955872 -0.06984194368124008 -0.23040400445461273 0.3800143301486969 -0.8958253860473633 0.5930590629577637 -0.6750274300575256 -0.43888381123542786,146.42620849609375 -9.001605987548828 760.4622802734375,0.69
50,1242,5,0.9599609375,-0.7931377291679382 -0.6048729419708252 -0.07114340364933014 -0.22125549614429474 0.39499300718307495 -0.8916426301002502 0.5674316883087158 -0.6914545297622681 -0.4471152424812317,137.8600311279297 -5.431251525878906 754.7160034179688,0.69
50,1246,5,0.9599609375,-0.7968421578407288 -0.600339949131012 -0.06807838380336761 -0.21956561505794525 0.3927072286605835 -0.8930689096450806 0.5628798007965088 -0.6966872811317444 -0.4447396397590637,135.7176971435547 -5.174358367919922 754.3953247070312,0.69
50,1263,5,0.9624204635620117,-0.7998569011688232 -0.5964528918266296 -0.06687873601913452 -0.22165030241012573 0.39709973335266113 -0.8906081914901733 0.5577633380889893 -0.6975354552268982 -0.44982701539993286,135.114013671875 -13.369635581970215 751.7739868164062,0.69
50,1266,5,0.96142578125,-0.8029793500900269 -0.5926908254623413 -0.0627845898270607 -0.22251549363136292 0.3958444893360138 -0.8909512758255005 0.5529115200042725 -0.7014449834823608 -0.4497377872467041,134.67929077148438 -15.77419090270996 750.4921264648438,0.69
50,1280,5,0.95849609375,-0.8182241916656494 -0.570108950138092 -0.07406076788902283 -0.20985963940620422 0.41612765192985535 -0.8847579956054688 0.5352271795272827 -0.7083880305290222 -0.4601285457611084,134.52755737304688 -20.215557098388672 750.2612915039062,0.69
50,1284,5,0.95556640625,-0.8157415986061096 -0.5736386179924011 -0.07419150322675705 -0.20921017229557037 0.41219475865364075 -0.8867505788803101 0.5392557382583618 -0.707837700843811 -0.4562554359436035,135.47438049316406 -21.49393653869629 751.5244140625,0.69
50,1324,5,0.96044921875,-0.8406179547309875 -0.5368136763572693 -0.07205871492624283 -0.19588541984558105 0.42535078525543213 -0.883575439453125 0.504965603351593 -0.7286341190338135 -0.46271151304244995,121.776611328125 -31.358715057373047 749.6334838867188,0.69
50,1480,5,0.9624204635620117,-0.874066948890686 -0.4812769889831543 -0.06617739051580429 -0.1398317515850067 0.37969884276390076 -0.9144812226295471 0.46524620056152344 -0.7900641560554504 -0.39917999505996704,136.1532745361328 1.0922012329101562 839.8729858398438,0.69
50,1542,5,0.9629085063934326,-0.8881065845489502 -0.4568462669849396 -0.05057710409164429 -0.15465445816516876 0.4006282687187195 -0.9030940532684326 0.4328378140926361 -0.7942218780517578 -0.42645394802093506,136.0644073486328 -49.65415573120117 839.0946044921875,0.69
50,1564,5,0.9619140625,-0.8940856456756592 -0.44501441717147827 -0.050725895911455154 -0.14871467649936676 0.4017814099788666 -0.9035792946815491 0.4224865734577179 -0.8003336191177368 -0.4254071116447449,135.8300018310547 -53.25544738769531 836.7905883789062,0.69
50,1592,5,0.962890625,-0.8971354365348816 -0.4383733868598938 -0.054560281336307526 -0.1396649181842804 0.3986382484436035 -0.9064111709594727 0.4190963804721832 -0.8055534958839417 -0.4188578426837921,137.2238006591797 -49.96678924560547 831.8563232421875,0.69
50,1593,5,0.962890625,-0.9013949036598206 -0.4296796917915344 -0.05350496992468834 -0.13639503717422485 0.3990424573421478 -0.9067312479019165 0.4109547436237335 -0.8100250959396362 -0.41830095648765564,137.7012481689453 -49.48839569091797 831.6035766601562,0.69
50,1613,5,0.96337890625,-0.9050087928771973 -0.42246466875076294 -0.04982538893818855 -0.13391093909740448 0.3941032886505127 -0.9092581868171692 0.40376582741737366 -0.8162145614624023 -0.41323962807655334,132.9539337158203 -45.11416244506836 829.8543090820312,0.69
50,1629,5,0.96484375,-0.9113144278526306 -0.4091595709323883 -0.04576475918292999 -0.13079392910003662 0.39311483502388 -0.9101393222808838 0.3903830349445343 -0.8234373927116394 -0.41176682710647583,130.4856414794922 -45.5450439453125 825.0342407226562,0.69
50,1656,5,0.96630859375,-0.9149046540260315 -0.4009210467338562 -0.04702898487448692 -0.13087652623653412 0.4048177897930145 -0.9049828052520752 0.38186484575271606 -0.8218179941177368 -0.42284083366394043,129.4137420654297 -54.80319595336914 817.344970703125,0.69
50,1658,5,0.9648606777191162,-0.912128746509552 -0.40706491470336914 -0.04815909266471863 -0.1312529593706131 0.4013475179672241 -0.9064727425575256 0.38832178711891174 -0.8204988241195679 -0.41950908303260803,131.1810760498047 -56.1804313659668 817.7896728515625,0.69
50,1669,5,0.96435546875,-0.9159558415412903 -0.3985680341720581 -0.046566907316446304 -0.1311040222644806 0.40691280364990234 -0.9040098190307617 0.37925806641578674 -0.8219279050827026 -0.42496803402900696,125.2584457397461 -53.02031326293945 807.7048950195312,0.69
50,1678,5,0.96435546875,-0.9168450832366943 -0.3959093391895294 -0.05148668214678764 -0.1263214647769928 0.41000494360923767 -0.9032933115959167 0.3787320554256439 -0.8216761350631714 -0.42592287063598633,116.75491333007812 -48.32968521118164 798.80517578125,0.69
50,1695,5,0.9677734375,-0.9200628399848938 -0.3898341953754425 -0.03890710324048996 -0.13545307517051697 0.4097212851047516 -0.9020980596542358 0.36760976910591125 -0.8247168064117432 -0.4297735393047333,111.96534729003906 -52.50444412231445 792.708984375,0.69
50,1708,5,0.96484375,-0.9229148626327515 -0.38325244188308716 -0.036684051156044006 -0.13369715213775635 0.4083874225616455 -0.9029644727706909 0.36104461550712585 -0.8284547924995422 -0.4281466007232666,106.54275512695312 -51.3118896484375 782.3502807617188,0.69
50,1711,5,0.96484375,-0.9217998385429382 -0.3857962191104889 -0.03802987188100815 -0.1355619579553604 0.41269323229789734 -0.9007259607315063 0.3631913363933563 -0.8251336216926575 -0.432719886302948,105.57618713378906 -51.04221725463867 779.2222900390625,0.69
50,1713,5,0.96435546875,-0.9250580072402954 -0.3781004250049591 -0.03616303205490112 -0.13171076774597168 0.4086235463619232 -0.9031495451927185 0.3562582731246948 -0.8307026624679565 -0.42780038714408875,107.37229919433594 -51.83384323120117 781.4270629882812,0.69
50,1714,5,0.96435546875,-0.9239704608917236 -0.38068678975105286 -0.03682608902454376 -0.13283942639827728 0.40971943736076355 -0.9024875164031982 0.3586534261703491 -0.8289798498153687 -0.4291388988494873,108.32330322265625 -52.78594970703125 781.4522094726562,0.69
50,1718,5,0.9677889347076416,-0.9254814386367798 -0.37762126326560974 -0.02977023832499981 -0.13775736093521118 0.40874379873275757 -0.9021925330162048 0.35285547375679016 -0.8308613896369934 -0.43030494451522827,111.53886413574219 -58.40978240966797 777.6254272460938,0.69
50,1719,5,0.9663405418395996,-0.9210650324821472 -0.388053297996521 -0.0324619896709919 -0.14280621707439423 0.4141569435596466 -0.898932933807373 0.3622782528400421 -0.8233398795127869 -0.4368819296360016,111.43190002441406 -58.90296173095703 777.3501586914062,0.69
50,1733,5,0.96435546875,-0.9209152460098267 -0.3884069621562958 -0.03248324990272522 -0.13662731647491455 0.3997470736503601 -0.9063858389854431 0.3650316298007965 -0.8302664160728455 -0.4212001860141754,108.71119689941406 -46.1849479675293 767.9496459960938,0.69
50,1743,5,0.96435546875,-0.9231963753700256 -0.3829493224620819 -0.03253181651234627 -0.13011975586414337 0.39108607172966003 -0.9111095666885376 0.36163148283958435 -0.836899995803833 -0.4108785092830658,118.59266662597656 -47.30619430541992 772.0424194335938,0.69
50,1745,5,0.96484375,-0.9197847843170166 -0.39118069410324097 -0.031201953068375587 -0.1378422975540161 0.3965044915676117 -0.9076252579689026 0.36741724610328674 -0.830518901348114 -0.4186200499534607,121.58880615234375 -48.552085876464844 772.7721557617188,0.69
50,1756,5,0.96728515625,-0.9223989844322205 -0.38548925518989563 -0.024048015475273132 -0.1403110772371292 0.39244338870048523 -0.9090110063552856 0.3598514795303345 -0.8350965976715088 -0.41607773303985596,120.00324249267578 -49.388431549072266 767.0255126953125,0.69
50,1778,5,0.96826171875,-0.9295077323913574 -0.36864879727363586 -0.010647578164935112 -0.1381872445344925 0.37490108609199524 -0.9167079329490662 0.34193506836891174 -0.8506157994270325 -0.3994160294532776,131.1206817626953 -52.91203308105469 774.4586791992188,0.69
50,1782,5,0.96435546875,-0.9315447807312012 -0.36356088519096375 -0.00690686609596014 -0.14006315171718597 0.3762803375720978 -0.9158577919006348 0.33556896448135376 -0.852195143699646 -0.4014435112476349,128.6492462158203 -54.9439582824707 772.3598022460938,0.69
50,1874,5,0.96728515625,-0.9526370167732239 -0.30410945415496826 -0.00030102001619525254 -0.11088734120130539 0.3482810854911804 -0.9308083653450012 0.28317248821258545 -0.8866891264915466 -0.3655073642730713,117.83416748046875 -40.749759674072266 759.3731689453125,0.69
52,1,5,0.9570519924163818,0.5422748327255249 0.8258994817733765 0.15436333417892456 0.5894048810005188 -0.2430008351802826 -0.7704235911369324 -0.5987820029258728 0.50876384973526 -0.6185624003410339,68.1919174194336 79.93540954589844 891.2518920898438,0.69
52,21,5,0.9585161209106445,0.5456518530845642 0.8206881880760193 0.16951419413089752 0.5894204378128052 -0.2320641428232193 -0.7737762928009033 -0.595690906047821 0.5221275687217712 -0.6103566288948059,58.23047637939453 84.21430969238281 882.274169921875,0.69
52,34,5,0.9560966491699219,0.539717435836792 0.828185498714447 0.15104275941848755 0.5838066935539246 -0.2389456182718277 -0.7759348154067993 -0.6065269708633423 0.5069653391838074 -0.6124632954597473,67.02275848388672 81.70946502685547 885.3360595703125,0.69
52,39,5,0.9580078125,0.5305882096290588 0.8353475332260132 0.143773153424263 0.5804309844970703 -0.23445522785186768 -0.7798272967338562 -0.6177184581756592 0.49721759557724 -0.6092607378959656,73.00312042236328 83.91526794433594 884.8292236328125,0.69
52,48,5,0.9619324207305908,0.5249176025390625 0.8407741785049438 0.13251525163650513 0.5567260980606079 -0.22138729691505432 -0.8006520867347717 -0.643830418586731 0.494051069021225 -0.5842909812927246,76.7522964477539 109.31642150878906 882.2978515625,0.69
52,52,5,0.9590041637420654,0.48912250995635986 0.8576607704162598 0.1586732566356659 0.5752276182174683 -0.18044491112232208 -0.7978425621986389 -0.6556465029716492 0.4815160036087036 -0.581609845161438,64.78074645996094 103.21408081054688 874.6298217773438,0.69
52,57,5,0.9580280780792236,0.4705624580383301 0.867788553237915 0.15973089635372162 0.5886900424957275 -0.1739124059677124 -0.7894291877746582 -0.6572784781455994 0.46550777554512024 -0.5926951766014099,70.10696411132812 89.0965576171875 869.0068969726562,0.69
52,61,5,0.9599802494049072,0.4629310369491577 0.873338520526886 0.15157322585582733 0.5883278846740723 -0.17483344674110413 -0.7894957065582275 -0.6629970669746399 0.45465683937072754 -0.5947452783584595,71.99038696289062 86.18285369873047 866.8306274414062,0.69
52,65,5,0.9585161209106445,0.4623916447162628 0.8755835890769958 0.13981173932552338 0.5763739347457886 -0.1769908219575882 -0.7977890372276306 -0.6737855672836304 0.44947484135627747 -0.5865026712417603,66.69058990478516 85.48893737792969 870.9151611328125,0.69
52,71,5,0.9570519924163818,0.4572419822216034 0.8797791004180908 0.13007082045078278 0.5724018812179565 -0.17919211089611053 -0.8001538515090942 -0.680651068687439 0.440316766500473 -0.585521399974823,64.88740539550781 78.35877227783203 867.5689697265625,0.69
52,80,5,0.9570519924163818,0.4628412127494812 0.8744707107543945 0.14518609642982483 0.5595905780792236 -0.161210834980011 -0.8129387497901917 -0.6874856352806091 0.45750632882118225 -0.563960611820221,47.08623123168945 86.9666976928711 867.892578125,0.69
52,81,5,0.9590041637420654,0.45275187492370605 0.8796316385269165 0.14582118391990662 0.5647766590118408 -0.15636734664440155 -0.8102940917015076 -0.6899586915969849 0.4492185711860657 -0.5675910711288452,45.56785202026367 86.98299407958984 869.2461547851562,0.69
52,84,5,0.9586591720581055,0.4534035325050354 0.8796430230140686 0.1437128782272339 0.5620706081390381 -0.15704530477523804 -0.8120427131652832 -0.6917383074760437 0.4489598274230957 -0.5656263828277588,43.6873664855957 80.11882781982422 870.8191528320312,0.69
52,88,5,0.9619324207305908,0.45199155807495117 0.88109290599823 0.13920775055885315 0.5635531544685364 -0.16108646988868713 -0.8102215528488159 -0.6914560198783875 0.44466426968574524 -0.5693524479866028,42.2150993347168 75.85481262207031 865.1428833007812,0.69
52,92,5,0.9600527286529541,0.44996464252471924 0.8796608448028564 0.1540410965681076 0.5531783699989319 -0.1391298919916153 -0.8213626146316528 -0.7010888457298279 0.45479634404182434 -0.5492128729820251,30.26378631591797 83.98556518554688 860.962158203125,0.69
52,97,5,0.95607590675354,0.48226815462112427 0.8664653301239014 0.1290554255247116 0.5297785401344299 -0.1711440533399582 -0.8306890726089478 -0.6976762413978577 0.4689856767654419 -0.541572093963623,19.95539665222168 89.50369262695312 858.4616088867188,0.69
52,98,5,0.9610433578491211,0.4709547460079193 0.8712117075920105 0.1385350376367569 0.5214733481407166 -0.14827784895896912 -0.8402852416038513 -0.7115246653556824 0.46797865629196167 -0.524145781993866,17.241437911987305 91.73790740966797 858.0433959960938,0.69
52,114,5,0.96337890625,0.4979872405529022 0.8540008664131165 0.15063585340976715 0.5122407078742981 -0.14952291548252106 -0.8457258939743042 -0.6997271776199341 0.4983225166797638 -0.5119145512580872,-9.663912773132324 96.62777709960938 855.2759399414062,0.69
52,116,5,0.9575400352478027,0.5107119083404541 0.8466120362281799 0.14973777532577515 0.509959876537323 -0.1580796092748642 -0.8455482125282288 -0.6921808123588562 0.5081918239593506 -0.5124713182449341,-14.75628662109375 95.53694915771484 857.4619750976562,0.69
52,121,5,0.951195478439331,0.5400859713554382 0.8287419080734253 0.1466078758239746 0.49843502044677734 -0.17460688948631287 -0.8491613268852234 -0.6781368255615234 0.5316946506500244 -0.5073767900466919,-18.883607864379883 87.09410095214844 862.0302734375,0.69
52,127,5,0.9483158588409424,0.5746145248413086 0.8081611394882202 0.1292037069797516 0.49122878909111023 -0.21429629623889923 -0.8442578315734863 -0.6546085476875305 0.5485914349555969 -0.5201297998428345,-29.38901138305664 71.806640625 866.3326416015625,0.69
52,132,5,0.951683521270752,0.5960813164710999 0.7933966517448425 0.12332360446453094 0.4738630950450897 -0.22362376749515533 -0.8517312407493591 -0.6481826305389404 0.5661395788192749 -0.5092594027519226,-36.21115493774414 69.8235092163086 870.4832153320312,0.69
52,136,5,0.9448771476745605,0.6170659065246582 0.7790287137031555 0.1111026406288147 0.4637613296508789 -0.24595755338668823 -0.8511346578598022 -0.6357318758964539 0.576731264591217 -0.5130554437637329,-42.92729187011719 66.48957061767578 880.02783203125,0.69
52,143,5,0.9507308006286621,0.6297858357429504 0.7684804797172546 0.11317047476768494 0.46658799052238464 -0.2577809691429138 -0.8460760116577148 -0.6210196614265442 0.5856506824493408 -0.5209105610847473,-50.25541687011719 56.23619079589844 883.3287963867188,0.69
52,150,5,0.9507074356079102,0.6283998489379883 0.7706363201141357 0.10598653554916382 0.4669373631477356 -0.26471415162086487 -0.8437392115592957 -0.622160017490387 0.5796946883201599 -0.5261852741241455,-31.60406303405762 46.73709487915039 891.5264892578125,0.69
52,156,5,0.9473161697387695,0.6336880922317505 0.7666543126106262 0.10334715247154236 0.46056926250457764 -0.2665582001209259 -0.8466538786888123 -0.621542751789093 0.5841130018234253 -0.5220121741294861,-28.28070831298828 39.127628326416016 896.294921875,0.69
52,164,5,0.9526596069335938,0.6383557915687561 0.7632610201835632 0.09967117011547089 0.4652112126350403 -0.27939510345458984 -0.839950442314148 -0.6132538914680481 0.5825554132461548 -0.5334311127662659,-23.505584716796875 28.71554946899414 892.8468017578125,0.69
52,165,5,0.9556293487548828,0.6449325680732727 0.7577389478683472 0.0994667038321495 0.4575388431549072 -0.2785782814025879 -0.8444242477416992 -0.612143874168396 0.5901066064834595 -0.5263592004776001,-22.86772918701172 28.15096664428711 897.8995361328125,0.69
52,167,5,0.95607590675354,0.6425864100456238 0.7594648003578186 0.10146845877170563 0.4616052210330963 -0.2780179977416992 -0.8423933982849121 -0.6115580797195435 0.5881489515304565 -0.5292235016822815,-21.097347259521484 26.401174545288086 893.896728515625,0.69
52,169,5,0.9536356925964355,0.6411271095275879 0.761115312576294 0.09828215092420578 0.4579434394836426 -0.2766565978527069 -0.8448365926742554 -0.615827739238739 0.58665531873703 -0.5259197950363159,-19.079809188842773 24.64682388305664 899.6547241210938,0.69
52,170,5,0.9521715641021729,0.6477937698364258 0.7555094957351685 0.09781979024410248 0.45737460255622864 -0.2830125689506531 -0.8430376052856445 -0.6092386245727539 0.590854823589325 -0.5288845896720886,-17.743988037109375 22.342252731323242 898.059814453125,0.69
52,171,5,0.9531476497650146,0.6447958946228027 0.7583437561988831 0.09567113220691681 0.458243727684021 -0.28334808349609375 -0.8424527049064636 -0.6117605566978455 0.58705073595047 -0.5302079319953918,-17.04641342163086 21.50652503967285 898.65234375,0.69
52,173,5,0.9502429962158203,0.646098256111145 0.7577787041664124 0.0912599042057991 0.4539206624031067 -0.285365492105484 -0.8441104888916016 -0.6136065721511841 0.5868030786514282 -0.5283455848693848,-15.842605590820312 21.07350730895996 895.9970703125,0.69
52,175,5,0.9502193927764893,0.6484675407409668 0.7556930780410767 0.09174880385398865 0.45810434222221375 -0.29113510251045227 -0.839869499206543 -0.607972264289856 0.5866585969924927 -0.534977912902832,-14.85391902923584 21.642520904541016 897.02587890625,0.69
52,259,5,0.95361328125,0.7297194004058838 0.6783455610275269 0.08577267080545425 0.3840217590332031 -0.3028137683868408 -0.872256338596344 -0.5657180547714233 0.6694409847259521 -0.48146852850914,-14.608464241027832 40.02787780761719 857.9758911132812,0.69
52,388,5,0.9594922065734863,0.7304673790931702 0.6671187281608582 0.14618496596813202 0.37966838479042053 -0.21874862909317017 -0.8988887071609497 -0.5676877498626709 0.712110698223114 -0.4130725860595703,46.49120330810547 70.20525360107422 808.33251953125,0.69
52,516,5,0.9633965492248535,0.8614311814308167 0.49171414971351624 0.12709638476371765 0.31163573265075684 -0.31416067481040955 -0.8967642784118652 -0.4010230600833893 0.8121084570884705 -0.4238635003566742,4.30866813659668 8.830370903015137 798.6689453125,0.69
52,520,5,0.9609375,0.8625622987747192 0.4900946319103241 0.12567223608493805 0.31274691224098206 -0.32122141122817993 -0.8938714861869812 -0.39771297574043274 0.8103234171867371 -0.43034908175468445,9.63233757019043 6.764631748199463 801.3331298828125,0.69
52,524,5,0.96044921875,0.8569389581680298 0.49901238083839417 0.1290046125650406 0.32004880905151367 -0.3189885914325714 -0.8920845985412598 -0.4040102958679199 0.8057498335838318 -0.4330621063709259,21.210920333862305 5.828990459442139 798.0066528320312,0.69
52,526,5,0.9633965492248535,0.8504174947738647 0.5084441304206848 0.1351839303970337 0.32815852761268616 -0.31179583072662354 -0.8916811943054199 -0.4112202823162079 0.8026629686355591 -0.4320068955421448,29.57488250732422 8.959561347961426 794.3554077148438,0.69
52,527,5,0.96142578125,0.8466926217079163 0.5138387680053711 0.13813483715057373 0.32698336243629456 -0.2976774275302887 -0.8969225287437439 -0.41975393891334534 0.8045855760574341 -0.4200580418109894,31.286865234375004 11.106101036071777 795.80908203125,0.69
52,532,5,0.9635467529296875,0.8516826629638672 0.5053975582122803 0.1385994553565979 0.322081059217453 -0.2961692810058594 -0.8991926312446594 -0.41340091824531555 0.8104670643806458 -0.41502130031585693,31.9264087677002 18.120256423950195 799.28125,0.69
52,537,5,0.9614443778991699,0.8577700853347778 0.4935624301433563 0.14361965656280518 0.32009607553482056 -0.2942593991756439 -0.9005275964736938 -0.40220513939857483 0.8184177279472351 -0.4103943109512329,25.768224716186523 18.58563995361328 807.9799194335938,0.69
52,539,5,0.9599609375,0.8599656224250793 0.4860266149044037 0.1556834578514099 0.32817187905311584 -0.293006032705307 -0.8980259895324707 -0.3908483386039734 0.8233624696731567 -0.41147536039352417,21.527511596679688 17.78557777404785 807.538818359375,0.69
52,543,5,0.96240234375,0.8693946599960327 0.4728325307369232 0.14346559345722198 0.313466340303421 -0.3033398687839508 -0.8998465538024902 -0.38195788860321045 0.8272934556007385 -0.4119390845298767,12.294626235961914 13.166664123535156 818.7824096679688,0.69
52,544,5,0.9619140625,0.8723016381263733 0.4670875370502472 0.14463450014591217 0.3117745518684387 -0.3034387230873108 -0.9004008173942566 -0.3766782581806183 0.8305144309997559 -0.4103161096572876,11.496217727661133 13.075684547424316 819.5015258789062,0.69
52,550,5,0.9624204635620117,0.8826394081115723 0.45017069578170776 0.1352555900812149 0.29539385437965393 -0.30738911032676697 -0.9045742154121399 -0.3656366467475891 0.8383665680885315 -0.40429139137268066,5.599607944488525 22.790817260742188 829.0944213867188,0.69
52,556,5,0.9614443778991699,0.8887876868247986 0.43908023834228516 0.13139675557613373 0.2877514958381653 -0.3114480674266815 -0.9056484699249268 -0.35672909021377563 0.8427388668060303 -0.40315717458724976,5.752768039703369 23.213165283203125 841.3551025390625,0.69
52,561,5,0.9619324207305908,0.8963491320610046 0.42514270544052124 0.12574584782123566 0.27808818221092224 -0.3182465434074402 -0.9063035249710083 -0.3452901542186737 0.8473328351974487 -0.4034871459007263,3.847898006439209 21.68260383605957 850.9436645507812,0.69
52,567,5,0.9619324207305908,0.9009139537811279 0.41616201400756836 0.12313941866159439 0.2713756561279297 -0.3187613785266876 -0.9081555008888245 -0.3386877477169037 0.8515870571136475 -0.4001127779483795,5.2479400634765625 23.519866943359375 861.0841064453125,0.69
52,574,5,0.9619140625,0.901863157749176 0.41515082120895386 0.11955168843269348 0.26640623807907104 -0.31656715273857117 -0.910391628742218 -0.3401036858558655 0.8528979420661926 -0.3960990309715271,12.074535369873047 26.712236404418945 866.9371948242188,0.69
52,575,5,0.9609375,0.8994776606559753 0.41986748576164246 0.12104174494743347 0.2678830027580261 -0.3110024631023407 -0.9118750691413879 -0.34522244334220886 0.8526362776756287 -0.39221516251564026,13.031976699829102 26.725374221801758 870.3150024414062,0.69
52,582,5,0.96435546875,0.90107262134552 0.4175242781639099 0.11722443252801895 0.2639440596103668 -0.3135277330875397 -0.9121589064598083 -0.344095379114151 0.8528621196746826 -0.39271432161331177,18.1115665435791 34.77648162841797 876.3500366210938,0.69
52,587,5,0.9624204635620117,0.9039352536201477 0.4127313196659088 0.11204414069652557 0.261271208524704 -0.3255283236503601 -0.9087181687355042 -0.3385828733444214 0.850696325302124 -0.402091383934021,24.944564819335938 26.536502838134766 877.4825439453125,0.69
52,589,5,0.9658203125,0.9046981930732727 0.410379558801651 0.11449755728244781 0.2621072828769684 -0.32422733306884766 -0.9089424014091492 -0.33588820695877075 0.8523291945457458 -0.40089136362075806,27.74118423461914 26.664823532104492 880.2022094726562,0.69
52,593,5,0.9629085063934326,0.9064972400665283 0.40622416138648987 0.1150851622223854 0.2586234509944916 -0.3187894821166992 -0.9118591547012329 -0.3337312936782837 0.8563615083694458 -0.39404091238975525,28.07928466796875 29.183818817138672 880.4613647460938,0.69
52,594,5,0.9643893241882324,0.9076619148254395 0.40486791729927063 0.11059723049402237 0.25201132893562317 -0.3150239884853363 -0.9150137901306152 -0.3356189429759979 0.858394980430603 -0.3879666030406952,25.597942352294922 29.970687866210938 881.7137451171875,0.69
52,604,5,0.96484375,0.9182488322257996 0.38368019461631775 0.09802348911762238 0.2345397174358368 -0.3274763524532318 -0.9152870774269104 -0.31907710433006287 0.8634516596794128 -0.3906930088996887,19.426956176757812 29.41514015197754 887.9993286132812,0.69
52,608,5,0.96435546875,0.9278302788734436 0.3591535985469818 0.1006956696510315 0.22303257882595062 -0.3178029954433441 -0.9215517640113831 -0.298977255821228 0.8775020241737366 -0.3749702274799347,10.202576637268066 42.890296936035156 912.06298828125,0.69
52,622,5,0.9624204635620117,0.9265151619911194 0.3662552833557129 0.08617809414863586 0.21009576320648193 -0.3135896921157837 -0.9260244369506836 -0.31213679909706116 0.8760813474655151 -0.36749428510665894,17.546934127807617 49.87092590332031 915.7525024414062,0.69
52,625,5,0.96630859375,0.9243818521499634 0.37158122658729553 0.08628790825605392 0.21357175707817078 -0.316692590713501 -0.9241714477539062 -0.3160780072212219 0.872715950012207 -0.37210413813591003,21.048681259155273 54.8175048828125 912.8350219726562,0.69
52,632,5,0.9624204635620117,0.9208433032035828 0.38105204701423645 0.08274633437395096 0.21131965517997742 -0.3093324899673462 -0.9271770715713501 -0.32770663499832153 0.8712707161903381 -0.3653705418109894,28.11311149597168 62.12556076049805 910.9107666015625,0.69
52,638,5,0.9614443778991699,0.9237664341926575 0.37285396456718445 0.08738142997026443 0.21068228781223297 -0.30425825715065 -0.9289994239807129 -0.31979459524154663 0.8765882253646851 -0.3596172630786896,30.572505950927734 75.40579223632812 910.77978515625,0.69
52,643,5,0.96142578125,0.9347008466720581 0.3451084792613983 0.08505577594041824 0.20047008991241455 -0.3142600953578949 -0.9279290437698364 -0.29350656270980835 0.8843872547149658 -0.3629230856895447,18.584144592285156 69.57138061523438 903.9786987304688,0.69
52,650,5,0.96435546875,0.9415488243103027 0.32660654187202454 0.08254684507846832 0.19398653507232666 -0.32531896233558655 -0.9254927635192871 -0.27541792392730713 0.8874096274375916 -0.36966097354888916,-0.19684500992298126 68.8101577758789 893.2817993164062,0.69
52,653,5,0.96728515625,0.9446381330490112 0.31913578510284424 0.07623124122619629 0.18856428563594818 -0.337887167930603 -0.922104001045227 -0.2685188055038452 0.8854290843009949 -0.37935870885849,-2.364867925643921 65.57244873046875 880.4637451171875,0.69
52,656,5,0.9629085063934326,0.9398764967918396 0.3310353755950928 0.08395053446292877 0.2029614895582199 -0.34372982382774353 -0.9168730974197388 -0.2746611535549164 0.8787862062454224 -0.3902510404586792,5.46776819229126 57.930519104003906 870.0645751953125,0.69
52,662,5,0.96435546875,0.915574312210083 0.3904198706150055 0.09641607850790024 0.23559150099754333 -0.3264254331588745 -0.915392279624939 -0.3259146809577942 0.860824465751648 -0.390846312046051,35.348777770996094 58.1635627746582 857.6743774414062,0.69
52,666,5,0.96630859375,0.9086253046989441 0.4058142900466919 0.09856448322534561 0.24440059065818787 -0.3253549337387085 -0.9134618639945984 -0.338627427816391 0.854083776473999 -0.39480695128440857,48.609100341796875 57.91379165649414 851.380859375,0.69
52,669,5,0.96484375,0.8986664414405823 0.4257563650608063 0.10549942404031754 0.26273638010025024 -0.32989293336868286 -0.9067195653915405 -0.35123807191848755 0.8425569534301758 -0.4083253741264343,65.01322174072266 57.5527458190918 838.0802612304688,0.69
52,678,5,0.9639644622802734,0.8831630349159241 0.4552331268787384 0.11307448148727417 0.27991604804992676 -0.3180515766143799 -0.9058091640472412 -0.37639081478118896 0.8316285014152527 -0.4083184599876404,80.58841705322266 56.2586669921875 828.3428344726562,0.69
52,688,5,0.962890625,0.8894643783569336 0.43672487139701843 0.13462737202644348 0.28602299094200134 -0.3022240102291107 -0.9093137383460999 -0.3564322888851166 0.8473087549209595 -0.3937308192253113,47.459571838378906 61.6129150390625 826.4839477539062,0.69
52,742,5,0.9591608047485352,0.9489529728889465 0.2744004428386688 0.15553991496562958 0.24998533725738525 -0.353584885597229 -0.9013795256614685 -0.1923423856496811 0.8942494988441467 -0.40413153171539307,-20.241046905517578 7.308966159820557 868.8275146484375,0.69
52,820,5,0.9629592895507812,0.9618997573852539 0.21794426441192627 0.16507287323474884 0.23358526825904846 -0.34134888648986816 -0.9104498028755188 -0.14207985997200012 0.9143200516700745 -0.37925201654434204,25.355751037597656 9.979004859924316 882.625244140625,0.69
52,886,5,0.9633965492248535,0.9765055179595947 0.13693185150623322 0.1663929671049118 0.20194141566753387 -0.3119937777519226 -0.9283746480941772 -0.07521050423383713 0.9401645660400391 -0.3323158323764801,55.04098892211914 23.074440002441406 840.8007202148438,0.69
