scene_id,im_id,obj_id,score,R,t,time
48,1,19,0.01615828275680542,-0.1532486379146576 0.26122739911079407 0.9530346989631653 0.22055967152118683 0.9491396546363831 -0.22469362616539001 -0.9632591605186462 0.17576704919338226 -0.20307062566280365,48.046165466308594 -16.08649444580078 876.0385131835938,0.69
48,36,19,0.18225955963134766,-0.12500488758087158 0.2664405107498169 0.9557108283042908 0.21814893186092377 0.9470749497413635 -0.2354995310306549 -0.9678764343261719 0.17904870212078094 -0.1765127182006836,32.93717956542969 -19.22605323791504 869.62939453125,0.69
48,47,19,0.06739425659179688,-0.15100067853927612 0.2543483376502991 0.9552516341209412 0.3100786805152893 0.9297484755516052 -0.19854232668876648 -0.938642680644989 0.26622316241264343 -0.21926063299179077,55.96974182128906 -19.42938804626465 872.1517333984375,0.69
48,83,19,0.016567498445510864,-0.17799067497253418 0.2676563858985901 0.9469315409660339 0.22711768746376038 0.9474897980690002 -0.2251238077878952 -0.957463800907135 0.17499496042728424 -0.2294338196516037,78.72898864746094 -12.042468070983887 900.5565795898438,0.69
48,112,19,0.019561588764190674,-0.18790705502033234 0.25794678926467896 0.9477100372314453 0.24162627756595612 0.947384774684906 -0.2099498063325882 -0.9520019888877869 0.18954060971736908 -0.2403469979763031,88.5582504272461 -24.394573211669922 905.0697631835938,0.69
48,1024,19,0.9376466274261475,-0.5606929063796997 0.09948611259460449 0.8220255374908447 0.05913609266281128 0.995032012462616 -0.08008836209774017 -0.8259093761444092 0.0037063995841890574 -0.5637906789779663,147.33387756347656 8.370258331298828 979.8702392578125,0.69
48,1027,19,0.9492433071136475,-0.576775848865509 0.1034107357263565 0.8103307485580444 0.04842205345630646 0.9945390820503235 -0.09245279431343079 -0.8154661059379578 -0.01408665906637907 -0.5786334276199341,160.5039825439453 15.184622764587402 986.2479858398438,0.69
48,1059,19,0.9454400539398193,-0.5899935364723206 0.06319314986467361 0.8049312233924866 0.04462990164756775 0.9979607462882996 -0.045634862035512924 -0.80617356300354 0.008999728597700596 -0.5916106700897217,167.1696319580078 -0.1436048150062561 987.84912109375,0.69
48,1074,19,0.947265625,-0.5882020592689514 0.05913080275058746 0.8065493106842041 0.01342969760298729 0.9978999495506287 -0.06336531043052673 -0.808602511882782 -0.026439892128109932 -0.5877609252929688,147.3631134033203 25.233125686645508 1022.1093750000001,0.69
48,1075,19,0.947265625,-0.5777708888053894 0.0679328441619873 0.8133670687675476 0.02703229710459709 0.9975763559341431 -0.06411584466695786 -0.8157512545585632 -0.015057090669870377 -0.5782068967819214,145.38609313964844 22.565723419189453 1010.7218017578126,0.69
48,1083,19,0.94189453125,-0.5963586568832397 0.04479296877980232 0.8014673590660095 0.00039789252332411706 0.9984582662582397 -0.055506471544504166 -0.8027179837226868 -0.032782867550849915 -0.5954570174217224,154.83828735351562 24.851356506347656 1020.9591674804688,0.69
48,1087,19,0.9404585361480713,-0.5847799777984619 0.05308840796351433 0.8094528913497925 0.01647152565419674 0.9984275698661804 -0.05358274653553963 -0.8110246658325195 -0.018001193180680275 -0.5847348570823669,152.35845947265625 28.505794525146484 1024.021728515625,0.69
48,1090,19,0.9479641914367676,0.7947483658790588 -0.5940001606941223 -0.12465505301952362 -0.31739968061447144 -0.23169362545013428 -0.9195517897605896 0.517332136631012 0.7703778147697449 -0.37267354130744934,-58.745582580566406 93.58747863769531 739.76806640625,0.69
48,1094,19,0.9481687545776367,0.7962642312049866 -0.5937369465827942 -0.11592991650104523 -0.29743412137031555 -0.21736854314804077 -0.9296687245368958 0.5267791152000427 0.7747434973716736 -0.3496803939342499,-65.02916717529297 92.61583709716797 743.3843383789062,0.69
48,1097,19,0.94287109375,-0.5861154198646545 0.06568006426095963 0.8075610399246216 0.014579313807189465 0.9974024891853333 -0.07053869217634201 -0.8100963830947876 -0.02957013063132763 -0.5855505466461182,141.26296997070312 24.49935531616211 1036.6298828125,0.69
48,1103,19,0.9477791786193848,-0.6041399836540222 0.054906461387872696 0.7949844598770142 0.017474671825766563 0.9982963800430298 -0.05566873401403427 -0.796686589717865 -0.01973961479961872 -0.6040701866149902,151.68572998046875 18.184940338134766 1032.69873046875,0.69
48,1104,19,0.9472911357879639,-0.6053501963615417 0.05592995136976242 0.7939918637275696 0.02255825325846672 0.9983330965042114 -0.053125325590372086 -0.7956395745277405 -0.014248356223106384 -0.6056027412414551,149.8588104248047 16.611265182495117 1034.30322265625,0.69
48,1107,19,0.9443628787994385,-0.6065438389778137 0.05412111431360245 0.793205738067627 0.018650513142347336 0.998374342918396 -0.05385838821530342 -0.7948311567306519 -0.01787377893924713 -0.6065672636032104,148.1380615234375 14.136613845825195 1028.259521484375,0.69
48,1113,19,0.9443893432617188,-0.6274267435073853 0.04234858229756355 0.7775231599807739 0.01137468870729208 0.9989118576049805 -0.04522787779569626 -0.7785924673080444 -0.019533095881342888 -0.6272257566452026,162.21975708007812 21.93065071105957 1032.72119140625,0.69
48,1119,19,0.951171875,-0.6344858407974243 0.030543245375156403 0.7723307609558105 0.008828292600810528 0.9994401335716248 -0.03227207437157631 -0.7728841304779053 -0.013657811097800732 -0.6344002485275269,166.69349670410156 18.589893341064453 1043.203369140625,0.69
48,1120,19,0.951683521270752,-0.6386370062828064 0.024516848847270012 0.7691174149513245 0.009557110257446766 0.9996678829193115 -0.0239302646368742 -0.7694488167762756 -0.007932212203741074 -0.6386591792106628,168.03500366210938 18.77056121826172 1052.242919921875,0.69
48,1122,19,0.94970703125,-0.6413633227348328 0.03025250881910324 0.7666406631469727 0.009690758772194386 0.9994620084762573 -0.03133272007107735 -0.7671761512756348 -0.012666327878832817 -0.6413114070892334,168.009765625 19.342090606689453 1050.70556640625,0.69
48,1124,19,0.9453125,-0.6383819580078125 0.03987535461783409 0.7686861753463745 0.01902967505156994 0.9991695880889893 -0.036027755588293076 -0.7694845199584961 -0.008371620438992977 -0.6386106610298157,165.69285583496094 15.280808448791504 1045.140869140625,0.69
48,1126,19,0.9478039741516113,-0.6389201879501343 0.0401436984539032 0.7682248950004578 0.016801318153738976 0.9991274476051331 -0.038236163556575775 -0.7690895795822144 -0.011522665619850159 -0.6390371322631836,165.32752990722656 15.780065536499025 1052.7882080078125,0.69
48,1128,19,0.9458270072937012,-0.6352647542953491 0.04544227197766304 0.7709563374519348 0.010698620229959488 0.9986894726753235 -0.050049856305122375 -0.7722203731536865 -0.023546742275357246 -0.6349183320999146,164.3617706298828 19.716562271118164 1050.8218994140625,0.69
48,1132,19,0.94287109375,-0.6390236616134644 0.04530732333660126 0.7678514719009399 0.011842586100101471 0.9987248182296753 -0.049074411392211914 -0.7690958380699158 -0.022266361862421036 -0.6387454271316528,163.08815002441406 21.713642120361328 1065.0533447265625,0.69
48,1133,19,0.94384765625,-0.6338290572166443 0.05759698525071144 0.7713257074356079 0.01926330290734768 0.9980897307395935 -0.05870065465569496 -0.77323317527771 -0.02234789915382862 -0.6337278485298157,160.63046264648438 20.495193481445312 1058.8486328125,0.69
48,1137,19,0.94677734375,-0.6321170330047607 0.062222789973020554 0.7723705768585205 0.02092965506017208 0.9977779984474182 -0.06325272470712662 -0.7745901942253113 -0.023817675188183784 -0.632014811038971,154.90029907226562 23.744237899780273 1066.8079833984375,0.69
48,1540,19,0.9472911357879639,-0.727454423904419 -0.0443074069917202 0.6847240328788757 -0.06130126491189003 0.9981192350387573 -0.000540081993676722 -0.6834122538566589 -0.04236733540892601 -0.7288022637367249,152.22381591796875 43.928043365478516 998.4637451171875,0.69
48,1542,19,0.946199893951416,-0.6978457570075989 -0.05375874415040016 0.7142278552055359 -0.0478934608399868 0.9984499216079712 0.028356732800602913 -0.7146451473236084 -0.014418215490877628 -0.6993386149406433,150.29531860351562 45.681556701660156 990.225830078125,0.69
48,1543,19,0.9448509216308594,-0.7004517316818237 -0.05971556529402733 0.7111971974372864 -0.058421842753887177 0.9979467391967773 0.026253296062350273 -0.7113046050071716 -0.023160282522439957 -0.7025021910667419,146.857177734375 49.01858901977539 990.009521484375,0.69
48,1568,19,0.9419503211975098,-0.7015657424926758 -0.06755003333091736 0.7093958258628845 -0.08808037638664246 0.9960832595825195 0.007740790955722332 -0.7071402072906494 -0.057053178548812866 -0.7047677040100098,140.1891326904297 67.79368591308594 1005.9421997070312,0.69
48,1569,19,0.9453389644622803,-0.6971146464347839 -0.06632611900568008 0.7138850688934326 -0.09455137699842453 0.9955199360847473 0.00016224206774495542 -0.7106976509094238 -0.0673857182264328 -0.7002627849578857,139.78846740722656 67.8763427734375 995.9776611328125,0.69
48,1571,19,0.9390521049499512,-0.7162480354309082 -0.07115563005208969 0.694208562374115 -0.11257774382829666 0.9935398101806641 -0.014315067790448666 -0.6887052655220032 -0.08840557932853699 -0.7196314930915833,143.3669891357422 69.91007232666016 1007.7827148437499,0.69
48,1572,19,0.9434661865234375,-0.7088456153869629 -0.06780584901571274 0.7020969986915588 -0.10817724466323853 0.9940437078475952 -0.013216091319918633 -0.6970190405845642 -0.08531908690929413 -0.7119585871696472,144.8823699951172 70.70193481445312 1001.3944091796876,0.69
48,1576,19,0.9453649520874023,-0.7106730341911316 -0.06773862987756729 0.7002537846565247 -0.09829533100128174 0.9951512813568115 -0.0034925376530736685 -0.696621835231781 -0.07131373137235641 -0.7138854265213013,148.05064392089844 78.88059997558594 997.9863891601562,0.69
48,1577,19,0.943901538848877,-0.7069200277328491 -0.07365482300519943 0.7034479975700378 -0.10009408742189407 0.9949715733528137 0.0035908014979213476 -0.7001752257347107 -0.06787258386611938 -0.7107376456260681,148.94769287109375 79.70256042480469 1006.2344970703125,0.69
48,1579,19,0.9419503211975098,-0.7127565741539001 -0.0718606486916542 0.6977207064628601 -0.10188493132591248 0.9947949647903442 -0.001623213873244822 -0.6939722299575806 -0.07224418222904205 -0.7163681387901306,146.97779846191406 79.13292694091797 993.4230346679688,0.69
48,1580,19,0.9463405609130859,-0.7162132263183594 -0.06831863522529602 0.6945295333862305 -0.11622582376003265 0.9929752349853516 -0.022178692743182182 -0.6881353855133057 -0.09660694003105164 -0.7191223502159119,147.8296661376953 80.33305358886719 1003.2932739257811,0.69
48,1583,19,0.9443893432617188,-0.7192185521125793 -0.06819954514503479 0.691428542137146 -0.11099567264318466 0.993667721748352 -0.017445703968405724 -0.6858605146408081 -0.08929285407066345 -0.7222340703010559,148.75721740722656 82.03623962402344 1001.3858032226564,0.69
48,1586,19,0.943901538848877,-0.7111693024635315 -0.07436767965555191 0.6990763545036316 -0.11099433153867722 0.9937950372695923 -0.007194533944129944 -0.6942036151885986 -0.08271004259586334 -0.7150108814239502,150.90228271484375 81.04556274414062 1003.3619384765624,0.69
48,1587,19,0.9497551918029785,-0.7152388095855713 -0.08144485950469971 0.6941183805465698 -0.11049774289131165 0.9938726425170898 0.0027567781507968903 -0.6900897026062012 -0.07472676038742065 -0.7198556661605835,150.0614013671875 82.37708282470703 1002.2468261718751,0.69
48,1588,19,0.9478039741516113,-0.7141240835189819 -0.07921749353408813 0.6955223679542542 -0.11641156673431396 0.9931803941726685 -0.006405332591384649 -0.6902717351913452 -0.08554105460643768 -0.718475878238678,149.2013397216797 83.12834167480469 1005.1104125976562,0.69
48,1589,19,0.941462516784668,-0.7084180116653442 -0.07789535820484161 0.7014814615249634 -0.11056478321552277 0.9938680529594421 -0.0012949295341968536 -0.6970791816711426 -0.07847649604082108 -0.7126865386962891,148.87391662597656 85.15379333496094 1003.0484008789062,0.69
48,1597,19,0.936126708984375,-0.7057901620864868 -0.07022632658481598 0.7049314975738525 -0.13638119399547577 0.9899300336837769 -0.0379289872944355 -0.6951693892478943 -0.1229093074798584 -0.7082604169845581,141.6902313232422 99.6243667602539 1002.9179077148438,0.69
48,1605,19,0.9360966682434082,-0.7290545105934143 -0.06566884368658066 0.6812980771064758 -0.11215705424547195 0.993394136428833 -0.024267759174108505 -0.675203800201416 -0.09410490840673447 -0.7316038012504578,158.11959838867188 83.18217468261719 1007.6058959960939,0.69
48,1608,19,0.9399991035461426,-0.7325087189674377 -0.060033492743968964 0.6781054735183716 -0.11000589281320572 0.9934511184692383 -0.030880047008395195 -0.6718108654022217 -0.09721549600362778 -0.7343155741691589,157.89453125 78.87218475341797 1002.4282836914062,0.69
48,1609,19,0.9306976795196533,-0.7359927296638489 -0.05876349285244942 0.674434244632721 -0.11097458004951477 0.9932219982147217 -0.03456420451402664 -0.6678317785263062 -0.10028405487537384 -0.7375254034996033,156.84732055664062 78.10526275634766 1000.7000122070314,0.69
48,1611,19,0.9389944076538086,-0.725674033164978 -0.045657359063625336 0.6865220665931702 -0.10680955648422241 0.9931750893592834 -0.04684942960739136 -0.6796976327896118 -0.10732453316450119 -0.7255980372428894,154.07467651367188 76.9183578491211 1000.3948364257814,0.69
48,1619,19,0.9385356903076172,-0.7273266315460205 -0.044673893600702286 0.6848358511924744 -0.09873199462890625 0.9943098425865173 -0.03999602049589157 -0.6791523694992065 -0.0967053771018982 -0.7275988459587097,149.30125427246094 71.3679428100586 999.8676147460938,0.69
48,1622,19,0.943901538848877,-0.732936680316925 -0.04483025521039963 0.6788182258605957 -0.09924516826868057 0.9941973686218262 -0.04149903729557991 -0.6730188131332397 -0.0977855920791626 -0.7331327795982361,151.4358673095703 71.35836791992188 1004.1061401367189,0.69
48,1624,19,0.9443893432617188,-0.7324493527412415 -0.04565354064106941 0.6792891621589661 -0.09485981613397598 0.9948603510856628 -0.035421017557382584 -0.6741806864738464 -0.09038135409355164 -0.7330154180526733,153.02984619140625 70.0963134765625 1002.9962158203125,0.69
48,1626,19,0.9366142749786377,-0.7334558367729187 -0.040896061807870865 0.6785057187080383 -0.090310238301754 0.9952020645141602 -0.03763965144753456 -0.6737110614776611 -0.08888303488492966 -0.7336301207542419,153.907470703125 69.93169403076172 999.8443603515625,0.69
48,1631,19,0.9382414817810059,-0.7433388233184814 -0.04961885139346123 0.6670721769332886 -0.1035175621509552 0.9937641620635986 -0.04143357276916504 -0.6608566045761108 -0.09985287487506866 -0.7438399791717529,156.87464904785156 68.17137908935547 996.18115234375,0.69
48,1639,19,0.9419503211975098,-0.7421853542327881 -0.05154348537325859 0.6682096123695374 -0.11054699122905731 0.9927963614463806 -0.0462043359875679 -0.6610145568847656 -0.10816074907779694 -0.7425369024276733,160.71212768554688 72.90105438232422 989.8845825195312,0.69
48,1641,19,0.9478039741516113,-0.7495260834693909 -0.05647213011980057 0.6595616340637207 -0.10726331919431686 0.9935483932495117 -0.036825764924287796 -0.6532267332077026 -0.09834863245487213 -0.7507478594779968,159.92942810058594 74.20333099365234 991.4210205078125,0.69
48,1643,19,0.9346020221710205,-0.7435579299926758 -0.06330067664384842 0.6656685471534729 -0.11813557147979736 0.9922854900360107 -0.03759876638650894 -0.6581531763076782 -0.10659599304199219 -0.7452998161315918,158.58248901367188 76.01103973388672 998.585693359375,0.69
48,1644,19,0.9277694225311279,-0.7403662204742432 -0.05715825781226158 0.6697692275047302 -0.11459200084209442 0.9925257563591003 -0.0419682078063488 -0.6623643636703491 -0.10782204568386078 -0.7413824200630188,156.39361572265625 75.4474868774414 994.2017211914062,0.69
48,1645,19,0.9341139793395996,-0.7370121479034424 -0.053970858454704285 0.673721194267273 -0.11661915481090546 0.9920109510421753 -0.04810603708028793 -0.6657424569129944 -0.11402353644371033 -0.7374181747436523,155.0879364013672 75.55548858642578 994.2106323242188,0.69
48,1648,19,0.9350900650024414,-0.7432764768600464 -0.05350248143076897 0.666841447353363 -0.10781855881214142 0.9933461546897888 -0.040478162467479706 -0.6602387428283691 -0.10198435187339783 -0.7440994381904602,154.3076934814453 73.75273132324219 1003.0189819335938,0.69
48,1649,19,0.9409747123718262,-0.7435375452041626 -0.050347547978162766 0.6667962074279785 -0.10511333495378494 0.993565022945404 -0.042190030217170715 -0.6603810787200928 -0.10145904868841171 -0.7440450191497803,153.0264892578125 71.94530487060547 1000.6652832031251,0.69
48,1724,19,0.9492673873901367,-0.7781088948249817 0.0006345673464238644 0.6281290650367737 -0.08773286640644073 0.9900873899459839 -0.10968128591775894 -0.6219722628593445 -0.1404515504837036 -0.7703401446342468,143.15000915527344 45.68988037109375 964.4135131835938,0.69
48,1874,19,0.9458527565002441,-0.8173497319221497 0.02203824557363987 0.5757201313972473 -0.029452234506607056 0.9963634014129639 -0.07995355874300003 -0.5753885507583618 -0.08230626583099365 -0.8137283325195312,106.21468353271484 12.113892555236816 905.1876220703125,0.69
48,2040,19,0.9492433071136475,-0.8774208426475525 0.0050314804539084435 0.479695200920105 -0.03549913316965103 0.9965224862098694 -0.07538466900587082 -0.47840625047683716 -0.08317284286022186 -0.8741908669471741,120.80653381347656 12.765907287597656 808.7872924804688,0.69
48,2050,19,0.9541015625,-0.8809037208557129 0.003048603655770421 0.47328564524650574 -0.04278644919395447 0.9953718185424805 -0.08604791760444641 -0.4713574945926666 -0.09605014324188232 -0.8766964077949524,120.06269836425781 19.56003761291504 801.5425415039062,0.69
48,2051,19,0.953125,-0.8717963099479675 0.005246031563729048 0.4898405075073242 -0.036656927317380905 0.9964405298233032 -0.07591190189123154 -0.48849520087242126 -0.0841357633471489 -0.8685007691383362,120.24027252197266 19.152061462402344 801.3238525390625,0.69
48,2066,19,0.9443628787994385,-0.880074143409729 -0.0017364247469231486 0.47483304142951965 -0.04276173561811447 0.9962198138237 -0.07561318576335907 -0.47290679812431335 -0.0868498906493187 -0.8768216371536255,117.69957733154297 14.732868194580078 798.4697265625,0.69
48,2069,19,0.9472911357879639,-0.8800274729728699 -0.0008696089498698711 0.47492191195487976 -0.04358965530991554 0.9959251880645752 -0.07894778251647949 -0.4729180335998535 -0.09017789363861084 -0.8764795660972595,116.29493713378906 12.463845252990723 796.418212890625,0.69
48,2070,19,0.9482672214508057,-0.8806864023208618 0.002414033515378833 0.4736936092376709 -0.038627635687589645 0.9962906837463379 -0.0768934041261673 -0.4721221923828125 -0.08601664006710052 -0.877326488494873,116.30146789550781 12.520393371582031 793.8753662109375,0.69
48,2083,19,0.9482672214508057,-0.886259913444519 -0.0006970429676584899 0.46318790316581726 -0.0431620217859745 0.995772123336792 -0.08108732104301453 -0.46117305755615234 -0.09185656905174255 -0.8825428485870361,118.6922378540039 11.01259708404541 788.232177734375,0.69
48,2090,19,0.9497313499450684,-0.8795667290687561 0.004090841393917799 0.47575807571411133 -0.030503656715154648 0.9974208474159241 -0.06497060507535934 -0.4747968316078186 -0.07165834307670593 -0.8771733045578003,112.61305236816406 7.549696922302246 786.80029296875,0.69
48,2104,19,0.9507074356079102,-0.8887295126914978 -0.0035192365758121014 0.4584185481071472 -0.041483331471681595 0.9964855313301086 -0.07277321070432663 -0.45655137300491333 -0.08369243144989014 -0.8857519626617432,114.2523422241211 5.525002956390381 774.0657348632812,0.69
48,2133,19,0.94873046875,-0.890357494354248 0.009145970456302166 0.45517006516456604 -0.01768256537616253 0.9983490109443665 -0.054649196565151215 -0.45491838455200195 -0.05670589581131935 -0.8887258768081665,119.18395233154297 6.686469078063965 757.9457397460938,0.69
48,2144,19,0.9501953125,-0.8931421041488647 0.011433343403041363 0.4496293365955353 -0.029180657118558884 0.9960977435112 -0.08329351246356964 -0.44882702827453613 -0.08751342445611954 -0.8893231749534607,117.32716369628906 9.55075740814209 756.2604370117188,0.69
48,2160,19,0.9501953125,-0.9086507558822632 0.007738462649285793 0.4174850881099701 -0.02581206150352955 0.9968750476837158 -0.07465758919715881 -0.4167582392692566 -0.07861382514238358 -0.9056116342544556,120.64571380615234 5.152804851531982 744.3576049804688,0.69
54,1,19,0.9473161697387695,0.9925090074539185 -0.11580207198858261 -0.03893187642097473 -0.09577888995409012 -0.5397082567214966 -0.8363859057426453 0.07584336400032043 0.8338493704795837 -0.5467566847801208,89.30762481689453 72.12064361572266 931.9511108398438,0.69
54,22,19,0.9492673873901367,0.9961522817611694 -0.08082598447799683 -0.03388075530529022 -0.07314440608024597 -0.5537961721420288 -0.8294333219528198 0.04827674478292465 0.8287200927734375 -0.5575772523880005,108.990234375 71.7125473022461 930.5352783203125,0.69
54,32,19,0.9405148029327393,0.9988903999328613 -0.047090064734220505 0.0006645786925218999 -0.024432159960269928 -0.5302241444587708 -0.8475054502487183 0.04026145115494728 0.8465487957000732 -0.5307863354682922,108.35223388671875 95.15999603271484 932.690673828125,0.69
54,38,19,0.9414346218109131,0.9978570342063904 -0.06452682614326477 -0.010844738222658634 -0.04345095157623291 -0.529556393623352 -0.8471611142158508 0.048921726644039154 0.8458169102668762 -0.531225323677063,100.2193603515625 73.8755111694336 940.9962768554688,0.69
54,43,19,0.9468283653259277,0.9985840320587158 -0.048215996474027634 -0.022476136684417725 -0.045397721230983734 -0.5521324276924133 -0.8325196504592896 0.027730951085686684 0.8323611617088318 -0.553539514541626,97.66541290283203 48.87691879272461 939.1395263671875,0.69
54,50,19,0.945950984954834,0.9984087347984314 -0.05492996424436569 -0.01275771576911211 -0.04139039292931557 -0.560157060623169 -0.8273516893386841 0.03830007091164589 0.8265632390975952 -0.5615392327308655,91.2627182006836 49.67052459716797 941.3865356445312,0.69
54,56,19,0.9425175189971924,0.9982553720474243 -0.05427650734782219 -0.023241912946105003 -0.04917512834072113 -0.5464146733283997 -0.8360698819160461 0.03267922252416611 0.8357542157173157 -0.5481305122375488,79.03527069091797 57.6094970703125 945.8719482421875,0.69
54,63,19,0.9409465789794922,0.9993053674697876 -0.03022870607674122 -0.02179216779768467 -0.03501514345407486 -0.5615675449371338 -0.826689600944519 0.012751977890729904 0.8268783688545227 -0.5622360110282898,96.79167175292969 46.72242736816406 942.0857543945312,0.69
54,69,19,0.93658447265625,0.9999178051948547 -0.007387325167655945 -0.010475285351276398 -0.012817763723433018 -0.57021164894104 -0.8213977813720703 9.47977532632649e-05 0.8214645385742188 -0.5702595114707947,98.6377944946289 53.570457458496094 938.4178466796875,0.69
54,81,19,0.9448509216308594,0.9984700083732605 0.0535997599363327 -0.013585168868303299 0.018353749066591263 -0.5530184507369995 -0.8329667448997498 -0.05215967074036598 0.8314429521560669 -0.5531561970710754,132.4253692626953 85.54489135742188 935.0518188476562,0.69
54,86,19,0.9409465789794922,0.9974619150161743 0.06992056965827942 -0.01345097366720438 0.024878274649381638 -0.5192437171936035 -0.854263961315155 -0.06671495735645294 0.8517611622810364 -0.5196653008460999,125.50968170166016 89.7070541381836 929.96826171875,0.69
54,90,19,0.9404585361480713,0.9961938261985779 0.08645156770944595 -0.011133545078337193 0.035437505692243576 -0.5183858275413513 -0.854412317276001 -0.07963674515485764 0.8507657051086426 -0.5194764137268066,119.73294067382812 80.02725219726562 921.1461791992188,0.69
54,135,19,0.9404869079589844,0.9953604340553284 0.09365036338567734 -0.022069234400987625 0.028176864609122276 -0.5030375123023987 -0.8638049960136414 -0.09199731796979904 0.8591755628585815 -0.5033425092697144,119.13829040527344 73.70562744140625 1006.9273681640625,0.69
54,202,19,0.9512186050415039,0.9923818707466125 0.12128901481628418 -0.021614566445350647 0.03134024143218994 -0.4182032644748688 -0.9078126549720764 -0.11914698779582977 0.9002194404602051 -0.41881856322288513,120.16460418701172 86.30964660644531 1067.360595703125,0.69
54,390,19,0.9435412883758545,0.9972028136253357 0.07352584600448608 -0.013433964923024178 0.01667945459485054 -0.39411190152168274 -0.9189110398292542 -0.07285820692777634 0.9161165952682495 -0.39423590898513794,114.87850952148438 90.82760620117188 1016.5383911132812,0.69
54,479,19,0.9531698226928711,-0.9966542720794678 -0.018370550125837326 0.07964148372411728 0.07818661630153656 -0.4981992244720459 0.863530158996582 0.023813806474208832 0.8668678998947144 0.4979687035083771,131.63153076171875 70.37079620361328 931.5077514648438,0.69
54,514,19,0.9521942138671875,-0.9989471435546875 0.032426271587610245 0.0324510894715786 0.010518906638026237 -0.5266280174255371 0.8500307202339172 0.04465298354625702 0.8494770526885986 0.5257325172424316,142.85328674316406 65.57306671142578 893.034423828125,0.69
54,520,19,0.9580280780792236,-0.9990406036376953 0.03336002305150032 0.02837061882019043 0.006126214750111103 -0.535007894039154 0.8448248505592346 0.04336187615990639 0.8441882133483887 0.5342903137207031,146.27149963378906 70.07572937011719 890.5104370117188,0.69
54,524,19,0.9594922065734863,-0.9986374974250793 0.025145990774035454 0.045724451541900635 0.025675974786281586 -0.526045560836792 0.8500686883926392 0.04542895779013634 0.8500845432281494 0.5246831774711609,142.99832153320312 69.27677917480469 888.4920654296875,0.69
54,530,19,0.9541454315185547,-0.99912029504776 0.027280569076538086 0.031850382685661316 0.012880651280283928 -0.5231487154960632 0.8521440029144287 0.03990945965051651 0.8518046140670776 0.5223371386528015,137.9795684814453 74.51930236816406 884.4103393554688,0.69
54,537,19,0.9541237354278564,-0.9990500807762146 0.02244889922440052 0.03734863921999931 0.0206783227622509 -0.5102116465568542 0.8598002791404724 0.03835727274417877 0.8597558736801147 0.5092628002166748,138.86012268066406 86.81487274169922 873.6765747070312,0.69
54,543,19,0.9536356925964355,-0.9984822273254395 0.02610168792307377 0.048497531563043594 0.028394607827067375 -0.5105507969856262 0.8593786954879761 0.047191690653562546 0.8594513535499573 0.5090346932411194,142.5137176513672 94.07553100585938 879.6845703125,0.69
54,560,19,0.9532127380371094,-0.9987544417381287 0.027549253776669502 0.04160117730498314 0.022572683170437813 -0.49408891797065735 0.8691182732582092 0.04449823871254921 0.8689748048782349 0.4928516447544098,146.9462890625 100.15069580078125 862.7388916015625,0.69
54,561,19,0.94677734375,-0.9982349872589111 0.036036185920238495 0.04720494523644447 0.023303262889385223 -0.4934295117855072 0.8694735765457153 0.054624833166599274 0.8690388798713684 0.4917188286781311,146.21763610839844 99.95293426513672 862.3878784179688,0.69
54,568,19,0.95361328125,-0.9990419745445251 0.013062980026006699 0.041766490787267685 0.029298197478055954 -0.5092957615852356 0.8600926995277405 0.03250687196850777 0.8604924082756042 0.5084251761436462,137.9707794189453 99.36851501464844 866.7579956054688,0.69
54,577,19,0.951171875,-0.9983262419700623 -0.00859315600246191 0.05719196796417236 0.05368975177407265 -0.5053033828735352 0.8612698912620544 0.021498266607522964 0.8628990054130554 0.5049189925193787,133.36550903320312 99.92840576171875 862.9848022460938,0.69
54,583,19,0.9502193927764893,-0.9955465197563171 -0.02573402225971222 0.09069080650806427 0.09120044857263565 -0.5064486861228943 0.857433557510376 0.023865029215812683 0.8618860244750977 0.5065401792526245,133.85122680664062 99.17432403564453 865.9728393554688,0.69
54,588,19,0.9501953125,-0.9939889311790466 -0.03091772273182869 0.10502416640520096 0.10636591166257858 -0.4999105632305145 0.8595205545425415 0.02592826820909977 0.86552494764328 0.5001941919326782,136.2658233642578 101.1377944946289 864.9658813476562,0.69
54,589,19,0.9453389644622803,-0.9933644533157349 -0.02956492081284523 0.11114395409822464 0.11117223650217056 -0.49437323212623596 0.8621112108230591 0.02945835515856743 0.8687466979026794 0.49437960982322693,135.8675537109375 101.54347229003906 863.1903686523438,0.69
54,595,19,0.9526596069335938,-0.9885392785072327 -0.026931902393698692 0.14854206144809723 0.14430321753025055 -0.4576205909252167 0.8773596286773682 0.04434693977236748 0.8887395858764648 0.4562623202800751,138.72520446777344 103.75514221191406 863.2376708984375,0.69
54,598,19,0.9555878639221191,-0.9880028963088989 -0.02700415439903736 0.15205635130405426 0.1478811502456665 -0.44922539591789246 0.8810945749282837 0.04451436921954155 0.8930102586746216 0.44782936573028564,138.4399871826172 105.7760238647461 863.3623046875,0.69
54,604,19,0.9555878639221191,-0.9837055206298828 -0.032599080353975296 0.17680734395980835 0.17316338419914246 -0.43627941608428955 0.8829919099807739 0.0483526811003685 0.8992205262184143 0.434815376996994,136.69142150878906 109.86213684082031 865.3682861328125,0.69
54,681,19,0.9399991035461426,0.9995506405830383 0.01220300979912281 -0.027379704639315605 -0.018939560279250145 -0.4508821666240692 -0.8923825621604919 -0.0232347771525383 0.892500102519989 -0.4504484236240387,106.86630249023438 99.91757202148438 891.8159790039062,0.69
54,741,19,0.9410562515258789,0.9949178695678711 -0.09459339082241058 -0.034504786133766174 -0.07152722030878067 -0.4227762222290039 -0.9034069180488586 0.07086852192878723 0.9012837409973145 -0.4273935854434967,117.12757110595703 104.27421569824219 901.8491821289062,0.69
54,866,19,0.9453904628753662,0.9795860052108765 -0.18288078904151917 -0.08346197754144669 -0.15421384572982788 -0.417313814163208 -0.8955820798873901 0.1289549320936203 0.8901706337928772 -0.43699753284454346,146.07562255859375 98.32493591308594 918.912109375,0.69
54,1012,19,0.9497551918029785,0.9641982913017273 -0.2594462037086487 -0.054858025163412094 -0.1686062067747116 -0.4401172697544098 -0.8819686770439148 0.2046794295310974 0.8596420288085938 -0.4681045413017273,182.4986572265625 100.77095031738281 948.6697387695312,0.69
54,1024,19,0.9441423416137695,0.9710158705711365 -0.23505762219429016 -0.04331543296575546 -0.14895540475845337 -0.4533931016921997 -0.8787758350372314 0.1869240403175354 0.8597573637962341 -0.47526493668556213,215.53990173339844 100.1278076171875 951.4401245117188,0.69
54,1025,19,0.9522380828857422,0.9715268015861511 -0.2326519936323166 -0.04481956362724304 -0.14941458404064178 -0.4547993540763855 -0.8779708743095398 0.18387778103351593 0.8596689105033875 -0.47661131620407104,222.71192932128906 101.47918701171875 954.7125244140625,0.69
54,1028,19,0.9565639495849609,0.9677009582519531 -0.24680911004543304 -0.051382698118686676 -0.1607060581445694 -0.44689124822616577 -0.8800351619720459 0.19423821568489075 0.8598684072494507 -0.4721207618713379,223.860595703125 106.26005554199219 954.7443237304688,0.69
54,1029,19,0.9546542167663574,0.9669181704521179 -0.24928928911685944 -0.05407525226473808 -0.16420264542102814 -0.44604435563087463 -0.8798192739486694 0.1952095478773117 0.8595925569534302 -0.47222232818603516,225.96908569335938 108.18763732910156 963.1434936523438,0.69
54,1032,19,0.9590785503387451,0.9693624377250671 -0.24116739630699158 -0.04663467034697533 -0.15159709751605988 -0.43799182772636414 -0.8861047029495239 0.19327396154403687 0.8660263419151306 -0.46113309264183044,223.62059020996094 104.86090850830078 936.317626953125,0.69
54,1033,19,0.9527463912963867,0.9641931653022766 -0.25662901997566223 -0.06688099354505539 -0.1777755171060562 -0.438310831785202 -0.8810672163963318 0.19679276645183563 0.8614087700843811 -0.4682387113571167,215.71629333496094 104.51004028320312 929.953857421875,0.69
54,1039,19,0.9433693885803223,0.9622581005096436 -0.26841410994529724 -0.04487001150846481 -0.16660912334918976 -0.45068445801734924 -0.876997709274292 0.21517634391784668 0.8513739109039307 -0.47839492559432983,214.08145141601562 96.73307037353516 953.2019653320312,0.69
54,1042,19,0.9454877376556396,0.9562773704528809 -0.28834769129753113 -0.048879049718379974 -0.17997071146965027 -0.44844508171081543 -0.8755040764808655 0.2305300384759903 0.8460215330123901 -0.4807320237159729,207.29922485351562 92.50032043457031 957.6231689453125,0.69
54,1063,19,0.9497785568237305,0.9367356300354004 -0.3475990295410156 -0.04124714434146881 -0.2022336721420288 -0.4412470757961273 -0.8743011951446533 0.285706102848053 0.8273306488990784 -0.4836280345916748,173.8722686767578 71.53692626953125 944.4248046875,0.69
54,1068,19,0.9480257034301758,0.9307305216789246 -0.36203616857528687 -0.051676295697689056 -0.2174379676580429 -0.4342168867588043 -0.8741719126701355 0.29404306411743164 0.8248549103736877 -0.48285937309265137,172.18399047851562 64.88190460205078 949.8659057617188,0.69
54,1080,19,0.9482917785644531,0.9196885824203491 -0.39152657985687256 -0.029663603752851486 -0.21503013372421265 -0.43900737166404724 -0.8723729848861694 0.32853463292121887 0.8086900115013123 -0.4879400432109833,164.34461975097656 58.59935760498047 948.6161499023438,0.69
54,1083,19,0.9531915187835693,0.9213372468948364 -0.38538140058517456 -0.05117381364107132 -0.2304837852716446 -0.4354698657989502 -0.8701971173286438 0.31307318806648254 0.8135398030281067 -0.49003881216049194,165.4520263671875 56.062618255615234 953.9404296875,0.69
54,1089,19,0.9531476497650146,0.9184659123420715 -0.39388659596443176 -0.035689473152160645 -0.22188648581504822 -0.43848294019699097 -0.8709185123443604 0.32739388942718506 0.8078279495239258 -0.4901297688484192,170.592041015625 56.96605682373047 947.3698120117188,0.69
54,1096,19,0.9551417827606201,0.929195761680603 -0.36809107661247253 -0.033233191817998886 -0.205353781580925 -0.4394344687461853 -0.8744868636131287 0.30728697776794434 0.8193939924240112 -0.4839094281196594,176.1520538330078 61.779998779296875 947.242919921875,0.69
54,1106,19,0.9469699859619141,0.9232752919197083 -0.38128340244293213 -0.04675136134028435 -0.21990539133548737 -0.42482301592826843 -0.8781611919403076 0.31496724486351013 0.8210654258728027 -0.47607487440109253,181.7531280517578 80.09684753417969 939.971923828125,0.69
54,1110,19,0.9474780559539795,0.9254029989242554 -0.37493422627449036 -0.055258434265851974 -0.221845805644989 -0.4176981449127197 -0.8810860514640808 0.3072679936885834 0.8276184797286987 -0.46971672773361206,193.79637145996094 94.4040756225586 950.0440063476562,0.69
54,1111,19,0.9546747207641602,0.9339885711669922 -0.35310494899749756 -0.05461087077856064 -0.2095125913619995 -0.4174220561981201 -0.884230375289917 0.2894303500652313 0.8373028039932251 -0.4638473093509674,193.15550231933594 94.885986328125 944.4860229492188,0.69
54,1134,19,0.9502661228179932,0.879719078540802 -0.4728562533855438 -0.05001281201839447 -0.2679648995399475 -0.40612855553627014 -0.8736443519592285 0.3927965462207794 0.7819632887840271 -0.4839879274368286,107.74820709228516 58.157047271728516 982.4973754882812,0.69
54,1178,19,0.9460196495056152,0.8471911549568176 -0.5265049338340759 -0.07113140821456909 -0.29268714785575867 -0.350780189037323 -0.8895434141159058 0.44339749217033386 0.7744325399398804 -0.4512791335582733,96.84771728515625 68.62727355957031 1029.8218994140625,0.69
54,1355,19,0.9355521202087402,0.7954296469688416 -0.5961008667945862 -0.10934074223041534 -0.32467368245124817 -0.2667960226535797 -0.9074177145957947 0.5117408037185669 0.7572870254516602 -0.40575575828552246,129.7798614501953 82.12603759765625 992.9437255859375,0.69
54,1531,19,0.9317049980163574,0.7250412702560425 -0.6828633546829224 -0.08951395004987717 -0.3163776397705078 -0.2147960364818573 -0.9239956140518188 0.611735463142395 0.6982552409172058 -0.3717786967754364,128.45541381835938 75.97592163085938 937.3455200195312,0.69
54,1539,19,0.9271526336669922,0.7322157621383667 -0.6754014492034912 -0.08770926296710968 -0.3124133348464966 -0.21864302456378937 -0.9244420528411865 0.6051925420761108 0.7042925953865051 -0.37109827995300293,130.58226013183594 77.73306274414062 939.0262451171875,0.69
54,1543,19,0.9242711067199707,0.7269687056541443 -0.6795433759689331 -0.09867804497480392 -0.32837557792663574 -0.21783028542995453 -0.919086217880249 0.6030638813972473 0.7005504369735718 -0.3815012276172638,135.81797790527344 81.18853759765625 938.9712524414062,0.69
54,1547,19,0.9246826171875,0.7307116389274597 -0.6755099892616272 -0.09872554242610931 -0.318875789642334 -0.2098517119884491 -0.9242729544639587 0.6036378741264343 0.706858217716217 -0.3687448799610138,142.01873779296875 86.20108032226562 942.2640991210938,0.69
54,1550,19,0.8638648986816406,0.7119908928871155 -0.6946674585342407 -0.10249891877174377 -0.3302500247955322 -0.20245452225208282 -0.9219257235527039 0.6196804642677307 0.690252959728241 -0.37355971336364746,147.5639190673828 90.17686462402344 964.852783203125,0.69
54,1557,19,0.9284877777099609,0.7297694683074951 -0.6783913969993591 -0.0849798321723938 -0.2999778687953949 -0.20601914823055267 -0.9314340353012085 0.6143693923950195 0.7052242159843445 -0.353848934173584,143.42953491210938 83.48858642578125 942.9096069335938,0.69
54,1559,19,0.9372954368591309,0.7224440574645996 -0.6858698129653931 -0.08750569075345993 -0.31410717964172363 -0.21281316876411438 -0.9252281785011292 0.6159637570381165 0.6959117650985718 -0.3691822290420532,144.21104431152344 82.2315902709961 939.2290649414062,0.69
54,1568,19,0.905364990234375,0.7205021977424622 -0.6890468001365662 -0.07804576307535172 -0.3015753924846649 -0.21000172197818756 -0.9300276637077332 0.6244428753852844 0.6936236619949341 -0.35910624265670776,132.98240661621094 83.00331115722656 936.4400634765625,0.69
54,1573,19,0.9328060150146484,0.7192853093147278 -0.690571665763855 -0.07575874775648117 -0.29702886939048767 -0.2071199119091034 -0.932134747505188 0.6280147433280945 0.6929733157157898 -0.35409805178642273,123.44551086425781 82.14905548095703 932.9373779296875,0.69
54,1580,19,0.9267377853393555,0.7025123238563538 -0.7061672210693359 -0.08834264427423477 -0.3321075141429901 -0.2155088484287262 -0.918292224407196 0.6294292211532593 0.6744508743286133 -0.38592103123664856,116.4283447265625 83.47801208496094 941.3853149414062,0.69
54,1585,19,0.9284563064575195,0.7073283195495605 -0.7043285369873047 -0.06006618216633797 -0.29443225264549255 -0.21630002558231354 -0.9308726787567139 0.642647922039032 0.676118016242981 -0.3603721857070923,111.97379302978516 84.42684173583984 922.961669921875,0.69
54,1595,19,0.9207749366760254,0.7112517952919006 -0.6992414593696594 -0.07198751717805862 -0.30967283248901367 -0.21975186467170715 -0.9251009821891785 0.631049633026123 0.6802722811698914 -0.3728349804878235,126.48974609375 78.17986297607422 934.9105834960938,0.69
54,1597,19,0.9293117523193359,0.7113614678382874 -0.6998829245567322 -0.06425642967224121 -0.2974683940410614 -0.2169867753982544 -0.9297469258308411 0.6367711424827576 0.680500328540802 -0.3625490367412567,125.95251464843751 76.46580505371094 918.2726440429688,0.69
54,1605,19,0.926300048828125,0.7222248911857605 -0.6879292130470276 -0.07172609865665436 -0.30134209990501404 -0.21962088346481323 -0.9278790950775146 0.6225625872612 0.6917514204978943 -0.3659176826477051,137.55897521972656 72.9331283569336 924.2876586914062,0.69
54,1613,19,0.9073770046234131,0.7151926755905151 -0.6943212151527405 -0.08010895550251007 -0.3096020221710205 -0.21196071803569794 -0.9269407987594604 0.6266147494316101 0.6877431273460388 -0.3665560185909271,141.02818298339844 77.3954086303711 918.0107421875,0.69
54,1619,19,0.9132733345031738,0.7133318185806274 -0.6960242986679077 -0.08190208673477173 -0.3110986351966858 -0.20976020395755768 -0.9269402623176575 0.6279931664466858 0.6866956353187561 -0.3661608397960663,143.96034240722656 80.15392303466797 922.34521484375,0.69
54,1625,19,0.9149036407470703,0.7002043128013611 -0.707682728767395 -0.09433501213788986 -0.3315252363681793 -0.2052721232175827 -0.9208443760871887 0.6323013305664062 0.6760536432266235 -0.37834709882736206,153.96043395996094 81.76385498046875 935.6097412109375,0.69
