scene_id,im_id,obj_id,score,R,t,time
48,1,20,0.0,-0.9994267054080005 0.0244884910065121 0.02337892909296095 0.01587872602417532 -0.27083933684515726 0.9624935946161539 0.029901949387270678 0.962313029853332 0.2702952200786056,-23.872081038763756 96.0817832320492 721.4028747885768,0.69
48,36,20,0.0,-0.9993997449579857 -0.019937919589263803 -0.028330710198746445 -0.021860707171607825 -0.2714570224908879 0.9622022627401884 -0.0268748815787255 0.9622440253401595 0.27085822202269527,-39.69732123654105 88.31909997918824 715.3613664715951,0.69
48,47,20,0.0,-0.996436026964461 0.08434274030321554 0.0012435133389513964 -0.025766256325714013 -0.31837709476506937 0.947613911655961 0.08032026022266991 0.9442046005432818 0.319415604050059,-15.954578569148502 88.65987608547753 741.3202590657577,0.69
48,83,20,0.0,-0.9971707045260465 0.07512233054954737 0.0026872826111936712 -0.017385173810449763 -0.2652551392495508 0.9640215074536884 0.073132357863044 0.9612472868905826 0.2658106688582793,-2.3322198890501076 96.34967274582006 737.8729282840303,0.69
48,112,20,0.0,-0.9989731608903911 0.044308322575403014 -0.009454965426416025 -0.021540894304521312 -0.2809137895860334 0.9594912363815394 0.039857417041526066 0.9587096616655993 0.2815797772138655,4.682946452339297 85.45235182416789 737.2530857522125,0.69
48,1024,20,0.0,-0.9389058643919692 0.3428630279910066 0.03001202837542391 -0.16004778976910766 -0.5121451105011188 0.8438554916452343 0.3046973626410189 0.7874975109971045 0.5357305174926775,-85.28901574382756 142.46006398513194 1241.244136117862,0.69
48,1027,20,0.0,-0.8522610148008909 0.5222060627353143 -0.030854346420503997 -0.19819261646819378 -0.2677482619386723 0.9428841683930808 0.48411863156466817 0.8096985218408769 0.3316887913400931,-46.66065030640604 106.55701877237973 921.9271296910669,0.69
48,1059,20,0.0,-0.7984471557761669 0.6019901722823053 -0.009485352311323414 -0.20499467795098475 -0.2570129988819142 0.9444159573077411 0.5660912660028607 0.7560106817243031 0.32861607945143645,-39.883101121832944 87.12708196013972 914.1219390537119,0.69
48,1074,20,0.0,-0.8429044520169998 0.5357903690093967 -0.04940410151693633 -0.22116954106950235 -0.2613072271946282 0.9395757378300913 0.49050598250482835 0.8028992548835934 0.3387575351698371,-66.064536833606 119.49674150682306 1013.7577380241818,0.69
48,1075,20,0.0,-0.7950100798594868 0.6035421689177641 0.06079328301591763 -0.15210813635944245 -0.29536881824895134 0.9431968914598241 0.5872155377500408 0.740603883019971 0.32662486231251786,-59.968868984339814 111.19249094485706 945.3674498813064,0.69
48,1083,20,0.0,-0.8179392720891793 0.5748684192428599 -0.02239749386514306 -0.2163498672484752 -0.2712884685901641 0.9378674222679723 0.5330741806876327 0.7719642915104424 0.34627019871336073,-55.79659619405518 112.59133845958955 981.6293463774111,0.69
48,1087,20,0.0,-0.8096810599235239 0.5868125864816809 0.00822006981713791 -0.1875970923929561 -0.27206648806382494 0.943815213375121 0.5560790520482024 0.7626472411405527 0.33037141742874165,-57.95551797004467 113.44874313679058 958.9535577791003,0.69
48,1090,20,0.0,-0.8099528864571615 0.5862893807262202 0.015526872427435279 -0.18971300474853794 -0.2869536521953766 0.938971020490524 0.5549642308734806 0.7575766387233706 0.3436456589448006,-64.05536985688526 113.40877678732733 965.8107520986559,0.69
48,1094,20,0.0,-0.8093714856417741 0.5872917893724983 0.0024803962740838625 -0.17530996805900242 -0.2456285811816774 0.9533797853981526 0.5605213763356212 0.7712035750969551 0.3017628745033021,-71.65463786262207 110.84335455099865 957.6694315289088,0.69
48,1097,20,0.0,-0.8051348640476662 0.5929088937856183 -0.01472733393593234 -0.20032377760907838 -0.24848783845683609 0.9476941375061249 0.5582367193399003 0.7659718257279206 0.3188399714145982,-69.25774513601979 113.1253663973256 990.0181620122987,0.69
48,1103,20,0.0,-0.8114594220336804 0.5843324798848056 -0.009442422593732347 -0.2031559325948643 -0.2668983717138109 0.9420684296950129 0.5479610145295708 0.7663685876444765 0.3352878083490869,-61.69790997016538 102.65815109956672 966.4926418556906,0.69
48,1104,20,0.0,-0.8094565661538575 0.5869405816619757 0.016757717884825996 -0.20390958137619689 -0.30774822029167315 0.9293610253987907 0.5506368586767416 0.7488603250978179 0.36879162593665327,-63.93518732993138 101.98474539061202 981.8776196097775,0.69
48,1107,20,0.0,-0.7851715803772725 0.6192782664262566 0.00013453604135804653 -0.20013935230210905 -0.2539585983849697 0.9462818131859205 0.5860459274049675 0.7429666607852814 0.32334302518164704,-61.65294368707612 99.26925348348574 970.4673927431709,0.69
48,1113,20,0.0,-0.7888240471110614 0.614301748214503 0.019748033824443678 -0.19736572977855357 -0.2836042844215598 0.938411092521137 0.5820682016811304 0.736343650748983 0.3449559922560479,-52.20124079677948 106.92283160011094 1003.1203606493635,0.69
48,1119,20,0.0,-0.6369532497244202 -0.7701779503569892 -0.03341380626937229 -0.27528836581044075 0.2677274640692865 -0.9233300171836969 0.7200742137550248 -0.5789196228898585 -0.3825509076164202,-65.24142752180781 106.61177031543131 988.1114090946315,0.69
48,1120,20,0.0,-0.78977306824372 0.6129853547189548 -0.02252677466877323 -0.21443546053716125 -0.2414996449714817 0.9464118314681321 0.5746963841378472 0.7522811152612604 0.3221757124305906,-50.102543264087785 100.45512601207847 991.5048719274446,0.69
48,1122,20,0.0,-0.8086993683633988 0.5878603372658185 0.02062899605792501 -0.224797507004334 -0.3412739601040147 0.9126873314556084 0.5435728216653921 0.7334523215756027 0.40813757425907515,-53.18128186622613 102.0032748918404 1033.2534247532856,0.69
48,1124,20,0.0,-0.779775889526382 0.6259280347330252 -0.012792867098214866 -0.21193965587305647 -0.24469493682862586 0.9461532487704333 0.5890934937526895 0.7404988070386663 0.3234661843107597,-50.54028427473094 98.25953883494795 1000.4505978695324,0.69
48,1126,20,0.0,-0.7673557708512007 0.6410650283904399 -0.014168638471077466 -0.22633779304551097 -0.25012037950222255 0.9413878048907112 0.5999469346372619 0.7255862630538348 0.33702856034307294,-51.688467619473435 96.91874550428354 1004.2354810253685,0.69
48,1128,20,0.0,-0.5639427449364922 -0.8257283983097925 -0.011882451693122353 -0.2553377758739761 0.18803410261863573 -0.9483911621604958 0.7853478214429743 -0.531804276475048 -0.31688012067282634,-62.9255237749682 104.10936651868307 965.1763532818285,0.69
48,1132,20,0.0,-0.7665775752317129 0.6420198739802363 0.013011631960249348 -0.20374546148671902 -0.26238964108589624 0.9432070097143991 0.6089717629541056 0.7203902814899824 0.3319506503372943,-54.55862906034849 104.97062394792141 1010.9927625514879,0.69
48,1133,20,0.0,-0.7615320369863385 0.6480227786776371 -0.011637652613479654 -0.2173790742969101 -0.23845759825678658 0.9465116543875325 0.610586025635419 0.723328730349154 0.3224596922876173,-56.30063813333123 104.31312823684469 1011.2175747184899,0.69
48,1137,20,0.0,-0.7664813750233249 0.6404005848000835 0.048922313212524104 -0.16073046782658099 -0.265006168144982 0.9507562503383095 0.6218295734802275 0.7208736517815205 0.30605417774076193,-62.236401891501934 110.97121963307112 1016.3222465834383,0.69
48,1540,20,0.0,-0.3649470121512112 -0.9301893097552796 0.039516152885881506 -0.25064463250650687 0.05728325947194424 -0.9663828932570921 0.8966554223990294 -0.36258306110637145 -0.2540523120956618,-88.77448844132309 97.56185389420837 893.2073057915762,0.69
48,1542,20,0.0,-0.36732910073160374 -0.9300098144661594 -0.012291328338753182 -0.2722758749084465 0.12015918990050256 -0.9546871828118856 0.8893453658160879 -0.347337752165057 -0.2973572030780053,-89.85988295934723 97.94437301507926 893.1515057826259,0.69
48,1543,20,0.0,-0.3690057901155415 -0.928952478124602 0.029698825690009978 -0.28878187747554185 0.08422273146261472 -0.953683154274352 0.8834250132880017 -0.36049108850446904 -0.29934331628743116,-93.63423750214929 98.73511544395963 895.3923197042872,0.69
48,1568,20,0.0,-0.3751695198527965 -0.9257066524121037 0.048114707246314725 -0.26632378913105537 0.05792700686840235 -0.9621414143555742 0.8878735668530171 -0.3737802236010412 -0.26827015064754456,-104.49859310819602 112.89287206616964 903.8491839129302,0.69
48,1569,20,0.0,-0.3956337042106697 -0.9177276733511087 0.03535377855484623 -0.2664680969190495 0.07786582360165317 -0.9606933261135815 0.8789019998935516 -0.3895033133111925 -0.2753514908307536,-104.039588571873 113.85455177321487 908.145659565085,0.69
48,1571,20,0.0,-0.36148278698137615 -0.927085218090027 0.09921286768934878 -0.2777044969264527 0.005475721955344071 -0.9606509401733252 0.8900620243011174 -0.3748106386804342 -0.2594351133307944,-99.36006804740393 110.73291366218515 891.968186439289,0.69
48,1572,20,0.0,-0.37621482293210773 -0.9231955179253943 0.0785648947598449 -0.2549263029706427 0.021617188535529963 -0.9667188201403443 0.8907721297053937 -0.3837222079086405 -0.2434795270609731,-97.40975338231934 112.89779776745442 884.8846028695389,0.69
48,1576,20,0.0,-0.38030366205827326 -0.9233472897531748 0.0529046985676474 -0.2727808573337144 0.05732582367884942 -0.9603667808768824 0.8837192588697786 -0.3796623927188584 -0.27367268599120553,-97.71008235914587 124.34466865100939 922.0154965557565,0.69
48,1577,20,0.0,-0.38766975245438895 -0.9177076263716548 0.08674604043560735 -0.2627847825210954 0.019825570268942716 -0.9646507683295815 0.8835475771611245 -0.3967614639337021 -0.24884537293245423,-97.49747133259845 121.83007003277841 903.0316515117377,0.69
48,1579,20,0.0,-0.36290920377844615 -0.928563297683405 0.077891668413345 -0.23128196018815494 0.008785258414534702 -0.9728470969921813 0.9026658100894367 -0.37107010312056954 -0.21794819078320182,-95.6357244480796 123.49668885401233 895.2575701959494,0.69
48,1580,20,0.0,-0.38725460108616877 -0.9218654499476768 0.014070043722745118 -0.2536194654850153 0.09184288256359119 -0.9629340847895591 0.8864034299711885 -0.3764690918457693 -0.2693696015145999,-97.69020482749904 126.16385004567279 913.1591131848013,0.69
48,1583,20,0.0,-0.38259370131914827 -0.9224778020777015 0.051543810344282626 -0.2738653066316331 0.059949789839849 -0.9598978156667093 0.8823943866177277 -0.38136691960899155 -0.27557107811501746,-97.72540983164461 126.63403435488424 921.8272604549328,0.69
48,1586,20,0.0,-0.3869872948117403 -0.9194714412203686 0.06937652653765136 -0.2661694994818428 0.03935535039115956 -0.9631225020427954 0.8828332975142457 -0.3911820869821718 -0.2599652738817171,-97.10451360616206 122.8315857730063 913.3285659340311,0.69
48,1587,20,0.0,-0.3630582627562221 -0.927585704462492 0.08816722021963108 -0.24349364880680074 0.00311476936146049 -0.9698974900486007 0.8993884260069087 -0.37359745594509597 -0.22699207051385673,-94.42419469611113 120.55510530415816 881.7669386000099,0.69
48,1588,20,0.0,-0.37318178518645506 -0.9254052455321977 0.06603398175593561 -0.27207346901555685 0.041114898561078084 -0.9613977286087962 0.8869675206358412 -0.3767422151256809 -0.2671215466399215,-98.60562139694036 124.82497553998476 917.4833215498801,0.69
48,1589,20,0.0,-0.3355278006559392 -0.9398810012083636 0.06359873076211958 -0.23763664699428944 0.01911814274717194 -0.9711659593618439 0.9115645446112415 -0.3409665675479975 -0.22976483808937598,-92.82074521992524 121.91747761303236 874.6992575267735,0.69
48,1597,20,0.0,-0.3563727532627238 -0.9301264491134577 0.08867496485218662 -0.23001084598526955 -0.004651876245192144 -0.9731769473104777 0.9055901233235081 -0.3672099518082132 -0.21228136948852427,-101.29115187461503 136.7223658744906 896.6161902040877,0.69
48,1605,20,0.0,-0.35435135197262263 -0.9344138230756309 0.03613760645584663 -0.2546599617435871 0.0592441698022208 -0.9652141898196482 0.8997685387031095 -0.35122775458330263 -0.25895104010303205,-88.75161852909012 125.13610784711301 912.3161636998216,0.69
48,1608,20,0.0,-0.35322818316633603 -0.9337302240246983 0.05811815000321646 -0.21785762319781038 0.021682137188345774 -0.9757396891289946 0.9098175128187029 -0.3573202396586749 -0.2110789892401821,-88.89609555139451 123.96012155984475 906.2490276365954,0.69
48,1609,20,0.0,-0.34835375766851134 -0.9333426049479505 0.08672509041334148 -0.2627121422708146 0.008401123822301737 -0.964837681385839 0.8997955266735367 -0.35888856614205017 -0.24812699827063567,-87.89643989960729 118.94768397530513 892.7711215209016,0.69
48,1611,20,0.0,-0.33524678813497577 -0.9419992530835581 0.015716177499674078 -0.2225368363224678 0.0629667879022997 -0.9728887603939382 0.9154708884092218 -0.3296552605545457 -0.23073894700276487,-89.1048733695329 123.34434106352488 900.2971087148348,0.69
48,1619,20,0.0,-0.34882363685559303 -0.9370439603962342 0.01645255772753157 -0.21578933995270194 0.06322136314087923 -0.9743911021788869 0.9120071442338675 -0.3434409345543268 -0.224257203538339,-95.47406910898 120.96571241208474 910.8399598480993,0.69
48,1622,20,0.0,-0.33733263075344966 -0.9412787485034789 0.014177935134601305 -0.2610630175191645 0.07906774993109844 -0.9620781630432225 0.9044627118420886 -0.32824169225824634 -0.2724052025029946,-92.81102217559423 117.21836100797857 904.284444810171,0.69
48,1624,20,0.0,-0.3360439220603392 -0.9408164164039834 0.044033544838809 -0.26046410027532724 0.047901025661793994 -0.9642945318772228 0.9051148738773818 -0.3355144741517343 -0.26114574995702344,-91.93663430418444 118.06916826286228 911.0472880835067,0.69
48,1626,20,0.0,-0.33761700998450156 -0.938819041674406 0.06807026927135712 -0.2654035274885846 0.02556267183351557 -0.9637984838156515 0.9030923109880524 -0.34346085191515235 -0.2577962781654862,-89.85071645768001 113.92333200499665 895.3213104864633,0.69
48,1631,20,0.0,-0.3195028565243938 -0.9470510698810497 0.03181502333665426 -0.2423000847158554 0.049193011060325254 -0.9689534130233033 0.9160832896737294 -0.3172921661497144 -0.24518786201722964,-86.70515997618143 113.23327694264893 888.6364412706334,0.69
48,1639,20,0.0,-0.33926538287006885 -0.9403341774020105 0.025896617456918458 -0.22125024698512552 0.05300781608023186 -0.9737753845951465 0.914301552112347 -0.3360979116925435 -0.22603288601631555,-86.6490266851867 121.40640477818394 912.849820544053,0.69
48,1641,20,0.0,-0.3175671649615966 -0.946850606150785 0.05123500141646198 -0.24590924611501463 0.030052107094596048 -0.9688268749030033 0.9157945940075203 -0.3202667645745738 -0.2423828811932378,-86.37366799546274 119.54948402690133 909.0901117015209,0.69
48,1643,20,0.0,-0.31754762398346476 -0.9474684201902879 0.03830273155502184 -0.23698673721727664 0.04018585248022355 -0.970681401719198 0.9181507462751232 -0.3173148121386044 -0.23729837149014887,-87.56631052862673 117.16039696580431 885.7722502061489,0.69
48,1644,20,0.0,-0.3334716486275436 -0.9423753694456863 -0.026931814341675797 -0.2496576411131809 0.11581958925278513 -0.961382798358239 0.9091027014564583 -0.3138701734912425 -0.2738937611504634,-90.06153787314575 120.63467488431456 908.6093463722042,0.69
48,1645,20,0.0,-0.3342821876046415 -0.942161649733378 0.024224880225387546 -0.24587933029363662 0.062367800798006634 -0.9672918961502636 0.9098344761464074 -0.3293048484236135 -0.25250652035163923,-92.49291393399812 120.70670099740117 911.4670887337772,0.69
48,1648,20,0.0,-0.3170424059412405 -0.9445595612431048 0.08538939102267334 -0.267841179986172 0.0028032481612442206 -0.9634589997002267 0.9098050423791926 -0.32832815454051434 -0.2538806959920654,-91.52817378886516 112.75819557265088 883.2344628087075,0.69
48,1649,20,0.0,-0.3320286512264563 -0.9427033607407808 0.032670298633119654 -0.2336787904380252 0.04864951063454526 -0.9710960035003956 0.9138660720609785 -0.3300660521214748 -0.23644281247858245,-94.29779433886158 118.66345229005886 910.4794031618038,0.69
48,1724,20,0.0,-0.3088001945335195 -0.9510308810441197 0.013516773154343187 -0.24049275993053887 0.06432281358778147 -0.9685173246117713 0.9202204476521115 -0.3023290243304417 -0.24857893871032277,-103.15126834391738 101.07634420673351 887.8845910709448,0.69
48,1874,20,0.0,-0.27340422693503436 -0.9618178195144012 -0.012514422024963723 -0.19128752889682737 0.06711603694991275 -0.9792367021679096 0.9426872280786462 -0.2653336006779024 -0.20233356214107867,-140.53885246319567 82.5046109808762 853.5216578115683,0.69
48,2040,20,0.0,-0.16945343745183894 -0.9855186921095064 0.006200003106730245 -0.18812497114961924 0.026170262109363907 -0.9817963702372717 0.9674164190077148 -0.16753514522002522 -0.18983531639395884,-130.3781564126343 82.92244699405074 791.6354256531462,0.69
48,2050,20,0.0,-0.1858929172893657 -0.9825363797992016 -0.008129309486541725 -0.20562701435386 0.04699166289137313 -0.977501567562232 0.9608128612115714 -0.1800390124105951 -0.21077143957531597,-135.00379400909458 89.78686998944377 810.803097963957,0.69
48,2051,20,0.0,-0.1750068125023101 -0.9837567115981292 -0.03994180721270163 -0.22993475338063285 0.080283331461109 -0.9698889605915171 0.9573414358344514 -0.16055316588327068 -0.24024998680393328,-138.75111391888714 89.79181232434026 835.6119526737499,0.69
48,2066,20,0.0,-0.16067124028464846 -0.9867456154645956 -0.022756161952081466 -0.18157002236236053 0.052211457268073524 -0.9819909830081315 0.9701634292863883 -0.15364587235373667 -0.18755230306219817,-133.4596348781381 83.15449645432484 788.3775648204089,0.69
48,2069,20,0.0,-0.18239727209424378 -0.9831610307038163 -0.011208159438010068 -0.19011579405980816 0.04645019398017558 -0.9806622070459392 0.9646694874316213 -0.1767392632795935 -0.19538682871114815,-133.871676956637 77.62968346934173 759.8505852634433,0.69
48,2070,20,0.0,-0.18466399499172348 -0.9813020621406303 0.05427220091578633 -0.17617965720547035 -0.02127454895947445 -0.9841281024102169 0.9668815529012125 -0.19129468472782446 -0.16895681772045357,-131.7358994777544 77.28648198858053 749.4956359933607,0.69
48,2083,20,0.0,-0.1417521055626657 -0.9898998295921069 -0.0021605420775812068 -0.19056476391830524 0.029430202584816323 -0.9812333738354897 0.9713863347408753 -0.13868017359858925 -0.19281182051252366,-133.88846803552732 80.11556399641194 780.4508999369555,0.69
48,2090,20,0.0,-0.13487721862251206 -0.9888959782159088 -0.062392949642214035 -0.14776028772364902 0.08233763526574489 -0.9855898798134393 0.9797831562486057 -0.12371442150067186 -0.15722502550254064,-135.06597540506513 78.10217819339367 761.933008834069,0.69
48,2104,20,0.0,-0.1425993378651404 -0.987205300248287 -0.07135211280763049 -0.18725075716348738 0.09769435957933725 -0.9774420525269433 0.9719066739055371 -0.12602185234344254 -0.19878609093647204,-141.25289501670926 77.00228586336875 790.8204279384809,0.69
48,2133,20,0.0,-0.13554396215064823 -0.9906760685742193 0.013739049415167903 -0.17164385456615966 0.009822395131683148 -0.9851100993003513 0.9757900499155413 -0.13588394941348259 -0.17137482539048576,-132.57702625302377 76.99546828508579 754.7910425404027,0.69
48,2144,20,0.0,-0.13554732270986902 -0.9907457023684887 0.007062332798519422 -0.18633905140241974 0.01849147463375289 -0.9823114695901274 0.973090273935894 -0.134465678164503 -0.1871210842399308,-135.4108143167373 80.59001785736258 754.5637422110951,0.69
48,2160,20,0.0,-0.11478085079302547 -0.9933547798733605 -0.008463899454540846 -0.17346778765030002 0.028431824498539093 -0.9844290517875804 0.9781279481432579 -0.11152539019627605 -0.175578485022023,-130.85741284857122 77.2928716696215 749.9715101023698,0.69
57,1,20,0.0,0.05580153648337488 0.9646476423196855 -0.25756768953649156 -0.5959732539569975 0.23915318375087546 0.7665648278324071 0.8010630868377362 0.11072795884008652 0.5882493094233986,-97.01259109798237 -3.8674616316708774 1043.4189601053686,0.69
57,24,20,0.0,0.04424140309810473 0.9661115521065442 -0.2543052636855855 -0.564469049997999 0.234200648918997 0.791533162691417 0.8242677901302874 0.10852891288594446 0.5557014353243366,-93.79127527939328 1.8375422652576563 1011.9561228582617,0.69
57,38,20,0.0,0.10436847201533075 0.9805923927044258 -0.16596921828879618 -0.535850539945343 0.1960310464175809 0.8212405419124852 0.8378373475141039 0.003223074717909613 0.5459104238791317,-93.54110755246933 10.74416231651567 1073.9113541508088,0.69
57,49,20,0.0,0.333520025160696 -0.9321199707840778 0.14112672632176798 -0.42841974501393143 -0.2832044388684874 -0.8580511452631383 0.8397743237912239 0.22571576345190308 -0.49379295178274624,-122.3832521557226 19.148317369857697 1045.5297037652563,0.69
57,61,20,0.0,0.1527965276388582 0.9730293703603029 -0.17282090602048172 -0.46399599268762726 0.2250352981680047 0.8567770032793017 0.8725599921560299 -0.050724343215755474 0.4858663407707917,-96.56300182110512 27.993448750055155 1041.9651241544584,0.69
57,74,20,0.0,0.14266463905290802 0.97383166461971 -0.17691435709944014 -0.5545756393632146 0.22669859496028952 0.8006582337476538 0.8198125767447004 -0.0161132252213938 0.5724051912624304,-112.22429077569667 33.409829281282015 1115.132161524325,0.69
57,81,20,0.0,0.16013952303620232 0.9832504390425728 -0.08702819821371238 -0.4620686856851258 0.15258068097672406 0.873619863271148 0.8722659358652944 -0.09968806305303929 0.4787634355438762,-104.67832493350306 18.92980696677307 994.9675830654713,0.69
57,88,20,0.0,0.08294400957459142 0.9571750056296002 -0.277373935101453 -0.5256088439651363 0.27849013102259723 0.8038523434491247 0.8466732748949402 0.07911545690313349 0.5261987362752647,-140.1523249396286 22.374310530166028 1113.3353511458688,0.69
57,119,20,0.0,-0.0054677584610598184 0.8914869481084171 -0.4530133827711405 -0.5412111161662505 0.37829810953116005 0.7509867296185943 0.8408689739522399 0.2492820925728335 0.4804142035442086,-127.81731979359459 3.9866329855940097 937.9189272051062,0.69
57,246,20,0.0,0.7871352327497738 -0.569069301962569 -0.23786183999917598 -0.5052177343993531 -0.3736661102107556 -0.7779001728553274 0.35379819984327776 0.7324846535210126 -0.5816296640851963,-160.16593502700738 -39.91221040590751 1274.1432032688638,0.69
57,483,20,0.0,0.6935586767422145 0.3879455981656368 0.6070210661743916 -0.7111006978723167 0.23371745518770967 0.6631077956306088 0.11537833159260433 -0.8915572690548192 0.4379651545436233,-185.12055135023064 30.219172186282204 1495.9440675127314,0.69
57,518,20,0.0,0.8788352858785939 -0.4609521055092321 -0.12317344162316807 -0.3477184348860954 -0.44199225798147257 -0.8268825393759404 0.326711539947787 0.7695232292212141 -0.5487199370843932,-111.47955442739388 28.99387603775208 991.2178455434466,0.69
57,526,20,0.0,0.6369545537852986 0.7697967208780349 0.041254150549927204 -0.4997364446805971 0.37156664786553983 0.7824331997378196 0.5869858450339052 -0.5189905921299449 0.6213665448110652,-118.2312765544293 36.09149219683059 986.5524460707047,0.69
57,528,20,0.0,0.7920940638213663 -0.609600923537214 -0.0312042958825883 -0.6041787097729319 -0.7902765847788306 0.1021322975724285 -0.08691996730365 -0.06204541540584299 -0.9942812910394366,-165.9893901326062 19.304266387180103 1064.5617600585488,0.69
57,537,20,0.0,0.8449220743349741 -0.5307117537051776 -0.06672123185808182 -0.44928380318641836 -0.6364649977262589 -0.6269420793531577 0.2902598017222377 0.5596939709774336 -0.776203521220871,-177.51566287154037 31.22426903892653 1203.1480383754038,0.69
57,541,20,0.0,0.9745265335638246 0.20639625020007377 -0.08774179895252048 -0.15782143577018995 0.35315254325924134 -0.9221581619228697 -0.15934374726204908 0.9125151336240284 0.37673027634583606,-119.43991853383191 68.49841106333936 1053.8104357045324,0.69
57,553,20,0.0,0.9141284927212892 -0.13262547532462998 0.38311823513116666 -0.3685439883325793 0.12196409141271039 0.9215747875619145 -0.16895096169900775 -0.9836336938620942 0.06261252941857925,-83.1935731150155 25.581817426992917 786.4775283655779,0.69
57,554,20,0.0,0.9127448699068549 0.20946705002526841 0.3507425799820013 -0.3453399939695678 -0.0630764639435457 0.936355513820193 0.21825922895451114 -0.9757791321042332 0.014764630916213314,-121.23523647408027 37.97507153011677 1043.0899361972658,0.69
57,565,20,0.0,0.9169188360223264 0.225554108270355 0.32921906443860016 -0.31746926521442015 -0.08760414272894605 0.9442133126687754 0.2418121456661727 -0.9702839060909397 -0.008719391563075593,-127.9749140626408 36.50636276924932 1067.8084117706721,0.69
57,574,20,0.0,0.9940126649466832 0.10713905981099599 0.021448631387798314 0.07821253639586558 -0.5606018073665453 -0.8243836562716952 -0.07629954833496214 0.8211253469721774 -0.5656249141292329,-83.32382230844766 42.78443016118397 883.8895587035443,0.69
57,575,20,0.0,0.7870785407056161 0.5401866052536785 -0.29783519312738166 -0.5124330700016301 0.303794015541737 -0.8031945871890146 -0.3433944081219474 0.7847978259561718 0.5159192309315908,-146.334481561639 15.633812607752029 1111.3967204980208,0.69
57,584,20,0.0,0.9244002715968054 -0.21364669815574372 -0.31597345812409733 -0.3695737045385232 -0.29680958594715545 -0.8805222010849871 0.09433670963853114 0.9307304432847496 -0.3533290635619278,-140.61197439554928 12.571643330849835 1086.5791552847154,0.69
57,592,20,0.0,0.18110982308924434 0.9739629149765336 -0.13636521635298354 -0.3228624609928233 0.18985576932394355 0.9272079691935737 0.9289558995249667 -0.1238992619220427 0.34884080843979937,-124.07751298341714 24.463047091003148 808.5227285056742,0.69
57,597,20,0.0,0.7007684835362872 -0.1292466070214139 -0.7015831006058405 -0.45417696144267405 -0.8392224008842091 -0.29904690192149413 -0.5501334566966024 0.5282055247984407 -0.6468014404710702,-90.68109863617687 -12.920108872699112 662.3485106440129,0.69
57,606,20,0.0,0.37099682340336015 0.9179989522018582 0.14014021828478157 -0.24092946872821475 -0.05059164111168846 0.96922313062987 0.8968357419968029 -0.39334261097155027 0.20240366170385232,-142.7574468246721 37.68129767106591 987.958510417893,0.69
57,610,20,0.0,0.7462229804060938 0.6622982134242718 0.06717395335145987 -0.5306119702436923 0.5308264411813971 0.6608133067491903 0.4019977618693334 -0.5287573789912631 0.7475382489306726,-151.0198263956048 22.500505991712174 1144.5582267511593,0.69
57,613,20,0.0,0.7948966026326144 -0.6059108914058817 -0.03180224518578998 -0.5869034883699376 -0.7811398680918037 0.2129901448816778 -0.1538950501553765 -0.15064029392313785 -0.9765366431345138,-152.24617568021483 -4.050313846695583 972.490590262548,0.69
57,621,20,0.0,0.6039811207789524 0.7950106573728604 -0.056257092052227786 -0.4578093220887125 0.403850716455158 0.7920323373621363 0.652393616117811 -0.4526175576380438 0.6078814984571401,-143.47926269447072 22.778032565396728 1087.570917721484,0.69
57,790,20,0.0,0.562268291271535 -0.7610806927639716 0.3234355387592729 -0.4912647509627678 -0.6220365569249255 -0.6096962082139544 0.6652167414400195 0.1839203657861113 -0.7236435489638702,-92.2813994032991 7.910253123866413 728.3543866154632,0.69
57,844,20,0.0,0.5545034854708968 -0.0037708698178008926 -0.8321728577293566 -0.8244171771713671 -0.13877015080262267 -0.5487068099003435 -0.11341165101267725 0.9903174368792232 -0.08005730215004836,-26.60443680517439 179.0289409737673 2510.3129749835207,0.69
57,978,20,0.0,0.12306002027777113 0.5929082439799611 0.7958115641468357 0.10332499377119025 0.789893552395674 -0.604476733667993 -0.9870056621273344 0.15661414401113713 0.03594207595897547,46.31486894910257 48.475736645196356 359.2595079586532,0.69
57,1026,20,0.0,0.7738873980094778 -0.6240241481988609 -0.10813028098921545 0.3014160802527148 0.513065069372937 -0.8036868676010779 0.5569978830904203 0.5893709333297917 0.5851455042797142,-71.46826036240911 24.52230742088241 1049.9254749175116,0.69
57,1028,20,0.0,0.9875548419741214 0.06441359982000339 -0.1434793443381201 0.14200376658798805 0.026953510190055787 0.9894990846702482 0.06760447003188902 -0.9975592195186526 0.017471095702456585,-50.67554374396959 12.68626088532456 913.0223235629384,0.69
57,1035,20,0.0,0.9572186175646638 0.19899330383066965 -0.2100813728490668 -0.2858625824277581 0.537671663669547 -0.7932160903906039 -0.04488988923273324 0.8193356132363442 0.5715540663203234,-227.4710148232724 -1.3500196672407885 2109.4340984283613,0.69
57,1040,20,0.0,0.8277345136735316 -0.29043766737082893 -0.48010575527255694 -0.3177456074442025 -0.9478311269925765 0.025571148857588974 -0.46248600392180017 0.13138537238282638 -0.8768378299892577,-78.43796359997371 -41.38639012241738 846.1201570147813,0.69
57,1054,20,0.0,0.9984226084339702 0.042638052857651494 0.036527953904033794 -0.04577936678713931 0.2415827436913865 0.9692997614397264 0.03250453113760707 -0.9694430227708332 0.2431536161698492,-69.41655674826936 -5.215317276630445 902.4276356155215,0.69
57,1057,20,0.0,-0.27371186035042944 -0.9536045606321848 -0.12538005999761304 -0.035422086809497266 -0.12027539705317114 0.9921084137480958 -0.9611592444905098 0.2759930629657204 -0.0008578608468355897,-24.74783313462666 -1.3372960884096519 700.1839284828425,0.69
57,1066,20,0.0,0.977870137805444 0.20828339553428163 -0.0196982418776845 -0.05399054672588424 0.16026836370949957 -0.9855957956779846 -0.20212623395443224 0.964848215388612 0.16796698130528082,-35.629362967035306 -6.234708693408926 901.2335783539914,0.69
57,1071,20,0.0,0.8280136616643238 0.540205017279334 0.1502395267680019 -0.4599079015727001 0.5010497910612103 0.7330987852591989 0.32074615846216187 -0.6761121550332844 0.6633206280887198,-58.37951683945981 -8.53766202442615 1085.0439029217957,0.69
57,1073,20,0.0,0.8337505051758096 0.4941755474391959 0.24627347285538767 -0.5043392028705286 0.5000758793305625 0.7039645469479868 0.2247266418718575 -0.7111361636317869 0.6661706186916848,-55.87404498021409 -4.290273530855973 1039.0173568986372,0.69
57,1076,20,0.0,0.9365984099344219 -0.2804705176804778 -0.21004691671233597 -0.3425101257376083 -0.6062553022554926 -0.7177334618466031 0.07396101862144663 0.744171214976195 -0.6638817443832388,-62.35417626651588 -12.20701269571298 1082.497066684621,0.69
57,1078,20,0.0,0.8527742294219546 0.5193671912655935 0.0550802530012329 -0.36957189777117616 0.5255500678236279 0.7662987267302428 0.3690429866717463 -0.6738359198257899 0.640119072627061,-59.84234222365077 7.259044449081573 1043.834775039177,0.69
57,1081,20,0.0,0.931642598429465 -0.3633673251168766 0.002501165528505017 -0.2450546189692629 -0.6333515986647127 -0.734039499067102 0.2683100864921486 0.6832495440951707 -0.6791021705018451,-83.00868776781736 -5.811733798239152 1143.786166855185,0.69
57,1082,20,0.0,0.889545482408972 0.45207326892095234 0.0658680062922308 -0.3221088416111271 0.5183953630683679 0.7921566396270077 0.32396717253716756 -0.7258760273465017 0.606753050294709,-66.23646463119836 7.58540860344427 1021.9141561724609,0.69
57,1083,20,0.0,0.8630115097001828 0.5021930971070078 0.05489287151427519 -0.36998787691589097 0.5543264531482841 0.7455408468188144 0.343976896114089 -0.6637200287456412 0.6641954669986859,-73.11120966709424 7.0979201007018675 1073.1876976909377,0.69
57,1086,20,0.0,0.848413950990593 0.526355605426184 0.056067320258482045 -0.37292594773192683 0.5191920187798988 0.7690031762896026 0.3756594272379919 -0.6733419816643611 0.6367814149734079,-75.84211269460764 6.544044300701129 1045.1882365550412,0.69
57,1087,20,0.0,0.9616387499143157 -0.16739364881052174 -0.21732528845289012 -0.27377774126656235 -0.6353916339439551 -0.7220271600854155 -0.017223909260426856 0.7538281222214588 -0.6568458716455924,-79.00882675774723 -10.703866619231073 1021.597568707602,0.69
57,1092,20,0.0,0.8769078642408099 0.4745558598241879 0.07635007229300622 -0.3396727816095356 0.49943961631464073 0.7969833568457533 0.3400808713618898 -0.7248150147189353 0.5991562361953079,-81.42780994440328 7.634312856262798 1057.2963918846801,0.69
57,1093,20,0.0,0.8965893067550441 0.41408524203906755 0.1570382989526961 -0.39376859863839947 0.5831192327489139 0.710575999541688 0.20266698235988156 -0.6989315937370157 0.685872234120448,-73.36264653714312 7.372169042647456 1014.7245864622525,0.69
57,1099,20,0.0,0.8851222031063046 0.45199535789710293 0.11071983565608856 -0.3381826139211404 0.46132018062376 0.8202537476846578 0.31967359166766707 -0.7634683276919424 0.5611817062249645,-62.231488917010964 12.185675180243974 951.9935305355924,0.69
57,1101,20,0.0,0.9010054066114479 0.43324118032826725 -0.022166121102017267 -0.25514702878025447 0.570564433293052 0.7806127216267914 0.3508407772217299 -0.6976806627166531 0.6246218391232444,-70.73444351822133 17.04073891095539 1100.1822768312081,0.69
57,1108,20,0.0,0.9535178491716007 -0.2953166134537411 -0.05993170387514113 -0.22689703982618498 -0.5727477606444733 -0.7877040916453688 0.19829635556227093 0.7646882374503707 -0.6131316782517167,-59.20680448301403 5.645848574770025 970.7401088916876,0.69
57,1116,20,0.0,0.9746697029461244 -0.22363842094554284 0.00219700612162263 -0.12948122998042202 -0.5722653893588724 -0.8097820294527999 0.18235564494051543 0.7889855390429678 -0.5867267148676685,-71.58955554840232 10.611186841311305 1140.6548961038536,0.69
57,1118,20,0.0,0.9353540851958011 0.3392074481863191 0.10025488717489826 -0.27411640896168565 0.5160129773286556 0.8115360753326781 0.22354625840187048 -0.78655509299943 0.5756371739482972,-50.49162060937347 15.786252114692708 976.9329932198513,0.69
57,1159,20,0.0,0.9911774537283614 0.0007476950079111783 -0.13253941365773658 -0.11242655905190027 -0.5248663203660089 -0.8437272157310062 -0.0701963249772454 0.8511843435458745 -0.5201516021911955,-28.805985559310106 9.459780114512908 935.7010934237792,0.69
57,1290,20,0.0,0.9824918846505102 0.16389919616560708 0.08858188354373892 -0.16409918443621466 0.5361887154027981 0.8279934294075445 0.08821085116502325 -0.8280330397822088 0.5536967859449584,-43.15974530317306 -9.11573676278349 913.6158482638392,0.69
57,1440,20,0.0,0.9881379191787925 0.13710180585380116 0.06918487921961469 -0.13388563042570112 0.5484402958082458 0.8254016476233108 0.07522028081919555 -0.8248735277394894 0.5602906144029998,-52.738014443969305 -34.318170425967345 913.7768935501525,0.69
57,1527,20,0.0,0.9966120041856316 -0.0474815267482118 0.06715666557206151 -0.03141781168914103 0.534824691962779 0.8443787479416949 -0.07600943508384034 -0.8436279117505403 0.5315209424789,16.351705037616526 -7.627976727837039 933.6846824220854,0.69
57,1538,20,0.0,0.9973186904844068 -0.020370259764109507 0.07028856327747073 -0.04702603387584967 0.5575279151586772 0.828825178162878 -0.05607122032179916 -0.8299082336836777 0.5550750777288265,13.122997589261354 -15.887935600596554 930.6846425527576,0.69
57,1539,20,0.0,0.9922078313550688 -0.022121192972262192 0.12261432305874838 -0.08853164742075856 0.5672806655699203 0.8187519733567148 -0.08766850519221638 -0.8232273679197213 0.5609018932980439,13.68765633591025 -17.165416768349125 922.5379292714225,0.69
57,1549,20,0.0,0.9976577719044957 -0.012345068720875204 0.06727978475615344 -0.05089801974715692 0.523133046945682 0.8507298083287931 -0.04569859674405213 -0.8521616128831455 0.5212794104739038,18.091200103618757 -19.131250369922316 937.0086251627622,0.69
57,1560,20,0.0,0.999042955168798 -0.00860001542568364 0.04288605207142615 -0.03216106466260958 0.5201022287481015 0.8534982938301781 -0.029645229757290073 -0.8540607187934213 0.5193278819461766,27.818951316148112 -20.989347081872307 896.7839575971359,0.69
57,1563,20,0.0,0.9982298400453284 0.029125735339471586 -0.051854392138109884 0.02678883922556263 0.5582325971331904 0.8292519071976139 0.05309938357480973 -0.8291731176532848 0.5564641915030175,29.57702497573686 -17.683577609330484 978.424638694055,0.69
57,1566,20,0.0,0.997121168876515 -0.052759204729473756 0.05445953446960228 -0.017058720856961467 0.5437289027418141 0.8390875284294881 -0.07388081361934634 -0.8376009471338342 0.5412635945077473,34.68370857450701 -17.46540686717785 961.5771402391657,0.69
57,1570,20,0.0,0.9983609442984505 -0.047206683490423146 0.03235666752527898 -0.0023143682117848716 0.5316030053371319 0.8469904889762988 -0.057184513631635556 -0.8456771096289436 0.5306224247526191,39.49928955990764 -15.28175856948714 979.4554160632489,0.69
57,1585,20,0.0,0.9934950738562409 -0.08055391831295941 0.08048977865425706 -0.01591242843381023 0.6016858328352022 0.7985743253991752 -0.11275785047933957 -0.7946604462346404 0.5964901024706452,48.66351370467671 -17.974598900211802 971.2610946122475,0.69
57,1589,20,0.0,0.9991434447904657 -0.027867620828501485 0.030590397866003777 -0.010926093205871006 0.5353447188081222 0.8445629950048185 -0.039912369254382254 -0.8441738137099558 0.5345816822777324,42.262764770451376 -17.845283889912583 1013.9657486897196,0.69
57,1593,20,0.0,0.9983918903451581 -0.023420564957695105 0.051624707554464556 -0.02956429011332311 0.5619030627124528 0.8266746039793774 -0.04836926754786423 -0.8268714683984614 0.5603070485951925,34.85577640412311 -19.074527641616793 1004.7091934941918,0.69
57,1602,20,0.0,0.9925887866104517 -0.10016715391165948 0.06880437466054726 -0.0028387822363472454 0.5469233583938183 0.8371778672173802 -0.1214884439385312 -0.8311686840349946 0.5425856399398434,31.52493718325096 -24.114575303389806 977.6119495704776,0.69
57,1612,20,0.0,0.9983391325370934 -0.057086631118983676 -0.0077519670128976224 0.03594179845432648 0.5120143623364128 0.8582246092283216 -0.045024033237289415 -0.8570778315349906 0.5132157705315824,55.091237924300685 -39.148680192150174 995.8857059238162,0.69
57,1621,20,0.0,0.9939794219223808 -0.09871421036747449 0.047543805762431696 0.0176395726617714 0.5724382569521757 0.8197580664158572 -0.10813766351812826 -0.8139839965558788 0.5707331242181052,97.15612753232813 -44.84686167117736 1004.2283085185435,0.69
57,1628,20,0.0,0.9948096226299603 -0.09285868593272052 -0.04160623955231141 0.08871384488923727 0.5912398250607009 0.8016017234182822 -0.04983641688368355 -0.8011321574553354 0.5964089183128933,127.15811956236911 -48.45177629071024 1045.5793494259874,0.69
57,1712,20,0.0,0.9910145500998269 -0.09314374272772638 -0.09599169068783513 0.13289312669374537 0.6043818412795322 0.7855329444454399 -0.015151843716130306 -0.7912312134403151 0.6113293617271859,122.69519765084753 -85.79485869419923 988.2538504631934,0.69
57,1827,20,0.0,0.9857074004882725 -0.16846475945147982 -0.0007385428946889566 0.09088843182784445 0.5280976517845054 0.8443057284772894 -0.14184573868300565 -0.8323055298402421 0.5358612613492658,91.39260784232658 -57.136174904252535 897.7476045361237,0.69
