scene_id,im_id,obj_id,score,R,t,time
48,1,19,0.0,-0.17597185961856532 -0.9730296821160914 0.14915475970763303 0.15193841967506538 0.12285635290117214 0.9807247489374712 -0.9725989004975419 0.19524229632146917 0.12622133131167612,-13.213272002727432 81.08334963986644 571.4971690866141,0.69
48,36,19,0.0,0.21854467671019362 -0.975824560446301 -0.002156736289052552 -0.3068968556391131 -0.06663395813281148 -0.9494073075463345 0.9263112566953197 0.20814980867956195 -0.3140399860944453,-37.12271198113809 75.14811393016832 555.7523610868403,0.69
48,47,19,0.0,0.28063389342290057 -0.9478516511089967 -0.15106907477128717 -0.2923854663168468 0.06549020608519729 -0.9540554344447698 0.9141965636278578 0.3119106929825702 -0.2587592754939402,-16.862528320713754 72.65128378892412 551.12899085905,0.69
48,83,19,0.0,0.03848925495294675 -0.9992548275259054 0.002892562763347095 0.39175561149737054 0.017752473059898022 0.9198980326974174 -0.919263900147008 -0.034273012217055476 0.3921469654607583,-5.989506613430137 73.21900569368047 587.2686578153076,0.69
48,112,19,0.0,-0.037103728200968966 -0.9988296447110445 -0.031026669173422672 0.3565982315284227 -0.0422378268706915 0.9333025593300615 -0.933520762824475 0.023564949133191238 0.3577480657501309,3.9499224428104878 69.59428325695824 590.5698208958436,0.69
48,1024,19,0.0,0.6527028732856481 -0.7571674306326555 -0.026008483112293146 -0.36132226278179275 -0.28093068614650873 -0.889114262622919 0.6659017807626773 0.5897248778628853 -0.45694571538280193,-60.36021320935877 90.41499896270204 765.9256381156322,0.69
48,1027,19,0.0,-0.611742826398233 0.07393863864823275 0.787593671930614 -0.03673301877033077 0.9918931795452308 -0.12164951994838234 -0.7902033913381543 -0.10334891429763261 -0.6040675477388109,170.02509835203116 15.683924707127098 1043.9577167412206,0.69
48,1059,19,0.0,-0.5973623442706877 0.07324429942117336 0.7986197482217241 -0.016877108207585177 0.9944519870031956 -0.1038287472906501 -0.8017938593341669 -0.07550177579168403 -0.5928120182539525,179.96856429809878 -0.3269412678600454 1061.4276792725902,0.69
48,1074,19,0.0,-0.5833774150502442 0.07126344105928152 0.809068794094597 -0.013750059594329286 0.9951340014795336 -0.09756666931121415 -0.8120848031273874 -0.06804293547255093 -0.5795588248502742,152.72085291975736 26.47859324010189 1062.6529226070222,0.69
48,1075,19,0.0,-0.5979086550681996 0.07157418035075161 0.7983623092942544 -0.04645409909045455 0.9912372105266388 -0.12365601135837415 -0.8002170061128613 -0.11102220126842291 -0.5893443933332045,152.27970311765978 24.579229455483535 1054.3349132447458,0.69
48,1083,19,0.0,-0.5954169953223355 0.0456474230711218 0.8021190151394543 -0.04851100549830995 0.9945203305263242 -0.09260666560974323 -0.8019509237022332 -0.0940511825379026 -0.5899399045973727,160.5584058485625 25.30700112863411 1063.6108587706826,0.69
48,1087,19,0.0,-0.607055853706726 0.066594755144223 0.7918638324028184 -0.03288418526571544 0.9935235779479916 -0.10876364475701411 -0.7939784763076441 -0.09206540419017797 -0.6009343895230917,159.3043879718163 30.46056774798098 1068.751944654307,0.69
48,1090,19,0.0,-0.5950736515118759 0.05934017227230799 0.8014774439939126 -0.053604136382597145 0.9921189531353015 -0.11325448950213095 -0.801881503614467 -0.11035726883357151 -0.5872029694889122,151.8271092339054 29.519230607563713 1073.5533913861923,0.69
48,1094,19,0.0,-0.6026071816072788 0.07588379062235576 0.7944219502229999 -0.015777131996287212 0.9941414888689393 -0.10692886521150521 -0.7978819880040555 -0.07696980206698595 -0.597879572145148,141.3825611651894 27.574123797087122 1072.7750951828402,0.69
48,1097,19,0.0,-0.5951505449635537 0.06101707105354909 0.8012944189682287 -0.05404392276238132 0.9918169042934293 -0.11566539141096596 -0.8017949134548303 -0.11214341442030529 -0.5869827692190945,147.63109093921426 26.01620268635523 1086.8864335138164,0.69
48,1103,19,0.0,-0.6029003250321326 0.07034148006033566 0.794709553396126 -0.038564703733556256 0.9923718062968924 -0.11709381577600991 -0.7968839072927071 -0.10124363807155745 -0.5955885862304142,157.99972473456722 19.671138920827904 1077.655311323474,0.69
48,1104,19,0.0,-0.6195146006411452 0.05490988152132518 0.7830622992481228 -0.0553960764749808 0.9920053033742434 -0.11338762184891749 -0.7830280546082756 -0.1136238662812046 -0.6115199773578051,156.26537198360276 18.313753522788303 1076.2968130855459,0.69
48,1107,19,0.0,-0.615338884750584 0.05961093492182943 0.7860054664896761 -0.06376563607082462 0.9901042632979002 -0.1250099654259853 -0.7856793242604714 -0.12704363123379425 -0.6054485239824612,154.53141379450662 15.336738517035503 1079.5419128485044,0.69
48,1113,19,0.0,-0.6333939619097622 0.07065108249895587 0.7705975042510717 -0.02996133863550469 0.9928376304074641 -0.11565361141814781 -0.7732492529601457 -0.09634243192185388 -0.6267405592491678,168.62526682848994 23.66931018451617 1073.4083881538058,0.69
48,1119,19,0.0,-0.6621562075298918 0.0516284341518319 0.7475852203037865 -0.05662609757271494 0.9913241872565497 -0.11861635989115132 -0.7472232878486298 -0.12087539264536734 -0.653487947516641,171.26489148983174 20.344355780746803 1071.7506564569642,0.69
48,1120,19,0.0,-0.6694204601083665 0.043892572671262516 0.7415859287045573 -0.04824991562590216 0.9935763676731327 -0.10236184466664196 -0.7413151780655757 -0.10430457164363578 -0.6630025362725557,171.84994374249013 20.541759171241615 1074.250984843326,0.69
48,1122,19,0.0,-0.6618129039976501 0.04233477010706867 0.7484727432192697 -0.05123641831863006 0.9935153751463305 -0.10149891026865798 -0.7479161112986372 -0.10552235112917252 -0.6553522136012788,174.16135559552814 21.51840811441042 1089.8702815146037,0.69
48,1124,19,0.0,-0.6709768341982425 0.041637135335749566 0.7403083390927976 -0.04727726244523623 0.9939881351317393 -0.09875448178695909 -0.7399695591205009 -0.10126172118998894 -0.6649745223665734,172.68801792360006 16.939201694333487 1087.4272540787954,0.69
48,1126,19,0.0,-0.6925445579259889 0.05054126874078368 0.7196024009417761 -0.06261089457951416 0.9895668297078697 -0.12975887415459886 -0.7186528446802738 -0.1349187522029015 -0.6821546885692148,173.24846652895872 17.7824730321672 1098.3419596368403,0.69
48,1128,19,0.0,-0.6750773420996564 0.060302614653051825 0.7352782989111464 -0.04219534846884243 0.9918662719931304 -0.12008684794782164 -0.7365392961351462 -0.11209323417787452 -0.6670419567765492,171.09983029036303 21.646746544854498 1094.3098022660624,0.69
48,1132,19,0.0,-0.6835375295668248 0.045108643177441836 0.7285201822766286 -0.04872166425949922 0.9930428995884484 -0.10720074164272786 -0.7282874742198074 -0.10877044583735271 -0.6765843221704718,168.1569819800542 24.055471516599688 1096.843194900807,0.69
48,1133,19,0.0,-0.67856902283706 0.060878490721851704 0.7320094880624068 -0.04121725044187464 0.9918335502187883 -0.12069526472238402 -0.7333793148923478 -0.11207148623902509 -0.6705182789903693,166.567744012077 22.160099048151093 1099.3896207089692,0.69
48,1137,19,0.0,-0.6935902387091674 0.05614143372185935 0.7181787522525395 -0.057842580920315724 0.9893990806310231 -0.13320546189613758 -0.7180437428178293 -0.13393132070632585 -0.6829901790904628,161.06680095858113 26.20341145421807 1107.368598396027,0.69
48,1540,19,0.0,-0.7596478716546273 -0.04389627486758606 0.6488514684759095 -0.10174384213992939 0.9934554662486872 -0.05190787191946371 -0.6423264759273122 -0.10544834580661593 -0.7591425061801298,158.88971028491227 45.9914023559019 1038.2458726170244,0.69
48,1542,19,0.0,-0.7664121272008895 -0.05765086725721569 0.6397568512989122 -0.1063538261448127 0.9936068697622175 -0.03787151998120615 -0.6334834764567792 -0.09706578112712451 -0.7676437449692498,157.57112453152132 48.36158160874594 1033.57434190342,0.69
48,1543,19,0.0,-0.7621309010040764 -0.06029569915362985 0.6446091206291527 -0.10413830110039822 0.9941061136925881 -0.030137169126193734 -0.638992726076469 -0.09009696655599989 -0.7639180797957131,153.4895988131631 50.92328864703508 1034.5232969731492,0.69
48,1568,19,0.0,-0.7355028886099152 -0.07361587367846974 0.6735103592291853 -0.13503123010688156 0.9900638624350098 -0.03924430144738702 -0.6639292641104872 -0.11980922937247601 -0.7381352727074356,143.67476487314835 69.86885979099384 1034.2606094437026,0.69
48,1569,19,0.0,-0.7467703534441943 -0.067002319895792 0.661698366588142 -0.13250773703681135 0.9899550170709771 -0.049302776812114875 -0.6517482173678855 -0.12449800522331236 -0.7481473837775546,145.65410762146178 70.78494710229548 1037.7781629760689,0.69
48,1571,19,0.0,-0.7538200630301236 -0.0614349409904618 0.6542026143319505 -0.13944040188503526 0.9878996633271453 -0.06790161647746462 -0.6421150106448222 -0.14240787626957757 -0.7532650993382001,149.4353156425459 72.51036807720394 1047.6693834347288,0.69
48,1572,19,0.0,-0.7510589401465763 -0.0709743597672115 0.6564092539578765 -0.15360501099891247 0.9857081040807296 -0.06917394123221574 -0.6421183450283332 -0.15278145766161705 -0.751226901257447,151.1976398460891 74.50076818145618 1043.2012294160172,0.69
48,1576,19,0.0,-0.756773642602213 -0.08082488464776236 0.6486609221189864 -0.1395672058379131 0.9894226839399459 -0.0395442481237363 -0.6386036712368443 -0.12045783713295674 -0.7600495119109508,152.34691540150254 81.32704077969723 1027.5823043704142,0.69
48,1577,19,0.0,-0.7619283916972655 -0.0770064952273797 0.6430669682221393 -0.1349225415056943 0.9899946291533249 -0.04131031398107438 -0.6334516822294045 -0.11823973080300165 -0.7646949276282478,153.2993194292878 82.27777200966436 1037.0248298879233,0.69
48,1579,19,0.0,-0.7550488825031223 -0.08015795430164106 0.6507502496295813 -0.13796861223291768 0.9897007297153579 -0.03817234128805394 -0.6409881801322931 -0.11860509248369097 -0.7583317116985324,152.675106450595 81.92740178691491 1034.1956351963725,0.69
48,1580,19,0.0,-0.7426813210898167 -0.07963108185143647 0.6648934847834309 -0.12482781505259855 0.9919639401919497 -0.020629055917713232 -0.6579076469334271 -0.09831801545002683 -0.7466532635330065,150.71272389480046 82.11778146996934 1027.4516663910822,0.69
48,1583,19,0.0,-0.7680169712966413 -0.07113300682581854 0.6364668311391035 -0.1440871727746985 0.9875255026052193 -0.06350014445733101 -0.6240102711030711 -0.14047589488672346 -0.76868569943355,154.34023883884615 85.03973348571373 1037.185201493055,0.69
48,1586,19,0.0,-0.7591360258873086 -0.08605703090809036 0.6452183209048762 -0.15424986313002234 0.9867724286841774 -0.04987137167855593 -0.6323918673768608 -0.13738399259016776 -0.7623687852054226,155.29708433921567 83.42552777378559 1029.3604031814366,0.69
48,1587,19,0.0,-0.7607114400629494 -0.09082292932671993 0.6427046759327859 -0.16598295300298233 0.9844600669796093 -0.05734139721800733 -0.627509174649872 -0.15029827687308056 -0.7639650932465563,153.24500854072062 84.71111741392443 1022.7362650662051,0.69
48,1588,19,0.0,-0.7612991067424235 -0.08386369465408526 0.6429545479986546 -0.14281850273850966 0.9889356409547962 -0.040114502674917805 -0.6324765176263213 -0.12236494092791458 -0.7648531073892487,152.3228258122034 85.04859995506827 1027.232355825701,0.69
48,1589,19,0.0,-0.7557224676134133 -0.08547610178443885 0.649289910570024 -0.15351831816608816 0.986942199239918 -0.04875675693613586 -0.636644074763717 -0.13652447173752386 -0.7589765415907404,151.34578443674553 86.7060762182768 1021.4441667428657,0.69
48,1597,19,0.0,-0.7619222966348669 -0.08146002066994588 0.6425252360204242 -0.1906049456729037 0.976327751382828 -0.10224420064130778 -0.6189864041929186 -0.20037062387536392 -0.7594125654162684,147.13184540936814 103.75375907499102 1041.179740332094,0.69
48,1605,19,0.0,-0.7746918347665176 -0.07005101324576851 0.6284468288481754 -0.15693272977410747 0.9840507278355568 -0.0837632578876804 -0.612555858246196 -0.1635145883080536 -0.773329360582355,164.98688746055828 86.92232090262293 1050.851506841015,0.69
48,1608,19,0.0,-0.7718419342123717 -0.05838896286693265 0.6331277577287454 -0.13977041411973107 0.986997847401482 -0.07936926711038163 -0.6202614448183151 -0.14975305753193885 -0.7699673771217402,163.77139893316925 81.6521005140839 1039.7773821380276,0.69
48,1609,19,0.0,-0.7772331390120752 -0.06301284688042305 0.6260495417692282 -0.14516788695242017 0.9860880622169739 -0.08097294703136237 -0.6122376435822985 -0.15381714690241402 -0.7755677617717202,162.4706751214807 80.98215732937759 1036.5292857055645,0.69
48,1611,19,0.0,-0.7775502067269991 -0.06126479835581177 0.6258292902231588 -0.1410745088316642 0.9868685124422502 -0.07866716028893556 -0.612791692972992 -0.14945622647598897 -0.7759827171985548,161.50820301174002 80.67514655876988 1046.6361549964001,0.69
48,1619,19,0.0,-0.7610133988905146 -0.040701473119613876 0.647458104277798 -0.12386047896739054 0.9887865257571625 -0.08342534525579748 -0.636802315054739 -0.14368227645389584 -0.7575210986988752,153.86707253545916 73.9877931045443 1037.7004122698029,0.69
48,1622,19,0.0,-0.7636757388123571 -0.048786060709511386 0.6437540572531163 -0.14083319082674892 0.9857151314956977 -0.0923671581352169 -0.6300518854117946 -0.16120049572153156 -0.7596374279010846,155.9180040332387 73.66223871336202 1038.465221631929,0.69
48,1624,19,0.0,-0.7688777222603637 -0.043037973131750444 0.6379457508914264 -0.15279118129548985 0.981193854736488 -0.11795539133791608 -0.6208718894667755 -0.18816575750136608 -0.7609939188810205,157.28200316942107 73.08393160579728 1033.897662872615,0.69
48,1626,19,0.0,-0.7841531781683505 -0.040310457740500384 0.6192566997338232 -0.12424918407268914 0.987880484479906 -0.09302842920858714 -0.6080015899861991 -0.1498906780973968 -0.7796581630392619,159.32950634887658 72.74534402180734 1036.266461287402,0.69
48,1631,19,0.0,-0.7710734106678311 -0.04787905432405537 0.6349436128650421 -0.13271476935675686 0.9873536661154659 -0.08671521206185341 -0.6227620615898668 -0.15113018945724754 -0.7676764165186758,161.84672211903356 70.40162123715663 1032.4201369696207,0.69
48,1639,19,0.0,-0.7683460630006627 -0.03695984233018518 0.638966585610163 -0.11661490039048197 0.9897046682532084 -0.08297972429892139 -0.6293212951095011 -0.1382701692077322 -0.764745753717512,166.6452294467801 75.50105558679394 1027.6858559204925,0.69
48,1641,19,0.0,-0.7726551917983673 -0.04978692752893599 0.6328706158720412 -0.14345630107186905 0.9848255540070465 -0.09766738379566922 -0.6184045959319882 -0.1662524887691663 -0.7680728257842825,164.54731381829882 76.39988727480723 1023.8144989063338,0.69
48,1643,19,0.0,-0.7933343513190051 -0.0679801597045198 0.6049787640106069 -0.15504332808372984 0.9835397019225529 -0.09279666566648329 -0.5887123010724121 -0.167416703553272 -0.7908157016254681,163.56839094280176 78.73402345763729 1032.7463365485555,0.69
48,1644,19,0.0,-0.773287284727547 -0.05368925626528849 0.6317786313578341 -0.13164013107899863 0.9882916552990171 -0.07713935413155672 -0.6202399948150731 -0.1428183035468838 -0.7713010313773659,160.2589363154606 77.58906226864055 1023.3291443271273,0.69
48,1645,19,0.0,-0.7633711066534755 -0.0627035979276088 0.6429096455440537 -0.14856595905177264 0.9856391391261046 -0.08027230676751856 -0.6286435471216381 -0.15679204772463548 -0.7617240605577853,160.22419574221078 78.23800376541297 1030.2656282294347,0.69
48,1648,19,0.0,-0.777231323107869 -0.05651868199546088 0.6266714521705032 -0.15547712356000698 0.9823246049723964 -0.10423643564191849 -0.6097034807424817 -0.1784488975906589 -0.7722808145481673,159.45646713514577 76.6466642242468 1038.9653036356904,0.69
48,1649,19,0.0,-0.7852898289492535 -0.05748798970717503 0.6164535794269345 -0.13030198909300475 0.9887250218779005 -0.07378497645829825 -0.6052613288384271 -0.1382677191247939 -0.7839265027161465,157.72870098014167 74.60317692905831 1035.7452404882858,0.69
48,1724,19,0.0,-0.8040849710389437 -0.006337252799574922 0.5944806124477527 -0.0874384684503019 0.9903296902914375 -0.10771081079599819 -0.5880492101723857 -0.13858911845531033 -0.7968633400159737,145.95852974869908 46.89045177363147 992.2283271681888,0.69
48,1874,19,0.0,-0.8406309920873746 0.03370721801465386 0.540558376677218 -0.04376531552564768 0.9905701270751271 -0.129828427177206 -0.5398371349760378 -0.13279550745442847 -0.8312287416233777,109.12206107223417 12.433329632976498 930.4057984789954,0.69
48,2040,19,0.0,-0.8911234512543605 -0.00018567494132871315 0.4537609063695697 -0.052117465303813316 0.9934238738127958 -0.10194496921910459 -0.4507579887642848 -0.11449442110249097 -0.8852729878978475,124.1980860744362 12.26801838017521 831.6854159983656,0.69
48,2050,19,0.0,-0.888957439763458 -0.0018997097628625295 0.4579858746642902 -0.06975160971351718 0.9888874678850965 -0.1312870473511193 -0.4526470846383208 -0.14865384947124227 -0.8792113794792524,123.3970843252024 19.13087386645253 825.2710292423812,0.69
48,2051,19,0.0,-0.8905947568398793 -0.005504300369456986 0.4547644244735499 -0.06263355790868262 0.991883427588849 -0.11065398094193042 -0.4504642233441142 -0.12703136916541596 -0.8837109339229338,123.30479404782817 18.752159216868648 823.5625916327108,0.69
48,2066,19,0.0,-0.8899605572802894 -0.004859960207067027 0.45601160870326796 -0.0661685646410939 0.9907377187916988 -0.11857695230000678 -0.4512116216795552 -0.13570244415708374 -0.8820390689255774,119.57674254012069 14.760270282799326 812.2275680430593,0.69
48,2069,19,0.0,-0.887917613060405 -0.01054539758882211 0.4598816228191844 -0.06675475613541064 0.9921082083650332 -0.10613720096189025 -0.45513307389203733 -0.12494037571744565 -0.8816143077135083,119.09742568800971 12.258990090227954 816.9674299843891,0.69
48,2070,19,0.0,-0.8888898137581739 -0.003921820018296284 0.45810426577876695 -0.047477443143862125 0.9953675453786703 -0.08360228465396781 -0.4556542454421778 -0.0960628384682954 -0.8849582700195155,119.14761102561575 11.923318261569246 815.1532854844465,0.69
48,2083,19,0.0,-0.8908320231254561 -0.0034887239274055022 0.4543194199894665 -0.05494297660838984 0.9934588650975874 -0.10010370962368705 -0.45099842116754335 -0.11413725143165081 -0.8851966515639399,121.59059731879302 10.491552981409273 809.4312328407607,0.69
48,2090,19,0.0,-0.8974549606476544 0.0034098896624989265 0.44109292247938725 -0.051834236944852355 0.9922268284035887 -0.11313325274427442 -0.43805000341201006 -0.1243957139480479 -0.8903021402097681,115.08126088828826 6.816133321418334 804.8331378067951,0.69
48,2104,19,0.0,-0.9018824122443821 -0.015402724298948844 0.43170692670887845 -0.07094590949944073 0.9910755687258079 -0.11285342263357688 -0.42611593775585477 -0.13240835758737485 -0.894926384923063,117.24082843175994 5.248277746196032 792.0912470625162,0.69
48,2133,19,0.0,-0.9204505940319816 -0.015062357018391578 0.39056859749245415 -0.05729553860450626 0.9936623818263457 -0.0967072499826771 -0.38663668372542154 -0.11139208384909124 -0.9154801354773162,122.32856361002241 6.414700061044115 774.9907515480428,0.69
48,2144,19,0.0,-0.9151642807989439 -0.003288841895924842 0.403067640314545 -0.03996676504361223 0.9957794421156106 -0.0826193703187876 -0.40109474796075373 -0.09171960629498949 -0.911433221349426,119.60313455542648 9.06379059217862 768.250548031213,0.69
48,2160,19,0.0,-0.9204942848607177 -0.01494201380769818 0.390470239278394 -0.06375793959753893 0.9916203197606095 -0.11235687151279367 -0.38551938560470894 -0.128319436022905 -0.9137335091052157,122.77563866694743 4.8365963556212925 759.5927845125221,0.69
54,1,19,0.0,-0.9447441628900229 -0.3064379130071899 0.11642281630774792 0.30066810687903545 -0.6685361980251794 0.6801897098867454 -0.13060304816889465 0.6776098858501373 0.7237317779448108,130.79894161807724 87.73006566409771 1178.7078946700376,0.69
54,22,19,0.0,0.9941222445918882 -0.08457215190533075 -0.06759078287524178 -0.09941540716833093 -0.4659151008366545 -0.8792267600738305 0.04286653269324909 0.8807784454302182 -0.4715843407497612,101.1466899072546 70.82259200754736 896.666771191387,0.69
54,32,19,0.0,-0.9302106967424811 -0.3645382613711246 -0.042660469551863076 0.3408468037726062 -0.9011164840728795 0.2679786157329168 -0.1361305109953912 0.23473589015881102 0.962479893736739,197.60326935264322 146.3301153792834 1473.8952423599374,0.69
54,38,19,0.0,-0.7752517306597189 -0.6009131588988835 -0.19464873380342354 0.38439118091751906 -0.6933478333274574 0.6095180079808599 -0.5012266694240701 0.3977086339046282 0.7685048265142966,148.8108660749105 108.05518260242007 1347.2074622747436,0.69
54,43,19,0.0,-0.7192556582657255 -0.646604376504069 -0.25411430171976157 0.17366650680506265 -0.5214890352339325 0.8353975883044606 -0.6726895587615918 0.5567332991806455 0.4873774626678671,94.03407209698004 60.247417505421105 1023.5863734667978,0.69
54,50,19,0.0,-0.9306304495213497 -0.33058894539337014 0.1569646954171226 0.32494157571620663 -0.5491507616473136 0.7699652026898645 -0.1683447023067834 0.7675574181557199 0.6184785129973116,118.27324015907028 55.073969362518866 1029.5584719080962,0.69
54,56,19,0.0,-0.9309537225815538 -0.35789541901394495 0.07236045508687687 0.28015787172488527 -0.5730299698931791 0.7701611652860749 -0.23417244355843814 0.7372567549050024 0.6337316025138835,103.12796951780197 62.60393050309158 1020.4617746173457,0.69
54,63,19,0.0,-0.8748836315846344 -0.39312495840208106 0.282898211847731 0.44942746155827995 -0.8766741687790489 0.1716314615472481 0.1805369435394386 0.2772997816027372 0.9436690326277071,197.7277023471643 68.2578053339295 1555.070689889278,0.69
54,69,19,0.0,-0.7105123569209749 -0.392078720470386 -0.5843342088367802 0.31916255597368287 -0.9196234743992421 0.22897145716925543 -0.6271422912919735 -0.023810549934248915 0.7785406888434804,156.1446296642784 59.42351576570386 1346.2483890616245,0.69
54,81,19,0.0,-0.5739867275679904 -0.016127340165375176 0.8187057746681526 0.27894246597981365 -0.9438603215301934 0.17697116746526964 0.7698898214997326 0.329950908985125 0.5462618972718124,223.3596015028926 130.04296236559514 1404.8248755012976,0.69
54,86,19,0.0,-0.871199018397739 -0.2812693639038931 0.4023677612233808 0.15444428090233028 -0.9350148252991566 -0.3192087726979788 0.4660034704155951 -0.21595096989800053 0.8580244426359515,172.82832497123675 110.67152751204789 1147.0788414370768,0.69
54,90,19,0.0,0.9494704621078514 -0.3036468584796577 -0.07940042141033135 -0.26713730891270043 -0.6490501924695651 -0.7123001515106542 0.16475284450225425 0.6975187689164035 -0.697369390809319,106.17341518644774 84.4538989585431 1003.9728729734119,0.69
54,135,19,0.0,-0.9754982426581554 -0.21996579223607193 -0.004269521847662439 0.12905786994919027 -0.587843336134571 0.798613973310232 -0.17817756529661166 0.7784955121310175 0.6018284579652554,150.16160538438535 84.16389396462675 1111.9454693928983,0.69
54,202,19,0.0,0.8959738398268656 -0.21176305679015184 -0.390368141790276 -0.4022383439569639 -0.7595270205519119 -0.5111976327236804 -0.1882423783228987 0.6150407407891175 -0.7656955623306905,92.91234626017788 62.784130332842786 1015.1455506688476,0.69
54,390,19,0.0,0.9467563439591425 -0.2784011567715868 0.16169483937764062 -0.30842887911486233 -0.6402791053458728 0.703501452582323 -0.09232579109364998 -0.7159158212846893 -0.6920552616180304,106.54609080296217 104.30838056836494 1031.5486570215928,0.69
54,479,19,0.0,0.6681576977512254 0.3132289671567058 -0.6748725102341376 0.46600528050617906 -0.8832872078643366 0.05140804376342026 -0.5800037667775445 -0.3488428336044296 -0.7361414999622642,154.28999155051173 49.22059589981663 926.6746521402267,0.69
54,514,19,0.0,-0.12175613236409599 -0.43723553504003987 0.8910670744281751 -0.3290894738344651 -0.8291825897056877 -0.451836642095707 0.9364163403332365 -0.34825467667673776 -0.04293154702184787,72.8756941519967 16.888981159839187 533.4237822119945,0.69
54,520,19,0.0,-0.9845859162082307 0.16357928766286095 0.06190630220026093 -0.13561837531237153 -0.9375333904415094 0.3203729047295994 0.11044559693365678 0.30703901780548876 0.9452665294312553,187.4837468954547 52.55653498504688 892.4667663099474,0.69
54,524,19,0.0,0.07816655322460442 0.9598636638474398 0.26935429601614747 0.18956174470763248 -0.2795619729080474 0.9412286907267323 0.9787524380048225 -0.022513332252898755 -0.20380582663527325,326.03369171712654 163.14407357482858 1345.5146545596956,0.69
54,537,19,0.0,-0.5312442929399064 -0.04799167664512066 -0.8458583215832125 -0.679030151213589 -0.5729403241015223 0.4589743334450124 -0.5066532887109583 0.8181907992584817 0.27178348192474433,27.68505422293881 -14.826315577485367 174.30347897143307,0.69
54,543,19,0.0,-0.2414919939126413 0.9276348825077931 0.2849125157497466 -0.22385038876348168 0.23243220884405996 -0.9465021245313238 -0.9442312324460227 -0.29235046270978293 0.15152091151666464,64.26144451471995 -25.597569183763696 881.5929722818807,0.69
54,560,19,0.0,-0.4553771859433362 -0.30737837968741083 0.8355537985211187 -0.4573970117938481 -0.7244079654298148 -0.5157723075387963 0.7638190833727491 -0.6170507526310767 0.1892849084133098,72.43581546013343 32.26305151569782 395.48394741037,0.69
54,561,19,0.0,0.8503578127165758 0.2989538834976945 -0.43303367755121197 0.15324167806071393 -0.9279611139544477 -0.33971334841827605 -0.5033970385858628 0.22251909250683957 -0.8349111779182956,337.51328667869 213.2600308191642 1812.6056034040307,0.69
54,568,19,0.0,0.9787128403179639 0.0852822054988559 0.18667651598954477 0.150262786702684 0.3217916672221895 -0.9348107925343542 -0.13979367342296845 0.9429618594257217 0.30212689476327304,145.5325885270997 175.48769853809088 986.2943419431082,0.69
54,583,19,0.0,0.8831230109241871 0.3778006545946201 -0.2781373994342975 0.20956607160872265 -0.8481113621261904 -0.48660988385250226 -0.4197330213441458 0.3714482236063791 -0.8281608587544936,154.77598971012492 59.72575331152158 849.6847237511272,0.69
54,588,19,0.0,0.1532019354532017 0.9338070691228191 -0.32331644658081204 0.30872000862668014 0.26557554289704366 0.9133244698837771 0.9387337872085648 -0.2397373326605402 -0.2475982392543899,444.0380703871212 9.186843981364085 2532.39197521738,0.69
54,589,19,0.0,0.4210023109376425 -0.16475845660495914 0.8919706862685108 0.10338694329216958 -0.9682402984520685 -0.22764416181872743 0.9011482642395023 0.18805684095666675 -0.3905975299813501,120.82770929727597 60.78631636937261 754.8160294140338,0.69
54,595,19,0.0,-0.7097812745942332 -0.4029141917371249 0.5778154517942603 0.08748095587873683 -0.8643366533045845 -0.4952466376592304 0.6989689725545251 -0.3009689416718109 0.6487372900913145,53.04314810467311 -3.489725103147813 346.77524561349804,0.69
54,598,19,0.0,-0.7071175013681428 -0.1353557845589762 0.6940199210723698 0.28492927843353877 -0.9528382380609544 0.10447295525751643 0.6471476999497235 0.27162125041189267 0.7123354201318806,407.47800883537633 284.4084656959201 2145.635506494204,0.69
54,604,19,0.0,0.9285670649041826 -0.10291041703024076 -0.35661274800810666 -0.20955563825967125 -0.9383702390831602 -0.27485947114224485 -0.30634888680850997 0.3299556644000443 -0.8929051568232272,133.7363592378428 87.16116938172793 927.0205352735713,0.69
54,681,19,0.0,-0.9517515648833506 -0.30641214071017553 0.01674988858174567 0.1650063072322519 -0.46498101340158726 0.8698077809203641 -0.2587312839910725 0.8306047539000967 0.49310634297572165,116.28349294361246 96.19565942020371 861.6461888394167,0.69
54,741,19,0.0,-0.23803532876502276 0.0669824404046963 -0.9689440308589341 0.06474344315626153 -0.9943058937475211 -0.084640866177132 -0.9690962123690299 -0.08288028919094421 0.23234325648838228,246.9877267238017 164.87740644603792 1534.552817236908,0.69
54,866,19,0.0,-0.6398452909636551 -0.5360320648565893 0.5506974024609311 0.1793727351889376 -0.8009585487765243 -0.5712187190670868 0.7472773417563755 -0.26671150816450606 0.6086390933140423,188.8650652417739 111.12275482065145 1096.5503509472262,0.69
54,1012,19,0.0,-0.12882700495917343 -0.911084418342361 -0.391572196979064 0.2065101111730065 -0.4108534513647682 0.8880050762720734 -0.9699263769877391 0.03353541643426883 0.24107716413633762,188.74676658735856 98.769016342547 1087.9066496794562,0.69
54,1024,19,0.0,-0.06427381432492862 -0.7247298229997189 -0.6860288335390291 0.24595439515552334 -0.6777481346507204 0.6929385986371013 -0.9671480301876262 -0.12419399998496378 0.2218119430326725,264.4759270890511 139.8148243352686 1366.5017974241869,0.69
54,1025,19,0.0,0.8882507338788344 -0.39310679257093206 0.2376503385192332 0.3054158497601278 0.1189587850775173 -0.9447592106818437 0.3431206675194763 0.9117652423115696 0.22572627324596878,55.44941044573588 8.736126521479962 379.30133327163736,0.69
54,1028,19,0.0,-0.020756428255588877 -0.8757966622132825 -0.48223373704267547 0.19834674791441037 -0.47635753494875466 0.8565874540812066 -0.9799121074248689 -0.0778697974417536 0.18359890078247287,291.7344799174907 141.14142252085844 1456.1725619620918,0.69
54,1029,19,0.0,0.18562759605185344 -0.7488727575441468 0.6361854985711604 0.3662604882331465 0.6535125405735716 0.6624006446798596 -0.91180899882773 0.11004977201840066 0.3955924636990333,815.4955120545964 -50.350455878232744 7267.503993833709,0.69
54,1032,19,0.0,-0.4400768734051182 -0.8419789323696618 -0.31209585537078177 0.4760949890794799 -0.5134690832104725 0.7139209073562749 -0.7613579361032401 0.16559280791339126 0.6268278193411435,179.11310854104389 79.53496648235387 849.4329910740021,0.69
54,1033,19,0.0,0.5240368472385851 -0.8124500211045089 -0.2555588893846699 -0.7240122729729757 -0.2669223389323624 -0.6360492854829585 0.4485438789246247 0.5183410346346888 -0.7281009274084821,170.11087669398455 -21.022850291587904 1546.4447518327167,0.69
54,1039,19,0.0,-0.4625709738187022 -0.7950403240547589 -0.3923505795934567 0.8187196520328713 -0.5528637714288017 0.15504767530245525 -0.3401855751727158 -0.2495045758466676 0.9066538706011148,45.239748524121964 -28.01987113770768 246.50881999258286,0.69
54,1042,19,0.0,-0.5938932479248781 -0.6708827340022407 -0.4440801361093714 0.6874358685361681 -0.7099154903143976 0.15314020785408602 -0.41799848889578944 -0.21432767863565141 0.8828028712297494,205.96254841915865 67.1505950755921 953.2009649178747,0.69
54,1063,19,0.0,0.9196693672285481 -0.37045883888311404 -0.13026320921433016 -0.1406642551078947 -0.6204818286811398 0.7715023445275132 -0.3666358170124443 -0.6912036957148621 -0.6227484473796252,243.29701212667834 87.35978404959404 1523.1544065275825,0.69
54,1068,19,0.0,0.5494622801371161 -0.049136761501221635 -0.834072407753484 -0.014884157793333342 -0.9986864351481904 0.04902923717316257 -0.8353859374883594 -0.014525251122481014 -0.5494718851101699,214.723172967267 98.84285036862937 1355.6857856337454,0.69
54,1080,19,0.0,0.1693835373907766 -0.5285265906893375 -0.8318466566593224 0.2980482189564314 -0.7770503749248852 0.5544005537569334 -0.9394021909905715 -0.34183674138892806 0.025906867790465582,335.97987320985897 132.58222447334742 2626.1169457390984,0.69
54,1083,19,0.0,-0.7355084259814102 -0.6608116837040272 -0.14951680170000015 0.30787739914839574 -0.5225726190070525 0.7950656356287382 -0.6035220479849662 0.5387446301768202 0.5878055469725291,182.26413272446678 56.35638146642714 1018.4684441479233,0.69
54,1089,19,0.0,0.017381960916109995 -0.8499424370976313 -0.5265887589526101 0.1823346927059165 -0.5151422772875898 0.8374858171854584 -0.983082868974203 -0.11057254528812804 0.14601981015586574,157.502012510212 63.90694840332863 1019.3160245283193,0.69
54,1096,19,0.0,0.8741803423356244 -0.41020056058158694 0.25989272627859716 -0.13450906970592302 -0.7188011608140241 -0.6820793219115049 0.4666005135453851 0.5613024062935799 -0.6835375406283254,187.24973251971323 64.8155948991627 1045.4355646302326,0.69
54,1106,19,0.0,-0.012039422859962734 -0.7019134107173282 0.7121605269546788 -0.3993506503375521 -0.6495706240541879 -0.6469753182624719 0.9167192102122507 -0.29219097902060553 -0.27248912163021666,72.39824614745191 45.74288099670305 457.71189886738927,0.69
54,1110,19,0.0,-0.03488836668868445 -0.9422112190460123 -0.3331978700016297 0.22049855856246348 -0.33244192617120316 0.9169856876720901 -0.97476314432875 -0.041477517131663144 0.21935457148398052,207.6762418793851 96.91871175307256 1115.1492043861147,0.69
54,1111,19,0.0,-0.06332768468595684 -0.8182734008180927 0.5713302423869304 0.016991774919554392 -0.5732803961926841 -0.8191830484856497 0.9978481266893269 -0.04216905091120687 0.05020843761608984,143.98308729042114 -16.1711296954472 2011.0230069419708,0.69
54,1134,19,0.0,-0.6724177473524331 -0.7305544364694951 -0.11893102370793701 0.37072527573739533 -0.4714866065786671 0.8001644516887548 -0.6406380748713829 0.49395404155819167 0.5878709568038017,124.74259803144031 53.63229248993044 1057.6978541462984,0.69
54,1178,19,0.0,-0.0904143113746162 -0.8856286799635107 -0.45550751203986045 0.23783852148056384 -0.4633479042383226 0.8536636090040933 -0.9670874262436635 -0.03115382583317583 0.2525298975118845,101.05795571660705 80.12759745794783 1214.9649411681282,0.69
54,1355,19,0.0,0.8932054585549405 -0.13260724942562616 -0.42965023706199446 0.44784715635094574 0.17691199323003626 0.8764331527274325 -0.04021110985821952 -0.9752525129683827 0.21740653760369033,-88.24696859006828 -166.52046252293934 1315.6591687391424,0.69
54,1531,19,0.0,0.29173991164928714 -0.7468609487624454 0.5975671905020608 0.13248676712157603 -0.5871699715834795 -0.7985478576818856 0.9472777208868259 0.3121380266553819 -0.07235172304198934,190.68816348429405 97.74758649035877 1297.9457815789924,0.69
54,1539,19,0.0,-0.42430707918129 -0.8830064048618613 -0.20065690002980918 0.340129646918269 -0.3607824898152455 0.8684168459501265 -0.8392111330552615 0.3002260548580729 0.45341922118549516,157.16124034539058 82.5163644670605 1095.5636559626257,0.69
54,1543,19,0.0,0.6195853689661128 -0.5174947504097913 0.5901806112212036 0.18108768585334514 -0.6373669280532859 -0.7489797387487847 0.7637546861364621 0.5709313289023692 -0.3011912964917296,195.75906949027325 110.33038381894664 1542.0325931196273,0.69
54,1547,19,0.0,0.005156588745276913 -0.6550177643620962 -0.7555958827062211 -0.028506569650094737 -0.7553951341754181 0.6546491936532775 -0.9995803044674781 0.01816368999359258 -0.022567571568963385,209.32909891998068 107.33352197539307 1279.2921358334859,0.69
54,1550,19,0.0,-0.12351155338653796 -0.7254604634656607 -0.6770908448120039 0.10788177729900428 -0.6880874432781265 0.7175633717866172 -0.98646156453602 0.015581602971443675 0.1632507131438875,201.08757548884785 111.45048445663325 1247.5081590507864,0.69
54,1557,19,0.0,0.22328262760948336 -0.7486085496174639 0.6242836756214613 0.1130592737659406 -0.6162404784907914 -0.7794005858895401 0.9681748131527296 0.24460766976748166 -0.05295865432202451,197.4434497946843 101.05671282487307 1200.8423683167969,0.69
54,1559,19,0.0,-0.11368228507583655 -0.785629256233348 -0.6081636373626531 0.10659252454933826 -0.6182434043466465 0.7787253217226646 -0.9877825528779778 0.023701576574255034 0.15402552872092268,203.64900576043505 97.51267368629509 1237.6159785370176,0.69
54,1568,19,0.0,0.29156116778535623 -0.7713385573071876 0.5657109822611772 0.0848429797760396 -0.5682221455989974 -0.8184896224348812 0.9527821126691884 0.2866363955643778 -0.10022885071425103,184.30075449324255 100.30578002480347 1218.5096680633376,0.69
54,1573,19,0.0,0.3872203428108074 -0.842883234991681 0.37364188507639157 -0.17199030622727102 -0.4641794102056952 -0.8688825062716723 0.9058033675568502 0.2721861997072071 -0.3247074560456197,175.5586073411764 104.7436295012122 1241.0493219335951,0.69
54,1580,19,0.0,0.26947868634846417 -0.8570702445682816 0.43910344280086416 -0.005448173655629052 -0.45732104871320817 -0.8892849800866254 0.9629909423290148 0.23725103641400042 -0.12790774297421792,174.51269241822143 98.6969209512783 1286.4322103263316,0.69
54,1585,19,0.0,-0.3214721552602723 -0.911173875116621 -0.2577165549538403 0.34461872821735867 -0.3660783834487974 0.8644215113781966 -0.8819827580821327 0.18907349490733955 0.4316915889490539,148.45565188292593 94.95502665749918 1163.1892180195775,0.69
54,1595,19,0.0,0.23578235552011995 -0.737319935593993 0.6330608133513356 0.20749528051297805 -0.598209279702186 -0.7740099264499344 0.9493958022817592 0.3138550147024294 0.01194321380171115,167.4930317593235 82.00868609923727 1146.2586452546682,0.69
54,1597,19,0.0,-0.06561529361889051 -0.7583471795638206 -0.6485400438607514 0.05422610569200165 -0.6516901757174395 0.7565444100215484 -0.9963704946980247 0.014473082635405699 0.08388305653850525,227.35114649064622 112.47935593048906 1647.47722208323,0.69
54,1605,19,0.0,0.5520090813504825 -0.8084462289216245 0.20420741673357762 -0.2228577765467617 -0.3790330413247627 -0.8981471844952444 0.8035050625473559 0.45027619138313907 -0.38939820997824914,177.6831243907142 85.85542173184398 1183.859431737253,0.69
54,1613,19,0.0,-0.2303668351242354 -0.914898792972066 -0.3314985971208624 0.40690347301583857 -0.40001517235979855 0.8212292161933896 -0.8839460871130613 0.054296044977670266 0.4644257255765345,199.60551118664367 94.10938176797983 1231.6702943617581,0.69
54,1619,19,0.0,-0.09854874357518983 -0.8199787761290309 -0.5638465676384739 0.1723463763118412 -0.5721059721751447 0.8018674972672916 -0.9800943177633104 -0.018153878358886932 0.19770069546817992,200.03263406762983 93.5053108469212 1204.2841746098652,0.69
54,1625,19,0.0,-0.11506309919085123 -0.8126591990652685 -0.5712665834609902 0.14539903809181903 -0.5826706270221107 0.7995961856635099 -0.9826594541989457 0.008942403494398843 0.18520375399319877,209.66972136782113 93.1543297091484 1204.4223399945859,0.69
54,1663,19,0.0,-0.08378268285566115 -0.8296706872609457 -0.5519302607698342 0.14827852496479577 -0.5580913824158599 0.816423595878646 -0.9853902481188719 -0.013437245741007242 0.16978073901100654,212.7950166872619 77.18138794913452 1244.5334495004763,0.69
54,1844,19,0.0,0.34532045620305973 -0.8088148563961373 -0.4759961245646928 0.04836248604450161 -0.4911860180304062 0.8697110817018655 -0.9372378846756602 -0.3233493834296416 -0.13050028262178037,203.73725136324384 51.6825226718615 1201.8992423200696,0.69
