scene_id,im_id,obj_id,score,R,t,time
2,3,5,0.0,0.944907336933675 0.3239126799600136 -0.04723029081037729 0.26028879811622785 -0.8309916837721651 -0.4916325488377591 -0.19849399533517526 0.4522536868424887 -0.8695209810885851,143.10206727173076 47.039997545926035 1018.7089519196935,0.69
2,8,5,0.0,0.9477691780022617 0.2855831813703307 0.14204165497246707 0.31895677513401344 -0.8491592638175586 -0.4209455074815887 0.00040102995770729954 0.4442643258142867 -0.8958956680237662,-34.681861488503735 173.60076923927343 1008.9349919547417,0.69
2,17,5,0.0,0.9071745964920909 0.41919189453767963 -0.03622715878070551 0.18015275266562153 -0.4647879852352479 -0.8669008677397654 -0.3802357652646723 0.7799040225148668 -0.49716242665623794,66.1510259725583 48.18920899628269 957.5484298793857,0.69
2,27,5,0.0,0.9752302547909314 0.22112103331456168 -0.005607028296229305 0.10927911349836861 -0.5036933794175852 -0.8569428539196199 -0.19231231238125363 0.835103866687727 -0.5153809332423755,268.52753990788955 137.34801545786723 1056.1713359492962,0.69
2,36,5,0.0,0.9745874769949784 0.20681694377480742 0.08605812833318909 0.21810748648765294 -0.788509713593649 -0.5750491769461984 -0.051072243171822754 0.5792056485706177 -0.8135800161270484,148.98728860676218 157.69121667969327 980.5704130422963,0.69
2,38,5,0.0,-0.9052075697340303 0.09777351106072052 -0.413569336666864 0.36923742474492127 0.6627345942996301 -0.6514956497830537 0.2103876894306065 -0.7424440706567492 -0.6360140109169662,250.25319668327234 170.67237546172638 1118.8837953846012,0.69
2,39,5,0.0,0.9877744335204315 -0.15298210338242435 0.02996905951276907 -0.11048871962926592 -0.8226561686912051 -0.5576998036121164 0.10997232069059984 0.547570364573355 -0.8295015277399597,246.4691436615562 170.29985008229383 922.7676510338458,0.69
2,41,5,0.0,0.9595426342880858 -0.2793241874073037 0.03543912121836083 -0.19194062989814784 -0.7410020966982637 -0.6434863536106101 0.2060017659579219 0.6106503836222708 -0.7646367643555932,309.31997149930305 94.98847108759611 989.8797281811825,0.69
2,47,5,0.0,0.9358180359886492 -0.34912871320128863 0.04851541133247622 -0.18688209152974805 -0.6081375075071089 -0.7715204830907005 0.29886399479330705 0.7129361216697141 -0.6343519520224815,287.79222401543655 -6.8264906823739855 966.3240011172915,0.69
2,58,5,0.0,0.8918045240828536 -0.37644007312784566 -0.2509533067501956 -0.3938291502965602 -0.3729258961104273 -0.8401338443289404 0.22267305899467268 0.8480678907692102 -0.4808300754364456,213.45816464907668 -9.906408450513494 1022.7882547302813,0.69
2,61,5,0.0,0.8769546555037337 -0.4229705135932886 -0.22813696943055234 -0.38530956553841383 -0.3351328066803297 -0.8597805188483648 0.28720562476199146 0.841891885290026 -0.45687085985853787,336.91065313243524 -101.15984131295183 974.5276180720857,0.69
2,62,5,0.0,0.754144322385648 -0.6397490379436127 -0.1482818581746031 -0.4517497753533012 -0.34149453832232624 -0.8241987750320082 0.4766429287021187 0.6885511228269422 -0.5465426513750082,117.01641814815977 -125.9578316960846 1077.196649670023,0.69
2,64,5,0.0,0.7322330747099215 -0.669673283083803 -0.12398555651613244 -0.3900166884615839 -0.2630758517292785 -0.8824273788580986 0.5583204340003277 0.6944989489989709 -0.4538165960132028,127.41149863156673 -81.33930672655367 1091.352082553854,0.69
2,65,5,0.0,0.7209699679257127 -0.4553650721994874 -0.522345629224513 -0.5686365862320727 0.0420415364828719 -0.8215138112098261 0.3960489087821496 0.8893116215539494 -0.22862655493523404,328.8371464912937 -48.51062531560279 1039.6692340287864,0.69
2,69,5,0.0,0.9463818222106469 -0.26604495702435915 -0.18325263280826942 -0.21949305755623874 -0.11332939204685871 -0.9690094151157166 0.23703215873351274 0.9572755766968027 -0.16564789762002566,224.88848551265616 100.95502103526977 1071.9575196353114,0.69
2,72,5,0.0,0.901716494178874 -0.15064932813220364 -0.40523097618404813 -0.4323277184924894 -0.31350046951872945 -0.8454644873882139 0.00032855568744019625 0.9375618569165728 -0.34781842462168167,122.26995600737028 -10.385248923413759 1064.146025088874,0.69
2,79,5,0.0,0.7954469269582279 0.5797787690390561 -0.17641078585015152 0.22122616738330514 -0.5488065882902268 -0.8061453414330045 -0.5642013552426164 0.602219152485869 -0.5648087491546112,236.43697587140855 63.562243004015734 952.0692103750412,0.69
2,89,5,0.0,0.789497955748546 0.2321723621703384 -0.5681452033706811 -0.38631081795656386 -0.5313391255380906 -0.753951381457815 -0.4769244487322892 0.8147237126269632 -0.32980045828461146,61.81339699866643 -68.75759373000066 934.0306462381834,0.69
2,96,5,0.0,0.8846553321495553 0.4599334500579897 -0.0764602172185945 -0.007930279584569822 -0.14912435238950789 -0.9887866494801193 -0.4661781354429554 0.8753417327205212 -0.12827625264547182,169.4002215428029 88.77531900050086 999.0262789200223,0.69
2,97,5,0.0,0.8214288440167613 0.5392903286060629 -0.18552788385914054 0.3318358152873468 -0.7165252344484616 -0.6135768738236137 -0.4638314843883151 0.44244494558141556 -0.7675303409114133,311.1441033543591 -37.38662474539114 895.3656201622672,0.69
2,102,5,0.0,0.7221816360162847 0.6900932350822456 -0.047170027502248996 0.5630569109036297 -0.6261081667190793 -0.5394028908444368 -0.4017718253990745 0.36298745220929324 -0.8407255853452431,187.61620513282023 -5.404423865080701 913.4520001133412,0.69
2,107,5,0.0,0.6688226670298036 0.7407627719260077 0.06282321064413678 0.7001233672216609 -0.5991973348576435 -0.38831665502486534 -0.2500070213760875 0.3036989786416714 -0.9193820857699273,37.17696269530473 92.85948114690291 958.1680741978631,0.69
2,110,5,0.0,0.9746592195813949 -0.14145535050359914 -0.17329105429562786 -0.22369411867569883 -0.6183716909413632 -0.7533773245275049 -0.000589028767297009 0.7730503448393403 -0.6343443996670013,168.82686713873824 49.52719779134152 1009.499050619006,0.69
2,115,5,0.0,0.9079239054606995 -0.3534466020585092 -0.2252768993622834 -0.3040857426606792 -0.1855694345429213 -0.9343959792689196 0.28845457701949134 0.9168639399914875 -0.2759609982221981,107.46084005299278 -54.07903563513008 910.8958371118725,0.69
2,119,5,0.0,0.955933913398774 -0.18204980575327878 -0.23032199512703425 -0.2854731329600985 -0.7595121924919805 -0.5845051922900004 -0.06852330677988358 0.6244990774062185 -0.7780137908461082,286.2102741706348 -20.20800988390961 844.5653780533706,0.69
2,124,5,0.0,0.9700189274013025 -0.2061820289657674 -0.12865555337716728 -0.2396240924437891 -0.8997258360113038 -0.36479270049474777 -0.040541026179860135 0.38468479427359714 -0.9221572719720667,157.26073902765722 109.3941259706748 1053.0092133273888,0.69
2,126,5,0.0,0.9288698309169036 -0.35442102068960823 -0.10764096481237848 -0.36964113998911907 -0.8682779970315542 -0.3308455039718946 0.023796319882450734 0.34710093627676764 -0.9375258264153811,227.94020463551857 15.935897262784076 907.0200964259025,0.69
2,136,5,0.0,0.9114051478231548 -0.05440815026493885 0.4078975480512246 0.2533273313292383 -0.7069556758358326 -0.6603324432474202 0.32429295355135235 0.7051619853538966 -0.6305399707303982,4.912437862718679 104.25862304024696 1002.8444780971059,0.69
2,153,5,0.0,0.9145320785894637 0.34078495195985814 -0.21793736198401797 0.02686742880206386 -0.5887474451983693 -0.8078704023802081 -0.40362014134629326 0.7329679817632626 -0.547584440255097,327.7937200049892 -71.01850550064532 872.996847276018,0.69
2,156,5,0.0,0.9840856116414981 0.1776271104494866 -0.004911068472859548 0.10668795369739387 -0.6127204755591161 -0.7830653225411489 -0.14210274274637336 0.770079365042316 -0.6219200768908989,48.84026834894929 47.38338160714424 924.9147705436577,0.69
2,162,5,0.0,0.4799100918054334 -0.875364285892745 -0.05851214204577809 -0.7314291612275886 -0.3623866168103662 -0.5776567510751026 0.4844560721976832 0.3200207914186538 -0.8141799599416407,231.75289038874507 -51.56074781162988 1076.5942249049383,0.69
2,166,5,0.0,-0.040482505675871194 -0.9971283794481451 -0.06400126274784793 -0.8502798093316761 0.06802014156981695 -0.5219171449413311 0.5247717718943079 0.0332904677038047 -0.8505917541235457,131.18062883749084 -118.89735340899759 1048.5273134910506,0.69
2,175,5,0.0,0.11278424764687822 -0.9935159858024234 0.014342225690822524 -0.9546585381282175 -0.11235292304301259 -0.275688041566161 0.27551186736985045 0.017401340141775218 -0.9611401585094903,201.90912326296214 -36.381359826823825 1074.1816743013537,0.69
2,176,5,0.0,0.23326497666264623 -0.9715630749397357 0.04065270072481386 -0.8803750727023998 -0.22875552311592473 -0.41546436911990925 0.4129493698104162 0.061123662010759666 -0.908700564496124,158.8312089882172 -123.31939160130364 1039.5448543735192,0.69
2,178,5,0.0,0.7060687182226987 0.6288489164592999 -0.3256009911153843 0.5639324501051566 -0.7774175969516852 -0.27857148394669196 -0.42830731591434557 0.013073645927269839 -0.9035385564083126,278.1471852605095 213.98661409021642 882.0099809689192,0.69
2,203,5,0.0,0.8714869424468847 -0.39168180314248285 -0.29512010136829553 -0.46483377060165637 -0.851547100107232 -0.2424811374255953 -0.15633321736862704 0.34850093455544284 -0.9241791080527392,299.81664229072015 15.483207351196858 811.5126627574269,0.69
2,207,5,0.0,0.8510468598867922 0.009036457837987538 -0.5250119852980242 -0.3274364318850439 -0.772509340047463 -0.5440723321524668 -0.41049314896989625 0.6349391009925089 -0.6544827825692613,233.23192498033225 -52.711905481312066 764.4179378862027,0.69
2,217,5,0.0,0.9194520978775791 -0.32040530921032273 -0.22792164780545957 -0.28873761017353583 -0.15670510207365285 -0.9444967461327546 0.2669052869086592 0.9342290665644714 -0.2365958981180417,144.3390393354163 42.18158289204781 858.705785986159,0.69
2,219,5,0.0,0.9660362269281253 -0.18885693761085967 -0.17637195179143275 -0.20521271020977896 -0.14589495880159126 -0.9677822092623107 0.15704060567518488 0.9711064401560365 -0.17969565953756717,157.88545848121453 0.5151547361595065 788.7353145561668,0.69
2,221,5,0.0,0.9789183005431082 -0.015389858122885583 -0.20367158154428505 -0.202575444086722 -0.20066124851784345 -0.9584874818151397 -0.02611800748258314 0.9795397978694984 -0.1995485757276208,87.11224413873698 44.64632671013518 808.983552039144,0.69
2,224,5,0.0,0.8650980126379388 -0.07826317762541471 0.49545968913511057 0.35092008419772636 -0.6113559771464155 -0.7092946945480503 0.3584138990560331 0.7874761864560249 -0.5014187199617974,206.27874249878636 24.83741765623152 833.6934185390426,0.69
2,243,5,0.0,0.39632133213310394 -0.9145179023517492 -0.08115668779834612 -0.6349498996669468 -0.2091682323650581 -0.7436983766838617 0.6631500784959434 0.34627396212743655 -0.6635708828327163,195.97064307636597 -219.69433406512772 965.7354658588877,0.69
2,248,5,0.0,0.670918209904579 -0.7103680689865078 0.21271098275080996 -0.03532850103406271 -0.3171489066394554 -0.9477175043398134 0.7406893091122091 0.6283261713328341 -0.2378772157754928,288.8370376803794 54.78248045529413 928.4996245133782,0.69
2,249,5,0.0,0.42200348566358603 -0.9010705871582194 -0.09992424653768989 -0.7409864374445709 -0.2793094237752157 -0.6106761378288494 0.5223525223553402 0.3317499702316469 -0.7855506346762856,141.55538186220633 -28.605223260833345 913.1162146341381,0.69
2,254,5,0.0,-0.0007529519986529953 -0.9999522641740091 0.00974178816033322 -0.8403716667434022 -0.0046474204063455815 -0.5419906486448666 0.5420100504586647 -0.008594815695508906 -0.840328051623267,139.18987228306923 -213.97708731978213 978.5890557873092,0.69
2,258,5,0.0,0.9304128032254737 0.25661398782545697 -0.26168927537526787 -0.16338041009216028 -0.34874602335238475 -0.922866757876789 -0.328083613111405 0.9014019483272789 -0.28255206663472093,209.9815591926058 54.6389029865498 805.4710681292581,0.69
2,263,5,0.0,0.7913319157424471 0.6073190648756006 -0.07040846941962853 0.19649150240450086 -0.3616837194321608 -0.9113594113084803 -0.5789515425406611 0.7073531229423843 -0.40554490608740884,-357.9138050153414 -47.41987098004205 1057.6134901526934,0.69
2,266,5,0.0,0.9982233137063853 0.010482012072724936 -0.05865444054758956 -0.02347836662157715 -0.8355626207810531 -0.5488933166420236 -0.05476296443607012 0.5492952158688489 -0.8338319876028794,259.3054836008979 -52.75686304784316 811.0264934403946,0.69
2,268,5,0.0,-0.5410883125076917 -0.8273923682860738 -0.1504835770758418 -0.8400173920774461 0.5402504932415324 0.050001855562446955 0.03992767304746249 0.15346424161427172 -0.9873472071519579,146.82190763232302 -150.1436200153341 871.1739075372207,0.69
2,277,5,0.0,0.83000914799776 0.5551245688541886 -0.05405115442322686 0.31840441512772927 -0.5511660439700286 -0.771255223905548 -0.45793388460257123 0.6229387650715595 -0.6342269722299103,167.9674896509869 48.17746578004871 692.564890359019,0.69
2,283,5,0.0,0.8104060027649871 -0.4142051931634231 -0.41433822975792106 -0.5309718484830429 -0.22036663143737234 -0.8182343453237869 0.24761059509030897 0.8831039608706309 -0.3985177379912045,127.08955438321325 -78.31465827651705 782.9049462920983,0.69
2,307,5,0.0,0.25653981500323286 -0.9664462048144977 0.013002173578329695 -0.9034736272841994 -0.24456004230456552 -0.35203095106811355 0.34339878875738405 0.07856283413703366 -0.9358980462487986,37.64003591657312 -140.58852372812535 815.134854169029,0.69
2,310,5,0.0,0.3348983592374276 -0.9364888382011516 -0.1040756691294156 -0.854443844859335 -0.25526923214266195 -0.4525078287756931 0.397201214703675 0.2404709442863165 -0.8856663705888196,107.17402886140084 -207.6141888000437 866.8353294848788,0.69
2,322,5,0.0,0.46840247262352797 -0.8693077598290044 -0.15780729495572582 -0.6085909598784054 -0.18798004023960824 -0.7708959385194585 0.6404811997197473 0.45712965685086915 -0.6171031596361828,144.84730485741315 -69.78384938778609 936.6019379100112,0.69
2,326,5,0.0,0.36787150010790687 -0.7942262324165458 -0.4836065044535458 -0.6183004190537292 0.17952448970235574 -0.7651637402511254 0.6945323255301665 0.5804960373150948 -0.4250284689937026,88.77080047908464 -205.13820563773726 788.5432719472834,0.69
2,338,5,0.0,0.9957367999420622 -0.0679128330508212 -0.062418525680698576 -0.09223423212125643 -0.7406715379739548 -0.6655062127886551 -0.0010352130905895776 0.6684261514500369 -0.7437777950379733,106.57935872901741 -58.39758753446794 623.7754040212685,0.69
2,342,5,0.0,0.9620298429598627 0.2729149777899582 -0.00399951903729015 0.2286314016814122 -0.8137601927074395 -0.5343426156783152 -0.14908475247259784 0.5131391270042244 -0.8452585243092948,52.625584306491085 5.86631838389829 616.6345049061538,0.69
2,356,5,0.0,0.8648918714876577 0.49902266427080677 -0.054207298204604404 0.14335194368992898 -0.349050147028808 -0.9260746271761726 -0.4810532931753993 0.7931836958758249 -0.3734265037753348,75.03573686366487 -21.071665547727346 619.4274249219189,0.69
2,362,5,0.0,0.9973495335093887 -0.07217338575151608 0.009214683812682985 -0.010269569142185797 -0.2650153008121464 -0.9641895178257651 0.07203085421011424 0.9615393349856314 -0.2650540762130454,108.10149412883348 -25.099788605760597 672.242253052841,0.69
2,365,5,0.0,0.770077302930671 -0.5355011191217616 -0.3467268361842859 -0.5227260615489229 -0.21809724772308758 -0.8241304842761041 0.36570262794868647 0.8158873341062203 -0.4478721312567567,39.39118694325107 -166.62428279794557 718.5523215058919,0.69
2,368,5,0.0,0.2778042426923999 -0.9453055430241544 -0.17094511712801566 -0.8493588682691493 -0.1585688065692168 -0.5034336564789489 0.44879206280264394 0.2850497569039886 -0.8469547334151482,111.58491428818648 -202.62996681333058 757.750625694303,0.69
2,387,5,0.0,0.887720063203877 0.07979525471231454 -0.45341571070123066 -0.2669547854179492 -0.7131726460624329 -0.6481665831024959 -0.3750842997617495 0.6964319738737623 -0.6117959413387224,-33.33001436197964 -80.32163473649179 612.7349558387419,0.69
2,402,5,0.0,0.8420686892922696 -0.5135673430193549 -0.16482993265071316 -0.5393242247033853 -0.8057108575841524 -0.24486607486359166 -0.007050046928270937 0.29509083034728456 -0.9554431949013292,276.28918948558845 -15.726261300219525 1048.0621962701994,0.69
2,415,5,0.0,0.9093749228772399 -0.315928790330353 -0.27060349052148946 -0.4085595234466413 -0.5560368035677963 -0.7238108792213344 0.07820719559648795 0.7687730956000657 -0.6347216413818146,365.2470636641536 -101.26845230485333 998.0727836922052,0.69
2,417,5,0.0,0.9760955106221973 -0.14218059464769878 -0.16438440512657654 -0.21524238071502766 -0.5274953694810948 -0.821839006570101 0.030137546139637525 0.83757585547915 -0.5454891517079429,392.41225745975834 -54.799599456700214 1029.2874928766523,0.69
2,425,5,0.0,0.6062138879422669 -0.5411289005536944 -0.5828243603792402 -0.7242782950811896 -0.07292030431816993 -0.685640999716638 0.3285204306283034 0.8377721302381068 -0.43613321870283944,190.510442864285 -219.67691202236824 1058.9872391887884,0.69
2,428,5,0.0,0.9234230640829535 0.26124198862055514 -0.2811449236625605 -0.14606266459172731 -0.4382056311436599 -0.886928138490572 -0.35490215937919256 0.8600746759529455 -0.366491485647923,265.775028645286 -55.57497051781093 971.718448657894,0.69
2,434,5,0.0,0.9151956328004835 0.14961736520419974 -0.37420796054102917 -0.26941659161820125 -0.46341441470948735 -0.8441929758060622 -0.29971929177774775 0.8734195579839146 -0.3838054479387036,335.25140752118824 -113.18927859496242 988.1821565791653,0.69
2,435,5,0.0,0.8917209491237665 0.20850785472347122 -0.4016941914098642 -0.2689325143021693 -0.46975190438703057 -0.8408379457873386 -0.3640179276422004 0.8578214399531955 -0.36281307241016514,343.48917910300804 -106.12436790226639 955.740105107674,0.69
2,438,5,0.0,0.9260447791906814 -0.26570332356237353 -0.26803509244423507 -0.35880382296439955 -0.3995414132053977 -0.8435795610136397 0.11705077342680317 0.8773644641662562 -0.46532860803785203,204.57856392581138 -78.37390883358542 1087.5080737515445,0.69
2,442,5,0.0,0.8393444005042576 0.31383760866724886 -0.443854630175434 -0.3695284522120703 -0.26943322271489917 -0.8892999839779686 -0.39868496378456525 0.9104458764163229 -0.11017534101882129,263.18093680520053 31.330182402874684 1002.6561122452788,0.69
2,446,5,0.0,0.7603142314560005 -0.6458443188008322 -0.06933531075981639 -0.5142684498998426 -0.5333127091982264 -0.6716438904994679 0.39679998851195086 0.5463173712049958 -0.7376225993260908,149.97393180171682 -144.52448768654605 1071.3345267867635,0.69
2,453,5,0.0,0.8373153710529023 -0.5048949876650128 0.20972367732158165 -0.43779993448768795 -0.8489716089827893 -0.29593652107124263 0.3274663139333824 0.15597518575696712 -0.9318999703117085,71.42813533381347 -39.51952245032744 1134.625376759212,0.69
2,473,5,0.0,0.7726657608825065 -0.5692986272068612 -0.28086775361411653 -0.49280831652953805 -0.2590239176953666 -0.8306904196035166 0.40015944961874816 0.7802600099467659 -0.48069401052924854,-11.810779454352975 -142.91725516213378 1232.8218760215937,0.69
2,474,5,0.0,0.8120186721532877 -0.5263241890281736 -0.2522073038558675 -0.5509339628027787 -0.5486493779018395 -0.6288526288076965 0.19260696951262418 0.6495896459856481 -0.7354834105018301,191.8902292541158 -143.85014532487472 983.9327844584396,0.69
2,476,5,0.0,0.06320524867910149 -0.9921210968839909 0.10817035479797737 -0.36747476012989827 -0.1239077997990573 -0.9217424574231301 0.9278832885696817 0.018509086056962165 -0.3724110853968356,254.6789353768205 -217.84846668092277 916.4853287313282,0.69
2,477,5,0.0,-0.21050078924574367 -0.9614216152944193 0.17708160653096783 -0.44518442713629613 -0.0669941965553198 -0.8929292264581975 0.870344899199304 -0.2667962804699059 -0.41390759979151936,145.62513880609595 -314.8906455705858 1082.988641646107,0.69
2,491,5,0.0,0.08920881267464487 -0.9844895138628302 -0.1510701321747881 0.26741411057472425 -0.12243188599403437 0.9557720056360055 -0.959443318391821 -0.12566157084037916 0.2523443845367261,-196.1481456703845 169.5254493818001 547.0607378997604,0.69
2,494,5,0.0,0.8401361003987664 -0.5351051503604421 0.08850881800409974 0.08226359947955672 -0.03558173540982991 -0.9959752207288554 0.5361007675870474 0.8440357919916391 0.014126175336064209,206.33726133781846 117.31563506617047 1049.2069299800685,0.69
2,499,5,0.0,0.8761872001138656 -0.48175367381611656 0.014470249524425216 0.038323822570461935 0.0397104301513927 -0.9984760219258042 0.48044487194704466 0.8754064653073257 0.05325641292766303,194.7648068065969 196.40962013516773 1129.444815043768,0.69
2,501,5,0.0,0.8370973208388541 -0.5429749426465498 -0.06668048516911149 -0.23963388259152305 -0.2543780009539709 -0.9369458014980235 0.49177604431135546 0.8002937237593691 -0.3430543367352149,266.6341087791152 -134.73487358197465 942.807538218719,0.69
2,503,5,0.0,0.5584140560131046 -0.7955548065099487 0.23508783866017285 -0.028489908015525034 -0.3016122000661402 -0.9530049348836184 0.8290730168014517 0.525473720189869 -0.19108977524074655,176.8276239275179 -16.73423162452301 1257.6435802937574,0.69
2,521,5,0.0,0.8417983875487894 -0.5066659353395918 0.18618567261396882 -0.17473686580315692 -0.5821260318883842 -0.7941009449227306 0.5107274248065684 0.6359393940969066 -0.5785659725442818,184.1000881362644 -214.94768035723854 1058.0561050643064,0.69
2,527,5,0.0,-0.6498387666839218 -0.6601134557030647 -0.3767755338586589 -0.11864750346060815 0.577732910309254 -0.8075564712564467 0.7507545186259517 -0.48007802485154166 -0.45375405542800185,-107.09620745039548 -263.76108416486653 3309.970332390962,0.69
2,529,5,0.0,0.8069541788006294 -0.415718136425841 -0.4195275728278511 -0.551215512835814 -0.27501467385398115 -0.7877362423896332 0.21210000406730906 0.8669171587940883 -0.45107452606308107,244.67201303339272 -68.67215991787758 1350.8818360184662,0.69
2,532,5,0.0,0.36724867247594617 -0.9241725242127734 -0.10504074473672541 -0.9021212523858226 -0.3264121854188242 -0.2821920112333832 0.22650752428669968 0.19839412970221154 -0.9535901167384299,160.29130152898685 -342.43311002519806 1055.7649813364096,0.69
2,535,5,0.0,0.2050990677741258 -0.9680997183744713 -0.14393508148277842 -0.9756696653481645 -0.19059070337989314 -0.10836922028213786 0.07747952321475371 0.1626595188374385 -0.9836355038397036,137.38219592429704 -223.2288277194296 1044.2614270584336,0.69
2,540,5,0.0,0.9004425065251349 -0.39383792189577077 0.18464827028584355 -0.16344390241293955 -0.6997421377286358 -0.6954473606614584 0.40309971868851846 0.5960307307209753 -0.694447971290476,198.75306024663786 -97.84363869335037 960.2760548054307,0.69
2,543,5,0.0,0.5936530262529872 -0.5859035486225447 0.5516276970314126 -0.48172597584281107 -0.8078398798785287 -0.3396097947293862 0.644605436386447 -0.0641230082681239 -0.7618215481276992,-44.15977406990071 -103.67921692568072 466.1471495915452,0.69
2,549,5,0.0,0.8817836231247876 -0.45991447907617383 -0.10457683263999157 -0.4704023938802045 -0.8414105432172289 -0.26598850650857236 0.034339915851587015 0.2837375013969418 -0.9582869092710838,330.92157956985506 -117.12942869268322 834.7285906364988,0.69
2,560,5,0.0,0.9997078764202096 0.021589819088926578 0.010864692131056395 0.01947238146387467 -0.4531760510467153 -0.8912083331734676 -0.014317408407968505 0.8911595516345053 -0.45346407282944384,303.0896440510665 -13.692866498811009 855.5348535160542,0.69
2,563,5,0.0,0.8140602676716401 -0.5374629762650097 -0.2200895948079674 -0.4142166562422513 -0.27166023125000827 -0.868691706216124 0.40710003965839436 0.7983321789214998 -0.4437739174496222,113.29934731110238 -136.85876539284973 960.6136494434649,0.69
2,571,5,0.0,0.9990746507036832 0.03130370216102106 -0.029494415612591113 -0.015186206635803019 -0.38484222933426954 -0.9228574308359035 -0.04023955080923326 0.9224513736517735 -0.384010731358679,270.50858430927155 22.356196616861926 931.9143495261145,0.69
2,575,5,0.0,0.9881771557156308 0.06848097914081817 -0.1371723894144884 -0.12499598432498861 -0.15823842256156231 -0.979457301533791 -0.08878013755560656 0.9850233282116435 -0.14780774693656723,118.26205298972906 0.5878159668998416 986.5507987230092,0.69
2,589,5,0.0,0.933969115525194 -0.3572799970631748 -0.007259128296443887 -0.32902054637896416 -0.8518137687451457 -0.40762578848335795 0.13945311508021008 0.3830982994933927 -0.9131202120310865,186.9444297351569 -111.21872838207655 811.5702339820084,0.69
2,603,5,0.0,0.9289258788063224 0.3673776136858956 -0.0461562633491821 0.07338358067053241 -0.30485366168647315 -0.9495678464671816 -0.36292087535973133 0.8786910343908184 -0.31014594033989884,176.45860615555867 -93.50899819430812 847.7737067390859,0.69
2,607,5,0.0,0.806926470574931 -0.5407221449908158 -0.23767463685049978 -0.3789431218764253 -0.1652723929597 -0.9105422266473552 0.4530692899193615 0.824805794136963 -0.3382656064249805,46.53583275980947 -127.50830344722591 881.9342523936881,0.69
2,611,5,0.0,0.8514713973662574 -0.48428422748604405 -0.20115975361736357 -0.32265662989619603 -0.18142740734754104 -0.9289654434085148 0.41338741956085456 0.8558930323769407 -0.3107377648072777,43.47370006809386 -147.91961348254924 829.9554905357677,0.69
2,615,5,0.0,0.5193143771411566 -0.8354260023921749 0.17993324379203063 -0.6285518951862212 -0.5160487246253085 -0.581907405753185 0.5789948987273568 0.1890955005800562 -0.7931001190947304,64.58017794887104 -231.01875760426708 910.1877868850889,0.69
2,625,5,0.0,0.4813444961388593 -0.4197811202538968 0.7694746825693558 0.5493040006565095 -0.5396358968964472 -0.6380111391218183 0.683061191182445 0.7297786718308162 -0.02916332013452505,-2.159031843364846 -248.819046678687 1588.0497590136936,0.69
2,642,5,0.0,0.380458402697173 -0.9042505292981309 0.1938617653926778 -0.5654122931055794 -0.39332355553898335 -0.724986565022596 0.7318198840030283 0.16621540518923722 -0.6609176169959246,115.77553894882159 -233.39782127648422 922.272582334383,0.69
2,648,5,0.0,-0.34165687360646546 -0.9157036408653766 0.2115595018507777 -0.4252500736252264 -0.05011882892743991 -0.9036871570785333 0.8381127344213279 -0.39871662254392615 -0.37227959829672264,103.22053590996705 -175.49259061805157 829.7867316483712,0.69
2,649,5,0.0,0.29610196976244585 -0.9453134662699251 0.1367701502212353 -0.7255476200476897 -0.31573301610940796 -0.6114681623613694 0.6212119401186147 0.08182367033564225 -0.7793591036402095,145.31527221804117 -220.7974787181016 861.7723393708684,0.69
2,650,5,0.0,-0.018980993556508563 0.8710901878378282 0.49075615791986255 0.2978235930580394 0.4734883303299138 -0.8289209301612488 -0.9544322025694687 0.1304250194328062 -0.2684184885665385,-276.0971366265846 79.39255973743354 503.98407570036886,0.69
2,652,5,0.0,0.9223507094761831 -0.38426296330272197 0.04013905532762142 -0.30984559204235035 -0.7977592357166803 -0.5172774022907474 0.23079184955432958 0.46467426963686004 -0.8548759824189369,191.95746088949983 -139.87601421712256 736.0398184476967,0.69
2,667,5,0.0,0.979019075149496 0.192956553120086 -0.06549365695577451 0.021996702174698374 -0.41961053808652815 -0.9074376790833472 -0.2025778753636805 0.8869581528655959 -0.4150511287520941,145.33179432967356 -64.87114237633676 738.7396818644653,0.69
2,669,5,0.0,0.9684550018133666 0.23311027925930244 -0.0880596795719955 0.08715681880171201 -0.6479391159086306 -0.7566892301413493 -0.23344934867983252 0.7251444682125019 -0.6478170280424634,143.8730417912404 -112.80111002690772 725.4462667972183,0.69
2,679,5,0.0,0.37634872015404885 -0.9264325702741598 0.009183331292205055 -0.6035636094572605 -0.2526843024399702 -0.7562153216110797 0.7029029877424992 0.2790579438676476 -0.654258399859741,-43.94617707520575 -231.5076303489256 878.9540804460462,0.69
2,691,5,0.0,0.8101739126036577 -0.5831252139427441 -0.05985997160633359 -0.5838615568514609 -0.7936459330033968 -0.17097314250535411 0.052191127286832395 0.17346791602886352 -0.9834556260152935,154.7686660193031 -193.9519548816033 684.9177917278055,0.69
2,695,5,0.0,0.6936521923541042 -0.6850584533893805 0.22257931503644826 -0.582466124366411 -0.7152509457527835 -0.3861985222205302 0.42376862791848713 0.13824254062877564 -0.895158728914925,163.22733611014596 -224.18515560341928 785.4568011090614,0.69
2,703,5,0.0,-0.20999401895542957 -0.9776660573204605 -0.008461227240337488 -0.5211372103311198 0.11924960179823463 -0.8451009055013847 0.8272354682986246 -0.17305667520910123 -0.5345398648878557,31.716120139072927 4.576418217422073 1413.0742159595384,0.69
2,708,5,0.0,-0.5057589273998239 -0.857375200180299 -0.09547603610944375 -0.7824575891945531 0.502517186776561 -0.36774528971289144 0.3632740404532474 -0.11128451424148195 -0.9250122855523649,-48.33385739038976 -70.91572836560786 1230.301743745915,0.69
2,711,5,0.0,0.7574778885755771 -0.516037692718491 -0.39991542607514174 -0.004121243479097481 0.6087667323849904 -0.7933385663721939 0.6528478104974175 0.6025845710230873 0.45900062210595116,74.39978917596521 98.44028358706997 471.02755482098735,0.69
2,727,5,0.0,-0.36625161501868475 0.5891551377052371 -0.7202471646676079 0.8614228766583212 -0.07801981823680826 -0.5018600756505719 -0.35186699485161665 -0.8042444477133915 -0.4789368290873797,92.92012682062015 50.40169492770495 387.3540450244916,0.69
2,736,5,0.0,-0.842552122750518 0.5097147827748656 -0.1740596468724659 -0.4458212288577628 -0.8413162882497035 -0.30566376138740436 -0.30224055377852627 -0.17993816534163434 0.9360944953930322,136.0900423786274 177.1943925751558 3136.807406903258,0.69
2,739,5,0.0,0.5789873590928794 -0.07377237046216306 0.8119921645970769 0.6193139571643826 0.6875374726377554 -0.3791338103892621 -0.5303054407339665 0.7223917642631879 0.4437637642402458,-1026.4124599120173 -34.24031947125839 2780.9681075876024,0.69
2,740,5,0.0,0.9426374116359477 0.3150184429559917 0.11044496720930087 0.0836478825538939 0.09739537398715267 -0.991724343187235 -0.323168287318745 0.9440749555641678 0.0654578975218714,125.27050108921614 117.3574747872288 1220.214000296217,0.69
2,750,5,0.0,-0.5685724413782021 -0.8224773057943687 -0.016014379740326934 -0.46917060363200236 0.3402019405053919 -0.8149488231563675 0.6757250354935901 -0.45584396577074715 -0.5793116219079195,-75.6809499153382 -149.04283318841175 1190.561337750574,0.69
2,754,5,0.0,-0.6415528193520057 -0.7625470413970107 -0.08325857095914127 -0.6440579338112936 0.5944361898239299 -0.48149246528095974 0.41665256254608596 -0.25527950541372196 -0.87248668542248,-27.813448156024577 -258.8242254164745 1126.5180999045344,0.69
2,756,5,0.0,-0.582878252824433 -0.8084355775768977 -0.08176098881645277 -0.40702343710702693 0.377578348334201 -0.83172502217668 0.7032672778040497 -0.4515157890673641 -0.5491344354463277,-63.96766438562911 -171.1376910559881 1155.9724689374261,0.69
2,757,5,0.0,-0.5280351052030307 -0.8409018626258568 -0.11858745762343104 -0.4103715430687668 0.3749192217746824 -0.8312826076511077 0.7434878104667108 -0.39028148121097295 -0.5430527056476059,-8.278735219918625 -199.0285672067758 1122.6591610322814,0.69
2,758,5,0.0,-0.5178936471752245 -0.8554180932261917 -0.006786456867218571 -0.5553010924245814 0.34220799406412694 -0.7579804651510973 0.6507125839935869 -0.3887847406726162 -0.6522419477866446,-20.352169906728378 -273.2160672578134 1181.2045429698694,0.69
2,761,5,0.0,-0.5952326819892192 -0.8021105876167098 0.048131689406228084 -0.07292223471441 -0.005731198607762944 -0.9973211624380457 0.8002377159170753 -0.5971480206746856 -0.05508029981878759,-4.709945363398798 -20.561955198339753 1140.1800899727657,0.69
2,762,5,0.0,-0.03576536810654041 -0.5817899206393415 0.8125523531974247 0.4225869284388868 -0.7456076770977245 -0.5152567124895343 0.9056164344559957 0.3249456571419352 0.27252374859414563,13.069212526759749 -83.07198302304808 385.69880420881157,0.69
2,764,5,0.0,-0.5684881111041368 -0.4605376147549932 -0.6817084222224574 0.7812588526319276 -0.5618608427311035 -0.27193197419527215 -0.25779036583529386 -0.6871808341341278 0.6792102976849143,15.124754639851515 47.125080698138156 243.0010434171192,0.69
2,768,5,0.0,-0.8595786323410614 -0.4991029177115846 0.1096396477304343 -0.48677184698971016 0.7344613264656612 -0.472884477335139 0.155491941273163 -0.45985088611210106 -0.8742765116031763,-153.016294415499 -149.87564194096873 1169.2033081651996,0.69
2,769,5,0.0,-0.7343532704609015 -0.678406668265877 0.022128411957704833 -0.6447701574149473 0.6870128227940838 -0.3350892797801925 0.21212429910427966 -0.26034164816428457 -0.9419264875565512,-123.48072399258993 -182.49074228056384 1112.0805685522923,0.69
2,770,5,0.0,-0.8734828276259115 -0.4837117629742665 0.05523296301095413 -0.45796819360474955 0.7778546709433987 -0.43035711280045097 0.16520557947310677 -0.40120448807542586 -0.9009672997723561,-184.95145993398154 -77.55819172257162 928.7413694830901,0.69
2,773,5,0.0,-0.2518034480969943 -0.9516777707392607 0.17579659896373268 -0.9650696883759646 0.2333400152355838 -0.11913410035659885 0.07235689396583415 -0.19965434623520886 -0.9771911900569962,-89.62287053226233 -162.9785419241173 1111.147661076307,0.69
2,775,5,0.0,-0.5230565787027244 -0.8500996718753295 0.061174858833165036 -0.8499014157881197 0.5148616801112265 -0.11218303701716452 0.06387017235885906 -0.11067067466362447 -0.9918027035919734,-3.9142963558510684 -134.3389626242932 1222.2736651213072,0.69
2,785,5,0.0,-0.8502686634866854 -0.5240158021917449 0.04950392859064673 -0.2730942593011796 0.3588017358553892 -0.892569795525201 0.4499585819042747 -0.7724433658207579 -0.4481835797641329,53.14451366107259 -31.43724972688261 1120.6718832358215,0.69
2,788,5,0.0,-0.62499318898801 -0.7806117511266428 0.005367282514834204 -0.23913961546383233 0.18491196645804664 -0.9532155102475142 0.7430987538910344 -0.5970367314191103 -0.30224391358963243,-99.36474100874436 -48.18432683129599 1071.381629353914,0.69
2,791,5,0.0,-0.730988030614526 -0.6779816260192898 0.07744297178270415 -0.31328948819078983 0.23261235938805147 -0.9207286173727178 0.6062228927444506 -0.6973036677374955 -0.3824413671040131,-102.7986396736032 -146.02402798104868 1110.2566241783,0.69
2,794,5,0.0,-0.7460729819852192 -0.6013331531086012 0.2859607394803529 -0.5180412869731001 0.2543769715750216 -0.8166551177354947 0.4183399700517951 -0.7574237884465923 -0.5012991862673178,-198.99081627528375 -103.38914659002184 1021.0990747129833,0.69
2,801,5,0.0,-0.6501671076302427 -0.7589503295448086 0.03573694782085707 -0.15706922667547535 0.08823902288894891 -0.9836377040715608 0.7433787663010645 -0.6451420557702231 -0.17657785163852713,-115.33266958392649 -2.211722958343285 1219.2418254740487,0.69
2,803,5,0.0,-0.4814825831336992 -0.8725053774929917 0.08311972319920624 -0.1864268683037481 0.009286361153676759 -0.9824249519790205 0.8563991738163679 -0.4885162533041616 -0.1671296662603825,-67.23428700593777 74.21069923590883 1180.3327580035811,0.69
2,804,5,0.0,-0.2877001346391743 -0.948019251884312 0.1359710652503353 -0.3803503788135448 -0.017197138436881088 -0.9246825659468099 0.8789551876318805 -0.3177479448970409 -0.3556318625330316,43.172261293590594 3.6870218323498016 1148.6334282909545,0.69
2,808,5,0.0,-0.9419232721467942 -0.3305313266979385 -0.05941036491704904 -0.06738559581586037 0.3593296910460424 -0.9307745992501609 0.32899807121747354 -0.8727148533192596 -0.360734048754932,-183.89881382889948 -129.83616088325311 1095.5656267873883,0.69
2,809,5,0.0,0.13660565838085212 0.8350047057536225 -0.533015980499309 -0.5468855788997409 0.5122039871418743 0.6622410732863535 0.8259873229595166 0.20103287523505317 0.5266219947788909,87.14480721668475 -14.582870849348755 554.2667973154685,0.69
2,819,5,0.0,-0.5504055354252028 -0.8269754783529522 0.11474016200181077 -0.8276054910621125 0.5222974489911509 -0.20560769912913196 0.1101040314299866 -0.2081272038447688 -0.9718848539218123,-100.8399235937123 -53.21038782662369 940.9169886527731,0.69
2,821,5,0.0,-0.4996954823342581 -0.852664719544707 0.15253622841305356 -0.7001926893237074 0.2939464157873477 -0.6506348457187071 0.5099359006310178 -0.4319240450467162 -0.7439132990867384,-39.61227343896958 -138.27458948599678 1186.424477744724,0.69
2,828,5,0.0,0.10580666287093066 -0.9807170733580987 -0.1643136394705051 -0.9301292476866 -0.1560455847550517 0.3324294783505421 -0.35165968306030876 0.11765966812115299 -0.9287042962146473,4.002742680884607 -82.63170204107736 377.04694953500643,0.69
2,837,5,0.0,-0.9130781904334156 -0.4077813396950863 -0.0016115679693421148 -0.30435966089658634 0.684122431624432 -0.6628285565417268 0.27139162657266 -0.6047238026940521 -0.7487694621720968,-178.7861405726663 -130.24204650807127 1002.2330515228333,0.69
2,840,5,0.0,-0.6488510597043439 -0.7566266390215439 -0.08067485013009063 -0.3801794879266782 0.4142023710291841 -0.8269824380200657 0.6591326568152718 -0.5059175080551823 -0.5564095755492315,-108.37469391663477 -183.02890128876845 1045.8747037718115,0.69
2,844,5,0.0,-0.841699711925414 -0.5340390182720937 -0.07964874077883072 -0.29802301238230966 0.5825008618179808 -0.7562241929956242 0.45024868576737526 -0.6127765277360806 -0.6494467245436408,-30.443922569139616 -208.1225579161613 909.7302763022843,0.69
2,850,5,0.0,-0.6578731084464908 -0.7517110682242292 -0.04618920969382617 -0.22201038109783738 0.2521699656600819 -0.9418713814018274 0.7196626736657563 -0.6093773693928763 -0.33278349989756617,-172.7295397318101 -181.25715496027564 997.5206871585416,0.69
2,856,5,0.0,-0.09168870389702921 -0.991945533098529 0.0873913093136715 -0.5926259844577269 -0.016170708347861606 -0.805315435551212 0.8002422284053703 -0.1256286892290263 -0.5863700267914483,15.66440506510098 -214.97021107419744 1290.2877886031865,0.69
2,867,5,0.0,0.8538646109914179 -0.12293857509561695 -0.505768062307155 0.5202059548277349 0.16917807037556026 0.8371168049118156 -0.01734908234574356 -0.9778879727542729 0.2084085460922831,-706.3183884940668 391.8567847436228 2459.8124790867087,0.69
2,877,5,0.0,-0.7318335692345854 -0.6686954960948731 0.13140000168873275 -0.6602766386226732 0.6480281254493575 -0.37959756205188644 0.1686842832942986 -0.3645625901392291 -0.9157727504356445,154.6799526831961 7.7914607580189035 1634.790743494536,0.69
2,883,5,0.0,-0.30933532224131594 -0.008465942866237114 0.950915341250338 -0.18662895812327038 0.981054566112166 -0.051976632252317995 -0.9324598063207249 -0.19354654768777388 -0.30505482044127813,90.04038082297448 62.60534697761266 1322.7490573700582,0.69
2,886,5,0.0,-0.6259176158480719 0.1881822283399297 -0.7568451539833522 0.7644788591326197 -0.04391962356112722 -0.6431509469833168 -0.1542699326192687 -0.9811516272234722 -0.11637126916201823,29.64899142503555 -83.34161672257432 1619.5764966124157,0.69
2,894,5,0.0,-0.932043653771101 -0.3480289321970983 -0.10084884639282518 -0.1858702053228629 0.6981277594366524 -0.6914259890090891 0.31104162782215006 -0.6256944093227202 -0.7153737567901407,-129.76001964717486 -106.65815386551927 837.2064994920214,0.69
2,902,5,0.0,-0.9002578262976871 -0.42699824883591125 0.0849019533392994 -0.2388870187602719 0.32146457918527627 -0.9162933572808779 0.363962688276687 -0.8451822405968422 -0.3914053419693051,-119.20852241711633 -225.46168786943537 871.5261420102389,0.69
2,903,5,0.0,-0.8588177643627047 -0.5070031744862151 -0.07334731539699574 -0.0012287955109124282 0.1452162213025867 -0.9893991808831206 0.5122797455264438 -0.8496234637364357 -0.12533727375311454,-157.88953868818868 3.3531177442844595 1028.138557402744,0.69
2,904,5,0.0,-0.7783558179417149 -0.6188148441038313 -0.10597362593133675 -0.00322129776018093 0.17272941693329336 -0.9849640459258522 0.6278151351449119 -0.7663111230059465 -0.13643833347098788,-23.172217589134366 -58.15996862226231 998.6635591205296,0.69
2,907,5,0.0,-0.10763459037425238 -0.9939684073916386 0.021014282340746593 -0.6837169054918582 0.05865990962733125 -0.7273858729361953 0.7217658817785755 -0.09265970057065276 -0.6859068390026101,25.572594808270964 -144.8173105640944 950.1416025703516,0.69
2,909,5,0.0,0.5420782119638105 0.8385641744759056 -0.0544181715942475 0.18099407879104962 -0.17974877989586446 -0.9669185692541679 -0.820604871760275 0.5142961222987111 -0.24921304747507034,39.603608508453924 -320.05226930816053 1981.3393796717794,0.69
2,918,5,0.0,-0.5668635417290935 -0.8169714467260784 0.10594045635472082 -0.7363355520172336 0.4447965311652726 -0.5098686112115702 0.3694261494450872 -0.36703365117879583 -0.8537040582125273,-127.03321331441452 -156.94153267374207 900.8076076771864,0.69
