scene_id,im_id,obj_id,score,R,t,time
2,3,8,0.0,0.4182812306863738 0.9081687384280548 -0.016442463242714922 0.7891366442070986 -0.3723025735991029 -0.48852241551544373 -0.4497823571740579 0.19136440691382528 -0.8723964092896463,106.83398805935919 -84.97608942472387 1038.4681807777392,0.69
2,8,8,0.0,0.42189441769977865 0.9050326024375277 0.054047098339508715 0.8418172622334725 -0.3688947506271938 -0.3940309124490633 -0.3366731312705329 0.21173722271923856 -0.9175067036243594,-62.92224743272572 33.56653518747586 954.3045501607667,0.69
2,17,8,0.0,0.47391447124596275 0.8802858641845399 -0.022402483356483316 0.5879868924867124 -0.3352844435806227 -0.7361085219970298 -0.6554971305867623 0.33568011440910556 -0.6764926995783553,80.55721587142158 -104.90075350933982 1736.7663076361698,0.69
2,27,8,0.0,0.2654815668158228 0.9635762286821363 0.032255064714351134 0.4520180167113163 -0.09484850422026425 -0.8869517877627546 -0.8515863140336298 0.2500492206864275 -0.460734345349602,203.27096353104417 44.9450865808094 999.3100059958498,0.69
2,36,8,0.0,0.40305399132625963 0.9127985504302463 0.06592637111515312 0.7931909739336223 -0.312489702463152 -0.5226837138506637 -0.45650362424213387 0.2629619595814803 -0.8499737930470942,110.00039309644319 16.919702706969556 1020.9892752057203,0.69
2,38,8,0.0,0.6504896892005207 0.7579264684334763 0.049098194383981025 0.7063863107903976 -0.5799694015559835 -0.40577564390525694 -0.2790726503470745 0.2986351648864422 -0.9126529976510825,137.05098547402474 22.25506689873016 1028.6227553336432,0.69
2,39,8,0.0,0.7054468057041631 0.7026777703174497 0.09267553843108403 0.6471524595865564 -0.5852724921350614 -0.4885179669173747 -0.2890302724159952 0.40459864193013817 -0.8676182574009282,170.22141934848466 55.29970520360581 1025.454878188908,0.69
2,41,8,0.0,0.7306599040816775 0.6760668954035599 0.09523474947069588 0.5636821432472269 -0.5186425861539781 -0.6428625896812836 -0.3852253184197101 0.5233960458074798 -0.760038178831516,214.44057090206377 -15.369605044642945 1049.6599641625537,0.69
2,47,8,0.0,0.8013455290219075 0.595935495865114 -0.05202141755661824 0.4188297282406077 -0.6210262560925583 -0.6625013569688435 -0.4271147408583529 0.5091043841999999 -0.7472521155071032,188.673355071661 -101.25987774885284 989.1178018327648,0.69
2,58,8,0.0,0.8217437973487302 0.5085166320822742 -0.2571924695915323 0.11176400563802277 -0.5863800443918353 -0.8022887576071183 -0.5587897087121723 0.6305309496247828 -0.538688020103135,107.24519188687573 -56.84220038954346 1161.6076961939252,0.69
2,61,8,0.0,0.9954370258257095 -0.07861572393610011 0.05408045455863561 0.021152798445923538 -0.37085177670059927 -0.9284511397138328 0.09304669114574624 0.9253585940963708 -0.367496647057924,213.37674327661404 -147.94742055002988 1133.0935823261868,0.69
2,62,8,0.0,0.9722368272486103 0.21999616292494006 -0.07973230236145265 0.08165175290070736 -0.6382720238512246 -0.7654683630412844 -0.21929100070407972 0.7377062503918244 -0.6385146397249152,-27.574388532278274 -181.25091584362906 1185.9004887126405,0.69
2,64,8,0.0,0.3395118491208121 -0.8973192658383279 0.2820458109278189 -0.017216519262666763 -0.3057349111308961 -0.9519610052834417 0.940444201306513 0.31834619405789527 -0.11924933944390531,43.08707937187073 -222.34548428786647 1939.29068980812,0.69
2,65,8,0.0,0.932917047492794 0.34530230038911625 -0.1021376710294119 -0.35590065108132574 0.9273383475134334 -0.11566466958818222 0.05477690258873921 0.14425640567073447 0.9880230667174448,38.39751420879719 -10.037342606477651 380.7358432251965,0.69
2,69,8,0.0,0.30013774673938837 0.9518314853273062 0.0627228548602266 0.13604392029455187 0.022369453725238575 -0.9904502305976429 -0.944144790131838 0.30580456353633545 -0.12277696928682874,198.25165275292107 101.73346917160185 1644.5742578401719,0.69
2,72,8,0.0,0.6605640735938392 0.6900737977499083 -0.2957249707686714 0.017214931113899823 -0.4077141914829223 -0.912947306371058 -0.7505722822112848 0.5979693066725462 -0.2812009200797497,32.116198836113526 -20.50782414692645 1184.1465694748772,0.69
2,79,8,0.0,-0.11796753965059703 0.9869394171551329 0.10970071309828086 0.7995240528892926 0.1599181516508339 -0.5789537750322218 -0.5889354365635203 0.019410606329206492 -0.8079469536557881,294.97268335981244 -64.71593173336286 1243.3552898114333,0.69
2,96,8,0.0,0.7116032287470796 -0.6974636170025881 -0.08464837738786685 0.02566347899889937 0.14620519163995627 -0.9889213455999404 0.7021126908712052 0.7015472506504397 0.12193942931802068,618.227166571684 383.9074864169361 3290.9160812781774,0.69
2,97,8,0.0,-0.1590891417310175 0.9854668939655999 -0.05954532627403197 0.7823781367147333 0.08905822050669998 -0.6164033456682092 -0.6021420896881982 -0.14465004064283107 -0.7851759481593646,304.84606326729266 -138.67245707061903 881.8478970947817,0.69
2,102,8,0.0,-0.4446573711564201 0.8901802711812071 -0.0992920292672795 0.8655710975069492 0.39854148542402235 -0.30323482576483424 -0.23036166659597918 -0.2207799112142375 -0.9477287235107714,269.9440745666642 -155.02846727350462 1039.0738598375647,0.69
2,107,8,0.0,-0.46846174338288604 0.8829929134106088 -0.02944672907662657 0.814518614111129 0.4187434996551527 -0.401513771573331 -0.3422031885490735 -0.21207875038108026 -0.9153794739798609,110.11707959851992 -29.81564446188203 958.5478074428481,0.69
2,110,8,0.0,-0.15816596091185808 0.9783126848645268 -0.13374535297343915 0.570329554343768 -0.020056056901340824 -0.8211710869384098 -0.8060444952053626 -0.20616024159554003 -0.5547884520557369,237.08298021068984 -20.912017090579468 1056.6030569777681,0.69
2,115,8,0.0,0.4686873873966752 0.864977559552207 -0.17929292893582574 -0.8446101517955685 0.3793402789715655 -0.3778023878082849 -0.2587775577192616 0.3285038420184504 0.9083608321586589,321.66826279703884 -195.66316225959903 1959.4403496087436,0.69
2,119,8,0.0,0.4709646057328494 0.8668776939509785 -0.16344847468586443 0.6673060103175331 -0.47127824856448974 -0.5767144016097426 -0.5769705614162637 0.16254192123947797 -0.8004280699093335,323.4074781328299 -153.33127391445223 923.5142241303033,0.69
2,124,8,0.0,0.4109351728723333 0.909439762227253 -0.0636522000909896 0.9005659107254032 -0.41580318092803026 -0.1268414568248765 -0.141821451606275 -0.005199385556908437 -0.9898785997556062,173.88112930016783 -54.9350617570155 921.3676334751789,0.69
2,126,8,0.0,0.575326671886137 0.8175717282548596 -0.023993536104194635 0.7656400017861071 -0.54863835095067 -0.3358442310522828 -0.2877405224875199 0.17484973269779813 -0.941611896002869,240.5922813074165 -125.32332596226067 946.8581112631416,0.69
2,136,8,0.0,0.19481880149223496 0.8464994144581807 0.4954637987856288 0.8172763939831124 0.13920009364659924 -0.5591803195452593 -0.5423144202610598 0.5138697064925456 -0.6647051935453608,60.41176176832814 12.000642957492136 1016.4136797671608,0.69
2,153,8,0.0,-0.2559478494124682 0.876840109892415 -0.4069915479036259 0.6045831646649955 -0.18331945036251496 -0.7751600970912034 -0.7543009315815479 -0.4444607978243327 -0.4832025494681981,396.4031422124654 -130.7655970223863 886.1571187486694,0.69
2,156,8,0.0,-0.023296436142074217 0.9997091931463611 0.006229382130679695 0.37622886881613526 0.01453999865223754 -0.9264126654512688 -0.9262338335066419 -0.019238440109445254 -0.3764581890326543,112.87832747234776 12.84287866998253 981.0963023891247,0.69
2,162,8,0.0,0.9290570322868159 0.36427040968702623 0.06449883243020568 0.326684080603933 -0.7260579455507525 -0.6050763350045872 -0.17358151467934796 0.5832211658788341 -0.793550584041469,151.08202406521556 -131.34796210458492 1094.626590051607,0.69
2,166,8,0.0,0.9976008864626894 -0.06454377068085054 0.025031440133424315 -0.024361607529032037 -0.6657617414443665 -0.745766595998752 0.06479956332767094 0.7433676111422006 -0.6657368934476149,17.644395749408822 -163.60903284799608 1097.4081864267143,0.69
2,175,8,0.0,0.9782498142808924 0.16132380492574513 0.13039145226463306 0.20052865779181936 -0.8962968959426963 -0.3955251341289182 0.05306183434080812 0.4130696119151922 -0.9091523180681118,87.02743468656668 -98.88515478525795 999.5896599023979,0.69
2,176,8,0.0,0.9784738682115958 0.1737036008607338 0.11142687411505453 0.2047202164368069 -0.8851523202009866 -0.4178456689076449 0.026048458862363906 0.43166240175723564 -0.9016590534675901,55.24863895538898 -198.26819673370764 1031.3524012481657,0.69
2,178,8,0.0,-0.5241446851043547 0.7806485879699537 -0.34038233088304415 0.8422599237907612 0.41604925418623584 -0.3427845370886177 -0.12597844995410068 -0.46635908932023 -0.8755790255342849,365.8486800985942 150.44299596906674 876.7196241067451,0.69
2,203,8,0.0,0.4559129653554804 0.8783341112685338 -0.1437795430611965 0.847177099989774 -0.4777844547766925 -0.23240691905934077 -0.27282655529417993 -0.015849408690964017 -0.9619326727845657,317.10901391285427 -98.74053010963516 865.3618158408527,0.69
2,207,8,0.0,-0.008690968545707056 0.863104165143991 -0.5049511532582454 0.748190013246026 -0.32941107830016236 -0.5759340635628666 -0.6634275929931233 -0.3828048348757089 -0.6429030154316686,273.4105257222346 -141.3713862694595 778.764274958972,0.69
2,217,8,0.0,0.7896217187451176 -0.36434307457108617 0.49371212796334485 0.0665442268719558 -0.7490293152450034 -0.6591865826711092 0.6099749233829371 0.5533617342351107 -0.5672048870807539,149.55784598972443 -66.48728619776496 1400.764800176517,0.69
2,221,8,0.0,-0.016706097874392034 -0.990936750717544 0.13328639229556516 0.05710006670071471 -0.13403298030484723 -0.989330451655752 0.9982286755431267 -0.008917189465102893 0.05882172264953034,125.65784923247375 -5.157458877689807 1017.6510849804991,0.69
2,224,8,0.0,0.36231705687596216 0.9209677255357595 0.1433345695156325 0.5023071265247944 -0.0633987026747782 -0.8623619629491782 -0.7851203098501183 0.3844464241225892 -0.48557908319882237,264.5576406163929 -18.40974239681169 892.2956906099672,0.69
2,243,8,0.0,0.9773543918742053 0.20767309682379897 -0.040623608158495736 0.11079272168853588 -0.6657569611596497 -0.7378974464573755 -0.18028689776311707 0.7166865099351891 -0.6736891575288039,107.11595020134895 -274.11811061021416 1010.4138363040331,0.69
2,248,8,0.0,0.4041703711606638 0.9140654310913239 0.033625864445145426 0.4851121568481329 -0.18304507805032144 -0.8550793499317499 -0.775443425630783 0.36191005386060215 -0.5174056499117617,226.31889042658173 2.7167379017978748 963.9010894311593,0.69
2,249,8,0.0,0.9316906461256482 0.3607259545092464 -0.04277061684575163 0.22843985065314912 -0.6733859994420963 -0.7031120326014454 -0.28243189365852417 0.6453123906285717 -0.7097916200869787,70.99355417340654 -96.43948138858575 1006.2733767141381,0.69
2,254,8,0.0,0.9939561231122275 -0.0385696953350232 0.10277939447902001 0.035143345702545105 -0.7751797187795141 -0.6307625138241373 0.1040008200955258 0.6305622746364368 -0.769139159856512,27.11555448264106 -265.36912978833465 982.7697708912195,0.69
2,258,8,0.0,-0.1718727591802881 0.9801156336816539 -0.09916198497692907 0.2756195366779621 -0.04879703626635523 -0.9600274580724478 -0.9457767313976276 -0.1923335484631582 -0.26175213558324545,244.51184111444687 19.218312277601168 818.4440213861217,0.69
2,263,8,0.0,-0.2070451444240562 0.9676853837583441 -0.14393507644381937 0.4133740679858838 -0.04681406775323382 -0.9093570932132204 -0.8867097541401152 -0.247776998772812 -0.3903234181956219,186.99563372728366 -21.451470258511645 851.8304649339434,0.69
2,266,8,0.0,0.8351687154676645 0.5493863861629612 -0.025842124581655773 0.45588600080136976 -0.7177852909878304 -0.5262625108392666 -0.3076705559156183 0.4277369223486761 -0.849929381938439,192.5624853345485 -195.24096438403777 828.2308481652137,0.69
2,268,8,0.0,0.726818604077406 0.6860363917671786 -0.03299675647758532 0.6375345821854304 -0.6917468176012365 -0.33916956947257276 -0.2555080689227238 0.22547817967517841 -0.9401463807332072,181.50348888264423 -180.7387028770516 765.417046977771,0.69
2,277,8,0.0,0.449533077093634 0.8890478473944976 -0.08668297204145226 0.584545025178465 -0.36616054231448963 -0.7240397577419811 -0.6754458721006718 0.27480972016136695 -0.6842897716369829,232.27632727944354 -71.57843919275244 819.668520354501,0.69
2,283,8,0.0,0.6135057770306549 0.5585756713542249 -0.5582149056780812 -0.007045133963371197 -0.702978716371365 -0.7111759911697709 -0.7896588045716013 0.4402432778590092 -0.42734626319005625,131.005174663154 -203.224555893098 1025.9584396661696,0.69
2,307,8,0.0,0.9923443559492563 -0.11030495398076622 0.05554724424268832 -0.0820231727381769 -0.9248859898047828 -0.371292479046897 0.09233026778699939 0.363893834778948 -0.9268529541735586,-93.09751407960069 -201.25859701896974 808.4438241194015,0.69
2,310,8,0.0,0.9925033366509051 -0.11701626756009748 -0.035274918329087315 -0.11835005016994357 -0.848161338498545 -0.5163483412398343 0.030502333707307396 0.5166522399086838 -0.8556518396145408,-30.257782097051102 -256.99257828337016 862.5751009697585,0.69
2,322,8,0.0,0.9760346747685325 0.19791876526631552 -0.09046809385049442 0.0033931182418101974 -0.42951598670682967 -0.9030528799089539 -0.2175886035574517 0.8811039550011766 -0.41989405816610753,33.53419070114033 -99.78371616017768 987.9543576228732,0.69
2,326,8,0.0,0.9093221768577809 -0.150221694608672 -0.38802914986315784 -0.32569949249103647 -0.83732715302242 -0.43909347456145387 -0.2589459775043964 0.5256583313144269 -0.8103272792236633,-61.63973734970314 -295.2225833863481 1253.7869826571348,0.69
2,338,8,0.0,0.6620186633571954 0.7483105333028736 -0.041983748221433165 0.5812417038819621 -0.5479665846921058 -0.6015735231285222 -0.4731694950386651 0.37385019434104627 -0.7977133953720575,131.4349237223305 -209.70327216873252 835.727780875953,0.69
2,342,8,0.0,0.11674566901858674 0.9923646151282021 0.039785919706071565 0.8513561831715418 -0.07936718059669612 -0.5185494190718138 -0.5114323984076359 0.09441038759366893 -0.8541215256469225,116.39577714322628 -106.02311227131494 652.1571352088267,0.69
2,356,8,0.0,0.17765219805823995 0.9410675903235577 -0.2878045985867632 0.25932771309590746 -0.3268874677855371 -0.9087869500742216 -0.9493096616729033 0.08681229087733883 -0.3021171832370777,214.34401518190376 -122.92174279043807 1002.5175422175104,0.69
2,362,8,0.0,0.6110361476859661 0.5274793302200589 -0.5902545064730056 0.026912644688713072 -0.759056334062222 -0.6504684398768934 -0.7911450788426562 0.38157441988505797 -0.4780067220368651,205.64431382358865 -118.91579048481816 964.1047761976491,0.69
2,365,8,0.0,0.8902315723587317 0.25054458209371 -0.38041445813636976 -0.35431441411921305 -0.1439749014988385 -0.9239764735564203 -0.2862674335705311 0.9573393547336743 -0.039399446126228616,-45.5113726608009 -357.96776185841287 1358.5727454514836,0.69
2,368,8,0.0,0.9877854507107061 -0.023648588327864338 -0.15401508898269217 -0.10455252672225157 -0.8334743388917536 -0.54257653429258 -0.11553645537335937 0.5520518731777418 -0.825766345161091,-19.348973870698444 -253.30626922985726 805.5613613072295,0.69
2,387,8,0.0,0.24856976692461075 0.7538437178525511 -0.6082209467169705 0.22930875489936053 -0.6558774024964665 -0.7191956116530418 -0.941079468428437 0.039299897566420716 -0.33589425739913914,5.673533639045714 -192.8075091202368 784.5623734671451,0.69
2,389,8,0.0,-0.17711864269704414 0.9419717656981472 -0.28516342513841336 0.35545174271708513 -0.20896307141176085 -0.9110370428174424 -0.9177597970103852 -0.26272348089517633 -0.29781425012543983,185.29220627449982 -99.56669677826996 660.0102695113293,0.69
2,402,8,0.0,0.10226281062227005 0.9945105301895616 0.02216129296115879 0.9506701816604677 -0.09114750535480542 -0.29651026621223187 -0.2928626354885282 0.05139005360643613 -0.9547725064773498,-18.871980089070338 167.27720153356427 943.2063406155033,0.69
2,415,8,0.0,-0.10295107147400528 0.9582999477113453 -0.26657510592474165 0.7294881949230162 -0.10944859022856424 -0.6751799608733506 -0.6762011907341733 -0.2639738932421401 -0.6878006494154199,59.46908735670513 32.84478027182966 928.8097766773102,0.69
2,417,8,0.0,-0.37605455222180273 0.8864608993178698 -0.26975924031219634 0.6501583304398393 0.04500151539741193 -0.7584649029267057 -0.6602099053429449 -0.46061039674815224 -0.593262963022781,58.85815711893814 19.2979698177297 1011.407616919862,0.69
2,425,8,0.0,-0.7508169725237754 0.6604484461435989 -0.00904011928781917 0.29291264597157607 0.32066206234388794 -0.900765243336628 -0.5920101820071699 -0.6789577982171426 -0.43421222074000554,-17.197489297518306 32.27976889280266 1286.6827759598427,0.69
2,428,8,0.0,-0.6241808392621622 0.7104118881609199 -0.32513570867811425 0.5181972417826141 0.06500048074966702 -0.8527875210808396 -0.5846964156781485 -0.7007780580625715 -0.4087055356013386,-34.78528207777281 10.630430134743843 1074.1769174590336,0.69
2,434,8,0.0,-0.569096621945488 0.7505597469290388 -0.33584088670090684 0.48097026052345826 -0.027421530561556717 -0.8763079756305188 -0.6669307635596298 -0.6602333874861817 -0.3453914166077241,32.257846009143506 -17.974526376922853 1050.5163193812584,0.69
2,435,8,0.0,-0.5853169521520257 0.7453848649536827 -0.3190696924207054 0.4781032654553017 -0.0005340480301424533 -0.8783034682577994 -0.6548445106164063 -0.6666341709593665 -0.3560583505900088,35.34054403888025 -7.404915888957409 1008.1395502635633,0.69
2,438,8,0.0,-0.28495449101781867 0.9178604875440197 -0.2762843887269609 0.5650124202868734 -0.07199893549302772 -0.821934984174199 -0.7743138271852994 -0.3903181762271972 -0.4980861555356956,-125.92689367140828 25.323494759342868 1105.2507772894298,0.69
2,442,8,0.0,-0.5530648051524545 0.7883596068266157 -0.26945955471250566 0.34053434928466575 -0.08126847511950808 -0.9367132922666465 -0.7603654899184649 -0.609823388593726 -0.2235167923560082,-62.85301412096025 115.34479421193468 1043.308386174563,0.69
2,446,8,0.0,0.578051915416689 0.815921894387496 -0.01128916924390605 0.6103047975283724 -0.44148001311208324 -0.6577411741227754 -0.541649367392735 0.37331871140042655 -0.7531594137507512,-135.82654237730176 -17.137704353162963 899.2200732986945,0.69
2,453,8,0.0,0.33265471541279656 0.9115945531258444 0.24152890308392388 0.9237025410162832 -0.26335193497299325 -0.2782433720073883 -0.19003803838624733 0.31565983123811076 -0.929647468080796,-235.03834277828545 35.03772949922412 993.6143693515431,0.69
2,473,8,0.0,0.28263718445207997 0.9192585292472857 -0.2740072597051368 0.531288349216962 -0.38785825168755517 -0.7531923171303518 -0.7986544383845346 0.06730329118245532 -0.5980145107308796,-307.22866678180924 14.305597386194194 1164.9678210673628,0.69
2,474,8,0.0,0.3305178136915806 0.8977454670071205 -0.2912233701142565 0.6597204514751489 -0.440419786701896 -0.608932949828536 -0.6749273299681706 0.00913717405020087 -0.7378276298109285,-123.58627969228405 -19.245032417742365 943.9064909286787,0.69
2,476,8,0.0,0.5860643173316674 0.8057201911122337 -0.08569474654045184 0.632675339320718 -0.5211218966319665 -0.5728471732199754 -0.5062119427334573 0.281508334663057 -0.8151702439056834,27.458228866786826 -94.66840282481374 916.2730082787057,0.69
2,477,8,0.0,0.8072040368111024 0.5885872057001725 -0.04457290928268287 0.39253361487629623 -0.5916570147273528 -0.7041728041582297 -0.44083897757345253 0.5509147649228324 -0.7086281942189523,-85.63714206758296 -136.74541589278127 981.4606082284276,0.69
2,480,8,0.0,0.7447220812121037 0.6590922419365148 -0.10481621236340949 0.30768530144738115 -0.4784540240295882 -0.8224424005139377 -0.5922151442071935 0.5802406082902098 -0.5591082716814877,-153.54214131298434 -175.68650625478068 1020.5954678476405,0.69
2,491,8,0.0,0.7222988218368304 0.6464476511329644 0.2457434563071824 0.6448165345280075 -0.5010600590933606 -0.5771918692953399 -0.24999209741993403 0.575364451044754 -0.7787552245099555,-249.8366741469217 -42.563961155186526 970.4022413453572,0.69
2,494,8,0.0,0.2974109554236467 0.9518189927576584 0.0747484355675081 0.12975230864311266 0.03727012277130343 -0.9908457379180647 -0.9458916756139553 0.3043871596740052 -0.11241616889849843,-118.24166515864249 84.85151332744732 1066.8074336770048,0.69
2,499,8,0.0,0.15246661287156704 0.9881324732254007 -0.018658706196420738 0.11788257782387151 -0.03692718543721474 -0.9923407080339313 -0.9812530916155476 0.14909929018321394 -0.12211376606178037,-134.41238362435035 191.97026548299692 1174.6718908686223,0.69
2,501,8,0.0,0.22935526039995968 0.9685509124303545 -0.09646395470430713 0.4721280755349041 -0.19736924467869854 -0.8591510120733538 -0.8511705145378184 0.15150746280394223 -0.5025477528515447,-53.58037960751263 -94.33012944928407 897.6673297149873,0.69
2,503,8,0.0,0.48752749215307284 0.862581838328538 0.13516477566546542 0.30475997698359397 -0.02304905056571055 -0.9521502495388943 -0.8181920928632194 0.5053922372314195 -0.27411746701428163,-121.55936100718756 -40.515543727266454 1105.5076720219379,0.69
2,521,8,0.0,0.3338858524256241 0.9260493748391848 0.17593405841385681 0.6760077934329668 -0.10516906946153282 -0.7293510334855824 -0.6569122473876604 0.3624527861509012 -0.6611310589009887,-122.96169288122792 -244.81307341552338 1008.1900801479344,0.69
2,527,8,0.0,0.6583192508642333 0.7514426843820528 0.044154909469383 0.2909919279383717 -0.19995455042212654 -0.9355970690634909 -0.6942185980051703 0.6287702838510896 -0.3502976853043078,-98.19709176591373 -32.72988406677455 906.3688542191579,0.69
2,529,8,0.0,0.5613609431721676 0.8275659121671715 -0.0029244657240965477 0.23407586854223772 -0.16216767193102866 -0.9585980043514941 -0.7937772856708933 0.5374349329913226 -0.28474780693371693,-97.30144729136529 -5.6122943406338734 974.1876737450721,0.69
2,532,8,0.0,0.7799872201285397 0.6245309432402609 0.03976226064477627 0.592599665919935 -0.7167004238255822 -0.36764947768195233 -0.20111084602212453 0.31032499645317135 -0.9291139995655024,-63.268039278378126 -79.85822738476577 898.8481946404007,0.69
2,535,8,0.0,0.8502853360457978 0.5239135458096551 -0.05029357635563224 0.4773422148635131 -0.8078828270376366 -0.345643960871403 -0.2217188697758518 0.26988874429073667 -0.937016973427103,-31.13337059333108 95.22587530243527 955.8789191383681,0.69
2,540,8,0.0,0.09385010151978523 0.9629729694740723 0.2527354714063955 0.7652196800050213 0.09262412165323164 -0.6370711211638616 -0.6368916703629733 0.2531873459520722 -0.7281930843340982,-116.9437095390956 -141.3531151793194 882.8663866199759,0.69
2,543,8,0.0,0.5508112730566638 0.8031342009086967 0.2271175836531525 0.47763968844835014 -0.0801688201973173 -0.8748904435911581 -0.6844466885687012 0.5903798909167889 -0.4277666594165796,-65.65306645709418 -32.17635802119075 911.0679750231161,0.69
2,549,8,0.0,0.1523828735106142 0.9803952054133679 -0.12491877786437192 0.934084536169488 -0.18416077336515857 -0.3058935907183725 -0.3229017484463047 -0.0700717543381558 -0.9438349485446555,1.5786240403893594 -59.532268327523326 804.6093750967527,0.69
2,560,8,0.0,-0.35207174036493283 0.9359703783027622 0.002222740693792302 0.44900044073248585 0.17097737273030045 -0.8770207193882469 -0.8212454528692632 -0.30777619945997886 -0.48044741355067194,-3.7813646749726546 -55.83071980690622 1023.998642333414,0.69
2,563,8,0.0,0.22329265058506642 0.9597433326162199 -0.1703911021544478 0.4258863144004475 -0.2532954631848326 -0.8685978675638022 -0.8767903052618105 0.12138428163766996 -0.465300566054038,-223.9730225104573 -39.37497390560623 980.2464581673969,0.69
2,571,8,0.0,-0.46343591061807426 0.8855475096351353 -0.03213666019682859 0.4334898333806283 0.19493045590676827 -0.8798230968300473 -0.7728607384938321 -0.42167253353638023 -0.4742136157427146,-41.311815555308414 -8.030549736375587 1074.5866339291665,0.69
2,575,8,0.0,-0.5208056820426967 0.8536332494403184 0.008468589138971305 0.22711444829756589 0.14811260470789267 -0.9625391855405866 -0.8229097574622224 -0.49937253806813076 -0.27101033060911084,-222.29486940670444 38.57992335852853 1247.6734141167228,0.69
2,589,8,0.0,0.033584434410037 0.9994357173976227 0.0005766760415662209 0.9161935246435091 -0.03055666182051242 -0.39956941301817644 -0.3993263216551861 0.013947659598865958 -0.916702760781843,-147.85795056264854 -91.32953640600093 769.5021552653567,0.69
2,603,8,0.0,-0.8357309635995269 0.5446192346008816 0.07031106444761032 0.2884025262305314 0.5442641315275277 -0.7877820371120636 -0.46730904051265026 -0.6380959523734147 -0.6119279501867936,-84.43469876957377 -165.38298799051245 1091.0702742245796,0.69
2,607,8,0.0,0.05873694187873779 0.9890672428861378 -0.13526256210920673 0.29349701987820787 -0.14661776919024927 -0.9446495271158957 -0.9541537983896224 0.01578666548984059 -0.29890016763355526,-306.04205400049904 -17.664950828076044 917.7555310906006,0.69
2,611,8,0.0,-0.1061533072205536 0.9900100930326681 -0.09279811991407266 0.31101536787326517 -0.055584795478333726 -0.9487780411973548 -0.9444580013493433 -0.12957756829436057 -0.3020078434115976,-331.3181607580747 -59.73044261712561 960.6373645317404,0.69
2,615,8,0.0,0.6113855018274884 0.7630137975155528 0.20980398698796068 0.7259885754526704 -0.4353311213105508 -0.5323790032774589 -0.3148783200973859 0.47780410171888765 -0.8200944359726232,-201.37515111731452 -86.42617222635802 687.900490943087,0.69
2,625,8,0.0,0.8439577905067818 0.5292710713177253 0.0872203010147184 0.27863040442428666 -0.2936046216777092 -0.9144186261553554 -0.4583670424160852 0.7960329510740597 -0.3952609204450323,-214.8097475794008 -66.44099683672886 691.3221564771347,0.69
2,642,8,0.0,0.6944551518541766 0.6991656263045435 0.16999843839685308 0.64530475531507 -0.5006654005785274 -0.5769886735728011 -0.31829831107147066 0.5103935576177647 -0.7988645701940541,-112.81737780759488 -71.83109798337924 726.8284316963137,0.69
2,648,8,0.0,0.7709505739261346 0.6313032203416761 0.0842107864183248 0.336643303757973 -0.2916823252843036 -0.8953170986592732 -0.5406537696140484 0.7185942284091703 -0.4373966578509128,-76.87657050972727 -100.69270061021864 684.5176721541867,0.69
2,649,8,0.0,0.7002547914506716 0.7114053433004567 0.05954548323706835 0.4814292057840973 -0.40899747735896236 -0.7752077033493012 -0.527132949898287 0.5715098433426711 -0.628893752627553,-96.53709012793406 -69.10420010331623 642.6820053549385,0.69
2,650,8,0.0,0.8355747407406982 0.5470846317037658 0.05013240857639012 0.1731423140355917 -0.17563931068679056 -0.969109163939682 -0.5213795083492596 0.8184431796374285 -0.24148327059748936,-103.25867272624603 -35.69713947362161 672.59849129875,0.69
2,652,8,0.0,0.06698795110241085 0.9977490912118255 0.0030602929724382333 0.8830454810011147 -0.05785844148964392 -0.4657070744920022 -0.4644817465634262 0.03389914061396809 -0.8849336446169416,-140.611991381273 -127.71694806843017 707.5011925518926,0.69
2,667,8,0.0,-0.594737263943961 0.8038598936567084 0.009841658736049586 0.3614687946000398 0.27832808815319665 -0.8898729043382436 -0.7180723483095875 -0.5256831238638084 -0.4561023524143922,-170.48159224805678 -130.80244235977128 932.7447484789127,0.69
2,669,8,0.0,-0.5758056288781868 0.8172440375608764 -0.023665604226228765 0.5755329311172227 0.3846045730935679 -0.7216932641746989 -0.5806976174841891 -0.4291753784022454 -0.6918083344550537,-159.7091375453716 -221.99288771231102 849.02827269014,0.69
2,679,8,0.0,0.7330678088485116 0.6801429359767757 0.004144185195459504 0.38366497617399825 -0.40847316855392735 -0.8282215021532104 -0.5616162156557163 0.6087325005389532 -0.5603855539716789,-268.91874666374486 -83.183287572033 635.580654027737,0.69
2,691,8,0.0,0.2523935269273856 0.9676165846939883 0.003956335463139449 0.9462591153074852 -0.24596404441577746 -0.20998898912116576 -0.20221571220518614 0.05674358007541741 -0.9776957460568058,-175.71876191736015 -109.1419645151055 674.1288745667555,0.69
2,695,8,0.0,0.4411168530633427 0.8487368559054339 0.2916533410939286 0.8587557136965708 -0.3047902473376217 -0.41187562360664715 -0.2606809278351335 0.4321442520219722 -0.8633057391836244,-133.88356388552972 -117.01737551192637 594.1749927614202,0.69
2,703,8,0.0,0.8545744719831032 0.5091524764558022 -0.10230458227139008 0.1298357725912905 -0.4002010569904439 -0.9071834357721453 -0.5028370948830472 0.7619730111379635 -0.40810781211209646,215.65431815616526 12.08090500440453 1185.4905777340946,0.69
2,708,8,0.0,0.9624464931123292 0.261757042809978 -0.07197220599060625 0.189274290769242 -0.8370742095631987 -0.5133049878366143 -0.19460727311583034 0.48040609719644645 -0.8551830161005883,129.2963160790575 -47.90411971449321 1052.695392460377,0.69
2,711,8,0.0,0.6785278896764754 0.7320972663344858 0.060278483364808066 0.3322848324071475 -0.23271337979908646 -0.9140192957561891 -0.6551234182070904 0.6402172096156576 -0.4011673359442398,156.13200420304113 136.10713879276835 1179.4756995480773,0.69
2,727,8,0.0,0.8694495305057206 0.4914324359701955 -0.05051410476076201 0.04468053539729952 -0.18005469409667324 -0.9826413164987333 -0.49199711753219877 0.8521000340395211 -0.1785059335984512,181.6288335376869 144.5859296811882 1175.3819494777956,0.69
2,736,8,0.0,0.7399780731952488 0.6713899761876201 0.04084055662002811 0.2634542499150043 -0.23343137293573904 -0.9360030194027465 -0.6188895777050776 0.7033813290130203 -0.3496146401452719,-30.283650087553433 97.8739622867518 1191.7228708619803,0.69
2,737,8,0.0,0.7025242259952071 0.7036954315416277 -0.10617180189333653 0.12462022393160027 -0.26852749565294753 -0.9551768338195783 -0.7006636223446122 0.6578037121404827 -0.27634175330037997,25.56389659999769 87.12812685975476 1167.2878069897472,0.69
2,739,8,0.0,0.7994631117294337 0.6005938203564787 -0.012074598689041371 0.16040164602890833 -0.23279831145414215 -0.9592060561398251 -0.5789041759523835 0.7649130729264014 -0.2824498998604559,-21.829131599597524 -47.03969287214525 1210.3048187757054,0.69
2,740,8,0.0,0.8932026457473383 0.44694117183508764 -0.04932162354012817 0.051646476085945775 -0.21093452818762184 -0.9761348607268207 -0.44667849191320963 0.8693389521567202 -0.21149021519965572,65.64515008639722 117.08582428177881 1239.0753475437057,0.69
2,750,8,0.0,0.9813621915384942 -0.16886783937997996 0.09171642078658407 -0.03681561409873589 -0.6336483601103575 -0.7727446967064787 0.18860768695177146 0.7549658327054226 -0.6280555165509739,107.44610043623268 -147.009451943039 1080.8509795217346,0.69
2,754,8,0.0,0.9948927862749258 0.07575379379167911 -0.06670612074077438 0.03272070151537283 -0.8672264906398167 -0.4968375686528643 -0.09548664571790595 0.4921174419371006 -0.8652760968793877,155.74527964208912 -267.2123728888324 1056.0328077353952,0.69
2,756,8,0.0,0.9994231177383797 -0.010190286101391824 -0.0323973733390314 -0.0306270666850995 -0.6826715119560123 -0.7300832757637712 -0.014677006382885797 0.730654340186154 -0.6825897894422189,120.1531978876563 -192.87333386001814 1129.8278225000163,0.69
2,757,8,0.0,0.9956989221984642 0.09252962152677256 -0.004682464407653179 0.05251938219370424 -0.605345997705019 -0.794227887672365 -0.07632411694090102 0.7905659315975027 -0.6076019560292448,173.52190998904453 -220.85493552631286 1133.5078600993493,0.69
2,758,8,0.0,0.9871206552966634 0.1592556914002509 0.015180139765946593 0.1295066758726793 -0.7397911202651369 -0.6602553440005331 -0.09391928870628442 0.6537176172733007 -0.7508877706258266,169.66884650378964 -275.88327571894837 1175.4752549224083,0.69
2,761,8,0.0,0.9646169380334397 0.259021076468799 0.04921630628090387 0.1763022606904529 -0.4948895740170789 -0.8508829663382795 -0.19603998503985542 0.8294530676741987 -0.523044866900952,187.3845915416933 -31.552468941048183 1216.4052738450432,0.69
2,762,8,0.0,0.9966823869613967 -0.0523493945217934 0.06231982360480668 0.011712674459032728 -0.6654751337707597 -0.7463281179145043 0.08054211803739281 0.7445820218256622 -0.6626541933739344,-59.335240133404376 -139.87871349270276 1159.2373151013282,0.69
2,764,8,0.0,0.9352777695381048 -0.13444727122940836 0.32738268901515505 -0.03658760260729034 -0.9568075800321384 -0.2884104750672105 0.3520182397877684 0.25776575810609326 -0.8997999626609862,44.13848376624557 -57.589309097275724 1126.3958342065068,0.69
2,768,8,0.0,0.9837000761270713 -0.17976388462000636 -0.004371042658170475 -0.16367227680499613 -0.8850477986679393 -0.4357772135833901 0.07446842306013496 0.4293894966802983 -0.9000439512088156,32.88746434322596 -198.99192078863248 1093.9135533267217,0.69
2,769,8,0.0,0.9991923843451201 0.01184927161005033 -0.03839497140283389 -0.011840768034235163 -0.8262731839487458 -0.5631451160221151 -0.03839759470425995 0.5631449371605087 -0.8254655683136723,56.056351089195026 -202.23957081588162 1082.2127012683136,0.69
2,770,8,0.0,0.9730374108755993 -0.2301027796766076 -0.015840070126406945 -0.2054867326692961 -0.8336538877712902 -0.5126367116201397 0.10475399626462059 0.5020696228501697 -0.8584594888972225,-13.544910753451143 -151.06291912013992 941.5464550432188,0.69
2,773,8,0.0,0.8915119910866897 0.45180266249848666 0.03287436551365409 0.42686236511241826 -0.8135699234288015 -0.39483224405142825 -0.15164066406897353 0.366030509454243 -0.9181648954024478,97.74063953168124 -78.47341959735661 975.1477425040499,0.69
2,775,8,0.0,0.9885939111407027 0.0997084487231446 0.1128729556127242 0.13849095935691294 -0.8963505819027653 -0.42116016964923936 0.059180512264848245 0.4319882632384799 -0.8999354462361575,180.52590536783302 -110.37376113159462 1031.9094360835109,0.69
2,785,8,0.0,0.9941661530624665 0.09758289133481576 -0.04594822546859802 0.01650352742939122 -0.5586083019846376 -0.82926738663487 -0.106589369485718 0.8236712598316013 -0.5569599285766074,235.18707515589975 -61.53741507983259 1143.9594783216953,0.69
2,788,8,0.0,0.9993778197644242 -0.00011704573841777623 0.035269812349965124 0.028849790887395275 -0.572545577366869 -0.819365151445552 0.020289478274716645 0.8198728853535369 -0.5721859740795872,88.77473880402044 -67.54350702153812 1069.8224445636954,0.69
2,791,8,0.0,0.9760049791541527 0.20458939610295554 -0.0745483713338521 0.087232350568645 -0.6810570261542943 -0.7270157110682945 -0.19951139737010254 0.7030679242634362 -0.6825618625379917,84.85264882754747 -152.9750540876016 1061.645338341111,0.69
2,794,8,0.0,0.9664123215227174 0.2384550052536739 0.0958458933838233 0.23837789785881996 -0.692359112350307 -0.6810395270158004 -0.0960375063268662 0.6810125329353091 -0.7259467799801524,-19.17474122875143 -98.0521215105717 1054.0467822716396,0.69
2,801,8,0.0,0.9373100340673051 0.3364864382797653 -0.09070158152173706 0.08549827462382767 -0.4743408726842039 -0.8761796514057697 -0.33784603752759207 0.8134971501824609 -0.47337346944238357,70.24783105887646 -9.922316634807741 1136.898083806235,0.69
2,803,8,0.0,0.98728960384172 0.15714311761507158 0.023775591102534563 0.09622787603074726 -0.47198572928825006 -0.8763387856433434 -0.12648886915721191 0.8674880471421232 -0.48110815212889,118.4338486381027 70.31975859467978 1221.7839975219654,0.69
2,804,8,0.0,0.9105802763136543 0.40862025309341765 -0.0622338264163497 0.1311020382728766 -0.42831967923249475 -0.8940662771533607 -0.39198956102075766 0.8059601362003235 -0.4435903999262266,236.51178467324456 14.487447546274815 1187.5788251981196,0.69
2,808,8,0.0,0.9800111390608135 -0.05251115801609056 -0.1918873252732869 -0.19158688260708112 -0.5089656775657764 -0.8391950938088895 -0.053596956346676425 0.8591836342388159 -0.5088524824804859,-18.719877563913162 -210.2711113708782 1203.1108190171171,0.69
2,809,8,0.0,0.7912463136817502 0.6094084793138178 0.05050323183185321 0.5141179925603457 -0.6182539140800798 -0.5945122264936035 -0.3310769711272019 0.4963702278189955 -0.8024989944692494,-0.3160928212377293 -113.1433828325204 974.0672919596291,0.69
2,819,8,0.0,0.9553414609351201 0.28585501681046466 0.07489727887339911 0.2946890413809361 -0.9027853544765521 -0.31326821197279353 -0.021933123542616312 0.32134951860386407 -0.9467066203342666,81.21528760343307 -20.670270807702856 952.0993328092763,0.69
2,821,8,0.0,0.9538223216277004 0.29737925809098076 -0.04229131851812907 0.2498112490544001 -0.863546892658092 -0.43804235414675863 -0.16678524698133368 0.4072497281003533 -0.8979589858961065,158.68492126260247 -110.93497295874226 1057.7096701007724,0.69
2,828,8,0.0,0.884218671397996 0.46583726279573334 -0.03395564374505622 0.223844379520599 -0.4864458582173669 -0.8445496556036284 -0.4099402821243606 0.7391657944021409 -0.5343995635081034,118.55275637349877 -106.42983719471066 1123.8252014474472,0.69
2,837,8,0.0,0.9090366147420557 -0.3652262106904982 0.20065454912102876 -0.24585730802328407 -0.8588317453828904 -0.44940206632159796 0.33646191039974727 0.3591905457375483 -0.8705030354357844,-33.283195721052515 -208.22172335593268 1046.610720742555,0.69
2,840,8,0.0,0.9975081915250416 -0.06546250503791944 -0.026307190549373076 -0.05984208203507317 -0.5875781629726924 -0.8069515646030707 0.0373675401672123 0.8065150729104797 -0.5900314433231971,73.60356692919716 -218.8737306578396 1056.8751221807331,0.69
2,844,8,0.0,0.9838532759376064 0.03340118889584866 -0.17583256810723227 -0.07182549412006518 -0.826165383883149 -0.558830794487578 -0.16393239405696827 0.5624367689381208 -0.8104264625030441,150.04616708562546 -291.4659912930337 989.6541642770875,0.69
2,850,8,0.0,0.9788398352869568 0.15089634809193614 -0.13821312885511122 -0.00014809634907998748 -0.6749138097980917 -0.7378965560370212 -0.20462784493532088 0.7223030122298693 -0.6606101752174149,7.040795554731034 -228.27375916960068 1031.686509474358,0.69
2,856,8,0.0,0.8109764626810119 0.57825519458973 0.089096054387315 0.4388822186496194 -0.5005364640999562 -0.7462209098246316 -0.38691029338928357 0.6442702678506179 -0.6597092138458517,167.71257040714198 -117.32374639155283 1010.5249878780485,0.69
2,867,8,0.0,0.831741522496606 -0.23957683132086477 -0.5008083282547142 -0.5329383128517007 -0.597250714057761 -0.5993899725990395 -0.15550818129542376 0.7654374739008722 -0.6244378905050855,-19.767673987950307 -123.31643971459305 985.0647626080108,0.69
2,871,8,0.0,0.9119665595126013 -0.2989536250344443 -0.2809692588336189 -0.4098810027142196 -0.6343090237383112 -0.655476640329872 0.017735781480784252 0.7129367380651073 -0.7010040296405937,-142.2263644946169 -144.0343147996931 962.4685473071105,0.69
2,877,8,0.0,0.8055974239132591 0.5718266968556468 0.15500651388725767 0.29307421715478166 -0.15724667080116722 -0.9430699803095531 -0.5148983334828656 0.805163159418704 -0.29426517444553,30.63483184186047 32.55300840759336 1053.9113596968161,0.69
2,883,8,0.0,0.9166221553998276 0.37678789030443294 -0.1335466583262562 -0.06372208119510361 -0.19208214192994216 -0.9793078918908855 -0.3946432827229418 0.9061651816702849 -0.15205703841032822,33.624192010798154 5.211266147708352 1028.4573795369229,0.69
2,886,8,0.0,0.8770697955396913 0.474954841856716 -0.07187817435651411 0.061973918272832246 -0.26026353307893785 -0.9635466396616101 -0.4763484094713405 0.8406430821377942 -0.2577040962964959,-4.545139271294559 -58.68192651073867 1033.8813383268625,0.69
2,894,8,0.0,0.9467267247988423 -0.263751315499955 -0.18478028066787905 -0.3220231726213918 -0.7698235520970284 -0.5510651276678349 0.003095940327309629 0.5812116156863669 -0.8137465655501919,32.92350828913521 -192.7780703939012 885.5976162231324,0.69
2,902,8,0.0,0.996163830897131 0.07308962332560451 0.048119943625004664 0.07647461667150571 -0.45983734397361087 -0.8847040466123354 -0.042535338452851616 0.8849901265265147 -0.46366283108880424,55.45345151900641 -276.15115435754166 1010.4945024295145,0.69
2,903,8,0.0,0.9626374382993619 0.2119570383967741 -0.1685330123700151 -0.07931639596421602 -0.37437410750597333 -0.923879287006887 -0.25891711360142056 0.9027282212843324 -0.3435748634302788,16.095107878449234 -49.43556556322966 1093.3290434883456,0.69
2,904,8,0.0,0.914107053746867 0.31712882628420935 -0.25266104137722134 -0.06747035958382287 -0.4954736605884945 -0.8659986156112879 -0.3998200155918308 0.8086625743798442 -0.43151917214593266,162.61060842201007 -123.0372837959334 1102.9398243304595,0.69
2,907,8,0.0,0.6927954039841447 0.7193444732004114 0.05077457133711702 0.5915290036399187 -0.5266011174206187 -0.6105609723722282 -0.4124657150251527 0.4530284671048589 -0.7903399533880412,168.58172193761771 -56.083466930605915 792.1432907434814,0.69
