scene_id,im_id,obj_id,score,R,t,time
2,17,10,0.0,0.03856024285960222 -0.9463141518991869 -0.32094023366653635 0.8306075199949321 0.20890881352914778 -0.5161862603341086 0.5555216065991285 -0.24667110399308265 0.7940712254302863,26.400000996658083 79.61188523563666 271.73900041831814,0.69
2,27,10,0.0,0.10005009896478465 0.644810353665143 -0.7577661812877176 -0.018827160415846922 0.7626780525454938 0.646504235249924 0.9948042600068684 -0.0504162272650997 0.08844596260169853,122.20047938051881 47.0859831709543 547.4279116120915,0.69
2,36,10,0.0,-0.18092679014210378 0.9669530603802918 -0.17963094285245615 0.7713570737505295 0.0262044907691954 -0.6358628699952111 -0.6101424107402261 -0.2536042264724986 -0.7506071775112404,381.3640181621877 -35.16881659845125 1136.3181134167878,0.69
2,39,10,0.0,-0.5644497351404966 -0.10387170428526206 -0.818906078588197 -0.19142490237782572 0.9814789790000036 0.007451210019211799 0.8029651320259574 0.160964849672174 -0.5738791805951416,60.237185752753064 350.7466052727898 1058.3547702964042,0.69
2,41,10,0.0,0.6544571362081064 0.17616689353849319 0.7352897949021742 -0.7503657661085936 0.270860679803005 0.602980687243727 -0.09293585916398184 -0.9463613040259261 0.309456310848238,148.92217273814495 21.434023686474028 519.508277303524,0.69
2,47,10,0.0,-0.9436087935762231 -0.2617527454112012 0.20270161557156768 0.1597955414944502 -0.896334709954221 -0.4135812769574777 0.2899445284948833 -0.35786811537350083 0.8876162359910386,778.8090536027618 196.36213228590665 2863.537849315515,0.69
2,61,10,0.0,-0.31315796652785405 -0.9472972975051146 -0.06752716593820499 0.946734217843131 -0.305773612374842 -0.10097929857250333 0.07500939117933414 -0.095552750430044 0.9925942086875986,900.1499428506426 -97.09303530807809 2475.0106312359385,0.69
2,62,10,0.0,-0.38465443391871074 -0.7535535494635283 0.53310225525465 -0.5896761331715897 0.6449320141998451 0.48615301606380334 -0.71015704209314 -0.12735676327171974 -0.692428502023475,-21.137125793858463 -156.32534637880795 515.4536461803415,0.69
2,64,10,0.0,-0.3317397535088783 -0.8670905923879367 -0.37162163625683237 -0.9315007637985494 0.23878422609886074 0.27438735468145514 -0.14918130909932176 0.43719103142528515 -0.8869097693997444,357.3920571127326 -157.95223519709708 2527.7433296663544,0.69
2,69,10,0.0,-0.4305117904268953 -0.7265370234374047 -0.5355404297325693 0.44888979511157573 0.34240879561373827 -0.8253812261803857 0.7830437728174054 -0.5957349832442824 0.1787240319342035,274.0394335327011 181.40945951885422 1306.702829823982,0.69
2,72,10,0.0,0.2202058918365022 0.8798645196283106 -0.4211268126108016 -0.10126889442254738 -0.4087703912615267 -0.907001311052158 -0.9701824448127918 0.2423740793219042 -0.0009107414197154773,256.1099582990677 -80.04300664593022 1177.4885747789233,0.69
2,79,10,0.0,-0.4056303549749318 0.7740532298708889 -0.4861127569292495 -0.2637261216190723 -0.6083243712699263 -0.7485920064326168 -0.8751642976599726 -0.17545100924615303 0.4508928868986882,1224.6745456987503 216.61017995946395 2238.361280234728,0.69
2,96,10,0.0,-0.22672644194282776 0.9461367035169871 -0.23112866283080208 0.22777707884916942 -0.17921837363256254 -0.957078041177123 -0.9469491659402236 -0.26964071059561523 -0.17487471033459057,464.47130502274564 126.85956903216011 1042.8779555107058,0.69
2,110,10,0.0,0.7087682631154362 -0.6130240815416454 -0.3490687964432652 -0.4618371907374388 -0.7772669276423068 0.42727336968882046 -0.5332484959679478 -0.1416248517863684 -0.8340194499557014,-102.61011783683242 -269.5672205850904 923.0938579358582,0.69
2,115,10,0.0,-0.5149209829095127 0.8523060960072355 -0.0918188437544632 0.3118468462579931 0.08646947245501035 -0.9461895025904145 -0.7985035540549867 -0.5158462455444038 -0.31031391383451956,420.7247125912412 -35.421506958750946 1016.3153704313845,0.69
2,119,10,0.0,-0.9994204076175168 0.018352914665087452 -0.028670880016709074 0.03402367237319129 0.5660613893319344 -0.8236606663097622 0.0011129042538553981 -0.8241587674901577 -0.566357738018318,-329.9708749648878 240.6885428118972 672.6052245602309,0.69
2,124,10,0.0,0.33425268443254486 0.6872144974046653 -0.6449894398410649 0.6182666567371923 0.3566423778945911 0.7003945712644455 0.7113518708182698 -0.6328842302084519 -0.30567313757803916,21.849052101350964 60.96104620263749 359.2835233482585,0.69
2,126,10,0.0,0.5463131463449162 0.8336615733856945 0.08093409164750376 0.7538632645349654 -0.44729750306825655 -0.48126408772480406 -0.36500975947966513 0.32393413652931274 -0.8728313414833392,116.980953198882 -45.884934323685926 292.737093656072,0.69
2,136,10,0.0,-0.2778301470032644 -0.9537606414127127 -0.11467802016147416 0.14672092750562982 0.07584661306648244 -0.9862658164603654 0.9493594571330886 -0.2908400422540788 0.11886417026847718,-205.98711114883568 60.51670356847812 776.7666303299092,0.69
2,166,10,0.0,0.016534749248680758 0.2149759747749158 -0.9764793558170382 -0.9963707503751267 -0.07801380970963379 -0.034046634069993864 -0.08349808299709788 0.9734984210383517 0.21290583451762407,162.2798201210565 107.862229231818 862.7396840968794,0.69
2,175,10,0.0,0.0921058241575562 -0.006114138333390959 0.9957304527173492 -0.19426418404601686 -0.9808764979504498 0.011946654987752173 0.9766155558627931 -0.19453512043047977 -0.09153219633498444,109.24079388128452 -42.54175381659006 870.2321518811898,0.69
2,217,10,0.0,-0.26483753480550853 0.9170055241721379 -0.2982648970226356 0.3120172831274176 -0.21117829558481838 -0.926309312542887 -0.9124178292799443 -0.3383852776225252 -0.23019363305791196,407.49565685350916 7.347091683169664 983.6923429797122,0.69
2,219,10,0.0,-0.502082045145972 0.8273817290250256 -0.2517004060735641 0.1916042152882957 -0.1773880253879654 -0.9653089210883297 -0.8433276021960827 -0.532891136091151 -0.06946648436251801,440.84812215091586 7.128531006721199 859.7105791292926,0.69
2,221,10,0.0,-0.41359042825377 0.8880446901499996 -0.20079737536445524 0.13416950346748396 -0.15868878445249612 -0.9781699310591577 -0.9005229047593135 -0.4315026048419405 -0.05351635281358358,447.61009270824843 64.22762595033898 1036.8866521076416,0.69
2,224,10,0.0,-0.8344698955110815 -0.20094890018073722 0.5131077206609512 -0.5086397428479236 -0.07735333606323325 -0.8574975646586331 0.21200378647873908 -0.9765428822719668 -0.03766156665138354,342.9347562674487 173.8260723740356 725.4182508855687,0.69
2,249,10,0.0,0.8513129132326687 0.5081086050615891 -0.13073625826706536 0.28058535572866933 -0.6514732828762947 -0.7048790107876666 -0.4433262702727222 0.5633899246177105 -0.6971754520386728,45.51460483630779 -146.1766397381457 1066.5034558124348,0.69
2,254,10,0.0,0.9412312078948187 -0.2187930180006846 0.25731970107050284 -0.2708948603301773 -0.9440326517488562 0.188197574582449 0.20174188442550683 -0.24684401492881053 -0.9478228971502379,20.717318183923346 -130.64778871831888 266.13515012620104,0.69
2,263,10,0.0,-0.12549851252550626 0.9603329541025634 0.2490195587068002 -0.02822109963028746 0.2474468283496924 -0.9684903905952476 -0.9916923378193172 -0.1285717091911049 -0.0039525569110639425,405.601181020036 117.80777864846691 895.9954805666719,0.69
2,266,10,0.0,-0.6283881813710761 0.15564793221276813 0.7621692821880457 0.2574201341808824 -0.8829703103081723 0.3925535703984699 0.7340729991161968 0.442873743082811 0.5147811959040196,98.89630708774004 -177.66439343350123 580.6274353292753,0.69
2,268,10,0.0,0.876716825501898 0.47882145792856895 0.04579977411553189 0.4736001148233478 -0.8759399341990667 0.09182680934589085 0.08408649785301932 -0.05881533050569818 -0.9947211758962005,140.41355949407847 -212.95638911071717 622.6733564984371,0.69
2,277,10,0.0,0.8035194414967131 0.5946679176593004 0.02695505228267664 -0.09447557401036794 0.1721018038034694 -0.9805382884125452 -0.5877336752749682 0.785334983834506 0.19446873813915322,557.5841250153702 0.8796876524213241 925.0687784543071,0.69
2,307,10,0.0,0.8501225512702101 0.5160442498920502 -0.1048331053397768 0.36783767316349697 -0.7244107378901878 -0.5830304700708686 -0.37681174878643825 0.45708578514622933 -0.8056584207924357,-52.71932339973007 -366.7085541453213 904.1729346634518,0.69
2,310,10,0.0,0.9623090551891037 -0.2003021961901028 -0.18395736599135554 -0.27109886748109807 -0.760249573521043 -0.590360898105166 -0.02160292460575626 0.617980271661235 -0.785896747344067,-89.17805065836401 -296.44154030665925 869.8299277398177,0.69
2,322,10,0.0,0.11132891900110775 0.9911690072098234 0.07204075888507816 -0.2780535440940526 -0.03852903284246101 0.9597925506300626 0.9540922903004623 -0.12688385545418185 0.27130865967436574,543.2173058356711 -18.65869407282009 2438.3776221637704,0.69
2,338,10,0.0,-0.17254058154565058 0.9374041774269579 0.3024948856797037 -0.9180740807859473 -0.04177614339893465 -0.39420139019509975 -0.35688896019480115 -0.34572845122321066 0.8678145585929482,411.10459559870446 -51.49541989119598 911.1782192375283,0.69
2,342,10,0.0,-0.10213576925077517 -0.9933460080417904 -0.05321647251548933 -0.5070334553823199 0.005958313317070307 0.861905780016285 -0.8558535854704458 0.1150139418064397 -0.5042682157617386,-295.8759746498457 -71.29358029214235 990.5553117242241,0.69
2,356,10,0.0,0.017011466354324156 0.9829274080289196 -0.18320567829089146 -0.15068068039360744 -0.1786192613531533 -0.9723119314447259 -0.9884361095025795 0.04414600796452367 0.14506959506457928,386.28288175231535 44.79892781913431 796.4578206961289,0.69
2,362,10,0.0,-0.20755885642324268 0.9760410575295526 -0.06529299454664605 0.16177407830605928 -0.03157889886972687 -0.986322422301349 -0.9647530609998087 -0.21528266805009688 -0.15134366233420893,359.6371028606375 12.639390253156233 832.910007420799,0.69
2,365,10,0.0,0.18977840755771425 0.8717992112057225 -0.45160855989002097 0.1287536628819808 -0.4780934229647848 -0.8688205644506171 -0.9733481650053755 0.10673712690013565 -0.2029791502144317,202.69522074416832 -259.6295470945652 912.9317383109387,0.69
2,368,10,0.0,0.3955481021622777 -0.9082134799870849 -0.13671127841392383 -0.3855313901306036 -0.02908580829427282 -0.9222361752717322 0.8336109680779067 0.41749525808758337 -0.36164964174542935,-94.66919355686689 -163.01144910468705 549.5788604988797,0.69
2,387,10,0.0,-0.30125184616815937 0.8599223034368912 -0.4120448485687779 0.629423577775176 -0.14527397890732463 -0.7633619264759878 -0.7162913408111066 -0.48931493243536484 -0.4974913184918926,255.5498716785098 -216.09099532453453 673.7725698299416,0.69
2,402,10,0.0,-0.05949057525133761 0.997804370404859 -0.029108587345099968 0.9542774376638145 0.04828962081000887 -0.29499607537696115 -0.29294273061820325 -0.04532715436675763 -0.9550549752003613,450.1681452737332 -139.14943822443402 1057.0926884592225,0.69
2,415,10,0.0,0.3157117135617741 -0.9023157256566947 0.2935173677187111 0.1459806089169174 -0.2594659173952842 -0.9546554873515732 0.9375584119083646 0.34424376384018396 0.04980416967493151,7031.573912827186 -1387.279213119972 13127.306403569559,0.69
2,417,10,0.0,-0.17536998955701685 -0.9186232921790861 0.354085602402624 0.09021284750368365 0.34315190760930087 0.934937650567873 -0.9803606524682886 0.19590307646934768 0.022693076516770196,-33.07272210261441 -35.646723742246316 310.3520970275667,0.69
2,425,10,0.0,-0.1886168229598426 0.8332326878466856 -0.5197566565233417 0.5343659347748553 -0.3569658452800538 -0.766177807728527 -0.8239397683379109 -0.4222542755346407 -0.37792140048426104,412.71159416889225 -370.8051884332598 1220.9768705533074,0.69
2,428,10,0.0,-0.7757267491816338 0.5958138440271521 -0.20797565691609948 0.4451424700017168 0.28300939904170774 -0.8495609815986268 -0.4473211285026287 -0.7516059761069228 -0.48476000729793567,504.9453871839746 -58.62457031149138 914.6646415867428,0.69
2,438,10,0.0,0.4325437572662024 -0.8783223694609043 -0.2036067615640983 -0.4130203803453273 0.007711380920222999 -0.9106891346797241 0.8014487279105494 0.47800664211795874 -0.35942952942360745,425.4762245228177 -96.19849774686053 1050.8690543480134,0.69
2,442,10,0.0,-0.8347945826474517 0.5382207723488724 -0.1159155079989321 0.23154466893878214 0.1521966356005061 -0.9608450709650942 -0.49950482587107903 -0.8289478779296504 -0.25167507744596573,499.550238810541 33.843791755283654 950.9694980681602,0.69
2,446,10,0.0,0.26090058432080143 0.9645911566230976 -0.038662458090241325 0.5622999886060005 -0.18440002989307946 -0.806111252736943 -0.7846971440720021 0.18857499712301878 -0.5904996719264941,246.5985870097457 -198.5327821977161 1095.5286923745177,0.69
2,453,10,0.0,0.11695690002454118 0.9635621083915153 0.24056006902382449 0.911991332016179 -0.008306567850283053 -0.41012536041789016 -0.3931830284536772 0.2673556885548657 -0.8797318011379085,198.3805568498035 -150.69853553128402 1230.5290125921604,0.69
2,473,10,0.0,0.07796866674222691 0.9798779403095625 -0.18373924213713255 0.48452210080014074 -0.19831448686794984 -0.8520033439690946 -0.8712974353472279 -0.022596158810519684 -0.4902348343032678,138.62574492130568 -198.98997876878383 1191.2078243785836,0.69
2,474,10,0.0,-0.013571323478434372 0.9791303662896025 -0.20277954775724444 0.6478102792079035 -0.14587199319168875 -0.7477052920468481 -0.761680813288363 -0.14151002583517797 -0.6323110399609556,343.33464518967884 -212.29553593136885 985.021161455631,0.69
2,476,10,0.0,0.22970452377909756 0.9251620637014063 -0.3021770799434891 0.5557728453163856 -0.37956730642316805 -0.7396250430478879 -0.7989695714883938 0.0019534027788196684 -0.6013682798861578,413.2669928717343 -346.7432956954028 1097.6773716618573,0.69
2,477,10,0.0,-0.20485373766783443 0.6052022266041958 -0.7692627711496522 0.5380356805460415 -0.586913491339491 -0.6050207931493327 -0.8176506299287469 -0.5378315894376354 -0.20538896947039453,106.53969546462042 -111.79594674497572 399.5799092950371,0.69
2,480,10,0.0,0.043042623905264144 -0.9457219633308945 0.3221138006992379 -0.5368329325181448 -0.29380667213835 -0.7908780196534465 0.842589897335186 -0.13887983107905377 -0.5203409050114496,-9.402487447968973 -51.38809851412705 205.13998342388982,0.69
2,491,10,0.0,-0.4014087950566887 -0.9153934277610168 0.030427810684855505 -0.6086439988380018 0.24177633920143982 -0.7557093915526237 0.6844146856472497 -0.3218681006472782 -0.654199865374558,72.0753684818409 -275.8476379357434 1368.5798696940362,0.69
2,494,10,0.0,0.15281224323309034 0.9780568794903279 0.14160917625532926 -0.07791439646054782 0.1547695200580167 -0.9848734652153034 -0.9851790523261541 0.13946733001908818 0.09985538901375002,296.5133158086528 164.55350924298645 1058.3440543215195,0.69
2,499,10,0.0,-0.19299383913369927 0.9802520740147109 0.043119014904026476 0.008421597394406455 0.04559842473718323 -0.9989243516697419 -0.9811638266639077 -0.19242311464932 -0.0170555033608617,360.23372205837796 244.3388223795029 1205.1893350720547,0.69
2,501,10,0.0,-0.23769784856691212 0.9711288199196856 -0.02021256807188826 0.11012396005104408 0.00626795881663933 -0.9938980964439713 -0.9650763939758022 -0.23847332725835912 -0.10843443169487388,457.512157063003 -130.395559521777 1113.2505965014075,0.69
2,503,10,0.0,-0.23836341911634706 -0.578179460368525 -0.780314931316277 0.5297603640396124 0.5960011702790561 -0.6034372889692959 0.8139636583532354 -0.5572172975006765 0.1642316846599964,338.61252217729276 33.12825453668966 1353.026455869759,0.69
2,521,10,0.0,0.0706571893653063 -0.9972840121222697 0.020788476526771293 -0.5062046577760029 -0.05380646880953355 -0.8607332387912812 0.8595140522625999 0.05029376780037015 -0.5086316259175863,295.12822174597545 -205.83665539496985 1110.2855924406847,0.69
2,527,10,0.0,-0.16103862430950427 -0.08730140610550796 0.9830793589392992 0.8670230405755003 0.46337589486327896 0.18317703778276911 -0.47152689063479375 0.8818510330841922 0.001070913921146166,-51.075675197155284 17.27612977430381 317.63751939726967,0.69
2,529,10,0.0,0.8995626940017938 0.35778414204777476 0.25055431997747046 -0.37627873907405207 0.9260663864511407 0.02855448136751851 -0.22181359309356216 -0.11996480977546817 0.9676813392509227,-21.093342980203733 26.321455925194464 369.2469504142294,0.69
2,535,10,0.0,0.7491479853632654 0.6300479062496804 -0.2044918870189082 0.6087610024759211 -0.7765511665785588 -0.16241406204510433 -0.2611270531574077 -0.0028145187640690045 -0.9653003369902319,137.79148591106133 -411.04755918170974 1061.3229761773007,0.69
2,540,10,0.0,0.23658824798144285 -0.9663214787335348 0.10123636034205025 -0.6317001772208708 -0.23214935208494492 -0.7396361027056889 0.738228207952115 0.1110381829136926 -0.6653492578481126,387.1480655269337 -100.48383754355217 1165.0177397652737,0.69
2,543,10,0.0,0.7196424887652052 0.6795719871779792 0.14246614547602038 0.5826925807679554 -0.4794906892810681 -0.6561692123307419 -0.37760302525509754 0.5552212109922845 -0.7410434280003159,-49.512014510355854 -87.52177384717012 838.2505886223665,0.69
2,560,10,0.0,-0.502301187140201 0.8300000356652142 0.242473623706348 -0.03854930571177695 0.25864224369901756 -0.9652036784034121 -0.8638330095722693 -0.494170143341421 -0.09792038093897781,512.8657149715574 40.507393794188644 923.4876323707307,0.69
2,563,10,0.0,-0.10664625625525048 0.9878611679861407 -0.11294639795849087 0.4576426751219529 -0.052078615251297644 -0.8876097113826158 -0.882717258205572 -0.14634934444187198 -0.44653343821876545,285.30525957415773 -171.60629555826503 1039.369351652925,0.69
2,571,10,0.0,-0.7831131272029765 0.6215031052767926 0.02162683827281986 0.20485380089132565 0.29064553606864496 -0.9346443669245258 -0.5871701203763283 -0.7275019329834626 -0.3549256080400145,456.5466727880619 55.88466003137857 850.6803328931319,0.69
2,575,10,0.0,-0.5259263241497603 0.8474202786092686 -0.07266617485536814 0.16052540299600376 0.01499727644570592 -0.9869177659218529 -0.8352443334493755 -0.5307107998722096 -0.1439199442040867,337.6195399262033 18.82056781783669 980.0338888415016,0.69
2,589,10,0.0,-0.22889361733368363 0.9724901206098898 0.04325132668558418 0.8075137207224715 0.2145006856857753 -0.5494643270361442 -0.5436260689010891 -0.09084283767306212 -0.8343969535267096,348.15786933666277 -167.6373077113762 819.0243426952981,0.69
2,603,10,0.0,0.6514556388991923 -0.7585000032747446 -0.016831386712255147 -0.19978803892403424 -0.1501063478187223 -0.9682731142851242 0.7319086623680127 0.6341496900391399 -0.2493268548992049,9.602819589970457 12.723645133486178 99.48260930592164,0.69
2,607,10,0.0,0.3284477210607236 0.942384808138752 -0.0635056526563153 -0.9373249818956817 0.33349180630485736 0.10102026253075912 0.11637857553809924 0.026345559717170355 0.9928554470006759,1009.9016942724792 -631.6377085669135 2663.2490424486596,0.69
2,611,10,0.0,-0.14709287778605495 -0.7763967638890152 -0.6128390900777146 0.13582800521413463 0.597853934064184 -0.7900135609744474 0.979752233120275 -0.19944607929624183 0.017516368036539283,103.15356356640099 -41.06763480460929 923.0354912064557,0.69
2,615,10,0.0,0.18265076476244824 0.6588699091178591 -0.729745942770987 0.8691471538287336 -0.4551638224729345 -0.19341437305236303 -0.4595888631408559 -0.5989293260234059 -0.6557909265200644,202.53808517873912 -352.79066361727286 1000.4507305267674,0.69
2,625,10,0.0,0.09496515001393657 -0.7388867088507416 -0.6671042285629358 -0.27282537706410287 0.6251564605947126 -0.7312630945196958 0.957365099589838 0.25144747216945884 -0.1422189678872991,55.2590400368806 -180.31677633718152 1129.1035762078268,0.69
2,642,10,0.0,-0.3657585026085332 -0.553466022396754 -0.7482620395435543 -0.8077693491793909 0.5881281767750903 -0.040173700470730545 0.4623087672712548 0.5897292681693223 -0.6621857699834757,235.44801443442185 -405.9653629998396 1090.758928640142,0.69
2,648,10,0.0,0.12048180302145328 -0.9583877775622196 0.25879915564013894 -0.2376495912302643 -0.28096297597179093 -0.9298292735342133 0.963849991922388 0.050523993828913705 -0.2616113895050978,481.24510593232355 -147.54272354019835 1784.9124127269813,0.69
2,649,10,0.0,-0.29139094277182526 -0.458720030331291 -0.8394446093956445 -0.7531637407544438 0.6510358944138305 -0.09432202180592164 0.589775972792483 0.6047546593104044 -0.5351972570548515,251.7768192253088 -320.29030384331014 1009.0139188762248,0.69
2,652,10,0.0,-0.3966955342042491 0.520413346996171 -0.7561763031268887 0.900565361066389 0.061077309038452654 -0.43040863463455914 -0.1778051843725873 -0.8517273686977916 -0.4928953294781421,479.6078801773871 -213.95356964508036 850.2039982514729,0.69
2,667,10,0.0,0.25618058297737445 -0.6350644172379659 -0.7287418574938419 -0.6023581558205467 0.4847435552551933 -0.634183205197855 0.7560001064959198 0.6014290245712769 -0.25835434461491097,122.27067712077869 -45.21586769794625 495.50550051327707,0.69
2,669,10,0.0,0.632197937203671 -0.7610247201405673 -0.14548932445507526 -0.6675805564135038 -0.439708732904172 -0.6008264565633274 0.3932708594519301 0.47696709062867065 -0.7860282600283285,154.7204555848654 -126.4724083576032 724.8883218526354,0.69
2,679,10,0.0,0.0415104867543481 0.7439255568754336 -0.6669719974009352 0.27133826153867957 -0.6508532141928244 -0.7090596881786726 -0.9615884916712472 -0.15154160947556744 -0.2288727010435505,92.15522867346576 -283.5308618201364 1016.6201159426638,0.69
2,691,10,0.0,-0.1952696244914668 0.9253022442777988 -0.3250931104859497 0.42553211054861284 -0.21871321257088194 -0.8781155695800906 -0.8836244658467783 -0.3098068549619142 -0.35103777001286174,809.1595634843187 -619.2500046381455 1601.9629796533343,0.69
2,695,10,0.0,-0.04906860669497448 -0.8075557385792155 -0.5877465448003855 -0.8745711076757888 0.31895713685486027 -0.36522831553439766 0.4824081772272911 0.4961049021498654 -0.7219156991000506,341.2828712402217 -340.2392771818535 931.1649388796036,0.69
2,703,10,0.0,-0.39440711064108946 0.4361771140095789 -0.8088217085922106 0.5984257156025161 -0.5460436777092756 -0.5862789139474024 -0.6973734250610389 -0.7152522822389341 -0.04565609237147206,548.9681092118043 -25.188575689002754 1167.8906768881914,0.69
2,708,10,0.0,-0.1667309959112705 0.4807571240191587 -0.8608561800366324 0.8899777268929084 -0.3024423965650518 -0.34127443853080985 -0.42442952375744014 -0.8230438533060161 -0.37743661043706067,450.5057167848987 -169.50135489967525 1148.9414317657008,0.69
2,711,10,0.0,-0.7374924014979178 0.38135647647336074 -0.5573797588580491 0.28143012449805554 -0.576702792595965 -0.7669491339306828 -0.6139234828200033 -0.7224826135374044 0.3179887268101165,479.51637901297147 225.37163769871304 1022.1784753982399,0.69
2,727,10,0.0,-0.7978562702399061 0.4065855230535905 -0.44509952199716424 0.30018990326409756 -0.37232895231958063 -0.8782124875238881 -0.5227919222952451 -0.8343017222251443 0.17501212036599256,448.1293134326034 144.14319731678995 919.5239639194832,0.69
2,736,10,0.0,-0.6652654293829249 0.3957899281634408 -0.6330657479538211 0.3073841931373404 -0.6275294025350301 -0.7153473329532545 -0.6803946401003309 -0.6704902547527491 0.2958140497074718,320.60276544970566 157.33268217171766 1026.364478861239,0.69
2,737,10,0.0,-0.7031255354136752 0.3697353548074862 -0.6073798225613154 0.24935647413546835 -0.6717269374185002 -0.6975702619472034 -0.6659097763631048 -0.6419335549352011 0.38011245808615024,412.6502421603601 122.84695736658689 1081.7477096326004,0.69
2,739,10,0.0,-0.7427334346478809 -0.479531716983203 -0.46732898204937307 0.47544632005848636 0.11375450838479984 -0.8723592772275515 0.471484720642149 -0.8701202469942151 0.14350231347166809,282.4991015284039 -15.913760800514941 794.6584673950383,0.69
2,740,10,0.0,-0.9475375721629272 0.23071142782613593 -0.2212346862723184 0.18895673724231546 -0.1539545146312904 -0.9698419246843181 -0.2578136939542274 -0.9607654471800439 0.10228320837071259,353.9718703646281 104.1090520102585 873.0837035759274,0.69
2,750,10,0.0,-0.17013569004375095 0.3619962915091406 -0.916521975681416 0.6445423169200224 -0.6626592308612216 -0.381376382926085 -0.745398583760867 -0.6556229317893354 -0.12057994293932195,421.94190190163334 -222.55572841241755 1209.5159637747258,0.69
2,754,10,0.0,-0.016670872968484685 0.43517432768987785 -0.9001918609463937 0.9341557432699805 -0.31420705268028193 -0.1691950807845216 -0.35647598700358335 -0.8437400266466167 -0.40128249167411695,445.4519087876688 -421.7647636724468 1117.388853368166,0.69
2,756,10,0.0,-0.07474163218925536 -0.3581691481482053 -0.9306602762192416 -0.6014540564285525 0.7606003926289817 -0.24441779955289283 0.7954034865546703 0.5414812130142905 -0.2722708018301759,423.9040020302435 -264.88855317889846 1283.7421208692865,0.69
2,757,10,0.0,0.499539339679212 -0.35903466013785157 -0.7883873165726056 -0.31949010208416617 0.7695643774095362 -0.5528984931183314 0.8052245170032428 0.5280764924156063 0.26971966071260756,546.8047227060324 -253.39182069563176 1309.7182275321393,0.69
2,758,10,0.0,-0.2894506856697969 0.3978704423049849 -0.8705845230104429 0.6850520302258748 -0.5491179239758274 -0.4787204000790908 -0.6685222632408675 -0.734961643018541 -0.11361939465951765,464.3500601475667 -290.9173483084242 1211.6052027539151,0.69
2,761,10,0.0,-0.6733371673287113 0.3395405692343931 -0.6567566223021518 0.4515523602108665 -0.5145150562141555 -0.7289545410496737 -0.5854208102568125 -0.7873921886664413 0.19312176507408096,429.9806012485041 8.07573211153736 981.8607393771057,0.69
2,762,10,0.0,-0.11366060783125476 0.5333543285463724 -0.8382209890287153 0.5786699781921352 -0.6502705394896428 -0.4922288916865433 -0.807602824763846 -0.5410003564626341 -0.2347259928954596,256.8026437016895 -131.26209987804862 1206.634024106881,0.69
2,764,10,0.0,0.004044898709690173 -0.4699150615388188 -0.8827023698469357 -0.06645130710996774 0.8806321687645252 -0.46911747688661676 0.997781470352003 0.060554258942346895 -0.02766440214676817,210.18932872640235 -55.1793107923284 883.7846426807303,0.69
2,768,10,0.0,-0.2734156097431075 -0.39209534254765843 -0.8783536569635486 -0.8156497070446397 0.5785296601035151 -0.004357496816376039 0.5098621968206687 0.7152374953349032 -0.47799149105424055,270.9078290933485 -398.2706197198755 1251.6677519686716,0.69
2,769,10,0.0,-0.03809648527265613 -0.3526794988862889 -0.9349683571518272 -0.8275472721711867 0.5355736809248198 -0.16830432146165253 0.560101928341528 0.7673187104234822 -0.31226243210182414,315.8232813747588 -367.11091453095275 1152.2953505614878,0.69
2,770,10,0.0,-0.3930932800412317 -0.35948759610692127 -0.8463133825195562 -0.8357645149730804 0.5234412976752811 0.16585199245058535 0.3833736411103891 0.7725139973704582 -0.506208233011355,181.1745066534957 -369.53643259072834 1062.958782745314,0.69
2,773,10,0.0,0.36511301733837964 -0.7202104624401677 -0.589906242009511 -0.8469584047645393 0.006071923717865024 -0.5316244843318177 0.3864633814073083 0.6937290692583699 -0.6077713659733776,389.74469413888835 -125.18048637994147 1139.0707171728684,0.69
2,775,10,0.0,0.03740569478147937 0.6454889409200237 -0.7628530927694147 0.987680295420627 -0.1399579683992569 -0.0699957221505419 -0.15194883361098277 -0.750836729410262 -0.6427719329068149,458.58261957385866 -298.5577849997805 1135.2307343429757,0.69
2,785,10,0.0,-0.7606416600493332 0.17579250495873983 -0.6249170026473323 0.6358146014944563 0.007466572987208098 -0.7718057027609162 -0.13101166941856826 -0.9843989259889292 -0.1174508279579235,1239.7706134005748 -288.8947134172635 3571.780519332297,0.69
2,788,10,0.0,-0.13852740940492236 0.5349320865616187 -0.8334613486001581 0.5313371622968692 -0.6700564923515315 -0.518367743035649 -0.8357577261418956 -0.5146571284111345 -0.19140810685478649,405.65372397573793 -65.36544473271539 1202.3589065359668,0.69
2,791,10,0.0,-0.4734948134371838 0.5357854503529689 -0.6990969981613085 0.3638027163424769 -0.6038770239297864 -0.7092109161254777 -0.8021535047794291 -0.590141077336403 0.09101243656944868,415.23323517170974 -170.78643212784255 1402.4288029794104,0.69
2,794,10,0.0,0.3441162354076341 -0.2007098811151244 -0.9172238331790283 -0.5504442341342777 0.7482809766935908 -0.37025224513406224 0.7606544298413085 0.6322903791306949 0.14701603593334953,158.4368005516859 -68.98996914234853 849.6294256591164,0.69
2,801,10,0.0,-0.5063486129464041 0.5300273701858146 -0.6802073720720482 0.5127887447670744 -0.44911008835596977 -0.7316746761895624 -0.6932955974239706 -0.7192851419227303 -0.0443857995504956,313.2324750731087 -0.2856484271792006 1188.3244904536793,0.69
2,803,10,0.0,-0.27264234379307906 0.698328478956145 -0.6618183193670399 0.10826398533933063 -0.6612412526586455 -0.7423199547775006 -0.9560047394492672 -0.27403894114016386 0.10467854072977956,438.77188226346533 153.68496292793245 1332.6100908630578,0.69
2,804,10,0.0,-0.5003662101598969 0.41245305267020516 -0.7612595714165116 0.504687560807502 -0.5754762149833421 -0.6435196904171778 -0.7035084375445655 -0.7061937448968769 0.07978892762864298,493.1108912398648 55.838598552456524 1090.2401812954515,0.69
2,808,10,0.0,-0.43558556297140644 0.7837790768109887 0.4426686978816068 -0.8354221878089936 -0.16889390037123758 -0.523014931463553 -0.33516411718338457 -0.5976330054228136 0.7283541757839913,151.45326708077246 -129.3793884104534 991.5388801309548,0.69
2,809,10,0.0,-0.4785312258382475 0.48583570989386743 -0.7314174792070981 0.6756212622492299 -0.3283184690644697 -0.6601082432964458 -0.5608420240089905 -0.8100436073836299 -0.1711302960974883,332.8590424856115 -83.11907342499954 1012.4576759003531,0.69
2,819,10,0.0,0.19043942906198108 -0.663335754248073 -0.7236839786776319 -0.9330110633903871 0.10697541213192607 -0.3435791274078564 0.30532471149529666 0.7406361713657692 -0.5985272610457848,401.8084167364919 -140.1062254144461 1027.4182643009972,0.69
2,821,10,0.0,0.22684922357161358 -0.5086623848806807 -0.8305432005455553 -0.7572538210197367 0.44415067514780165 -0.478849483989239 0.612459043786574 0.73755864578571 -0.2844312987538206,439.55599160785374 -151.3970652355325 1107.7505750499038,0.69
2,828,10,0.0,-0.5260225284957034 0.36470394531080136 -0.7683041922244881 0.5425403284405536 -0.5517945174887211 -0.6333820351770376 -0.6549429681511233 -0.7500092284393078 0.09238974902699637,462.8713432205397 -83.70542188844664 1027.6624729153125,0.69
2,837,10,0.0,-0.512686855326328 -0.3982459451359278 -0.7606262916560224 -0.7315061462600266 0.6664264446983731 0.14413379822404676 0.44950077459266435 0.630298311111078 -0.6329874348287787,181.33714398482098 -392.4956311394403 1213.0503476425931,0.69
2,840,10,0.0,-0.10575469353789951 -0.3502186762026297 -0.9306786897923378 -0.775034644387638 0.6154068931164514 -0.14351186676956068 0.6230066169741959 0.7061311738930907 -0.33651377455125564,363.969919734444 -299.0265520704228 1122.2840220122423,0.69
2,844,10,0.0,-0.2388616673537043 -0.4129841182214342 -0.8788567698811183 -0.569383040660034 0.7927088024491225 -0.2177514811164609 0.786605400997058 0.44839365809135023 -0.4244938992561787,370.30884146569076 -409.57438873457244 1178.6486009343382,0.69
2,850,10,0.0,0.009591184891328042 0.5725911388812877 -0.8197849698835731 0.397899899832681 -0.7543078568129803 -0.5222023811352751 -0.9173786998211388 -0.321183817812851 -0.23506866292561956,283.9149022774061 -235.58301670573854 1174.0294853264172,0.69
2,856,10,0.0,-0.5517536970534953 0.5114076234552544 -0.6588096086576516 0.5227512328070062 -0.4034388720701293 -0.7509781788451224 -0.6498453711357453 -0.7587485216951861 -0.044740076428350206,500.0674169827877 -33.7437833768643 1016.0227442562941,0.69
2,871,10,0.0,-0.19459872364300934 -0.12169993841341771 -0.9733038897213356 0.11497371756097345 -0.9882631752770484 0.10058300384028779 -0.974121337938309 -0.0923310423503178 0.20630704687863333,281.86350498644856 -555.9091604805673 2263.0247764892547,0.69
2,877,10,0.0,-0.6297595115171435 0.5378498159266145 -0.5604645690508863 0.1693870809568929 -0.6090662148091329 -0.7748202131997965 -0.758096942652186 -0.5828858563096053 0.2924604316067839,372.5553128899476 141.42013389153564 958.6413305370568,0.69
2,883,10,0.0,0.1369108788862511 0.9054685552363224 -0.40172391853216965 0.09332389662347257 -0.4155292374292151 -0.9047795881652649 -0.9861775000280657 0.08638372716977427 -0.14139232694404724,457.7324590248187 23.029704022094062 1308.4013569063818,0.69
2,886,10,0.0,-0.5002482458586702 -0.5603876083639764 -0.6600889492389841 0.6794913955001055 0.21845049022928986 -0.7004076147215296 0.5366965026499082 -0.798902441923096 0.27149908348403606,1240.9804300529597 -245.91514969083454 3161.6983328781894,0.69
2,894,10,0.0,-0.53508541062838 -0.3595010243264868 -0.7644884674348363 -0.6723673852462869 0.7291117843202353 0.127742339192745 0.511474048794002 0.5823701739216818 -0.6318538422267455,205.8021787311676 -404.80545251737067 1100.8457566714894,0.69
2,902,10,0.0,-0.5134779605785125 0.8516705019122807 0.10487011095929677 0.23159408601202724 0.2552206297507478 -0.9387367093460685 -0.8262593801733116 -0.4577333135376048 -0.32829201993575696,426.08682285105175 -436.1665760608248 1818.2005429352937,0.69
2,903,10,0.0,0.5566782728836928 0.7833527731550097 -0.2765279972978947 -0.33994311571960545 -0.08891989416524113 -0.9362328398942698 -0.7579894317034213 0.6151842693144861 0.2167956093050001,253.268518495061 -43.92825246753824 1509.5969975096364,0.69
2,904,10,0.0,-0.3563410591051944 -0.8033947072255354 -0.47705135362745255 0.35797474065310064 -0.5889967523935636 0.7245253002650636 -0.8630614894954669 0.08740577825196388 0.4974787385185774,407.10490179670967 -130.01949061435266 1296.7483193848202,0.69
2,909,10,0.0,-0.17646268030853407 0.17273535167903015 0.9690322083081914 0.33919303910616844 0.9348525730898851 -0.10487491982901571 -0.9240178595028613 0.31018247027764634 -0.2235572196378539,51.074159077057175 4.835760479418497 360.0219862945766,0.69
2,918,10,0.0,0.14640963406523017 -0.5035688386412285 -0.8514591263251629 -0.8570811896974995 0.36520734050099196 -0.36336680188331905 0.4939393214956712 0.7829700014647539 -0.37812950623652614,365.0799390570898 -234.78767573369836 945.2686153792907,0.69
2,925,10,0.0,-0.09056764471254242 0.6199843492851967 -0.7793695582794045 0.4844787600833965 -0.6563108176621993 -0.5783912530870692 -0.8701021967328191 -0.4299715307563823 -0.24092872385777508,328.77833948241926 -149.68457669102696 996.5674618060935,0.69
2,934,10,0.0,0.19724514549099684 -0.4947527518297388 -0.8463533937647657 -0.6118353503141847 0.6124236176997194 -0.5005944632030074 0.7659972954822717 0.616568752890129 -0.18190963765935134,347.6287190845419 -193.3479473085713 893.8020864636632,0.69
2,942,10,0.0,0.041694550803455854 0.6486124027781887 -0.7599759965917359 0.7530495490985475 -0.5203013931259789 -0.40274413330753767 -0.6566414097784055 -0.5555073458321411 -0.5101310103206411,250.0261541662248 -252.83858474979348 985.4066902269493,0.69
2,952,10,0.0,-0.2810384662814728 0.7990956059022704 -0.5314730408006043 0.2219276182281208 -0.48466842020212925 -0.8460760336555844 -0.9336838398182497 -0.35572845695341204 -0.041130915085777264,332.1798993176031 51.915688348486576 936.1949731596911,0.69
2,956,10,0.0,-0.5643335030197653 0.5398376816809956 -0.6245822402268006 0.25872460317070367 -0.6028013824765814 -0.7547794863392117 -0.7839574459647682 -0.5875421437834145 0.2005117258286585,388.21255340124804 4.9527475220329595 820.4925835421544,0.69
2,961,10,0.0,-0.5508362090828975 0.43050018039319005 0.7150168287841994 -0.7769957290706333 0.04827919694111438 -0.6276517793719026 -0.30472464253679443 -0.9012983489523053 0.3079028717090355,-172.4972045761746 -116.56539391139675 458.99060217684564,0.69
2,968,10,0.0,-0.712705223867347 -0.24778892378774856 -0.6562407432644699 -0.5077572224605661 0.8277098419597562 0.23891216076643287 0.48397713469886766 0.5034849220890969 -0.7157297439100949,-94.64146837828358 -375.67217668450814 1007.4806288981622,0.69
2,969,10,0.0,-0.7289317084531611 -0.19121722792868223 -0.6573389811617946 -0.3743779721644409 0.9152410293525548 0.1489126997529657 0.5731489321019422 0.35464042343329416 -0.7387357252072334,1.4759635970067202 -338.984819475622 972.9745970201844,0.69
2,982,10,0.0,0.3487445736586434 -0.3669387974839102 -0.8623996412596153 -0.9306745732450321 -0.027044468537386346 -0.36484713982256695 0.11055343078723773 0.9298518783239578 -0.35093222040527877,390.1871736831946 -185.60748021972674 767.1080179110334,0.69
2,984,10,0.0,0.3069596447079458 -0.4366672260226861 -0.8456343833113834 -0.9380550858209504 -0.2888573459735767 -0.19134808502451944 -0.1607122661349184 0.8519877742049786 -0.4982854604732366,402.5890696144436 -206.24308828402238 755.6626847370416,0.69
2,991,10,0.0,-0.38120209210541756 0.45539064261458595 -0.8045522528671005 0.5082186235999117 -0.6237453734475134 -0.5938480779871509 -0.7722686032726331 -0.6352645682878091 0.006335035709402526,397.71471181316934 -126.45334507316596 891.5947055231771,0.69
2,1001,10,0.0,-0.6359035028024338 -0.4910352624114367 -0.5954083524709128 -0.4796322461387815 0.8558522945619232 -0.19357106797493953 0.6046318248219014 0.1624845252989431 -0.7797558178371705,102.57550624040688 -323.19086130561413 1001.246062175642,0.69
2,1012,10,0.0,-0.21999828908766617 0.6710452916397814 -0.7080246954496576 0.5867621326338687 -0.48879928214241575 -0.6455892358799156 -0.7793015799454368 -0.5574706076064815 -0.28620896063786383,324.6387873939149 -88.56322356682765 1205.108975537806,0.69
2,1038,10,0.0,-0.18504669111689243 0.5232575335537203 -0.8318408956561144 0.7190156113421712 -0.5049249477852447 -0.47756397241658816 -0.6699061671256156 -0.686478223021929 -0.2827956445274956,362.14751574847946 -240.49235989309517 995.1374183277233,0.69
2,1050,10,0.0,-0.18107466627839308 0.8569461634636105 -0.4825507622594403 0.544948889717331 -0.3210216196351593 -0.7745810656881995 -0.8186834997897638 -0.4032225101005864 -0.40886297768343605,486.39778381494136 -9.266304248129511 1233.6162946815612,0.69
2,1057,10,0.0,0.8449242624209081 0.2739655602158803 -0.45939728186841006 -0.4854563778658673 0.7533785317676637 -0.4435683634581613 0.22457759452322176 0.5977990127853996 0.7695461287999344,17.632321225337122 24.66185651603267 361.5354514690525,0.69
2,1061,10,0.0,-0.4687601064586403 0.3868839332123822 -0.7940936876811208 0.2774388116428907 -0.7890042579573362 -0.5481787908332225 -0.8386248674986122 -0.477276757392721 0.2625171012822305,264.8176964892622 -57.802798514705636 1097.6149462062408,0.69
2,1069,10,0.0,-0.9862795469344782 -0.06499159625785374 0.15175225769185954 0.05485554896287784 -0.9960337572884689 -0.07005442948020324 0.15570332060268247 -0.060768797566445154 0.9859328725606155,-108.22605763834402 -72.75679471711112 331.3125643830795,0.69
2,1071,10,0.0,-0.5047319209422962 0.5972606050415901 -0.6233181030960467 0.1387539148979833 -0.656523522987766 -0.741433891094962 -0.8520522513803853 -0.4607131791354427 0.2484961317375608,466.6940412306505 -36.15647609550506 1017.7443583131227,0.69
2,1087,10,0.0,-0.6813655672984678 0.5914150058245444 -0.43124152697252055 0.46778950278232 -0.1012855930862755 -0.8780172035443444 -0.5629511033710716 -0.7999809494723703 -0.20764521592027496,324.79490587183443 -93.53124061501605 1588.772997610117,0.69
2,1098,10,0.0,-0.44097039461500526 0.3295094156225872 0.8348464865405781 -0.48572635704958356 0.6945662578136484 -0.5307048328158369 -0.7547284393345909 -0.6395320621538892 -0.14623174873045552,107.4221738164377 -304.570210486743 1354.6952583959949,0.69
2,1099,10,0.0,-0.1251548052098448 -0.6719141198375105 -0.7299778697302194 -0.878863959197788 0.41648532446095 -0.2326759887307797 0.46036335209926793 0.6124307226712591 -0.6426462432569607,214.45848636224395 -417.5781891177252 1136.6815046598724,0.69
2,1103,10,0.0,0.21659485338507067 -0.553313604677956 -0.8043200385203555 -0.9287535814360542 0.13709519961430172 -0.34441499852999613 0.3008379205765161 0.8216136325067892 -0.4841978773416881,395.85930752617213 -205.5733447305652 964.5027586634753,0.69
2,1107,10,0.0,0.07625133784238419 -0.5443514478398364 -0.8353844831644416 -0.8093202334877765 0.45558157195240206 -0.37073736116645994 0.5823971953439836 0.7043627847438088 -0.4058159365074383,445.74331693326707 -210.24047904382013 1060.8138854141903,0.69
