scene_id,im_id,obj_id,score,R,t,time
2,3,9,0.0,-0.9811295257263442 -0.19298264064496753 0.01193960458701785 -0.1748854904858914 0.8593969337095754 -0.48047057719290953 0.0824616211671115 -0.47349193313115034 -0.8769295697456084,70.77927193788717 131.13607579501232 978.3953577932376,0.69
2,8,9,0.0,0.8910021362523196 0.09992515361461776 0.4428658452273069 0.3746480293397504 -0.7127972333674383 -0.5929240745791717 0.2564255199968276 0.6942154332617654 -0.6725406195283194,-129.7824374609632 288.9379027399538 1171.7100957137316,0.69
2,17,9,0.0,-0.9555252510467644 -0.29363694040454646 -0.02736497472819055 -0.13427661885107414 0.5158026946624369 -0.8461190045193956 0.262566723409386 -0.8048135979273874 -0.532291074835219,-7.600967977216399 125.86718383954945 929.2339732246007,0.69
2,27,9,0.0,-0.612125166276885 -0.786446913618718 0.0824865617545561 -0.4325672601073695 0.2457000910869631 -0.8674773949349119 0.6619579641440225 -0.5666857306298176 -0.49059039575479935,187.18964241990975 196.4515963215079 911.7010090996214,0.69
2,36,9,0.0,-0.5943625836035203 -0.803300412480727 0.03796796703066757 -0.5291508575397768 0.35509418789219105 -0.7706539351032367 0.6055844195296531 -0.4781386462454991 -0.6361218010644301,89.75169159639071 209.28600889508698 917.9858348099273,0.69
2,38,9,0.0,0.705059475687235 0.6992595454730072 -0.11801365941502057 0.3318828118454039 -0.47243451941587566 -0.816492145746595 -0.6266936531872884 0.5365088190600169 -0.5651666587172289,171.94338266423867 228.22176210634257 982.803598325784,0.69
2,39,9,0.0,-0.8827679256528085 -0.4637060757103756 0.07548155263321768 -0.4386559251527704 0.7559921526871558 -0.48585681471376674 0.16823129544470874 -0.4620092427914444 -0.870773042077137,218.31639692902138 259.5841882556339 940.4505062115117,0.69
2,41,9,0.0,-0.8935239545120366 -0.42967532297452765 0.1303612654890527 -0.40319617369134225 0.6400176111709114 -0.6540720930537709 0.1976051321039839 -0.6369902465641175 -0.7451145130437011,274.41224193036675 178.5678449622845 938.5505722190583,0.69
2,47,9,0.0,-0.9157242967384196 -0.3962682524727392 0.06648672382610214 -0.3088781076079904 0.5884025257650555 -0.7472461323511888 0.2569889628046966 -0.7048077324742579 -0.6612130770342202,259.8197336060079 82.83179219639989 901.3221154603152,0.69
2,58,9,0.0,-0.9294967820048695 -0.264542469991906 -0.25700780885641095 0.05739021468620625 0.58459583958296 -0.8092923251832833 0.36433788644726905 -0.7669843452854013 -0.5281978025193416,209.28786384027285 74.80124182275247 915.3658888842373,0.69
2,61,9,0.0,-0.9714530559375535 -0.12948373854775802 -0.19877857420075326 0.10826102448893132 0.5035998260077029 -0.8571270418214663 0.2110888691669827 -0.8541786561936013 -0.47520554775496643,323.5150485339144 -15.475150621952153 876.7553454506783,0.69
2,62,9,0.0,-0.9884227800790562 0.1149465194661822 -0.09903386028727924 0.14859200549599108 0.6014117021097765 -0.7849996053935953 -0.030672849940445848 -0.7906271322361962 -0.6115291604236868,134.80848133642834 -38.86933192857421 999.3215033881803,0.69
2,64,9,0.0,-0.9970013064120219 0.05329411948095463 -0.05610821545434687 0.06305792488966058 0.1392240750907534 -0.9882511598899008 -0.044856360990740224 -0.9888257651092401 -0.14216720133277705,146.93698746899855 4.145613788710538 1028.0426342816575,0.69
2,65,9,0.0,-0.8899427039782782 0.0009487861994594005 -0.45607135783841807 0.44034337422521863 0.26214510030843097 -0.8587069693208687 0.11874214252648335 -0.9650280028004523 -0.23371191111963074,336.965819702726 6.362247377461557 918.5908417755685,0.69
2,69,9,0.0,-0.9824461621489167 -0.14966715688786547 -0.11135205713397273 0.06378444526615987 0.2914254460575233 -0.9544646425783734 0.17530283232438865 -0.9448126542014967 -0.2767633744550937,201.51922188106244 156.78934121818588 939.9062624095571,0.69
2,72,9,0.0,-0.8920932401452212 -0.1534351298077553 -0.4250027197890361 0.26488519048958714 0.5844289408536008 -0.7669932522206658 0.3660675986023562 -0.7968064219329661 -0.4807224138938065,119.86748248672468 70.32720675341373 938.4365606601784,0.69
2,79,9,0.0,-0.3539751224310069 -0.06086406161008445 0.933272296119561 0.7840054471933968 0.5247736879785281 0.33158412986223557 -0.5099383016317125 0.8490630968365884 -0.13803907461014991,-47.102549572367394 -73.10135544161639 925.5462811196327,0.69
2,89,9,0.0,0.15830176808999918 0.8778896612305593 -0.451940585612837 0.35073072236321906 -0.4778574551249566 -0.8053820292085457 -0.9229997348917035 -0.031016048845622368 -0.38354855507986374,-109.79474386856216 -17.28295572959841 1199.9409172905375,0.69
2,96,9,0.0,-0.9841586907997087 0.13837710730799524 -0.11083071549202828 0.09161111626083665 -0.13828469587618564 -0.9861464121842533 -0.15178627968577008 -0.9806778875142964 0.12341720398571243,35.57892183557207 65.35145570474116 1051.5990359390682,0.69
2,97,9,0.0,-0.9478902620508176 0.2946016811283834 -0.1213008680330143 0.3148256355543219 0.8077152427225303 -0.498478591186725 -0.04887607090437758 -0.5106916252984918 -0.8583735745833135,187.35386837697328 -244.21994953046382 1058.8095161542349,0.69
2,102,9,0.0,-0.95176825502066 0.2797645075383795 -0.12597225510697166 0.305501542717366 0.8261329457453154 -0.47346928448578046 -0.028390071015010433 -0.4891177529756771 -0.8717556008376357,123.78318532362496 -247.57222675168387 1049.2664694756827,0.69
2,107,9,0.0,-0.9993292857599541 0.020360253958055147 -0.030437455236326995 0.027409553787274738 0.9670722854488014 -0.25302156247643237 0.024283636129756245 -0.2536861343778887 -0.9669817217717827,0.7313706864050452 -178.4565099517559 1019.6252955599754,0.69
2,110,9,0.0,-0.9784530379285877 -0.042056757190957895 -0.2021407473591069 0.12185547058782698 0.672714722726294 -0.7297987024619214 0.16667602363908465 -0.7387057133946274 -0.6530949181719281,100.39590288319566 -131.33527942787435 1169.884434947213,0.69
2,119,9,0.0,-0.9426962506992848 0.2642542980706965 -0.20369939830219108 0.3334877521021133 0.7270878087028174 -0.6001076883640263 -0.01047368680984151 -0.6336505222809331 -0.7735485230402228,107.6186240305518 99.98602937213056 828.7955457308173,0.69
2,124,9,0.0,-0.9527613493007848 0.30242915329668363 0.027971744936613547 0.2930002937378997 0.9394798331891132 -0.1775625830530212 -0.07997899191695536 -0.16097903673213976 -0.9837119042609681,-39.74627104145149 184.1413277792121 971.3983745231776,0.69
2,126,9,0.0,-0.8928013642550787 0.4467864405622234 -0.05733760122301063 0.44097781649728385 0.8409492105277303 -0.31359686010876403 -0.09189281441743954 -0.3052643147217288 -0.9478235114281115,64.14533683981944 141.95206904889088 909.7035580686842,0.69
2,136,9,0.0,-0.8938881585179094 0.056176536585348394 0.44475628921774235 -0.25305688962345746 0.7556985182257788 -0.6040546003181037 -0.3700353640877616 -0.6525058975125341 -0.6612940972334473,-204.88280747667727 104.20033713153988 874.4522485317085,0.69
2,153,9,0.0,0.13080097783883227 0.20427634029891273 0.9701351869664807 0.9461268502215265 0.26663688642381034 -0.18370833973478007 -0.29620109298633346 0.9419001792081256 -0.15839496494965483,28.42742875627544 -163.69947229894115 846.3604079823507,0.69
2,156,9,0.0,-0.3394433697043714 -0.23255010919919103 0.9114267087787069 0.6850528942953354 0.60287327593703 0.4089576324982057 -0.644577947793225 0.7631934616284378 -0.04533221091317674,-196.8116785808785 -132.79432669309796 901.9071556843968,0.69
2,162,9,0.0,0.99756732936946 -0.0050321619828968545 -0.06952769750582712 -0.024144230413705732 -0.9605978814716457 -0.2768912534731208 -0.06539479728857485 0.2778963610016584 -0.9583825608960246,74.0168724461387 -53.75390093652411 952.745240485146,0.69
2,166,9,0.0,-0.9921345912242786 0.12334199284214854 -0.021347264413993778 0.10247219628559533 0.7023458513712231 -0.704421574094688 -0.07189159815054895 -0.7010685115331874 -0.7094607390490335,10.812129821917146 -76.17001564853062 1261.699976191298,0.69
2,175,9,0.0,-0.9993443584014325 -0.0024382883285435546 0.036123511474606865 -0.013967754114474106 0.9464566913206234 -0.3225284999801053 -0.03340292167201482 -0.32282160120482345 -0.9458702123543838,65.48042470006511 -19.605089142761948 1038.041759407306,0.69
2,176,9,0.0,-0.9947545369943162 -0.06950532004681734 0.07504946112007291 -0.09139511348723989 0.9334225213099278 -0.34694283382435076 -0.045938484518738616 -0.3519821120406632 -0.9348787346193707,29.724354230169013 -108.4600839807035 1043.054077354662,0.69
2,178,9,0.0,0.4512023047532058 -0.8917192961460214 0.03540024104775247 -0.6607120705428411 -0.36045363483864173 -0.6584320291196373 0.5998966911263861 0.2736966825017342 -0.7518072132955085,387.6244444287907 149.84617364598924 1105.5939308092204,0.69
2,203,9,0.0,-0.6035174237200183 -0.7750452055437288 -0.1872742604578407 -0.7245569562337343 0.6311224910724946 -0.27695057038351706 0.3328422095222575 -0.03145362659739316 -0.9424578149361452,245.82133553651346 -58.84960605792427 911.6822878564652,0.69
2,207,9,0.0,-0.008974271233148135 0.011342109124322389 0.9998954040380653 0.2328602524524191 0.9724691052798161 -0.008941034843328602 -0.972468799131175 0.2327556569385284 -0.011368327910670556,-58.08814762596481 -87.89580242321232 657.6212320659453,0.69
2,217,9,0.0,-0.5202000087506236 -0.8404862247370892 -0.15157459194418565 0.01578583391182581 0.16798571625408132 -0.9856630289213003 0.8538985644346521 -0.5151346476037103 -0.07411839511647533,106.2690880475239 87.45872949427111 1065.8154770504277,0.69
2,219,9,0.0,-0.9204089371828986 -0.3903353176229613 -0.022039241593773906 -0.021700812398725344 0.1072934408531796 -0.9939905393368292 0.3903542789506504 -0.9143995064336307 -0.10722443536270398,103.50575900961296 41.37173206847643 845.6348861103733,0.69
2,224,9,0.0,0.8677371189245763 -0.3965810606128679 0.2995926481134812 0.11153561147046234 -0.43202565236761126 -0.8949377872624721 0.4843470861008513 0.8099859863352653 -0.3306517837939209,129.93624879384106 -4.8842444932818685 841.3561655538314,0.69
2,243,9,0.0,0.05546439530604813 -0.902731984929764 -0.4266130146140677 -0.1451043423117203 0.4154468990209059 -0.89796915533675 0.9878605320062228 0.11170871711143027 -0.10794781992101979,-241.4578060939522 67.0103674672308 828.7880518498866,0.69
2,249,9,0.0,-0.5045063022243277 0.1307849771810483 0.8534451832189855 0.8597325724084648 0.16720330845220577 0.48260020470629766 -0.07958200145673094 0.97720946750755 -0.1967952277311411,4.141068046955275 -47.25958086964689 273.2169082113175,0.69
2,254,9,0.0,-0.6779558814547186 -0.6974432703656648 -0.23226861049784991 -0.06871027920662393 0.3747067004086305 -0.924593849319919 0.7318843626778095 -0.6108745970250552 -0.3019561332001277,27.503735418554783 -180.16872842943337 1118.8417456949558,0.69
2,258,9,0.0,-0.5472466224980463 0.41080232887206247 0.7292205295778298 0.6689365756084674 -0.3089703476441784 0.6760630015685318 0.5030357760415236 0.857775478123457 -0.10571772392733736,-52.44946578980612 1.9488425776672387 786.6840995941626,0.69
2,263,9,0.0,-0.11659074805624434 -0.08896056967790472 0.9891878560264818 0.7355185215544651 0.6615451305141202 0.14618667772197824 -0.6673972594474892 0.7446100035156916 -0.011697894953471621,-102.27555930871404 -79.16133773722412 866.2611716522813,0.69
2,266,9,0.0,-0.9897424075320541 -0.13695762461652142 0.04065188546738471 -0.14285149947285217 0.9450668831854891 -0.29401026411406594 0.0018481966916638233 -0.2968016094388053 -0.9549373742835306,154.7368577738693 -147.02919639921612 975.7600468338022,0.69
2,268,9,0.0,-0.8707554588195164 -0.48827144127827576 -0.05810275869568511 -0.46458373140072945 0.8556528572411572 -0.22807925028993806 0.16108037575629303 -0.17160765579390877 -0.9719073644227267,125.84666429762085 -120.89210947553669 804.6849471017428,0.69
2,277,9,0.0,-0.6004767232436519 -0.7974703251188835 0.05889639545294101 -0.22950294998563098 0.10131822994919526 -0.9680201507344025 0.7660000657901146 -0.5947904646467902 -0.24386103086552335,179.4630096112884 0.35981685484570936 1000.0532439823675,0.69
2,283,9,0.0,0.630594417069334 0.5724367098259568 -0.5240867241255212 0.017941030246103995 -0.6858427677769412 -0.7275285680451133 -0.775905149225532 0.44937279749857795 -0.44275872467248656,105.19726035218673 -66.83064977134651 846.4924292937062,0.69
2,307,9,0.0,-0.9703941974417826 0.2412541831767831 0.011468246205144215 0.22446334011911023 0.9183511900201347 -0.3259559797444657 -0.08917012119477724 -0.3137315905169658 -0.9453153857828632,-94.62877033276119 -104.9427047823768 826.6921160975513,0.69
2,310,9,0.0,-0.9697174716508484 0.2402016831017344 -0.04417212480943179 0.2289840880552807 0.8312915636971314 -0.5064786506294907 -0.08493710963164157 -0.501255910250515 -0.8611203167074566,-34.63331702374052 -162.70877409599638 913.710514572436,0.69
2,322,9,0.0,-0.10380764582280269 0.7905171355132748 0.6035781897390047 -0.1365877573098102 0.5897763425514817 -0.7959319382457732 -0.9851739730736921 -0.16506521204203978 0.046751668972481314,178.37680166472913 132.93323612089316 1069.8141658904556,0.69
2,338,9,0.0,-0.9981441456084933 0.05855235221297611 0.016729812844697767 0.027392082216069213 0.6770761461474712 -0.7354029957444803 -0.05438693243196502 -0.7335799304563992 -0.6774234622540212,-71.2730950113361 57.12989223840937 587.1008460818233,0.69
2,342,9,0.0,-0.9501330051932773 -0.3069540439326097 0.05501351975477832 -0.2941246860866612 0.8234668867055948 -0.48517311913771266 0.10362403908753472 -0.47715982795370737 -0.8726858295574493,-151.8331245273878 49.975712809119514 614.2340139254557,0.69
2,356,9,0.0,-0.9323791548651097 0.3412589218359839 0.11921182760265632 -0.0026521053058574107 0.32331968073157025 -0.9462860827408811 -0.36147209838446764 -0.882613580407064 -0.3005514760744865,-146.1492044837651 -75.90944869074 791.3728740667744,0.69
2,362,9,0.0,-0.8184686618459661 0.5663643693926697 0.09664600694553965 0.06298204009196756 0.2556393461603915 -0.9647185015954347 -0.5710887078221101 -0.7835048983746884 -0.24490357698682486,-154.87813375469625 -60.26585202706242 748.9209244356526,0.69
2,365,9,0.0,-0.225186503655586 0.8205363121533206 -0.5253676798292806 0.4165298369441711 -0.4063829639636283 -0.8132378382339318 -0.8807916515877265 -0.4019614994473539 -0.25026589750783057,-199.85416425742847 -52.46231216581426 688.1013235843448,0.69
2,368,9,0.0,0.5187758597190567 0.8140497544199864 -0.26114096710687595 0.6376927314875064 -0.5719171639108713 -0.516002652931309 -0.5694028341875 0.10116202327408086 -0.8158104298587613,-50.613135878967874 -0.8560156044705136 639.722805374095,0.69
2,387,9,0.0,-0.684360361701666 0.7287294119934968 -0.02458331603297592 0.4807667305249878 0.4256336257265936 -0.7666155278046147 -0.5481917968666429 -0.5364601203691162 -0.6416356388961533,-261.5743090010487 -69.24078227590466 748.2285731503091,0.69
2,389,9,0.0,-0.9948234450172373 0.0870775076778115 -0.05238149387576155 0.07606314923357713 0.2962709761238608 -0.9520703262024734 -0.06738479481831448 -0.9511261831971793 -0.3013607025875449,-62.52108922672598 -75.52906596747802 832.9797403263109,0.69
2,402,9,0.0,0.9129554780666193 0.40247813888226125 0.06725803141648577 0.4013735910005862 -0.8560019864435964 -0.3258217912477787 -0.07356313965189303 0.3244563867864034 -0.9430357986619956,117.35101361690151 240.42796845973118 1077.5892611971922,0.69
2,415,9,0.0,0.7014676950535124 0.6663597795337795 -0.25279975675622457 0.3011807913785537 -0.5986366439589724 -0.7422427496541322 -0.6459359129982645 0.44452087996991957 -0.6206190325552924,126.6080528105791 117.06460956973976 891.3875281234718,0.69
2,417,9,0.0,0.5666978434030372 0.7868513957239864 -0.24437355693601603 0.3497702272786409 -0.498292140833426 -0.7933257404705137 -0.7459988890017154 0.3641013916903578 -0.5575982731118799,96.25541253250348 116.24592414483836 913.7809415612542,0.69
2,425,9,0.0,0.7299284100870009 -0.33773044025002785 -0.5942580801944426 -0.6763657835178323 -0.2313920287228503 -0.6992760942073111 0.09866024039181695 0.9123573196791077 -0.39732892947000853,42.56707607972591 73.15401309683402 999.6100790900763,0.69
2,428,9,0.0,0.6450014135791817 -0.7629646624929165 -0.043105687187746156 0.018879150618920537 0.07229987936658644 -0.9972042444331479 0.7639481357741282 0.6423843485255905 0.06103764917317028,-76.79119576703692 105.59016807945738 939.173040020813,0.69
2,434,9,0.0,0.06506159606248962 0.909978257243043 -0.40951991412227534 0.30418430238543914 -0.4089433289058893 -0.8603704225074532 -0.9503888145912098 -0.0685924564969358 -0.3034076070431174,288.4032038625141 18.11685404756745 882.5408330626977,0.69
2,435,9,0.0,0.04505994456773443 0.9156510563222398 -0.3994405393190816 0.2845611166676101 -0.3950464573805955 -0.8734776856863167 -0.957598335564779 -0.0743063898127716 -0.27835945853618316,287.4138941687748 24.876826958053574 830.0237003743351,0.69
2,438,9,0.0,0.34989229357917806 0.8885820692566725 -0.2966433702098064 0.3101875838499043 -0.40868999436979353 -0.8583450071663357 -0.8839451599048782 0.20831321296919275 -0.418624604607984,192.84338997609686 58.07590597779082 888.6381659213946,0.69
2,446,9,0.0,0.9358950889210657 -0.33807723571171416 -0.09901598470427223 -0.29771212749700643 -0.6087810120001991 -0.7353592105693785 0.18832915779198076 0.7176973332272731 -0.670404852461424,151.06000776658334 54.620311865032726 915.1317752316958,0.69
2,453,9,0.0,0.9718635362376087 -0.09503889706565005 0.21552001061682072 0.015582348535838682 -0.8870401604484298 -0.46142924069214736 0.235028630906614 0.45180456150438414 -0.8606010578996484,24.933089802635966 166.3499718510227 1011.2539959431757,0.69
2,473,9,0.0,0.8962224051123334 -0.20430518786264856 -0.39375727394814364 -0.44342704888781886 -0.43773531971902546 -0.7821510354050059 -0.012563951977997867 0.8755839080767136 -0.4829026475676066,-13.292605005173737 34.675005904246845 980.9258638627168,0.69
2,474,9,0.0,-0.031229458572359592 0.9502502010822833 -0.3099181767182383 0.7316466395887291 -0.18951710768444474 -0.6548102478378319 -0.6809683661491167 -0.24719996205097303 -0.6893288497271821,204.98416106721592 35.6851851455546 805.0854146298158,0.69
2,476,9,0.0,0.10455656018185633 0.9819121648244903 -0.1578493784993179 0.7525637295293647 -0.18187882850482284 -0.6329043567068935 -0.6501659470625875 -0.05261741452595575 -0.7579681055089406,367.71452361011137 -73.58826935634117 887.8566997154147,0.69
2,477,9,0.0,0.41038285577225764 0.8944947817796828 -0.17738375646356336 0.6863842373168055 -0.4310561138486363 -0.5857194767776968 -0.6003853682854323 0.11861581716883066 -0.7908651575750043,263.277220005716 -173.28720369879395 946.1644969564351,0.69
2,480,9,0.0,0.3834381075598955 0.8999423750355724 -0.20755466577800336 0.429347970230574 -0.3726647364499482 -0.8226671955691297 -0.8177013746654529 0.22632877815696284 -0.5292822933446807,224.06363298146445 -201.75608715592443 1021.2440989328118,0.69
2,491,9,0.0,0.17184876672671923 0.9776070075744994 0.12146003505572797 0.7659354106293059 -0.05505598921649024 -0.6405558404975403 -0.6195247760329059 0.2031092730345582 -0.7582451286284344,50.47189096211089 59.26621487339836 1018.8670449888173,0.69
2,494,9,0.0,-0.09763804812565369 0.9811766884590656 0.1666106766768386 0.29996864727342526 0.18863878220174002 -0.9351118759284345 -0.9489392089123326 -0.041324519040709384 -0.3127405664682632,-77.98317553113056 155.65914919891733 978.2476831491897,0.69
2,499,9,0.0,-0.18266882968312376 0.9814879143642536 0.05756363973121886 0.11726478281169134 0.07988063752952246 -0.9898828488563705 -0.9761562730292341 -0.17407055381305786 -0.12968566968208378,-97.93578692842569 243.11373319828652 1017.0439300506054,0.69
2,501,9,0.0,-0.5720778673395264 0.8146659019620808 -0.09511246963762837 0.33302135725424026 0.12473698132820121 -0.934632259822906 -0.7495489906022175 -0.5663569136767359 -0.34266041063676955,197.24018468149544 9.285858081350163 755.3133476503588,0.69
2,503,9,0.0,-0.42552022689562596 0.899851642359458 0.0959143276350366 0.1729556027556518 0.18490307506957904 -0.9674178064855138 -0.8882673561367233 -0.3950669241695638 -0.23431438165224927,147.27498830261123 96.80824702030965 992.942138886919,0.69
2,521,9,0.0,-0.7569590593283453 -0.6213594653669787 0.20230026519905686 -0.5217744207518418 0.38834451516512236 -0.7595656596965438 0.3934011138136577 -0.6805152109541918 -0.6181703740152429,-100.52009528167692 -93.89580959834021 898.6514532253257,0.69
2,532,9,0.0,-0.7711945092728031 0.6354236188327651 -0.03867626529221227 0.6029333716300349 0.7095654021061917 -0.3646755948904689 -0.20428014647125875 -0.3045550274800139 -0.9303310469904404,128.87763354276922 13.031464419788355 905.4672795092696,0.69
2,535,9,0.0,-0.6701669174948324 0.7238077927935475 -0.1642515807741512 0.7416984826471312 0.6448817841606042 -0.1844202952410034 -0.027561994383890814 -0.24541752901773084 -0.9690255790826234,165.60221485205722 115.11822804829407 919.7660704106255,0.69
2,540,9,0.0,-0.9563661552415196 -0.1069267304751786 0.271901547289533 -0.27220344701236815 0.6642133503941043 -0.6962225998865758 -0.10615583141372176 -0.7398562694659866 -0.6643369927896041,-62.094614094734084 49.68614018367104 808.6278981874635,0.69
2,560,9,0.0,-0.07161636576402464 -0.9969800125832466 -0.03003249347394621 -0.4634311024027172 0.05992208113089281 -0.8841046077918295 0.8832342325117134 -0.0493983674067458 -0.4663229479845406,204.2636122202942 126.59434682873858 717.775132906182,0.69
2,563,9,0.0,-0.5546381100631839 -0.7931663923444693 -0.25152264494633264 -0.2770759312490222 0.46107472113017434 -0.8429940864900647 0.7846053117256004 -0.3978657758465672 -0.47549692871982085,125.37681156234976 10.787724608049494 705.4531082465543,0.69
2,571,9,0.0,-0.9951586492820026 -0.061756554470052516 -0.07645515508589154 0.044464537534504855 0.41084472832483876 -0.9106204006662336 0.08764797579558184 -0.909611311048668 -0.4061097082701428,-9.55573296141636 142.5240918342704 771.1653871190784,0.69
2,589,9,0.0,-0.8972123236863158 0.44159938576188945 0.0001694701262013737 0.40401409842529484 0.8210038389424776 -0.40339224672186097 -0.17827690399767976 -0.3618600267181172 -0.9150271397967197,63.36681075293956 96.97436656909265 737.8151445641645,0.69
2,603,9,0.0,-0.8845288561670991 -0.4580003073947233 -0.08856873621127431 -0.04436962299102307 0.27160445396060506 -0.9613856443407067 0.4643705838695619 -0.8464435828896693 -0.26056327796054024,-98.994602363573 7.296443626056227 756.124566338456,0.69
2,607,9,0.0,-0.2092812744413538 0.9368478153953259 -0.2802097766981157 0.41160828913432 -0.1755341031883002 -0.8942965922633257 -0.8870061806346787 -0.30249619734284977 -0.348878325650928,88.04501377830745 -17.186022854517883 682.9188587934001,0.69
2,611,9,0.0,-0.2571982510700689 0.919358882150244 -0.2977050645487101 0.39686295561337104 -0.18040247168396994 -0.8999748566888599 -0.8811066076862195 -0.3496200709652812 -0.3184602830337159,70.59352842090833 -34.3925302563853 640.0452636262901,0.69
2,615,9,0.0,0.1268716871280935 0.9569700030074502 0.26098273573014846 0.8268631898236898 0.043299496109610924 -0.5607338218363924 -0.5479058681195745 0.28693826336091033 -0.7857897891291032,138.58612791941692 -42.628177631203464 792.644988526822,0.69
2,625,9,0.0,0.376658603549613 -0.9256757966700564 0.0353923131670143 -0.2726605851893673 -0.14729760829110938 -0.950767910625885 0.8853160461983322 0.3484648246968055 -0.3078762158608185,69.11793699697567 3.937746113785349 733.5426388486189,0.69
2,642,9,0.0,-0.9386631380222676 0.30692425738698514 0.15719100974813077 0.1574976277685109 0.7871050057079372 -0.5963725406461968 -0.30676702978886244 -0.535035709291404 -0.7871662970539093,74.37610417132167 58.69977054879293 747.4771871615045,0.69
2,648,9,0.0,-0.8792717139321404 0.464285552896638 0.10639632724064946 0.12077651154612731 0.4333875660893364 -0.8930779651396116 -0.46075404212831855 -0.7724080158378889 -0.4371402174723704,122.55740545824823 3.7368648900453447 674.5776939711835,0.69
2,649,9,0.0,-0.9436724507895847 0.3245837588302591 0.06424709428759343 0.15938383691129643 0.6160696970507169 -0.7713980301422035 -0.28996396009196035 -0.7177071212405927 -0.6331014057545041,99.0257815085478 46.45400309133867 626.4440966439379,0.69
2,650,9,0.0,-0.8847055874341057 0.4613019638898026 0.067056108403972 0.03939066915510145 0.2173182761082455 -0.9753056659595768 -0.4644829369808834 -0.8602169871496096 -0.21043368616469427,101.21742903718706 49.26953078469355 640.663172769593,0.69
2,652,9,0.0,-0.9444564039839425 -0.327165777033005 -0.031058900690628513 -0.24908416777599143 0.7742803310491729 -0.5817620186242178 0.21438091878024496 -0.5417125836537058 -0.81276583243525,-56.1957785501067 80.77078864879753 693.0449945913684,0.69
2,667,9,0.0,-0.2371012978560617 0.9685534505523687 -0.07541344693137325 0.39460577398469576 0.025082434287301836 -0.9185081135342038 -0.887732649896865 -0.2475380474054908 -0.38814386172367427,45.289764510637106 57.80121200456892 594.975038506438,0.69
2,669,9,0.0,0.09051237295101633 0.9957551226917603 -0.016710654562100746 0.6929868649120328 -0.07502449514039644 -0.7170359336799801 -0.7152459125378966 0.05332035973290433 -0.6968358657788686,-149.94821880691563 5.968375808576819 661.0077776619761,0.69
2,679,9,0.0,0.24556004341776028 0.9693276530317064 -0.010206181691093663 0.5930857013952376 -0.15855797347142297 -0.7893723581739829 -0.7667787268027112 0.18778517011915347 -0.6138298738299839,83.25240741198793 -88.16583700278903 738.6755795210947,0.69
2,691,9,0.0,0.9976413903856713 0.007322051934260621 -0.06824986259924105 -0.006990491480242841 -0.978286970744175 -0.20713699790488976 -0.06828461919208413 0.20712554267317596 -0.9759283889477416,-27.024953166596234 75.734482782394 705.6819068811452,0.69
2,695,9,0.0,0.9586651425722218 -0.2168376524681229 0.18423511307320362 -0.14145967860940525 -0.9250124341284687 -0.35262041352628654 0.2468811530771564 0.31198305912315033 -0.9174509616734045,7.38124953974983 54.05660619159531 626.9812299261466,0.69
2,703,9,0.0,0.7661105945581338 -0.6191179909824028 -0.17253251910203926 -0.4914552425128819 -0.391318613858218 -0.7780369445307125 0.41418148378746555 0.6808543571792693 -0.6040621183269294,165.09097736833684 184.97548644682902 920.5541604331545,0.69
2,708,9,0.0,0.6300103447735057 -0.7751703902341495 -0.04688103649242835 -0.7218276908528495 -0.5622517839988773 -0.4035315552817684 0.28644676677597736 0.2880690845861737 -0.9137638930868699,145.69492777209516 172.22704528423643 919.9522130100917,0.69
2,711,9,0.0,0.9869326437975969 -0.1589190847954317 0.026621064863525543 -0.05040188539447772 -0.4613876051835286 -0.8857658424954591 0.15304772639725028 0.8728494728593188 -0.46336831049807636,10.151591866833224 251.68413297611414 928.9367382152088,0.69
2,740,9,0.0,0.9452730070944619 0.3196921315390374 -0.06523712969329695 -0.00978695277366548 -0.17207048586696316 -0.9850360213966356 -0.326133649925915 0.9317664347493604 -0.15952477381418437,-142.51890972877115 213.07350466625277 926.2804773822008,0.69
2,750,9,0.0,0.9970603914257139 -0.07472049585777667 0.016953564485658035 -0.03393140952483294 -0.6289966457298002 -0.7766671610853121 0.06869669058738902 0.773808805299751 -0.6296830135416647,45.07617294184498 108.24616818612508 808.5099105853169,0.69
2,754,9,0.0,0.989380381989872 -0.10865076858872573 -0.09654776133424356 -0.14079212807403502 -0.8814161070653813 -0.45086940778688095 -0.036111444251918284 0.4596745116827638 -0.8873529776268592,97.84371550769359 48.3656978706736 889.8641929117341,0.69
2,756,9,0.0,0.9931470971935773 -0.11538797776139371 -0.018559577692054272 -0.08716342676467805 -0.625509352821178 -0.7753325651408366 0.07785486735336396 0.7716370028202167 -0.6312804095709156,59.31602144735988 50.95796395337335 857.8744361937668,0.69
2,757,9,0.0,0.9991986116358587 0.03961817307164346 -0.005703934382262655 0.019956812753789004 -0.6166314177627565 -0.7869989963479006 -0.03469668758948119 0.7862544721592101 -0.6169279089812357,71.54676141094276 20.832113697934 872.2264685964161,0.69
2,758,9,0.0,0.9952643657779412 -0.0283967667301929 0.09296486353404658 0.047328264288991895 -0.6937978891602191 -0.7186129169422268 0.08490510945770123 0.7196096946512709 -0.6891683464523602,56.65682829241498 -12.568013631999548 916.1667040247542,0.69
2,761,9,0.0,0.9794858413298698 0.17109691620441853 0.10645812275094232 0.16288387604814691 -0.3611805604941202 -0.9181598148714007 -0.11864370846297934 0.9166648504150747 -0.38164017405883804,17.063755068383962 115.62454252959002 868.4575415763743,0.69
2,762,9,0.0,-0.9370119465716119 0.34909733440464696 -0.011817914098899318 0.1208728543553194 0.2923202877625716 -0.9486509381444818 -0.3277168977365626 -0.8903257271774064 -0.31610399311610393,41.26341764159883 22.841801145630694 903.9923772758424,0.69
2,764,9,0.0,-0.8129142054019273 0.5773439534847986 0.07644902896895436 0.33906620918019453 0.5759142536607036 -0.7438796127214451 -0.4735024819870809 -0.5787890218421368 -0.6639267035954322,191.58789367436037 123.60413668135097 976.1844764376189,0.69
2,768,9,0.0,-0.825177262512045 0.5632858941140935 0.042325960416911945 0.4720806006817684 0.7288319831928606 -0.49592725952008626 -0.31019734346552424 -0.3892466335978368 -0.8673319239712575,169.03589369616137 -21.951115473876207 960.1465120775091,0.69
2,769,9,0.0,-0.8378375245205492 0.5450504440568027 -0.030794414083735316 0.49747130267269823 0.7390353769946331 -0.45425655148553423 -0.2248345736812001 -0.3959125218831596 -0.8903385252215641,171.38243046196598 -21.809697008528666 987.7908324874112,0.69
2,770,9,0.0,-0.6781124996115605 0.734547390964061 0.02456762704153964 0.6284758369416763 0.5968718820848226 -0.49876054250209206 -0.3810269810013731 -0.32277559821710905 -0.8663915702178586,143.29238696716666 10.272999378734958 858.3666246360038,0.69
2,773,9,0.0,-0.9500128786115907 0.1326643668650754 0.2826228869649588 0.007696249007001832 0.9149071554581442 -0.403590962042896 -0.3121158410323664 -0.3812414755188328 -0.8701945984208831,97.17049955879907 136.49967616549603 996.1859899361413,0.69
2,775,9,0.0,0.8773335145705231 -0.4707445524272809 -0.09319587207259428 -0.47629883229079867 -0.8305197696212128 -0.28874960541401473 0.0585262895607954 0.2977187911912288 -0.952857909030449,260.751830286738 80.02410702585853 1000.546952166407,0.69
2,785,9,0.0,-0.7975886412311675 0.6017976381024748 0.041133467557485315 0.26510478340529475 0.4109740691249105 -0.8722498313685967 -0.5418226768922205 -0.6847918788078582 -0.4873276818775557,350.4824708049992 77.07825742575913 979.4500375428523,0.69
2,788,9,0.0,-0.920268003141569 0.39108088207102976 0.012749355763111009 0.07662371326940831 0.21206704673055365 -0.9742465674847353 -0.3837129251910034 -0.8955910402463428 -0.22512458699981408,176.59765213978173 75.51127855403158 836.8187389704461,0.69
2,791,9,0.0,-0.8591286110065812 0.5062120616304717 0.07514904130945269 0.11946443093992071 0.34116692153159245 -0.9323804917483296 -0.49762061803155155 -0.7920571193496613 -0.35358059929443675,189.01986746567331 -3.7651226544506966 948.8931361136077,0.69
2,794,9,0.0,-0.666879639380829 0.7023593316047247 0.2489235141304652 0.21960144096543094 0.5044566652338537 -0.8350441186111346 -0.7120721548447193 -0.5022099582932467 -0.4906510002903221,-160.06144224143637 40.62858155242341 916.7550505916158,0.69
2,801,9,0.0,-0.7410650759651513 0.6710763336462824 -0.021888526780668938 0.17739128421510547 0.16424242708996606 -0.9703384757022225 -0.6475761619062892 -0.7229667900833762 -0.24075741934000539,-77.70577253023076 81.7650099530213 976.4543809811347,0.69
2,803,9,0.0,-0.7926464003237729 0.6053381593119826 0.07264569453550529 -0.005240282611959468 0.112384740920214 -0.9936509495021094 -0.6096591043295524 -0.7879945322710543 -0.08590921731112866,-73.3533777176722 145.35171022271012 972.0899175187545,0.69
2,804,9,0.0,-0.8682196958962132 0.4880371633481718 0.08952254938816767 0.036348586456447535 0.24249802768297324 -0.9694707251033864 -0.49484678428833434 -0.8384595600033059 -0.228281024876263,11.193859169433328 84.04888660081765 995.3222689223539,0.69
2,808,9,0.0,-0.8558642649629191 0.49969256542224927 -0.13343050633649403 0.3044392786015564 0.27817603401653745 -0.9110075848989369 -0.41810654814777304 -0.8203203241176954 -0.39020697102357493,154.06810303344088 -92.55271783657834 967.0901041139431,0.69
2,809,9,0.0,-0.8995195453058793 -0.42494944390089345 0.10140294739811767 -0.3918951734218526 0.6822765049412156 -0.6171846918498995 0.19308744304423348 -0.5949090190386432 -0.7802566875106672,-52.06536206564051 113.03026533754988 920.9913553819919,0.69
2,819,9,0.0,-0.9844412768138787 -0.15147043699489862 -0.0890622210683905 -0.1192821396783291 0.9482559060844875 -0.2942490573131022 0.12902381043365602 -0.27904738538904855 -0.9515699727548763,108.77082343901156 239.09018668796773 930.7918646400877,0.69
2,821,9,0.0,-0.9876670806810792 0.03867637613445868 0.15171643176670216 -0.0726958904445651 0.7449456520719845 -0.6631525337141655 -0.13866883302092906 -0.6660030881220833 -0.7329466838457366,176.2123593061181 131.85744257867816 946.8963177722296,0.69
2,828,9,0.0,-0.9416599211280715 -0.3364692441402159 0.008064780764896667 -0.18843291816888602 0.5072007130945876 -0.8409759045220613 0.2788720643797653 -0.7934329740967747 -0.5410124650361714,66.2319544317142 90.240853898039 860.0422157643719,0.69
2,837,9,0.0,-0.5217591517014146 0.852042516272234 -0.042319476370817205 0.678917711642915 0.38468282596410164 -0.6253717808038832 -0.5165637699581417 -0.35502489190583864 -0.779178540319149,167.63085580882526 -50.00065985934409 956.587416871206,0.69
2,840,9,0.0,-0.7732204050937883 0.6309132218148038 -0.06386479222437189 0.43339441089437003 0.4522424471604324 -0.779516551198155 -0.46292492885144987 -0.6304167474977231 -0.6231173522878913,198.6764924522699 -43.99166148460917 885.6152370611613,0.69
2,844,9,0.0,-0.6682429672201016 0.7414735968883983 -0.060566012566912825 0.4981293021926713 0.38548867192682823 -0.7767017974185033 -0.5525563636932587 -0.5491952193286758 -0.626949819370427,313.6960476221857 -121.1559093159219 855.6565049476444,0.69
2,850,9,0.0,-0.6704309796104904 0.7373957035948918 -0.08227926773077593 0.292859854451028 0.16110112228603146 -0.9424858269751876 -0.6817297171382812 -0.6559679906199501 -0.3239607816581874,137.41482558644046 -101.32152601230977 875.7297547016257,0.69
2,856,9,0.0,-0.977267753830723 0.15460800935856034 0.14506584975395392 -0.015576793570942812 0.6300331400521479 -0.77641200785284 -0.21143580781102722 -0.7610220797573575 -0.6133027745714874,135.56098526894294 77.48205045054901 822.2411828775848,0.69
2,867,9,0.0,-0.3126408978555387 0.8062235381559287 -0.5022541941202862 0.8357071915059945 -0.01786521264551355 -0.5488846183327543 -0.4514965770116596 -0.5913412218850178 -0.668181412676444,187.46091689243497 -52.73652241152761 833.3078134782563,0.69
2,871,9,0.0,-0.5805002012730205 0.7288196911109331 -0.36309967525590936 0.6169625502078288 0.10267644734422043 -0.78026582572981 -0.5313913134057003 -0.6769633705081345 -0.5092581536188019,41.23827077153297 -33.3993145908811 773.9356812026479,0.69
2,877,9,0.0,-0.9849818771748468 0.06545255561202981 0.15977066251652458 -0.1324603014194793 0.3070881588761978 -0.9424177052803536 -0.11074732585925377 -0.949427630544783 -0.29380640594300034,-13.012041596384199 142.14260141290973 780.8373897920899,0.69
2,883,9,0.0,-0.9075447526069471 0.4088085792345212 -0.09611486648717493 0.1417836861589177 0.08283800196815883 -0.9864254922542873 -0.3952972405099544 -0.9088527993983272 -0.1331415812999065,90.0459317429019 91.14511583144662 763.3274584328543,0.69
2,886,9,0.0,-0.9627555867762916 0.22623836100514488 -0.14804689845026942 0.20325667635906297 0.24453697134286778 -0.9480972487893444 -0.1782930274758544 -0.9428774436034424 -0.2814137926565279,25.986801091375305 55.04014070624591 775.7905668717474,0.69
2,894,9,0.0,-0.7456769668179807 0.6618403696537746 -0.07702717866890293 0.5314540409514398 0.5210437046396188 -0.6678847656683051 -0.4018985736644527 -0.5389626916141566 -0.740268028172568,214.5925427557132 -60.429643432905166 804.033947390467,0.69
2,902,9,0.0,-0.712417857216687 0.7007140400769851 0.03821819930051268 0.2730212052149238 0.3269282274130757 -0.9047526488624034 -0.6464674920069646 -0.634127564579505 -0.42421929897010974,202.48544616064328 -111.25608558859705 793.0711795742244,0.69
2,903,9,0.0,-0.8419240829620651 0.5277943756302957 -0.11223607076832265 0.20574153196670528 0.1217075514083551 -0.9710085962308341 -0.4988328984263958 -0.8406071430717255 -0.21105774201462624,168.16006092936692 20.08857445958423 880.2094620738204,0.69
2,904,9,0.0,-0.8562934064598715 0.49487334413354045 -0.14785795656452136 0.24369033171090906 0.13470061673438882 -0.9604534169245289 -0.4553862363795995 -0.8584614826056334 -0.23593909934252444,289.73209123831504 -24.716775971659395 850.4681714832425,0.69
2,907,9,0.0,-0.9295404413822379 -0.34407035187653695 0.1325524831697635 -0.3487911369161096 0.7039288342397911 -0.6187317182225079 0.11957972505271144 -0.6213692857595757 -0.7743390084910826,123.18650858519905 155.9533557659286 692.6471760021251,0.69
2,909,9,0.0,-0.8429053654009695 -0.5210718711604575 0.13414413913249373 -0.4117950455802389 0.4642659295244308 -0.7841441111928249 0.3463168858340973 -0.7161991704603936 -0.6059070579041119,84.23936683442788 99.94930630006208 713.2950650730295,0.69
2,918,9,0.0,-0.9681468275781967 0.23693633335450953 0.08094994865220179 0.16069349140380473 0.8359135265132404 -0.5248106115663559 -0.19201385905899793 -0.4950855987894597 -0.8473611554706489,136.88199460245067 69.78263965357212 755.5397852696615,0.69
2,925,9,0.0,-0.9608865794935787 0.26948736981472715 0.06382428111205755 0.03406035646708121 0.3437067209738972 -0.9384591531199993 -0.2748397232324065 -0.8995789278699848 -0.3394420113448282,123.6903856909816 -1.6716162791805393 654.7864172053658,0.69
2,934,9,0.0,-0.9951573875612263 0.0979111459562605 -0.008670725451028656 0.05633360440447381 0.49582516493753936 -0.8665932903210491 -0.08054997825645588 -0.8628851680914407 -0.4989397635894445,84.49858707771948 -0.5638335635889183 658.5271948407786,0.69
2,942,9,0.0,-0.8761396037607229 0.4560176611748463 0.1562923140100835 0.20428251917550536 0.6448952438025484 -0.7364636969193805 -0.436632622557354 -0.6133172239693541 -0.658174699985659,110.55406155239694 3.7372625645910498 720.5198955581956,0.69
2,952,9,0.0,-0.8987110089917008 -0.23293610056719244 0.37156331273373877 -0.4283042594711047 0.284217192282472 -0.8577738914947094 0.09420182395276641 -0.9300329890190023 -0.3551966437064862,38.496648840254984 14.562258988973152 664.4568752477062,0.69
2,956,9,0.0,-0.9428003856670365 -0.32030405228210956 0.0923728687318246 -0.16224442009416815 0.1988255519233464 -0.9665118457891156 0.2912115741765673 -0.9262147234815671 -0.23942035225011582,35.879381584253586 23.82671749937075 656.3442482433593,0.69
2,961,9,0.0,-0.6172185550164357 0.7861830233741567 -0.03094364396274643 0.7179524868151439 0.5466921456251385 -0.4308966518641485 -0.32184698541290346 -0.2881734749591861 -0.9018705928849069,142.1586715611712 -40.371420146514424 746.4967777200873,0.69
2,968,9,0.0,-0.3836775402243269 0.8914726813032863 -0.24097303504197112 0.7549488296756239 0.15251603278320258 -0.6378017907747502 -0.5318306212496752 -0.42663253302344617 -0.731533233740739,99.22286583494234 -150.52746494655673 788.5232692981982,0.69
2,969,9,0.0,-0.5159028908465131 0.8078267727218311 -0.2850615942038527 0.7613232907129337 0.2798129148177021 -0.5848859544554404 -0.3927226174213053 -0.5187683856742357 -0.7593736285852352,171.37008527031787 -77.00001489282542 810.7566162428302,0.69
2,972,9,0.0,-0.9837333244451193 -0.17543876629391525 -0.038600332348605416 -0.09176727565856707 0.6755317309659117 -0.7315980095492363 0.15442640154571488 -0.7161550947521556 -0.6806426130989545,133.73572703013198 92.04357654303354 605.6993447094219,0.69
2,982,9,0.0,-0.9903034742311297 -0.12392071631684806 -0.0627908034131873 -0.09030528140097616 0.9176990323849687 -0.3868765204956002 0.10556507508094132 -0.3774548211736225 -0.919991235227784,13.426397320118017 92.6419725668304 678.3994147215269,0.69
