scene_id,im_id,obj_id,score,R,t,time
2,3,12,0.0,-0.33639764981847464 0.941449990013556 -0.022550776041687093 0.8268811836786911 0.283830846502367 -0.48549722826384556 -0.4506707548474091 -0.18196693896756447 -0.8739473118260855,-63.26613459644964 115.61533470942784 945.3250070667395,0.69
2,8,12,0.0,-0.32560063531939876 0.9270630870935641 0.18584471697671398 0.857548545018471 0.37233737300460856 -0.3549300967806627 -0.3982395249297932 0.04380540163699112 -0.9162348866808743,-236.42891262998143 227.1138584064409 965.7332025435061,0.69
2,17,12,0.0,-0.46328993570099714 0.8857279931210008 0.029126580300652294 0.4376891018971879 0.25726915806064166 -0.8615339983954212 -0.7705781501954224 -0.38639164394770875 -0.5068637015300939,-137.0836308797875 112.65607762669761 948.4688021316894,0.69
2,27,12,0.0,-0.37491640057976955 0.9204583403783524 0.11042706282537273 0.40167874131134956 0.26864215935135516 -0.8754916213177434 -0.835518929381519 -0.28387996379978986 -0.4704468990206975,-13.881158233180175 172.41529165682826 932.5076059131162,0.69
2,36,12,0.0,-0.3636570936316579 0.9264330570398132 0.09734119926958998 0.7900951018544595 0.3621076626401316 -0.4945985955124538 -0.4934604829942991 -0.102955483006817 -0.8636532407406726,-105.85327988897227 197.80119251104728 929.1808415982771,0.69
2,38,12,0.0,-0.08375657013353544 0.9960845609300154 0.028291066369523332 0.916230042209576 0.08814259218687437 -0.3908367858777077 -0.39180013618183557 -0.006814023733229535 -0.9200251205094664,-21.485972639443656 277.3501349493092 1003.4297850783447,0.69
2,39,12,0.0,-0.053231410029760284 0.9985758931337348 -0.003550019493939377 0.8687767191127823 0.04455881362859582 -0.49319521941685696 -0.49233467206146786 -0.029337651238227375 -0.869911416700546,26.200551852773643 300.50181973817564 916.1033196680363,0.69
2,41,12,0.0,-0.011799048555427794 0.9992208813239408 0.037661821243714255 0.7473715038109142 0.033834920763449516 -0.6635442965080355 -0.6643016014918217 0.020318180605997105 -0.7471884325872977,84.05743610856179 221.91426971296121 918.2602593138105,0.69
2,47,12,0.0,0.1363883473055344 0.9831366623432847 0.12182168064745791 0.511175904122724 0.03549360945579805 -0.8587429177187518 -0.8485855370930974 0.17939483505470716 -0.49771485751594147,74.99181640860672 124.47372233513335 864.2163071327992,0.69
2,58,12,0.0,0.1846564262636048 0.9559668681247941 -0.2280994328954506 0.3275913118125084 -0.27868761969485595 -0.9027829988728051 -0.9265991240361247 0.09198128981748227 -0.36462790027505937,26.593888144123795 157.88527415163182 849.8845780541837,0.69
2,61,12,0.0,0.28489932462676126 0.9393014953120271 -0.1911676639283061 0.3145971261734291 -0.2800110350440228 -0.9069853738936449 -0.9054617733679514 0.19825872277951667 -0.3752765058076506,143.81319213204762 62.50723796850356 810.4163430766548,0.69
2,62,12,0.0,0.4928623956233662 0.8623852173180167 -0.1156650160236618 0.407400840417573 -0.346179842970148 -0.8450941199347083 -0.7688375733582822 0.3693930877432886 -0.5219554890218391,-18.4762502798826 56.911084375665695 906.3907722935677,0.69
2,64,12,0.0,0.532650291505092 0.8405052150081942 -0.09916980641086726 0.2717279369033638 -0.28080877391561404 -0.9204946283375319 -0.8015282872524095 0.4633545252137272 -0.3779616233140344,-7.446737426533773 68.10872607798395 871.0853541980908,0.69
2,65,12,0.0,0.3268309264425604 0.8192829034687055 -0.47112320002796004 0.18597413109258004 -0.5445056798210992 -0.8178796899342362 -0.9266041053681217 0.17969164901700502 -0.3303267218807648,33.82330892738251 111.08739444379248 1048.8284803301262,0.69
2,69,12,0.0,0.18413669030099666 0.9810253183130195 -0.06068775917624186 0.3160017962868724 -0.11755241266674721 -0.9414479778616006 -0.9307182946673311 0.15417767382168368 -0.3316514749951668,-106.1286488557151 121.54836463598281 1095.4639732680257,0.69
2,72,12,0.0,-0.301308089030504 0.8762637627699583 -0.3759990073670674 0.3825701043543388 -0.2501007015012313 -0.8894322651910612 -0.873414878931597 -0.4118391156323379 -0.259874954730304,-57.94678612552304 169.08781933401025 910.8151403611336,0.69
2,79,12,0.0,-0.9219332270093628 0.34874276123387776 -0.16857523965005447 0.3262480585502124 0.46450812752932746 -0.8232826997765803 -0.20880931307851172 -0.8140090208014701 -0.5420221257711827,-19.198671312934284 93.7739747122811 1058.0048839363822,0.69
2,89,12,0.0,-0.0604386430876338 0.8836060292413257 -0.46431406990323165 0.507843016284947 -0.3732401084963338 -0.7763937739448019 -0.8593268535501103 -0.2827228439621079 -0.42617502539408003,-103.4514245492817 134.11765753174612 904.1584675577176,0.69
2,96,12,0.0,-0.9042849145964933 0.4133926643665094 -0.10665504339304016 0.14713961913207457 0.06726332912034194 -0.9868260115325883 -0.4007726608875421 -0.9080650580237116 -0.12165165301594627,-94.83655465895194 148.20311325768435 953.2400706329145,0.69
2,97,12,0.0,-0.8662293413710896 0.4660677371578922 -0.18007662960065132 0.47520067157433676 0.6571276430567441 -0.5851218526648851 -0.15437308665407837 -0.5924222523768079 -0.7906989471383418,31.417868563332398 -37.770549239629574 962.7567033422465,0.69
2,102,12,0.0,-0.9362049101911203 0.3371083239933018 -0.09938985878078026 0.3400237586445256 0.7972452098364392 -0.4987824364891984 -0.08890562238287196 -0.5007574795120676 -0.8610097194697834,-62.10370337864027 -71.33952353089377 1024.1998614515987,0.69
2,107,12,0.0,-0.9623111177618087 0.2715146753773816 -0.01539784682134409 0.2507814646666383 0.8640768924124291 -0.43643989388979315 -0.10519491247999646 -0.4238524567035012 -0.899601648139182,-202.16367758072244 -32.40217994991521 1029.067778021757,0.69
2,110,12,0.0,-0.9145577396548887 0.39333598049192564 -0.09418570638794514 0.3542661259705634 0.6666917860236891 -0.6557572526768979 -0.19514008513667713 -0.6330946760943418 -0.7490737468860131,-92.07224548343824 38.95947433116342 1073.8898871196507,0.69
2,115,12,0.0,-0.6083846231272523 -0.6349447358625138 -0.47614423523003413 -0.7922047044624903 0.5219443178261866 0.3162053688925222 0.04774784361424009 0.5695781873364185 -0.8205491039180715,27.85408566955996 -17.13126695860545 126.01414275383824,0.69
2,119,12,0.0,-0.5203208299067181 0.8468949187365439 -0.10970519852498695 0.7452343186658278 0.3875749180082042 -0.5425969896835153 -0.4170036501613186 -0.36408059485388167 -0.8327984607352371,19.792429036632736 78.3661026482158 875.1576758692104,0.69
2,126,12,0.0,-0.3908915817465177 0.919189856485035 0.047893413479575805 0.8734992582240236 0.3868596864755379 -0.29553109626928903 -0.290177216889585 -0.07368575652775881 -0.9541318525671106,-33.22610183243469 120.78564847859671 926.3519629679233,0.69
2,136,12,0.0,-0.6712957515733287 0.5856570093042456 0.4542773176952669 0.29392711114482073 0.7729979362387427 -0.5622108535991676 -0.6804181561757886 -0.24388533786074806 -0.6910507034385313,-263.7639420294174 32.144128857356066 893.9161918785967,0.69
2,153,12,0.0,-0.9413985843696783 0.2807570850370156 -0.18693358325427678 0.30697708839685023 0.4835154069953608 -0.8197425927676943 -0.13976327323785043 -0.8290888434900253 -0.5413667121778122,52.52967298225583 -46.2931319692093 971.3011513062476,0.69
2,156,12,0.0,-0.9188895036571849 0.3905995725184999 0.055444152234636224 0.2130891215059027 0.6096672226362175 -0.7634781620576218 -0.3320167260312273 -0.6897375236939097 -0.6434493313727963,-246.00104692025513 26.110105485781716 1003.927160529078,0.69
2,162,12,0.0,0.07821345208237085 0.9949452903682325 -0.06298035477378813 0.878284993459949 -0.09865764614189543 -0.4678484146823604 -0.4716970703496216 -0.018722660917029926 -0.8815618729231488,68.9423500540043 197.4378556793274 935.2647950671709,0.69
2,166,12,0.0,0.5165572387891846 0.8557811364792303 0.028412418073984147 0.6796647789953862 -0.3896178884741623 -0.6214931127326256 -0.5207920959919099 0.34034768609063926 -0.782904237646662,80.68437117992255 150.80344027725678 825.5744408182985,0.69
2,175,12,0.0,-0.02537183874214599 0.3355720716942133 0.9416727958785345 -0.6601419846759397 -0.7130047551588635 0.23629807275760895 0.7507122150777576 -0.615642431789511 0.23961545508030846,66.66435690465708 148.96289326595104 639.6339698477615,0.69
2,176,12,0.0,0.2100967226179037 0.9757709768491032 -0.06107673766797944 0.9218157656010899 -0.21851955083501728 -0.32016386459458424 -0.3257530681889164 0.010963878958178935 -0.9453913115338524,30.075776745573055 168.4695226707758 893.6976438300944,0.69
2,178,12,0.0,-0.9632428842208471 0.000746145438511904 -0.26863095366113043 0.11990565651640356 0.8960459511895849 -0.42746261461339896 0.2403867291122246 -0.4439606926561602 -0.8631993534769291,80.48207134338449 64.45184799063517 1031.0882769429993,0.69
2,203,12,0.0,-0.5870530531390268 0.802515312164244 -0.10647951231139985 0.7916586178040949 0.5415941759242078 -0.2827585214657365 -0.1692493593980714 -0.25028967686843456 -0.9532626773331877,19.8954482889664 116.48727587114976 850.7200440072427,0.69
2,207,12,0.0,-0.4685073670105513 0.8805991431035775 0.07103517594886286 0.7862760333312709 0.4522822610633883 -0.4209640789143789 -0.40282855716257604 -0.14137151584613683 -0.9042915724707837,-21.63953001517353 37.29626661211063 893.4372875119536,0.69
2,217,12,0.0,-0.5708063091780706 0.8066175430007996 -0.15345454286485688 0.3623042318139682 0.07971658906255707 -0.9286446624182587 -0.7368282031872826 -0.5856734625638973 -0.3377436812676381,-142.80130289437594 175.27881378021772 824.9110457404673,0.69
2,219,12,0.0,-0.7772996773234577 0.6225160102524095 -0.09098916755455255 0.14689537363343166 0.03895389638536162 -0.988384714148035 -0.6117409262407927 -0.7816370071432265 -0.12172357300965408,-133.3972306598098 102.87093563264735 744.7055622444943,0.69
2,221,12,0.0,-0.8011180434905586 0.5937483017112046 -0.07531822228996027 0.139824105885173 0.06330946237519963 -0.9881503586940478 -0.5819442411496754 -0.8021563851200236 -0.13373867804006823,-218.57149478170933 159.65488829166833 889.5567111836872,0.69
2,224,12,0.0,-0.6428084670937441 0.45511123042048296 0.616174522824293 -0.04724431604225324 0.7792920320869572 -0.6248775106590737 -0.7645686687500939 -0.43078729864160936 -0.4794340977598217,-98.81723813901216 -89.8797025764179 722.6120210634049,0.69
2,243,12,0.0,0.23760012159579835 0.9693713635718638 -0.062171872293562636 0.5303295604327657 -0.1830789444454506 -0.8277878094245705 -0.8138161583237649 0.16371090247007053 -0.5575858686010469,57.79439635439133 21.379542163054406 753.2254261131284,0.69
2,248,12,0.0,-0.08390647584570782 0.943978401442242 0.3191621545887028 0.26423234050686684 0.32990309414254404 -0.9062809822044369 -0.9608022551708634 0.008290119765426485 -0.27711062840111,57.51867127054241 99.06235932077144 698.8987388745594,0.69
2,249,12,0.0,0.15344684494164007 0.9856070784030981 -0.0709418972058522 0.7074364690066706 -0.1596958096295671 -0.6884990128577755 -0.6899186242571151 0.05546111600451703 -0.7217592095115262,-7.902390103499761 210.4560179588641 781.4769576394,0.69
2,254,12,0.0,0.47584719366486505 0.8785056922367271 0.04239336019876025 0.7392090541717071 -0.37334792756852925 -0.560518776858416 -0.47659146290281296 0.29805884266022575 -0.8270559254368495,76.38346414779159 74.98419676559367 780.3362534814039,0.69
2,258,12,0.0,-0.8975197160580115 0.35653241046641554 -0.25950529777666176 0.33724140957585585 0.1757896734672273 -0.9248601096217608 -0.2841242526685047 -0.9175961153957077 -0.278012190481408,-60.073627802940734 137.24537526328493 878.4388457806385,0.69
2,263,12,0.0,-0.965674749653686 0.23631376081154998 -0.107833595564612 0.18471811332680138 0.33287881177423084 -0.9247004462423294 -0.18262392091475235 -0.9128786902556536 -0.36510409527536747,-156.69256958132175 27.189893032319812 922.5400146959797,0.69
2,266,12,0.0,-0.07064971655165042 0.9967156602636521 -0.03957916290629504 0.8697494354686769 0.042125131674476624 -0.49169237616961825 -0.48841021391151185 -0.06916188160106396 -0.8698690114496042,74.68514256411021 116.04666552760219 722.3407477911173,0.69
2,268,12,0.0,-0.21025809421853114 0.9771170500975713 -0.0321528260688177 0.9226332179406264 0.18744273570135161 -0.33706552179853433 -0.32332565467051355 -0.10053601962189312 -0.9409320006198483,18.292021313970963 114.76189914864155 740.9244679163905,0.69
2,277,12,0.0,-0.6136904107483578 0.7894978237272838 0.00879011293411236 0.538614338736237 0.4267627539613311 -0.7264765281404945 -0.5773029307592662 -0.44109719808815717 -0.6871350580311988,-60.16020158008397 106.83065005567799 673.3822241709801,0.69
2,283,12,0.0,-0.30938896396607773 0.8180472026622552 -0.4848476494657432 0.5798682813035174 -0.24180339577299925 -0.7779999319606339 -0.7536784760851949 -0.5218523661047303 -0.3995483233312246,-9.295573910238057 118.95355009457673 742.5312636776514,0.69
2,307,12,0.0,0.5887408635603969 0.8066297402078578 -0.052274829376684984 0.7682550142398802 -0.5784950977315833 -0.27409424473309807 -0.25133330195069514 0.1212100825539266 -0.9602810459536474,97.36158690807059 -36.17678459364385 785.3456314810766,0.69
2,310,12,0.0,0.5674727629365159 0.8180114519529409 -0.09397833686035267 0.7273648398128654 -0.5515072957027702 -0.40838718465522617 -0.38589513229529243 0.1633920660878565 -0.9079581375869376,168.2324085225052 -99.12594395119436 848.764327060204,0.69
2,322,12,0.0,0.4061003403065473 0.9031368072222483 -0.1393786965189085 0.27478150640553917 -0.26614588218305435 -0.9239380353327308 -0.8715375134441483 0.3369128623804786 -0.356247225704543,196.5688325378842 35.20524438538776 876.5753082403377,0.69
2,326,12,0.0,0.43185469818608135 0.7771153150812722 -0.4578136157004772 0.247397539442003 -0.5901789398819844 -0.7684290965325427 -0.8673499738471498 0.21858775351311943 -0.44712796477231925,159.18645064649604 -142.21718216566018 694.4105076475009,0.69
2,338,12,0.0,-0.5351282137152727 0.8439027143935929 0.03828842547072858 0.6036899650804002 0.4137249742869106 -0.6814617169823414 -0.5909282705600796 -0.3415550530886955 -0.7308515066430743,47.102672246230625 43.73145155988432 565.6421472489395,0.69
2,342,12,0.0,-0.8042369153735902 0.5893424671258997 0.0766709879441404 0.4822075437260688 0.7224939148377357 -0.4954577961805774 -0.3473886421920614 -0.3614941209264696 -0.8652416609315312,-41.90130889167919 79.8093985716518 601.6127499680805,0.69
2,356,12,0.0,-0.7935468939164441 0.6081008857107724 -0.022285420196578698 0.19199396923985795 0.2154559701550548 -0.9574534143758998 -0.577426742480021 -0.7640628493274085 -0.2877261186381823,-182.76549346082965 31.703379827952926 652.9776663728161,0.69
2,362,12,0.0,-0.5770151379931812 0.81649941174648 0.01955098832187968 0.16703863917681916 0.14140957421792244 -0.9757568474478993 -0.799469588882946 -0.5597607014940924 -0.21798241560771647,-143.54081738357567 37.63410262224635 582.4116772134531,0.69
2,365,12,0.0,-0.11024728269026673 0.9624290395611586 -0.2481448779821943 0.5078591333289575 -0.16006312594910166 -0.8464389501941425 -0.8543562707405924 -0.21934023689416332 -0.4711318532273528,-114.78658703032882 21.719746037243155 598.613638655523,0.69
2,368,12,0.0,0.6133634158647067 0.7638713633379849 -0.2007133786047849 0.6079407067162651 -0.6188567862887189 -0.49741770694430165 -0.504175978400506 0.1830759906065442 -0.8439726088371146,89.2500033896434 56.19399562035067 622.8171717756317,0.69
2,387,12,0.0,-0.5723995026804068 0.695421500365569 -0.4344510860390661 0.800043677256038 0.3575434527624418 -0.4817600999142095 -0.1796911901398057 -0.6233390860647303 -0.7610252689432375,-71.87462775265952 39.43449798328722 694.225384540571,0.69
2,389,12,0.0,-0.9524287187440025 0.09690549392352518 -0.2889443907728535 0.3045995962865379 0.3335789344206964 -0.8921570379999423 0.009930843556112179 -0.9377283293994002 -0.3472275314373471,-93.11768203055065 54.75994625141216 639.670504478859,0.69
2,402,12,0.0,0.6717546903254338 0.7158555155876204 -0.19051644765888948 0.6899077555189183 -0.6982414468331382 -0.1910135356439812 -0.26976457310148927 -0.0031245363092930606 -0.9629212389246709,246.1341973758666 184.67366142796996 971.9153044819639,0.69
2,415,12,0.0,0.42004853089456773 0.8703501281256676 -0.25700172405053834 0.5125261620317154 -0.4612260241332192 -0.724284120974154 -0.748916660868454 0.1725143737023005 -0.6398145246395615,367.76252822138184 83.0561558332793 844.8352004892774,0.69
2,417,12,0.0,0.1335614933665048 0.931221928059569 -0.3390974022176043 0.5287969025028476 -0.3563486350108923 -0.7703177826256302 -0.8381737071711943 -0.07642886252517772 -0.5400217269518,322.58073996648505 119.77665241743486 828.4942224019987,0.69
2,425,12,0.0,0.41548562943742406 0.5762549864981075 -0.7037768696590228 -0.016561857509927946 -0.7688005394318396 -0.6392741473304966 -0.9094489521720326 0.27726507372076 -0.3098817230619022,273.1860656828487 -118.6019176422737 936.8892084516681,0.69
2,428,12,0.0,-0.3857747182951887 0.8658593845886765 -0.318536328923384 0.38878194568333624 -0.16054002560573 -0.907235084688192 -0.836675842507089 -0.4738295329527593 -0.274698213075409,17.41812707657204 108.728489334147 916.5939140897311,0.69
2,434,12,0.0,-0.10152423024267676 0.9335778315119518 -0.34369355999650913 0.4228693175157876 -0.27221701920231334 -0.8643375699113973 -0.9004856306334734 -0.23308866760537567 -0.3671447971258568,43.1708241152161 63.59253697472976 945.487574706601,0.69
2,435,12,0.0,-0.07225781741526971 0.9386471255944202 -0.337224526741035 0.37670669778207283 -0.2873807421326956 -0.8806272610460044 -0.9235100820611046 -0.19066694171930904 -0.33282915387161904,48.00126174759595 74.73787925573224 911.6050651310258,0.69
2,438,12,0.0,0.22790251882811752 0.92953678727907 -0.2898651462433951 0.2687256290803085 -0.3461836948614064 -0.8988567103201139 -0.9358669660732727 0.12695751457479743 -0.32868649395099575,-72.66516983367568 124.02519364803508 933.8779299913668,0.69
2,442,12,0.0,-0.03662311988137923 0.9744315706528853 -0.2216796364240634 0.2627603465198215 -0.20463333964424946 -0.9429115529055865 -0.964165829817121 -0.09278098092277354 -0.24854766583508792,-50.284291107643 176.00515432952244 893.4962697781589,0.69
2,446,12,0.0,-0.34779087537045483 0.9375102799832254 0.010769490927005798 0.6440255582366242 0.2472322894844764 -0.7239525366861203 -0.6813755112616369 -0.2448482590545378 -0.6897657157984185,-54.67647615888225 114.10876629560994 811.6656436567796,0.69
2,453,12,0.0,-0.5334010928235591 0.8211801296249932 0.20284592400073592 0.729224460451265 0.5679482893798913 -0.38166271349192193 -0.4286198320822245 -0.055659098982421135 -0.9017688751815904,-188.61802058556117 200.92563355380176 976.8870540801754,0.69
2,473,12,0.0,-0.4201471400003379 0.8421787404305101 -0.3379516976084244 0.6023281784377972 -0.01973516518100127 -0.79800456685102 -0.6787320135438888 -0.5388371668901081 -0.4989763134343155,-217.59729462249112 134.28377669597748 1010.630893722091,0.69
2,474,12,0.0,-0.6911057664270954 0.6730009988353043 -0.2635194019003147 0.6370340653627506 0.3949784384445991 -0.6619513824528747 -0.3414094597087542 -0.6253492534020875 -0.7016964387046782,-34.956943937629006 111.89197517109147 832.7131371812296,0.69
2,476,12,0.0,-0.49822811883302726 0.8564637541852955 -0.1350502846014495 0.7190934549736951 0.3211425633839169 -0.6162564863733287 -0.4844309492777036 -0.40415008567367183 -0.7758797352888311,139.5596201266881 27.918167027187753 846.17668788552,0.69
2,477,12,0.0,-0.6523892692067983 0.7539306909402914 -0.07730947343058814 0.5999428819237986 0.45140908002539026 -0.6605288645468861 -0.4630947849552908 -0.4773032115216977 -0.746809791324596,211.38404866116505 -102.03905516958677 923.7415742316846,0.69
2,480,12,0.0,-0.7246494076218155 0.6826720167052035 -0.09403272643607793 0.4460269811327028 0.3606211357887378 -0.8191534218472685 -0.5253029298747528 -0.6355401749929674 -0.5658140311400107,149.61459463686793 -135.66408951497743 919.6275986527946,0.69
2,491,12,0.0,-0.6877131100787054 -0.3005946858261277 -0.6608278997431676 -0.7235291645056638 0.35855741966484156 0.5898661923801247 0.059634103796489146 0.8837869718752263 -0.4640736601101247,150.45411550041916 3.3622365183391687 1303.1823590529023,0.69
2,494,12,0.0,-0.9684993973318895 0.2024003428168912 0.1450621197810498 -0.08667296002957806 0.27212278260988143 -0.958351182596634 -0.23344531558263895 -0.9407355060867324 -0.24600811413500523,224.82002260027866 180.93593619910604 868.9977519052596,0.69
2,499,12,0.0,-0.9966882901533771 0.07876601017194383 -0.02020811502171442 0.024207135854935623 0.05015122833015184 -0.9984482304409565 -0.07763032168449574 -0.9956308401905649 -0.051891841522454296,183.13568093755816 224.3068695544337 880.6832652161352,0.69
2,501,12,0.0,-0.9875756383781171 0.11219080635498152 -0.11003445574670434 0.1452512900741556 0.38448493276477935 -0.9116322719214455 -0.05997016936651006 -0.9162884695587311 -0.39600381227946546,288.1705414310835 -15.327026123058685 752.2525735776239,0.69
2,503,12,0.0,-0.9202868031362779 0.3707840517955146 0.12486547524160058 0.020913124238067793 0.3653126848450583 -0.9306499253349234 -0.39068509212383923 -0.8538535174287194 -0.34394669582188275,244.28217245139663 95.09680633264362 1065.4972615640893,0.69
2,521,12,0.0,-0.9824335745360757 0.05995086054593236 0.1767205872106338 -0.07954523772688678 0.722116275673803 -0.687183119380831 -0.16881003163094935 -0.6891690494550654 -0.7046624684868349,179.2573239121383 -43.72310591020701 917.2883965227151,0.69
2,527,12,0.0,-0.8554369669100175 0.5104436603495681 0.08760630829297902 0.09418189188710577 0.3196544139383428 -0.9428418885954849 -0.5092714078802729 -0.7982908775995564 -0.3215187519523163,234.82872703323523 20.757271976841032 843.4646953955021,0.69
2,529,12,0.0,-0.9307100812660917 0.3657273401870752 0.004717761052916769 0.09629059795726178 0.2574450102454644 -0.961483326659774 -0.3528553037361037 -0.8944079490587056 -0.2748227706830383,236.3839141654803 38.90905066558542 838.9046020460848,0.69
2,532,12,0.0,-0.9999674593099298 -0.007277710380311242 0.0034806971807700452 -0.008038515196061852 0.9352666508896806 -0.35385261622184266 -0.000680143136841959 -0.3538690812507082 -0.9352947186529458,234.18810824232833 -100.18540612687829 915.1113121664499,0.69
2,535,12,0.0,-0.9631381644238646 0.1904052582862722 -0.19002819224306378 0.2253269127346587 0.9568939162687693 -0.18325341853642277 0.14694440658866992 -0.21931682704424618 -0.9645244790815565,273.0838217207734 -19.4573688524464 1029.6015076187473,0.69
2,540,12,0.0,-0.6721943197472553 -0.7036825797553631 0.23018606267183422 -0.6627082370351637 0.43323867869250476 -0.6108371631216597 0.33010996511052143 -0.5631474711242243 -0.7575568207739412,97.13984161827936 71.6451397568263 777.4210192084714,0.69
2,543,12,0.0,-0.9240579857542489 -0.31317311112295054 0.21917901686377805 -0.3304544436936028 0.36626722346855056 -0.8698552647744281 0.19213718954682296 -0.8762253839522175 -0.4419415989820795,207.94643096873017 93.7158295674229 840.1810579524697,0.69
2,549,12,0.0,-0.7449204273660901 -0.6602378007663424 -0.09581024648723689 -0.6248101464195114 0.7407573905720054 -0.246760550421219 0.23389279130394397 -0.12395376054068616 -0.9643285889280022,250.2279285334336 105.51212017519225 786.2288008188318,0.69
2,560,12,0.0,-0.34702019023842057 -0.9378511437426869 0.003495675531955178 -0.5427232262571691 0.19777383341453303 -0.8162946836146432 0.7648715495087396 -0.2851679207012158 -0.5776251117766997,-45.080996988934245 84.96037236604838 839.834485309817,0.69
2,563,12,0.0,-0.7680651123420549 -0.5630176018606527 -0.30510188986315046 -0.040761917338491716 0.5184630916472474 -0.8541279112021032 0.6390731173331237 -0.6435893120575087 -0.42116308967841193,-139.65400758679198 90.1037061428314 753.493189416378,0.69
2,571,12,0.0,-0.033435283421593964 -0.9955163657430457 -0.08848303430757887 -0.39650522422078427 0.09447985045995844 -0.9131577985335774 0.9174233967956906 0.00455229555525305 -0.39788640039216516,-86.23396429275623 123.20024356075794 888.2461516903271,0.69
2,575,12,0.0,-0.1267271089604537 -0.9754023741681418 -0.18036199245316964 -0.1877873499408026 0.20213115231705925 -0.9611861986447725 0.9740000775445223 -0.08793864753411645 -0.2087837235349888,-208.87830822792168 123.88102644984785 889.488411491313,0.69
2,589,12,0.0,-0.6531155783904037 -0.757092345466516 -0.015849974756380086 -0.6594745648728618 0.5789427794379057 -0.4794982340139129 0.3722006710761251 -0.30271511123946426 -0.8773996933426413,-87.07024874559086 101.51807893267649 733.3569175052389,0.69
2,603,12,0.0,-0.5847434119409702 -0.7786440500735927 0.22757105588502524 -0.2748440899843494 -0.07378030637964561 -0.9586538439870779 0.763240373927053 -0.6231130793648277 -0.17086316727772055,-251.24218006100912 -24.454103868132066 1058.102440258655,0.69
2,607,12,0.0,-0.5649102134345528 -0.7571163336761086 -0.3281025876736955 -0.11122314717938547 0.4638644280093098 -0.8788965831991318 0.817622077911819 -0.46000505400315217 -0.34625061444381056,-180.21930444525705 87.39941748818312 640.3048818001025,0.69
2,611,12,0.0,-0.45850659047972947 -0.8227211357247438 -0.3360083917381251 -0.15400312264664717 0.44593060369298765 -0.8817193061882502 0.8752455339513223 -0.35252777127737817 -0.3311637446588457,-195.2565089814521 57.61824305816746 605.8988202622693,0.69
2,615,12,0.0,-0.859277313465822 -0.48666978932266486 0.15746432841628719 -0.49611729823051004 0.7179946604384816 -0.48821234517194356 0.12453965215712828 -0.49763056954176643 -0.8584018239135555,49.610738235999655 28.883951084371308 711.9863678307174,0.69
2,642,12,0.0,-0.9859671615503978 -0.11645822123717739 0.11960869136699277 -0.1637733130530565 0.8136507834143197 -0.5578088423294211 -0.03235827986586175 -0.5695699126143655 -0.8213057021405529,191.38739515386052 -33.59654775165881 828.9768159814128,0.69
2,648,12,0.0,-0.992764050187075 0.07531811489912518 0.0935239125796022 -0.03359642780999722 0.5735183727908345 -0.8185034857040998 -0.11528582174128153 -0.8157229049373298 -0.5668380030185358,230.01836909615176 -53.838446099202564 816.5725587585202,0.69
2,649,12,0.0,-0.9875632539059724 -0.155442415761554 0.02358972057613417 -0.1278950406857411 0.7069905348563857 -0.6955625365065851 0.0914422118205839 -0.6899290101203849 -0.7180781871716098,214.1690253922113 -31.730264481061788 707.6853424358966,0.69
2,650,12,0.0,-0.9964602168811456 -0.023941305848851582 0.08058442807039196 -0.08404612213599034 0.2630499818213481 -0.9611144346110353 0.0018126022957685034 -0.9644851066439749 -0.26413101585175003,207.43891224365663 25.080400795725062 791.6015082057177,0.69
2,652,12,0.0,-0.6333545017096589 -0.7722430741530977 -0.050027088528946856 -0.6505074642331832 0.5662995657127019 -0.5061075388200805 0.4191683601382906 -0.28800249355895974 -0.8610182631993339,114.79666107163214 63.75379084345681 644.7329182217308,0.69
2,667,12,0.0,-0.794243601775199 -0.6063404611162568 -0.039094069275070475 -0.2016915011150433 0.32379488432948367 -0.9243794736254246 0.5731471359233329 -0.7262975410225355 -0.3794657329555582,-208.3090052795971 12.63455077407491 690.1952517368677,0.69
2,669,12,0.0,-0.6859958212880755 -0.7275089504248597 0.01185159175038128 -0.5265021954255162 0.4850847290967857 -0.6982035833546043 0.5022003299355849 -0.4852046296654817 -0.7158011567214545,-222.52964203269127 -44.40239077935682 716.7925953268928,0.69
2,679,12,0.0,-0.9757379790584739 -0.2188456369531368 0.00647946058410917 -0.12630325279024407 0.538464730222009 -0.8331285750960307 0.17883759268534366 -0.8137335691081662 -0.5530414034672235,20.174940438467285 -22.40272851135663 619.7849742056426,0.69
2,691,12,0.0,-0.15585785178673445 -0.7714146885054908 -0.6169503289523403 -0.3961443824145817 0.6209690606352923 -0.6763631081121236 0.9048635025890889 0.13898490598514346 -0.4023744991801877,118.01316598908997 55.61996581151025 627.0877156331799,0.69
2,695,12,0.0,-0.817509573993752 -0.5753911214499043 0.024559189424238348 -0.4681405669858791 0.6390815796070666 -0.6102615374977167 0.33544374486744255 -0.510391802406307 -0.7918192357260257,151.4604652056102 34.08286247240432 740.7721822274278,0.69
2,703,12,0.0,0.9718910292531788 0.23408841985688328 -0.025108543289189073 0.1355320482187805 -0.643508014269418 -0.7533448741955128 -0.19250686004093384 0.7287661128647095 -0.6571461493284748,253.15591040484287 118.95844832458111 1095.6854791456087,0.69
2,708,12,0.0,0.9854527705078856 0.13503345364949917 -0.10319303994854279 0.07840548958507156 -0.8999486499013312 -0.4288881051552918 -0.15078267904921383 0.4145580706442223 -0.8974442544038498,193.93864570000875 62.89238389245458 1039.4863912369176,0.69
2,711,12,0.0,0.6555259364205313 0.7547973107827672 -0.023806854371980934 0.2533044213120323 -0.24946974207194395 -0.9346666346534118 -0.7114229521344968 0.6066678394522498 -0.35472738229600637,133.20662391168014 240.96074657952772 1048.622408736219,0.69
2,727,12,0.0,-0.6348646795587709 -0.10643689205199919 0.7652568370547566 -0.7722805865222022 0.057920635059548586 -0.6326356737611483 0.023011612930486147 -0.9926310432605912 -0.11897091083843891,163.2386390234038 191.36340509798714 866.847870442188,0.69
2,736,12,0.0,0.6707937450308036 0.7205046897029579 -0.17580882726300595 0.09759315848781291 -0.32074547940363274 -0.942124149387174 -0.7351947544997324 0.6148132477087477 -0.2854703897042566,-29.45327389617664 212.67311574483935 1085.481769026364,0.69
2,737,12,0.0,0.9777324294674473 0.17515333799793623 0.11558808137461202 0.09639048123547547 0.1144306540174459 -0.9887439003848939 -0.18640861432583172 0.9778685666332261 0.09499944681840532,-392.5794442115482 116.39058008174352 1826.7534229493967,0.69
2,739,12,0.0,-0.7246957729274888 -0.10858893258764607 0.6804590218525326 -0.6789773047336449 -0.055856149785309395 -0.7320313587461925 0.11749832491429363 -0.9925162639728567 -0.03325070513084449,3.952450196307327 28.25771951424822 652.3407460610238,0.69
2,740,12,0.0,0.5413222315291768 0.032483775128406056 -0.8401875064565525 -0.7978028928729567 0.3353514912816943 -0.5010488213923721 0.2654821760039905 0.9415328893079364 0.20744886737612095,285.36998984249414 488.4044791689971 2843.304809104507,0.69
2,750,12,0.0,0.9994649776897103 0.00742529291843042 0.03185315363950275 0.028841769423035256 -0.6593622965375038 -0.7512719309553215 0.01542435438696638 0.7517886850238333 -0.6592236815845444,195.8377123278893 -31.161067773229536 990.7452512753767,0.69
2,754,12,0.0,0.9948220212392379 -0.023015533903130464 -0.09899207673662933 -0.0634289517409221 -0.9016458577010292 -0.4277984518106898 -0.0794097861634486 0.43186228417138856 -0.8984370057893576,238.88539525301084 -150.59096065799002 1011.2309252023248,0.69
2,756,12,0.0,0.9960213337393276 -0.08083452511038428 0.03751376129249856 -0.012914413889723426 -0.5474441947363435 -0.8367425360069617 0.08817437638008463 0.8329289484701893 -0.5463100275029995,201.20700160581907 -78.01593490635487 1022.2713562454979,0.69
2,757,12,0.0,0.9967334106000212 -0.04948013832010737 0.06382964910973882 0.02487621139880452 -0.5638199912669527 -0.8255229806335953 0.0768354234718032 0.8244141758603842 -0.5607473444790909,236.09844891797206 -98.12011943991921 1015.0876185076203,0.69
2,758,12,0.0,0.9957720186890127 0.04115029382807696 0.08212636673974938 0.08869948824854028 -0.6632020421769652 -0.7431658307785349 0.023884881838852547 0.7473083062365664 -0.6640480463410598,224.3754023015912 -134.63360340083435 1054.1366726462354,0.69
2,761,12,0.0,0.3114072469634064 0.641263439382835 0.7012893324795189 -0.8628002321604319 -0.11848038486692071 0.4914653169712907 0.39824776951362445 -0.7581184602109906 0.5163865939049346,-100.33472309875022 -3.669681206377704 222.65302874919223,0.69
2,762,12,0.0,-0.8183342159609333 0.053845109339484 -0.5722148330721808 0.3979437971182534 0.7714363933640676 -0.4965144764541581 0.4146924707813142 -0.6340241282424979 -0.6527201233941159,-557.2529370325491 -67.68009596437659 1207.660586573392,0.69
2,764,12,0.0,0.9801236314104136 -0.19401609072336726 0.04141767365854915 -0.1034246464958353 -0.6778612270830379 -0.7278787669074361 0.16929562796503475 0.7091275719910349 -0.6844538530785143,166.65158009952782 65.54164622936136 1104.8568218252985,0.69
2,768,12,0.0,0.9617697369367387 -0.26903832931280397 0.0511600476271388 -0.20390659861819332 -0.828200903457077 -0.5220204618143244 0.1828143105793277 0.49163161093796315 -0.8513972556767777,139.80705312549568 -102.80260132153504 1082.2682883893365,0.69
2,769,12,0.0,0.9825628662382327 -0.18051880245483545 0.044532862584620574 -0.1367176081065303 -0.8637879113188246 -0.484952306823147 0.12600995803244205 0.4704077021262881 -0.8734060248572412,149.3042363561789 -107.30495917494137 1083.7766016975947,0.69
2,770,12,0.0,0.9251849958541177 -0.37792531719340117 0.03471567471162597 -0.33350150571753745 -0.8532593144448439 -0.4009055848915682 0.18113384313968411 0.3593341021074706 -0.9154613776299174,93.70593730334652 -68.30325900336163 931.3644760931137,0.69
2,773,12,0.0,0.8914886552928812 0.4148373503590413 0.18209324597903215 0.4525858027372452 -0.8335375759519685 -0.31682992383422315 0.020348676732741974 0.3648631006599685 -0.9308387879391469,112.98379672551226 41.30172778066683 1026.3192602364484,0.69
2,775,12,0.0,0.19339201856760943 0.0011020632534163508 0.9811209469840764 0.06024628923859742 0.9980989310270552 -0.012996480894038442 -0.9792700913370757 0.061622312024422726 0.19295797177997082,236.5066514638233 -24.69220819286637 1049.693300468582,0.69
2,785,12,0.0,0.5486424123790814 -0.779114310505143 0.3032695080369227 -0.0857798520576461 0.30836642993808067 0.9473921901030274 -0.8316449484725017 -0.5457939501802288 0.10235059172682752,-82.27789188274811 233.9525586769429 890.0639187851317,0.69
2,788,12,0.0,0.9991822442703131 0.028910040603043655 0.028267512930398066 0.03409954241360309 -0.22683761308476708 -0.973335460412898 -0.02172703251994479 0.9735034190193353 -0.22763793448268102,164.2276339088993 40.07294727193943 922.4601021460612,0.69
2,791,12,0.0,0.3030468314178552 -0.48373933300031 -0.8210717847277502 -0.4891909586520313 0.6604415593023358 -0.5696570483364579 0.8178354504059508 0.5742936569863141 -0.036496186164875474,-966.1773169996259 49.690128422427854 2640.480058014327,0.69
2,794,12,0.0,0.9736412627657318 -0.05597508633847862 0.2211096586523316 0.15120462434347268 -0.5673803409313938 -0.8094545758112215 0.1707625632774937 0.821551178219577 -0.5439612197104906,52.8308207934727 15.578308341503673 1070.150915183079,0.69
2,801,12,0.0,0.9991568095403498 0.01463904631346492 0.03835841853077122 0.04057214985337963 -0.20890358198556647 -0.977094260596118 -0.0062905171031076915 0.9778266675421733 -0.2093213740589899,152.6844739327302 70.83534405248581 1118.3407515144265,0.69
2,803,12,0.0,0.9956192818135915 0.04966483065731654 0.0792190019930058 0.08399449785363448 -0.10287558614146163 -0.991141532832908 -0.041075175122007444 0.9934535813875908 -0.10659648970236142,170.88928509102033 160.42427673128373 1063.1501281551627,0.69
2,804,12,0.0,0.9534664085796692 0.2941094232144002 0.06634346152168748 0.10027515671483528 -0.10182087753240063 -0.9897360263445739 -0.2843355423720398 0.9503326554817658 -0.12657465492338218,264.3527663462235 109.20817114721933 1052.0326584170582,0.69
2,808,12,0.0,-0.1764562639827063 0.9783996727405521 -0.10769060907268507 0.6315023699203374 0.02860682218236288 -0.7748460534258554 -0.7550284389917128 -0.20473331459683602 -0.6229095650316587,-18.195637843175334 -116.80882600192713 1081.3241988362645,0.69
2,809,12,0.0,0.8586154131855097 0.5094311379903289 0.05709192487695389 0.4342384574507789 -0.6636165357409969 -0.6091387818567182 -0.2724271174296812 0.5478074562626882 -0.7910059775703074,22.24693247444215 15.285639795414161 965.0321819031402,0.69
2,819,12,0.0,0.9699914558913628 0.22889463634663146 0.08199890822137226 0.2431229094013507 -0.9169842153963629 -0.31627709312901436 0.002797574302197972 0.3267218911638153 -0.9451163840566746,137.80013104828225 101.9127006268762 970.465442642442,0.69
2,821,12,0.0,0.9721636994045572 0.21373413890152776 0.09599718447990564 0.22672360907808814 -0.7547696433230329 -0.6155641238771378 -0.05911130726563958 0.6201939240157422 -0.7822182240061292,203.28555156826886 21.300987138096936 1020.5879265281526,0.69
2,828,12,0.0,0.8367488144119775 0.541490883086233 -0.08148033575435418 0.24356970373854764 -0.5013154550822181 -0.830275023059483 -0.4904337070398678 0.674885499940694 -0.551365886656885,136.24203974936714 17.54466028041762 927.3879686170209,0.69
2,837,12,0.0,0.9143164140319472 -0.4049934508025254 0.0024082854529987874 -0.32948835913733915 -0.747287005081918 -0.5770611347410959 0.23550566070637136 0.5268229653714422 -0.8166974023054656,100.32038261961046 -114.88259771541532 1011.3098472099698,0.69
2,840,12,0.0,0.9982930322864721 -0.05781422551386717 0.008278708625860463 -0.025715203324413294 -0.5623787803498426 -0.8264797854335021 0.05243805875758817 0.8248561224483063 -0.5629055224931448,154.78600538485483 -96.36229117577113 902.3925692602573,0.69
2,844,12,0.0,0.8295454621926206 -0.5489904412612456 0.10229282261925404 -0.32987512163721444 -0.6295311012687455 -0.7034721008399648 0.45059597233049514 0.549818231726762 -0.7033229569553323,278.2197908806097 -207.07118156252 1044.1949921732855,0.69
2,850,12,0.0,0.826909127333326 0.19458306934851496 -0.5275971230548436 0.3044296741639372 -0.9437494332928358 0.12907199792321422 -0.4728042603670951 -0.26734703342727073 -0.8396318807050873,-711.4170898622846 -177.95087467161432 1596.322510869973,0.69
2,856,12,0.0,0.8811221377681525 0.4575848609453033 0.11933094053324307 0.37244099698631244 -0.5160062540856062 -0.7713787976787945 -0.29139574825093545 0.7241226697032819 -0.6250878955179577,173.4440075520407 15.51415131902936 948.9205145322475,0.69
2,867,12,0.0,0.7967156219007936 -0.5540604730174372 -0.24137359022669586 -0.5790159740425225 -0.5853555965045192 -0.5675379524264675 0.1731609644891715 0.5919255171730072 -0.7871718125648605,122.81695172938863 -93.10437980925474 977.1958788541729,0.69
2,871,12,0.0,0.18611172629099715 -0.31115746949339157 0.9319567879013779 -0.9535147541970108 -0.28600432023490885 0.0949270369050968 0.23700641102214698 -0.9063015822481151 -0.3499219958061572,-41.406095804580836 -93.22188995996069 888.7432861600597,0.69
2,877,12,0.0,-0.7192015022265472 0.365683809385768 -0.5907829980188929 0.633992465834577 -0.0024747915331115866 -0.7733352627883074 -0.28425824959017565 -0.9307358524092542 -0.230060906239953,43.13090942854269 144.0688200025927 1094.5422598586495,0.69
2,886,12,0.0,-0.42139640888848096 0.16623009588705379 -0.8915114255001297 0.8993381732857411 -0.04988964758516723 -0.4343982885957251 -0.11668726000279128 -0.984824135714194 -0.1284737524470746,-429.6768633326281 5.519771477299593 1161.8197514976146,0.69
2,894,12,0.0,0.8796169756142713 -0.4671808276945877 -0.089532398860986 -0.40879330177736706 -0.6461742340360707 -0.6444741233671495 0.2432324251269991 0.6034906242043013 -0.7593662185430304,145.99259445243828 -121.80065505439242 867.1749165124445,0.69
2,902,12,0.0,-0.5019514963668146 0.26916872060630254 -0.8219445815517504 0.4236330068057002 -0.7520193269383437 -0.5049772345917803 -0.7540422871695441 -0.6016769330449413 0.26344847200497534,-537.4159850005288 -221.2385087817167 1077.0880956374135,0.69
2,903,12,0.0,0.1352087386626215 -0.4675296778043691 0.8735757536478479 -0.9707786708251767 -0.23893076937331026 0.022379895388071724 0.19826086164486906 -0.8510746664181825 -0.4861733671449037,114.1910762467479 -9.14071224269045 1086.7032765324348,0.69
2,904,12,0.0,0.6935980257323018 0.6905370970897213 -0.20513482454998735 0.34368701672617424 -0.5674827638096982 -0.74822626745709 -0.6330884718853408 0.4484660860330544 -0.6309335594530355,-249.02053276726974 141.86163410489763 929.6073480121119,0.69
2,907,12,0.0,0.8091516127942081 0.5803328936123698 0.09212708670106726 0.49259709966803095 -0.5844634568205124 -0.6447872246253498 -0.3203463202710095 0.5671121584245139 -0.7587898489410049,165.0664447563484 81.34976643319723 739.2618909913635,0.69
2,909,12,0.0,0.6059202567361474 0.7920661752561295 -0.07410679113230717 0.461299061036734 -0.42571948677505966 -0.7784382408814505 -0.6481233052154727 0.43748610560234485 -0.6233314436489349,149.72646377967442 52.62503701941301 804.8917292320942,0.69
