scene_id,im_id,obj_id,score,R,t,time
49,1,9,1.0,-0.7819941527108515 -0.6084840329347873 -0.1350271335304658 -0.30621306674602355 0.5637517683062901 -0.7670837643214238 0.5428800078102282 -0.5585079456864943 -0.6271763481868713,-77.83301047595636 -80.9255703105933 946.4619805366257,0.69
49,36,9,1.0,-0.80228355396304 -0.5802715630960225 -0.14009286956349107 -0.3072261693937662 0.6025918042278576 -0.7365427335308172 0.5118136183026661 -0.5478759262273847 -0.66172410382305,-80.63809950528349 -71.1062096310259 955.4356400649901,0.69
49,47,9,1.0,-0.7856694017076208 -0.5949738921403765 -0.16949825630879234 -0.26359912743336167 0.5698225537086489 -0.7783429560941142 0.5596776672664006 -0.5668406521733298 -0.6045267436656171,-82.7291181506352 -64.26584279683593 963.1406389948303,0.69
49,58,9,1.0,-0.8151644418317566 -0.5571119436209115 -0.15853458628340997 -0.2501254060796464 0.5854314875746781 -0.7711726490155053 0.5224406320402482 -0.5889789942188346 -0.6165707829295489,-94.22196456944751 -54.69336435839716 975.2531800554796,0.69
49,65,9,1.0,-0.7719755986019515 -0.6085435836974773 -0.1836528842784401 -0.21794740035381338 0.5248074072750443 -0.8228463501457975 0.5971202607868648 -0.5951906350152676 -0.5377690044507488,-77.91320588400762 -48.46677054141018 972.4886787960593,0.69
49,73,9,1.0,-0.7974612695387848 -0.5681898906412067 -0.20301667852352223 -0.2429965021484292 0.6104155256320131 -0.7538869849062404 0.5522754960427068 -0.5518633293130891 -0.6248508959986016,-99.09784606405246 -33.79006861256696 990.7242400631237,0.69
49,91,9,1.0,-0.8049889714527734 -0.5591587241966485 -0.19832870945524378 -0.2152915289289719 0.5868080261027557 -0.7805804878888616 0.552849268255672 -0.5856601929926296 -0.5927561260189593,-90.38556324859223 -35.73396106064266 985.2410035730894,0.69
49,109,9,1.0,-0.7784223691828016 -0.5818974510525327 -0.23548666971699028 -0.16684100099595406 0.5534215691875718 -0.8160200041326398 0.6051633626901926 -0.5959193932207035 -0.5278800822544524,-93.50143450459441 -22.617695242773205 992.0959731696083,0.69
49,125,9,1.0,-0.8096936548785537 -0.5496878241556731 -0.20552245917273987 -0.18984376335848951 0.5767240756980256 -0.7945745314469522 0.5552976956221725 -0.6043447993366527 -0.5713246299184429,-109.20640915903167 -8.719432184013284 986.1221963303811,0.69
49,148,9,1.0,-0.7855471860391626 -0.5847995971130843 -0.20229940613438932 -0.22727951437922334 0.576741046731162 -0.7846743192936717 0.5755515970349638 -0.57042019269291 -0.5859702747739729,-114.18562172215991 -28.961424089137957 991.1533668823655,0.69
49,231,9,1.0,-0.7279705070813959 -0.673457752735707 -0.12850523763577557 -0.28416103367733725 0.46694711331012934 -0.8373845593935707 0.6239482733040314 -0.5730750811643354 -0.5312941780119639,-98.10543045116862 -28.210329662033306 960.5912524807965,0.69
49,357,9,1.0,-0.5692262443103635 -0.8216050693679414 0.030766747914246172 -0.4260256970172403 0.262741386276854 -0.8657188166017256 0.7031952703689728 -0.505897295828133 -0.49958416488564733,-90.44869199534381 -40.61937417376521 959.6949470187566,0.69
49,521,9,1.0,-0.41728493874306066 -0.908536974792874 0.020828954184344172 -0.4463374439695287 0.18492713230974941 -0.875548309259084 0.791616173412942 -0.3746498647669653 -0.48268137815866297,-34.090320806882886 -50.272560473936316 980.1380297014772,0.69
49,526,9,1.0,-0.42070825418038627 -0.9069683322010066 0.02032262898881735 -0.44228248988418645 0.18549613646610202 -0.8774835511267399 0.7920800237389762 -0.3781529158167033 -0.47917596794182954,-39.41638773856905 -44.38676959366068 979.8891754443713,0.69
49,537,9,1.0,-0.408134884996889 -0.9128902702204111 0.007567706751802189 -0.45897192433928913 0.19801727327571592 -0.8661027260970494 0.7891582150094278 -0.35696010144182144 -0.4998087610894577,-37.368571982437224 -34.804851018728506 978.6633367870639,0.69
49,542,9,1.0,-0.3794782777366789 -0.9252000098480488 0.001085588860642088 -0.42062763747943743 0.17147851290710328 -0.890880188465113 0.8240562039779028 -0.3385263082661948 -0.4542370650851714,-35.130963999046216 -40.494560992012 969.529441528239,0.69
49,552,9,1.0,-0.34391868742261794 -0.9389911085165246 0.003954057209157544 -0.47140664813224475 0.16901442881036371 -0.8655691162181268 0.812093411214638 -0.2995493631787855 -0.5007738716036993,-29.20432295089511 -37.678028271141145 962.1826470757958,0.69
49,558,9,1.0,-0.3865535373661993 -0.9222622050629473 0.0029644328477146176 -0.4573379398565313 0.18889368447193822 -0.8690001062913627 0.8008859915852332 -0.33727081266994613 -0.4948030187897926,-26.0779008498956 -35.23604358328734 972.008497465547,0.69
49,564,9,1.0,-0.3880198954207884 -0.9216496883231534 0.001553309845376149 -0.44966832799758055 0.18784130000578733 -0.8732204995349097 0.8045116254930698 -0.3395254011498565 -0.48732283593171394,-30.900989387266172 -35.652084639381734 977.8400351306553,0.69
49,570,9,1.0,-0.3837012810301534 -0.9226811082610379 0.03785365760401732 -0.4607243306593427 0.15574729331666112 -0.873771063702063 0.8003164487090841 -0.35270717753218045 -0.48486207197816916,-31.74065406522328 -38.40117996488728 973.4518993697,0.69
49,576,9,1.0,-0.3512240358780053 -0.9344138517662844 0.05926575949788887 -0.42248334256755954 0.10167724555428498 -0.9006495228386209 0.8355534105456744 -0.3413685564954536 -0.4304857799761831,-28.253161113610272 -36.861161495142014 967.0012167477599,0.69
49,591,9,1.0,-0.35169576023109433 -0.9356045793925398 0.03088953310072204 -0.44469237658185345 0.13794210195495143 -0.8849975518148243 0.8237467951048159 -0.32498622667423577 -0.46456987636585567,-30.46304125505422 -31.620823174586107 971.1643029133868,0.69
49,594,9,1.0,-0.3446919471602437 -0.9387005214473063 0.0053658734083299004 -0.39261603573881587 0.13897216563124934 -0.9091421152165907 0.852666470575462 -0.3154806938852446 -0.4164514638491121,-29.324666966387554 -36.20828320907775 978.7093134054161,0.69
49,617,9,1.0,-0.32225924497560804 -0.9466085541344914 0.00901245067442843 -0.3895185326817046 0.12391688678241133 -0.9126444641083661 0.8628002617786128 -0.29761863249730025 -0.4086549374046447,-32.039779944816416 -31.103499395100684 989.3727203538715,0.69
49,629,9,1.0,-0.3627484614575555 -0.9318402512362342 0.00934344080989194 -0.43286068110057885 0.15960876590847317 -0.887218503302494 0.8252546179618262 -0.3258815552024476 -0.4612548400954886,-38.13433501162409 -29.072119029279214 956.1908092511429,0.69
49,631,9,1.0,-0.3165531771967385 -0.948098383083235 0.03005897539181532 -0.43456210743497725 0.11677921291024553 -0.8930388514581735 0.8431784276108599 -0.2957567774828143 -0.4489744622856176,-36.40195640087742 -27.90911140940404 947.0494331445874,0.69
49,651,9,1.0,-0.3022184611079552 -0.9530527397037372 -0.018827562474759762 -0.38684751322001715 0.1406752850588901 -0.9113503528770316 0.8712135233575227 -0.26814350545333293 -0.41120075048833565,-39.407409061514834 -12.289248187841707 970.4624834442851,0.69
49,669,9,1.0,-0.330182168320788 -0.9433752638916366 0.03198198243335951 -0.35217848468937885 0.09168571974871645 -0.9314311803434822 0.8757568444750383 -0.31880533287814483 -0.3625094606814828,-41.56071867248983 -32.47556293709424 953.1220638846357,0.69
49,762,9,1.0,-0.29441497252144855 -0.955662596138932 -0.005369012589966895 -0.42316545614678375 0.13539949002621404 -0.8958783259040954 0.8568843683247344 -0.26148801204192423 -0.44426703555303676,-36.31536566618222 -9.97302766696104 997.416924776642,0.69
49,1024,9,1.0,-0.9286521341762158 0.31462888873181233 -0.19650413752729007 -0.36278662510032345 -0.8808467604391147 0.3041296586527435 -0.07740205642149739 0.3537197294459298 0.9321433766660695,-21.564100705159767 -38.00483331691076 1220.3571329091476,0.69
49,1036,9,1.0,-0.8161935991823555 0.47714141947058336 -0.325828289869602 -0.27732682326441666 0.17119803046468962 0.9453999510593802 0.5068706361112468 0.8619903132811921 -0.007406622548254129,-24.27110786708653 -32.430703257205835 1157.6613154374704,0.69
49,1052,9,1.0,-0.9370991882045814 0.310284070183459 -0.15990280565612644 -0.34755924194639104 -0.7869254016621119 0.5098538864778559 0.03236795952735865 0.5333593610402938 0.8452692512961327,-46.57183165909106 -34.31893302131542 1262.2109901312806,0.69
49,1067,9,1.0,-0.5741575017955142 0.8136829941149252 0.09090186037758195 -0.20788251931659266 -0.25226703354657565 0.9450641258391926 0.7919141502047563 0.5237187497825352 0.3139914805081459,-49.34740123584494 -28.531816387846288 1129.752420713863,0.69
49,1095,9,1.0,-0.8747563331775727 0.28302384028204436 -0.39331776389801026 -0.26252399527693926 0.40544162456585064 0.8756130657849033 0.4072867656449946 0.8692034255002725 -0.2803620795133169,-63.01912167725458 -22.795614615091463 1145.4953276514607,0.69
49,1102,9,1.0,-0.954128107376206 0.2676979646259971 -0.13407965710650155 -0.05873710408280873 0.27176227776285633 0.9605702561442916 0.29358049546702497 0.9243825312716827 -0.2435722245271274,-62.645607764497704 -14.372836774697939 945.2921637870677,0.69
49,1130,9,1.0,-0.9405418801015085 0.08549582218764044 -0.3287422031981566 -0.18078146505670423 -0.9453457603676064 0.2713659065670262 -0.2875743967516409 0.3146614970781333 0.9045933387934479,-65.6056316647892 -31.069913434327614 1276.6571106330525,0.69
49,1144,9,1.0,-0.7505225481676566 0.5976316298434975 -0.2820502432236718 -0.035546795245266785 0.38967572486277186 0.9202658609339286 0.6598881193351787 0.7007062611845837 -0.27121652880494423,-55.193276157653514 0.875301194733554 1149.868953845608,0.69
49,1150,9,1.0,-0.9691592195251303 -0.18056999238087856 0.16770475563027296 -0.22530500948825957 0.9249450577577855 -0.30612790272848617 -0.09984017181944163 -0.3344714008417093 -0.9371023541268312,-61.428066475124965 -20.3511691359855 1294.8235198793311,0.69
49,1157,9,1.0,-0.6867892910246786 0.6382090905981102 0.34786437933734016 -0.056338889495996455 -0.5238885017281597 0.8499216242027159 0.7246698553577192 0.5641187768856465 0.39575700410841125,-88.97063845346898 -45.85218641252938 1303.7470318196476,0.69
49,1168,9,1.0,-0.7882872016153574 -0.33085597804207456 -0.5187847429939046 -0.10858479644839543 -0.755097331892237 0.6465580881479138 -0.6056505838762892 0.5660056017064204 0.5593076336751208,-77.22417141875118 -12.175212847376255 1150.5595048967284,0.69
49,1172,9,1.0,-0.7235393598148789 -0.06759702640105485 -0.6869653825487937 0.49113859420399475 0.6488929774940349 -0.5811374923735776 0.48505017893203495 -0.7578710614482261 -0.4363001010054207,-16.628304756497844 94.9027281192858 1142.0525665354805,0.69
49,1179,9,1.0,-0.901124007197125 0.28024321378867617 -0.33081605882784876 -0.28687876794757605 0.18669776772108893 0.9395980608903165 0.32507859996295857 0.941598473157936 -0.08784201268622105,-72.94610734700753 -10.688294597125623 1147.9871329146256,0.69
49,1269,9,1.0,-0.9424897974120147 0.32686167952718226 0.06981707692914339 0.012633144987913602 0.24357460181419885 -0.9697998850271994 -0.3339960859381061 -0.9131444879140018 -0.23369586810703616,-68.52630781465948 -19.162012294659824 1103.7146039149718,0.69
49,1491,9,1.0,0.16519687862033355 0.659107107091527 -0.7336810019862423 0.9591213989779861 0.06594916417612537 0.27520328807443656 0.22977409191771286 -0.749151873204565 -0.6212691345604429,-228.7951157648175 69.83009941976317 1325.3875552261848,0.69
49,1554,9,1.0,-0.27403672972778387 -0.9595900295016454 0.06395972202202199 -0.3095708667883369 0.025049349602349145 -0.9505463736822194 0.9105326733270038 -0.28028468628437747 -0.3039255590411058,-37.51344169593495 -27.368951442714206 1030.037989978636,0.69
49,1557,9,1.0,-0.8511679624238998 0.025619045402602163 -0.5242678363735526 0.47913396447560175 -0.36995009740801565 -0.7959695782589259 -0.214344917898791 -0.9286983309667667 0.30261471581947447,-29.678077743168487 -33.60182103467897 989.1386459739421,0.69
49,1565,9,1.0,-0.7852949250550835 -0.36235875082195484 -0.5020040003680077 0.1278570472795057 0.698436799957519 -0.7041580873114125 0.605775912482245 -0.6171565216117001 -0.5021487545423673,-53.004675404590714 -66.10919030210286 1244.158978987726,0.69
49,1568,9,1.0,-0.8266138462087655 -0.4467790827979233 -0.34219585098331873 -0.1694264145183294 -0.38227899102608165 0.9083817826682478 -0.5366602643380769 0.8088579752925278 0.24030092901663577,-61.90042100480969 98.22978431463467 1103.1947238551095,0.69
49,1575,9,1.0,-0.28840834374819446 -0.4049113973010142 -0.8676793114925372 -0.1914212187956128 -0.8635099946063877 0.46659233406655787 -0.9381783115438262 0.30066135360337987 0.1715348541788455,-72.28286409286817 98.25446252767959 948.8618214984057,0.69
49,1582,9,1.0,-0.9254127268777346 0.18607721988132278 -0.33013111512542 0.10310138044219068 -0.7146636352740875 -0.6918280088054697 -0.36466613536717396 -0.6742634178554134 0.6421740052807389,-56.94172653992585 -53.51949674812301 1160.8200556780077,0.69
49,1587,9,1.0,-0.7542957473216195 -0.5359133326798091 -0.37925562016737435 -0.6561253430947335 0.635727325593932 0.40663288312924856 0.023183177550477996 0.5555606783684457 -0.8311527374252312,-77.08046097770911 109.48766561258726 1073.58111071825,0.69
49,1592,9,1.0,-0.6539927487214857 0.7359617719407399 -0.17508213747142437 -0.010724159775249474 -0.24043285309627913 -0.9706065297272105 -0.7564247993137393 -0.6328920234872849 0.16513391411015263,-60.16639276553342 -30.760297015771094 1036.5196390834121,0.69
49,1595,9,1.0,-0.9976514096938032 0.05864323830274052 -0.03539258873458823 -0.06037805659875441 -0.5089237796507812 0.8586914910416438 0.03234431970725834 0.8588117122555627 0.5112692909566771,-79.97434501602254 107.15775938739417 1054.1877969864786,0.69
49,1614,9,1.0,-0.7631457774147375 0.2561704197560816 -0.5932834385485994 0.39626331676534055 -0.5397117866449399 -0.742756064359396 -0.5104741973892396 -0.8019276173062754 0.310367830809335,-37.95545589480527 70.27501113322826 974.3202984687274,0.69
49,1615,9,1.0,-0.7267698756463221 -0.1744886905704844 -0.6643487372728476 0.6863212323628339 -0.14543070334285704 -0.7126100452092732 0.02772568954941062 -0.9738601580248569 0.22544994732935733,-40.744565210348874 65.0416761499579 1007.3356221070031,0.69
49,1618,9,1.0,-0.9325917968919875 -0.24883214295729209 0.26144809236453787 -0.23796973013363845 -0.12072235168739125 -0.9637408994865732 0.27137234182926157 -0.9609935891744273 0.05337015697704888,-27.226115542617265 -59.50622537144089 1330.3347338949104,0.69
49,1631,9,1.0,-0.42346684013950625 0.8719528266717211 -0.24571142293645504 0.23615758399884554 -0.1555996573334189 -0.9591758661254728 -0.8745887209552217 -0.46420578916781974 -0.1400269776899849,-45.22201316678604 76.15132730892074 972.2336111040464,0.69
49,1641,9,1.0,-0.26193347074876716 0.9562701149509608 0.13014731711864438 0.287968302012765 0.20615573691084996 -0.9351866493778814 -0.9211216607687548 -0.20747838294728627 -0.32937456895180844,-25.815344516063146 -33.409592855937525 1127.6453099014477,0.69
49,1644,9,1.0,-0.9892153355762044 -0.08385349523985086 -0.12009001289415329 -0.04445834762083224 0.9531209139338583 -0.29930582812353046 0.13955814267782027 -0.2907389116680934 -0.9465698125623752,-9.969851801479482 -51.033169764590994 1169.1392219056595,0.69
49,1655,9,1.0,-0.6479791516600791 0.7188503476502425 -0.2517482804251303 0.602037291408286 0.2809308036021549 -0.7474148669522318 -0.4665555902222792 -0.6358711042896767 -0.6148120200205651,-36.81124398497678 -55.068201739831224 1275.7587868821643,0.69
49,1671,9,1.0,-0.40774730070392057 0.8573173619015172 0.31424366302423723 0.49501774595056064 0.4967384292910359 -0.712887343175274 -0.7672675999693288 -0.1351217001362019 -0.6269310617520948,-27.98298427596175 -49.292842801647254 1280.6859619354295,0.69
49,1677,9,1.0,-0.7806539612719696 -0.04614848626248583 -0.6232573384775045 0.599406442936292 -0.33756103782896735 -0.7257854103702359 -0.17689349597100298 -0.9401717199296684 0.2911800613497518,-39.7623301687408 73.17662150007821 853.6124115399338,0.69
49,1682,9,1.0,-0.8653325355696262 -0.40908477996592724 -0.2895673422277986 0.4761345108646647 -0.4905605380572395 -0.7298262026432442 0.1565104803146062 -0.7694153633124442 0.6192773758587269,-72.52261371168503 93.51186484694173 1007.1925113027755,0.69
49,1688,9,1.0,0.2061336636534824 0.5301330179929181 -0.8224766841330595 -0.5648653713469897 -0.6218734717860177 -0.5424025233549636 -0.7990219176980187 0.5763960169211144 0.17126472700370798,-46.02895976565793 66.7607167765196 915.2767194004505,0.69
49,1881,9,1.0,0.04810796920583592 -0.9981892800442963 -0.036107956235986324 -0.4179251912006791 0.01271768981604121 -0.9083924234193161 0.9072067889179218 0.058791339246461086 -0.4165566234869412,-7.451584825903348 -41.740066882444964 921.2883895897818,0.69
49,2061,9,1.0,0.18782629542710716 -0.975749750191128 -0.11239976756240058 -0.4420536314584009 0.01821289885530645 -0.8968037004995731 0.8771031123309104 0.2181300422161949 -0.42791285914563426,-11.947303020929546 -44.53838606441889 863.882349461047,0.69
49,2064,9,1.0,0.18626656644473194 -0.9751635681045748 -0.11983647886367742 -0.43053346802160347 0.028623882440896985 -0.9021206162522295 0.883145344288346 0.21962852454898488 -0.41450888056380014,-13.135945820208155 -49.2488176954703 868.9611500926208,0.69
49,2089,9,1.0,0.21338380900677462 -0.9731634956765786 -0.08614035486519721 -0.4187981640140164 -0.011456138176723632 -0.9080070785608249 0.8826525068634027 0.22982943149348273 -0.41000363967547043,-10.736382136505839 -45.13350217798311 872.8350378799803,0.69
49,2097,9,1.0,0.23482623865156926 -0.9675230312743005 -0.09357254722697729 -0.4059057087052844 -0.01013435095471495 -0.9138587694885836 0.883231109778872 0.25257964859528015 -0.3951029332139507,-6.840188741743044 -40.7420049117906 871.2747942683802,0.69
49,2119,9,1.0,0.24764383404940857 -0.9649519676020014 -0.08683450741689454 -0.3662197018848079 -0.010254376724260598 -0.9304719112952303 0.8969702678510095 0.2622261390079612 -0.35592385507614666,5.049024545546753 -48.89473096789449 873.7857811959033,0.69
49,2123,9,1.0,0.25474483804612513 -0.9621729081790519 -0.09658344710725071 -0.4164404450836623 -0.019014424193612368 -0.9089641397608088 0.8727441911507489 0.27177517627416053 -0.4055315405412682,6.5532667822793105 -49.490563087433394 879.0693505295014,0.69
49,2146,9,1.0,0.27363281262303485 -0.9540676931297896 -0.12198328074785211 -0.35004180424161907 0.019347262439334604 -0.9365342592342125 0.8958771227904416 0.2989657511523781 -0.32866953083395944,-0.6081680678416976 -43.92601207378587 864.0461437458004,0.69
49,2151,9,1.0,0.2541741532007086 -0.9621100954970374 -0.09868973597787979 -0.42008403656496934 -0.017911125325540893 -0.9073084336722842 0.871162959536265 0.272072335477633 -0.4087196376487948,-2.3220081267666006 -46.26345251665304 884.8152133620274,0.69
49,2173,9,1.0,0.2865146909158268 -0.9521826471841455 -0.1061015470707284 -0.44038330432322853 -0.0325356080638086 -0.8972201399217886 0.8508653695872008 0.30379210096595993 -0.4286472701743532,3.568503662089892 -51.56384695423731 884.9389712347981,0.69
49,2196,9,1.0,0.27656182883277913 -0.9528670646709204 -0.12473135892025063 -0.42012555531865764 -0.0031503956649134397 -0.9074605185766176 0.8642962875084322 0.3033717720431123 -0.401195083876365,10.470893627955206 -66.04755619496758 869.4604781284174,0.69
53,1,9,1.0,-0.8018304459737872 0.5828770319050207 0.1316142149886189 0.29129585163556887 0.5735916237486491 -0.7655973981050986 -0.5217419503254322 -0.5755406283165263 -0.6297128888847943,-53.926307675038395 12.072788532279233 870.1163197543417,0.69
53,14,9,1.0,-0.7835186947801877 0.6067164520079433 0.13414023182044899 0.2831348350793671 0.5407673794534007 -0.7920892036151488 -0.5531122129319966 -0.5826369265520293 -0.5954839139082388,-71.70380337856305 20.71124354440666 856.7946531835813,0.69
53,33,9,1.0,-0.7444235944095912 0.64319529206052 0.17925771491761913 0.230929317382897 0.49990989466676156 -0.8347225572532087 -0.626502324384653 -0.5799913046636562 -0.5206773704081797,-97.17484879566113 25.48905706548197 847.0337352060836,0.69
53,43,9,1.0,-0.7459247535792627 0.6272809415214029 0.22386353522121155 0.22702867723636064 0.5554558815159535 -0.7999542133157649 -0.6261423493983017 -0.5458822071595276 -0.5567390539531226,-105.13376663233949 31.335110238838247 852.343168508126,0.69
53,52,9,1.0,-0.7359939901864443 0.6384830415144326 0.22506055209191014 0.1741109673927656 0.4997815898511812 -0.8484714099363522 -0.6542157269914793 -0.5852843481115021 -0.4790031465582491,-114.0992611596411 30.551144962135194 851.8207024914364,0.69
53,61,9,1.0,-0.7526417762750988 0.6233924035682101 0.21192514664124734 0.20836880242159567 0.5308305343745646 -0.8214629547052041 -0.6245901046149024 -0.5741087483648578 -0.5294207648629599,-117.42194939041916 38.85567017925578 875.8418563276615,0.69
53,75,9,1.0,-0.8344736807384733 0.5196476959898826 0.18335743292049095 0.1508933357315007 0.5355082594960907 -0.8309404944057601 -0.5299857331915699 -0.6657305581568833 -0.525278922620658,-114.72180414586616 47.1916923936197 868.1957345091928,0.69
53,84,9,1.0,-0.7691828010510885 0.6039951462909182 0.2086808132632561 0.1695825774215855 0.5077821835874406 -0.8446295066277415 -0.616116521448868 -0.6142858595867097 -0.49300437595376717,-113.1803401496586 48.341591777449715 872.3266536021312,0.69
53,93,9,1.0,-0.8300826399591718 0.5223297603850249 0.19528039393275845 0.14900269527907165 0.5452129323787126 -0.8249491227745966 -0.5373648738408414 -0.6556786406336009 -0.5304003323706442,-109.82708546733963 35.40204675940211 863.5884527196635,0.69
53,103,9,1.0,-0.8178622379835582 0.5323528919652843 0.21840732152728648 0.15921859494906876 0.5741146776869077 -0.8031449283204762 -0.5529473742617549 -0.622087401641165 -0.5543071946280095,-84.46605554917333 25.158169464462233 879.1044779500359,0.69
53,111,9,1.0,-0.6788556575019229 0.6430299536326315 0.35449608602754296 0.08890917331169905 0.5512186240210681 -0.8296102623722478 -0.7288690933073384 -0.5316676661821138 -0.43136914302926527,-93.56515762032444 29.335204840607457 893.2298621262189,0.69
53,118,9,1.0,-0.8419258241907879 0.47904718069231983 0.24834392529595564 0.08776353860956589 0.5756862126055688 -0.8129470744806101 -0.5324081778592354 -0.6626455940294149 -0.5267279647617109,-103.026170183121 28.966648852423052 897.1921286289157,0.69
53,123,9,1.0,-0.6722512739919739 0.6357070791843124 0.37941367146047666 0.07859066877998017 0.5708812685556574 -0.8172625551149394 -0.7361397499095425 -0.5195874196776067 -0.4337363045859577,-87.90755210577105 25.21062135516405 933.0027019663091,0.69
53,126,9,1.0,-0.5013192510862198 0.7761659716580281 0.38242044000092396 0.02129521514262742 0.45290425975576826 -0.8913047993291121 -0.865000301908838 -0.43868452894446575 -0.24357824566736466,-81.5154843216687 24.336134498082817 879.1745545052172,0.69
53,131,9,1.0,-0.7696912321478471 0.5819710379594272 0.26245974573476066 0.12842895416058425 0.5438536043939216 -0.8292944354817283 -0.6253650221174405 -0.6045932252053171 -0.4933412826308844,-91.20752603593031 43.711945975679456 916.8606663933292,0.69
53,135,9,1.0,-0.8534093377128711 0.4959991577618699 0.16024149838289717 0.17961812015853523 0.5684341174216052 -0.802882298386156 -0.48931567848904495 -0.656404973816193 -0.5741974199995756,-96.17777284830612 48.8595363787609 922.7686398462429,0.69
53,138,9,1.0,-0.7750351834915599 0.5897436122564137 0.22698664311575759 0.14449266879791106 0.5150761489576817 -0.8448777600567913 -0.6151766681318961 -0.6220120839482786 -0.48441576606099257,-96.093936150675 39.554587661915775 931.8946934446301,0.69
53,139,9,1.0,-0.8325511847389256 0.5347842182515198 0.1444450231019496 0.1670613063099736 0.49101169505208164 -0.8549842309984945 -0.528156269227032 -0.6876869602015094 -0.49813411853133543,-97.02044671382568 37.367052260567846 931.9038693792069,0.69
53,142,9,1.0,-0.7997510080113562 0.5707039396114906 0.18626684755141992 0.18321130204355335 0.5274963314768604 -0.8295668984970171 -0.5716921759026667 -0.6293207716184002 -0.5264251346785181,-94.71215179899313 43.12070570953038 934.6573790580643,0.69
53,145,9,1.0,-0.7849393193822142 0.6032174719315471 0.14141763130635068 0.19022254450025552 0.4518584768167448 -0.8715728888008736 -0.5896487500636582 -0.6572310084630553 -0.46942704764745014,-106.51403783936759 43.10762929910866 924.3710631880507,0.69
53,147,9,1.0,-0.7647336317371043 0.6370326148232587 0.09680867802847705 0.20214321289332127 0.3798459479863092 -0.9026932908134121 -0.6118174515093082 -0.6707507014158273 -0.4192527907824006,-109.8073999503996 40.13731570536433 924.8822319076613,0.69
53,152,9,1.0,-0.7743893214758485 0.6184351316323141 0.13363819344445213 0.22789478329793414 0.46967240791847953 -0.8529195724015511 -0.5902416001348619 -0.6300363618101573 -0.5046474375910951,-120.26042812156925 39.45081157968975 937.3949711664737,0.69
53,153,9,1.0,-0.7831228237990312 0.6058067504770122 0.1404166084247693 0.2700334908343408 0.5346730203161884 -0.8007538168337288 -0.5601790398371326 -0.5891714032626229 -0.5823027570814862,-122.08942581179859 41.233395369154984 933.0968427300976,0.69
53,155,9,1.0,-0.7708438384120962 0.6190340284886268 0.1503218159657731 0.2271587091198986 0.48757712049185525 -0.8430109563011928 -0.595145946514876 -0.6156828917113197 -0.5164647898946263,-127.983705998504 44.47384709722918 938.023859461919,0.69
53,158,9,1.0,-0.7132240869398918 0.6879917616886865 0.13408481516284954 0.28761781897774047 0.4617030842620127 -0.8391103933270239 -0.639208410469735 -0.5599085620272678 -0.5271764506816592,-118.92146326466613 40.39038249750131 962.9449292463443,0.69
53,162,9,1.0,-0.7502177417706418 0.648744762009323 0.12768544826261455 0.3654002760198842 0.5677411716129666 -0.7376669982723424 -0.5510498872308665 -0.5067545715837225 -0.6629810147823588,-122.7376147472421 35.68254475534171 952.1990388819783,0.69
53,164,9,1.0,-0.6978522887817062 0.6979062827275628 0.1610248538938314 0.26110921481920485 0.45724017276309925 -0.850149047137071 -0.6669513932653809 -0.5512333851835962 -0.5013158625860554,-118.7621562807974 39.72515196449341 958.5868683597713,0.69
53,165,9,1.0,-0.7394238042394351 0.6601817555521878 0.1319563843097896 0.3079093071634628 0.5059206476002138 -0.8057519201924969 -0.5987021766172207 -0.5551615512333429 -0.5773658768458618,-116.36180540212523 34.173138289090474 958.6377332504759,0.69
53,167,9,1.0,-0.6501813318182447 0.7448023859505779 0.150112096905546 0.26875599020453617 0.4102543965682581 -0.8714709104873172 -0.7106577611510574 -0.526270591975973 -0.46690985268788937,-119.16971782873938 37.5949692695456 944.137589470586,0.69
53,168,9,1.0,-0.7212916898012875 0.6739239014517796 0.15989019130520635 0.2840043086407259 0.49831404974025106 -0.8191609490844731 -0.6317276714669912 -0.5454444819442973 -0.5508270746971416,-121.15317244039643 39.12127685567438 959.2372555924713,0.69
53,171,9,1.0,-0.6409563736682481 0.7443853372260215 0.1872575680098171 0.24910666421958294 0.4324830612005132 -0.8665473279723533 -0.7260308512008573 -0.5087719248322723 -0.4626341228303675,-121.77126568764028 34.931675930247685 929.8825185783536,0.69
53,176,9,1.0,-0.6779525618203909 0.7131951632752013 0.17813753956431574 0.26470428714331723 0.4629208085111919 -0.8459526969135404 -0.685792945639657 -0.5263620276275667 -0.5026241653389533,-128.36933527717008 27.608140669681568 938.9304549374197,0.69
53,179,9,1.0,-0.6410988505577289 0.7470382905960736 0.17585805695746298 0.31301603295246017 0.4637398328852536 -0.828834320301869 -0.700723359770646 -0.4763183386967725 -0.5311380360065397,-124.8795671277268 26.916864275833024 948.6011913497534,0.69
53,247,9,1.0,-0.57599198404282 0.799805416016631 0.1689512676154874 0.29444449307967496 0.3957971544561495 -0.8698546160246943 -0.7625848640075866 -0.45128251576465844 -0.46347428855509537,-123.52357303829076 25.381388721869794 949.3931969216094,0.69
53,316,9,1.0,-0.5709851027750625 0.8096748958130405 0.1356560927459362 0.28351694416884204 0.34955204298449505 -0.8929902080171582 -0.7704506180009942 -0.47142330482858824 -0.4291455614198736,-58.24689755459217 10.915261230781034 889.1544549727222,0.69
53,434,9,1.0,-0.3555293564561208 0.915495178184114 0.1883280526621922 0.310376835774461 0.30569878348337365 -0.9001191441089444 -0.8816263928175756 -0.26156611496603005 -0.3928333883328245,-179.64126566615627 26.601897086764886 877.1035494666851,0.69
53,479,9,1.0,-0.3055131577726362 0.9389732308943668 0.1580853633059896 0.41134828389325767 0.2798827751160121 -0.8674434976016779 -0.8587515937486605 -0.19998725923706795 -0.471752897581967,-218.8566656429345 59.24692542677251 916.0308345514164,0.69
53,513,9,1.0,-0.3994805795886377 0.9107329140600309 0.10478943543721815 0.34502687411922517 0.25526566405111456 -0.903214203216524 -0.8493360481382163 -0.3246613620440046 -0.4162010059198429,-146.9327806044552 28.66981598868226 922.8295133258462,0.69
53,519,9,1.0,-0.3381246148000638 0.9294764421479159 0.14746283721114556 0.49702632118195395 0.3094254879599505 -0.8106914970894167 -0.799147408754256 -0.20082183868493725 -0.5665986305918496,-141.66083694503484 44.924819928620394 910.1960001962035,0.69
53,523,9,1.0,-0.36505646416145293 0.9231100170059001 0.12083738857367277 0.47745596300909293 0.2970618349914276 -0.8269159991066719 -0.7992306183830787 -0.2441764990634697 -0.5491887252521754,-149.15524005892155 47.44256796106251 901.8580604247364,0.69
53,526,9,1.0,-0.32887052325267857 0.9390473777719247 0.10017086020984599 0.35981271131093995 0.22266520135952356 -0.9060656824328974 -0.8731431679367246 -0.26193554627654886 -0.41110920432681464,-147.05518130778546 25.949874151096388 895.2282096901805,0.69
53,533,9,1.0,-0.3131082599101641 0.9397012997147124 0.13756701963228424 0.4523378140662552 0.2749221007836334 -0.8484151934439148 -0.8350770740128068 -0.20341903995249214 -0.5111428123753822,-143.1990797672315 33.4928115689145 877.5888830106394,0.69
53,534,9,1.0,-0.2773588339196277 0.9498320234970941 0.14453789948023735 0.4645859768719028 0.2642747980465718 -0.8451737698316379 -0.8409708362010678 -0.16726613003492 -0.514577588321156,-145.40760015733466 43.526014341679804 893.9880909664158,0.69
53,538,9,1.0,-0.3166567425146202 0.9376525094173277 0.14330484640589108 0.44626243747161076 0.28058299236746187 -0.8497782188877391 -0.8370055820136003 -0.2051364325942797 -0.5072875907220347,-137.98249035744098 34.61121123163106 882.6695389389836,0.69
53,539,9,1.0,-0.30710155396214417 0.9403671557251206 0.14628140000520684 0.3296198646382943 0.24929767210089665 -0.9106049722689338 -0.8927706202546476 -0.2314309467606287 -0.3865233970817428,-139.50777247049786 39.97645136083508 885.5191311203828,0.69
53,542,9,1.0,-0.30504129762783183 0.9438638558495749 0.12677077093045358 0.49027140991211865 0.26976042003600653 -0.8287721402199646 -0.8164458043032082 -0.19065764449077355 -0.545037531948872,-140.5933251467855 40.35799887348694 873.6177926325759,0.69
53,545,9,1.0,-0.3636644586148784 0.9239152057847793 0.11886485628652665 0.5046848784230664 0.3026675641237473 -0.808508205968556 -0.782969562008283 -0.23403640346549975 -0.5763554691520607,-141.95106126623457 38.30765925621862 867.8348716360921,0.69
53,547,9,1.0,-0.2747907483935644 0.9527583111838485 0.1293895091087625 0.3870092023590234 0.23278606758893453 -0.8922076686657165 -0.8801783466359174 -0.19509548228132184 -0.43269369178054967,-132.9537650306036 21.42916100516703 861.3062896594946,0.69
53,550,9,1.0,-0.30515259965223174 0.9427075926835532 0.13484912169630864 0.4342674184295491 0.2637754469553898 -0.8612980453211416 -0.8475220942347287 -0.20426675764858407 -0.48987895597148773,-133.71423580038004 29.63068749274862 860.4932051321005,0.69
53,551,9,1.0,-0.3109602359629969 0.932796046991329 0.18219568152727209 0.4258060739536696 0.3081160073622637 -0.8507371588165756 -0.8497016647235661 -0.18696539980565108 -0.4930020489222263,-119.47769128711218 -0.6732804995959043 892.0355135311904,0.69
53,552,9,1.0,-0.3562464577956505 0.9282022331638686 0.10737353332018124 0.46909123266247804 0.27704345988668994 -0.838570412531476 -0.8081100647481435 -0.2483697559760859 -0.5341072809549885,-133.78984254902278 30.108617795588774 858.1388559634066,0.69
53,555,9,1.0,-0.3352547629817406 0.9331357285094376 0.12985359477973332 0.45917311086541496 0.282188644007484 -0.8423358139432248 -0.8226568532238909 -0.22277181458250006 -0.5230759222822113,-127.41881580415743 26.439136136151276 844.0010746940593,0.69
53,556,9,1.0,-0.332585772002378 0.9293450971593812 0.16032590136157662 0.3649166587850223 0.2835797702899777 -0.8868023150756084 -0.8696105659447552 -0.23643224033135385 -0.43344810453979266,-114.0787740818286 8.153252561885278 893.1380944241832,0.69
53,567,9,1.0,-0.3291118749336553 0.9362983666995592 0.12259992778705353 0.4889596236796032 0.2800454160268458 -0.8261313765821101 -0.8078390063550747 -0.21194323173455554 -0.5499783689684148,-118.24570173843455 22.173583999245576 838.7112515419159,0.69
53,569,9,1.0,-0.24386380878694533 0.9566097427002965 0.15946235585490318 0.5249483457539517 0.26846013901405996 -0.8076870607176648 -0.8154505975558013 -0.11325614301848295 -0.5676384139700759,-108.55885062443637 20.44559446621892 837.5532034852212,0.69
53,576,9,1.0,-0.3436127291295881 0.9323273844568768 0.11267626445669722 0.5547792437143 0.2983304786827983 -0.7766716914067886 -0.7577270505425453 -0.20436382674214104 -0.6197460312058503,-120.93036082539103 22.241168041115575 825.960621146751,0.69
53,579,9,1.0,-0.32227178961873704 0.9282882531327267 0.18553116372116102 0.4073196314942542 0.31289414254782466 -0.8580139703749854 -0.8545359041113026 -0.20094321251302139 -0.47894698446657513,-107.26436324941405 -14.193779413081174 855.9718793649455,0.69
53,583,9,1.0,-0.29454839899113483 0.946418630827136 0.13241229502976287 0.5060023947983223 0.27199863551815257 -0.8185220331393819 -0.8106804654795392 -0.1740934160143715 -0.5590068562999253,-127.95569923805228 25.5839547763077 827.6340908651763,0.69
53,587,9,1.0,-0.28821871988024506 0.932117108782918 0.21928899886853911 0.43877229576109883 0.33210766556715604 -0.8349750720495006 -0.8511221075633786 -0.14443750892932053 -0.5047068099710612,-117.80262310503721 -17.212254364677946 852.471299221785,0.69
53,591,9,1.0,-0.21380195951803183 0.9627806076428086 0.16535484163819927 0.5427558626277735 0.25781307168677925 -0.7993425383717604 -0.8122221344493337 -0.08115369131698019 -0.5776757591384609,-133.25555022686106 23.027331631433984 813.0882964049446,0.69
53,592,9,1.0,-0.24964486757974347 0.9404579386299599 0.23068659640078798 0.4102880452977804 0.3185185705741351 -0.8545230483053904 -0.877120949457268 -0.1186793405243603 -0.46537517569793485,-129.79449070870763 -14.711695841855295 842.5445802581916,0.69
53,602,9,1.0,-0.27929069314521543 0.936730022919678 0.21102979145932013 0.5260938316707724 0.3331333337846031 -0.7824624350085574 -0.8032571126360663 -0.10751300424811562 -0.5858489267013424,-146.41911852824637 23.573469198375314 802.2707488439327,0.69
53,604,9,1.0,-0.2585319176777631 0.9395360986909399 0.22457329938900938 0.42440264310047665 0.31931013646236994 -0.8473036252027439 -0.867780873303386 -0.1237455292484961 -0.48129346548630947,-137.28764120545353 -8.637660535136916 845.4556919516888,0.69
53,610,9,1.0,-0.1654947642220435 0.9687498285373827 0.18475728057070523 0.43081190720188084 0.23953464099723257 -0.8700714087794204 -0.887137296943471 -0.06439662624019299 -0.45699069016853344,-134.17875527881125 -6.650241867104086 853.0509257039686,0.69
53,616,9,1.0,-0.23062206511121053 0.9573430161355139 0.17409139134488225 0.5851265697224209 0.279395596364496 -0.761291664302848 -0.7774576261692423 -0.07370515713763852 -0.6246016244956478,-134.36650336037874 30.124367662372425 813.9447758918359,0.69
53,628,9,1.0,-0.2873417253080658 0.9376688903641095 0.19547834903212327 0.5347680544613683 0.32636528736618625 -0.7794285259919536 -0.7946432286407449 -0.11942676101162185 -0.5952137329814272,-128.8733813972776 28.269520517086622 802.102763619436,0.69
53,638,9,1.0,-0.24047531588784468 0.9416686883972314 0.23543938443021598 0.33951311408351365 0.30883647157184024 -0.8884542077070547 -0.9093417772289777 -0.13371654766443036 -0.3939764168916076,-99.92576266797828 0.6853986774242244 837.4676456270869,0.69
53,647,9,1.0,-0.2471643998250216 0.9356111973404527 0.2520742883959048 0.40675992035991604 0.33629780302879436 -0.8493822195377068 -0.8794635448089544 -0.10740332904138135 -0.4636899807661336,-88.02653477764677 3.857564455101482 836.2468920023887,0.69
53,655,9,1.0,-0.1344131868940791 0.9583293410706031 0.2520673902593537 0.3312967028548141 0.2831981347869718 -0.9000229503355506 -0.933903415705557 -0.037465857742271715 -0.3555569147648935,-100.29497431126563 18.53356432616695 851.7594027131566,0.69
53,665,9,1.0,-0.16928556269057746 0.9439443426890991 0.2833927948445057 0.3366320041375924 0.32562941122181494 -0.8835408198479804 -0.9262943873601105 -0.05417162036140024 -0.3728862339810602,-96.8259868931706 -1.2357563540518939 831.4732166643211,0.69
53,677,9,1.0,-0.1388077277528374 0.9493626873733378 0.28185617349876924 0.28564638883918336 0.3108966327788362 -0.9065039571176269 -0.9482291681124498 -0.045318556354499676 -0.3143368785088952,-103.27727273050175 4.793076140634092 824.9382787791241,0.69
53,686,9,1.0,-0.08942686579436898 0.9421391433026041 0.32307378465488595 0.32545702891555495 0.3342086434286879 -0.8845237729914418 -0.9413185210138254 0.026046445335048223 -0.3365130379075273,-118.86256359284361 20.9268585530721 832.7651147386342,0.69
53,687,9,1.0,-0.1294213086226233 0.9561304742942797 0.2628015239685694 0.2927903167984485 0.2900616681971199 -0.9111191245011638 -0.9473774090949559 -0.04097248794616648 -0.31748590514860536,-117.09639542237683 23.709036408331336 807.5870190424243,0.69
53,692,9,1.0,-0.011787280374085194 0.9597019143506456 0.2807726760443208 0.3039808506108238 0.2709418762365471 -0.9133379123650452 -0.9526052185891613 0.07458374684290107 -0.29492467211742646,-136.54943231456232 29.14539470332523 839.3861455841359,0.69
53,716,9,1.0,-0.04061132439111632 0.9262608023488741 0.3746887326344627 0.25587533759186326 0.3721344339665845 -0.8922128527815661 -0.9658563723160136 0.05963966036447469 -0.2521201677140497,-131.7292637355535 13.800344320665246 808.1449955918345,0.69
59,1,9,1.0,0.3622079554464665 -0.8782156684448498 0.31231816583294875 -0.8959528837733556 -0.42043996408000645 -0.14317355434091558 0.2570482971534706 -0.22796376094100848 -0.9391265604955128,-81.56004822550108 14.299043421072382 1104.0171719318578,0.69
59,29,9,1.0,0.24342585572837103 -0.8922618930942826 0.380279590426198 -0.610435144678522 -0.44562118589092536 -0.6548211151348721 0.7537325698841879 -0.0727356364993925 -0.6531437363083306,-89.49222997459327 35.1558477603695 1053.3264730647188,0.69
59,37,9,1.0,0.29327340822844566 -0.9214726462126641 0.2547133100328715 -0.9274359563800599 -0.33889076822375797 -0.1581631879614072 0.23206304065808503 -0.1898452251033488 -0.9539945155324444,-113.73043583128792 20.805567079989828 1177.3159761435556,0.69
59,55,9,1.0,0.13982189477941553 -0.9380076840504589 0.31716150838742924 -0.8600595274187375 0.043672072828287424 0.5083211183406993 -0.49066021546132366 -0.34385219894189395 -0.8006361334877861,-85.57553093469429 33.2046364740055 1085.4047928160253,0.69
59,61,9,1.0,0.703028796426562 -0.11228158055856739 0.7022416664242368 -0.28819337980408705 -0.947723467523922 0.13698468871202615 0.6501500497824456 -0.2986855801201377 -0.6986356969094687,-92.95637100749252 -7.843922393013186 919.8533482255282,0.69
59,68,9,1.0,0.313916302076959 -0.9478594261366681 -0.05494600598945267 -0.7268490117556905 -0.27714817613455256 0.6283943050148266 -0.6108576506847592 -0.15732576632311937 -0.7759520177502861,-102.8802628309615 -1.2646299747793517 1058.6332087939654,0.69
59,80,9,1.0,0.37272695036596115 -0.9250796535523966 0.07281658502201671 -0.9278351098826471 -0.372720982657679 0.014180195899581059 0.014022458413093124 -0.07284712533842488 -0.9972445372073898,-85.427073567437 -10.018727675707105 984.5810370273297,0.69
