scene_id,im_id,obj_id,score,R,t,time
50,620,4,1.0,-0.8845960942115569 -0.4585458444341581 -0.08500269794437615 -0.42892314723256303 0.7284100603532366 0.5342693307165467 -0.18307016106884055 0.5090721879344404 -0.8410296211179901,122.7293516911487 -27.39545767540818 990.4156155070485,0.69
50,623,4,1.0,0.1173752441017483 0.8020668084193601 0.5855867885326957 -0.8274950035981538 -0.24702724342002214 0.5042118205956666 0.5490674558668965 -0.5437521272052974 0.6347113935227315,76.16695444686577 -19.530697980192826 1143.506533019496,0.69
50,629,4,1.0,0.7033024041873788 -0.03064290336316069 -0.7102300618375217 0.650098933303685 -0.3765205049906361 0.6600027925994005 -0.2876405833356341 -0.9259013564063248 -0.24488685759604142,27.887466039118046 -20.19615506943171 988.967352368564,0.69
50,633,4,1.0,0.27499816327428045 0.860326625572353 0.42920170960407544 0.9155958810787992 -0.3705525727133376 0.1561248647943806 0.2933601758032426 0.35004126640557054 -0.8896127916491957,-41.284506539513956 24.19899799174629 1213.7217840949127,0.69
50,640,4,1.0,-0.1153792663111352 0.9411505852872748 0.31768412097384585 -0.6909000614605757 -0.30582158794262954 0.6550803473025436 0.7136839146143602 -0.1439052888592679 0.6855264676575613,107.99206363432377 -42.09605961865165 1214.6705460752046,0.69
50,642,4,1.0,0.20348786861608636 -0.48546648026636713 -0.8502440731130483 -0.016702279814030024 -0.8700083439966785 0.49275401086665016 -0.9789349933346423 -0.08606844900392784 -0.18514454059183613,-287.6232918887446 6.433766808667745 1185.4887917373158,0.69
50,644,4,1.0,0.6075815333167459 0.17699266090618077 -0.7742856568204156 0.7579654364781477 0.1621062111394636 0.6318306524809472 0.23734590259147947 -0.9707704024615492 -0.03566157915289848,222.24009019067373 -170.67558675594373 1131.0253349675693,0.69
50,651,4,1.0,-0.5747645078092534 0.24883554086047321 -0.7795682357353093 -0.5858502861999477 -0.790246232710345 0.17969511358561407 -0.5713363306514179 0.5599926475336827 0.599985859821705,209.43196093662692 -157.69769937103524 1019.6407821167786,0.69
50,653,4,1.0,-0.9160513977096052 0.3942115009125124 -0.07380466992395043 -0.3904762547431593 -0.8346449499507196 0.38845347469615515 0.09153213225984672 0.3846623195350246 0.9185079034466173,249.83550857576125 -174.72884844046348 1134.0211284535737,0.69
50,660,4,1.0,0.5610404070804536 0.7849905238142343 0.26272331290704537 0.8074235351087424 -0.588911061512587 0.035369430029615956 0.1824853324941505 0.19228530664086793 -0.9642227254501562,-15.419166764338156 16.75772458077789 1072.9214116253809,0.69
50,662,4,1.0,-0.3102130770244519 -0.7577144264247062 0.5741399610120334 0.01178969738718797 -0.606953628371482 -0.7946497945901768 0.9505939458457223 -0.2397418215384438 0.19721817646172696,-215.72426390189878 -57.577470473801384 1363.6567452680547,0.69
50,671,4,1.0,-0.02738688508080593 0.4162507390000304 -0.9088373236215045 0.23190331836376554 -0.8817285887446035 -0.41082301143232514 -0.9723532328621346 -0.22201355380331805 -0.07238212811306713,-100.58671305642665 -57.38417926511751 1163.3085650600121,0.69
50,681,4,1.0,-0.4009629136450469 -0.7786994098397763 0.4825515215979109 0.3929651101656442 -0.6220253619428883 -0.67724653656724 0.8275307632189745 -0.08192483271269486 0.5554108008593451,-180.0493919821393 -47.33850971635227 1224.739181104121,0.69
50,682,4,1.0,0.33517624453687767 0.87589463903348 0.3470813541672406 0.9085315191292233 -0.39802172149064513 0.1270794553433793 0.24945413174951006 0.27274033536320513 -0.9291853128515677,1.3257886000962014 16.01536317431274 1129.9533781794387,0.69
50,701,4,1.0,0.6902228997798936 -0.6379642823835765 -0.34145852313603664 -0.4424302131264816 -0.7454863712088566 0.498503336854134 -0.5725799988929857 -0.19300685154848315 -0.7968064383042159,-257.208546337244 15.162074850544261 1132.3895417843078,0.69
50,712,4,1.0,0.4145281941170768 -0.3045505986302489 0.857563588986841 0.8894949351300623 -0.06349424389635426 -0.4525121449972329 0.19226319632212882 0.9503775112375015 0.24457606071324986,-169.80410427175997 -209.1769044540682 1090.769072260752,0.69
50,721,4,1.0,-0.5737458756159759 0.6677090657911816 -0.4743208551960629 -0.5783771889103357 -0.7403478776041948 -0.3425855330791754 -0.5799099046936816 0.07777932621996816 0.8109592337786979,197.18812717534894 33.37386429538856 1162.4833875970446,0.69
50,722,4,1.0,0.09621564698993812 -0.5496067427728757 0.8298644332497321 0.8055547900950677 -0.4467233706955671 -0.3892553278110444 0.5846571896669024 0.7059537225434693 0.3997565661722373,-135.2006103099814 -207.68262518007998 1059.6270634158373,0.69
50,735,4,1.0,0.38927519437340913 0.38102548926123336 -0.8386205337211714 -0.3170802643662926 0.9102225652787003 0.26637377424751146 0.8648265311580965 0.16221731778913157 0.47514272888717735,-14.388533143665814 20.305096684139546 943.5587623038754,0.69
50,737,4,1.0,0.7831159865076158 0.6069807665997448 0.135291169904725 0.5926778960795017 -0.6625928039709684 -0.4579341520619138 -0.18831426705106 0.43879964118476117 -0.8786311010436325,191.1628510705785 17.68205834939173 1311.428947799964,0.69
50,751,4,1.0,-0.4757484928336574 0.6248582868186261 -0.6190440153661091 0.007864591166398037 0.7067877083020127 0.7073819927019449 0.879546201044771 0.33166738879075974 -0.34116744194080134,124.238637375813 -7.409067319907782 1064.2660956070831,0.69
50,757,4,1.0,0.35521668094770326 0.529740106441207 0.7701925273619293 -0.24321855889721314 0.8479240111091287 -0.4710303641938264 -0.902588412392083 -0.020007273983851662 0.43003937820073457,-162.90029309876974 -33.06256313183235 1282.5997483637893,0.69
50,769,4,1.0,0.6048667014659818 -0.09087014029577688 0.7911250792765262 0.5753744098364921 -0.636946802856943 -0.5130721770234944 0.5505275306131134 0.7655334009257502 -0.3329835583089397,-146.41526994491633 -220.00978995442384 1248.4376042525084,0.69
50,923,4,1.0,-0.573156901180919 -0.7983039460638833 -0.1849377633895232 -0.38016049470015456 0.45897095370255486 -0.803009129416784 0.7259264183772491 -0.38994419261761 -0.5665459926129384,201.86076190304075 -44.34390349927385 951.2520383199383,0.69
50,1026,4,1.0,-0.9583991057000317 -0.2710548499862746 -0.08944508087255565 -0.05134170069369127 0.47196480111092737 -0.8801211600013955 0.28077603879829127 -0.8389150700823302 -0.4662470602861749,160.07997098966845 -16.163665553477493 895.4464147116787,0.69
50,1044,4,1.0,-0.9689991786148746 -0.23819283151261608 -0.06561072213976153 -0.05815796567396877 0.4780080532529469 -0.876427950292546 0.24012130865952716 -0.8454421778225459 -0.4770422214922969,145.50909506997786 -17.401852597773292 895.0486973075153,0.69
50,1052,4,1.0,-0.9422143215151528 -0.3207958845194619 -0.0965513998195592 -0.16272999685861633 0.6901759800596367 -0.7051071299250308 0.29283292242187353 -0.6486502270284776 -0.7024968060580551,143.7447319129514 -53.96674743635597 894.359886765093,0.69
50,1058,4,1.0,-0.9386297391566916 -0.32876003927176106 -0.1043601904399943 -0.11266001793716861 0.5781710461979628 -0.808100217607167 0.3260090997641608 -0.7467496755381852 -0.5797266502021259,136.69881805174197 -61.85402226310993 883.3842734593056,0.69
50,1066,4,1.0,-0.9374746327891704 -0.33876423575413667 -0.07987556228738668 -0.16327886247484302 0.6307226790287344 -0.7586362206141604 0.30737814812658965 -0.6981602213910011 -0.6465995509753595,142.64375750007238 -53.13894883951262 894.3143835774545,0.69
50,1077,4,1.0,-0.9544413632255387 -0.28615962897219066 -0.08458339618787224 -0.10372071734287527 0.5839315469394689 -0.8051496514827278 0.2797922389167641 -0.759695080433839 -0.5870091036828711,134.10223432944244 -62.328810043902266 866.4447308167971,0.69
50,1094,4,1.0,-0.9319351030592057 -0.34327947168969125 -0.11685960808796643 -0.10227868116872536 0.5580062835545152 -0.8235095985427641 0.34790233552595273 -0.7555052559910652 -0.55513581500878,131.47298192639187 -48.18111807915314 860.2862732143698,0.69
50,1098,4,1.0,-0.9295214976683008 -0.3511214585483944 -0.11270983417310095 -0.08658793015988231 0.5049048381532742 -0.8588210726106127 0.3584582482285869 -0.7885333383924007 -0.4997227816706267,130.04451823215848 -48.29132587255065 855.9593327384074,0.69
50,1105,4,1.0,-0.9522241492542223 -0.29277051585408476 -0.08691717105155203 -0.055479858281337974 0.44569580537958764 -0.893463616714258 0.30031842251542684 -0.8459554799831804 -0.4406451758322921,131.2013250549696 2.2411902264367214 857.3166987025847,0.69
50,1113,4,1.0,-0.9317645964302153 -0.3599386555389611 -0.04752789799731826 -0.1615394059534235 0.5282434575309183 -0.8335849506199087 0.32514574757092146 -0.7690273166959585 -0.5503428286186353,134.46090224461614 -42.597408909606486 855.4316103061742,0.69
50,1125,4,1.0,-0.9366047865148708 -0.34745857686978204 -0.04521074249621641 -0.1978103891704896 0.630839635493597 -0.7502748857762228 0.28921017238965296 -0.6937678946520454 -0.6595783384378351,135.85550801898165 -34.95371372206423 883.1186922650058,0.69
50,1130,4,1.0,-0.9839820920019274 -0.16772122092044842 -0.06040558477876065 -0.044832460066339695 0.5607798035830528 -0.8267503023390758 0.17253780207221237 -0.8107993610914526 -0.5593166392212757,135.9487546622387 -20.640120222725248 889.5054327846432,0.69
50,1145,4,1.0,-0.9590015811322017 -0.28046055686095506 -0.04071662352381231 -0.13661000256203643 0.5833574447502872 -0.800644614579038 0.24830157991027255 -0.7622571532623744 -0.5977544292720911,127.92046901193468 -47.915994767907584 867.1812723037899,0.69
50,1150,4,1.0,-0.9547127635351437 -0.2963950261099019 -0.025952411071010525 -0.17562799766496992 0.63181657184964 -0.7549586915668703 0.24016316449297856 -0.7162107287897036 -0.6552586103114096,131.20701604936002 -52.443006168547704 860.5363583885668,0.69
50,1169,4,1.0,-0.9837024476718645 -0.17962452704701137 0.008032666277188521 -0.11636708600838236 0.6019483929793736 -0.7900106540316191 0.13707003953563646 -0.7780701520253087 -0.6130404903340495,130.15547275314324 -46.782797449897274 878.7907601137479,0.69
50,1189,4,1.0,-0.9674272880562699 -0.25173790967027293 -0.02669208045344428 -0.13430354466933236 0.5997675753206436 -0.7888228023347508 0.21458564773382285 -0.7595438634001577 -0.6140408124529009,131.37151703462098 -39.56925813235206 884.8723378949318,0.69
50,1192,4,1.0,-0.9348466715363617 -0.3522622201498304 -0.04441879075907328 -0.18081432352722143 0.5800084479522223 -0.794289859378456 0.30556158319523613 -0.7345076776720355 -0.6059130220716951,131.39778197021025 -50.60032736065145 867.8135300170347,0.69
50,1209,4,1.0,-0.9128098388117207 -0.40473059436250497 -0.054510037199532284 -0.20468656821200978 0.5689167394011976 -0.796515632252563 0.35338591788880214 -0.7159098334399965 -0.6021557136005652,124.65436266393128 -44.67416254230071 863.7181956856298,0.69
50,1216,4,1.0,-0.969186635164344 -0.2251772811340194 -0.09986219645044678 -0.012942046777673487 0.45139298982414205 -0.8922314005698454 0.2459873363488885 -0.8634463276884755 -0.4403983078501387,127.85714554904295 -10.249119296175977 897.2393247913753,0.69
50,1242,4,1.0,-0.9670812610000288 -0.2535565419615442 -0.021515451450011453 -0.13852224386966625 0.5954814897131726 -0.7913364539576666 0.21346058787492095 -0.7623062871559468 -0.6110022111143367,111.7456643314908 -29.085509815550033 872.6847411544675,0.69
50,1246,4,1.0,-0.9787069136624319 -0.20525168725994372 -0.0021265056556046625 -0.11624690561598874 0.5627820351809366 -0.8183905166925567 0.16917279356936948 -0.8007172570605363 -0.5746585422330257,107.70207078728154 -28.464030572441192 879.7632777171691,0.69
50,1263,4,1.0,-0.9638084164425416 -0.26079387053413794 -0.05531630398304293 -0.0872955995323191 0.5047786620027501 -0.8588236027782461 0.2518984213861098 -0.8229125466770679 -0.5092760801614868,102.45683177272535 -49.534415697058336 858.5666904363466,0.69
50,1266,4,1.0,-0.978237848432853 -0.20651921009889643 -0.020013189490695634 -0.10860660972521947 0.5918463506535636 -0.7987005080391858 0.17679173119084643 -0.7791455018661064 -0.6013958519181493,107.15651115852552 -53.6167776268831 873.3442564908854,0.69
50,1280,4,1.0,-0.9859187027372462 -0.16713328424928223 -0.005547692218715917 -0.10388452145258784 0.638136973125872 -0.7628821729024191 0.13104319057269548 -0.7515634828980173 -0.6465137379659687,104.45901522073531 -48.718357784808596 872.2758892717661,0.69
50,1284,4,1.0,-0.9827104102345734 -0.18419782869317802 0.018745920124552236 -0.12508447932345595 0.5858471243351066 -0.800710322114475 0.1365068593477169 -0.7892111927823913 -0.5987583573846949,107.0427912998863 -45.90448568366138 882.3701786589173,0.69
50,1324,4,1.0,-0.9807432154537007 -0.1939231110493491 -0.023164031222504385 -0.0970863256560312 0.5870087841404517 -0.8037380995775674 0.1694608825426871 -0.7860117774835754 -0.594532164769042,84.00942421832625 -69.03774537302962 862.7712050498097,0.69
50,1480,4,1.0,-0.9974925911623416 -0.0704506849974345 -0.006725441221967124 -0.02570213888246863 0.4491658382785957 -0.8930786358324516 0.06593884009522868 -0.8906664643439084 -0.4498503291762908,97.91060312632344 -21.553667803577415 975.9476588001752,0.69
50,1542,4,1.0,-0.9987562161816377 0.03792858650438732 0.032364223524085356 -0.009551394697009032 0.49153854676408487 -0.8708034381560474 -0.04893660693059604 -0.870029470403635 -0.4905649081735155,85.44198471741376 -73.68978886725947 976.9108787529025,0.69
50,1564,4,1.0,-0.9959701137057061 -0.0837533372141702 -0.03207664431533874 -0.02370076891670231 0.5907313071579876 -0.8065201772405773 0.08649743440010414 -0.8025097514977027 -0.5903357456509772,88.53348466968366 -83.97577608009756 962.0312162847525,0.69
50,1592,4,1.0,-0.9987302347117463 -0.011132600054279422 -0.04913230595700064 0.03477384001439786 0.5533296522691862 -0.8322361900147797 0.03645131442450228 -0.832887964335957 -0.552239930230541,87.2249081263391 -82.53904416195465 968.508336965735,0.69
50,1593,4,1.0,-0.9888324245166547 -0.1311910716305458 -0.07070600362730009 -0.015088815334035633 0.5601284649226473 -0.8282683323870436 0.14826585539607612 -0.817951713432907 -0.555852705863561,87.7256192492318 -44.81740370775534 940.6511973822442,0.69
50,1613,4,1.0,-0.9923042482493003 -0.11295248437433753 -0.05073475317822561 -0.016002285218481772 0.5232793357732735 -0.8520109527585124 0.12278520177194309 -0.8446422159863591 -0.5210598057799859,82.76928533214753 -43.6890122038134 926.0062226444986,0.69
50,1629,4,1.0,-0.9948249764841842 -0.09795322191072113 -0.02698948833437103 -0.024980690967128683 0.49328643754546675 -0.8695081688014822 0.09848467516343318 -0.8643342275132989 -0.49318060779692235,76.68641077902241 -70.86780628471213 941.9504733361603,0.69
50,1656,4,1.0,-0.9996216755593526 -0.020285427454283446 -0.018574369031284458 0.0021225017069116245 0.6164110683624696 -0.7874216721596772 0.027422631865258448 -0.7871631954259777 -0.6161348091354251,78.1374790739705 -75.56845684682912 951.2030012282997,0.69
50,1658,4,1.0,-0.9991895415043588 -0.03897825184737344 -0.0100476878550629 -0.011544938437265782 0.5166385203586853 -0.8561257814585822 0.03856130890918746 -0.8553159271079378 -0.516669807798655,78.74927360200547 -83.7754080323992 939.7827071376611,0.69
50,1669,4,1.0,-0.9959132842974951 0.08442044530833666 -0.03209234447213797 0.07147519911880701 0.5195127102030791 -0.8514680498106663 -0.05520893107734599 -0.850282148672659 -0.5234235775907531,74.93352977987702 -51.637106169265465 907.6401745181461,0.69
50,1678,4,1.0,-0.9935419495778142 0.008451607949801737 -0.1131501867085431 0.0994742631365908 0.5445945334208889 -0.8327794817005975 0.054582647449053015 -0.8386568812638142 -0.5419182319375359,62.67259528531599 -53.4056874260778 887.560492762305,0.69
50,1695,4,1.0,-0.9998786896583517 0.011202287627596286 0.010821955415133902 -0.002526428881459785 0.5689483109917023 -0.8223694039644208 -0.015369551854412333 -0.822296982951779 -0.5688509898947145,54.801980195764976 -70.84602745986574 924.0999097568026,0.69
50,1708,4,1.0,-0.9977305180854221 -0.03908687819972778 -0.05482726724536516 0.023096265328137786 0.5661970328084555 -0.8239462862145767 0.0632485241637092 -0.8233426601309445 -0.5640092979726594,50.041242229894905 -47.92367378190609 877.0269218020684,0.69
50,1711,4,1.0,-0.9986108940146795 -0.04822191154036111 0.02123510307478449 -0.04415509440377441 0.545967003870953 -0.8366423120559756 0.02875082596025557 -0.8364177651936673 -0.5473378408944832,52.1637531068786 -81.99095815376155 900.8458274892926,0.69
50,1713,4,1.0,-0.996945828244602 -0.07324680276131543 -0.027090984310830218 -0.014547754073630898 0.5150000042654628 -0.8570667176235384 0.07672925385469263 -0.8540549756847147 -0.5144926822716563,52.36047318589974 -81.60045619605366 895.4531276679572,0.69
50,1714,4,1.0,-0.9996325264002877 -0.023760006524871657 -0.013048917676035027 -0.003054776256264692 0.5770510175094156 -0.8167023885929144 0.02693474530419853 -0.8163624105023984 -0.5769115479985746,54.54573957244147 -45.82962289968696 878.32349962002,0.69
50,1718,4,1.0,-0.9939218759412622 -0.051347629142863574 -0.09737928684688933 0.06025772048492786 0.4865350909639937 -0.8715805254723273 0.0921320337741553 -0.8721508047591687 -0.4804837792377309,53.40545893919711 -64.00441850552069 873.5672854898082,0.69
50,1719,4,1.0,-0.9978771590793413 -0.027821268227849055 -0.058882530702552026 0.03433598822542783 0.5435183463133066 -0.8386947282136882 0.055337286709109514 -0.8389361026055816 -0.5414092725883363,57.55477730832859 -55.33691751789828 870.8914679626519,0.69
50,1733,4,1.0,-0.9995840892156233 0.02125804543814528 -0.01948702365994345 0.027134569060693177 0.46448549085030194 -0.8851649247182386 -0.00976543644001243 -0.8853255470693842 -0.4648691342275076,48.90699105235935 -73.17019207797384 889.5302388069138,0.69
50,1743,4,1.0,-0.9972514182136191 -0.0738006703645775 -0.006562768064208141 -0.027912051549050826 0.4562602819048097 -0.8894084958749088 0.06863327363057045 -0.8867807035619819 -0.45706614131968737,63.65626851218918 -68.81483140434854 896.3540263116079,0.69
50,1745,4,1.0,-0.9997843254776596 0.020618808517224238 -0.00248339777543569 0.012489113364485473 0.5013842825632777 -0.8651345694433188 -0.016592907417026834 -0.8649789973946407 -0.5015336573846393,62.74514596465135 -79.3037863743156 898.5315310078709,0.69
50,1756,4,1.0,-0.9973588066999248 -0.07260621264920177 0.0019361257296076641 -0.038078108308490614 0.4999904575409613 -0.8651933888071651 0.06185037078101337 -0.8629819698306093 -0.5014345933235286,65.19083863554052 -78.19480639040995 893.269920897152,0.69
50,1778,4,1.0,-0.9892170484359043 -0.13533428851545481 -0.05598447495309206 -0.02651912717347899 0.5414557995247193 -0.8403108669147414 0.14403599195240954 -0.8297651761269949 -0.5392062550724193,69.8721246670488 -51.26504624576934 879.9333892711529,0.69
50,1782,4,1.0,-0.9953740049616788 -0.08999425829154956 0.0336396153530464 -0.0746528418568589 0.5040635460512031 -0.8604341315551017 0.06047762767537978 -0.8589650604168024 -0.5084500777204365,75.21165353469769 -83.2761907716916 897.9974452078781,0.69
50,1874,4,1.0,-0.9971247168294104 -0.07139453477178877 -0.025399202597500666 -0.011855607654707891 0.4780297931090881 -0.8782636059106743 0.07484479711380543 -0.8754372263645186 -0.4775017476828659,56.26811550602831 -47.889125128007265 881.5522905346999,0.69
51,1,4,1.0,-0.011316643744377295 -0.7207759837103105 -0.6930756920285096 0.9307201384124596 0.24579851915288373 -0.27081933449394163 0.3655570509891102 -0.6481242699426433 0.6680591090490883,115.30195687494448 59.801151354261364 968.2710820322952,0.69
51,35,4,1.0,-0.09641302534927437 -0.7315434057849719 -0.6749435339311909 0.9549824500525257 0.12315064976149664 -0.2698933818288194 0.2805584584978253 -0.6705804671445815 0.6867377872590664,142.14711049465438 88.35398502689426 999.2807377869659,0.69
51,56,4,1.0,-0.07290464493616619 -0.730709770878972 -0.6787843129365412 0.9429533136303668 0.1711760412104159 -0.2855482642725069 0.32484451828566074 -0.6608797119427486 0.6765456712463886,132.0821820119993 89.99452414087087 1005.8489114445288,0.69
51,83,4,1.0,-0.07434817374622364 -0.7376590596115945 -0.6710674040910792 0.9498423128517618 0.15259613687607224 -0.2729725255898749 0.3037629499741817 -0.6577032239418 0.6893145431800674,103.03575328777158 63.25965375560984 978.1650850569496,0.69
51,100,4,1.0,-0.09959501972657199 -0.7134158665666916 -0.6936271573234143 0.9353163736629252 0.17072711410116836 -0.3098960046027082 0.33950568950122 -0.6796249361534519 0.6502659709339849,125.778240666051 61.91004321767633 1009.687672905877,0.69
51,116,4,1.0,-0.1423988751500538 -0.7060052821810957 -0.6937428211436798 0.928667121183487 0.14722287407704016 -0.3404450078665736 0.3424907858450724 -0.6927351347238625 0.6346795212785241,134.1847986602218 60.07474728385648 1010.1674363774417,0.69
51,138,4,1.0,-0.09368988492033536 -0.7070753879018833 -0.700904131309708 0.920775617028566 0.2062272989373153 -0.3311231859273565 0.37867462094689924 -0.6763983271685561 0.6317363646762006,148.74208635877554 34.25554790762513 1002.7592641917375,0.69
51,169,4,1.0,-0.13314579140249924 -0.7478230935429871 -0.6504097316273779 0.9231489526186376 0.14522715849259793 -0.35595657560337063 0.3606497047148583 -0.6478191824884179 0.6710157205976054,150.05993651134824 44.87932505235864 994.7135941186784,0.69
51,240,4,1.0,-0.16837529294890924 -0.8019816839900902 -0.5731275069901882 0.9197203616814138 0.08136287498431179 -0.38405017755873694 0.3546325098365619 -0.5917815991721155 0.7238993865505859,168.85907040002533 81.43129863345338 1006.3646065669541,0.69
51,407,4,1.0,-0.21040772918298803 -0.8502991001688264 -0.4824106422459434 0.8969454846634524 0.02837773241727535 -0.4412295341935977 0.3888667960136278 -0.5255341516542366 0.7567010442725436,146.2609184977754 86.78003285966143 1013.1646941753469,0.69
51,515,4,1.0,-0.232282205377732 -0.8773815399705569 -0.41981735360005307 0.8977959764770997 -0.027361835243044773 -0.43956082013034753 0.3741755760153095 -0.47901248761491316 0.7940652838542838,146.66294963132387 104.85752858362991 1012.770870794127,0.69
51,520,4,1.0,-0.259317463612717 -0.8808915926631985 -0.3959601685027933 0.8884790541059416 -0.05685744679959167 -0.4553813798986987 0.3786283447927247 -0.46989066038678046 0.7973978579108402,148.69007643496727 105.36358009009902 1010.8077416112915,0.69
51,532,4,1.0,-0.2655597313826357 -0.8767228398349175 -0.40104250545270315 0.8919510355871637 -0.06553618781713434 -0.4473570813135575 0.36592537378947937 -0.47651030439875697 0.7993976173462329,152.1416086564114 107.66676531565906 1010.2486827136447,0.69
51,546,4,1.0,-0.2187824846092595 -0.9023584023080489 -0.37132672703734254 0.9086490641655597 -0.049700092882047624 -0.41459230450958473 0.3556558766831381 -0.4281112175026271 0.830800627605183,158.90650881276505 106.68386742878599 1002.2493515264783,0.69
51,553,4,1.0,-0.3178288216862875 -0.8515989727991498 -0.41685012850296704 0.8900440359448527 -0.11643117303377686 -0.4407554832613851 0.32681256736010733 -0.5110997666536469 0.7949657692895231,157.00525203491426 111.02825722960223 996.8633496943158,0.69
51,571,4,1.0,-0.2712959679195524 -0.898355180207229 -0.3454800543959518 0.8883882172004812 -0.09560343501968191 -0.44902823825655785 0.37035776396606496 -0.428739960124169 0.824024983397216,153.32299199847398 118.78686911487048 987.7634171829146,0.69
51,582,4,1.0,-0.2772615048080506 -0.898052113948128 -0.34150909004721164 0.8893360710589316 -0.10536657222551717 -0.4449485792436107 0.36360336998581055 -0.4270834650167855 0.8278842329965088,157.7514058542259 136.0086065711659 990.3875419445922,0.69
51,601,4,1.0,-0.2722347606017171 -0.9061930123933921 -0.3235775941092257 0.900423199570573 -0.12133341012324153 -0.4177514395701797 0.33930266252303065 -0.40508323573958765 0.8489883835056451,159.77401893570524 129.0183295647252 982.1419328560532,0.69
51,611,4,1.0,-0.3010812932228493 -0.8972290024670614 -0.32300181424137325 0.886332725058623 -0.13834097045826407 -0.44190052770145155 0.3518015852173101 -0.41933506057164743 0.8368953050495381,155.01661204983537 126.72133848554623 979.5764696851314,0.69
51,618,4,1.0,-0.2760596770365167 -0.9045208287528741 -0.32501249986224723 0.8930227118523267 -0.1163503131352785 -0.4347102951958209 0.35538921034607884 -0.410249527709095 0.8398772732870288,151.31679415941497 122.5924194510965 971.166978066399,0.69
51,636,4,1.0,-0.2959235044374319 -0.9011029046386874 -0.3169271758199196 0.8833261266838276 -0.13187717110981043 -0.4498259281742446 0.3635439910646529 -0.4130641197099967 0.8349932931281475,155.3874459382049 134.68830151515982 962.8840598790149,0.69
51,637,4,1.0,-0.2653938302964379 -0.9093701287814784 -0.32033120940761034 0.9005460681088207 -0.11513980239414824 -0.41923693195898104 0.34435867065362 -0.39973590629888767 0.84948708710673,156.89146471592636 133.25284928927772 959.5707390235208,0.69
51,649,4,1.0,-0.3447623000197923 -0.8797233952412155 -0.32745336209959947 0.88388893382311 -0.1867947862747954 -0.4287750698042034 0.31603687941458514 -0.43725788235985197 0.8419775740268082,139.6265680444288 130.92487754229694 960.9671455225536,0.69
51,654,4,1.0,-0.31952922446181037 -0.8877743077499383 -0.33129722789959115 0.8936071501458127 -0.16600486179914933 -0.417023556969298 0.31522584907192264 -0.42930078541526606 0.8463648738686654,141.10602125708792 128.99383612014 953.6216304988869,0.69
51,669,4,1.0,-0.40333329310506083 -0.8694565140548386 -0.2852501092736616 0.8685513158907966 -0.26564892295932047 -0.4183888877526727 0.2879945595621433 -0.41650452566348156 0.8623126542991505,140.89594546920497 141.89307296122928 947.3704402311243,0.69
51,672,4,1.0,-0.3586247067205887 -0.8798900403376203 -0.3117400145060505 0.8925983115046846 -0.22548137936928916 -0.39041823965679157 0.27323355216473055 -0.4182722372718318 0.8662515578624141,147.85545979797433 140.38136912975364 946.01606452194,0.69
51,675,4,1.0,-0.2752088754533268 -0.9194038978393142 -0.28099207730751474 0.8967264023585645 -0.14011312856660818 -0.4198214745774015 0.34661482106912483 -0.3675116104848309 0.8630141261729521,148.77005763847635 137.46994200368545 943.5358014059361,0.69
51,681,4,1.0,-0.26146040137429566 -0.9160596905641448 -0.30409390299168404 0.9081082996255088 -0.1267043701658983 -0.39910564858459513 0.32707457049495553 -0.380500520241939 0.8650095834331283,146.8678078394068 136.12593324756665 934.5166988488593,0.69
51,685,4,1.0,-0.279395517090524 -0.9211250735140949 -0.2710474939440905 0.9000509146438658 -0.15292548714916887 -0.4080712516570245 0.3344345916296042 -0.3579698232027981 0.8717861604761215,146.51157652335561 134.40731400817901 925.1256624378278,0.69
51,694,4,1.0,-0.3117663851267537 -0.9122861450670919 -0.26558559942817245 0.9054400472079096 -0.20050928549539646 -0.37413145730112507 0.2880625661503671 -0.3571134496889612 0.8885324653799175,143.1550752181157 133.3863524595204 923.8095942911997,0.69
51,698,4,1.0,-0.3524764974412086 -0.8948974014917045 -0.2737132798294099 0.8837641671154625 -0.2221221630017298 -0.41185269408630315 0.3077681199771842 -0.3870663838501454 0.8691710987020224,141.67805231174256 130.91687388595489 929.6262529126686,0.69
51,780,4,1.0,-0.2980285977703756 -0.9144488035085381 -0.27379251390939496 0.9065952894390007 -0.18138582737617523 -0.38103039615504986 0.2987707081995111 -0.3617769580678999 0.8830931414823124,133.39372535792444 128.28850904022244 898.2440648472835,0.69
51,946,4,1.0,-0.3392235294791552 -0.916877852786239 -0.21038631162174043 0.9129056609160255 -0.2668913100621605 -0.30882403222673277 0.22700363722896263 -0.2968232330586662 0.9275587943636898,135.58975165039507 113.68132499419428 811.7487681675296,0.69
51,1038,4,1.0,-0.34138095983216765 -0.9238489923652197 -0.17309557929027353 0.9177858293337341 -0.2879040573091776 -0.2734600981114124 0.2028009165123701 -0.2522187405619992 0.9461804770608311,136.77048209062792 111.62029956762183 777.0521491069711,0.69
51,1045,4,1.0,-0.3296801737116276 -0.9276075394326101 -0.175656584986871 0.9087619760017823 -0.26137796545054465 -0.32532019634549303 0.2558567060579174 -0.2668816441134766 0.9291455935430571,135.889361081971 112.16905918158713 780.8346693085432,0.69
51,1057,4,1.0,-0.29995021154293705 -0.9461218510789784 -0.12199718646851714 0.9513482372246334 -0.2872269681930383 -0.11152219632081119 0.07047270482200622 -0.1495129146713489 0.9862451450940317,126.8589589136082 88.28801865277609 762.6648444964383,0.69
51,1063,4,1.0,-0.3442229138568239 -0.9300000673188483 -0.12888157495489816 0.9169347762108866 -0.30348115151017696 -0.2590942045919741 0.2018444989367016 -0.20736216015704168 0.9572145698765753,135.99284841470217 96.59852934079456 766.6440939939156,0.69
51,1076,4,1.0,-0.3088855309497654 -0.9363276222560595 -0.16697398770525443 0.929068321376006 -0.2594769849075047 -0.2636356359047095 0.20352342122087896 -0.23656347584448387 0.9500610185198238,138.34241932463803 108.72939130709261 765.8860531281023,0.69
51,1080,4,1.0,-0.3096786018862961 -0.9363374063133387 -0.1654431173308784 0.9328468918944233 -0.2654932869919795 -0.24353642611549595 0.18410822854142886 -0.2297511177352664 0.9556770291697572,134.7393198653958 105.19887428092274 763.1373278096131,0.69
51,1091,4,1.0,-0.32599139784202363 -0.936542754416188 -0.12890802024522155 0.9372013520415513 -0.30226568630987033 -0.17403758390391225 0.12402916699103989 -0.1775475261167062 0.9762651492834039,119.06438212727099 94.54325488099897 761.81012265293,0.69
51,1092,4,1.0,-0.3126189426183327 -0.9337321337143062 -0.17439523842561053 0.9232826241589791 -0.25555916637965514 -0.28677292132529814 0.22320078996792528 -0.25066674081071366 0.941991291047337,126.44221367963615 99.8205733011728 768.8348683181584,0.69
51,1110,4,1.0,-0.3147891548795135 -0.9418421433321797 -0.11764848071134348 0.9332537115323772 -0.28452846684502087 -0.21927394160242578 0.17304709729227935 -0.17882094004413432 0.9685441515596739,114.08730197075388 90.71886200019553 757.5468633283945,0.69
51,1111,4,1.0,-0.22182027952472075 -0.9555780833549884 -0.19407805183271645 0.9084603394061851 -0.130217669988938 -0.39716894408884973 0.354253546654899 -0.26441233903556804 0.896989709889788,97.85932318462308 63.17651243641868 799.7552758108633,0.69
51,1149,4,1.0,-0.30348894037116786 -0.9457770823905056 -0.11575911841962236 0.9457899533118054 -0.28426742768940466 -0.15707766795220135 0.11565391167979841 -0.15715514620829812 0.980778483008987,101.54554548189563 77.44443758954549 751.0780960842651,0.69
51,1150,4,1.0,-0.3497363847378398 -0.9263114150116231 -0.1401128959434909 0.9165710782338224 -0.3073706068525236 -0.25577483963126735 0.193860567769195 -0.217877195828929 0.9565289372527775,107.80525120481025 90.8044031553377 756.9610058042255,0.69
51,1160,4,1.0,-0.3040077956489141 -0.9512930071088885 -0.05119448027294346 0.8924673038551739 -0.2655850010981968 -0.3646460184084671 0.3332887212825626 -0.15654463202997204 0.9297378159720272,97.87831528467017 87.47754728759199 753.651022415861,0.69
51,1182,4,1.0,-0.3277513212302325 -0.943644625598211 -0.045977081371582525 0.9178493515494774 -0.306503763008013 -0.2522062868410146 0.22390095866708862 -0.12486097805775767 0.9665806209863816,112.35477484965809 94.70601389733851 749.5026553194976,0.69
51,1220,4,1.0,-0.3102107230546721 -0.9504161277907915 -0.021874444839929306 0.9290845485097504 -0.2982125034510963 -0.218794891407142 0.2014229605142645 -0.08819573017208517 0.9755256553044015,109.55413797170584 100.53620878288585 742.8305200461152,0.69
51,1528,4,1.0,-0.12190164858199734 -0.9914738556234484 -0.046038914932523024 0.9527426397145956 -0.10388418996623895 -0.2854637236930863 0.27824710338592135 -0.07866173587095053 0.9572830724331823,89.9034302770881 79.82234542019995 784.8519514501836,0.69
51,1536,4,1.0,-0.2036065044561285 -0.978993492482416 -0.010776503154488252 0.9212270780916381 -0.1878425119578218 -0.3406697246485505 0.331489158094047 -0.07929017832277786 0.9401212717982942,93.96191568053244 85.24591306387573 722.6316447218561,0.69
51,1545,4,1.0,-0.23364850660776543 -0.9723172479511797 -0.0027467611118338945 0.97004565330112 -0.2329076268966767 -0.0690323680961431 0.06648162055458536 -0.01879379339045242 0.9976106392067161,93.82139029537258 80.1813733387761 717.0289862099578,0.69
51,1566,4,1.0,-0.1351461536874871 -0.9903762949372852 -0.029838089244681152 0.9112327787736377 -0.1124078450847115 -0.39625660783371935 0.38908911579733535 -0.08074200139770471 0.9176548311747401,90.13192232300965 70.82660253169814 756.8451328125861,0.69
51,1571,4,1.0,-0.3329625540704042 -0.9398600859644873 0.07615087916590023 0.8971974990477269 -0.3406235804170896 -0.2810911314259959 0.29012512005928964 -0.025270442708207844 0.9566550158943996,92.12020695576707 107.64987237493875 718.5739793512672,0.69
51,1584,4,1.0,-0.25823064824176944 -0.9660818127658908 -0.0016921440852789814 0.9232343048993048 -0.24626102729343835 -0.29494732528619005 0.28452653754216406 -0.07772668447419104 0.9555120155994468,105.99023391570502 88.44084232282029 708.1984552158444,0.69
51,1588,4,1.0,-0.20194115428096598 -0.9788966171666501 0.03132384247438211 0.909297518074506 -0.19927356444113278 -0.36533282105289844 0.3638650764104942 -0.045293039361631544 0.9303497980620895,97.9609216595678 84.66864441602291 702.2651124344625,0.69
51,1603,4,1.0,-0.20220129767884554 -0.9793064151949545 0.008577900384014157 0.897043590904618 -0.18871652943902492 -0.3996234071390701 0.3929725578637012 -0.07310962094346335 0.9166392704284294,103.3302480299959 73.83652882765814 693.1720913518577,0.69
51,1611,4,1.0,-0.29267041009811323 -0.9560410402962221 0.018153796361137578 0.9086641096411464 -0.2839790490880604 -0.3060807663495122 0.29778107210342625 -0.0730850802035567 0.9518324454170354,105.19500266110974 68.52478570641951 691.0341138592945,0.69
51,1617,4,1.0,-0.3169024956949224 -0.9480608072130816 -0.02745021036000131 0.9156545934096962 -0.2982680857678696 -0.26946765034061854 0.24728419640173646 -0.11052988210818654 0.9626181337223488,107.25637246193921 71.08734836829743 689.9805523139091,0.69
51,1628,4,1.0,-0.29374456163634133 -0.9558745528944494 0.004239296865002859 0.8944208774805269 -0.2764187960793482 -0.35157352445968854 0.3372320068380776 -0.09948109520345855 0.936150674443534,110.9568900791142 83.50891473690962 685.3448593502295,0.69
51,1629,4,1.0,-0.3449748789561864 -0.9385529180059583 -0.01052392472730057 0.8793680039297193 -0.3192598908396821 -0.35324925444464383 0.3281832514828067 -0.13111652147435712 0.9354700482872966,118.14622993873319 92.18876022876816 690.7659638784263,0.69
51,1645,4,1.0,-0.318845336530472 -0.9466705983344109 0.04639428436713903 0.8636387877016066 -0.31034827588900366 -0.39725557520319604 0.39046855923373586 -0.08659518405714954 0.9165345483657661,116.59256656633593 85.80096087327408 682.1737226465623,0.69
51,1650,4,1.0,-0.23783286771353093 -0.9711934534273045 0.014791992938898527 0.8930630694119096 -0.22463730940168802 -0.3898415489366791 0.38193439369574606 -0.0795069509207628 0.9207631420009963,122.56094109818362 80.28328790342715 676.215792822867,0.69
51,1673,4,1.0,-0.22815475426057158 -0.9731167461866808 0.03145165177450806 0.8835099011217442 -0.22050271392411563 -0.41326602542665547 0.4090912645463649 -0.06650076272605122 0.910067022712454,142.06331141900574 80.95465187766675 664.6934712506174,0.69
51,1674,4,1.0,-0.29903398096999567 -0.9538475205421941 0.027451516911554133 0.8796747512813418 -0.2867008091809874 -0.3794403483725429 0.36979860760060446 -0.08931715160301648 0.9248088647099886,146.4766378808999 84.10748317470173 662.1052349607633,0.69
51,1687,4,1.0,-0.33997295290158724 -0.9401426056277856 0.02345788521525953 0.8511907319514158 -0.31822064692206325 -0.41738466396421015 0.3998658889370136 -0.12193236221734012 0.9084270856313738,148.78172698323516 81.36959876667673 657.3328391145636,0.69
51,1693,4,1.0,-0.24639450549383327 -0.9674756799550577 0.057276141262728314 0.8708135681921867 -0.2469429393188011 -0.4250916538500634 0.42540977552806725 -0.05486340689466625 0.9033363324194755,142.5586099144478 83.31107181261794 655.928752237863,0.69
51,1698,4,1.0,-0.18953034980132455 -0.9818187910747386 0.010493235760522789 0.8972384752422942 -0.1775238039422985 -0.4042875431901643 0.39879990602941484 -0.06720982462702021 0.9145717437273768,142.95275618036072 69.70789781945238 698.818074121941,0.69
51,1699,4,1.0,-0.2691294427363713 -0.960757131681519 0.06719432249462474 0.9072535285572352 -0.27631808673253044 -0.3170794062453759 0.3232033074905897 -0.024373117723736244 0.9460156305048919,140.68728510707712 82.08889826145997 650.612445825582,0.69
51,1700,4,1.0,-0.1966011343894022 -0.980388139107156 0.0136781085976465 0.8916008210872043 -0.18456532280678523 -0.41350165350800067 0.4079166211291514 -0.06909948129498496 0.9104006216448562,143.6890310364109 70.43874217183046 698.6591330119635,0.69
51,1708,4,1.0,-0.23533533231152792 -0.9697179878414307 0.06530164946300887 0.8910394624870267 -0.24209851474300617 -0.3839752406732247 0.38815713011183145 -0.03217659422619597 0.9210313290694024,148.23299013520457 83.34407663721376 645.4810835262813,0.69
51,1709,4,1.0,-0.2792594948437515 -0.9582882831562284 0.06080872392266271 0.8856531637763425 -0.2815249334370935 -0.36927250824586905 0.37098868989845 -0.04926741538511799 0.9273295604846756,152.5887292504473 86.7540036307229 644.6490511996983,0.69
51,1715,4,1.0,-0.2088613992182382 -0.9775274509533888 0.02858318647681004 0.888822126080832 -0.2019366355871932 -0.4113597250544513 0.40788741596885325 -0.06051179918241911 0.9110247955209327,144.68749495758937 66.76646159382835 688.7976682566142,0.69
51,1717,4,1.0,-0.29870465078133085 -0.9495089482786955 0.09595982878418406 0.8766840753564161 -0.3127373218548804 -0.3655412419078085 0.37709490001599005 -0.02506241524122318 0.925835466875301,139.11469714022383 86.55703714154012 644.8642764449756,0.69
51,1729,4,1.0,-0.3076674137176109 -0.947756062466541 0.08425680147166137 0.8708334707435275 -0.31616045114749536 -0.3764194938668742 0.3833925257084424 -0.04243836929159791 0.9226099696203003,144.53587115929523 96.22991912042765 638.5744120678436,0.69
51,1927,4,1.0,-0.22771894885879118 -0.9651021353753971 -0.1293133737263721 0.9083687998378147 -0.16271813147688988 -0.3852128413875608 0.35072810524943093 -0.20518449742248693 0.9137226702920453,99.15845804034689 82.86651570975482 581.9736264607326,0.69
53,1,4,1.0,0.05087237320488249 -0.9960967406835388 0.07213379820952681 -0.6580422689765993 -0.08776391356738994 -0.747848826779493 0.75126052331041 -0.009422243626936817 -0.659938517924513,-26.20774277891026 44.69374086232736 790.6147715516462,0.69
53,14,4,1.0,-0.11014603973468569 -0.9810020660703707 0.15969594953044325 -0.6895720164172506 -0.04028719952148446 -0.7230956891926297 0.7157920676460534 -0.1897679844451664 -0.6720340973303414,-60.28141614172479 116.45980072866621 815.0062798009754,0.69
53,33,4,1.0,-0.08302193987556103 -0.9752979506787144 0.20469798460463345 -0.6690088321184751 -0.09769353303040566 -0.7368060505665729 0.738603100485486 -0.19811582724743895 -0.6443722363256275,-85.35477664117094 125.77657449909252 795.667269302884,0.69
53,43,4,1.0,-0.07668748180776824 -0.9779544114047424 0.1942271848840597 -0.6390799083987491 -0.10131037947615919 -0.7624389009562953 0.7653077164219826 -0.18259621087087305 -0.6172217777756793,-92.6697310950486 123.02949373562143 805.6025863156917,0.69
53,52,4,1.0,-0.1102051262440513 -0.9697601240735378 0.21776164011691493 -0.6527041819127337 -0.09461722706480183 -0.75168133624309 0.7495545884478076 -0.22497306972045308 -0.6225391849814709,-107.42894827326096 130.391988834431 799.3207533228318,0.69
53,61,4,1.0,0.0823719674121336 -0.9834389120193108 0.16143966461476697 -0.5749430925776817 -0.17920859675581455 -0.7983261984590153 0.8140364238053884 -0.027058920434599478 -0.5801831741295574,-101.13510016606295 81.32419493433392 784.0170561428477,0.69
53,75,4,1.0,-0.11267528032509734 -0.9754106634527557 0.1894157301448745 -0.6300405653606826 -0.0772731596381585 -0.7727080592303458 0.7683444326626259 -0.2064046908919243 -0.605841510936777,-105.05136356158086 141.7487735706427 803.2165082477358,0.69
