scene_id,im_id,obj_id,score,R,t,time
3,4,3,0.9273979663848877,0.4269796933682819 0.9033900269630634 -0.03968375782110051 0.061887200736006176 -0.07297651277281836 -0.9954116751216957 -0.9021409622870415 0.42256465513243585 -0.08706776898839363,592.5034967984739 -226.36918462380098 1603.9884183292943,0.69
3,21,3,0.9234020113945007,0.24936829210498535 0.9667893421942659 -0.05598055655512041 0.009224299599082941 -0.06017543719381657 -0.9981451943757679 -0.9683647903499739 0.24838938096889607 -0.023923800541293172,639.7128068929688 -238.62240831271038 1655.6270763319274,0.69
3,43,3,0.9245654344558716,0.195481326495909 0.9806669504971643 -0.008909724686692377 0.47096750881335675 -0.10184142458065581 -0.876252206776978 -0.8602189585411036 0.16709475288582704 -0.4817703674205007,610.1677174905865 -193.23441073421594 1611.5967366908626,0.69
3,85,3,0.9032846093177795,0.06959435465222419 0.9968380747387652 -0.03834681931598563 0.905402734247419 -0.07925561113226265 -0.4170904421361743 -0.4188108339308311 -0.0056921749063071625 -0.9080556615797284,568.2809006882014 -117.60986876112624 1659.4594135389561,0.69
3,118,3,0.7876878976821899,0.2880352248631022 0.9564873372127881 -0.04655838259274414 0.9212783578634046 -0.2900433966613689 -0.25907723826234635 -0.2613080491882538 0.03173014031998704 -0.9647337983219533,543.7494295448595 -95.15386921155725 1653.084261593887,0.69
3,184,3,0.9086846113204956,0.34063358865467386 0.9198677556312056 -0.19445326027158089 0.5176311760998951 -0.35613780353096036 -0.7779613296466492 -0.7848736992724867 0.16434468974126243 -0.5974647262760961,458.06149629778605 -79.38657608251098 1551.8102385053085,0.69
3,195,3,0.9236671924591064,0.29967787633871623 0.9400959165356135 -0.1625202699548023 0.42863781229410924 -0.2848614532895044 -0.8573934792739628 -0.8523278690180423 0.18727952408860976 -0.48832733238300996,402.375079073376 -86.41064664037613 1563.4238866134376,0.69
3,248,3,0.8706092238426208,0.6263171351996466 0.7781793676907988 -0.04651578071640078 0.18157003171765396 -0.20364385194108725 -0.9620610714235593 -0.7581287290014525 0.5941094623610579 -0.26883968642240497,269.7755675088271 -94.79724955229185 1586.754443863501,0.69
3,304,3,0.745951235294342,0.8741722192892157 0.4855829980172499 -0.005664190987839796 0.011522519900611011 -0.032401273494636174 -0.9994085195809899 -0.4854793121834413 0.8735898977852852 -0.033919432916655,293.7459461572935 -132.24227952414725 1532.239956953285,0.69
3,332,3,0.7357322573661804,0.99860886570308 0.037435170040314845 -0.03713410000606755 -0.03694403650711955 -0.00575640068753791 -0.9993007565381331 -0.037622752501226306 0.9992824785290579 -0.00436538647249507,287.41828144840645 -146.57384941985293 1556.5557901762952,0.69
3,335,3,0.8155815005302429,0.9987335369624637 -0.019010812582211364 -0.046582305132003926 -0.04659421458146522 -0.00018376059734093175 -0.9989138828745848 0.018981604620881196 0.9998192612852622 -0.001069321752160235,284.98669250961063 -143.2067202248906 1535.3087359375486,0.69
3,383,3,0.9192108511924744,0.7849380760100679 -0.6056455615376647 -0.13063564069326516 -0.1131076090867135 0.06722971071658268 -0.9913056212710852 0.6091624459832535 0.7928894120788169 -0.015731961638917547,242.850322413253 -130.11513003996137 1539.7956674241811,0.69
3,428,3,0.9221546053886414,0.7760868438352737 -0.606763181110075 -0.1718361221483595 -0.20145524092098477 0.019665664638539027 -0.9793002846623668 0.5975826275346963 0.794639354476927 -0.1069733592312665,85.37559943130726 -124.44391921642398 1393.4117744335713,0.69
3,486,3,0.966860830783844,0.6548156158349792 -0.7308113303196473 -0.19269485912988002 -0.5524714045704564 -0.2888609393451598 -0.7818789579292813 0.5157439833779972 0.6184449508218652 -0.5929030160256707,-49.485518366760054 -55.50423976078619 1293.6875041137541,0.69
3,521,3,0.9388256669044495,0.705800155393081 -0.6945795314312057 -0.13930332072104243 -0.6621294937414955 -0.5768988314878929 -0.4783014444317884 0.2518544702099479 0.42982207103022435 -0.8670768784199911,-71.57398605561124 4.551720626414628 1259.531309295518,0.69
3,547,3,0.9600138664245605,0.6769031435526722 -0.7350658925919203 -0.038474248485886764 -0.7293475059008246 -0.6627529783639441 -0.16973716536447728 0.09926907819032596 0.1429567179875245 -0.9847380498881304,-94.25684425489463 51.29561242637487 1291.0034013890868,0.69
3,559,3,0.9177439212799072,0.4847609654652547 -0.8728054030920234 -0.05672331702716754 -0.8724176131217063 -0.4778805077088415 -0.10255597821172958 0.062404444362713016 0.09920155586133901 -0.9931086227792361,-85.87847146576226 105.38651889626196 1279.2106580862992,0.69
3,634,3,0.923484206199646,-0.6861022740941236 -0.7265497701608218 -0.03727064477748427 -0.7160659075912054 0.6834765294875474 -0.14180779113025138 0.1285040289969761 -0.07060640989963125 -0.9891923217517562,36.41953319520681 110.81432497056772 1169.6877271963233,0.69
3,700,3,0.9089831709861755,-0.9835356632725432 -0.16419018437553762 0.07549292964089975 -0.16964098575637426 0.982832303156968 -0.07254377866347528 -0.06228591351697825 -0.08415608846599656 -0.9945040059001569,29.39808214622564 87.20337994602806 1148.2485981561238,0.69
3,712,3,0.9063106775283813,-0.9985476153143109 -0.05325725303139757 0.008144013117178469 -0.05382376208280483 0.9794336401661905 -0.19445500031127755 0.00237961874187889 -0.19461091827118804 -0.98087763146291,28.71172285686748 73.19838263472751 1158.765233465853,0.69
3,739,3,0.8189800381660461,-0.999994402356664 -0.0032775436927414995 0.0006730250224636335 -0.0028316848498955846 0.7218543954744363 -0.6920391703474211 0.001782362547172595 -0.6920372023537307 -0.7218596357618097,40.44764992430033 67.8400879927218 1165.2012848744657,0.69
3,769,3,0.9231036901473999,-0.994802702569836 0.038475683690983954 0.09427197210338932 -0.08427777253174168 0.20841824174953305 -0.9744019158248414 -0.057138778573214796 -0.9772826910728261 -0.20409238523917694,81.91857309347157 76.81354864876728 1125.3554304911936,0.69
3,820,3,0.8915488123893738,-0.6943845039709651 0.71932915292042 -0.01989297372914156 0.18287661605885747 0.14966324388533225 -0.9716774447976968 -0.6959786662993763 -0.6783557202445563 -0.23547231868657303,108.34627338803372 140.32488676297842 986.5326232199651,0.69
3,884,3,0.9530878663063049,-0.06945124836647398 0.9943079544445672 0.0807973751343381 0.5609530919066736 0.10590005553585324 -0.8210461661306544 -0.8249291804638028 -0.011699143804730916 -0.565115012412124,189.40734898214743 144.8884535954421 984.8763064669158,0.69
3,943,3,0.9624862670898438,0.5108684898280039 0.8573826536503691 0.06251696825907205 0.48371416992014604 -0.22657693729696948 -0.8453895512150535 -0.7106574335918248 0.4621232267529696 -0.5304791564011775,307.4736290249594 -46.39131511115881 1040.3719962060713,0.69
3,966,3,0.9476592540740967,0.08338676280699686 -0.9925799333434553 0.0884970265741819 -0.17574523999952957 -0.10206228994470434 -0.9791306856537338 0.9808976798861732 0.06609360706713585 -0.18295184256732044,45.68864503306211 -185.14567919839527 813.5959464786406,0.69
3,977,3,0.9502022862434387,0.09982123334745174 -0.9887712463879518 0.11120766021012307 -0.24705306651119907 -0.13289557522193896 -0.9598455857135788 0.963846722098699 0.06833877671459043 -0.2575447687233168,34.200433256862375 -149.71056731720793 756.6015268760801,0.69
3,1011,3,0.8371669054031372,0.09883818305954195 -0.9798320324106344 0.17366692785770593 -0.3847670202395996 -0.19857787772626678 -0.9013995599142874 0.9177065727700919 0.022271388366623845 -0.39663412807623466,37.71838882782248 -41.28535722524464 638.5668350796401,0.69
3,1030,3,0.9137413501739502,0.1052265934801091 -0.9761625012327945 0.1898265924772048 -0.5710458169193348 -0.21559058512346985 -0.7921031338058511 0.8141462024744094 -0.02504936711885014 -0.5801193758214285,48.22627449491037 17.97833406854321 620.673208059684,0.69
3,1094,3,0.933346152305603,-0.23512330972566597 -0.9568275757816875 0.170874279654334 -0.6969451394366095 0.04342981430847215 -0.7158081613426998 0.6774839495068009 -0.287393182683359 -0.6770676899009405,131.44454885624342 -22.303449122267565 706.8859168814411,0.69
3,1113,3,0.9379369616508484,-0.4328284541463343 -0.8827994107187039 0.1825506223380366 -0.6961440078753621 0.1986578183035217 -0.6898685320596332 0.5727504252119968 -0.42567625217011407 -0.7005402763281232,140.16299756985808 -22.229811461021356 713.2080342020488,0.69
3,1163,3,0.9532037377357483,-0.8269382937820258 -0.5435211578624898 0.14407570660139404 -0.48133897238577117 0.5517996390353677 -0.6810506236859694 0.29066450065235405 -0.6325360932913288 -0.7179221676089,128.7640671616354 -37.86951298737067 734.248815390783,0.69
3,1176,3,0.8908380270004272,-0.76426676165782 -0.6356781750817588 0.10867186733370099 -0.49918091381847285 0.4764274324768033 -0.7237646833487493 0.4083071543635051 -0.6073962127872429 -0.6814360633157677,111.98173852924528 -52.201260623235285 709.6407104668422,0.69
3,1200,3,0.9502882361412048,-0.5561211319247079 -0.8246867357276747 0.10305859761132918 -0.5801714970029822 0.29642956940746124 -0.7586372943945121 0.5950884982018221 -0.48168589173416687 -0.643310485700459,96.04300872374665 -46.16563671313986 680.8408850511441,0.69
3,1230,3,0.8841124773025513,-0.29226665689161013 -0.9561927465034887 0.01660219273219421 -0.5723388965465954 0.16097842231895942 -0.8040610269423114 0.7661647269153203 -0.2445023089498622 -0.5943149267425132,69.63229655706436 -55.501424365353145 632.7998900515147,0.69
3,1286,3,0.8981379270553589,-0.12483941075480942 -0.9910308052216117 -0.047676667503049164 -0.49306415306387913 0.10366648813457424 -0.8637945358713749 0.8609894671166378 -0.08432794518810727 -0.5015834279305489,51.688912315415166 -102.2018228645656 657.2569941212108,0.69
3,1400,3,0.9077246785163879,0.6447154021669649 -0.7415660278487147 -0.18553133576128872 -0.2717124995078112 0.004547317604083223 -0.9623677257232941 0.714502881603641 0.6708644782989237 -0.19856103327895602,53.01113495591213 -139.25416073487793 808.1977851837489,0.69
3,1437,3,0.7820199728012085,0.8240341106085107 -0.5309292606337651 -0.19769143824790228 -0.23461574895900028 -0.0021817436396234235 -0.9720857422753912 0.5156774523808929 0.8474133349184296 -0.12636219730749199,-30.997194881822267 -142.72530132091663 880.64048853192,0.69
3,1466,3,0.6871580481529236,0.9895169246475952 -0.13365748068282463 -0.05469857121978279 -0.04890320159666363 0.04626702096909152 -0.997731346427605 0.13588499810340127 0.9899469887969587 0.039245721579206916,12.039273138674117 -161.64632107336558 947.6377925373854,0.69
3,1469,3,0.7952096462249756,0.9938138687743913 -0.09477896841049668 -0.057887316216241505 -0.05348360715197059 0.04836384481060296 -0.9973968329011024 0.09733189609624764 0.994322827688361 0.04299553860729355,26.286118779117462 -161.29077239894215 970.7507496036167,0.69
3,1512,3,0.9131420850753784,0.9538111841396097 0.29941256985346326 0.02442003325019021 0.03417992252461027 -0.027402334174543963 -0.9990399616521847 -0.2984559563929108 0.9537301636708005 -0.03637055124769706,227.87339559328132 -216.13700435246344 1163.208668675419,0.69
3,1550,3,0.9552791118621826,0.9861387309935062 0.1504470505470411 -0.06997205310845961 0.0039502642789189385 -0.4428827895992187 -0.896570817107573 -0.16587585311504424 0.8838667997263561 -0.4373381777238823,260.88210156294645 -236.51256191439646 1264.2155383117981,0.69
3,1597,3,0.8704822063446045,0.9679965251224146 -0.11381496610991945 -0.22367136794933865 -0.18521602912500637 -0.9253862999972231 -0.33068900546074165 -0.16934506165251864 0.3615333307827199 -0.9168510788710769,258.5962455028615 -260.6705982356739 1253.9288474133157,0.69
3,1600,3,0.8837084770202637,0.9638135089289148 -0.14834763933770495 -0.22148701521548142 -0.2095976482896617 -0.9350968805683646 -0.28576677515547044 -0.1647189905189318 0.3218490358137557 -0.9323523219835839,260.7302631578099 -264.53860440344295 1257.9009580574366,0.69
3,1737,3,0.7632594704627991,0.2662821639321278 -0.9253157356654044 -0.2699714772001204 -0.8986287934210654 -0.33962613018866716 0.27770556949343134 -0.3486547013969893 0.168656102833732 -0.9219517439490608,522.9487423516275 -246.7400705770423 1326.68117065702,0.69
3,1746,3,0.7971623539924622,0.24926750767412198 -0.9292781857096797 -0.27259450321321166 -0.9093239129553179 -0.32142383836193966 0.2642285704845473 -0.3331602181316988 0.18201310309096938 -0.9251353951490748,566.1761180317227 -242.0512632544556 1257.2714370075594,0.69
3,1794,3,0.9299443364143372,0.16826981619939185 -0.9489157106026854 -0.26691617247297544 -0.9835475723225681 -0.1435695960281722 -0.10964462629189685 0.06572246141621013 0.2809746345628154 -0.9574621730374973,499.2342111042067 -103.99010969005937 1168.0362776805105,0.69
3,1817,3,0.9339423179626465,0.1585045271168537 -0.9376078785548211 -0.30946369892992415 -0.8921232529489113 -0.0016993340137123614 -0.45178890403789607 0.42307495367997844 0.3476903483501348 -0.8367311427411117,495.60012239731526 -75.56826028428193 1107.5251443915813,0.69
3,1886,3,0.9479442834854126,0.186798314446448 -0.920412062451032 -0.34343561989782523 -0.7153368692814518 0.11217760038885993 -0.6897168617756191 0.6733495029823495 0.37451010836242427 -0.637450096531319,308.2755495872388 67.5711310906013 863.788001586876,0.69
3,1901,3,0.9242978692054749,0.1875983682531196 -0.9388838428920203 -0.2886242917446128 -0.6061996914664476 0.12053954544730106 -0.7861247687545165 0.772870484812786 0.32243968046701466 -0.546538073848089,262.96489223162143 93.28311500552483 819.350519568398,0.69
3,1938,3,0.874484658241272,0.9753196854088996 -0.20334775872085287 -0.08603022885643734 -0.04675386962065564 0.1905964278939749 -0.9805544744426756 0.21579060899255997 0.9603763276431082 0.1763851534947244,133.99903750885983 76.79292241008127 1115.549412282927,0.69
3,1952,3,0.9190446138381958,0.8804084399150898 -0.4526009424820422 -0.1415392729621177 -0.07450624795125951 0.16274309266534548 -0.9838513631671932 0.46832659324717313 0.8767366039205196 0.10955879427691295,129.11678677071632 88.48373253760643 1102.9429875668513,0.69
3,1976,3,0.9247449040412903,0.7032622726193507 -0.7025897500116385 -0.10858093335779218 -0.13698104591958654 0.015955056325944406 -0.9904451672033199 0.6976090373332632 0.7114162490105349 -0.0850208896374216,132.52698283365612 100.90834649636753 1103.437860424909,0.69
3,2019,3,0.9337503910064697,0.19200942676779187 -0.9770204651775751 -0.09253859009353188 -0.5576213324154808 -0.031019146526607422 -0.8295156792875856 0.8075833267641721 0.21087632198271 -0.5507634221329125,126.58734304324024 98.42886244629656 1091.5042867179554,0.69
3,2105,3,0.8730440735816956,0.4345971309717688 -0.893854805090768 -0.11022214463188534 -0.49859584967198267 -0.13687067396981978 -0.8559606283567724 0.7500183414030492 0.42695433716404874 -0.505155898249072,169.50969172040794 -118.54139287041049 1194.8304100741746,0.69
3,2144,3,0.8912197351455688,0.9355729842813806 -0.27629326598684817 -0.21992094546257396 -0.24743521579712463 -0.06857066477583529 -0.9664749753178459 0.25195040199662716 0.9586240634902303 -0.1325175453712344,137.83912516511222 -154.01963818916013 1234.366422516224,0.69
3,2169,3,0.5575668811798096,0.9817890533789599 0.1779023513369139 -0.06664088875489983 -0.054307356614156636 -0.07332406953347892 -0.9958284449867018 -0.18204660305215392 0.9813125568420323 -0.062327362380616425,143.7244038975752 -152.52307749189035 1139.8616054752094,0.69
3,2247,3,0.8836133480072021,0.3113563568262979 0.9498236713222781 -0.029869925673227604 0.009854115097885363 -0.03465766575505391 -0.9993506604891241 -0.9502421351842343 0.310859839156299 -0.02015055632550311,204.78646940046454 -167.71951979922923 1313.1985255167733,0.69
3,2308,3,0.8807885050773621,-0.25906876173825655 0.9583930418578841 -0.11985889207647182 0.2228833577238904 -0.06142527639546991 -0.9729079834544814 -0.939790607285012 -0.2787646188778857 -0.19769648889329394,186.884282547966 -163.359136856843 1355.7195349532371,0.69
3,2364,3,0.9140010476112366,-0.1775721913854551 0.9756092436141892 -0.12905316974455572 0.7527850414079407 0.050193915967684855 -0.6563499464708397 -0.6338633908651078 -0.21369879404053452 -0.7433370885046764,166.0564293402728 -90.70105851337469 1444.3958013950353,0.69
3,2365,3,0.9190914630889893,-0.1733038306264454 0.976595417061373 -0.12738592412399402 0.7571792462367907 0.04940739345078393 -0.6513359337090849 -0.6297978813543965 -0.20933299034581948 -0.7480202723151232,165.51915060300365 -89.58885717055952 1455.3833390197865,0.69
3,2464,3,0.7211064100265503,-0.06459451778260727 0.9927920178717485 -0.10095324423996709 0.9513804729377285 0.030735261374739586 -0.306480895686845 -0.3011689625197403 -0.11584193091609121 -0.9465082688790496,-127.10164786030487 -61.562328809738794 1351.433052558163,0.69
3,2487,3,0.8161383867263794,-0.04246895642377857 0.9937487021140362 -0.10324681489975447 0.9542361419234323 0.009726159714131488 -0.2988959472195951 -0.2960232646049276 -0.11121564127353736 -0.9486839873997863,-157.8676464877513 -63.247223701327194 1275.0758912291628,0.69
3,2562,3,0.9335510730743408,0.7376435215573185 0.6604828594595099 -0.14015857970423062 0.6404074718912215 -0.7501706943823987 -0.16468818790588713 -0.2139165843276588 0.03172257319354138 -0.9763367110272811,-146.68311294488046 -12.339519814774626 1135.3298252674726,0.69
3,2594,3,0.8529013991355896,0.9707790555697154 0.2311727286544021 -0.06439871732922572 0.23126019181827726 -0.972872212153485 -0.006195361148380049 -0.06408392112960126 -0.008878532877870063 -0.9979050168761516,-112.3015275797872 0.11588555507220022 1096.1540275914135,0.69
3,2616,3,0.8198241591453552,0.9786034524171024 0.1460691998597083 -0.14491056472760172 0.0490990461551246 -0.8497209703064368 -0.5249414789175498 -0.19981132746664992 0.5065945730797282 -0.8387117335188432,-64.05225537862474 2.4879028287334783 1058.527507767322,0.69
3,2662,3,0.8961901068687439,0.9726436515887594 0.23206513525356504 0.010492855847120272 0.07998326003661677 -0.2921388909119289 -0.9530254700324978 -0.21809861333350755 0.9277934260472496 -0.3027083636860872,41.955417484861655 7.938160991939577 1079.6000513589518,0.69
3,2727,3,0.8875336647033691,0.9754907447507927 0.21927631745537832 0.018322213533089035 0.02667843859899166 -0.03520782163776781 -0.9990238586787821 -0.2184171875550635 0.9750273359751158 -0.040194853921925455,366.83237867296845 -14.354671467279243 1191.3362435362333,0.69
3,2738,3,0.939956784248352,0.997874384659224 0.06011078873432922 -0.025167548921419584 -0.029024209267091414 0.064172603441504 -0.9975166526148621 -0.05834644562777833 0.9961267841220195 0.0657808652826063,404.721213854172 -16.114078943201797 1209.0662097196748,0.69
3,2755,3,0.9586390256881714,0.9182928290784272 -0.3882752399696433 -0.077334456031282 -0.042120647008665024 0.09841214607876902 -0.9942539417069174 0.3936548375908898 0.9162736422765236 0.07401676371338628,447.78066696107396 -36.488505500604454 1217.1366882051923,0.69
3,2780,3,0.90708327293396,0.5588443985836641 -0.8290338895506699 -0.01989341971985692 -0.00424596614327355 0.021128165545146738 -0.9997677592282155 0.8292616655454254 0.5587990789158339 0.008287307140595113,465.51325377909933 -24.842760602880713 1240.945757553325,0.69
3,2873,3,0.9014599323272705,0.04211788473648226 -0.9664788707273315 -0.2532679928908239 -0.8343197446653572 0.10543889346858626 -0.5411036900684132 0.5496695802451301 0.23409663000936634 -0.8019115414878377,394.7675562376944 89.91642573907036 1172.6159580237284,0.69
3,2923,3,0.9412484765052795,-0.2882576756812767 -0.9012457157616559 -0.32351765366373564 -0.8875388682540407 0.37828582083457707 -0.263010636845446 0.35941935082736565 0.211319657336394 -0.908934394042862,391.33641386657064 152.72797711829753 1174.926433397752,0.69
3,2950,3,0.9342895150184631,-0.695665024289583 -0.6061265542810653 -0.3855655251387711 -0.5627820213374063 0.7934167576924774 -0.23187549476419367 0.44646004349723906 0.05568167389832429 -0.8930694154164747,380.7879325269431 135.39811730917737 1172.3102900953288,0.69
3,2979,3,0.8015503287315369,-0.9074862960224122 -0.1670747718747303 -0.3854278702098881 -0.10213549358104042 0.9777280483722786 -0.1833472235325435 0.4074763348741627 -0.127019227005765 -0.9043390694249462,371.11819401806355 131.8688600017686 1201.4623402318052,0.69
3,2999,3,0.9281781911849976,0.5431585127229299 -0.8362574104103198 -0.07518226912271792 -0.12828842395917395 0.00583407789396484 -0.9917197405583891 0.8297716013064595 0.5483060341350925 -0.10411331613372443,78.71307630651373 -249.67801759950817 1342.8453365628045,0.69
3,3046,3,0.9444675445556641,0.6957403141224706 -0.7148131747272116 -0.07062252148692255 -0.3966640440001009 -0.3003795764823265 -0.8674270840997441 0.5988347447353501 0.6315174069403814 -0.49252686548963487,29.94588871326326 -188.03604333548165 1262.7816148785898,0.69
3,3097,3,0.9598138332366943,0.7537122198703416 -0.6528974219264699 -0.07511887951700855 -0.5658477591882974 -0.5865515661551344 -0.5794597256605 0.33426666456543974 0.47925172580046965 -0.8115316261721213,-6.3026991672648265 -104.80582899746572 1221.1019333115532,0.69
3,3120,3,0.9169974327087402,0.5812219004904725 -0.8126662222841013 -0.041889301124879694 -0.7732225767713051 -0.5355042277134774 -0.3396499210542168 0.2535901203938876 0.22980172597149945 -0.9396186554018253,3.51445955293752 -43.014431632195844 1220.198771347873,0.69
3,3165,3,0.9253013134002686,0.17898564087585844 -0.983850990268819 -0.0011701740565641383 -0.9613636493865344 -0.17464157420145954 -0.21279157454805597 0.20915084030063802 0.039211599144902784 -0.9770969125394044,88.71551361130004 -22.34480375838347 1124.1897792589748,0.69
3,3227,3,0.9326411485671997,-0.5433591488767131 -0.8276862626425329 -0.14034345714998603 -0.826837403262029 0.556558674330751 -0.081131686745079 0.14526095104630993 0.07195757541797207 -0.9867732077033144,242.36379503806762 -59.447026983915904 1031.1207893803683,0.69
3,3291,3,0.9555936455726624,-0.9086908949997361 -0.40471152034245006 -0.10241798009471398 -0.40266540477588575 0.9144351424489832 -0.04085268719411331 0.11018815336165103 0.004117712521603534 -0.9939022161673343,339.4895545643841 -53.58319055590526 1043.6694667581487,0.69
3,3311,3,0.9011564254760742,-0.9648557829689506 -0.24453411163464728 -0.09621011546831842 -0.2352635311787563 0.9669487880494972 -0.0982909567911042 0.11706574635082487 -0.07220186657325564 -0.9904960885812029,352.3987077452607 -62.1136361245568 1038.7731249674373,0.69
3,3322,3,0.904904305934906,-0.9542726797137584 -0.2171466302536554 -0.20545314239846935 -0.20904690933297929 0.976025412170722 -0.06061175212202072 0.21368912571830273 -0.014890794688478273 -0.9767882174674782,342.0669460801846 -71.9228268441875 1049.5393737326904,0.69
3,3344,3,0.9252575039863586,-0.880982588407268 -0.22281677679808795 -0.4173995243175791 -0.20434753863080443 0.9748365281263672 -0.08908325816932294 0.4267455475793065 0.006813766054202849 -0.90434606772706,308.6640211657622 -75.09072811371485 1045.9113311979338,0.69
3,3378,3,0.8440448045730591,-0.9407368213586735 -0.2690045118530969 -0.2065207145606876 -0.09590907835132652 0.7951257251271896 -0.5988126000100199 0.3252932240760312 -0.5435178505289758 -0.7738040220408418,278.6288167473995 -103.34674845888784 1032.6062273950179,0.69
3,3430,3,0.8613908290863037,-0.8828115436631601 -0.46924367572896397 0.021310822683331843 -0.20132873315174407 0.3370001562885858 -0.9197269354917159 0.42439429730214717 -0.8162360366032855 -0.39197986296183296,209.6871156475024 -40.216638326621805 877.2856711985253,0.69
3,3462,3,0.9200717210769653,-0.5048353117070734 -0.862963503363906 -0.02086384229993693 -0.25908455656096235 0.17453198847813067 -0.9499546186789555 0.8234175736558167 -0.47416513669792726 -0.3116904274035448,136.23052308142442 -31.455873741302742 802.4798078678762,0.69
3,3571,3,0.8739698529243469,0.028071899037116266 -0.9786024419855102 0.20383627995145126 -0.7818940927904483 -0.14854158749299384 -0.6054560466660345 0.6227789303949292 -0.1423820821769992 -0.7693333130256943,-144.08994305398085 34.125113390472464 940.6301168162481,0.69
3,3607,3,0.8840163946151733,0.13062104511762251 -0.9707298720485861 0.20154815326595205 -0.9431920500955951 -0.18431117667981067 -0.27643832365895254 0.3054945158408711 -0.15398995312499858 -0.9396596166313165,-222.66098764094963 31.838824865859365 1003.279262078864,0.69
3,3617,3,0.9008514285087585,0.15139432667742125 -0.9639578225668674 0.21878088161910847 -0.970715820199448 -0.18675198395557246 -0.1511108629555501 0.18652226211475004 -0.18949673559405156 -0.9640022992372974,-237.00991828363686 32.606421073367606 1009.4939648272588,0.69
3,3674,3,0.9248602986335754,-0.35710900602943374 -0.9277388482960187 0.1085070835247471 -0.9338838513231025 0.35235008831743764 -0.060912786019219914 0.018278677484960718 -0.1230855175277356 -0.9922277184821688,-249.65456882694698 -52.44790466385147 1065.0815110381677,0.69
3,3723,3,0.869257926940918,-0.4066397370381538 -0.9030217247812908 -0.13854922892085655 -0.6616842268246543 0.39567815321955924 -0.6368773689150984 0.6299350031812812 -0.16730380640553782 -0.7584136919447182,-272.8419880214932 -152.6479298717029 1136.0920255306874,0.69
3,3753,3,0.9083999991416931,-0.7812152277954183 -0.6164836501037072 -0.09823785937897106 -0.30470866296430177 0.5139147292545695 -0.8019004188611639 0.5448443801445144 -0.5965228916060242 -0.5893259210444823,-200.0369127024986 -190.29470237672265 1109.03134484152,0.69
3,3785,3,0.9486347436904907,-0.928297035401628 -0.37178765804197844 0.006208976744196765 -0.09592244681619644 0.22330409421563147 -0.9700176110274135 0.359254085935488 -0.9010600528456454 -0.24295531050886643,-108.91528347844684 -243.4301630488053 1139.3252748629948,0.69
3,3817,3,0.8761407136917114,-0.9985389310853692 -0.024747677382531606 0.04803702292043838 -0.05246932658248701 0.23146278448943836 -0.9714277889603407 0.012921798437868868 -0.972528936258745 -0.23242309537686912,-75.34442515193854 -271.6427746324421 1276.5912003419207,0.69
3,3864,3,0.8759791254997253,-0.9909306837614864 -0.13258552979441918 0.021850795617694194 -0.046754747047430587 0.1877491418955909 -0.9811035895082639 0.1259776710712015 -0.9732272792141631 -0.19224538846191797,-0.8689437478583422 -267.85171223955393 1431.0563699397997,0.69
3,3916,3,0.8775565028190613,-0.4464942216702217 -0.8938816119386426 -0.04023150324157976 -0.08886141006229692 0.08903643463621846 -0.992056532214274 0.8903631617586408 -0.43937248109689864 -0.11918583404881677,-115.07946166794426 -246.5438514733782 1486.312011240727,0.69
3,3968,3,0.9458537101745605,0.38635121239881953 -0.9217540869942146 0.033198550983799924 -0.6261880721408047 -0.2885526492290187 -0.7243106149515531 0.6772157994218271 0.2590497476014533 -0.6886740805933376,-173.2952385478716 -159.93247286207162 1577.1092127365118,0.69
3,4009,3,0.7964925169944763,0.8855332857662754 -0.4644841289454933 -0.00923546196626307 -0.29631776778048036 -0.5493922238975397 -0.7812579374435239 0.3578080215668415 0.6945665398496116 -0.624140001461019,-254.32563790052586 -175.22578966312346 1600.787247426147,0.69
3,4028,3,0.8611780405044556,0.019293493132506834 -0.9970357184293934 0.0744817917260972 0.05063056217157463 -0.07342577069653622 -0.9960146597173208 0.9985310747778142 0.02298765698377092 0.04906383932653713,-29.840021954783538 -260.7569479997131 1281.3966542861174,0.69
3,4065,3,0.8884446024894714,0.10682006624249507 -0.9916565786494673 0.07215749073506916 -0.05309914229314722 -0.0781588117606773 -0.9955258315241704 0.9928594837819101 0.10251063440146896 -0.06100504322535372,-91.25785635797615 -209.56620269386772 1197.9942437027325,0.69
3,4100,3,0.9251531958580017,0.12089634443338171 -0.9914638147823739 0.04882189959258021 -0.07512801072618702 -0.058180329145831156 -0.9954751786482721 0.9898180923316018 0.11668141787647968 -0.08152049322325872,-69.46638786299495 -90.60565121322146 1008.2136942962932,0.69
3,4185,3,0.8841671347618103,-0.7840255804399612 -0.6066326447559216 0.13153221480769692 -0.06442824999947422 -0.13122559594669503 -0.9892567126739349 0.6173758092262667 -0.7840769587769243 0.06379994433651037,65.5911771496225 9.547923632756001 976.8702119988368,0.69
3,4202,3,0.9396323561668396,-0.9534760233223865 -0.27584377595305426 0.12162929012901964 -0.11866960503467817 -0.027461243181872375 -0.9925539808815537 0.2771299294378749 -0.9608101224440068 -0.006550634999082705,66.45676601411293 12.976309992309293 1007.2906194023902,0.69
3,4246,3,0.8553000092506409,-0.9822368689569381 -0.1353898807104451 0.12992426048618894 -0.1702961667906837 0.35240314242861137 -0.9202234732839842 0.07880322860182365 -0.9260030266730512 -0.369199736936902,3.887256068082554 15.170306856303647 959.1306603743806,0.69
3,4270,3,0.8391368389129639,-0.980608558703082 -0.17396788747389433 0.09023319082319547 -0.17574254943646064 0.5768534037633839 -0.7977184383503817 0.08672606825999865 -0.7981073390806959 -0.5962409449121164,12.89713918473785 28.257055472484492 926.8284158651992,0.69
3,4305,3,0.9501339793205261,-0.9968602019413408 0.06338252328024827 0.047459388197686636 0.01382174206164357 0.7294603197258939 -0.683883470623306 -0.07796600048643848 -0.6810802432078217 -0.7280460185181454,-15.465036323730494 29.310770247701754 950.94618473549,0.69
3,4316,3,0.93146812915802,-0.954384720033618 0.2935138469929894 0.05476703196019636 0.18655839816050823 0.7294136368287713 -0.6581426216892587 -0.23312179272247033 -0.6179040119885948 -0.7508987027064706,-23.53256616357379 26.20838290294445 945.916365852731,0.69
3,4349,3,0.9422940015792847,-0.6931160643071457 0.7177648741441054 0.0663604313146754 0.41481543092456336 0.4724652285723878 -0.7776276525798902 -0.5895068105342312 -0.5114588871404409 -0.6252131853206715,-43.95998054679165 7.08892456608708 910.046887564505,0.69
3,4412,3,0.8922275900840759,-0.6478190118925888 0.7616238243007696 -0.01611453033694621 0.4165119760263735 0.3364049722588287 -0.844600182610768 -0.637846612954177 -0.5538599506165861 -0.5351549807727454,-36.98363351442894 -73.15670248216571 900.2973491748406,0.69
3,4515,3,0.934373676776886,-0.36555274563608187 0.9303405633388477 -0.028941775416824522 0.05501036894275524 -0.009445430213586459 -0.9984411065039653 -0.9291636290055183 -0.36657498558199 -0.04772557468339045,65.93810776317719 -172.67815142185586 856.0840764740831,0.69
3,4528,3,0.9111617207527161,-0.3891763547898035 0.9211423015157703 0.006214920011639535 0.019742558153339473 0.015085984110548178 -0.9996912745847983 -0.9209516796608188 -0.38893350773833607 -0.02405681375973634,82.30024728716512 -178.74615592422663 822.5664462251732,0.69
3,4538,3,0.9522975087165833,-0.3837428515576571 0.9233562116868912 -0.012439060158669413 0.08322431755771825 0.021165857726458404 -0.9963060370356869 -0.9196820846604821 -0.38336055196894764 -0.08496793717993656,104.4415721303672 -155.8347961967614 792.9069932532727,0.69
3,4604,3,0.9489683508872986,0.38743441129432044 0.9047779692607074 0.1768372225678011 0.1480990413615218 0.12824348065777103 -0.9806223960406872 -0.9099237610332097 0.40611628385137505 -0.08431081246155703,55.04776540569525 -159.56224364213367 948.6409276007196,0.69
3,4632,3,0.7971897721290588,0.7794873215535159 0.5801650813024286 0.2362371562110249 0.21548905155533898 0.10576142595545257 -0.9707620663373954 -0.5881870316464876 0.807603243689137 -0.042579532473690174,67.98502222836511 -152.27611454454754 967.0894831945437,0.69
3,4710,3,0.8709409832954407,0.9973552544120889 -0.06623411938455691 0.02992553969354039 0.03481550911935803 0.07395012116643096 -0.996654032201862 0.06379950486765 0.9950600087476245 0.07606051649719625,71.99408658744272 -119.92775532344247 1028.9524409621085,0.69
3,4716,3,0.8834837079048157,0.9854026941786894 -0.16936545902305988 0.01722996213833522 0.02954804436531934 0.07048162038869465 -0.9970753503429763 0.1676557287406707 0.9830298482128059 0.07445719671826534,78.82032737381805 -118.188493131152 1036.865132265954,0.69
3,4745,3,0.9003698229789734,0.8494724061501038 -0.5265492429543581 -0.033801271185349396 0.023299283848863372 0.10143364665829513 -0.9945694338243711 0.5271183686437833 0.8440717446223351 0.09843330416339913,117.05687177638731 -126.24254169843068 1078.4528121923859,0.69
3,4768,3,0.8447017073631287,0.5188801049511258 -0.8545089444989311 -0.02403956025453846 0.07031352968682675 0.07068862969808043 -0.9950171481810692 0.8519503766234795 0.5146042959427475 0.09676246363327567,142.22507624093652 -135.38862922069697 1112.1097778802268,0.69
3,4819,3,0.8093701004981995,0.22257663948748263 -0.9661639846188033 0.13033339702461572 -0.1737593203908876 -0.17086020656044076 -0.9698528179014694 0.959305654174808 0.19321993851474156 -0.20590948795187547,112.14428001829567 -232.95575350149863 1280.294894042086,0.69
3,4855,3,0.8565710186958313,0.058103994275841564 -0.9700553418915869 0.235831633833948 -0.37085824601051565 -0.24029963489476858 -0.8970620083558577 0.9268700487205296 -0.03533722027886843 -0.37371539123745756,134.30380778190488 -219.4774424909848 1308.3316610765135,0.69
3,4875,3,0.8707830905914307,0.03519721409946386 -0.9870569041828199 -0.15646029536168066 -0.09112989351848233 0.15273512784257925 -0.9840565650562072 0.9952168098595133 0.048894259662446704 -0.08457453957967909,94.65638098677287 -254.17085034272853 1350.889505872849,0.69
3,4925,3,0.7868437767028809,0.09060870481669225 -0.986891591613144 0.13354792778144028 -0.7794474220028436 -0.15374493022762614 -0.6073089928219599 0.619880455365841 -0.049066106759938 -0.7831607358792061,149.82659564672204 -185.60718769734666 1239.7184156865392,0.69
3,4938,3,0.8958631753921509,0.05561883978568205 -0.9809070564946025 0.18635420891407234 -0.49466742990784907 -0.18919795763974512 -0.8482383312567954 0.8673008004431093 -0.04500532572978849 -0.4957457435084016,186.60713223408024 -175.17064966819316 1186.0073773794168,0.69
3,4974,3,0.812515139579773,0.9951216448665043 -0.085347182505252 -0.049485051850007795 -0.053934242587578646 -0.05063647980005315 -0.9972597677586135 0.08260756257563209 0.9950637192420768 -0.05499259271428314,536.6205619728823 -183.73876342321705 1569.2709788651441,0.69
3,5005,3,0.7741161584854126,0.9992852781191414 0.012451734338313394 -0.035691557073324484 -0.028661657285623917 -0.3660312949980422 -0.9301610615821854 -0.024646345286710423 0.9305192342955757 -0.3654127970802117,512.6868588856684 -123.5565000557515 1581.1377986848943,0.69
3,5075,3,0.8818276524543762,0.9381596045695731 -0.28401887761997185 -0.1979642228013777 -0.3461998862750169 -0.767195434310856 -0.5399600025147632 0.001481585983806169 0.575103853862995 -0.8180790684126469,448.90650444730784 -45.52198733772448 1426.2141948669268,0.69
3,5170,3,0.9533627033233643,0.5801679001968021 -0.7798713208279399 -0.2349594231592301 -0.5409668697221363 -0.15329532422564762 -0.8269554942278255 0.6089006925963106 0.6068782963005338 -0.5108215735803403,239.70678597334876 -127.09299112534808 1479.6785642405944,0.69
3,5222,3,0.9004509449005127,0.3973777580489639 -0.9050717431412698 -0.15144654890489334 -0.24092555648219144 0.05634811323436728 -0.9689064796814362 0.8854636037927959 0.42150922872714186 -0.19566342646525547,109.08576485764681 -148.31891700996346 1574.6249323984403,0.69
3,5238,3,0.9081225991249084,0.10467354274315643 -0.9908195979871444 -0.08555684481203363 -0.1790071074309072 0.06585339115585431 -0.9816413735995921 0.9782637195249635 0.11806716358864505 -0.17047064246759902,81.25105162676216 -166.49353698383499 1597.1105770727509,0.69
3,5301,3,0.9116880297660828,-0.026761583218418483 -0.9961700069056507 -0.08324142601637302 -0.18427160352021338 0.0867602624880004 -0.9790386269137201 0.9825109637045955 -0.010861592636851436 -0.18588768653587073,-94.60537395116218 -172.59287462659915 1550.263776729998,0.69
3,5322,3,0.9219993948936462,-0.02941635597544856 -0.9953863839878343 -0.09132701994891529 -0.19436977196497457 0.0953187231136905 -0.9762861940897554 0.9804871593995557 -0.010967570177548513 -0.1962769539629936,-167.9362489618187 -170.23082470637763 1559.2484811480947,0.69
3,5353,3,0.9327706098556519,0.132990748290578 -0.9860453590157365 -0.10013995622447286 -0.22027684980871792 0.06910436735147096 -0.9729864828718334 0.9663289141423119 0.15145671453085263 -0.20801272392827364,-248.55664464505105 -160.7534955644792 1558.5542914476694,0.69
3,5385,3,0.9461977481842041,0.16711377491345947 -0.9857436022758196 -0.019558548168628398 -0.3968281775769186 -0.04908831561146387 -0.9165793663133658 0.9025521501360214 0.1609344209382203 -0.39937417097519545,-273.77749484130294 -158.6333707845851 1494.760601533574,0.69
3,5433,3,0.9392350912094116,0.15596903068360457 -0.9877447930369427 -0.005821107800421166 -0.5735808507734097 -0.08576983261316484 -0.8146462689042167 0.8041633348354478 0.13039846487561513 -0.5799289363917057,-254.1450469533053 -131.72036696260056 1474.2556434397297,0.69
3,5455,3,0.9060250520706177,0.08821749406446688 -0.9953518576376876 -0.03863098805609938 -0.736804232467031 -0.03910587001369148 -0.6749742616938383 0.6703261868371664 0.08800801342876152 -0.7368292833571886,-242.3607710385342 -97.08339579203627 1419.5043142030045,0.69
3,5531,3,0.8345293402671814,-0.11752384235570412 -0.992515168319163 -0.03319317903328364 -0.9476691478775231 0.12207916041149769 -0.2949912960653475 0.29683553129475815 -0.0032123588852707163 -0.954923215819655,-143.87289385558086 6.548277008410637 1271.3749455635132,0.69
3,5591,3,0.866611659526825,-0.46187418642235767 -0.885882557089955 0.04340888112411303 -0.8831906176136654 0.4548690472457344 -0.11431746505652603 0.08152649186538824 -0.09113860269677286 -0.9924954338547871,-63.14404349040142 22.32613170376408 1161.3487972532316,0.69
3,5608,3,0.7691225409507751,-0.7089574579740969 -0.6973574168506614 0.10522336216962468 -0.7026309277036148 0.7112669936876602 -0.020224814581983913 -0.060737980022920926 -0.08827172171137758 -0.9942429285284584,-65.47924976120106 13.162193328379802 1122.006362223356,0.69
3,5633,3,0.920441210269928,-0.9287816002674705 -0.3441456520786966 0.1375809185894818 -0.34560960955742664 0.9382759316679685 0.013866284079331865 -0.13386088594567108 -0.034670538039297705 -0.9903934657528317,-53.5745561825355 21.632537347268276 1121.2010421869056,0.69
3,5675,3,0.9048379063606262,-0.9956158359087963 0.03673619306094222 0.08602069173761906 0.032150689622956787 0.9980178467037444 -0.054099083334098054 -0.08783757990972657 -0.05109627951436942 -0.9948234666388767,-19.188307366241983 18.22548473611328 1067.0098150355466,0.69
3,5708,3,0.8685439825057983,-0.9951061327371868 0.029495331623990678 0.09430699868637187 0.002160877097773359 0.960677250856995 -0.277659054050133 -0.09878823411221017 -0.27609644166167224 -0.9560395596954943,-0.9298559237174997 -4.286430657538862 1048.7219376883074,0.69
3,5722,3,0.8636319637298584,-0.9927681203604053 0.0669680446965769 0.09963302758415514 0.017054973357012695 0.9002057685290904 -0.43513067254646776 -0.11883007649521786 -0.43028462126418954 -0.8948377269782906,14.784287884744934 -5.2489835978626775 1042.6456979446593,0.69
3,5766,3,0.9284838438034058,-0.989926211248398 0.1399157953150433 0.021671790529418714 0.04930464634308753 0.484150608200017 -0.8735944370407454 -0.13272207100695482 -0.8637255112597477 -0.48617187605487056,13.475799289650181 -62.14938512422754 1086.9925360275502,0.69
3,5853,3,0.7837116718292236,-0.49157898498518504 0.8574456979812604 -0.1521084367626097 0.1560193349249735 -0.08512596973494624 -0.9840790295531423 -0.8567427085481991 -0.5074844276331192 -0.09193196973513174,-8.391791203801992 -38.83936677182488 1108.4102700294611,0.69
3,5903,3,0.8527683615684509,-0.3934614579349791 0.9074835206982979 -0.1471792810850195 0.3186477323696852 -0.015551707403100856 -0.9477456235997643 -0.8623524243459508 -0.419799718982601 -0.2830485685651687,73.8291493726773 11.819657910458726 1211.5679336947367,0.69
3,5990,3,0.8540278077125549,-0.145128175306926 0.9805648217484213 -0.13202440335623017 0.9456189032856528 0.09820403692104263 -0.31009814072523817 -0.29110599870308623 -0.16984874883818524 -0.9414928040283588,39.71205447374223 173.11695110653372 1210.6492111897296,0.69
