scene_id,im_id,obj_id,score,R,t,time
2,3,2,0.7880404591560364,-0.571956211832032 0.8187622586331444 -0.049944525072368295 -0.021646680774039473 -0.07593114428765757 -0.996878068039735 -0.8199984835097069 -0.5690894702637886 0.06115277488930282,600.6392748592032 35.359337949075474 1861.2197306592093,0.69
2,44,2,0.880125105381012,-0.5811478574426696 0.8124996271995701 -0.045951317612820064 0.07033097274276218 -0.006109510527709139 -0.9975050015684976 -0.8107531819628286 -0.5829296953164005 -0.05359336018087579,537.2007346813028 20.719316924539164 1654.863906579745,0.69
2,151,2,0.461996465921402,-0.45131669268818353 0.8900585175746752 -0.06410209196095895 0.8162685551077321 0.38273838754118805 -0.432685766630596 -0.36058132070773585 -0.24760283115332668 -0.8992630033319076,279.6304319723397 -94.01678767170236 1743.025485214246,0.69
2,207,2,0.7482655644416809,-0.14096546719210545 0.9848979477745711 -0.10052248270287453 0.9727397752009966 0.11890486430129332 -0.1990953615416635 -0.18413600082880624 -0.12584778788254194 -0.9748108880618047,167.4668469344667 -91.12588809768904 1711.2830854666831,0.69
2,309,2,0.7694059014320374,0.8801416367872166 0.43078934326858864 -0.19942728228539203 0.4467737823845802 -0.8936946288071508 0.041268605683072404 -0.16044901547624119 -0.12542109937114754 -0.9790432376893461,93.96715859377998 -112.4194136296778 1660.0316218755702,0.69
2,329,2,0.69384765625,0.9838759057739576 0.0012243239442853073 -0.17884826828447067 0.014490609235361012 -0.9972348046112502 0.07288872831892536 -0.17826447846237517 -0.07430508396362588 -0.9811730378560635,95.81516329688331 -96.45851473194476 1681.1157913085137,0.69
2,351,2,0.7970572113990784,0.9175739408047525 -0.34328721162312825 -0.20052918364181857 -0.3850342596743924 -0.8929669293008797 -0.23314948434845495 -0.09902869297849562 0.2911424969168457 -0.9515405217099246,89.22046426962726 -106.70783549348926 1670.432555998393,0.69
2,407,2,0.8789282441139221,0.8830191563885418 -0.426281782130694 -0.19636957929971635 -0.3500206013153163 -0.31938876143484096 -0.8806113772396895 0.3126703505382825 0.8463301136628649 -0.4312338003933247,93.41845053605272 -105.88997674462884 1628.962447509228,0.69
2,411,2,0.8645726442337036,0.871963162893695 -0.4560258319627031 -0.17810301271777523 -0.3213420139675418 -0.25865848673771485 -0.9109528513034248 0.3693501761414331 0.8515493102699807 -0.3720809314692335,89.84591172324565 -98.38958127180418 1612.7427536333162,0.69
2,430,2,0.8673346638679504,0.6251309083849768 -0.7762281266670863 -0.08173886928921725 -0.2211766784098314 -0.07573885965586102 -0.9722882813577587 0.7485267024691691 0.625886188143608 -0.21903026088122268,60.811753866515296 -38.814371524624455 1568.810746391245,0.69
2,475,2,0.8576207160949707,0.8632377694045701 -0.49933632212542867 -0.07405262236864074 -0.07777798441844616 0.0133792649912019 -0.9968809258924054 0.49876962479006914 0.8663049305380557 -0.02728788581455799,40.29091482719254 -35.42029143984024 1628.5496194863272,0.69
2,488,2,0.8306193947792053,0.9996439739555021 0.02185344527198001 -0.015308568326136737 -0.015671901891030137 0.01655261304973188 -0.9997401674897052 -0.021594370228588476 0.9996241483332474 0.016889204938665192,41.34472995904866 -48.23055812980407 1655.378708159452,0.69
2,502,2,0.861909031867981,0.7832970732541202 0.6215169050662372 0.01274487145541725 0.008043532640258144 0.010367052948804578 -0.9999139091920972 -0.6215955249309589 0.7833321523658034 0.0031212907206965568,54.64116385304802 -50.16787605400218 1623.018257788779,0.69
2,563,2,0.8522142767906189,-0.2806366456153273 0.9581243171512032 0.05692860459662047 -0.04485749930146843 0.046154670525835995 -0.9979266261329389 -0.9587652882192788 -0.28260845576909505 0.03002636897147859,91.3007618528481 -37.05670631547619 1632.3212359761508,0.69
2,600,2,0.8863123059272766,-0.643695752326578 0.7651836949722024 -0.012234843088851366 0.07781764397789448 0.04954132464292771 -0.9957359446350995 -0.7613147789991016 -0.6419030846641196 -0.09143433259032152,86.1183602360319 -38.98688619944713 1622.981452382807,0.69
2,644,2,0.9221173524856567,-0.6362407677489941 0.7684621792976574 -0.0682902953813071 0.206936879071843 0.08471531659004283 -0.9746796618453955 -0.7432192230655612 -0.6342627169589461 -0.2129225031359523,32.67715109381855 -23.48120637695399 1472.8173211170833,0.69
2,727,2,0.9349848628044128,-0.3860840135962256 0.9213724979778279 0.04485370013195339 0.4107371183232214 0.2152426354350998 -0.8859828596098736 -0.8259746691497056 -0.3236407388773088 -0.4615436253074936,-151.8598879896719 -20.639520585465405 1367.6666536359257,0.69
2,793,2,0.8925704956054688,-0.37290496112417015 0.9278362104946758 -0.00786488803870683 0.29639647040934447 0.11108341584123815 -0.9485829468496287 -0.8792559481162834 -0.35606241197284866 -0.31643093477442075,-176.23439201328594 -12.322284846841281 1172.101051398797,0.69
2,832,2,0.8668224215507507,-0.3877612397928476 0.9217467186338291 0.004920122161325091 0.03641813252524534 0.02065355697673077 -0.9991231907065228 -0.9210401405680901 -0.38724206547323564 -0.041576943013346135,-206.71739343754504 24.907475232410036 1094.2577365799978,0.69
2,845,2,0.9138656258583069,-0.32632264012445766 0.945087526225821 0.017975046997505073 0.11296106601527589 0.05786917143032355 -0.9919127766909048 -0.938484593430759 -0.3216531155924444 -0.12564211524316704,-198.61965051399793 29.862071420505828 1084.741496960666,0.69
2,888,2,0.825756847858429,-0.4318505886970405 0.8997965946529964 -0.06221862496785513 0.5450901042073335 0.20540711244441578 -0.8128251327637976 -0.7185971384143257 -0.3849337688591614 -0.5791754019764856,-163.1950256907509 67.97602634275802 1038.8756951447867,0.69
2,908,2,0.9120369553565979,-0.46693695079841513 0.8749309053798091 -0.12831911311393177 0.6720425959015277 0.25679279867986615 -0.6945618819371658 -0.5747422320249438 -0.41055251717341756 -0.7078968832884889,-129.4481654532318 74.82738932155443 1043.67099567744,0.69
2,913,2,0.9047104120254517,-0.4534262677206762 0.8821743121438967 -0.12717351428005882 0.6979097861863082 0.26266637703087403 -0.66627944942258 -0.5543704087397515 -0.39086424417042476 -0.7347779205602216,-116.64514451940708 80.96785189303239 1045.9523120896365,0.69
2,955,2,0.8889538645744324,0.6363217720287798 0.7269529012506537 -0.2581357817223543 0.5876260840005674 -0.6735658780216465 -0.4483353581495514 -0.499790143804689 0.1335982310069479 -0.855781119695628,-27.660760411650568 111.76601677905394 1006.0962953280663,0.69
2,985,2,0.7958852052688599,0.9622392230359686 -0.030494660661481952 -0.2704916880835276 -0.10446850498440624 -0.958980533103462 -0.26351976888826245 -0.25136031730855685 0.2818269199344542 -0.9259544146894061,56.37064720161819 117.10017058872833 1026.0966255165808,0.69
2,989,2,0.9186395406723022,-0.3155869606561885 0.9434157856705537 -0.1018406874063657 -6.911131973552642e-05 -0.10734822467419303 -0.9942214813022924 -0.9488966569060167 -0.3137562971589746 0.0339429006667733,126.87093709661615 65.42998975247448 552.1910240445303,0.69
2,1065,2,0.9265069365501404,0.29670939830980725 0.9488324637676268 -0.1080763094081566 -0.04518970138186873 -0.09909566524579283 -0.9940512763527399 -0.9538980154312356 0.2998282922443264 0.01347484048889247,105.91934631807113 85.75332896446352 657.637513090655,0.69
2,1089,2,0.9289500117301941,0.6420635608133065 0.760573362616933 -0.09634595971450488 -0.07210636286514904 -0.065204401335196 -0.9952633111297122 -0.7632529438594371 0.64596946222255 0.012976808768447201,120.68608961553444 97.48187248184313 686.7037471875562,0.69
2,1092,2,0.9179570078849792,0.6541908945897787 0.7505005638155763 -0.09371860620136929 -0.020950596811272648 -0.10588319552064451 -0.9941578453141076 -0.7560392489342579 0.6523324709217222 -0.05354438768054215,123.0132211570239 104.79932547109082 680.800906380489,0.69
2,1115,2,0.8539314270019531,0.6099317663312783 0.7850983964252111 -0.10772069601784634 0.1687103308130874 -0.26146357726635694 -0.9503544717840914 -0.7742868103596663 0.5614777873555131 -0.2919291516950857,106.49515362654142 126.4951850639508 677.0420227209623,0.69
2,1164,2,0.9499641060829163,0.5690768262930133 0.8168110416392753 -0.09471688356588692 0.4390947766400341 -0.39925049233051446 -0.8048570192905575 -0.6952318626930949 0.4164357893241219 -0.5858616649570834,95.90528798243335 150.18605104887655 653.6832765091931,0.69
2,1202,2,0.955173909664154,0.5504932327536747 0.8330025099804077 -0.05535358216727798 0.6310144057321574 -0.4585876680650718 -0.625714128382229 -0.54660590963774 0.30952248555635 -0.7780859917027929,84.68880616723541 173.0436579108682 670.9579673348672,0.69
2,1227,2,0.9515986442565918,0.5518978700218673 0.8276403785733824 -0.10207911059680355 0.738587427036437 -0.54196659413011 -0.40094990144743126 -0.38716579612489277 0.14588904894445395 -0.9103949866453909,94.97848492750283 134.75846455170503 644.2178828205182,0.69
2,1261,2,0.9439849257469177,0.6953941960674523 0.7130248549300147 -0.08956823280456781 0.6880777447429409 -0.6965941292757625 -0.20323788093761191 -0.20730636571309097 0.07970053519628556 -0.975024048638933,85.3635637496609 55.97381258109704 673.7785219389186,0.69
2,1287,2,0.9630964994430542,0.6760616933355295 0.7252353799606326 -0.1302851889420032 0.7106754565631084 -0.6884811762742973 -0.14468609247186748 -0.1946303733827634 0.005226238543862824 -0.9808627346308805,94.2662701866391 40.05260541473559 761.1860579937959,0.69
2,1341,2,0.862307608127594,0.5584425909743047 0.7790369260946465 -0.28503217426618677 0.7514997828723268 -0.6206002362684486 -0.22383793933645887 -0.35126905489773985 -0.08920097827126514 -0.9320156847106698,88.18499520200947 -42.39906514550601 907.8635878280389,0.69
2,1377,2,0.9258148670196533,0.22147933516549645 0.8926190143793292 -0.39265531864871583 0.746549254556932 -0.4142566700501453 -0.5206300239512263 -0.6273843436165258 -0.17782774386309916 -0.7581333516588105,77.29871246793248 -81.13810043715628 942.4018021894915,0.69
2,1464,2,0.8712663054466248,-0.36160437014594726 0.9266689298666934 -0.10260104244631557 0.04906538809541083 -0.09098089523906938 -0.9946431844599071 -0.9310396700368895 -0.3647014822032058 -0.012568281361630573,140.74146846831349 -136.55587004035544 1114.5499778989692,0.69
2,1493,2,0.9261490106582642,-0.48212719612214716 0.8702786676841199 -0.10083852107875119 -0.042199161579955735 -0.1380338498747289 -0.9895281133200358 -0.8750843373763155 -0.47282311371454133 0.1032749031272393,178.99151335027997 -116.37975902371451 1312.079286530438,0.69
2,1550,2,0.8423354625701904,-0.925895299703682 -0.3715908254103162 -0.0681039826846353 0.06922883992560222 0.010329341383038204 -0.9975473284156237 0.3713829044385114 -0.9283391423275617 0.016160913134563137,181.4700483896202 -130.94020657505595 1339.9527695263841,0.69
2,1566,2,0.8604596853256226,-0.6805404564002979 -0.7290900414833944 -0.07274887361475924 0.06436060690101864 0.03942089421788331 -0.997147785124349 0.7298783456726241 -0.6832815704442822 0.020097164212613983,182.61180584429982 -128.5448075702309 1358.5441074100127,0.69
2,1582,2,0.8893511295318604,-0.1875838867959545 -0.9814019315214852 -0.04077418571131747 0.020952956335264172 0.03750360055095192 -0.9990768006347298 0.9820250806549369 -0.1882650492035446 0.013528200658322831,185.20386961986546 -126.49284354299381 1289.3444155613372,0.69
2,1647,2,0.8885188698768616,-0.09918300142307901 -0.9838962674516292 -0.1486972330726506 -0.4520517005006246 0.17767586975734428 -0.8741170089756092 0.8864603726637776 -0.01947871147493585 -0.46239440686071576,242.7055213822436 -185.74287155596394 1327.8984361678483,0.69
2,1669,2,0.819951057434082,-0.1016638850361844 -0.9817099743989937 -0.160965774762454 -0.6555764661148396 0.18781388194412818 -0.7313996464488179 0.7482539352089828 0.031168444212128443 -0.6626798446683493,288.623200358965 -230.53098844668526 1318.1725491957125,0.69
2,1694,2,0.8789103627204895,-0.08165818447891504 -0.9875729328281609 -0.13428195430806134 -0.8148402075587574 0.14373506413479553 -0.5615831794879254 0.5739053729084688 0.06356047264889558 -0.8164512779483173,333.23147334753645 -244.70591042691262 1233.7177881534653,0.69
2,1746,2,0.8779134154319763,-0.7873694239899331 -0.5923919571450983 -0.17064922875759267 -0.5738016257034161 0.8054264723952691 -0.14845838442145873 0.2253909592372285 -0.01897278774225919 -0.9740836456995927,345.91130041033193 -146.03216672297063 1054.093478673876,0.69
2,1771,2,0.8193879127502441,-0.9846149048033452 0.0323959742624204 -0.17170902740009888 0.052245348907575415 0.9922917676244963 -0.11237202241740722 0.16674505316987673 -0.1196141662021734 -0.9787178032952777,406.91233543433674 -99.41090535535872 1005.2190196651271,0.69
2,1804,2,0.8601559400558472,-0.5819405585266038 0.8120387863938634 -0.044024944448875725 0.6600510464121987 0.4400097168689481 -0.6088711400543384 -0.47505557829785194 -0.38338552196567083 -0.7920465510784098,402.81146046204447 -97.45625383775042 998.2334336659203,0.69
2,1896,2,0.9613059759140015,-0.5390609691312913 0.8413635019098322 -0.03899652822056787 0.31575042258329855 0.15894440059357628 -0.9354348444217895 -0.780842456707947 -0.5165695840581142 -0.351341603896159,24.80059474732311 -72.52959949780956 723.135775098202,0.69
2,1936,2,0.9034074544906616,-0.5930077027273244 0.8051526039357453 -0.008434979641388729 0.3068030470385387 0.2162551043029206 -0.9268795068350586 -0.7444553410607853 -0.5522345645089792 -0.37526421482423356,-55.248783193643455 6.943681841329617 576.7367535079802,0.69
2,1950,2,0.8724655508995056,-0.44185208172898394 0.8970761421425892 0.004597071930290131 0.04016305923582575 0.024900971517435533 -0.9988828110896228 -0.8961884101820234 -0.4411738170110017 -0.047031868337971794,496.49076275039647 -258.5056527975729 1287.3383997396738,0.69
2,1958,2,0.8608713746070862,-0.45945494833755385 0.8881303394322273 -0.011209399097771577 0.09671597174631802 0.03748064220902669 -0.9946060638608457 -0.8829196856211226 -0.45806080561383566 -0.10311705534538218,491.02037129541714 -238.90915306438046 1263.9912002118194,0.69
2,2000,2,0.9154934287071228,-0.454937263323951 0.8895056802754826 -0.04256443582340408 0.48547744845145474 0.20766011614069202 -0.8492284281684753 -0.7465545750207274 -0.40700973074618874 -0.526307272981797,472.86793604660625 -204.44476129133344 1242.7813259700222,0.69
2,2085,2,0.8950392603874207,-0.2858997143839601 0.9551446620577478 -0.07720121668575519 0.9314954317007075 0.2581035537291595 -0.2563178032698698 -0.2248946732047758 -0.1451937674108972 -0.9635046216127598,157.08271043953638 -60.245089086423576 1212.261435867967,0.69
2,2135,2,0.928813636302948,0.5658583482153854 0.8215843946749495 -0.06930665322717912 0.8124951707819958 -0.5699376548351169 -0.12256699007882481 -0.14019959775581098 0.013044233501589883 -0.9900373330139953,175.73503276321458 -52.25226304697279 1199.9053459743545,0.69
2,2152,2,0.9174951314926147,0.860435315660016 0.5005939276804194 -0.0951671536536621 0.491085473298426 -0.864482801077439 -0.10725923995892664 -0.1359636917721405 0.04555443129703976 -0.989665937732978,188.81861775553983 -54.3936444524294 1197.607821854877,0.69
2,2209,2,0.8653997182846069,0.8926661292781038 0.40926502774935825 -0.18881027170406983 -0.04163030704182111 -0.3422514285735394 -0.938685717998828 -0.4487918216447926 0.8457931760783416 -0.28847842921795763,303.7586733850232 -120.68500068555117 1324.1414834850048,0.69
2,2252,2,0.8714351654052734,0.970886089235603 0.21648083159139775 -0.10254877513794863 -0.07534314481924147 -0.1304019650758177 -0.9885943242974402 -0.22738428322455245 0.9675388245739096 -0.11029510725591796,455.3103272411131 -161.01474264613967 1290.743603056493,0.69
2,2273,2,0.8731393814086914,0.9595782572170365 0.27157547745426996 -0.07386696366983138 -0.04389916880549884 -0.11481914943716776 -0.9924159540740524 -0.27799717850097183 0.9555434699520534 -0.09825602158386104,567.6491997724173 -194.9132076897888 1182.7651863951987,0.69
2,2305,2,0.8245320916175842,0.9437267924147394 0.3304884319433101 -0.012535454927494805 0.0030035938850151156 -0.04646586398945307 -0.9989153627347455 -0.3307124426179957 0.9426655397517013 -0.04484373381279938,443.1131014437559 -53.00628822655213 1058.1630396589626,0.69
2,2379,2,0.8707253932952881,0.9274290581879205 0.37259641893399936 -0.03236125192612667 0.2620488066467071 -0.7091181338133477 -0.6545852849187125 -0.26684408362132245 0.5986011868469981 -0.75529520992898,340.51213024963056 63.464239207025344 1053.312352637526,0.69
2,2401,2,0.8088803291320801,0.981916019194561 -0.1789380138979738 -0.06182328389332868 -0.18840127510434845 -0.8915142811816801 -0.4119553932019441 0.018598139373662875 0.41615318529522427 -0.9091043040160338,343.74594508481715 121.15051373960746 1050.3706806949647,0.69
2,2422,2,0.8892554640769958,0.7942569119050543 -0.6067138918595831 -0.032468620476467265 -0.5943630625207239 -0.7647797431769945 -0.24868553302738983 0.12604962436291867 0.21681835220001322 -0.9680399239428292,326.7132637442525 126.83170642254404 1039.0856755268983,0.69
2,2457,2,0.9286785125732422,0.41196988855471306 -0.9092459219756144 -0.05960423051204017 -0.6647628379898247 -0.2551704587460375 -0.7021242099593568 0.6231943357829333 0.3288767099599057 -0.7095554449752441,360.003769533657 90.5120600028189 981.1304587488934,0.69
2,2510,2,0.9386352896690369,0.31173390302118076 -0.9473581916751102 -0.07303718486666033 -0.18303035799188 0.015556553926464933 -0.9829841716341611 0.93237431418961 0.3197975145244235 -0.1685458036957792,232.85504020344047 86.40992806998776 855.8207607081679,0.69
2,2586,2,0.9203161597251892,0.1476310501732747 -0.9890325854306656 -0.004429219013463936 -0.25215917768971013 -0.03330827746853271 -0.9671123552922527 0.9563581035007678 0.1438926808715872 -0.2543109794326668,55.622992953018226 58.609300419178325 856.0191843577104,0.69
2,2630,2,0.9408511519432068,0.061104315472484294 -0.9977577782867213 0.02730711443901024 -0.2777597596121773 -0.04327531723274869 -0.9596753424250258 0.9587052615746012 0.05105548733242149 -0.2797812692844617,-81.62247639543929 42.91749529362477 851.7137942042825,0.69
2,2691,2,0.9106963276863098,-0.41159420877189534 -0.9093398621556872 0.06075543103388564 -0.255316976826923 0.05105583699681249 -0.9655084374838552 0.8748733900681847 -0.41290957436614467 -0.2531841913456909,-172.92496812961883 24.465941371605716 858.9825294183371,0.69
2,2741,2,0.9335557222366333,-0.9810012319277899 -0.19398799732492958 0.0022890718690663503 -0.017331955257681025 0.07588378033703025 -0.9969660251025142 0.1932257391837443 -0.9780645729069345 -0.07780427328412731,-143.7628118110632 24.292425876847737 868.8212893063114,0.69
2,2764,2,0.9414446353912354,-0.8391440570066759 0.5425875040790551 0.03789527685131683 -0.020520689740213538 0.038040036690724754 -0.9990654917977871 -0.5435219893279044 -0.8391375072214503 -0.020786800889214474,-149.09204406631815 25.568648288967125 882.8062835666527,0.69
2,2821,2,0.8743953704833984,-0.6672470133607304 0.7420501196159026 0.0643664752740935 0.5395358264331416 0.5411013322110941 -0.6450662293706642 -0.5135002581852248 -0.3956904955358469 -0.7614108723851425,-154.85910567144472 57.17062430741849 908.9345274324029,0.69
2,2834,2,0.8070650100708008,-0.7138471747702135 0.6959094005696456 0.07830911359082805 0.6190881820274348 0.6793738800553277 -0.3939301384414947 -0.3273408528530323 -0.2327256696141744 -0.9157984105446373,-173.4352783293969 78.30626230429918 943.6192804821065,0.69
2,2846,2,0.856122612953186,-0.348044378760612 0.9344784422482643 0.074934313811481 0.8555686159342933 0.3492941073826805 -0.3820941899270573 -0.3832328976502638 -0.06887428780752702 -0.9210802780635294,-162.63870155684188 85.11675637841498 943.6892918239394,0.69
2,2861,2,0.853020966053009,0.3902923297521419 0.9112588486218159 0.1314504018445279 0.895292414158967 -0.34233358587147467 -0.2850600097063538 -0.21476356880545205 0.2289432829170147 -0.949453307288529,-149.83470666312323 88.39113801967294 966.4012165241844,0.69
2,2890,2,0.9448702335357666,0.5857597100081379 0.8061291547728759 -0.08391274013134603 0.3411001934352407 -0.33911606847453424 -0.8767274092560448 -0.735211683918056 0.4849289411115235 -0.473611340555558,-104.84983548327138 57.09000412589114 942.2956266057976,0.69
2,2914,2,0.833651065826416,-0.4724264267735361 0.8794880319795999 -0.05756798494510018 0.0034852607777133837 -0.06345180180233623 -0.9979788183149723 -0.881363219248058 -0.4716722065721994 0.026911062855493273,222.31405975944617 -186.98035555271252 1695.7985736007643,0.69
2,2922,2,0.889947772026062,-0.5129672752709542 0.8553869461682786 -0.0719565620774093 0.04472961203389253 -0.05707626955711298 -0.9973673151155203 -0.8572419940182534 -0.5148353831841305 -0.008982867763620783,213.90613100840446 -169.37336162758785 1662.9298718102852,0.69
2,2935,2,0.8921762108802795,-0.507870127491449 0.8520756927228376 -0.1266291730712817 0.17170690944644862 -0.043915893273012374 -0.9841687515697615 -0.8441473039998229 -0.5215730132866638 -0.12400371349641492,192.6311072174273 -157.62475818040397 1617.1961864037426,0.69
2,2977,2,0.9466419816017151,-0.40131708543226563 0.8968011272140756 -0.18625878547793467 0.47722797754416024 0.031157685446748573 -0.8782269957628905 -0.7817915671003763 -0.4413354017809641 -0.44048269971200105,151.7134022903904 -160.94686205487005 1464.4650970995765,0.69
2,3030,2,0.9271287322044373,-0.2778685130269696 0.9507281680986782 -0.13749559939108136 0.8761464563241347 0.19213352853755228 -0.4420996429340009 -0.39389906897432814 -0.2433118525584837 -0.8863649732845476,116.44616375666224 -95.4214977913365 1375.2412143353765,0.69
2,3137,2,0.9189230799674988,0.45254010881555473 0.8894832449402197 -0.0634587021914496 0.8834778627928606 -0.45687548649670173 -0.10359370537519008 -0.12113759064867298 -0.00918405188461547 -0.9925932386042207,-138.87552351386032 -245.8682395548833 1162.3444645046704,0.69
2,3150,2,0.9323775768280029,0.33112462496939066 0.9389877496051864 -0.09305100123194945 0.9116724405185976 -0.3437961781629404 -0.22507231966508012 -0.24333072953851195 -0.010305045945739902 -0.9698886338597399,-150.8769985996497 -260.1435221670584 1164.1495988513152,0.69
2,3201,2,0.9111328721046448,0.0681940707849451 0.9634270171251533 -0.259148512214728 0.577419902226425 -0.24994059977763583 -0.7772489646796714 -0.8135943861793807 -0.09663373767026107 -0.5733464009839702,-169.0105771212137 -327.2389709928195 1211.9910988351357,0.69
2,3237,2,0.8714784383773804,-0.31850065162387153 0.9465311158409726 -0.051343759698845026 0.1469024281234797 -0.004223578598715472 -0.989141970596358 -0.9364705075583508 -0.32258488515220907 -0.13770250667559014,-159.13518620395615 -340.274587760502 1257.426453473157,0.69
2,3253,2,0.8567933440208435,-0.3868237152897551 0.917383928417553 -0.09367038577164372 0.2524385222331845 0.007647137135975646 -0.967582716767073 -0.8869285234911304 -0.3979299551112001 -0.23454113720846914,-131.03098509561798 -308.97729690083344 1242.9929439591622,0.69
2,3377,2,0.852387011051178,0.7809839196971221 0.6191314847336132 -0.08209946276359462 0.5287841348442405 -0.7254423765075118 -0.44059130393615564 -0.3323423775439227 0.3006818301439006 -0.8939457372289257,-119.23337082987982 -250.60520497256877 1188.280872062516,0.69
2,3398,2,0.848700225353241,0.9683897073432042 0.2333762331604897 -0.08807331325415274 0.1796357133599398 -0.897443234581472 -0.40289781730559254 -0.1730675740784764 0.37434098693539536 -0.9109974974185304,-183.9810950997505 -251.9184368980283 1216.7356692383917,0.69
2,3409,2,0.8714141845703125,0.998210895748164 -0.020783430034255923 -0.05606297036065005 -0.040240632953623096 -0.9270276445028438 -0.37282762476377845 -0.04422328650315035 0.37441660668768445 -0.9262054337820202,-189.84225509312895 -248.6214743902492 1201.8519122311552,0.69
2,3459,2,0.8799195289611816,0.9830636004883543 -0.12472170982998321 -0.13427752042675922 -0.1610859002988433 -0.9374563001419167 -0.3085887523049734 -0.08739159066972285 0.3249925851789769 -0.941670074632778,-82.70407752679137 -226.40768525244084 1086.2910608605944,0.69
2,3510,2,0.9636260867118835,0.9406728684490027 -0.3306177297782757 -0.07633132594278907 -0.3384440788328909 -0.8981042631891085 -0.280827950789277 0.024293210304139813 0.290001119304405 -0.9567179264210071,-3.3676783418693024 -141.36545365686354 895.0845150354086,0.69
2,3538,2,0.954271137714386,0.7879698191968753 -0.6041163175749087 -0.11894132534395183 -0.580917726583847 -0.6654147904962966 -0.4687832671175724 0.20405430398670507 0.43848219054883225 -0.8752686499561146,14.494424577402402 -92.29826100212942 874.6915423453536,0.69
2,3631,2,0.9222180247306824,0.5963913838381218 -0.8026933207344549 -0.0008661015780681569 -0.04240392804101184 -0.030428079483774795 -0.9986370906718928 0.8015729687123581 0.5956152825668789 -0.05218439424228949,60.2100310957054 -36.275919282700926 852.7376626307324,0.69
2,3673,2,0.9657092094421387,0.17846390605502715 -0.9830846732540375 -0.04117231410286126 -0.022944615371848387 0.03767473193173787 -0.9990266058515708 0.9836789002825161 0.1792348732442265 -0.015832919885659047,64.0334239173947 -57.42611190885632 857.4773907922832,0.69
2,3709,2,0.9163812398910522,-0.6367285190000267 -0.7709357009618125 -0.015327689798251776 -0.05847893478109306 0.0681003867644061 -0.9959631275852571 0.768867353500525 -0.6332617802339385 -0.0884449569847916,73.37410702611591 -63.5418095180751 863.0049366068858,0.69
2,3761,2,0.9493600130081177,-0.9994743644208437 0.02036966589673531 0.025220459488416874 -0.02405807962062483 0.05542308837167431 -0.9981730762148985 -0.021730247824614756 -0.9982551567543246 -0.05490390098053077,83.11959619914073 -69.5142514597719 862.0959814863977,0.69
2,3784,2,0.9360504746437073,-0.846818344545553 0.5310975239883386 0.028880986039008405 0.002588745048817065 0.05841444903593307 -0.9982890616163741 -0.5318759157361814 -0.845294725026298 -0.050841303115813474,75.92218568607841 -58.391151117810395 862.0473616191927,0.69
2,3852,2,0.9413837194442749,-0.45857652224506795 0.8873062645693937 -0.04894043421883676 0.752423090795187 0.358384393584639 -0.5526482777257054 -0.4728287910902177 -0.2902554380039761 -0.8319763909061866,93.5403673874175 80.18854743445696 822.1453246565748,0.69
2,3935,2,0.888515293598175,-0.5695034769011651 0.8198766626974315 -0.05889013297324393 0.8075620779653473 0.5447064658490021 -0.22613791432349517 -0.15332736229967142 -0.17634376662193674 -0.9723135275947843,-66.90814133261381 224.48769605187613 902.1604724981746,0.69
2,3980,2,0.835416316986084,-0.6403003409429329 0.7681096946348729 0.004792744129001318 0.7606607550019906 0.6349338931275551 -0.1351079833232962 -0.10682082750178157 -0.08286403541832117 -0.990819288491108,-268.91509351406205 163.96865704253764 958.7959381340958,0.69
2,3992,2,0.7781363129615784,-0.5276155778622174 0.8420421908349005 -0.11219068968091708 0.7720778711193377 0.42025772721845245 -0.47673808704676857 -0.3542845790109276 -0.33815439013436144 -0.8718566656898992,-288.10701680336723 126.8276860113244 960.4278275489299,0.69
2,4013,2,0.9441134929656982,-0.4612480683581728 0.8872150134753191 0.009986956485537601 -0.07757308214936987 -0.02911111386204368 -0.9965615685824727 -0.8838736540714978 -0.46043681750453086 0.08225144816109764,107.24201797294252 -209.08939482242343 1307.677182472219,0.69
2,4051,2,0.8929027915000916,-0.3698304899080742 0.929093203440326 0.003350829053668347 0.03767782304969258 0.018601231057946643 -0.9991167979037111 -0.9283349559208627 -0.3693776028999619 -0.04188551171095045,58.11826259577989 -148.3137512301217 1205.3105321442642,0.69
2,4165,2,0.9625962972640991,-0.21105143242682378 0.970935733385887 -0.11287645682335973 0.7384600567153059 0.08271985330007225 -0.6692041321645001 -0.6404170808985448 -0.2245912453868682 -0.7344554002721764,75.78805370017676 -15.104594278396469 864.9063840805753,0.69
2,4204,2,0.9360693097114563,0.03585432372341579 0.9949922003980648 -0.09330052849450499 0.8621657488862727 -0.07800783059337357 -0.5005846579885247 -0.5053560021585864 -0.06249239564245396 -0.8606451136032542,22.294357123263595 -3.169904566525359 824.3468574521589,0.69
2,4268,2,0.9295458197593689,0.7364113497877136 0.6344663759506902 -0.234841950451437 0.5627223219517857 -0.7671339862829107 -0.3079757059686401 -0.37555547164304304 0.09464599768447149 -0.9219545665819349,-181.71968185596052 16.108650473463843 823.8232602133832,0.69
2,4279,2,0.9525066614151001,0.760272077776888 0.6163097729983138 -0.20530131869907825 0.51862673627404 -0.7661781508838061 -0.37946982690328585 -0.39116834761334013 0.18202556088373772 -0.9021385808235953,-210.58359480342733 26.071006715894093 837.1266831152554,0.69
2,4316,2,0.9396306872367859,0.7963784617949976 0.5988306199642177 -0.0847539626348193 0.28705526665088354 -0.4976004423918987 -0.8185310462159497 -0.5323350631670094 0.6275314241730511 -0.5681757581931131,-302.4021103466285 37.0081405144544 859.9939960256843,0.69
2,4399,2,0.9594519138336182,0.6799087312764643 0.7331548020825567 0.01442751944430054 0.1851501880776818 -0.15259961602040462 -0.9707897635663574 -0.7095375430439376 0.6627196944211875 -0.23949756081734996,-403.1379499255775 -22.829027824739896 830.2066919300505,0.69
2,4450,2,0.9423623085021973,0.9327826867344113 0.32991383471638924 0.14516652848112088 0.190006415301205 -0.10783093539780242 -0.9758432515089814 -0.306290746632867 0.9378322616726096 -0.16326857472618217,-286.06540445782275 -31.052978362903854 840.0583451130609,0.69
2,4486,2,0.9230694770812988,0.9880685397382782 -0.08482691495347437 0.12854942737695327 0.11635970305842595 -0.135666259669053 -0.9838979039979524 0.10090084382016583 0.9871165384527224 -0.12417712844760675,-140.9780903653552 -50.15776646099181 881.5706969248691,0.69
2,4508,2,0.9172988533973694,0.9579111671895542 -0.25190874339560043 0.1376523910958161 0.10251547619092827 -0.14770619181046385 -0.9837039483717639 0.2681357359899892 0.9564124977757767 -0.11566486581242708,-75.28810616497731 -57.179717483985996 899.5457662506965,0.69
2,4611,2,0.8879476189613342,0.23825583280677143 -0.9612140057524207 0.13893089389670493 0.036584464431931085 -0.13406625510263082 -0.9902968323714791 0.970513129790515 0.2410267088688351 0.0032234323441607815,248.05184420870248 -91.32693176343801 1119.853149896488,0.69
2,4671,2,0.9031294584274292,-0.5963679707206189 -0.8012762435261355 0.047975254655044264 -0.5505680103348728 0.364816313314118 -0.7508554611480127 0.5841404878062045 -0.47419978817007147 -0.6587218315837036,319.1880576680796 -65.54271638856247 1076.4843586409247,0.69
2,4707,2,0.9097597599029541,-0.7979013897030109 -0.5988157859292225 -0.06908709598739354 -0.5105592968685675 0.732294061022592 -0.4506380061336531 0.3204412218973673 -0.32429163219702095 -0.89002941557901,313.5231970830334 -73.30105512159425 1075.7538652886958,0.69
2,4754,2,0.8884604573249817,-0.9168136873854147 -0.3882642477112631 -0.09329274662033701 -0.37871294983078074 0.9195229194489855 -0.10513849075616037 0.12660633575468497 -0.061061236125889276 -0.9900718969799873,356.36568259006435 -77.75105913165622 1004.2041607715797,0.69
2,4770,2,0.8489751815795898,-0.9970090339695248 0.028430026603263894 -0.07186598479456771 0.0369715070666229 0.9920285508815032 -0.1204676799028169 0.06786820940895658 -0.12276435892913956 -0.990112528114022,359.7606962905337 -83.98721308945842 997.2526715006732,0.69
2,4795,2,0.8913801312446594,-0.8456053818348954 0.5335666587401157 -0.016067323758780214 0.5144346980742921 0.806510633333539 -0.2913718238559549 -0.14250782304516657 -0.2546511712143546 -0.9564749350453909,380.7424625563368 -120.46693930788074 962.1506497186958,0.69
2,4820,2,0.9016525745391846,-0.7227552562238786 0.678605191082076 0.13084278442930927 0.5281853701411768 0.6644813744308776 -0.5286631420888729 -0.4456961457872207 -0.3129848201924672 -0.8386867400641942,437.0028306820771 -147.433953268247 1020.1724826990799,0.69
2,4841,2,0.9473764300346375,-0.7334143166677838 0.6404820707577045 0.2277853312762942 0.2046361406905575 0.5275599316298465 -0.8245026188327034 -0.6482495584495238 -0.5580889136836842 -0.5179857858989598,435.08575195564026 -192.27228808540397 970.7229149506248,0.69
2,4878,2,0.9265109896659851,-0.4731427853092396 0.8752035451822417 0.10077032901727684 -0.040143221827887654 0.09284695581310443 -0.9948708280663959 -0.8800706940076413 -0.47476120028565416 -0.00879637722209159,408.0648497140551 -211.76281263307322 1023.1723873732152,0.69
2,4894,2,0.8912196755409241,-0.5291311221359836 0.8331266841054497 0.1609974652551195 0.00537740771565004 0.19302317782066136 -0.9811794618265677 -0.8485230339085527 -0.518306840641209 -0.10661463253772263,366.0851013938852 -162.61022803121688 1059.7629619363026,0.69
2,4930,2,0.8679376840591431,-0.463810935352019 0.8669681604052737 0.18233382870817255 -0.0914700151403765 0.15784786916751514 -0.983217822524335 -0.8811995532103412 -0.4727052559923265 0.006090022916586224,276.8744251251205 -123.24590395580253 1200.5640773267598,0.69
2,4973,2,0.8664516806602478,-0.6045374544961435 0.7902987522124941 0.09981156427337656 0.39279346228913703 0.40475716307216625 -0.8257632438687763 -0.6929991068495225 -0.4599994795574736 -0.5551150481770584,103.20013094585548 -117.7557545409552 1149.4924284332217,0.69
2,5001,2,0.932243824005127,-0.8364785243180786 0.546497706791418 0.04054546616295816 0.503318158735575 0.7954324916316095 -0.3375766318093718 -0.2167360363245594 -0.26196833344595494 -0.9404244163301316,59.53457605185539 -78.14659581221653 1105.0807663813252,0.69
2,5024,2,0.931090772151947,-0.9998260857502979 0.017258071539781816 0.00706804215934588 0.015344919302749345 0.9766853860087664 -0.2141265752037776 -0.01059866523816223 -0.2139808770045461 -0.9767803502177628,36.572767217509856 -63.08607326907791 1075.3441082251566,0.69
2,5037,2,0.8097532391548157,-0.3736708520007195 0.9165362050579033 -0.14258849597044354 -0.007813617647004778 -0.1568289262236866 -0.9875948740646602 -0.9275284587247568 -0.3679212860349105 0.06576386194632211,214.17649565434925 -217.09370044113956 1459.1063515134517,0.69
2,5048,2,0.8955259919166565,-0.32974454659708163 0.9356106028088234 -0.12610049128054818 0.09883693946001748 -0.09862468286495707 -0.9902042371793629 -0.9388822042128939 -0.338977833849792 -0.0599519371733801,204.17433791283358 -208.49973026655326 1398.6805119354767,0.69
2,5097,2,0.9035148620605469,-0.28333703006021604 0.950087236813255 -0.13059238048680388 0.11959404242913119 -0.10010546878671311 -0.9877632105593179 -0.9515342308146961 -0.2954879651754809 -0.08526118709200747,109.47192778038804 -171.48738129515434 1260.7623780871722,0.69
2,5162,2,0.8422678112983704,-0.15414039883347375 0.9814253174392477 -0.11421507666122827 0.6491639164712547 0.013448228834053277 -0.760529654052312 -0.7448670666630122 -0.19137265068577436 -0.6391788181489915,-55.068094239163955 -107.18051176874566 1148.6005435543414,0.69
2,5210,2,0.9143403768539429,-0.20466861132914338 0.9782798002395157 -0.032854101417221726 0.8890059137168584 0.1717361535523334 -0.4244704688662132 -0.40960864848420075 -0.11608327186284181 -0.9048455277452412,-37.5658499827842 -40.55255848318633 1067.3860084472562,0.69
2,5229,2,0.872876763343811,0.029828924781643673 0.995627592834291 -0.08852079774474611 0.9341181154066658 -0.05928288309935503 -0.35200694061414106 -0.35571559104918393 -0.07218889220942112 -0.9318021153260527,6.598845688708055 -11.561799524077202 1044.3394468895815,0.69
2,5357,2,0.8660125136375427,0.999316603716515 -0.0015796595851499536 -0.036930071920925775 -0.0022333317821126375 -0.9998414546746053 -0.017665722269992953 -0.03689631100314382 0.01773612668438527 -0.9991616946443629,243.4878098487386 80.52203730221478 992.0236201865943,0.69
2,5373,2,0.8571050763130188,0.9368734077069084 -0.34947661055949475 -0.01158950402270427 -0.3495972510616775 -0.936837385750731 -0.010838575084139391 -0.007069652167078222 0.01420603152127053 -0.9998740964174706,247.2301430868958 79.7067576356428 971.6276982455399,0.69
2,5389,2,0.8327920436859131,0.7656684848442117 -0.6418096789613422 -0.04280312264202254 -0.6416075337551758 -0.7573068141519754 -0.12176272774370243 0.0457334007588566 0.12069268921738731 -0.9916358862125279,245.67520918386072 67.9075274189093 948.7919289982001,0.69
2,5451,2,0.948056697845459,0.34372240508502705 -0.9247103643146201 -0.16360210992431456 -0.6986028901060092 -0.1353729702087596 -0.7025867639461976 0.6275419588984438 0.35578771910506046 -0.6925360559248328,181.01342813706256 82.48994222717666 873.1431075137423,0.69
2,5496,2,0.8944090604782104,0.3465256547087745 -0.9216478251269451 -0.17460027797064676 -0.3216291795749564 0.05811179098836394 -0.9450807852210652 0.8811779851282007 0.3836512820086708 -0.27629160743408,159.04891993412485 70.3868376008967 820.9072652334808,0.69
2,5560,2,0.9459031224250793,-0.3220874840606931 -0.9458959426242965 0.03924943742713474 -0.8252100267156426 0.26019034726557333 -0.5013276323900258 0.46399144864902564 -0.19386038511442721 -0.8643668704108602,99.32659907650667 91.24086060439056 847.0049890874812,0.69
2,5584,2,0.8611657619476318,-0.5588183332826275 -0.8128522150300004 0.16429652129016098 -0.8282714557710391 0.537252220879852 -0.15914285002660436 0.04109094720433963 -0.22501406107283337 -0.973488678094081,80.4928118894582 77.9888070655735 849.8489576203486,0.69
2,5609,2,0.8864507079124451,-0.48823004831032235 -0.8499861931519195 0.19787594946836767 -0.8703673344478826 0.49085522469174436 -0.03901091538152977 -0.06396970418086971 -0.1912710637914813 -0.9794504873157637,66.53442573609595 -32.52176164664115 900.4596507367573,0.69
2,5681,2,0.8638617396354675,0.746123626365524 -0.6516602753846994 -0.1365225976338641 -0.6628625269289905 -0.7463040953918296 -0.06036114308640056 -0.0625524146014646 0.1355325890216864 -0.9887962948659375,26.33335893032709 -250.26292606642863 1021.2488380345291,0.69
2,5707,2,0.860286295413971,0.9972911119050344 0.0359753147304631 -0.06415773410325795 0.027706738730182586 -0.9917186593259881 -0.1254050930927547 -0.06813790974309106 0.12328778315270816 -0.9900289631021577,28.97238258714067 -289.3340637912771 1049.5352354880151,0.69
2,5747,2,0.8856658935546875,0.652278977299011 0.7579266141407515 -0.008909733491684349 0.7278874484841971 -0.6296195856508455 -0.2715861552141845 -0.2114521177782852 0.17066465639374243 -0.9623728887209388,49.42219857181869 -355.7444519292094 1035.5578171527202,0.69
2,5764,2,0.858981728553772,0.5443835679771838 0.8387920944061099 -0.008622834698779822 0.8135198408848568 -0.530432255242036 -0.23838433481570204 -0.20452872512952314 0.12275766762471169 -0.9711326148555781,52.67821075053683 -345.80223168320543 1043.3967570729299,0.69
2,5809,2,0.8982925415039062,-0.11831217893530388 0.9929644669855412 -0.0048780754095166245 0.60085416746084 0.0676791944276357 -0.7964884155382093 -0.7905545507809828 -0.09716529187804951 -0.6046341110901137,131.51667880417583 -381.15710950336523 1116.8530617743438,0.69
2,5860,2,0.821668267250061,-0.3166154919604791 0.9437490312364784 -0.09535405754781712 0.02707645400413361 -0.09149274129566365 -0.9954375640535005 -0.9481674408506051 -0.317752803812041 0.003414642060419193,161.54395912949897 -317.125774593352 1200.9055150178065,0.69
2,5877,2,0.8254433870315552,-0.3051447400732292 0.9399997305810665 -0.1526014223825069 0.14204134482585695 -0.11352583238448943 -0.9833291116108945 -0.9416533034857912 -0.3217334174264955 -0.09887701525311599,134.0474231939402 -272.41214408148807 1168.6787927995751,0.69
2,5900,2,0.8870012164115906,-0.2827776447238084 0.9535493741882322 -0.1038286792253798 0.34132120537819866 -0.0011277335216970386 -0.9399460425876998 -0.8964020517622824 -0.30123465803644695 -0.3251477239564129,161.75241705918927 -207.0463149754122 1149.3671220539577,0.69
2,5941,2,0.9459205269813538,-0.32473511832032464 0.9267173637576329 -0.18905562842610163 0.39895504820512434 -0.04702149797876398 -0.9157640789196091 -0.8575441518902289 -0.3728054538736476 -0.3544490388207193,273.533701981713 -172.72567956840038 1121.7402800568402,0.69
