scene_id,im_id,obj_id,score,R,t,time
1,0,1,0.9111372232437134,0.9927620423235659 0.08260515762285127 -0.087177492827256 -0.0814590985674301 -0.07024055954036745 -0.9941985108900725 -0.08824932057599129 0.9941039441273533 -0.0630032196662671,143.4148484088768 -131.44772083980087 1162.130245617658,0.69
1,65,1,0.9218217730522156,0.9928658345441875 0.060845983710859 -0.10254365344150757 -0.02844109661066273 -0.7143262521985154 -0.6992346597842575 -0.11579524436891644 0.697162657983258 -0.7074996040248094,135.47490302430955 -196.58252481576883 1361.0280095322414,0.69
1,102,1,0.8676697611808777,0.9906356158961974 -0.04403840768726515 -0.129235038462221 -0.06313488572055935 -0.9870283626611223 -0.14761096675910115 -0.12105809647856448 0.15438792035283974 -0.9805658097884671,123.87900723309272 -196.8179855475023 1443.3500455537248,0.69
1,112,1,0.7131811380386353,0.9819117668883753 -0.1351571086461748 -0.13259652344068074 -0.13503611433949536 -0.9907907529281612 0.009946443391423143 -0.1327197418255462 0.008138789495627834 -0.9911201896012949,122.18972189687729 -183.17144001129842 1435.933964847258,0.69
1,169,1,0.7422794103622437,0.34122785759924434 -0.9395088250604893 -0.029777790913512542 -0.9184452422020459 -0.3399850638240196 0.20215957423036646 -0.2000547082041692 -0.04163320802000048 -0.9788997853280534,119.71275478465668 -140.51282002618674 1375.0077652897905,0.69
1,193,1,0.7485335469245911,0.10057680223056553 -0.9924406614282281 -0.07032666917304688 -0.9939366994725175 -0.10338177738342336 0.037443898658166025 -0.04443134360732741 0.06613426985267014 -0.9968210040204322,128.90184305117566 -160.37898402303892 1396.9640181663092,0.69
1,277,1,0.8746035695075989,-0.038715836583853136 -0.9954046137707835 -0.08758275447512642 -0.6509660934966439 0.09162235430427157 -0.7535572236462613 0.7581188753192546 0.027838805211078232 -0.6515218889715748,170.5627272206477 -146.66410480268155 1224.0945584513886,0.69
1,315,1,0.9501376152038574,0.15301465367348255 -0.987114286058262 -0.0468177532659555 -0.5269053645056367 -0.04141362129014281 -0.8489143942865022 0.8360366335372909 0.15456486739011666 -0.526452703623326,190.73588630123766 -89.57428729856447 1087.7844173516614,0.69
1,384,1,0.954412579536438,0.8867319559403156 -0.45598799929900946 -0.07603540497392516 -0.22677801111427653 -0.2857438478775689 -0.9310865626112182 0.40283764966710267 0.8428673667282459 -0.3567862526993961,220.69583651575772 -62.98782533927627 889.5760573018728,0.69
1,436,1,0.9464865922927856,0.9916185091471676 -0.08480879940483775 0.09746896870419114 0.09321474383449808 -0.05276296409870285 -0.9942469920253156 0.08946364540201512 0.9949992649057733 -0.04441530128630777,144.26151931129243 -20.258353002008604 842.0618627625378,0.69
1,457,1,0.9416871070861816,0.9937282789782037 0.015215866642861162 0.1107816995777013 0.10941429664896983 -0.33677512895413697 -0.9352064072742104 0.023078545184405094 0.9414621553308619 -0.3363278026448904,97.07720761084619 -3.8500296157502607 845.2599886568439,0.69
1,522,1,0.8845295310020447,0.991359057329385 -0.07385259140669245 0.10841131948975305 -0.03677873649918079 -0.9497947740021628 -0.3107043801102667 0.12591482832659942 0.3040323700211828 -0.9443038568102888,-7.3757469955369 84.94799501121437 858.4775408397259,0.69
1,563,1,0.8588151931762695,0.9742641398898026 -0.0653705469884998 0.2157222225715457 -0.04217069743430157 -0.9929865409248784 -0.11045072122874335 0.22142948765394313 0.0985110203402103 -0.9701878997744937,-76.8498822888646 94.93298007097982 894.2433978076356,0.69
1,599,1,0.9402170181274414,0.8988970661050523 -0.38395735208130993 0.21109433040808617 -0.35885106336098466 -0.9215643453189257 -0.14813869096758764 0.25141594792777133 0.05741000975099077 -0.9661749903138517,-59.679942787216646 52.84123580199868 909.4005705520551,0.69
1,655,1,0.9339731931686401,0.9193649222317819 -0.3747144515689082 -0.11982161555897186 -0.34757709757324945 -0.6310059243766686 -0.6935572684675013 0.18427778219933494 0.6792794735504366 -0.7103668740874225,-57.76040441306323 5.941103670957393 976.811049618722,0.69
1,658,1,0.9583914279937744,0.9168590401445157 -0.372736712058827 -0.14295749014603085 -0.3514163945860545 -0.5836623544511779 -0.7320141894885963 0.18940965688532316 0.7213914329128697 -0.6661218975521683,-52.13850804315426 0.10666436205069019 978.6287291695041,0.69
1,725,1,0.9355212450027466,0.8747084734429785 -0.4844825065777906 -0.012719563953034613 -0.4226843796893879 -0.7497692031949204 -0.5091012248139383 0.23711390016962647 0.45069151618435843 -0.8606126629243804,146.42553560115164 -70.32664939363343 1059.1877705090917,0.69
1,768,1,0.8911837935447693,0.5724092054149099 -0.8171675631966838 0.06771170663530067 -0.7778452609893246 -0.5672763234194731 -0.27047055818357524 0.2594310149398504 0.10215060717821949 -0.9603441060059672,114.82239958699171 -45.79088014293968 1163.0547913726155,0.69
1,827,1,0.8087536692619324,0.2509877786069096 -0.9673828589589617 -0.034286136882925033 -0.7321825454590623 -0.16655793681697273 -0.6604295373530485 0.6331775857648921 0.19086345348352862 -0.7501048506770793,214.36871544704871 -88.02630949627223 1405.7795207729678,0.69
1,954,1,0.880694568157196,0.996663615578839 -0.0794816454714304 -0.018555468586647854 -0.02749368434830572 -0.11288326407502969 -0.9932278016712597 0.07684877814430074 0.9904241701033558 -0.11469188538343533,81.77997266528625 -256.0309578600665 1648.5622428178326,0.69
1,999,1,0.8136982321739197,0.374885072353632 0.9261005109986788 0.04241492725913942 0.09663515226584818 0.006466309989780483 -0.9952988667639848 -0.9220210571743839 0.37722146063433626 -0.08706974080545726,61.65420488346278 -282.6163292410975 1647.1659982533317,0.69
1,1020,1,0.5965418219566345,0.032861261656722096 0.9985459652615996 0.04273280639168775 0.19089330486370942 0.03569814770745039 -0.9809614612248885 -0.9810605912177596 0.04039303789068205 -0.18944265319463494,55.64081164516664 -284.862696463908 1682.6826382714808,0.69
1,1053,1,0.8493030071258545,-0.034649577908424156 0.9991231155430914 -0.023503334619471627 0.7574859240111135 0.010914095114332723 -0.6527602603198708 -0.6519313473639676 -0.04042131263704918 -0.7571998651669853,49.60039891650425 -241.02617519269018 1650.266827136079,0.69
1,1058,1,0.8540058732032776,-0.042978094800351974 0.998445444516285 -0.03549052961016519 0.7937763301188058 0.012553420434992857 -0.6080802162367258 -0.6066893942623793 -0.05430567152757021 -0.7930818828655002,47.99429283826651 -235.2921124534164 1606.7165590041163,0.69
1,1084,1,0.8207644820213318,0.06960154834341858 0.9951333750240852 0.06975091670632215 0.9582075693242262 -0.04724269881198495 -0.2821460286779142 -0.27747770821807843 0.08647365681023095 -0.956832497420478,65.7346171800297 -199.4913033862853 1575.8721993665097,0.69
1,1161,1,0.9318985939025879,0.9658333715273103 0.25785741791070116 -0.025989430017116955 -0.019269052866329364 -0.028555742262943884 -0.9994064604481234 -0.25844651679955605 0.9657609029217522 -0.02261142060858745,168.87700757382711 80.76176450699913 914.9760010614655,0.69
1,1166,1,0.9525086879730225,0.9718850353508214 0.23417617550751307 -0.024515237828890035 -0.006650936354677464 -0.07677294340724394 -0.9970264190111485 -0.23536194065043448 0.9691581057728728 -0.07305698397825355,191.7523584266495 73.39288191534938 911.8353352647287,0.69
1,1193,1,0.9482490420341492,0.6701247244403552 0.740446795459154 -0.05168555686076759 -0.10308108583650777 0.023879874392101708 -0.9943862636530052 -0.7350558777647482 0.671690624241017 0.09232855392676964,222.32346717744005 40.292159193326675 944.3234308140749,0.69
1,1237,1,0.8236010074615479,0.06595318063625755 0.9976545941349202 0.018316352405680636 -0.09739335165386392 0.02470500329709513 -0.9949392935580128 -0.9930582626500764 0.06383551999927956 0.0987942982607477,211.06624499685128 44.77645086705817 935.2776215429841,0.69
1,1241,1,0.7843164205551147,-0.00047573464337946625 0.9998776741485671 0.0156336309218707 -0.09416285598278856 0.015519378369458048 -0.9954358369318388 -0.995556693629104 -0.0019456706498741094 0.09414395432532296,204.32488918714344 35.623958278041 925.0405416614186,0.69
1,1257,1,0.8761798143386841,-0.47160267697694747 0.875968167049585 0.10134438999750983 -0.0910856470864525 0.06592192129464658 -0.9936587468480639 -0.877094248050356 -0.4778431443566108 0.04869917276882607,208.72212803687134 36.35291459212279 928.2237801187852,0.69
1,1304,1,0.91468346118927,-0.9993650742966851 -0.014043280914295853 0.03274499255067499 -0.03172058953870807 -0.06783345013272979 -0.9971922719528102 0.016225057019881032 -0.9975978194163481 0.0673449197820366,176.79978841657334 32.08963012710697 983.7729037044962,0.69
1,1347,1,0.9146817326545715,-0.9995016131906072 -0.007896260310525201 -0.030564265122565454 0.019693647691186148 0.600726571932543 -0.799211953123069 0.02467155183585915 -0.7994155582969871 -0.6002716715644065,167.85744779583314 94.81217963815433 919.6802229451868,0.69
1,1387,1,0.9153278470039368,-0.99685944454568 0.009486150233490313 -0.0786209944851016 0.04847224978277263 0.8581839255128505 -0.5110487168483556 0.06262338877029272 -0.513254676496086 -0.8559485663483661,142.16037156766063 149.71272413360364 896.5627970852504,0.69
1,1436,1,0.9464293718338013,-0.9987268460810887 -0.03150133303833669 -0.03939991032640803 -0.0028760535900808105 0.8153362114855472 -0.5789806478252464 0.05036283582829882 -0.5781302000909507 -0.8143887625146413,128.58395252166187 64.80199443094443 921.750544765468,0.69
1,1524,1,0.9447839260101318,-0.9886566312663305 -0.0849262042084773 -0.12387738006533427 0.08536091170031476 0.36090870354788984 -0.9286863961839177 0.12357823516623925 -0.9287262500554841 -0.3495654048258727,128.92433915469744 -52.74112643933836 985.54668277936,0.69
1,1594,1,0.8965806365013123,-0.9017600351971675 0.4258250062824607 -0.07417481341901763 0.14288118981997294 0.13170594721878903 -0.9809375663429507 -0.40793848128956 -0.8951684799476265 -0.17960954315242716,133.67554566340579 -119.19208188551676 1038.5015484039418,0.69
1,1705,1,0.8463939428329468,-0.952606342754079 0.29218265356852 -0.08467852560335062 0.10325799291451701 0.04873490605873676 -0.9934599618659586 -0.2861449678816048 -0.9551199955424997 -0.07659537499700031,222.38429878567598 -190.94913685834456 1261.2457296058908,0.69
1,1748,1,0.828120768070221,-0.9859480838023391 0.1576164191726238 -0.055348355474175576 0.0729001144817444 0.10784613235595486 -0.9914911926206962 -0.15030618535191595 -0.981593742921715 -0.11782094254373421,246.09020084510894 -225.74976430938082 1468.248911428268,0.69
1,1767,1,0.8545441031455994,-0.9953872073965866 -0.0022104172828965457 -0.09591361429255388 0.09568912542130138 0.049245390690512814 -0.9941923771443056 0.006920883421339757 -0.9987842637682945 -0.048806719019967026,239.45863468600584 -231.80377929624348 1541.8840370557132,0.69
1,1788,1,0.883101761341095,-0.9449487858632688 -0.312337579183807 -0.09755525985375607 0.09010745282793528 0.03822749556176397 -0.9951981237562383 0.3145670660453764 -0.9492017147122495 -0.00797908183498608,227.3721506726503 -271.06787289444424 1575.4584499659802,0.69
1,1835,1,0.9065819978713989,-0.6179328754017499 -0.7778730527275222 -0.11433492615159546 -0.0017277485099710943 0.146764696914101 -0.9891699240397468 0.7862289592623841 -0.6110430734245152 -0.09203470017939352,181.30135179493413 -304.509960810087 1615.2909770280226,0.69
1,1847,1,0.8243943452835083,-0.407376692230228 -0.908350771803834 -0.09456799665287235 -0.06018892925390412 0.13002882035022645 -0.9896816653215301 0.9112746695825726 -0.3974812967193652 -0.1076433710707041,176.44223077234173 -311.92992956401906 1611.0438199867895,0.69
1,1861,1,0.8371340036392212,-0.3726202831780183 -0.9199376367289964 -0.12193797232118492 -0.21880368228591857 0.21479225504323507 -0.9518346683072457 0.9018198673695628 -0.32799242628894765 -0.28132169328836554,166.52946000911354 -302.41346368347916 1557.8189293812175,0.69
1,1867,1,0.8530029654502869,-0.43687012696573846 -0.889781617778838 -0.13203471069311257 -0.23383412915641294 0.25407221151050685 -0.9384928936224411 0.8686000761032675 -0.37912528799993594 -0.31905786903376,163.49845004523993 -301.1294741977673 1557.77023344923,0.69
1,1921,1,0.8623049259185791,-0.3881392486200719 -0.9197087152302772 -0.05902374784880984 -0.8164512557823578 0.3728569922387721 -0.44089115467433415 0.4274988545154921 -0.12293714844638978 -0.8956177683140356,105.40159085279423 -291.09605394163225 1390.5082647000495,0.69
1,1936,1,0.6978329420089722,-0.31882993286429606 -0.9476852147875652 -0.0154986316426663 -0.9466956122694308 0.3192052399051829 -0.04330626429146327 0.04598795080840178 0.0008651532356416525 -0.998941619860902,95.76737878753299 -296.08062840715985 1391.980306805451,0.69
1,1970,1,0.7830057740211487,-0.2535931089401968 -0.9672690670513481 0.00900483334994312 -0.9263770218197279 0.2455306297350388 0.2855526629298467 -0.2784172202692515 0.06407231685782863 -0.9583207133679275,90.51139474676319 -333.92056516285425 1381.224095760712,0.69
1,1983,1,0.8468489050865173,-0.5091477365163957 -0.8604601455176603 -0.019414437307275153 -0.8574853591966295 0.5090707926451921 -0.07460420121563681 0.0740772648230106 -0.021336964435525935 -0.9970242187555018,90.88222961408569 -316.30976022885636 1392.1388190176679,0.69
1,2007,1,0.9342069625854492,-0.6974392395311608 -0.7086189972816843 -0.1069468272259477 -0.48431934351205325 0.576057623284507 -0.6584773254682798 0.5282170772156558 -0.4074515079703417 -0.7449630782733092,71.41227855640597 -300.7458330276925 1333.2273438696272,0.69
1,2030,1,0.8647913932800293,0.9787433183266058 0.17039145351070434 -0.1141414447145902 -0.10279159774532809 -0.07403717651624664 -0.9919437403030804 -0.17746944600123998 0.9825910894487146 -0.054948582074529684,359.01745719775283 -141.20883714441035 1622.6149667427408,0.69
1,2080,1,0.8462403416633606,0.6113977038298299 -0.7911980446134835 -0.014089072056450713 -0.011732195303692738 0.008739312592780824 -0.9998929842781986 0.7912365027884948 0.6114975704082609 -0.003939294331027909,309.3512393209171 -138.25927327267726 1662.9366919969993,0.69
1,2108,1,0.8302581310272217,0.22337481053086927 -0.9724151411883786 -0.0671750489980048 -0.0437196612164798 0.058851822815477406 -0.9973089060940007 0.9737516548090766 0.2257105583238893 -0.029367645763727968,280.7364562118206 -130.81674619490175 1640.407293888612,0.69
1,2124,1,0.8826019167900085,0.20571775875374565 -0.9769455496196037 -0.05707536081170794 -0.3873500428590192 -0.02772820299917389 -0.9215156488392116 0.8986880148474509 0.21168027739231549 -0.3841240842913405,256.5966256912115 -139.1879887639257 1650.4042355835295,0.69
1,2214,1,0.8817740678787231,0.4319118646065764 -0.8483335722570329 -0.3062389449330248 -0.5899907848080519 -0.008933721709677878 -0.8073605529489246 0.6821752084718775 0.5293867572937917 -0.5043675704764483,-47.88000537691341 -91.56965972413053 1582.1336299280938,0.69
1,2264,1,0.9193894267082214,0.8753772427179046 -0.3930226252588499 -0.28151003350900367 -0.33557994362395216 -0.07483381064424632 -0.939034611833774 0.34799537980976675 0.9164786504982554 -0.19739832525113665,-66.35853195296853 -91.49459329433402 1607.8915417638984,0.69
1,2295,1,0.912771999835968,0.9938758393135777 -0.06758795406927944 -0.08742244845267347 -0.10493572089285845 -0.3293328990732509 -0.9383647137806835 0.03463106278224058 0.9417917551416221 -0.3344084021639344,-44.858558257950264 -117.40217013224206 1628.421379204056,0.69
1,2313,1,0.8892537355422974,0.979267487497412 0.11171639581075513 -0.16898116710912106 -0.024807918144573365 -0.7617634263290589 -0.6473801429645065 -0.20104664913357337 0.6381503970181852 -0.7431987053659974,-67.67397935861966 -99.17000457906798 1619.9628458486793,0.69
1,2326,1,0.7741053104400635,0.9800275138908086 0.10159274827317652 -0.17095316760827797 0.008832356846436192 -0.881046117768324 -0.4729479123940631 -0.19866570285164523 0.46199204740305666 -0.8643467398253979,-79.88380717090966 -86.14762554062003 1604.1940136492972,0.69
1,2349,1,0.7293798923492432,0.9866035972819843 0.05585835365580474 -0.1532748712513279 0.029659733759028892 -0.9853124842029417 -0.16816542054528266 -0.16041708769202742 0.16136651697514975 -0.9737695852591195,-95.10881886945296 -61.66482143442006 1589.4832357766575,0.69
1,2379,1,0.9292532205581665,0.649164072636978 -0.7560079054955408 -0.08389310833207973 -0.7543988658179955 -0.6540116402884228 0.05613488772385121 -0.09730548828249387 0.026848113443832408 -0.9948923664168972,-119.69716895379004 -43.46478127462014 1595.1456619546127,0.69
1,2411,1,0.8802109360694885,-0.12292590099877065 -0.9891385615149718 -0.08058615878507056 -0.9923888448581958 0.1219175653708825 0.017334585517178723 -0.007321438701253277 0.08210367457141474 -0.9965969010373326,-145.44333866731844 -40.222826941748366 1574.5143957886223,0.69
1,2474,1,0.8700661659240723,0.0936393625574854 -0.9936844852701616 -0.06182890515933248 -0.1999935246757727 0.042062319787234514 -0.9788939428466586 0.9753123909125675 0.10402838548920357 -0.19479177381224466,-102.20209395954629 -98.62269086774904 1544.388492789614,0.69
1,2500,1,0.8894385695457458,-0.09412146839989055 -0.990974442140084 -0.09545053279787341 -0.09909091187456986 0.10472507357835137 -0.9895522473057576 0.9906170503126397 -0.08367983024097464 -0.10805343881953533,-151.58151788027232 -88.56933134724335 1508.2021510872682,0.69
1,2533,1,0.87849360704422,-0.5711155921494206 -0.8197050258096019 -0.043710994798758396 0.005110857872841212 0.04969777872365411 -0.9987512252416709 0.8208537382113947 -0.5706257980957529 -0.02419378043970455,-176.766686678877 -59.82547323370743 1462.3498556500583,0.69
1,2646,1,0.9290794730186462,-0.7831476536070066 -0.6120646154701311 -0.10980281935925407 0.06730992105537004 0.09210207002113846 -0.9934719841169862 0.6181821148960558 -0.7854260723882432 -0.030931499081322977,-243.59107319339873 -52.1361623055544 1029.3299284225577,0.69
1,2676,1,0.9017850756645203,-0.7617086356325733 -0.6389193499374899 -0.10761978757746721 0.08782090582240115 0.06275763533236367 -0.9941574159598786 0.6419403733239535 -0.7667095561442713 0.008307443274428672,-204.30812562063406 -42.31857293281099 1092.0258686180648,0.69
1,2758,1,0.9064672589302063,-0.7232942410890497 -0.6592143139851576 -0.20562570132280283 -0.36738947434844826 0.6194925048229976 -0.6937247369137844 0.584696857307603 -0.42622238878924046 -0.6902637614342846,-70.6109871183732 13.391456500364392 1036.359245316334,0.69
1,2778,1,0.8734368681907654,-0.9077792111007641 -0.2587640007699533 -0.33011830576143814 -0.11884012277728163 0.9134487252761 -0.38921517379175835 0.4022610211188195 -0.3140901434254116 -0.8599613088339786,-64.44244652513694 82.6225464245871 984.6304335236905,0.69
1,2821,1,0.9336848258972168,-0.9986575547696876 -0.029779477527442245 -0.04238243763188985 -0.014945209389259455 0.9490734319220455 -0.31470027253884225 0.04959565523047015 -0.3136443902541587 -0.9482444133472958,28.951184981470412 94.03377577566036 938.9130537233558,0.69
1,2823,1,0.9411916136741638,-0.9997070304135087 -0.010829066861312646 -0.0216468162258946 -0.003852448923133515 0.9541217719241144 -0.29939405969003957 0.023895856944229493 -0.29922295308231545 -0.9538839616900998,33.77819297391158 96.4695406790475 944.7293070025594,0.69
1,2865,1,0.9156869053840637,-0.6430109066000755 0.7554528349753349 -0.1258093324085267 0.7609770229667037 0.6117190473743096 -0.21613370305484597 -0.08631885373475875 -0.23471433958579702 -0.9682242685879761,130.41510370495027 110.5403044775863 920.7852272104701,0.69
1,2917,1,0.931329071521759,0.7559079919719394 0.6318301355738825 -0.1714461648846063 0.617017121045548 -0.7751012739894261 -0.13604369664424748 -0.2188446481173666 -0.002948701520607319 -0.9757552588378542,168.98492561680322 113.22764710415274 944.871924147368,0.69
1,2939,1,0.9349634647369385,0.9911392566888806 0.0019151045356907625 -0.13281304990410603 -0.01610640351177896 -0.9907849458634388 -0.1344833626003553 -0.13184672015688875 0.13543088061812295 -0.9819750093352024,191.97682817000324 112.70367162455533 935.5963180269181,0.69
1,2951,1,0.9513091444969177,0.9897409678258042 0.028376034195473607 -0.14002720196653842 -0.0357964231060779 -0.8995682545440482 -0.43531089063953543 -0.13831642238017536 0.435857495174641 -0.8893237943516621,195.8458839398457 76.85964346503145 933.0087097383265,0.69
1,2993,1,0.8392758369445801,-0.1255401608698361 -0.9836716587511505 -0.12895633283610453 0.008501553719213961 0.1289132586084425 -0.9916194306987497 0.9920521113294076 -0.12558439204261507 -0.007821053775017628,221.58205370902292 -267.26258672089557 1510.3034001596982,0.69
1,3068,1,0.8859380483627319,-0.1386719481303751 -0.9851322847954294 -0.10141238709084788 -0.24081129834539122 0.13287057031399163 -0.9614339967640222 0.9606143916218066 -0.1089026767263872 -0.25565640537818424,34.98424818205676 -193.92671981661516 1568.943673274473,0.69
1,3075,1,0.896122932434082,-0.12909729242691448 -0.9861837030177887 -0.1038055537539363 -0.25260983719111224 0.1339337632509141 -0.9582536288560184 0.9589171805960718 -0.0974856449102624 -0.2664101908600922,18.509951317422438 -199.1549897247899 1554.164180760854,0.69
1,3153,1,0.9455432891845703,-0.769190017988552 -0.6235395201774407 -0.1398040879361479 -0.05462242176920845 0.2821344546463933 -0.9578186365598912 0.6366813231647666 -0.7291080964289652 -0.25107424490555164,-52.53104569028946 -195.0388513831514 1507.3008230386033,0.69
1,3208,1,0.903606653213501,-0.9165702204558475 -0.36638838382901706 -0.1601829677858438 -0.03498657748473852 0.47252658388622704 -0.8806216934170524 0.39834026958044827 -0.8015473658592943 -0.4459224707441898,-189.6686240500588 -205.87112573031314 1446.1672129593705,0.69
1,3235,1,0.9026097655296326,-0.9449746060765083 -0.28983208580202424 -0.15172460548703426 -0.059540378825115134 0.608410430641463 -0.7913859306154181 0.3216798675079153 -0.7388058675500064 -0.592189119212581,-227.98142381821324 -181.04313627281513 1426.074501227278,0.69
1,3265,1,0.8760390877723694,-0.9750519174961139 -0.20483507750715452 -0.08553566045685605 -0.06186207364850056 0.6208195255044067 -0.7815089254745533 0.21318264946064452 -0.7567203629975352 -0.6180027914126436,-208.07828877366939 -196.76484312463032 1303.1639126424436,0.69
1,3356,1,0.9338940978050232,-0.9905057497410641 -0.12692909217694065 -0.0527955044395854 -0.08570161041172929 0.8704254514391758 -0.4847832169740854 0.10748764441892263 -0.47565590403782926 -0.8730394419791279,-292.2747564284833 -82.5732786939111 1089.4604419546479,0.69
1,3409,1,0.8276373147964478,-0.9939313125668741 -0.0751633283193296 0.08031824185732184 -0.07884369457418176 0.9959298458997191 -0.04367394958158568 -0.07670865482449635 -0.04974149296233888 -0.9958120134608206,-267.0063857213901 -19.000274926675445 1027.2945933220965,0.69
1,3434,1,0.9056522846221924,-0.9784096455471603 -0.10097895607639462 0.1803269695026282 -0.08471087166870908 0.9917932618607922 0.09576112963336178 -0.1885169321875564 0.07841795812982882 -0.9789341091827073,-263.76578279551546 -11.732857061980752 1049.634095904745,0.69
1,3473,1,0.9337576627731323,-0.8758694479255453 0.4573225381456573 0.15397664204227404 0.4636996501026232 0.8859702360650705 0.006274974223704169 -0.13354903475991745 0.07689497324804213 -0.9880545624629633,-199.43825929410355 -12.785075742380942 1064.57164622811,0.69
1,3558,1,0.8659464120864868,0.30837832675238486 0.9429833795506958 0.1252403827866544 0.9509012250705001 -0.3019428400040671 -0.06795131735073473 -0.026261526018518763 0.1400459469653679 -0.9897966786111942,-83.32941373346884 1.9538851509381467 1010.731451837668,0.69
1,3610,1,0.9005646705627441,0.2623499855962106 0.9646015035657209 0.026766104991549133 0.6238443376288474 -0.14837941304524205 -0.7673342115354784 -0.7362001952363859 0.21800800238316959 -0.6406885229429409,-51.21867791033452 -62.308294781489366 1019.4022620891326,0.69
1,3673,1,0.9404699206352234,0.8794885509049036 0.4696336364145452 -0.07709822549996542 0.08510737983327715 -0.3145858364681551 -0.9454059897163472 -0.4682484625976972 0.8249121159503492 -0.31664392972740063,-49.45416173995034 -131.21532712220838 1005.1388643471071,0.69
1,3751,1,0.9574984312057495,0.9817774539332569 0.18999456360411066 -0.003885453540472289 0.008231412234005808 -0.06294407442839933 -0.9979831097503536 -0.18985593169813125 0.9797653337892885 -0.06336099670774464,13.419653230473287 -165.15974052960695 931.0082567675985,0.69
1,3769,1,0.9438980221748352,0.9952241199202961 0.09501562371546238 0.022382635654310395 0.028735019180730646 -0.06602333625029222 -0.997404239886248 -0.0932912096692662 0.9932839223104052 -0.06843829248383182,114.36181914880312 -166.31891443524796 964.4837656027485,0.69
1,3810,1,0.8804552555084229,0.7826366133243954 -0.6179443894823147 0.07499775324268165 0.08686358867211008 -0.010886403361944907 -0.996160731601504 0.6163883909087867 0.7861464352963579 0.04515676941175395,98.61675800153122 -154.9695375926367 957.7191940233895,0.69
1,3838,1,0.8995627760887146,0.344002508118588 -0.9388679239602824 0.013758479808118063 0.06230217297374613 0.008202235511693745 -0.9980236282650627 0.936899521640859 0.3441798144736561 0.06131510138627738,142.59658004292302 -104.53664089009479 1072.8413534172155,0.69
1,3880,1,0.9073887467384338,0.03154412529086026 -0.9949829275444153 0.09494178244998197 -0.6687220240530238 -0.09160641611965348 -0.7378476259175333 0.7428430673473784 -0.04021490296964719 -0.6682566414732296,150.0570363919662 -17.112712738827973 1021.4129574356891,0.69
1,3922,1,0.9119547009468079,-0.6134643735844341 -0.6986366753402147 0.3681959508362766 -0.6799146090731241 0.2300810381761471 -0.696260612300256 0.4017182927271287 -0.6774728863514451 -0.6161598019564756,160.67045962618556 21.91701184249303 1064.166984191336,0.69
1,3987,1,0.9337014555931091,-0.9624718619545929 0.18890332227143627 0.19484211500718585 -0.15855981471465355 0.19123519553726076 -0.9686526132445421 -0.22024236673109532 -0.963195013910807 -0.15410601894165676,101.85851919346527 -74.04089781655664 1037.145588642269,0.69
1,3991,1,0.9446491003036499,-0.9735465360750075 0.2007585305717874 0.10910157881081048 -0.08886028209666405 0.10723687102601731 -0.9902545651287102 -0.21050176332291395 -0.9737536987838384 -0.086560624666981,86.41757302553741 -94.48054679866078 1041.512806421618,0.69
1,4031,1,0.9069884419441223,-0.960707673152364 0.24364222626378723 0.13296327435572497 0.07940250423836502 0.7002642606465665 -0.7094541617199761 -0.2659624204034223 -0.6710204399586819 -0.6920950513410786,-26.02408347236434 -216.27924834724408 1036.0914922566667,0.69
1,4055,1,0.8732813000679016,-0.9756056148896461 0.14591322076761643 0.16402138946191172 0.06593115231136207 0.9074011084269894 -0.41506181657720226 -0.20939619707791082 -0.3941225195680805 -0.8948858431211306,-38.9375598122478 -263.29666268233433 1087.6423735516635,0.69
1,4072,1,0.9268034100532532,-0.9830546267585012 0.14409542955610635 0.11331420030051445 0.13236250287959586 0.985618962471284 -0.10504964849288473 -0.1268217987577565 -0.08827099182670861 -0.9879901129878661,-79.34942354038526 -247.52771715697003 1074.7853072727132,0.69
1,4074,1,0.8446523547172546,-0.9707511337324051 -0.2045723847280235 0.12566771965759382 -0.11925759629249358 -0.043417733900699584 -0.9919135678623742 0.20837433163368918 -0.9778880507448783 0.017751003537708865,5.818332995647932 -330.2543908007507 1270.813827487776,0.69
1,4088,1,0.9462082982063293,-0.9675831115517188 -0.1953449014727386 0.16007277004069329 -0.15452915111885016 -0.04339796038836741 -0.9870346288193831 0.19975901405038574 -0.9797739466339855 0.011804651747596817,-16.7065220585615 -301.4192372951519 1241.9456835927865,0.69
1,4204,1,0.8959706425666809,-0.9623307914522699 -0.24963978354262634 0.10770063275413018 -0.18990788655205848 0.33371800377662075 -0.9233457037213517 0.19456218144382487 -0.909017201392877 -0.3685556743881211,-158.02629370753027 -225.5153516828439 1149.9463568177998,0.69
1,4263,1,0.9515835642814636,-0.9993011377474053 0.006638928617162891 0.0367853329950631 -0.010750846033986733 0.8914732596286227 -0.45294574363456813 -0.03580021517107088 -0.4530246704032073 -0.8907788685188769,-140.06037519025548 -84.62171779645773 1044.4903199142295,0.69
1,4283,1,0.8930890560150146,-0.998532369799968 -0.026038261168255635 0.04748805551919441 -0.052795428841414235 0.6634572783449686 -0.7463491692931252 -0.012072661475894454 -0.7477609569684824 -0.6638582695715012,-166.99368907320934 -171.18519348549188 1092.1503911922846,0.69
1,4289,1,0.923271119594574,-0.9966867099134911 -0.05549666342571542 0.05946194270651996 -0.08037676498838121 0.5600613080252446 -0.8245428472208431 0.012457043462360502 -0.8265902561739189 -0.5626663047193354,-164.00113950708476 -196.83484609557013 1113.2814729563008,0.69
1,4316,1,0.9214739799499512,-0.9894845350748296 -0.10127851000636492 0.1032618916088557 -0.12884169664477668 0.29275223445471954 -0.9474681769998738 0.06572801574248048 -0.9508095459305506 -0.30272270366442067,-77.90170336510235 -237.31245010683475 1160.029916260073,0.69
1,4378,1,0.9308664798736572,-0.9891253722956797 -0.10870147724469101 0.09907061484494838 -0.11895776154872642 0.1951790807426087 -0.9735266701060566 0.08648727564359122 -0.9747251485856371 -0.20598746531392997,192.80671440418521 -287.0616615042739 1199.1966029019616,0.69
1,4414,1,0.9464612603187561,-0.9672734210563068 0.2290809423474449 0.10910568624611403 -0.05458206689473441 0.23207465343828093 -0.9711653583221554 -0.24779613978334605 -0.9453376524209266 -0.21197593265218573,308.37269347619207 -256.1769537229349 1210.4271051132102,0.69
1,4455,1,0.9198168516159058,-0.7032443400978958 0.6750132518649533 0.22316923606755662 -0.11961380546102407 0.1970917047253451 -0.9730608395530004 -0.70081376674792 -0.7109936495744239 -0.057862722036157166,371.4960380985445 -278.91998958495094 1188.088186667333,0.69
1,4480,1,0.9172967672348022,-0.5868641401557027 0.7880899629922495 0.18575438414794704 0.06106433738846645 0.27184140982922633 -0.9604027252155038 -0.8073794818414795 -0.5522829511517928 -0.20765816663076575,341.88775721939874 -252.31989872959616 1141.5823681526836,0.69
1,4536,1,0.8000816702842712,-0.6809582402572811 0.7322774008432884 -0.008104519720797121 0.5030762766046948 0.4597203538223109 -0.7318274770730093 -0.5321749101031197 -0.5024211425643701 -0.6814417514073008,295.97985972596877 -172.04441474353825 1051.9268305166665,0.69
1,4613,1,0.9360743165016174,-0.22058381411203465 0.9751007662433072 0.022831483164773236 0.65638797046953 0.1657187433810836 -0.7359973711332715 -0.7214552052447051 -0.14736279640367267 -0.6765992854425811,225.78229059157422 -177.18674584491518 1003.5986647677057,0.69
1,4657,1,0.9127854704856873,0.27314996352989307 0.9582455836999777 0.08458427006900915 0.4384239951409316 -0.04574230471303253 -0.8976034993493534 -0.8562555097097376 0.2822641367213148 -0.43261236599603636,184.84994320863998 -207.35580365231857 1010.9172172284307,0.69
1,4708,1,0.8408072590827942,0.6440556997502049 0.7639218377415871 0.04019554006093706 0.2020929810801712 -0.11923446750165301 -0.9720810505085095 -0.7378012487231257 0.6341975777162147 -0.23117687990256042,145.82736432008312 -234.65180918865698 1020.5976199806124,0.69
1,4737,1,0.8535680174827576,0.6911304331583381 0.7221535866401225 0.028860382277007657 0.17175236977895575 -0.12532343121044764 -0.9771362039475117 -0.70202553218361 0.6802854069377405 -0.2106464271471793,89.33510274476026 -281.3649943137348 1044.7819538829247,0.69
1,4797,1,0.8980395793914795,0.7717520150775823 0.6287297786137456 0.09538182587894733 0.27891526107526676 -0.19986733190317918 -0.9392866052367725 -0.5714937483148936 0.7514997771937231 -0.32961034649230614,1.2775954126548736 -212.87799799755973 875.8493418488731,0.69
1,4906,1,0.9339341521263123,0.9942879057373082 -0.04436101447978708 0.09707554222790528 0.0732508502090708 -0.3778862311349367 -0.9229497869669195 0.07762649965163941 0.9247886767867338 -0.3724782273353393,14.998629855795087 3.3270544094122947 806.1738115790461,0.69
1,5009,1,0.8345440030097961,0.9641100185374236 -0.24677094444953676 -0.09795903802739317 -0.263358254700048 -0.842047488294573 -0.4707424530867665 0.03367939781399415 0.4796458364588246 -0.8768155847899841,-10.395354858109545 117.70445038473184 676.9768318585459,0.69
1,5056,1,0.8516453504562378,0.9942547364861809 -0.022236615284716255 -0.10470459357389515 -0.054595209952106136 -0.946730978742264 -0.3173638557555047 -0.09206998438731535 0.32125688604354435 -0.9425057724727872,-0.8584239450022615 149.99381247030723 667.0531194946492,0.69
1,5138,1,0.9491961598396301,0.5662647706163236 0.8222670361683401 -0.05675500673752323 0.8079784140844645 -0.5673902426187296 -0.15886848320108476 -0.16283455386494658 0.044104804862888425 -0.9856671214236634,12.541664435280211 154.60865708365412 763.1571271980231,0.69
1,5151,1,0.8712652921676636,0.32585924661061527 0.9447681964844853 -0.03505433368095135 0.9357233559078867 -0.32759225346559684 -0.13078653094954137 -0.13504648313393833 0.009816841690978843 -0.9907906322792774,18.096688324415894 125.1763842350789 766.9593223428157,0.69
1,5227,1,0.9337360262870789,-0.18440093454229256 0.9828506228836994 0.0009738773296115721 0.6050678438662543 0.11430263845707256 -0.7879262726681944 -0.7745251446266745 -0.144705079174422 -0.615768820582979,20.139640504371343 2.922436730769583 814.5467715781529,0.69
1,5277,1,0.8528515696525574,0.06115211260832598 0.9886091554348421 0.13752220516682823 0.1431628670810513 0.12766798265676516 -0.981430221510162 -0.9878080849095497 0.07970460460199563 -0.13372495426272457,63.185743329831666 -28.214959302868614 832.403446697356,0.69
1,5319,1,0.914631187915802,0.7876290541420281 0.6005129116509268 0.1379301127812942 0.09762796410013175 0.09939874205864874 -0.990246772629339 -0.6083660523870458 0.7934129649921816 0.01966248421023864,241.70519065961724 -50.20557537082513 930.744443723124,0.69
1,5323,1,0.8074379563331604,-0.1406915831242901 -0.9864296723301107 -0.08463084535021298 0.22997783275815348 0.05058153081950256 -0.9718804994338649 0.962972520312934 -0.15619862447110855 0.21974056256296826,34.87291503576891 -6.648123699745524 835.1908791459309,0.69
1,5365,1,0.7999191284179688,-0.3700079580122795 -0.9289555996484633 -0.01164495123852427 0.07540590350607662 -0.017536664933747392 -0.9969987036598564 0.9259633149990424 -0.36977555255149813 0.07653744189100298,47.58670140996601 5.699564402734672 853.2317141255658,0.69
1,5403,1,0.9549340605735779,-0.6935073942406116 -0.7204083053094867 -0.007705048650732571 0.06532292365181197 -0.05222576676168278 -0.9964965554038477 0.7174819926515066 -0.6915810458126129 0.08327813214497548,31.05502589430503 18.057393923300836 876.3783325716778,0.69
1,5452,1,0.9348909854888916,-0.7416496626236166 -0.6650101376704487 0.08784813444693743 -0.38545784412366785 0.31532603740811627 -0.8671745732757792 0.5489790782295901 -0.6770014822199626 -0.49019482324700614,27.443196522310675 29.586359675854283 866.6665230353384,0.69
1,5481,1,0.9511053562164307,-0.7898944640446215 -0.601587487780468 0.1189925637073424 -0.4721355192949506 0.47275289674538457 -0.7440381374895612 0.3913499547613977 -0.6438922216992787 -0.6574557169448139,34.37696181532258 42.55170631570393 849.7978481937621,0.69
1,5540,1,0.8890947699546814,-0.7326203793716772 -0.6804826060413084 0.014519042824155393 -0.4531440004365256 0.47172457614159335 -0.7563970115834782 0.5078660203219766 -0.5607310827297376 -0.6539516482608283,21.888116211949143 3.529821478455897 947.7101767838817,0.69
1,5579,1,0.882025420665741,-0.5708594294237899 -0.8141447882872516 -0.10624394355751199 -0.2815492159531746 0.3156646000722967 -0.9061379030022692 0.7712649031520221 -0.4873644672787538 -0.40942194030119916,11.715097782439958 -15.811588740246654 1025.6113674557546,0.69
1,5656,1,0.9381909370422363,0.1906295368955736 -0.975502395125537 -0.109797344081358 0.01840307616300768 0.11538003907965488 -0.9931509318173728 0.9814895345599555 0.18730329331412804 0.03994708829143934,39.98246308761146 -22.83370060325558 1131.4106515457681,0.69
1,5707,1,0.9255253076553345,0.6169388793821913 -0.7849137560660048 -0.0574178948151392 -0.026086512069005696 0.05252206851002039 -0.9982789821525355 0.7865786120882767 0.6173749491660518 0.01192724391866229,46.057647465046756 -39.61764682972803 1175.360658838632,0.69
1,5756,1,0.9291372895240784,0.9835703266259829 -0.17660605387680978 -0.03741275604548165 -0.06282515298065475 -0.14057477483854153 -0.9880747607504458 0.1692406946742263 0.9741914772841912 -0.14936047955543863,66.4562665507872 -30.309019397666603 1272.783367627398,0.69
1,5801,1,0.9476197957992554,0.9971607580116899 -0.0671938279462349 -0.03399135430493815 -0.06615263524714275 -0.5660186870461343 -0.8217339440259415 0.035975707517859064 0.8216494601717343 -0.5688566718146912,76.00384202092312 -88.05135385015235 1317.0828982956655,0.69
1,5845,1,0.8106907606124878,0.8792192273067815 -0.45853478567574035 -0.1293035214499935 -0.4371667438075927 -0.6686217635858311 -0.6015232126593618 0.18936416884599025 0.5853979736766058 -0.7883212695168078,86.22629873255109 -120.36421429927421 1337.0431104591457,0.69
1,5916,1,0.8473498821258545,0.16426810748047604 -0.9848345327056376 -0.05582949090983394 -0.9628736913862284 -0.1477991411522399 -0.22589747300693433 0.21422008146072832 0.09086449837603669 -0.9725499471152268,109.13805278011539 -102.85859249039716 1343.1693295991463,0.69
1,5921,1,0.7720321416854858,0.0032845382542198154 -0.9981241617498101 -0.06113402931016087 -0.9849360699680566 0.007340407934082083 -0.17276300670930936 0.1728876799668969 0.0607805572745126 -0.9830643793633578,110.20475513181302 -97.48444191530191 1350.7777958320282,0.69
1,5988,1,0.9308387041091919,-0.7002913759902487 -0.7136688877434217 0.016392296384324444 -0.7116634082153491 0.696156418050325 -0.09434741657647339 0.05592121351506643 -0.07773647968880823 -0.9954043688896459,100.18142495024452 -110.82010228324829 1328.584544993726,0.69
1,6001,1,0.8470821380615234,-0.8426229377009391 -0.5384961675434952 0.0029090206611816043 -0.5351406503690912 0.8367450682309483 -0.11611276895213463 0.060092172391962184 -0.09939601768759992 -0.9932317768200234,103.69293898724717 -104.50036559997032 1268.8837369344055,0.69
1,6124,1,0.9482061862945557,0.509223788038655 -0.6750499470975238 -0.5338526974917271 -0.7653745458667038 -0.07154564377691286 -0.6395959860692406 0.39356440163574236 0.734294756742943 -0.5530987904388533,127.39469738083548 -203.09477300242207 1353.1395856862,0.69
1,6166,1,0.842043936252594,0.9215152124235615 -0.2144481759880684 -0.32376178447640924 -0.35440492642436794 -0.12355930146982219 -0.9268927916142342 0.15876668856563309 0.9688885791646429 -0.18986326597376135,131.72547304107556 -282.1342104547859 1376.1314162898684,0.69
1,6181,1,0.883590817451477,0.9791812418934814 0.05124599803245321 -0.1964126859691023 -0.18540697145035595 -0.16810888481058583 -0.9681754271749248 -0.08263383363699331 0.9844354984118557 -0.15510770130800955,117.0098447795751 -304.03704655433245 1379.215903317095,0.69
1,6222,1,0.914846658706665,0.9692604785829175 0.063545955481151 -0.23768894841620453 -0.13930336732605098 -0.6545690822354837 -0.7430571232637636 -0.20280211169718348 0.7533267737996469 -0.6255957763346705,83.22153815268112 -348.7111699895891 1375.813220390016,0.69
1,6263,1,0.785039484500885,0.9501194555015471 -0.09904677775574765 -0.2957410287627456 -0.15738322324432366 -0.9709105537321419 -0.18045281292563273 -0.26926481634010596 0.21799640471289786 -0.9380693077878521,86.70188972717555 -325.55272097061794 1342.6775909831326,0.69
1,6318,1,0.7179922461509705,0.9627434667413726 -0.2620262922957499 -0.066837410127457 -0.2591448303267305 -0.9646047399406958 0.04880217821853042 -0.0772591364288632 -0.029663408935680338 -0.9965696704237901,134.85134346633185 -330.8705731603809 1337.8091976145543,0.69
1,6332,1,0.7703739404678345,0.9644018174617829 -0.25931232427036777 -0.051829074445812834 -0.23869825188445482 -0.9379857413628527 0.2514078231624562 -0.11380807978221635 -0.2300866521149785 -0.9664925522190047,141.0519778972468 -326.9632619874524 1322.374814659892,0.69
