scene_id,im_id,obj_id,score,R,t,time
51,1,12,0.9682769775390625,0.8525499105453491 -0.5225547552108765 -0.0097493976354599 -0.24563446640968323 -0.3841486871242523 -0.889996349811554 0.46132662892341614 0.7611610889434814 -0.45586341619491577,-54.24359893798828 -76.4013442993164 1047.9521484375,0.69
51,35,12,0.95751953125,0.8603982329368591 -0.5091899037361145 -0.02098553441464901 -0.2383870631456375 -0.36573326587677 -0.8996726274490356 0.45042911171913147 0.7790793776512146 -0.4360606074333191,-48.056915283203125 -57.6885871887207 1058.494140625,0.69
51,56,12,0.9581043720245361,0.8594943284988403 -0.5104763507843018 -0.026141200214624405 -0.24031032621860504 -0.358416885137558 -0.9021021127700806 0.4511323571205139 0.7816336750984192 -0.43073004484176636,-58.276023864746094 -57.008235931396484 1065.033203125,0.69
51,83,12,0.9555878639221191,0.8597390651702881 -0.5101994872093201 -0.023348776623606682 -0.2539156675338745 -0.3873139023780823 -0.8862926959991455 0.44314277172088623 0.7679091095924377 -0.4625365734100342,-66.25691986083984 -70.80912017822266 1056.8843994140625,0.69
51,100,12,0.9521715641021729,0.8677261471748352 -0.49550342559814453 -0.03908571973443031 -0.2607309818267822 -0.38682013750076294 -0.884527862071991 0.4231674373149872 0.7777188420295715 -0.46484702825546265,-63.4620475769043 -80.43931579589844 1058.3175048828125,0.69
51,116,12,0.94873046875,0.877892255783081 -0.4772588908672333 -0.03910442814230919 -0.2590721845626831 -0.404693067073822 -0.8769863247871399 0.4027242660522461 0.780030369758606 -0.47892141342163086,-52.967933654785156 -91.24493408203125 1060.5145263671875,0.69
51,138,12,0.9565844535827637,0.8733102083206177 -0.4866809546947479 -0.021700015291571617 -0.27011457085609436 -0.44666787981987 -0.8529512286186218 0.4054224491119385 0.7507525086402893 -0.5215392708778381,-37.625091552734375 -117.98126220703125 1052.6661376953125,0.69
51,169,12,0.9434916973114014,0.8863828182220459 -0.46273526549339294 -0.014197060838341713 -0.25226372480392456 -0.4570503234863281 -0.8529173135757446 0.38818618655204773 0.7595926523208618 -0.5218528509140015,-33.330223083496094 -113.50755310058594 1047.902099609375,0.69
51,240,12,0.9575986862182617,0.9259386658668518 -0.37748706340789795 0.011874135583639145 -0.17365694046020508 -0.45346179604530334 -0.8741942644119263 0.33538150787353516 0.8073882460594177 -0.48543110489845276,2.3550987243652344 -83.16963195800781 1089.43408203125,0.69
51,407,12,0.9586591720581055,0.942512035369873 -0.327316015958786 0.06734529882669449 -0.11443932354450226 -0.5054894685745239 -0.8552099466323853 0.3139662742614746 0.7983387112617493 -0.5138877034187317,1.9149900674819946 -97.74800872802734 1092.8028564453125,0.69
51,515,12,0.9590041637420654,0.9548469185829163 -0.2917894721031189 0.05591214448213577 -0.08871385455131531 -0.45963233709335327 -0.8836673498153687 0.2835438549518585 0.8388068675994873 -0.4647643268108368,12.935787200927734 -79.96484375 1107.03125,0.69
51,520,12,0.956228494644165,0.9739682078361511 -0.22374489903450012 0.03638985753059387 -0.07341547310352325 -0.4632226228713989 -0.8831958770751953 0.21446718275547028 0.8575330972671509 -0.46759042143821716,20.28792953491211 -78.85317993164062 1121.5640869140625,0.69
51,532,12,0.9634137153625488,0.9637552499771118 -0.260453462600708 0.05779033526778221 -0.08245651423931122 -0.49680665135383606 -0.8639352321624756 0.2537255585193634 0.8278569579124451 -0.5002761483192444,23.429752349853516 -79.04541015625 1105.2918701171875,0.69
51,546,12,0.9542274475097656,0.9607778787612915 -0.2679976224899292 0.07129561901092529 -0.07615141570568085 -0.5021666288375854 -0.861411452293396 0.2666584849357605 0.822195827960968 -0.5028790235519409,33.92041778564453 -81.28233337402344 1112.4793701171875,0.69
51,553,12,0.9590959548950195,0.9738768935203552 -0.22091147303581238 0.05255456641316414 -0.057942841202020645 -0.46553388237953186 -0.8831312656402588 0.21955975890159607 0.8570159673690796 -0.4661729037761688,29.94270896911621 -73.85114288330078 1114.7635498046875,0.69
51,571,12,0.9580078125,0.9629119038581848 -0.25717300176620483 0.08162475377321243 -0.0504586435854435 -0.4688209295272827 -0.8818507194519043 0.2650556266307831 0.845025897026062 -0.46440988779067993,33.860145568847656 -70.99250793457031 1097.5380859375,0.69
51,582,12,0.9668128490447998,0.9591916799545288 -0.2694410979747772 0.08574879169464111 -0.05113712698221207 -0.4635619521141052 -0.8845877051353455 0.2780941128730774 0.8441041707992554 -0.4584231972694397,34.6187629699707 -50.93360900878906 1101.7164306640625,0.69
51,601,12,0.9541237354278564,0.9789835214614868 -0.18508341908454895 0.08564598113298416 -0.010927808471024036 -0.466962993144989 -0.8842092752456665 0.2036460041999817 0.8646904230117798 -0.45917168259620667,43.116233825683594 -57.511112213134766 1094.9490966796875,0.69
51,611,12,0.9541237354278564,0.9819990992546082 -0.1726427525281906 0.07662986218929291 -0.011693364009261131 -0.46048226952552795 -0.8875919580459595 0.18852299451828003 0.8707184195518494 -0.4542119801044464,41.84001922607422 -58.67006301879883 1097.2310791015625,0.69
51,618,12,0.96533203125,0.9747804999351501 -0.19566704332828522 0.10731884837150574 0.010361086577177048 -0.4406942129135132 -0.8975974917411804 0.22292505204677582 0.8760724067687988 -0.42755281925201416,39.98789596557617 -66.49120330810547 1086.220947265625,0.69
51,636,12,0.9663705825805664,0.9740829467773438 -0.19834734499454498 0.10872320830821991 0.006906480528414249 -0.4543643295764923 -0.8907891511917114 0.2260856330394745 0.8684533834457397 -0.44121867418289185,46.07394790649414 -55.207332611083984 1071.823486328125,0.69
51,637,12,0.9633965492248535,0.978011965751648 -0.18226532638072968 0.10135083645582199 0.00015108806837815791 -0.48536187410354614 -0.8743133544921875 0.20854884386062622 0.8551042675971985 -0.4746621251106262,47.387516021728516 -55.704307556152344 1077.466064453125,0.69
51,649,12,0.9580860137939453,0.9813769459724426 -0.15395931899547577 0.11487284302711487 0.03703282028436661 -0.4351528584957123 -0.8995946645736694 0.18848823010921478 0.88709557056427 -0.4213474690914154,33.3009033203125 -60.04719543457031 1065.6861572265625,0.69
51,654,12,0.9497313499450684,0.9821871519088745 -0.15685352683067322 0.10346651077270508 0.024335160851478577 -0.4398138225078583 -0.8977592587471008 0.1863226741552353 0.884285569190979 -0.42816242575645447,35.8125 -59.350196838378906 1081.6229248046875,0.69
51,669,12,0.9551818370819092,0.9880286455154419 -0.12027854472398758 0.09660451859235764 0.03118588961660862 -0.4575519263744354 -0.8886358737945557 0.15108540654182434 0.8810104131698608 -0.44832342863082886,42.31600570678711 -46.9491081237793 1068.31640625,0.69
51,672,12,0.9599990844726562,0.9874885082244873 -0.12572351098060608 0.09518475085496902 0.02978607825934887 -0.4440365135669708 -0.8955134749412537 0.15485259890556335 0.8871445059776306 -0.43473607301712036,45.940006256103516 -46.69865798950195 1073.363525390625,0.69
51,675,12,0.9585356712341309,0.9878607988357544 -0.1254858821630478 0.09156598895788193 0.02127808891236782 -0.47458621859550476 -0.8799517750740051 0.15387748181819916 0.8712182641029358 -0.4661549925804138,49.38706970214844 -50.589263916015625 1067.4339599609375,0.69
51,681,12,0.9614801406860352,0.989565908908844 -0.10904573649168015 0.09417194873094559 0.03563337028026581 -0.4480763077735901 -0.8932848572731018 0.13960513472557068 0.8873199224472046 -0.4395153820514679,50.244258880615234 -51.068511962890625 1064.655517578125,0.69
51,685,12,0.9565844535827637,0.9880654811859131 -0.11954209208488464 0.09714049845933914 0.03185000643134117 -0.4584576487541199 -0.888145387172699 0.15070554614067078 0.8806396722793579 -0.4491787552833557,47.01023864746094 -50.03240203857422 1057.8338623046875,0.69
51,694,12,0.9580280780792236,0.981182336807251 -0.15104800462722778 0.1202741339802742 0.05408307909965515 -0.382978618144989 -0.9221726655960083 0.18535475432872772 0.9113243222236633 -0.367602676153183,42.686912536621094 -50.917415618896484 1060.3983154296875,0.69
51,698,12,0.9560546875,0.9854498505592346 -0.13680210709571838 0.10086505115032196 0.028686389327049255 -0.4510596990585327 -0.8920326232910156 0.16752810776233673 0.8819468021392822 -0.4405723512172699,42.10206985473633 -55.680171966552734 1064.2626953125,0.69
51,780,12,0.9507074356079102,0.9885222315788269 -0.09720711410045624 0.1156487688422203 0.07465630024671555 -0.35119062662124634 -0.9333229064941406 0.1313403844833374 0.9312443137168884 -0.3399026095867157,37.550838470458984 -50.60477828979492 1014.2056884765625,0.69
51,946,12,0.9497551918029785,0.9934378862380981 0.040811341255903244 0.10684393346309662 0.11434507369995117 -0.3750517666339874 -0.9199246168136597 0.002528640441596508 0.9261049628257751 -0.37725719809532166,59.357032775878906 -61.473472595214844 967.3301391601562,0.69
51,1038,12,0.9523200988769531,0.9957535862922668 0.0335804745554924 0.08571603149175644 0.09177949279546738 -0.43463942408561707 -0.8959158062934875 0.007170289754867554 0.8999782800674438 -0.4358757436275482,73.18755340576172 -60.69144058227539 937.8761596679688,0.69
51,1045,12,0.9550998210906982,0.9953233599662781 0.03574465960264206 0.08974235504865646 0.09652189910411835 -0.40512362122535706 -0.909152626991272 0.003859396558254957 0.9135628938674927 -0.4066791534423828,71.16238403320312 -60.801700592041016 932.7413940429688,0.69
51,1057,12,0.9537405967712402,0.9947034120559692 0.06350061297416687 0.08082548528909683 0.0999239981174469 -0.41311711072921753 -0.9051792025566101 -0.02408904768526554 0.9084612131118774 -0.41727423667907715,72.33123016357422 -66.62181854248047 928.3970336914062,0.69
51,1063,12,0.9521715641021729,0.9949697256088257 0.04790009558200836 0.08798232674598694 0.09979618340730667 -0.39749908447265625 -0.9121596217155457 -0.008719639852643013 0.9163514971733093 -0.4002797603607178,71.9342041015625 -66.18246459960938 923.2190551757812,0.69
51,1076,12,0.9518723487854004,0.9951291084289551 0.04965003952383995 0.08516424149274826 0.09678206592798233 -0.32780027389526367 -0.9397767186164856 -0.018743092194199562 0.9434415698051453 -0.33100882172584534,72.24422454833984 -53.43602752685547 913.8509521484375,0.69
51,1080,12,0.947340726852417,0.995315432548523 0.060294538736343384 0.07557554543018341 0.09212923049926758 -0.3544906973838806 -0.9305098056793213 -0.0293138325214386 0.9331134557723999 -0.35838499665260315,71.55695343017578 -57.38414764404297 912.4008178710938,0.69
51,1091,12,0.9458270072937012,0.9966861009597778 0.00846741534769535 0.08090125024318695 0.07862226665019989 -0.35536259412765503 -0.9314160943031311 0.02086259238421917 0.9346901178359985 -0.354850709438324,57.2247428894043 -64.59013366699219 917.1495971679688,0.69
51,1092,12,0.9424107074737549,0.9965702891349792 -0.0011402657255530357 0.08274286240339279 0.07944049686193466 -0.26679858565330505 -0.9604726433753967 0.023170869797468185 0.9637516140937805 -0.26579293608665466,56.781402587890625 -62.319129943847656 904.6983032226562,0.69
51,1110,12,0.9431262016296387,0.9944013357162476 0.02579268254339695 0.10247354209423065 0.10562097281217575 -0.2720593810081482 -0.9564664363861084 0.003209051676094532 0.9619348645210266 -0.2732604444026947,49.62413024902344 -65.36481475830078 914.7863159179688,0.69
51,1111,12,0.947340726852417,0.9945036768913269 0.04631204158067703 0.09390226751565933 0.10353989154100418 -0.3017778992652893 -0.9477391839027405 -0.015554111450910568 0.9522527456283569 -0.3049143850803375,50.936370849609375 -66.42401885986328 917.2968139648438,0.69
51,1149,12,0.9536576271057129,0.9933067560195923 0.04678349569439888 0.1056077852845192 0.11490923166275024 -0.3073978126049042 -0.9446176886558533 -0.011728913523256779 0.9504303932189941 -0.3107161819934845,44.628658294677734 -72.39517211914062 914.1580810546875,0.69
51,1150,12,0.9497551918029785,0.9932476878166199 0.01234444696456194 0.11535461992025375 0.11322884261608124 -0.3196878433227539 -0.9407331347465515 0.025264637544751167 0.9474424719810486 -0.31892693042755127,44.22150802612305 -72.27409362792969 915.3350219726562,0.69
51,1160,12,0.9536576271057129,0.9919257760047913 0.04709002003073692 0.11775306612253189 0.12661774456501007 -0.31534093618392944 -0.9404935240745544 -0.007155497558414936 0.9478093981742859 -0.31875720620155334,44.561370849609375 -72.91154479980469 923.0579833984375,0.69
51,1182,12,0.9601020812988281,0.9930172562599182 0.06666341423988342 0.09732843190431595 0.11145392060279846 -0.2597552239894867 -0.9592211842536926 -0.03866339102387428 0.9633708000183105 -0.26537129282951355,65.52002716064453 -65.9837875366211 915.2276611328125,0.69
51,1220,12,0.9528064727783203,0.9925957322120667 0.06927452981472015 0.0997735783457756 0.1167372614145279 -0.31712934374809265 -0.9411702752113342 -0.03355799615383148 0.945848822593689 -0.32286813855171204,68.33670806884766 -54.174068450927734 919.836669921875,0.69
51,1528,12,0.9235210418701172,0.9857659339904785 0.15558302402496338 0.06371468305587769 0.11738056689500809 -0.36558637022972107 -0.9233463406562805 -0.12036379426717758 0.9176821708679199 -0.3786449432373047,55.301578521728516 -71.71279907226562 901.648193359375,0.69
51,1536,12,0.941462516784668,0.9953116178512573 0.06857883185148239 0.06820258498191833 0.08799418807029724 -0.3493674397468567 -0.9328447580337524 -0.040145646780729294 0.9344726800918579 -0.35376402735710144,54.41193389892578 -70.6323013305664 896.3340454101562,0.69
51,1545,12,0.9507074356079102,0.9864024519920349 0.16082504391670227 0.03384655341506004 0.09224507957696915 -0.37133368849754333 -0.9239059686660767 -0.13601884245872498 0.9144653677940369 -0.3811197280883789,57.6019172668457 -59.450897216796875 883.8438110351562,0.69
51,1566,12,0.9492433071136475,0.9938047528266907 0.09676893800497055 0.05466104671359062 0.0896947905421257 -0.4079205095767975 -0.9086009860038757 -0.06562699377536774 0.9078747630119324 -0.41407305002212524,63.27470397949218 -64.3887710571289 878.560546875,0.69
51,1571,12,0.9531476497650146,0.986420750617981 0.15652219951152802 0.04974735900759697 0.11037115752696991 -0.4074484705924988 -0.90653395652771 -0.1216232106089592 0.8997146487236023 -0.4191912114620209,67.18634033203125 -62.298431396484375 879.5703735351562,0.69
51,1584,12,0.9399490356445312,0.9872835278511047 0.14492902159690857 0.06532134115695953 0.12168415635824203 -0.4245629608631134 -0.8971840739250183 -0.10229498893022537 0.8937236666679382 -0.436799556016922,70.32039642333984 -70.6415023803711 885.9219970703125,0.69
51,1588,12,0.9390521049499512,0.9758312702178955 0.2111804187297821 0.0561794713139534 0.1403137594461441 -0.40842780470848083 -0.90194171667099 -0.16752715408802032 0.88802570104599 -0.42818814516067505,70.99215698242188 -76.79815673828125 882.3907470703125,0.69
51,1603,12,0.960486888885498,0.9566090703010559 0.2836805284023285 0.0665152296423912 0.17613108456134796 -0.3811338245868683 -0.9075874090194702 -0.23211365938186646 0.8799217939376831 -0.41456109285354614,83.38864135742188 -89.0873794555664 878.5725708007812,0.69
51,1611,12,0.9633965492248535,0.9672278165817261 0.23792216181755066 0.08867598325014114 0.16847935318946838 -0.3400994837284088 -0.9251740574836731 -0.1899607628583908 0.9097940921783447 -0.3690386414527893,78.42472839355469 -92.913818359375 882.5259399414062,0.69
51,1617,12,0.9682769775390625,0.9680464863777161 0.2372104972600937 0.08134594559669495 0.16024501621723175 -0.3356260061264038 -0.9282654523849487 -0.19289249181747437 0.911639392375946 -0.3629133701324463,77.46369171142578 -93.90904998779297 873.956298828125,0.69
51,1628,12,0.9633965492248535,0.9805248975753784 0.17004309594631195 0.09826592355966568 0.1606004685163498 -0.40624091029167175 -0.8995420336723328 -0.11304126679897308 0.897804856300354 -0.425638347864151,88.0982666015625 -83.8213882446289 874.1795043945312,0.69
51,1629,12,0.9629085063934326,0.9814223051071167 0.16796749830245972 0.09272070974111557 0.15466608107089996 -0.4066765308380127 -0.9003846645355225 -0.11352802067995071 0.8979983329772949 -0.42510032653808594,88.76657104492188 -82.39537811279297 874.2841186523438,0.69
51,1645,12,0.9677889347076416,0.976750373840332 0.19963225722312927 0.07813896238803864 0.15801632404327393 -0.42410099506378174 -0.8917226195335388 -0.14487777650356293 0.883337676525116 -0.44578590989112854,98.05913543701172 -84.5914077758789 869.9343872070312,0.69
51,1650,12,0.9639015197753906,0.9688271284103394 0.23792289197444916 0.06904135644435883 0.16973692178726196 -0.4344943165779114 -0.88453608751297 -0.18045330047607422 0.8686813712120056 -0.4613341689109802,102.5311508178711 -85.69963073730469 864.6998901367188,0.69
51,1673,12,0.9624204635620117,0.95730060338974 0.286221444606781 0.04065475985407829 0.15859301388263702 -0.4023644030094147 -0.9016380906105042 -0.2417101114988327 0.8695862293243408 -0.4305764138698578,129.4480743408203 -84.54595947265625 850.3724975585938,0.69
51,1674,12,0.9633965492248535,0.9642801880836487 0.25917840003967285 0.05468321591615677 0.15725639462471008 -0.3940175473690033 -0.9055498838424683 -0.21315282583236694 0.8818030953407288 -0.4207007884979248,130.3768768310547 -83.77506256103516 849.8096313476562,0.69
51,1687,12,0.9682769775390625,0.9543907642364502 0.2942672669887543 0.050448376685380936 0.1637697070837021 -0.3747030198574066 -0.9125663042068481 -0.24963520467281342 0.8792067170143127 -0.40580517053604126,130.40866088867188 -87.28498840332031 842.4359130859375,0.69
51,1693,12,0.9716796875,0.9572935700416565 0.28486424684524536 0.04940953478217125 0.166809543967247 -0.4046113193035126 -0.8991463780403137 -0.23614300787448883 0.8689890503883362 -0.43484994769096375,130.9397430419922 -84.75038146972656 839.4169921875,0.69
51,1698,12,0.9687650203704834,0.9561669826507568 0.2872733771800995 0.056732889264822006 0.17275458574295044 -0.39698052406311035 -0.9014223217964172 -0.23643279075622559 0.8717111349105835 -0.42920753359794617,131.8404541015625 -82.07933044433594 836.1983032226562,0.69
51,1699,12,0.9658527374267578,0.9602552056312561 0.2743065357208252 0.05163218453526497 0.16602151095867157 -0.41259798407554626 -0.8956559896469116 -0.2243809700012207 0.8686304092407227 -0.44174015522003174,131.56092834472656 -82.01008605957031 837.7527465820312,0.69
51,1700,12,0.9653487205505371,0.9572264552116394 0.2850942313671112 0.04938455671072006 0.17023935914039612 -0.4169304370880127 -0.8928536772727966 -0.2339574694633484 0.8630704283714294 -0.4476310908794403,132.0410614013672 -81.2316665649414 838.2339477539062,0.69
51,1708,12,0.9663248062133789,0.9550403356552124 0.29197973012924194 0.05143660679459572 0.16699866950511932 -0.3864445984363556 -0.9070678353309631 -0.2449679970741272 0.8748762011528015 -0.4178304374217987,135.48443603515625 -84.9813461303711 834.8037109375,0.69
51,1709,12,0.9682917594909668,0.9528155326843262 0.29929399490356445 0.0506511926651001 0.16403859853744507 -0.3672839105129242 -0.9155292510986328 -0.25540903210639954 0.8806392550468445 -0.39904963970184326,135.5386962890625 -85.24600219726562 833.25634765625,0.69
51,1715,12,0.9692530632019043,0.9501108527183533 0.30864766240119934 0.04501183703541756 0.17241308093070984 -0.3994283080101013 -0.9004058241844177 -0.25992918014526367 0.863245964050293 -0.4327160120010376,133.89263916015625 -83.50321960449219 826.7511596679688,0.69
51,1717,12,0.9687650203704834,0.9577708840370178 0.28395989537239075 0.045185673981904984 0.16244161128997803 -0.4047015905380249 -0.8999051451683044 -0.23725026845932007 0.8692429661750793 -0.4337383210659027,131.2476348876953 -82.12763214111328 823.3858642578125,0.69
51,1729,12,0.9663248062133789,0.9674125909805298 0.2489183396100998 0.046395622193813324 0.15369735658168793 -0.4316693842411041 -0.8888412117958069 -0.20122130215168 0.8670071363449097 -0.4558604955673218,131.1785430908203 -72.94697570800781 826.4058837890625,0.69
51,1927,12,0.9629085063934326,0.9927643537521362 0.10102658718824387 0.06490399688482285 0.09256944805383682 -0.2996200919151306 -0.9495571255683899 -0.07648397237062454 0.9486945867538452 -0.3068041205406189,48.29356384277344 -87.88516998291016 762.0106811523438,0.69
54,1,12,0.9648771286010742,-0.9693220257759094 -0.23632536828517914 0.06756554543972015 -0.18738609552383423 0.5326232314109802 -0.8253477215766907 0.15906363725662231 -0.8126886487007141 -0.5605674982070923,-124.10018920898438 -52.39490509033203 950.4990234375,0.69
54,22,12,0.9599802494049072,-0.9658872485160828 -0.24766996502876282 0.07564006745815277 -0.20544514060020447 0.555040717124939 -0.8060534596443176 0.15765191614627838 -0.7940966486930847 -0.5869893431663513,-100.84064483642578 -58.272132873535156 942.2492065429688,0.69
54,32,12,0.9580671787261963,-0.9522960186004639 -0.28932347893714905 0.09707815200090408 -0.23520122468471527 0.4931236803531647 -0.8375616073608398 0.19445466995239258 -0.8204394578933716 -0.5376489758491516,-95.2975082397461 -42.23929977416992 965.890380859375,0.69
54,38,12,0.9677889347076416,-0.953257143497467 -0.2857379615306854 0.09825842827558517 -0.24078336358070374 0.5218786597251892 -0.8183313012123108 0.1825493425130844 -0.8037391304969788 -0.5662854313850403,-104.84878540039062 -60.92658996582031 970.9381103515625,0.69
54,43,12,0.9625482559204102,-0.962220311164856 -0.25560909509658813 0.0937870517373085 -0.2233913540840149 0.5442349314689636 -0.8086436986923218 0.15565448999404907 -0.7990445494651794 -0.5807747840881348,-108.94215393066406 -86.89874267578125 965.6403198242188,0.69
54,50,12,0.9522380828857422,-0.9581651091575623 -0.2712830603122711 0.09124194830656052 -0.22595921158790588 0.5213093161582947 -0.8229088187217712 0.17567595839500427 -0.8090994954109192 -0.5607993006706238,-115.62263488769531 -89.21956634521484 965.6021118164062,0.69
54,56,12,0.9575600624084473,-0.9631724953651428 -0.249662846326828 0.09983563423156738 -0.22350332140922546 0.5369642972946167 -0.8134589791297913 0.14948230981826782 -0.8058149218559265 -0.5729897618293762,-128.74517822265625 -78.99462127685547 962.448486328125,0.69
54,63,12,0.9614624977111816,-0.9536386132240295 -0.2873416543006897 0.08948826789855957 -0.23773035407066345 0.536891758441925 -0.8094637989997864 0.18454712629318237 -0.7932100296020508 -0.580310583114624,-110.35121154785156 -94.02900695800781 961.63232421875,0.69
54,69,12,0.9702291488647461,-0.9419330358505249 -0.3200905919075012 0.10150988399982452 -0.267545610666275 0.5326818227767944 -0.8029131293296814 0.2029324471950531 -0.7834489345550537 -0.5873894095420837,-102.35533905029297 -93.25006103515625 950.174560546875,0.69
54,81,12,0.96685791015625,-0.9149290323257446 -0.3905380368232727 0.1019059494137764 -0.2906225621700287 0.4622463285923004 -0.837774932384491 0.2800773084163666 -0.7961208820343018 -0.5364217758178711,-62.1875 -69.94429779052734 967.616943359375,0.69
54,86,12,0.9707438945770264,-0.9108849763870239 -0.3980744481086731 0.10874442756175995 -0.30118176341056824 0.46117091178894043 -0.8346322178840637 0.2820959985256195 -0.7930058240890503 -0.5399664044380188,-67.17411804199219 -64.05449676513672 961.5211181640625,0.69
54,90,12,0.96533203125,-0.9123358726501465 -0.39588239789009094 0.10450061410665512 -0.296954482793808 0.4640555679798126 -0.8345480561256409 0.28188878297805786 -0.7924200892448425 -0.5409336090087891,-71.28799438476562 -73.29165649414062 967.928466796875,0.69
54,135,12,0.9534597396850586,-0.8968387246131897 -0.4300917088985443 0.1034480482339859 -0.3099285960197449 0.44406527280807495 -0.8406844735145569 0.31563371419906616 -0.7860198616981506 -0.5315526127815247,-70.40643310546875 -78.34114074707031 1059.8189697265625,0.69
54,202,12,0.94873046875,-0.8873939514160156 -0.451261043548584 0.09431561082601547 -0.28851941227912903 0.3840540051460266 -0.8770740628242493 0.3595671057701111 -0.8055221438407898 -0.47100478410720825,-68.64625549316406 -65.31674194335938 1156.440673828125,0.69
54,390,12,0.9560546875,-0.8573886752128601 -0.5063424706459045 0.09220659732818604 -0.2944639325141907 0.3356746733188629 -0.894770085811615 0.4221086800098419 -0.7943172454833984 -0.4369032382965088,-73.03527069091797 -62.49710464477539 1108.4727783203125,0.69
54,479,12,0.95751953125,-0.8150848150253296 -0.5707810521125793 0.09922587871551514 -0.3481789231300354 0.3457285761833191 -0.871345579624176 0.46304237842559814 -0.7447689175605774 -0.4805319905281067,-42.84907531738281 -97.36954498291016 1022.3745117187499,0.69
54,514,12,0.9551210403442383,-0.8046705722808838 -0.5853175520896912 0.09954271465539932 -0.34881335496902466 0.33038151264190674 -0.8770275115966797 0.4804525375366211 -0.7404400706291199 -0.4700147807598114,-23.683181762695312 -106.87235260009766 991.208984375,0.69
54,520,12,0.9634137153625488,-0.7954975366592407 -0.5965954065322876 0.10610171407461166 -0.3575070798397064 0.32070693373680115 -0.8771178722381592 0.48925694823265076 -0.7356772422790527 -0.4684086740016937,-20.011560440063477 -104.24527740478516 984.4004516601562,0.69
54,524,12,0.9560966491699219,-0.8070494532585144 -0.5811445116996765 0.10460476577281952 -0.3439474403858185 0.3186625838279724 -0.8832634091377258 0.47997012734413147 -0.7488158345222473 -0.4570596516132355,-24.235130310058594 -103.9753189086914 990.1502075195312,0.69
54,530,12,0.95751953125,-0.7985204458236694 -0.5926561951637268 0.10546913743019104 -0.346220463514328 0.308834969997406 -0.8858625292778015 0.4924393594264984 -0.7438948750495911 -0.45180073380470276,-30.458642959594727 -97.58866119384766 978.88330078125,0.69
54,537,12,0.96044921875,-0.7922983169555664 -0.6027976274490356 0.09433147311210632 -0.33743250370025635 0.3040976822376251 -0.8908781409263611 0.5083332657814026 -0.7376717329025269 -0.4443395733833313,-29.646381378173828 -83.33590698242188 973.2371215820312,0.69
54,543,12,0.9580078125,-0.7884919047355652 -0.6074547171592712 0.096329465508461 -0.33766230940818787 0.2966352701187134 -0.8933038115501404 0.5140669345855713 -0.7368896007537842 -0.43900904059410095,-26.95219612121582 -76.09546661376953 972.3197631835938,0.69
54,560,12,0.95607590675354,-0.7844024896621704 -0.6099341511726379 0.1126636415719986 -0.3440473973751068 0.27672556042671204 -0.8972482085227966 0.5160854458808899 -0.742565393447876 -0.4269104599952698,-20.73685646057129 -70.13157653808594 953.4386596679688,0.69
54,561,12,0.9560966491699219,-0.7948489189147949 -0.5948007702827454 0.12011293321847916 -0.3618896007537842 0.3057665526866913 -0.8806489706039429 0.4870842397212982 -0.7434505224227905 -0.4582904577255249,-21.201007843017578 -70.82939147949219 958.0139770507812,0.69
54,568,12,0.95556640625,-0.7915228605270386 -0.6000363230705261 0.11596550792455673 -0.3521359860897064 0.29269880056381226 -0.8890037536621094 0.4994916021823883 -0.7445024847984314 -0.4429721236228943,-32.35886764526367 -69.84406280517578 945.3831176757812,0.69
54,577,12,0.9565639495849609,-0.8176820874214172 -0.563680112361908 0.11687885969877243 -0.35225531458854675 0.3293392062187195 -0.8760433793067932 0.45531541109085083 -0.7574962377548218 -0.4678541123867035,-38.7243766784668 -68.94617462158203 940.7532348632812,0.69
54,583,12,0.951683521270752,-0.8180754780769348 -0.5648586750030518 0.10810798406600952 -0.3350926637649536 0.31538766622543335 -0.8878307938575745 0.46740299463272095 -0.7625387907028198 -0.4472908675670624,-42.267513275146484 -68.24024200439453 941.6810913085938,0.69
54,588,12,0.9560546875,-0.8281816244125366 -0.5499035716056824 0.10826422274112701 -0.32545584440231323 0.3145982325077057 -0.8916873931884766 0.456282377243042 -0.7737144231796265 -0.43951383233070374,-41.47877883911133 -64.99835968017578 937.3583374023438,0.69
54,589,12,0.95751953125,-0.828265905380249 -0.5505067110061646 0.10448900610208511 -0.3227018713951111 0.3161918818950653 -0.8921245336532593 0.4580819606781006 -0.7726351022720337 -0.4395405054092407,-41.78620910644531 -63.66578674316406 936.0511474609375,0.69
54,595,12,0.95654296875,-0.8432196378707886 -0.5294225811958313 0.09323230385780334 -0.30012306571006775 0.3197453022003174 -0.8987152576446533 0.44598954916000366 -0.7857955098152161 -0.4285075068473816,-41.57224655151367 -59.70682907104492 938.0968627929688,0.69
54,598,12,0.9619140625,-0.8408043384552002 -0.5324490070343018 0.09770451486110687 -0.2970081567764282 0.30283936858177185 -0.9055796265602112 0.45258620381355286 -0.7904343008995056 -0.4127703309059143,-42.88603210449219 -57.18770980834961 940.3019409179688,0.69
54,604,12,0.9546117782592773,-0.8599708676338196 -0.5002715587615967 0.10088799893856049 -0.2999175488948822 0.33546537160873413 -0.8930354714393616 0.41291582584381104 -0.7982425093650818 -0.43853071331977844,-46.1384162902832 -52.866424560546875 937.2201538085938,0.69
54,681,12,0.9629085063934326,-0.9318099617958069 -0.3465794026851654 0.1077628955245018 -0.2553180754184723 0.4149057865142822 -0.8733074069023132 0.25795888900756836 -0.8412703275680542 -0.4751013517379761,-96.06202697753906 -48.37782287597656 921.7410278320312,0.69
54,741,12,0.95607590675354,-0.9463383555412292 -0.30675792694091797 0.10170204192399979 -0.2219383865594864 0.3881154954433441 -0.894488513469696 0.23491932451725006 -0.8690603375434875 -0.43536993861198425,-89.74925994873047 -36.234336853027344 937.1052856445312,0.69
54,866,12,0.95947265625,-0.9742850661277771 -0.21205314993858337 0.07617102563381195 -0.1657644510269165 0.4455964267253876 -0.8797534108161926 0.15261292457580566 -0.8697569966316223 -0.4692888557910919,-67.93540954589844 -29.077970504760742 932.252197265625,0.69
54,1012,12,0.9575400352478027,-0.9770189523696899 -0.19823415577411652 0.0783400908112526 -0.1587364375591278 0.43138471245765686 -0.8880934119224548 0.1422557383775711 -0.8801195025444031 -0.452938050031662,-39.848548889160156 -25.49671173095703 909.135009765625,0.69
54,1024,12,0.958984375,-0.9768075942993164 -0.19582177698612213 0.08660655468702316 -0.1670868843793869 0.44417253136634827 -0.8802231550216675 0.13389860093593597 -0.8742794990539551 -0.46659037470817566,-8.355273246765137 -28.08460807800293 902.1864624023438,0.69
54,1025,12,0.9604682922363281,-0.97057044506073 -0.22630657255649567 0.08233065903186798 -0.17059047520160675 0.4047962725162506 -0.8983534574508667 0.1699761152267456 -0.8859601616859436 -0.4314890503883362,-4.880904674530029 -26.06351661682129 908.1113891601562,0.69
54,1028,12,0.9635591506958008,-0.9755966067314148 -0.2042158544063568 0.08066634833812714 -0.16096317768096924 0.4153074622154236 -0.895327091217041 0.14933864772319794 -0.8864623308181763 -0.43804383277893066,-2.1304595470428467 -20.766725540161133 911.15966796875,0.69
54,1029,12,0.9659385681152344,-0.9813355207443237 -0.17081069946289062 0.08834252506494522 -0.15546447038650513 0.4342820644378662 -0.8872597217559814 0.11318788677453995 -0.8844335675239563 -0.4527314007282257,-2.4404449462890625 -20.266559600830078 907.5965576171875,0.69
54,1032,12,0.9644794464111328,-0.9780697226524353 -0.18985816836357117 0.08563542366027832 -0.16259576380252838 0.43907007575035095 -0.883617639541626 0.1301620751619339 -0.8781635761260986 -0.46031129360198975,-0.9138802886009216 -18.99070167541504 901.9385986328125,0.69
54,1033,12,0.9635066986083984,-0.9799184799194336 -0.18109391629695892 0.08345504850149155 -0.15809404850006104 0.45055240392684937 -0.8786402940750122 0.12151554226875305 -0.8741896152496338 -0.4701344966888428,-1.124262809753418 -19.682214736938477 896.6036987304688,0.69
54,1039,12,0.96484375,-0.9811177849769592 -0.1665121465921402 0.0983944684267044 -0.16504479944705963 0.455555260181427 -0.8747740983963013 0.1008363738656044 -0.8744959831237793 -0.47443535923957825,-10.129149436950684 -28.086429595947266 897.7799682617188,0.69
54,1042,12,0.96337890625,-0.9815255403518677 -0.1613554209470749 0.10282095521688461 -0.16634836792945862 0.45415711402893066 -0.8752539753913879 0.09453011304140091 -0.8761882185935974 -0.47260797023773193,-17.11992073059082 -30.996007919311523 893.4618530273438,0.69
54,1063,12,0.96826171875,-0.9902654886245728 -0.11139920353889465 0.08345348387956619 -0.12541820108890533 0.4540761113166809 -0.8820912837982178 0.06037003546953201 -0.8839712142944336 -0.4636273682117462,-47.38206481933594 -41.649044036865234 902.6126098632812,0.69
54,1068,12,0.9580078125,-0.9914094805717468 -0.09836798161268234 0.08620286732912064 -0.12251472473144531 0.467650830745697 -0.8753815293312073 0.04579666629433632 -0.8784226775169373 -0.4756850004196167,-50.53715896606445 -46.31675720214844 896.0021362304688,0.69
54,1080,12,0.9654107093811035,-0.991227388381958 -0.10127077251672745 0.08492612093687057 -0.12316251546144485 0.4746411442756653 -0.8715198040008545 0.04795004427433014 -0.8743340373039246 -0.4829500913619995,-55.747032165527344 -51.24350357055664 893.0067138671875,0.69
54,1083,12,0.9678957462310791,-0.9933077692985535 -0.08387593179941177 0.07940036803483963 -0.11049789190292358 0.49006330966949463 -0.8646549582481384 0.033612530678510666 -0.8676420450210571 -0.4960518479347229,-56.46513748168945 -52.580101013183594 893.1650390625,0.69
54,1089,12,0.95703125,-0.9909040927886963 -0.10879771411418915 0.07919655740261078 -0.12238464504480362 0.48387786746025085 -0.8665357828140259 0.05595564469695091 -0.8683463335037231 -0.4927917420864105,-49.031837463378906 -53.07887268066406 897.8162231445312,0.69
54,1096,12,0.9609375,-0.9925371408462524 -0.08626851439476013 0.08618427813053131 -0.11691229790449142 0.47230759263038635 -0.8736459016799927 0.0346626341342926 -0.877202033996582 -0.478868693113327,-44.37169647216797 -48.1671257019043 890.3798828125,0.69
54,1106,12,0.96394944190979,-0.9882877469062805 -0.1312922090291977 0.07777956128120422 -0.13080580532550812 0.46633002161979675 -0.8748863339424133 0.07859481871128082 -0.8748134970664978 -0.47804203629493713,-36.37206268310547 -31.464651107788086 891.7423095703125,0.69
54,1110,12,0.9638671875,-0.9905189275741577 -0.10985896736383438 0.08248307555913925 -0.12345480918884277 0.44845980405807495 -0.8852360248565674 0.06026076525449753 -0.8870259523391724 -0.4577704668045044,-26.837434768676758 -17.89974594116211 895.727783203125,0.69
54,1111,12,0.9638671875,-0.9914804697036743 -0.10360155254602432 0.07895056903362274 -0.11738893389701843 0.4480311870574951 -0.8862775564193726 0.056447405368089676 -0.8879948258399963 -0.4563758671283722,-26.09808349609375 -16.239612579345703 896.3680419921875,0.69
54,1134,12,0.9736328125,-0.9945964813232422 0.004787834826856852 0.10370558500289917 -0.08964098244905472 0.46427467465400696 -0.8811432719230652 -0.05236664041876793 -0.8856783509254456 -0.46133679151535034,-107.11749267578125 -42.018611907958984 931.5428466796875,0.69
54,1178,12,0.9721813201904297,-0.9940394163131714 0.05403893068432808 0.09468630701303482 -0.06139570474624634 0.44022130966186523 -0.89578777551651 -0.09009034931659698 -0.8962616324424744 -0.43427956104278564,-117.33161926269531 -26.936279296875 978.6163940429688,0.69
54,1355,12,0.9736576080322266,-0.9930088520050049 0.08048991113901138 0.08634166419506073 -0.04423268884420395 0.42442891001701355 -0.904380202293396 -0.10943938791751862 -0.9018766283988953 -0.41790133714675903,-80.26820373535156 -11.98776912689209 946.3817138671875,0.69
54,1531,12,0.9697265625,-0.9662649035453796 0.24775055050849915 0.07036922127008438 0.03465186804533005 0.3957993686199188 -0.917682945728302 -0.2552085816860199 -0.8842864036560059 -0.39103206992149353,-69.4701919555664 -4.317249774932861 903.7774047851562,0.69
54,1539,12,0.9678184986114502,-0.9731737375259399 0.21980346739292145 0.06796393543481827 0.028386924415826797 0.4078617990016937 -0.9126022458076477 -0.22831305861473083 -0.8861912488937378 -0.4031600058078766,-67.42528533935547 -2.828883409500122 909.1824951171875,0.69
54,1543,12,0.9726941585540771,-0.9766901731491089 0.20671620965003967 0.057833198457956314 0.023703761398792267 0.3716430962085724 -0.928072988986969 -0.21334104239940643 -0.9050688743591309 -0.3678801357746124,-61.53874206542969 0.8792882561683655 911.9937133789062,0.69
54,1547,12,0.9741454124450684,-0.9759827256202698 0.20769573748111725 0.06572806090116501 0.018290141597390175 0.3787733316421509 -0.9253087043762207 -0.21707873046398163 -0.9018831253051758 -0.37347501516342163,-54.491172790527344 6.129034519195557 905.5392456054688,0.69
54,1550,12,0.9741334915161133,-0.9807943105697632 0.18562988936901093 0.059866540133953094 0.015536531805992126 0.3803173303604126 -0.9247255325317383 -0.19442498683929443 -0.9060354232788086 -0.3758971095085144,-52.53664016723633 7.7159423828125 905.3479614257812,0.69
54,1557,12,0.9751095771789551,-0.9741759896278381 0.21628734469413757 0.0648152232170105 0.022699005901813507 0.37941864132881165 -0.9249466061592102 -0.22464634478092194 -0.8995895385742188 -0.37453001737594604,-52.26272964477539 3.438495397567749 909.5667724609375,0.69
54,1559,12,0.9692673683166504,-0.9740804433822632 0.21498171985149384 0.07035685330629349 0.018274197354912758 0.38480907678604126 -0.9228152632713318 -0.22546237707138062 -0.897610604763031 -0.3787636458873749,-50.261390686035156 0.8891857862472534 907.1161499023438,0.69
54,1568,12,0.9722065925598145,-0.9749779105186462 0.20683325827121735 0.0814746543765068 0.0006290806340985 0.3690702021121979 -0.9294013381004333 -0.2223009616136551 -0.906094491481781 -0.35996541380882263,-59.61529541015625 1.0118120908737183 900.7239379882812,0.69
54,1573,12,0.97314453125,-0.9745100736618042 0.20331215858459473 0.09483790397644043 -0.006307650823146105 0.39773717522621155 -0.9174777865409851 -0.22425492107868195 -0.8946895003318787 -0.3863164782524109,-68.05785369873047 -1.032927393913269 894.0158081054688,0.69
54,1580,12,0.9721813201904297,-0.972417414188385 0.20807653665542603 0.10539679229259491 -0.016581613570451736 0.38905444741249084 -0.9210655093193054 -0.23265720903873444 -0.8974078297615051 -0.3748730719089508,-74.91608428955078 -2.1893954277038574 884.2013549804688,0.69
54,1585,12,0.9716932773590088,-0.9694440364837646 0.2181796431541443 0.11214225739240646 -0.020439326763153076 0.38371118903160095 -0.9232269525527954 -0.24445955455303192 -0.8973090052604675 -0.3675270974636078,-76.24569702148438 -0.7694751620292664 886.5690307617188,0.69
54,1595,12,0.9746215343475342,-0.9647351503372192 0.2350606620311737 0.11845916509628296 -0.010051384568214417 0.41680821776390076 -0.9089388847351074 -0.2630305290222168 -0.8780759572982788 -0.3997468650341034,-62.73884201049805 -12.329463958740234 877.357666015625,0.69
54,1597,12,0.9741454124450684,-0.9714298844337463 0.2057969868183136 0.11820142716169357 -0.023669110611081123 0.4115588366985321 -0.91107577085495 -0.23614349961280823 -0.8878440260887146 -0.39492955803871155,-60.20748519897461 -12.44499397277832 878.0728149414062,0.69
54,1605,12,0.9736454486846924,-0.9681490063667297 0.2186530977487564 0.12197656184434891 -0.020475130528211594 0.41640210151672363 -0.9089500308036804 -0.24953600764274597 -0.8824965357780457 -0.3986623287200928,-49.08329391479492 -15.438776016235352 878.161376953125,0.69
54,1613,12,0.97607421875,-0.9679430723190308 0.23143570125102997 0.09758967906236649 -0.004238774534314871 0.3734337091445923 -0.9276471734046936 -0.2511339485645294 -0.8983233571052551 -0.3604815602302551,-44.86185073852539 -9.135905265808105 880.305908203125,0.69
54,1619,12,0.966796875,-0.9677850008010864 0.23134031891822815 0.09936660528182983 -0.004286824259907007 0.37946251034736633 -0.925197184085846 -0.25174131989479065 -0.8958179354667664 -0.36624643206596375,-42.24623107910156 -4.609499931335449 883.2301025390625,0.69
54,1625,12,0.9697411060333252,-0.9717894792556763 0.2161071002483368 0.09446187317371368 0.0018701446242630482 0.4075644612312317 -0.913174569606781 -0.23584279417991638 -0.8872367739677429 -0.39647096395492554,-35.004642486572266 -5.279876232147217 876.7501831054688,0.69
54,1663,12,0.9722185134887695,-0.9565935134887695 0.2692885398864746 0.1114114299416542 0.004799507558345795 0.3968037962913513 -0.9178909063339233 -0.2913859784603119 -0.8775137662887573 -0.3808724284172058,-34.579769134521484 -18.972761154174805 873.3770751953125,0.69
