scene_id,im_id,obj_id,score,R,t,time
48,1,20,0.9673008918762207,-0.9996356964111328 0.022533539682626724 0.014859085902571678 0.010437621735036373 -0.18497033417224884 0.9826886653900146 0.024891944602131844 0.9824857115745544 0.18466775119304657,-26.186378479003906 98.50402069091797 682.9332885742188,0.69
48,36,20,0.9687795639038086,-0.999363124370575 -0.02083181031048298 -0.02896798588335514 -0.024647271260619164 -0.18399275839328766 0.9826185703277588 -0.025799622759222984 0.9827067255973816 0.18336215615272522,-41.14861297607422 94.41851806640625 671.8031005859375,0.69
48,47,20,0.9716932773590088,-0.9996346831321716 0.005542951636016369 -0.026450829580426216 -0.027019791305065155 -0.18509924411773682 0.9823482632637024 0.0005490815383382142 0.9827041029930115 0.1851813942193985,-21.717039108276367 91.93519592285156 676.2084350585938,0.69
48,83,20,0.9633965492248535,-0.9969831109046936 0.0750013217329979 -0.019988613203167915 -0.03172367066144943 -0.1587020456790924 0.9868167042732239 0.07084032893180847 0.9844736456871033 0.16060255467891693,-7.2530012130737305 98.94425201416016 686.1461791992188,0.69
48,112,20,0.965364933013916,-0.9969751238822937 0.07746906578540802 -0.006256771273910999 -0.019649004563689232 -0.1733432561159134 0.9846654534339905 0.07519654184579849 0.9818099141120911 0.174341082572937,0.06026552617549896 89.48905944824219 693.8908081054688,0.69
48,1024,20,0.9525339603424072,-0.6264384984970093 -0.7780547142028809 -0.04696726053953171 -0.2185618281364441 0.23317082226276398 -0.9475558996200562 0.7482016086578369 -0.5833202600479126 -0.3161201775074005,-60.83082580566406 102.41364288330078 866.6497802734375,0.69
48,1027,20,0.6694250106811523,-0.625713586807251 -0.7792767882347107 -0.03478897362947464 -0.21496030688285828 0.21512863039970398 -0.9526340961456299 0.7498497366905212 -0.5885978937149048 -0.30212247371673584,-52.46933364868164 107.40528106689453 863.5367431640625,0.69
48,1059,20,0.9751954078674316,-0.6047452688217163 -0.7954766154289246 -0.03873269259929657 -0.23286069929599762 0.22311733663082123 -0.9465699791908264 0.761616051197052 -0.5634143948554993 -0.32016438245773315,-49.15500259399414 88.33753204345703 863.727783203125,0.69
48,1074,20,0.969393253326416,-0.614898145198822 -0.7882179617881775 -0.024753961712121964 -0.2112261950969696 0.19486026465892792 -0.9578168392181396 0.7597919702529907 -0.5837311744689941 -0.28631147742271423,-69.62381744384766 110.93272399902344 882.6373291015625,0.69
48,1075,20,0.978090763092041,-0.6123917698860168 -0.7900075316429138 -0.029402120038866997 -0.21039979159832 0.19872084259986877 -0.9572052955627441 0.762042224407196 -0.5799984335899353 -0.28791242837905884,-69.63333129882812 109.13116455078125 883.9708862304688,0.69
48,1083,20,0.9622478485107422,-0.5989989042282104 -0.8005719780921936 -0.016880936920642853 -0.21401023864746094 0.18036878108978271 -0.9600347876548767 0.7716216444969177 -0.5714470744132996 -0.2793712913990021,-62.75224685668945 108.61482238769531 889.0890502929688,0.69
48,1087,20,0.975719690322876,-0.6008937954902649 -0.7990429401397705 -0.02137911133468151 -0.21239155530929565 0.1853926181793213 -0.9594370126724243 0.7705948948860168 -0.5719789862632751 -0.2811112403869629,-66.15190887451172 112.71012878417969 900.7415771484375,0.69
48,1090,20,0.9166431427001953,-0.608202338218689 -0.7935394644737244 -0.019621917977929115 -0.21283043920993805 0.18683701753616333 -0.959059476852417 0.764717698097229 -0.5791260600090027 -0.282524049282074,-72.48741149902344 112.33399963378906 903.5560302734375,0.69
48,1094,20,0.9484262466430664,-0.609188973903656 -0.7929518222808838 -0.010776752606034279 -0.20183829963207245 0.16817650198936462 -0.9648720026016235 0.7669094204902649 -0.5856142044067383 -0.2624993324279785,-79.70965576171875 111.41674041748047 908.276123046875,0.69
48,1097,20,0.9684634208679199,-0.603628933429718 -0.7969117164611816 -0.02374318800866604 -0.20867416262626648 0.18666478991508484 -0.9600059390068054 0.7694719433784485 -0.5745328068733215 -0.2789711654186249,-76.76007080078125 109.49885559082031 907.0895385742188,0.69
48,1103,20,0.9527122974395752,-0.5880553126335144 -0.8080782294273376 -0.03465130925178528 -0.20997615158557892 0.19389645755290985 -0.9582871198654175 0.781089723110199 -0.5562498569488525 -0.2836989462375641,-69.43573760986328 104.06364440917969 912.3026733398438,0.69
48,1104,20,0.7502877712249756,-0.5828453302383423 -0.8118780851364136 -0.03384014591574669 -0.2098536342382431 0.19062454998493195 -0.9589701294898987 0.7850176095962524 -0.5518298149108887 -0.28148019313812256,-70.55259704589844 102.52310180664062 909.070556640625,0.69
48,1107,20,0.8889591693878174,-0.5917717218399048 -0.8059061765670776 -0.01793304830789566 -0.22417166829109192 0.18589535355567932 -0.9566556811332703 0.7743082642555237 -0.5621017217636108 -0.29066890478134155,-72.4541015625 101.46525573730469 923.599609375,0.69
48,1113,20,0.640404224395752,-0.5704011917114258 -0.8212590217590332 -0.01327269896864891 -0.21573707461357117 0.16539189219474792 -0.9623425006866455 0.7925275564193726 -0.5460578799247742 -0.27151572704315186,-61.304298400878906 104.16796875 928.5648803710938,0.69
48,1119,20,0.9512100219726562,-0.5728713870048523 -0.8194134831428528 -0.0194926168769598 -0.22328034043312073 0.17889465391635895 -0.9581975936889648 0.7886471152305603 -0.5445716381072998 -0.2854425311088562,-59.32044219970703 101.45474243164062 932.0789794921875,0.69
48,1120,20,0.8131446838378906,-0.5453686118125916 -0.8379775881767273 -0.019145159050822258 -0.22176100313663483 0.16627711057662964 -0.9608194231987 0.8083285689353943 -0.5197551250457764 -0.2765130400657654,-48.3557243347168 97.30864715576172 940.1275024414062,0.69
48,1122,20,0.8821713924407959,-0.553955078125 -0.8325361609458923 -0.004162687808275223 -0.2084793597459793 0.1435556858778 -0.967433750629425 0.8060212135314941 -0.5350469946861267 -0.253089964389801,-59.04280090332031 101.12030792236328 930.7687377929688,0.69
48,1124,20,0.7147121429443359,-0.5483980774879456 -0.8359464406967163 -0.021281180903315544 -0.20917187631130219 0.1617724597454071 -0.9644048810005188 0.8096336126327515 -0.5244263410568237 -0.26357221603393555,-59.2479133605957 97.51258850097656 931.7830810546875,0.69
48,1126,20,0.7958409786224365,-0.5387633442878723 -0.8421116471290588 -0.02412719465792179 -0.2025691568851471 0.15729154646396637 -0.9665532112121582 0.8177407383918762 -0.5158559679985046 -0.2553287148475647,-51.104408264160156 96.08501434326172 945.2310791015625,0.69
48,1128,20,0.8945274353027344,-0.5452353358268738 -0.8376707434654236 -0.032030411064624786 -0.20464791357517242 0.17006316781044006 -0.9639490246772766 0.8129191398620605 -0.519024133682251 -0.26415205001831055,-61.0984992980957 103.94391632080078 942.3809814453125,0.69
48,1132,20,0.8151876926422119,-0.5347363948822021 -0.8447394371032715 -0.021732933819293976 -0.19263818860054016 0.14690470695495605 -0.9702110886573792 0.8227682113647461 -0.5146206021308899 -0.2412843406200409,-63.390888214111335 105.37487030029297 940.8516235351562,0.69
48,1133,20,0.7714805603027344,-0.529132604598999 -0.8481096625328064 -0.02699347771704197 -0.18069995939731598 0.14370599389076233 -0.9729831218719482 0.8290755152702332 -0.50995934009552 -0.22929292917251587,-58.263668060302734 103.36685180664062 944.5573120117188,0.69
48,1137,20,0.7968099117279053,-0.5502049326896667 -0.8345102667808533 -0.02944566309452057 -0.18468192219734192 0.15600183606147766 -0.9703380465507507 0.8143507242202759 -0.5284466743469238 -0.239951953291893,-70.52133178710938 109.98550415039062 952.9198608398438,0.69
48,1540,20,0.9095602035522461,-0.41058334708213806 -0.9098479747772217 0.05998242646455765 -0.236049622297287 0.04251972958445549 -0.9708102345466614 0.8807393908500671 -0.41275736689567566 -0.2322271764278412,-92.26043701171875 98.04012298583984 916.29541015625,0.69
48,1542,20,0.33118879795074463,-0.4016400873661041 -0.9103653430938721 0.09960025548934937 -0.23591198027133942 -0.0022375772241503 -0.9717718362808228 0.8848902583122253 -0.4137994050979614 -0.2138673961162567,-91.92496490478516 98.74626159667969 907.0708618164062,0.69
48,1543,20,0.6249067783355713,-0.4155731201171875 -0.9041877388954163 0.09870925545692444 -0.23740170896053314 0.0030645527876913548 -0.9714066982269287 0.8780315518379211 -0.4271242618560791 -0.21592923998832703,-96.20841217041016 101.5544662475586 915.3225708007812,0.69
48,1568,20,0.9256911277770996,-0.4192971885204315 -0.9013820886611938 0.10816844552755356 -0.23612317442893982 -0.006769021041691303 -0.9716995358467102 0.8766047358512878 -0.4329719841480255 -0.20999892055988312,-107.9786605834961 115.95106506347656 935.7064819335938,0.69
48,1569,20,0.8089661598205566,-0.4111970365047455 -0.9073509573936462 0.08735791593790054 -0.22505636513233185 0.008187235333025455 -0.974311351776123 0.883327066898346 -0.4202943742275238 -0.20757165551185608,-104.94124603271484 114.88453674316406 919.5756225585938,0.69
48,1571,20,0.9181466102600098,-0.40630608797073364 -0.9071887731552124 0.10919621586799622 -0.22239474952220917 -0.01772908680140972 -0.9747955203056335 0.8862594366073608 -0.42034998536109924 -0.19455058872699738,-103.08714294433594 115.92855072021484 922.3992919921875,0.69
48,1572,20,0.8285257816314697,-0.40538477897644043 -0.9058881402015686 0.12259648740291595 -0.20583228766918182 -0.04021330922842026 -0.9777607321739197 0.8906717896461487 -0.42160362005233765 -0.17015913128852844,-100.16171264648438 116.9048843383789 921.7962036132812,0.69
48,1576,20,0.8361926078796387,-0.3867883086204529 -0.9134714007377625 0.12635216116905212 -0.22085487842559814 -0.04126854985952377 -0.974433183670044 0.8953311443328857 -0.40480485558509827 -0.18578246235847473,-96.80819702148438 123.77181243896484 924.8436279296875,0.69
48,1577,20,0.6504764556884766,-0.4105512201786041 -0.904157280921936 0.11809844523668289 -0.2277325689792633 -0.023740530014038086 -0.9734342694282532 0.8829413652420044 -0.42653948068618774 -0.19615937769412994,-99.9054946899414 127.20924377441406 940.636962890625,0.69
48,1579,20,0.8169980049133301,-0.4040070176124573 -0.9109622240066528 0.08322298526763916 -0.22026798129081726 0.008577720262110233 -0.9754016995429993 0.887840211391449 -0.412400484085083 -0.20412129163742065,-99.21918487548828 127.56796264648438 934.0349731445312,0.69
48,1580,20,0.9535789489746094,-0.3984680771827698 -0.9131181240081787 0.08624717593193054 -0.20931629836559296 -0.0010192899499088526 -0.9778474569320679 0.8929781317710876 -0.40769392251968384 -0.19072432816028595,-98.4448471069336 125.86210632324219 924.5007934570312,0.69
48,1583,20,0.6138224601745605,-0.3811267018318176 -0.9186398983001709 0.10413071513175964 -0.20846255123615265 -0.024341212585568428 -0.9777274131774902 0.900714099407196 -0.39434540271759033 -0.18222492933273315,-82.62335968017578 127.66758728027344 939.441162109375,0.69
48,1586,20,0.8390316963195801,-0.366669237613678 -0.9268289804458618 0.08088067919015884 -0.21136775612831116 -0.0016735992394387722 -0.9774051904678345 0.9060227870941162 -0.37547996640205383 -0.19528809189796448,-95.08245849609375 124.1351089477539 914.35302734375,0.69
48,1587,20,0.9106326103210449,-0.3894965648651123 -0.9174367189407349 0.08125424385070801 -0.2130013406276703 0.003895974950864911 -0.9770441055297852 0.8960596323013306 -0.39786258339881897 -0.19693271815776825,-97.90391540527344 126.9531707763672 936.4555053710938,0.69
48,1588,20,0.792597770690918,-0.3793788552284241 -0.9165883660316467 0.12624362111091614 -0.23160621523857117 -0.03802216053009033 -0.9720662236213684 0.8957846760749817 -0.3980202078819275 -0.19786277413368225,-98.84725189208984 126.14545440673827 928.5653076171875,0.69
48,1589,20,0.839874267578125,-0.3769981563091278 -0.9191397428512573 0.11425643414258957 -0.2149183452129364 -0.033181287348270416 -0.9760681986808777 0.9009341597557068 -0.39253169298171997 -0.18503069877624512,-97.93436431884766 128.4229278564453 924.8458862304688,0.69
48,1597,20,0.8596992492675781,-0.3943120241165161 -0.9151550531387329 0.0837213546037674 -0.20087629556655884 -0.0030666750390082598 -0.9796118140220642 0.8967534303665161 -0.40309035778045654 -0.1826237440109253,-105.38151550292969 140.9185333251953 928.0975341796875,0.69
48,1605,20,0.29617488384246826,-0.3714505732059479 -0.9223603010177612 0.10618835687637329 -0.2058027982711792 -0.029729919508099556 -0.9781417846679688 0.9053561091423035 -0.385185182094574 -0.17878113687038422,-87.91065216064453 129.63888549804688 941.7190551757812,0.69
48,1608,20,0.8269913196563721,-0.357135534286499 -0.9294382929801941 0.09272852540016174 -0.19816264510154724 -0.021622300148010254 -0.979930579662323 0.912790060043335 -0.36834338307380676 -0.17645786702632904,-88.90494537353516 123.97955322265625 922.9038696289062,0.69
48,1609,20,0.8528757095336914,-0.37798985838890076 -0.9227520227432251 0.07518234848976135 -0.19444583356380463 -0.00026963892742060125 -0.9809131622314453 0.9051599502563477 -0.3853941559791565 -0.17932336032390594,-91.12982177734375 126.80305480957033 940.73095703125,0.69
48,1611,20,0.8290350437164307,-0.37272629141807556 -0.9254209399223328 0.06834675371646881 -0.19242890179157257 0.005029912572354078 -0.98129802942276 0.9077699184417725 -0.3789074420928955 -0.17995253205299377,-92.50350952148438 126.48074340820311 928.9229736328125,0.69
48,1619,20,0.7303333282470703,-0.3833806812763214 -0.9210516810417175 0.06843262910842896 -0.203055277466774 0.011774944141507149 -0.9790964722633362 0.9009926915168762 -0.38926228880882263 -0.19153869152069092,-99.180908203125 122.14500427246094 937.4637451171875,0.69
48,1622,20,0.7711453437805176,-0.38275960087776184 -0.9203839302062988 0.07992856204509735 -0.1912696361541748 -0.005694654304534197 -0.9815210103988647 0.9038313031196594 -0.3909744620323181 -0.1738618165254593,-97.53178405761719 123.1104736328125 940.73193359375,0.69
48,1624,20,0.754237174987793,-0.36705416440963745 -0.9285250902175903 0.05578821524977684 -0.18973131477832794 0.016019031405448914 -0.9817054271697998 0.9106443524360657 -0.37092384696006775 -0.18205012381076813,-94.03044128417969 120.38819122314453 926.302490234375,0.69
48,1626,20,0.7740302085876465,-0.3739815056324005 -0.9255335927009583 0.059375885874032974 -0.20777669548988342 0.02121826820075512 -0.9779461622238159 0.9038621783256531 -0.3780707120895386 -0.20023952424526215,-94.66918182373047 121.31109619140625 936.8926391601562,0.69
48,1631,20,0.8244702816009521,-0.355896919965744 -0.9323451519012451 0.06379669904708862 -0.19717375934123993 0.00818521250039339 -0.9803344011306763 0.9134877920150757 -0.3614770472049713 -0.18674710392951965,-90.47526550292969 117.7892837524414 924.0305786132812,0.69
48,1639,20,0.8020069599151611,-0.35272762179374695 -0.932979166507721 0.07164493203163147 -0.2068854123353958 0.0030865096487104893 -0.9783602952957153 0.9125686287879944 -0.359917014837265 -0.1941085010766983,-88.07942962646484 122.03795623779297 928.6318969726562,0.69
48,1641,20,0.8206453323364258,-0.35919904708862305 -0.9314519166946411 0.058080676943063736 -0.20011332631111145 0.01608491688966751 -0.9796407222747803 0.9115539789199829 -0.3635087311267853 -0.19217364490032196,-89.03758239746094 122.7734146118164 927.4995727539062,0.69
48,1643,20,0.6554031372070312,-0.35348692536354065 -0.9332100749015808 0.06454353034496307 -0.18747028708457947 0.0030747714918106794 -0.9822654128074646 0.9164616465568542 -0.35931795835494995 -0.1760360449552536,-89.86708068847656 123.5051498413086 927.305908203125,0.69
48,1644,20,0.6203713417053223,-0.35667186975479126 -0.9313231110572815 0.0736374482512474 -0.19680237770080566 -0.0021510119549930096 -0.9804407954216003 0.913265585899353 -0.36418765783309937 -0.18251939117908478,-92.18248748779297 123.66966247558594 930.1123046875,0.69
48,1645,20,0.856508731842041,-0.36406585574150085 -0.9285567998886108 0.0723765641450882 -0.1969812959432602 0.0008138230768963695 -0.9804068803787231 0.910304605960846 -0.37118950486183167 -0.18320460617542267,-94.45369720458984 123.80535125732422 931.9277954101562,0.69
48,1648,20,0.7483534812927246,-0.3583448827266693 -0.930363655090332 0.07753998041152954 -0.18654727935791016 -0.010024698451161385 -0.9823948740959167 0.9147617816925049 -0.3665010333061218 -0.1699645072221756,-95.46800994873047 121.48439025878906 930.2922973632812,0.69
48,1649,20,0.8332405090332031,-0.35866719484329224 -0.9316734075546265 0.057814374566078186 -0.18948720395565033 0.012021509930491447 -0.9818096160888672 0.914030909538269 -0.36309799551963806 -0.18085189163684845,-96.20052337646484 120.95484924316406 927.0520629882812,0.69
48,1724,20,0.9112224578857422,-0.3498609960079193 -0.9368016123771667 -0.0004326316702645272 -0.19459359347820282 0.07312530279159546 -0.9781544208526611 0.9163681864738464 -0.34213390946388245 -0.20787927508354187,-109.20303344726562 107.12784576416016 939.33251953125,0.69
48,1874,20,0.8512344360351562,-0.3023599684238434 -0.9480345845222473 -0.09903979301452637 -0.21044977009296417 0.16773392260074615 -0.9631075859069824 0.929671585559845 -0.2703622877597809 -0.25022971630096436,-142.96707153320312 83.19942474365234 864.5894775390625,0.69
48,2040,20,0.9431438446044922,-0.20489592850208282 -0.9771479964256287 -0.056563276797533035 -0.21406516432762146 0.1011272519826889 -0.9715705513954163 0.9550883173942566 -0.18696261942386627 -0.22989390790462494,-133.3909149169922 81.0130615234375 797.3004150390625,0.69
48,2050,20,0.9182438850402832,-0.19396711885929108 -0.9785438179969788 -0.0694899782538414 -0.2128354012966156 0.1111246719956398 -0.9707484245300293 0.9576417803764343 -0.1735033541917801 -0.2298233062028885,-133.25489807128906 86.47811889648438 793.8569946289062,0.69
48,2051,20,0.9102325439453125,-0.19705188274383545 -0.9789389967918396 -0.05337530001997948 -0.2125273197889328 0.09580125659704208 -0.9724475741386414 0.9570803046226501 -0.18027891218662262 -0.22692909836769104,-133.41436767578125 85.92745208740234 794.1596069335938,0.69
48,2066,20,0.9334926605224609,-0.19584600627422333 -0.9795477986335754 -0.046156253665685654 -0.217119038105011 0.08921314775943756 -0.9720598459243774 0.9562968611717224 -0.18035264313220978 -0.2301505208015442,-137.2592315673828 81.73328399658203 795.1472778320312,0.69
48,2069,20,0.9379463195800781,-0.18542742729187012 -0.9814966917037964 -0.04775845631957054 -0.21656283736228943 0.0882234275341034 -0.9722741842269897 0.9584973454475403 -0.16994360089302063 -0.2289147675037384,-137.8482208251953 79.46004486083984 790.6257934570312,0.69
48,2070,20,0.9283475875854492,-0.1884225606918335 -0.9808670282363892 -0.04895634949207306 -0.2179332971572876 0.0903668999671936 -0.9717710018157959 0.9576021432876587 -0.17243437469005585 -0.23079079389572144,-138.46429443359375 79.91327667236328 794.406494140625,0.69
48,2083,20,0.9290056228637695,-0.17871952056884766 -0.9827521443367004 -0.04751269891858101 -0.220101460814476 0.08699983358383179 -0.9715895652770996 0.9589654207229614 -0.16318440437316895 -0.23185378313064575,-136.79177856445312 77.84639739990234 782.9935302734375,0.69
48,2090,20,0.8868563175201416,-0.17915040254592896 -0.9828155636787415 -0.04448265954852104 -0.22587835788726807 0.08509589731693268 -0.9704316854476929 0.9575406908988953 -0.1638055443763733 -0.2372417002916336,-144.55064392089844 75.80709838867188 791.5447387695312,0.69
48,2104,20,0.9341695308685303,-0.17065788805484772 -0.9843389391899109 -0.044190000742673874 -0.23062904179096222 0.08350654691457748 -0.9694518446922302 0.9579593539237976 -0.1552530974149704 -0.24126818776130676,-141.55177307128906 72.57986450195312 780.0740356445312,0.69
48,2133,20,0.9450054168701172,-0.14923837780952454 -0.987669050693512 -0.04730389639735222 -0.22416415810585022 0.0803881287574768 -0.9712302088737488 0.963056743144989 -0.13434098660945892 -0.23339702188968658,-135.8996124267578 74.75611114501953 765.5299072265625,0.69
48,2144,20,0.9209833145141602,-0.14649204909801483 -0.987614631652832 -0.05619030073285103 -0.22687651216983795 0.08883276581764221 -0.969863772392273 0.9628432393074036 -0.12932907044887543 -0.23707988858222961,-139.53640747070312 78.32296752929688 765.9230346679688,0.69
48,2160,20,0.9379305839538574,-0.12414220720529556 -0.9913703799247742 -0.042114365845918655 -0.22632184624671936 0.06961353868246078 -0.971561849117279 0.9661093354225159 -0.11108043044805527 -0.23301072418689728,-134.77084350585938 72.78528594970703 750.9241333007812,0.69
57,1,20,0.5625267028808594,0.3384956419467926 -0.9300739765167236 0.14276988804340363 -0.4893341660499573 -0.30358758568763733 -0.8175491690635681 0.8037243485450745 0.20687465369701385 -0.5578799843788147,-95.85421752929688 -3.4688398838043213 1073.4171142578125,0.69
57,24,20,0.1311706304550171,0.33163967728614807 -0.933292031288147 0.1377718299627304 -0.48338261246681213 -0.29351407289505005 -0.8247367739677429 0.8101582527160645 0.20691893994808197 -0.5484780669212341,-94.91551971435547 3.6723735332489014 1067.2816162109375,0.69
57,38,20,0.3035680055618286,0.3456796109676361 -0.9301257133483887 0.12398292124271393 -0.4737742245197296 -0.287053644657135 -0.8325492143630981 0.8099651336669922 0.22905538976192474 -0.5398982167243958,-93.3617935180664 8.283967018127441 1076.929443359375,0.69
57,49,20,0.11823177337646484,0.3578769266605377 -0.9258726835250854 0.12117747962474823 -0.46359917521476746 -0.28882551193237305 -0.837648868560791 0.8105553388595581 0.24359743297100067 -0.5325977206230164,-109.0025634765625 19.844715118408203 1083.208740234375,0.69
57,61,20,0.4977836608886719,0.36140570044517517 -0.9205748438835144 0.14808115363121033 -0.45943713188171387 -0.31401723623275757 -0.8308494091033936 0.8113590478897095 0.2322397232055664 -0.5364338755607605,-105.05723571777344 22.392061233520508 1083.6583251953125,0.69
57,74,20,0.11962175369262695,0.3700532615184784 -0.9218488335609436 0.11513146013021469 -0.43323367834091187 -0.2808683216571808 -0.8564003705978394 0.8218085169792175 0.2670349180698395 -0.5033121705055237,-107.78709411621094 32.513893127441406 1075.39208984375,0.69
57,81,20,0.20049023628234863,0.3685012459754944 -0.9220581650733948 0.11838742345571518 -0.4531579911708832 -0.2893621325492859 -0.8431592583656311 0.8116986155509949 0.25705698132514954 -0.5244683027267456,-121.26144409179688 15.123106956481934 1080.9444580078125,0.69
57,88,20,0.05575686693191528,0.37180987000465393 -0.9257175922393799 0.06931282579898834 -0.48358380794525146 -0.2568807899951935 -0.8367550373077393 0.7924039363861084 0.277595192193985 -0.5431729555130005,-130.63790893554688 14.980788230895996 1075.066650390625,0.69
57,119,20,0.11397168040275574,0.36584022641181946 -0.922549843788147 0.12273004651069641 -0.44693776965141296 -0.28982293605804443 -0.8463150858879089 0.8163379430770874 0.2547634243965149 -0.5183511972427368,-142.95811462402344 3.8081932067871094 1079.169677734375,0.69
57,246,20,0.015515260398387909,0.462323397397995 -0.8780759572982788 0.12344958633184433 -0.40133926272392273 -0.3313617408275604 -0.8538888692855835 0.790685772895813 0.3452276289463043 -0.5056025981903076,-128.35101318359375 -28.25266456604004 1023.22265625,0.69
57,483,20,0.39598536491394043,-0.948073148727417 -0.07842222601175308 0.30823272466659546 -0.0968780443072319 -0.8518686890602112 -0.5147178173065186 0.30293914675712585 -0.5178511142730713 0.8000363111495972,124.24639892578125 -72.51400756835938 1035.1068115234375,0.69
57,518,20,0.31396007537841797,-0.921380877494812 0.04838665574789047 0.385637104511261 -0.019655603915452957 -0.9967515468597412 0.07810238003730774 0.3881634473800659 0.06438211351633072 0.9193389415740967,102.06079864501953 -51.924713134765625 945.521484375,0.69
57,526,20,0.5830259323120117,-0.8970828652381897 -0.41167035698890686 -0.1605300009250641 -0.3352622389793396 0.8708010315895081 -0.3595898151397705 0.2878221571445465 -0.2687622308731079 -0.919198215007782,87.92259216308594 -48.21098327636719 916.6873168945312,0.69
57,528,20,0.6353554725646973,-0.8738791346549988 0.29314905405044556 0.3878128230571747 -0.07411493360996246 -0.8687459230422974 0.4896810054779053 0.4804603159427643 0.3991793096065521 0.7809057235717773,92.11550903320312 -48.36451721191406 967.1204223632812,0.69
57,537,20,0.5535073280334473,0.5657633543014526 -0.8219202160835266 0.06602220982313156 -0.31252631545066833 -0.28784114122390747 -0.9052484035491943 0.7630459070205688 0.4915226995944977 -0.41972169280052185,-146.12783813476562 38.56973648071289 1001.7749023437501,0.69
57,541,20,0.44878363609313965,0.566390335559845 -0.8206480741500854 0.07575475424528122 -0.3160184323787689 -0.30115869641304016 -0.8996865153312683 0.7611401677131653 0.48563382029533386 -0.4299132525920868,-141.14939880371094 33.82283401489258 998.506591796875,0.69
57,553,20,0.6382942199707031,0.5779905915260315 -0.8136729001998901 0.062156323343515396 -0.32857635617256165 -0.3017701208591461 -0.8949706554412842 0.7469701766967773 0.4968615472316742 -0.441773921251297,-139.04478454589844 23.206911087036133 1008.0878906249999,0.69
57,554,20,0.5657243728637695,-0.9518791437149048 0.0035231225192546844 0.30645331740379333 0.0475408174097538 -0.9861326217651367 0.15900424122810364 0.30276381969451904 0.1659218817949295 0.9385116100311279,106.09146881103516 -72.96121215820312 988.1173095703125,0.69
57,565,20,0.6394844055175781,0.5770651698112488 -0.815339982509613 0.04707881435751915 -0.31055375933647156 -0.2723822593688965 -0.9106943607330322 0.7553489804267883 0.5109094977378845 -0.410389244556427,-140.27561950683594 22.702322006225586 979.0211791992188,0.69
57,574,20,0.7393732070922852,0.5741515159606934 -0.8137866258621216 0.09000721573829651 -0.3186158239841461 -0.3233437240123749 -0.8910290598869324 0.7542107701301575 0.4829079508781433 -0.44493362307548523,-132.42677307128906 13.960368156433105 964.423095703125,0.69
57,575,20,0.7244327068328857,0.5850648880004883 -0.8074885010719299 0.07524241507053375 -0.3285398781299591 -0.32081887125968933 -0.8883337378501892 0.7414584159851074 0.4950127899646759 -0.4529920518398285,-134.53636169433594 13.3827543258667 976.1712036132812,0.69
57,584,20,0.6181442737579346,0.5762768387794495 -0.812492847442627 0.08809231221675873 -0.32318753004074097 -0.32556790113449097 -0.8885692358016968 0.7506362199783325 0.48359161615371704 -0.45020487904548645,-134.6485595703125 14.741280555725098 953.231201171875,0.69
57,592,20,0.7781267166137695,0.6041468977928162 -0.7917173504829407 0.09049979597330093 -0.3388974666595459 -0.3580581843852997 -0.870024561882019 0.7212178111076355 0.4949524998664856 -0.4846307039260864,-138.18870544433594 25.6309871673584 964.171875,0.69
57,597,20,0.6812324523925781,0.6017969846725464 -0.7936621904373169 0.08911026269197464 -0.32537731528282166 -0.34554344415664673 -0.8801870942115784 0.7293626666069031 0.500699520111084 -0.4661867022514343,-136.73464965820312 26.055810928344727 957.5735473632812,0.69
57,606,20,0.6681129932403564,0.5880568027496338 -0.804657518863678 0.08194812387228012 -0.3253798484802246 -0.3281099200248718 -0.8868324756622314 0.7404844164848328 0.49484357237815857 -0.4547666311264038,-134.07708740234375 21.259437561035156 940.8037109375,0.69
57,610,20,0.9507865905761719,0.596510112285614 -0.7987138628959656 0.07894232869148254 -0.33705034852027893 -0.33855125308036804 -0.8785101771354675 0.7284042835235596 0.497432678937912 -0.4711560308933258,-132.4516143798828 18.308998107910156 951.8748168945312,0.69
57,613,20,0.950700044631958,0.6175373196601868 -0.7820133566856384 0.08427786827087402 -0.3340946137905121 -0.35780081152915955 -0.871985912322998 0.7120592594146729 0.5103270411491394 -0.4822218120098114,-132.0774688720703 18.293289184570312 944.0230102539062,0.69
57,621,20,0.4298349618911743,0.6138277053833008 -0.784655749797821 0.08678135275840759 -0.32657763361930847 -0.3524714708328247 -0.8769897222518921 0.7187228798866272 0.5099797248840332 -0.4726077616214752,-125.08441162109374 17.854305267333984 927.0988159179688,0.69
57,790,20,0.9227886199951172,0.7226008176803589 -0.6870455145835876 0.07626643031835556 -0.2906366288661957 -0.402059942483902 -0.8682616353034973 0.6271988749504089 0.6052407026290894 -0.4902094304561615,-80.83208465576172 17.554927825927734 859.1253662109375,0.69
57,844,20,0.8552443981170654,0.7831990718841553 -0.6192264556884766 0.056194841861724854 -0.26655399799346924 -0.41603657603263855 -0.8694035410881042 0.5617367625236511 0.6659371256828308 -0.49089673161506653,-118.85182189941406 28.591398239135742 885.724853515625,0.69
57,978,20,0.7689275741577148,0.8852896690368652 -0.4642763137817383 0.02663879096508026 -0.2186601758003235 -0.46613219380378723 -0.8572679758071899 0.41042646765708923 0.753105640411377 -0.5141807794570923,-47.95823669433594 -9.455636024475098 895.6107177734375,0.69
57,1026,20,0.34038007259368896,0.8936018943786621 -0.4487215280532837 -0.01116702426224947 -0.2291843146085739 -0.43473300337791443 -0.8709085583686829 0.3859407901763916 0.7808048129081726 -0.49131813645362854,-69.44158172607422 8.193559646606445 895.4154663085938,0.69
57,1028,20,0.6551761627197266,0.893284797668457 -0.4494866132736206 0.002027641050517559 -0.22022601962089539 -0.44158855080604553 -0.8697701096534729 0.3918454051017761 0.7765058875083923 -0.4934529662132263,-69.4648666381836 7.705226898193359 894.1004028320312,0.69
57,1035,20,0.8052663803100586,0.887505054473877 -0.4606602191925049 -0.01127246767282486 -0.22146296501159668 -0.40496140718460083 -0.8871079087257385 0.40409040451049805 0.7898092269897461 -0.46142444014549255,-84.85623168945312 2.1995811462402344 893.4105224609375,0.69
57,1040,20,0.9224843978881836,0.893981397151947 -0.4470178484916687 -0.0311835128813982 -0.23456482589244843 -0.4075353145599365 -0.8825498819351196 0.3818071782588959 0.7962977290153503 -0.4691835939884186,-85.03765106201172 3.7370457649230957 888.5693969726562,0.69
57,1046,20,0.8427886962890625,0.8985256552696228 -0.43724098801612854 -0.03836759924888611 -0.24125786125659943 -0.4189699590206146 -0.8753620982170105 0.36666932702064514 0.7957918047904968 -0.4819430708885193,-81.2020263671875 1.7132644653320312 880.0597534179688,0.69
57,1054,20,0.7188320159912109,0.8981663584709167 -0.4386967718601227 -0.029025398194789886 -0.23878419399261475 -0.4313114881515503 -0.8700301647186279 0.3691604435443878 0.7883626222610474 -0.49214327335357666,-76.91552734375 -0.3936799168586731 879.8321533203125,0.69
57,1057,20,0.6199207305908203,0.8994134664535522 -0.43579795956611633 -0.03369744494557381 -0.23554976284503937 -0.4183042049407959 -0.87723308801651 0.3682006299495697 0.7969326972961426 -0.47888052463531494,-75.7997817993164 -2.0532288551330566 876.7449340820312,0.69
57,1066,20,0.8016238212585449,0.9280503392219543 -0.367174357175827 -0.062494367361068726 -0.23621220886707306 -0.4504987299442291 -0.8609614968299866 0.28796935081481934 0.8137775659561157 -0.5048165917396545,-55.571598052978516 -3.62453031539917 891.0501098632812,0.69
57,1071,20,0.6998271942138672,0.9266176223754883 -0.3743690252304077 -0.03503834828734398 -0.21408647298812866 -0.4486874043941498 -0.8676673769950867 0.3091065287590027 0.8114970922470093 -0.4959089457988739,-50.449893951416016 -2.060979127883911 880.6024780273438,0.69
57,1073,20,0.8926639556884766,0.9259260892868042 -0.3758995234966278 -0.03688561171293259 -0.2148595154285431 -0.4438834488391876 -0.869944155216217 0.3106387257575989 0.8134292364120483 -0.49176880717277527,-50.80990219116211 1.7656052112579346 882.0692138671875,0.69
57,1076,20,0.8719801902770996,0.9409146308898926 -0.3341813087463379 -0.05479598045349121 -0.2117222547531128 -0.45422711968421936 -0.8653620481491089 0.2642979621887207 0.8258333802223206 -0.4981425106525421,-49.989688873291016 5.931419372558594 887.9788208007812,0.69
57,1078,20,0.790325403213501,0.9334442615509033 -0.35621437430381775 -0.04234443977475166 -0.20315858721733093 -0.4276629090309143 -0.8808126449584961 0.2956490218639374 0.8307921886444092 -0.4715675413608551,-51.71791076660156 8.506327629089355 877.9263305664062,0.69
57,1081,20,0.7859408855438232,0.9310794472694397 -0.3633579611778259 -0.032588474452495575 -0.20253102481365204 -0.4405321180820465 -0.8745928406715393 0.30343401432037354 0.8209156394004822 -0.48376166820526123,-57.59901428222656 9.979206085205078 888.8587646484375,0.69
57,1082,20,0.9302537441253662,0.9366148710250854 -0.3484070301055908 -0.036949072033166885 -0.20219478011131287 -0.4513843357563019 -0.8691199421882629 0.28612926602363586 0.821501612663269 -0.4932192862033844,-60.045677185058594 9.084539413452148 892.3807983398438,0.69
57,1083,20,0.24243617057800293,0.9286382794380188 -0.3700946271419525 -0.025707406923174858 -0.1934475600719452 -0.4239378273487091 -0.8847907781600952 0.31655797362327576 0.8266236186027527 -0.4652788043022156,-70.9096908569336 1.7386858463287354 897.9575805664062,0.69
57,1086,20,0.8926239013671875,0.9352388381958008 -0.35274749994277954 -0.02996029332280159 -0.19333194196224213 -0.4380141794681549 -0.8779329657554626 0.2965656816959381 0.8268693089485168 -0.477845162153244,-68.49211883544922 10.224892616271973 889.2013549804688,0.69
57,1087,20,0.8706836700439453,0.9331181049346924 -0.358857125043869 -0.02263341099023819 -0.1832546591758728 -0.42046236991882324 -0.8886107206344604 0.309367835521698 0.8333263993263245 -0.4581032693386078,-68.93733978271484 9.336965560913086 882.2932739257812,0.69
57,1092,20,0.9305226802825928,0.9361403584480286 -0.3508470952510834 -0.02340167947113514 -0.1933993697166443 -0.45816633105278015 -0.8675714731216431 0.29366305470466614 0.8166945576667786 -0.49676159024238586,-69.10613250732422 8.66555118560791 891.1229858398438,0.69
57,1093,20,0.2726011276245117,0.9405291080474854 -0.3381336033344269 -0.03272319585084915 -0.19187696278095245 -0.449270099401474 -0.8725478053092957 0.2803361713886261 0.8269354104995728 -0.4874315857887268,-69.1590347290039 9.701196670532227 889.258056640625,0.69
57,1099,20,0.9136590957641602,0.9446980953216553 -0.3274540305137634 -0.01787124201655388 -0.176731139421463 -0.46244677901268005 -0.8688550591468811 0.2762455940246582 0.8239640593528748 -0.4947439134120941,-62.91738891601563 12.92055606842041 901.3264770507812,0.69
57,1101,20,0.9397971630096436,0.9508605599403381 -0.3082458972930908 -0.029134441167116165 -0.17294861376285553 -0.4507298767566681 -0.8757461905479431 0.2568133771419525 0.8377512693405151 -0.481891930103302,-58.76032257080078 14.858695983886719 902.93603515625,0.69
57,1108,20,0.9175193309783936,0.9541453123092651 -0.29878172278404236 -0.01833745837211609 -0.1648690402507782 -0.4733954668045044 -0.8652831315994263 0.24984993040561676 0.8286290764808655 -0.500947892665863,-53.479209899902344 17.81732940673828 902.4228515625,0.69
57,1116,20,0.9306602478027344,0.9619530439376831 -0.2723974287509918 -0.02111729048192501 -0.15395067632198334 -0.47656527161598206 -0.8655545711517334 0.22571106255054474 0.8358738422393799 -0.5003691911697388,-51.137203216552734 18.106672286987305 910.6731567382812,0.69
57,1118,20,0.9231619834899902,0.9637527465820312 -0.2667231261730194 -0.006267237477004528 -0.13931718468666077 -0.48308444023132324 -0.8644189238548279 0.22753292322158813 0.8339592218399048 -0.5027331709861755,-48.76829147338867 16.344619750976562 902.1156616210938,0.69
57,1159,20,0.9222335815429688,0.9796550869941711 -0.20038270950317383 0.011076108552515507 -0.09027176350355148 -0.4892791509628296 -0.867442786693573 0.17923982441425323 0.8487948179244995 -0.4974137544631958,-33.981590270996094 21.48193359375 916.29931640625,0.69
57,1290,20,0.9514758586883545,0.995887041091919 -0.08101925998926163 0.04055749624967575 -0.004475211258977652 -0.49107638001441956 -0.8711050748825073 0.09049312025308609 0.8673406839370728 -0.489419162273407,-44.83778762817383 -10.000574111938477 940.2029418945312,0.69
57,1440,20,0.17638742923736572,0.9992654919624329 0.027939168736338615 0.02622978575527668 0.036174897104501724 -0.4617977738380432 -0.8862472772598267 -0.012648158706724644 0.8865451812744141 -0.4624692499637604,-56.32454299926758 -34.49402618408203 937.8450927734375,0.69
57,1527,20,0.53558349609375,0.9796161651611328 0.18161219358444214 0.08584456145763397 0.15957386791706085 -0.44397056102752686 -0.8817178606987 -0.12201826274394989 0.8774436116218567 -0.46390125155448914,15.870038032531737 -6.705122947692871 956.8485717773438,0.69
57,1538,20,0.11024147272109985,0.9646093845367432 0.2632412612438202 0.01525932177901268 0.13640519976615906 -0.44863811135292053 -0.8832426071166992 -0.22565999627113342 0.854065477848053 -0.46866798400878906,10.84946060180664 -16.41120719909668 969.9609985351562,0.69
57,1539,20,0.2531468868255615,0.9738073945045471 0.2240275740623474 0.038869407027959824 0.13867786526679993 -0.4497193694114685 -0.882338285446167 -0.18018779158592224 0.8646178841590881 -0.4690077006816864,9.887127876281738 -16.236801147460938 984.2802124023438,0.69
57,1549,20,0.027619481086730957,0.9594680666923523 0.28180205821990967 -0.0029362060595303774 0.1291007697582245 -0.4487706124782562 -0.8842725157737732 -0.25050750374794006 0.8480521440505981 -0.46696195006370544,15.521531105041504 -19.343475341796875 983.4056396484375,0.69
57,1560,20,0.451962947845459,0.9630709886550903 0.26428642868995667 0.051448892802000046 0.16500073671340942 -0.4283168613910675 -0.888436496257782 -0.21276529133319855 0.8641165494918823 -0.4561069905757904,23.833669662475586 -22.921112060546875 979.7127685546875,0.69
57,1563,20,0.3627786636352539,0.9624608159065247 0.2650667428970337 0.05838396027684212 0.17522677779197693 -0.4425390958786011 -0.8794626593589783 -0.20727913081645966 0.8566787838935852 -0.472373366355896,30.344345092773438 -29.6481876373291 999.43505859375,0.69
57,1566,20,0.7100944519042969,0.952926516532898 0.30017656087875366 0.04272283986210823 0.17373201251029968 -0.42509058117866516 -0.8883216381072998 -0.24849224090576172 0.8539276123046875 -0.4572302997112274,33.27596664428711 -16.792415618896484 977.3809814453125,0.69
57,1570,20,0.13826251029968262,0.9370644092559814 0.3456072211265564 0.04965973645448685 0.19779330492019653 -0.40823426842689514 -0.8911916613578796 -0.2877294421195984 0.8449263572692871 -0.4509005546569824,38.7431755065918 -14.189080238342285 978.0858154296875,0.69
57,1585,20,0.7830839157104492,0.9309626817703247 0.36270174384117126 0.041903916746377945 0.19317927956581116 -0.3919214606285095 -0.8994882702827454 -0.3098229765892029 0.8454850316047668 -0.434930682182312,46.97892379760742 -15.036389350891113 971.119384765625,0.69
57,1589,20,0.5380191802978516,0.9466299414634705 0.3087815046310425 0.09244262427091599 0.22457149624824524 -0.42610499262809753 -0.87635737657547 -0.23121266067028046 0.8503461480140686 -0.4727073013782501,40.90565490722656 -15.343573570251465 995.3954467773438,0.69
57,1593,20,0.837409496307373,0.9479599595069885 0.3090217709541321 0.076664038002491 0.2054133266210556 -0.40962326526641846 -0.888827383518219 -0.2432636320590973 0.8583205938339233 -0.4517836570739746,33.087528228759766 -16.619428634643555 994.4710693359375,0.69
57,1602,20,0.29354095458984375,0.9374415278434753 0.3440015912055969 0.05353608727455139 0.19298706948757172 -0.3854871094226837 -0.9023057818412781 -0.2897571623325348 0.8561906218528748 -0.42775958776474,30.31873321533203 -22.246999740600586 982.0361938476562,0.69
57,1612,20,0.7578277587890625,0.9448308944702148 0.3021290898323059 0.12654061615467072 0.25144100189208984 -0.42137765884399414 -0.8713313937187195 -0.20993316173553467 0.8550782799720764 -0.4740982949733734,53.678138732910156 -37.173980712890625 999.940185546875,0.69
57,1621,20,0.2595186233520508,0.9188569188117981 0.3817248046398163 0.09994098544120789 0.2685813009738922 -0.41948243975639343 -0.8671208620071411 -0.2890780568122864 0.8236022591590881 -0.48796844482421875,97.19811248779297 -50.13656234741211 1003.4776000976561,0.69
