scene_id,im_id,obj_id,score,R,t,time
50,620,15,0.975597620010376,-0.6077154278755188 0.790256142616272 0.07859460264444351 -0.23636946082115173 -0.27447137236595154 0.9320916533470154 0.7581632137298584 0.547869086265564 0.3535929024219513,-109.42806243896484 41.411685943603516 935.66064453125,0.69
50,623,15,0.9775390625,-0.6189486384391785 0.7823471426963806 0.06953833252191544 -0.24436044692993164 -0.2759501039981842 0.9295910000801086 0.7464520335197449 0.558376669883728 0.3619736135005951,-109.2122802734375 37.39655303955078 934.177490234375,0.69
50,629,15,0.9785258769989014,-0.6192407608032227 0.7824122309684753 0.06612207740545273 -0.24883966147899628 -0.2754175066947937 0.9285602569580078 0.7447280287742615 0.5585485100746155 0.36524492502212524,-105.64627075195312 32.36326599121094 928.2708129882812,0.69
50,633,15,0.9770617485046387,-0.6163708567619324 0.7845259308815002 0.06786679476499557 -0.25232717394828796 -0.2784113585948944 0.926724374294281 0.745934247970581 0.5540812611579895 0.36956191062927246,-101.38604736328125 29.649953842163086 930.5103759765625,0.69
50,640,15,0.97900390625,-0.614786684513092 0.7853734493255615 0.07228967547416687 -0.25046125054359436 -0.2813257873058319 0.9263503551483154 0.7478678822517395 0.5514020919799805 0.36966097354888916,-90.38756561279297 30.963600158691406 926.7754516601562,0.69
50,642,15,0.9765737056732178,-0.6063792705535889 0.791350781917572 0.07789769023656845 -0.2511221170425415 -0.28352728486061096 0.9254998564720154 0.7544811367988586 0.5416421294212341 0.3706507384777069,-90.23029327392578 30.6145076751709 927.85400390625,0.69
50,644,15,0.97705078125,-0.616079568862915 0.7843376398086548 0.07252901792526245 -0.25085005164146423 -0.2826511859893799 0.9258415699005127 0.7466727495193481 0.5521981716156006 0.37088674306869507,-90.36321258544922 29.49132537841797 929.097412109375,0.69
50,651,15,0.9756088256835938,-0.6150121092796326 0.785291314125061 0.07125745713710785 -0.25412580370903015 -0.2829440236091614 0.9248582720756531 0.7464450001716614 0.5506906509399414 0.373576819896698,-85.46571350097656 25.542461395263672 931.231689453125,0.69
50,653,15,0.9736454486846924,-0.6173990368843079 0.7839027047157288 0.06568897515535355 -0.2645637094974518 -0.2855569124221802 0.9211206436157227 0.7408269643783569 0.5513200759887695 0.38369476795196533,-83.00163269042969 25.999210357666016 928.5130615234375,0.69
50,660,15,0.9746215343475342,-0.6078234910964966 0.7905544638633728 0.07466033846139908 -0.256812185049057 -0.28467559814453125 0.9235838651657104 0.751397430896759 0.5422022938728333 0.37605658173561096,-77.53540802001953 28.53921890258789 926.7601318359375,0.69
50,662,15,0.9751095771789551,-0.6101282835006714 0.7889133095741272 0.07320734113454819 -0.25199732184410095 -0.2808254659175873 0.9260855317115784 0.7511597275733948 0.5465829372406006 0.3701435923576355,-77.59224700927734 29.915952682495117 926.6347045898438,0.69
50,671,15,0.97998046875,-0.6235800981521606 0.7788874506950378 0.06694885343313217 -0.25926724076271057 -0.2868398427963257 0.9222273826599121 0.7375150322914124 0.5577249526977539 0.38080763816833496,-71.18050384521484 28.74374008178711 926.1390380859375,0.69
50,681,15,0.9736454486846924,-0.6219956874847412 0.7793976068496704 0.07523780316114426 -0.2487756311893463 -0.2878096401691437 0.9248114824295044 0.7424500584602356 0.5565113425254822 0.3729115128517151,-63.401832580566406 30.499319076538086 920.3169555664062,0.69
50,682,15,0.9755859375,-0.6238617897033691 0.7778913974761963 0.07537588477134705 -0.25229835510253906 -0.2917410135269165 0.9226227402687073 0.7396905422210693 0.5565718412399292 0.3782667815685272,-63.04858779907227 31.426231384277344 924.0846557617188,0.69
50,701,15,0.9765737056732178,-0.6301611065864563 0.7722049355506897 0.08121868222951889 -0.23399204015731812 -0.288598895072937 0.9284171462059021 0.7403679490089417 0.5660478472709656 0.36255359649658203,-61.12836456298828 44.454288482666016 919.6362915039062,0.69
50,712,15,0.98095703125,-0.6337339878082275 0.7692448496818542 0.08150845766067505 -0.22607120871543884 -0.2849474251270294 0.9315024018287659 0.7397790551185608 0.5718980431556702 0.3544849753379822,-51.27179718017578 52.021121978759766 920.8716430664062,0.69
50,721,15,0.97900390625,-0.6242851614952087 0.7766534686088562 0.08412797749042511 -0.22954028844833374 -0.285305380821228 0.9305439591407776 0.7467123866081238 0.5616140961647034 0.35638514161109924,-39.98673629760742 50.0161018371582 920.9486694335938,0.69
50,722,15,0.978515625,-0.6289706230163574 0.7731983065605164 0.08099591732025146 -0.22977201640605927 -0.2844128906726837 0.9307599067687988 0.7426983714103699 0.5668100714683533 0.35654667019844055,-39.36882781982422 50.40719223022461 920.2029418945312,0.69
50,735,15,0.9780378341674805,-0.6260119080543518 0.7747971415519714 0.08830945193767548 -0.22247885167598724 -0.2859885096549988 0.9320481419563293 0.7474036812782288 0.5638262033462524 0.3514081835746765,-30.622983932495117 51.077945709228516 918.4948120117188,0.69
50,737,15,0.9795019626617432,-0.6251177191734314 0.7761789560317993 0.08230459690093994 -0.22506225109100342 -0.2802131175994873 0.9331814050674438 0.7473785877227783 0.5648245215415955 0.34985479712486267,-30.041715621948242 50.57311248779297 913.8326416015625,0.69
50,751,15,0.98046875,-0.6301406025886536 0.7715722918510437 0.08717294782400131 -0.22091412544250488 -0.28577303886413574 0.932486355304718 0.7443922758102417 0.5683397650718689 0.35052838921546936,-24.235815048217773 54.489341735839844 918.7532348632812,0.69
50,757,15,0.9809660911560059,-0.6300362944602966 0.7713261842727661 0.09005644172430038 -0.21897488832473755 -0.2877197861671448 0.9323450922966003 0.7450531721115112 0.5676911473274231 0.3501749336719513,-23.172895431518555 54.71885299682617 914.0502319335938,0.69
50,769,15,0.9780378341674805,-0.6439685821533203 0.7594963312149048 0.09203153848648071 -0.20622363686561584 -0.28816625475883484 0.9351107478141785 0.7367335557937622 0.5832028388977051 0.34219610691070557,-20.14341163635254 55.89350128173828 912.8284912109375,0.69
50,923,15,0.98486328125,-0.7348244786262512 0.668976902961731 0.11181599646806717 -0.16065892577171326 -0.3318426311016083 0.9295532703399658 0.6589549779891968 0.665094256401062 0.3513232171535492,-12.274497032165527 47.233219146728516 865.2601928710938,0.69
50,1026,15,0.984375,-0.8178243637084961 0.5645638704299927 0.11149412393569946 -0.1280515193939209 -0.367419570684433 0.9211978912353516 0.5610402226448059 0.7391011118888855 0.37277790904045105,-38.12601089477539 60.73884201049805 815.2574462890625,0.69
50,1044,15,0.98779296875,-0.8425236940383911 0.5278027057647705 0.10760176926851273 -0.12122110277414322 -0.38041651248931885 0.9168362617492676 0.5248421430587769 0.7594127058982849 0.3844907581806183,-47.47885513305664 64.4931640625 810.9671020507812,0.69
50,1052,15,0.9853515625,-0.8438490033149719 0.5255842208862305 0.10807513445615768 -0.12177307903766632 -0.3837398886680603 0.9153770208358765 0.5225803852081299 0.7592793703079224 0.3878204822540283,-50.18204879760742 63.54976272583007 804.599609375,0.69
50,1058,15,0.98388671875,-0.8492270708084106 0.5178403258323669 0.10322226583957672 -0.12213218212127686 -0.3828207552433014 0.915713906288147 0.5137091875076294 0.7650423049926758 0.38834670186042786,-50.33099365234375 62.6278076171875 802.3636474609375,0.69
50,1066,15,0.986328125,-0.8558351397514343 0.5066649317741394 0.10410001873970032 -0.11562053859233856 -0.3835550844669342 0.9162517189979553 0.5041607618331909 0.7721243500709534 0.3868408203125,-51.52153015136719 61.26335906982422 796.5455932617188,0.69
50,1077,15,0.986328125,-0.8598987460136414 0.5003629326820374 0.10104958713054657 -0.11911971867084503 -0.3891820013523102 0.9134264588356018 0.49637141823768616 0.7734171748161316 0.3942602276802063,-50.04917907714844 65.4618148803711 794.976806640625,0.69
50,1094,15,0.98583984375,-0.8596892356872559 0.4998481869697571 0.10529103875160217 -0.10700400918722153 -0.37776678800582886 0.9196969270706177 0.4994843006134033 0.7793869376182556 0.37824779748916626,-49.88916015625 75.99430084228516 789.54443359375,0.69
50,1098,15,0.9873046875,-0.863808810710907 0.49374884366989136 0.10023141652345657 -0.11336594074964523 -0.38432425260543823 0.9162112474441528 0.49089956283569336 0.7800685167312622 0.38795700669288635,-51.498653411865234 76.58110809326172 790.532470703125,0.69
50,1105,15,0.98486328125,-0.8648868799209595 0.49225857853889465 0.0982457771897316 -0.11553909629583359 -0.3856896758079529 0.9153655767440796 0.48848897218704224 0.7803364396095276 0.3904530107975006,-50.287296295166016 78.01851654052734 790.3048095703125,0.69
50,1113,15,0.9853515625,-0.8676193952560425 0.4885466396808624 0.09251317381858826 -0.10935797542333603 -0.3689897060394287 0.9229774475097656 0.48505398631095886 0.7906761169433594 0.3735691010951996,-48.76094055175781 82.47862243652344 784.1070556640625,0.69
50,1125,15,0.98486328125,-0.872656524181366 0.4814777672290802 0.08154498040676117 -0.1179271787405014 -0.3698214888572693 0.9215884208679199 0.47388142347335815 0.7946138381958008 0.37950649857521057,-51.509002685546875 80.67706298828125 778.571533203125,0.69
50,1130,15,0.9819421768188477,-0.8778970837593079 0.472362756729126 0.07854978740215302 -0.11909064650535583 -0.3742614686489105 0.9196443557739258 0.4638039469718933 0.7979985475540161 0.38481706380844116,-53.932926177978516 80.06790924072266 775.9613037109375,0.69
50,1145,15,0.98681640625,-0.8824384212493896 0.462746798992157 0.0846618264913559 -0.10432098805904388 -0.36797934770584106 0.9239633083343506 0.45871490240097046 0.8065087795257568 0.3729933798313141,-53.959659576416016 76.65077209472656 768.9837036132812,0.69
50,1150,15,0.98583984375,-0.8774130940437317 0.47096186876296997 0.09132996946573257 -0.10333386063575745 -0.3714430332183838 0.9226874709129333 0.46847444772720337 0.8001406192779541 0.37457531690597534,-54.02082443237305 74.53155517578125 770.1312255859375,0.69
50,1169,15,0.9853515625,-0.8842668533325195 0.4585795998573303 0.08818639069795609 -0.10054317861795425 -0.37137511372566223 0.9230230450630188 0.4560298025608063 0.8073321580886841 0.3745017647743225,-53.630550384521484 70.99807739257812 769.7509155273438,0.69
50,1189,15,0.9853515625,-0.8919256925582886 0.4443536698818207 0.08377494663000107 -0.09811816364526749 -0.3710409998893738 0.9234182834625244 0.44140830636024475 0.8154006600379944 0.37454017996788025,-51.8902702331543 73.4920654296875 770.9872436523438,0.69
50,1192,15,0.984375,-0.8889452815055847 0.4482730031013489 0.09395547956228256 -0.09211927652359009 -0.37593433260917664 0.9220560789108276 0.4486539363861084 0.8110023140907288 0.3754796087741852,-50.97299575805664 76.78639221191406 773.41259765625,0.69
50,1209,15,0.9843823909759521,-0.8958430290222168 0.4348422586917877 0.09152907133102417 -0.09039779752492905 -0.38000014424324036 0.9205585718154907 0.43507882952690125 0.816402018070221 0.3797292411327362,-56.04389953613281 84.43856811523438 769.8956298828125,0.69
50,1216,15,0.98583984375,-0.8999358415603638 0.42565712332725525 0.09450653195381165 -0.08272918313741684 -0.379501074552536 0.921485185623169 0.428102046251297 0.8214590549468994 0.3767409026622772,-55.21818542480469 83.3104476928711 766.8901977539062,0.69
50,1242,15,0.98486328125,-0.9116421341896057 0.39856138825416565 0.10028734058141708 -0.064967580139637 -0.38070279359817505 0.9224123358726501 0.4058176279067993 0.8343945145606995 0.372958242893219,-62.379390716552734 89.23729705810547 759.3486328125,0.69
50,1246,15,0.98388671875,-0.9116553068161011 0.3982565999031067 0.10137200355529785 -0.061387814581394196 -0.37587931752204895 0.9246329665184021 0.40634486079216003 0.8367235660552979 0.36712050437927246,-64.59002685546875 89.16960906982422 756.999267578125,0.69
50,1263,15,0.9853515625,-0.921791136264801 0.37688931822776794 0.09085962176322937 -0.06738904863595963 -0.3865621089935303 0.9197980761528015 0.38178494572639465 0.8417388200759888 0.38172778487205505,-65.46623229980469 81.77022552490234 753.1063232421875,0.69
50,1266,15,0.98583984375,-0.924470067024231 0.37102723121643066 0.08771483600139618 -0.07006719708442688 -0.39149215817451477 0.9175099730491638 0.37476080656051636 0.842064619064331 0.3879196345806122,-65.35169982910156 80.03775024414062 752.364501953125,0.69
50,1280,15,0.984375,-0.9255962371826172 0.3642527461051941 0.10291523486375809 -0.056221798062324524 -0.4011807441711426 0.914271891117096 0.3743136525154114 0.8404605388641357 0.3918103277683258,-64.78195190429688 78.06608581542969 751.9502563476562,0.69
50,1284,15,0.986328125,-0.9303147196769714 0.3533514440059662 0.09827126562595367 -0.05665646493434906 -0.4031842052936554 0.9133633375167847 0.3623596727848053 0.8441476225852966 0.39510786533355713,-63.513755798339844 76.64534759521484 750.9509887695312,0.69
50,1324,15,0.98583984375,-0.9424816370010376 0.31788110733032227 0.10334385186433792 -0.046337537467479706 -0.43044185638427734 0.9014281034469604 0.3310304880142212 0.8447906970977783 0.42041337490081787,-74.87491607666016 71.06766510009766 742.1843872070312,0.69
50,1480,15,0.984375,-0.9491172432899475 0.2883426249027252 0.12662923336029053 0.013612473383545876 -0.36415737867355347 0.9312379360198975 0.314628541469574 0.8855776190757751 0.34170302748680115,-56.28643798828125 105.88128662109375 832.8471069335938,0.69
50,1542,15,0.9814453125,-0.9591779112815857 0.2553667426109314 0.12151370197534561 0.01675509102642536 -0.3776061534881592 0.9258146286010742 0.28230661153793335 0.8900569081306458 0.3579127788543701,-55.78638458251953 55.97837448120117 819.1578369140625,0.69
50,1564,15,0.9819421768188477,-0.9624130725860596 0.2448795586824417 0.11745274066925049 0.014377528801560402 -0.38591909408569336 0.9224205613136292 0.2712092101573944 0.889438271522522 0.3678927719593048,-56.29067611694336 52.783409118652344 815.859130859375,0.69
50,1592,15,0.9833984375,-0.9627273678779602 0.2365596741437912 0.1311316341161728 0.030236443504691124 -0.3876539170742035 0.9213089942932129 0.2687782347202301 0.8909342885017395 0.3660523593425751,-52.59806442260742 58.39969253540039 811.3344116210938,0.69
50,1593,15,0.982421875,-0.9634625911712646 0.23354807496070862 0.13113002479076385 0.03149351105093956 -0.38740137219429016 0.9213730692863464 0.2659848630428314 0.8918381929397583 0.3658914864063263,-52.39809036254883 58.780052185058594 811.3768920898438,0.69
50,1613,15,0.9833984375,-0.9662242531776428 0.22411079704761505 0.1272205263376236 0.030935676768422127 -0.3892315924167633 0.920620322227478 0.2558392286300659 0.8934613466262817 0.3691519796848297,-56.01307678222656 64.44622802734375 808.264404296875,0.69
50,1629,15,0.9833984375,-0.9716475009918213 0.2053273767232895 0.11722546070814133 0.027485618367791176 -0.39435067772865295 0.9185489416122437 0.23483118414878845 0.895727813243866 0.37752631306648254,-58.682044982910156 64.20621490478516 799.4891357421875,0.69
50,1656,15,0.984375,-0.9716841578483582 0.20115415751934052 0.12396351248025894 0.03358149155974388 -0.40174564719200134 0.915135383605957 0.23388506472110748 0.8933854103088379 0.38361480832099915,-58.776023864746094 55.494544982910156 789.5324096679688,0.69
50,1658,15,0.98486328125,-0.9720197916030884 0.2012539505958557 0.12113805115222931 0.03161238506436348 -0.3989347219467163 0.9164342284202576 0.2327622026205063 0.894621729850769 0.3814103305339813,-57.703887939453125 54.037864685058594 790.8680419921875,0.69
50,1669,15,0.9858465194702148,-0.9746571183204651 0.18802154064178467 0.12120804190635681 0.03552492707967758 -0.40485724806785583 0.9136895537376404 0.22086526453495026 0.8948399424552917 0.38791754841804504,-61.7879753112793 58.881160736083984 779.3905029296875,0.69
50,1678,15,0.98291015625,-0.9758816957473755 0.17995774745941162 0.1235719621181488 0.039568476378917694 -0.41087114810943604 0.9108343720436096 0.21468384563922882 0.8937561511993408 0.3938409984111786,-69.4969711303711 64.6129150390625 769.5005493164062,0.69
50,1695,15,0.984870433807373,-0.9759097099304199 0.18471279740333557 0.11610989272594452 0.030511386692523956 -0.4114101827144623 0.9109395146369934 0.21603095531463623 0.8925374150276184 0.3958633244037628,-75.26921081542969 58.8343391418457 759.1337890625,0.69
50,1708,15,0.984375,-0.9758365154266357 0.18711665272712708 0.1128295511007309 0.027155399322509766 -0.408517450094223 0.9123464822769165 0.21680805087089539 0.8933649659156799 0.39356496930122375,-81.2240219116211 59.45827102661133 752.2074584960938,0.69
50,1711,15,0.98388671875,-0.9764295816421509 0.18594691157341003 0.10958623141050339 0.025060217827558517 -0.40662330389022827 0.9132521748542786 0.21437674760818481 0.8944726586341858 0.39237910509109497,-81.62339782714844 59.491981506347656 749.2803955078125,0.69
50,1713,15,0.98583984375,-0.978373646736145 0.17790743708610535 0.10551749169826508 0.02496727928519249 -0.4048245847225189 0.9140534400939941 0.20533297955989838 0.8969203233718872 0.39162784814834595,-80.18798065185547 58.30046081542969 747.4404296875,0.69
50,1714,15,0.9853515625,-0.9785606861114502 0.17809276282787323 0.10345038771629333 0.02228647656738758 -0.4077756404876709 0.9128101468086243 0.20474942028522491 0.8955456614494324 0.3950641453266144,-79.69583892822266 57.19596862792969 748.4747924804688,0.69
50,1718,15,0.9863405227661133,-0.9790226221084595 0.17789024114608765 0.09934742003679276 0.01911836303770542 -0.4052356779575348 0.9140123128890991 0.2028529942035675 0.8967381119728088 0.39333388209342957,-76.6471939086914 51.151954650878906 743.0108032226562,0.69
50,1719,15,0.9853515625,-0.98035728931427 0.17314031720161438 0.09445666521787643 0.014117996208369732 -0.41608378291130066 0.9092166423797607 0.19672395288944244 0.8926907181739807 0.40546637773513794,-76.860595703125 50.42324447631836 743.2966918945312,0.69
50,1733,15,0.98388671875,-0.9781012535095215 0.18046681582927704 0.10368034988641739 0.02269098162651062 -0.4027208089828491 0.9150415062904358 0.20688888430595398 0.897355854511261 0.3898067772388458,-78.66776275634766 64.4782943725586 737.3294067382812,0.69
50,1743,15,0.9853515625,-0.9785629510879517 0.18033915758132935 0.09946058690547943 0.02001739665865898 -0.3973676860332489 0.9174411296844482 0.2049729973077774 0.8997648358345032 0.38523930311203003,-68.84213256835938 61.72718048095703 741.1217651367188,0.69
50,1745,15,0.98388671875,-0.9763971567153931 0.18769560754299164 0.1068597361445427 0.02702934853732586 -0.3846819996833801 0.922653317451477 0.2142849862575531 0.9037644267082214 0.37052908539772034,-67.3556900024414 59.39559555053711 740.1055908203125,0.69
50,1756,15,0.98486328125,-0.9810188412666321 0.17057442665100098 0.09223013371229172 0.020359989255666733 -0.3823925852775574 0.9237756133079529 0.19284062087535858 0.9081191420555115 0.3716614246368408,-67.24656677246094 58.0572395324707 731.9759521484375,0.69
50,1778,15,0.9892578125,-0.9810510277748108 0.1726854145526886 0.08785615116357803 0.018371403217315674 -0.36849862337112427 0.929446816444397 0.19287675619125366 0.9134487509727478 0.3583434522151947,-57.52827072143555 52.16908645629883 736.5547485351562,0.69
50,1782,15,0.9858636856079102,-0.982059121131897 0.16416147351264954 0.09279495477676392 0.026048438623547554 -0.3692774772644043 0.9289540648460388 0.18676553666591644 0.9147049784660339 0.358376145362854,-59.77524185180664 50.09595489501953 733.8199462890625,0.69
50,1874,15,0.98486328125,-0.9927552342414856 0.09079651534557343 0.07869650423526764 0.04371223226189613 -0.3371618092060089 0.9404314160346985 0.11192133277654648 0.9370582103729248 0.3307501971721649,-62.63526535034179 67.54487609863281 696.2557983398438,0.69
54,1,15,0.9677889347076416,-0.6951886415481567 0.03528881445527077 0.7179606556892395 -0.4116283357143402 -0.8383626341819763 -0.3573656976222992 0.5893003344535828 -0.5439695119857788 0.5973460078239441,22.857919692993164 2.026357889175415 948.6381225585938,0.69
54,22,15,0.9658203125,-0.6645915508270264 0.04325323924422264 0.7459539175033569 -0.4299195408821106 -0.838657557964325 -0.33439901471138 0.6111360192298889 -0.5429389476776123 0.5759601593017578,42.99760437011719 0.007869415916502476 947.5647583007812,0.69
54,32,15,0.96826171875,-0.6303277015686035 0.0780942291021347 0.7723912596702576 -0.43677160143852234 -0.8582016825675964 -0.26966726779937744 0.641808032989502 -0.5073373317718506 0.5750576257705688,46.5169677734375 21.48464584350586 954.6163940429688,0.69
54,38,15,0.9673452377319336,-0.6494117379188538 0.07643992453813553 0.7565852403640747 -0.4496881663799286 -0.8409302234649658 -0.301026314496994 0.6132250428199768 -0.5357174277305603 0.5804840922355652,37.88655090332031 1.509498953819275 978.0842895507812,0.69
54,43,15,0.9702291488647461,-0.6497572660446167 0.07360519468784332 0.7565697431564331 -0.45711034536361694 -0.8330669403076172 -0.3115279972553253 0.6073431968688965 -0.5482534170150757 0.5749368667602539,33.9855842590332 -25.018497467041016 970.4237060546875,0.69
54,50,15,0.9668128490447998,-0.6357499361038208 0.06847969442605972 0.7688513994216919 -0.4557439982891083 -0.8372126817703247 -0.3022783398628235 0.6229922771453857 -0.5425728559494019 0.5634671449661255,26.90823745727539 -25.961345672607422 956.2009887695312,0.69
54,56,15,0.9688329696655273,-0.6448983550071716 0.06319861859083176 0.7616508603096008 -0.442311555147171 -0.8435829877853394 -0.30451321601867676 0.6232708096504211 -0.533267080783844 0.5719788074493408,13.829055786132812 -16.757604598999023 965.8097534179688,0.69
54,63,15,0.9688072204589844,-0.6178617477416992 0.05537668243050575 0.7843343019485474 -0.4521758258342743 -0.8410918712615967 -0.29681897163391113 0.6432603001594543 -0.53805011510849 0.5447185039520264,31.99007797241211 -29.331315994262695 962.144775390625,0.69
54,69,15,0.970717191696167,-0.5965050458908081 0.07685296982526779 0.7989214062690735 -0.4643944799900055 -0.8449082374572754 -0.2654578387737274 0.6546140313148499 -0.5293616652488708 0.5396820902824402,35.702789306640625 -25.01955223083496 952.1345825195312,0.69
54,81,15,0.9702291488647461,-0.5309155583381653 0.08933449536561966 0.8427028059959412 -0.47104746103286743 -0.8577561378479004 -0.20583675801753998 0.7044451832771301 -0.5062350034713745 0.49747681617736816,72.77337646484375 4.273261070251465 949.603759765625,0.69
54,86,15,0.9726693630218506,-0.5427671074867249 0.0978301391005516 0.8341661691665649 -0.4593314230442047 -0.8660756349563599 -0.19730086624622345 0.7031490206718445 -0.4902471601963043 0.5150138139724731,67.67431640625 9.46134090423584 959.8756103515625,0.69
54,90,15,0.9677889347076416,-0.5333684682846069 0.09370217472314835 0.8406770825386047 -0.4725359082221985 -0.8573180437088013 -0.2042439579963684 0.7015894651412964 -0.506187379360199 0.5015440583229065,63.333415985107415 0.5820322632789612 954.2157592773438,0.69
54,135,15,0.958984375,-0.5292868614196777 0.08562932163476944 0.8441108465194702 -0.45549318194389343 -0.8680431246757507 -0.19755297899246216 0.7158082723617554 -0.48904892802238464 0.49844732880592346,63.27490615844726 -5.6937055587768555 1054.5872802734375,0.69
54,202,15,0.951263427734375,-0.5355329513549805 0.08222227543592453 0.840502142906189 -0.3960219621658325 -0.9034869074821472 -0.16394491493701935 0.7459028363227844 -0.420655220746994 0.5164088606834412,65.12835693359375 6.9011101722717285 1127.369140625,0.69
54,390,15,0.95263671875,-0.4722360372543335 0.062214840203523636 0.8792738318443298 -0.35019999742507935 -0.928646445274353 -0.12237539887428284 0.8089209198951721 -0.3657117486000061 0.46032801270484924,59.3907585144043 7.61178731918335 1058.2506103515625,0.69
54,479,15,0.95166015625,-0.38399046659469604 0.08788596093654633 0.9191449880599976 -0.4261976182460785 -0.8999395966529846 -0.09200265258550644 0.8190891146659851 -0.42706555128097534 0.3830249607563019,80.1997299194336 -17.183183670043945 967.1174926757812,0.69
54,514,15,0.9702692031860352,-0.34388086199760437 0.08873724937438965 0.9348110556602478 -0.43476489186286926 -0.8974368572235107 -0.07474370300769806 0.8323013782501221 -0.43212592601776123 0.34719118475914,96.37091064453125 -22.839366912841797 929.2818603515625,0.69
54,520,15,0.9663405418395996,-0.3387957513332367 0.09161514043807983 0.9363888502120972 -0.43377479910850525 -0.8983717560768127 -0.06904885172843933 0.8348994255065918 -0.4295753240585327 0.3441047966480255,99.19766998291016 -19.09388542175293 921.7097778320312,0.69
54,524,15,0.9614801406860352,-0.3336485028266907 0.094377800822258 0.9379613399505615 -0.4319465160369873 -0.8996874094009399 -0.0631239041686058 0.8379145264625549 -0.42621031403541565 0.3409455418586731,95.56416320800781 -19.6556339263916 923.0090942382812,0.69
54,530,15,0.9585161209106445,-0.33029159903526306 0.09361588209867477 0.9392250180244446 -0.4273834526538849 -0.9020516872406006 -0.06038469448685646 0.8415763974189758 -0.4213537871837616 0.3379499614238739,89.62798309326172 -14.713788032531738 911.1302490234375,0.69
54,537,15,0.9619846343994141,-0.33372047543525696 0.08276090770959854 0.9390320777893066 -0.4150552451610565 -0.9072856903076172 -0.06754258275032043 0.8463804721832275 -0.4122905433177948 0.3371301591396332,90.25997924804688 -1.1558117866516113 907.9901123046875,0.69
54,543,15,0.9575400352478027,-0.34338313341140747 0.08495110273361206 0.9353455901145935 -0.40643227100372314 -0.9112616777420044 -0.06644529104232788 0.8466999530792236 -0.4029708504676819 0.347438782453537,93.41959381103516 5.313215732574463 907.01904296875,0.69
54,560,15,0.9648606777191162,-0.3302091062068939 0.09246965497732162 0.9393675327301025 -0.40938547253608704 -0.9107468724250793 -0.05425602197647095 0.850508987903595 -0.40247926115989685 0.33859261870384216,98.94976043701172 11.507113456726074 898.427490234375,0.69
54,561,15,0.9600696563720703,-0.3289529085159302 0.09131986647844315 0.9399205446243286 -0.40758851170539856 -0.9115627408027649 -0.05408289656043053 0.8518577218055725 -0.4008915424346924 0.3370821475982666,98.77404022216797 11.832828521728516 895.976806640625,0.69
54,568,15,0.958554744720459,-0.35566651821136475 0.10179683566093445 0.9290526509284973 -0.41122695803642273 -0.9097015857696533 -0.05775231122970581 0.8392816185951233 -0.4025920331478119 0.36541202664375305,89.07427215576172 11.114362716674805 894.1627197265625,0.69
54,577,15,0.9614443778991699,-0.37670716643333435 0.10096695274114609 0.9208134412765503 -0.41141271591186523 -0.90885990858078 -0.06865375488996506 0.8299586176872253 -0.4046967327594757 0.3839131295681,84.0542984008789 12.441987037658691 894.0338745117188,0.69
54,583,15,0.9595112800598145,-0.3950953185558319 0.09009218215942383 0.9142117500305176 -0.4129299223423004 -0.9063905477523804 -0.08913466334342957 0.8206025958061218 -0.41272205114364624 0.39531242847442627,81.92488861083984 11.651893615722656 888.5294189453125,0.69
54,588,15,0.9619140625,-0.40149110555648804 0.0922354906797409 0.9112066626548767 -0.40780943632125854 -0.9088464975357056 -0.08769027143716812 0.8200587034225464 -0.40680554509162903 0.4025082588195801,83.5390396118164 13.923243522644043 888.640380859375,0.69
54,589,15,0.9605050086975098,-0.4097394645214081 0.09264577180147171 0.9074857831001282 -0.40460285544395447 -0.9100755453109741 -0.08977234363555908 0.8175634741783142 -0.4039545953273773 0.4103786051273346,83.72847747802734 14.563146591186523 891.4854736328125,0.69
54,595,15,0.958554744720459,-0.41664308309555054 0.08968017995357513 0.9046358466148376 -0.39954429864883423 -0.9119214415550232 -0.09361348301172256 0.8165615797042847 -0.40044552087783813 0.4157770276069641,85.25527954101562 17.939363479614258 889.7654418945312,0.69
54,598,15,0.9644055366516113,-0.4290929138660431 0.08843283355236053 0.8989209532737732 -0.39864498376846313 -0.9115696549415588 -0.10061293840408325 0.8105315566062927 -0.4015226364135742 0.42640140652656555,84.70079040527344 20.07994842529297 889.8308715820312,0.69
54,604,15,0.9604682922363281,-0.4289994537830353 0.09015937894582748 0.8987940549850464 -0.4020865857601166 -0.9100550413131714 -0.10062919557094574 0.8088794350624084 -0.40456289052963257 0.42666497826576233,81.97743225097656 23.923551559448242 888.2042846679688,0.69
54,681,15,0.96875,-0.57652348279953 0.08521069586277008 0.8126253485679626 -0.3817942440509796 -0.9073896408081055 -0.17571942508220673 0.7223945260047913 -0.41156205534935 0.5556643009185791,42.42470169067383 18.686965942382812 903.6110229492188,0.69
54,741,15,0.9614443778991699,-0.6587536931037903 0.10155017673969269 0.7454737424850464 -0.35719189047813416 -0.9142736196517944 -0.19109566509723663 0.6621612310409546 -0.39216214418411255 0.638554036617279,54.29563522338867 25.920217514038086 919.5621337890625,0.69
54,866,15,0.9697265625,-0.7432870268821716 0.06494336575269699 0.6658129096031189 -0.29582345485687256 -0.9245858788490295 -0.24006140232086182 0.6000108122825623 -0.37539759278297424 0.7064443826675415,80.3244400024414 23.321495056152344 936.1321411132812,0.69
54,1012,15,0.9682769775390625,-0.7828918695449829 0.06799587607383728 0.6184309124946594 -0.2833558917045593 -0.9239019155502319 -0.25712740421295166 0.5538858771324158 -0.376539021730423 0.7425824999809265,108.07861328125 24.212158203125 932.9769897460938,0.69
54,1024,15,0.9746444225311279,-0.7675703763961792 0.08159208297729492 0.6357503533363342 -0.296802282333374 -0.9243632555007935 -0.23971036076545715 0.5681057572364807 -0.3726867139339447 0.7337305545806885,140.9217071533203 22.149017333984375 926.7532348632812,0.69
54,1025,15,0.97119140625,-0.775540828704834 0.08070171624422073 0.6261179447174072 -0.2935212552547455 -0.9241691827774048 -0.2444518804550171 0.558911144733429 -0.37336134910583496 0.740418553352356,144.01092529296875 23.461320877075195 924.9730224609375,0.69
54,1028,15,0.96923828125,-0.7775869965553284 0.08652055263519287 0.6227942109107971 -0.28636831045150757 -0.9305294752120972 -0.2282717078924179 0.5597782731056213 -0.35584962368011475 0.7483443021774292,146.92605590820312 27.949466705322266 926.2066650390625,0.69
54,1029,15,0.96875,-0.7817503809928894 0.08102621138095856 0.618304967880249 -0.29079243540763855 -0.9244845509529114 -0.2465120255947113 0.5516394376754761 -0.37250927090644836 0.7462779879570007,146.2924346923828 28.50019645690918 922.554443359375,0.69
54,1032,15,0.9658203125,-0.7869002223014832 0.08340572565793991 0.6114177107810974 -0.28936243057250977 -0.9250087141990662 -0.24622826278209686 0.5450298190116882 -0.3706783950328827 0.7520239949226379,147.95626831054688 29.313072204589844 921.2282104492188,0.69
54,1033,15,0.96826171875,-0.7844584584236145 0.08523344248533249 0.6142964363098145 -0.2940777540206909 -0.9231950640678406 -0.2474452406167984 0.5460247993469238 -0.3747614324092865 0.7492735385894775,147.67909240722656 28.699337005615234 918.8253173828125,0.69
54,1039,15,0.9765625,-0.7910915613174438 0.08680403232574463 0.6055073142051697 -0.29043126106262207 -0.924490749835968 -0.24691396951675415 0.5383527874946594 -0.37118983268737793 0.7565675377845764,138.42706298828125 20.25228500366211 917.8648681640625,0.69
54,1042,15,0.970717191696167,-0.7977032661437988 0.08848936855792999 0.5965225696563721 -0.29092878103256226 -0.9229230284690857 -0.2521378993988037 0.5282329320907593 -0.37467682361602783 0.7619627714157104,132.30111694335938 15.652770042419432 923.5009155273438,0.69
54,1063,15,0.974609375,-0.8268817067146301 0.07410023361444473 0.5574727654457092 -0.28018394112586975 -0.9137758016586304 -0.29412737488746643 0.4876101613044739 -0.39940345287323 0.7763461470603943,101.25824737548828 -0.9362990856170654 929.7845458984375,0.69
54,1068,15,0.97314453125,-0.8284798264503479 0.06949467957019806 0.5556902885437012 -0.27368927001953125 -0.9159446358680725 -0.2934957444667816 0.4885851740837097 -0.39524179697036743 0.777861475944519,97.72503662109375 -7.158010005950928 927.634765625,0.69
54,1080,15,0.9755859375,-0.8422034382820129 0.06494490802288055 0.5352341532707214 -0.26584452390670776 -0.9136752486228943 -0.3074479103088379 0.46906301379203796 -0.40122276544570923 0.7867656946182251,91.8009033203125 -13.3115873336792 928.5850830078125,0.69
54,1083,15,0.97314453125,-0.8422027230262756 0.06768494844436646 0.5348955392837524 -0.26715901494026184 -0.9141203761100769 -0.3049751818180084 0.4683167040348053 -0.3997530937194824 0.7879573702812195,90.9311294555664 -14.835460662841797 928.7955932617188,0.69
54,1089,15,0.9755859375,-0.8438940048217773 0.06090819463133812 0.5330412983894348 -0.2670682966709137 -0.9093818664550781 -0.3189031481742859 0.46531426906585693 -0.4114789068698883 0.7836885452270508,98.18689727783203 -14.644020080566406 926.4164428710938,0.69
54,1096,15,0.9775390625,-0.8362108469009399 0.0704999566078186 0.5438575744628906 -0.2740582525730133 -0.9127120971679688 -0.3030652403831482 0.47501933574676514 -0.40247511863708496 0.7825409173965454,103.26834869384766 -9.513275146484375 926.0761108398438,0.69
54,1106,15,0.9716796875,-0.8345763087272644 0.06283081322908401 0.5472975969314575 -0.2642824053764343 -0.9173519015312195 -0.29769155383110046 0.48336026072502136 -0.3930874466896057 0.7822052836418152,110.21422576904297 7.85651731491089 926.237060546875,0.69
54,1110,15,0.97216796875,-0.8498045206069946 0.06403874605894089 0.5231934785842896 -0.2547822892665863 -0.9188380241394043 -0.30136820673942566 0.4614308178424835 -0.3894044756889343 0.7971485257148743,121.05144500732422 21.15127944946289 931.3888549804688,0.69
54,1111,15,0.9721813201904297,-0.8421153426170349 0.06443758308887482 0.5354339480400085 -0.25930270552635193 -0.9189196228981018 -0.29723528027534485 0.47286760807037354 -0.3891458511352539 0.7905451655387878,121.38603210449219 23.383529663085938 928.6477661132812,0.69
54,1134,15,0.9682917594909668,-0.8983902335166931 0.07231280207633972 0.43320411443710327 -0.23645807802677155 -0.9108343720436096 -0.3383316099643707 0.37011149525642395 -0.40638843178749084 0.8353836536407471,38.45528793334961 -9.462371826171875 970.5986328125,0.69
54,1178,15,0.96923828125,-0.9186279773712158 0.06108737736940384 0.3903728723526001 -0.1988506019115448 -0.9252188801765442 -0.32315391302108765 0.34143975377082825 -0.3744840919971466 0.8620792031288147,26.1815242767334 2.5640857219696045 1035.0504150390625,0.69
54,1355,15,0.9721941947937012,-0.9327887296676636 0.04102564603090286 0.3580808937549591 -0.16483473777770996 -0.9320720434188843 -0.32260075211524963 0.3205222487449646 -0.3599425256252289 0.8761888742446899,61.414756774902344 15.396522521972656 999.6304321289062,0.69
54,1531,15,0.9775497913360596,-0.9722309112548828 0.041175998747348785 0.23037290573120117 -0.11488394439220428 -0.9415962100028992 -0.3165414035320282 0.2038843333721161 -0.33421748876571655 0.9201793670654297,68.26318359375 15.889443397521973 981.2332763671875,0.69
54,1539,15,0.9760856628417969,-0.9712713360786438 0.034950196743011475 0.2353944331407547 -0.11037246137857437 -0.9424929022789001 -0.31547603011131287 0.21083161234855652 -0.3323938846588135 0.919273853302002,69.60552978515625 18.38571548461914 978.5462646484375,0.69
54,1543,15,0.97900390625,-0.9797912240028381 0.044409431517124176 0.19503068923950195 -0.10251256078481674 -0.9487409591674805 -0.2989676296710968 0.17175662517547607 -0.3129189610481262 0.9341206550598145,75.31785583496094 21.38323974609375 978.0067138671875,0.69
54,1547,15,0.97705078125,-0.9802071452140808 0.03939003869891167 0.19401635229587555 -0.09973986446857452 -0.9448036551475525 -0.3120863735675812 0.17101427912712097 -0.3252604603767395 0.9300320744514465,81.83879089355469 26.300323486328125 981.9030151367188,0.69
54,1550,15,0.978515625,-0.9778947830200195 0.04217422008514404 0.20480002462863922 -0.10406216979026794 -0.9476986527442932 -0.3017255961894989 0.18136364221572876 -0.3163678050041199 0.9311383366584778,83.04306030273438 28.321916580200195 981.5201416015625,0.69
54,1557,15,0.97607421875,-0.983522355556488 0.04399222135543823 0.17535240948200226 -0.09677627682685852 -0.9473828077316284 -0.3051236569881439 0.15270277857780457 -0.31706592440605164 0.9360294938087463,83.33809661865234 23.391738891601562 979.7822265625,0.69
54,1559,15,0.9760856628417969,-0.9773181676864624 0.04338716343045235 0.20728439092636108 -0.10910699516534805 -0.9420470595359802 -0.3172428607940674 0.18150737881660461 -0.3326633870601654 0.9254134893417358,85.54196166992188 21.77049446105957 976.992431640625,0.69
54,1568,15,0.9760856628417969,-0.981306254863739 0.06043458729982376 0.1827174872159958 -0.1144118532538414 -0.9466201663017273 -0.3013639748096466 0.1547512412071228 -0.316635400056839 0.9358386993408203,74.29537200927734 21.929645538330078 976.7213745117188,0.69
54,1573,15,0.978515625,-0.9810873866081238 0.06603232026100159 0.18195442855358124 -0.12035279721021652 -0.9443168044090271 -0.30623695254325867 0.15160109102725983 -0.3223439157009125 0.9344043135643005,64.6146240234375 21.256805419921875 971.3756103515625,0.69
54,1580,15,0.97607421875,-0.9831709861755371 0.07864554226398468 0.16489318013191223 -0.12555614113807678 -0.946530818939209 -0.29717859625816345 0.1327047049999237 -0.3128807246685028 0.9404760003089905,56.58864212036133 20.69615364074707 970.4833984375,0.69
54,1585,15,0.97607421875,-0.9837848544120789 0.08536788821220398 0.1577327847480774 -0.1300872266292572 -0.9450690150260925 -0.29986992478370667 0.12346909940242767 -0.3155265152454376 0.9408499002456665,55.2166862487793 22.510854721069336 966.3538818359375,0.69
54,1595,15,0.97802734375,-0.9799516201019287 0.08348962664604187 0.1808985471725464 -0.1372915804386139 -0.9409520030021667 -0.3094519376754761 0.14438079297542572 -0.3280837833881378 0.9335499405860901,69.02146911621094 13.1673002243042 963.9459838867188,0.69
54,1597,15,0.978515625,-0.9798771142959595 0.08825880289077759 0.17902825772762299 -0.1383717805147171 -0.9467875957489014 -0.290596604347229 0.1438540369272232 -0.3095214068889618 0.9399481415748596,70.70370483398438 12.412575721740723 963.0250244140625,0.69
54,1605,15,0.9756088256835938,-0.9771033525466919 0.07815240323543549 0.19789211452007294 -0.13650749623775482 -0.9437001943588257 -0.3013232946395874 0.1632016897201538 -0.3214377760887146 0.9327609539031982,83.00045776367188 8.612174034118652 965.5287475585938,0.69
54,1613,15,0.9765737056732178,-0.981204092502594 0.08045236766338348 0.1754029095172882 -0.13228186964988708 -0.942203164100647 -0.3078228831291199 0.14050008356571198 -0.3252396881580353 0.9351357817649841,86.97980499267578 13.895655632019043 963.8568725585938,0.69
54,1619,15,0.9765625,-0.9816603064537048 0.0697130486369133 0.17743492126464844 -0.12117040157318115 -0.9467120170593262 -0.2984192371368408 0.14717607200145721 -0.31444618105888367 0.9377967715263367,89.779052734375 18.386293411254883 965.4630737304688,0.69
54,1625,15,0.9755859375,-0.9811924695968628 0.06102374196052551 0.183132603764534 -0.11699892580509186 -0.9425967931747437 -0.31276610493659973 0.15353405475616455 -0.3283100724220276 0.9320085048675537,96.73149108886719 17.33373260498047 963.0617065429688,0.69
54,1663,15,0.9736328125,-0.9857441782951355 0.09678232669830322 0.13762806355953217 -0.13502034544944763 -0.943099319934845 -0.3038637042045593 0.1003882959485054 -0.3181144595146179 0.9427223205566406,95.39278411865234 3.8216068744659424 961.9409790039062,0.69
54,1844,15,0.97705078125,-0.9960983991622925 0.08817028254270554 0.00374257261864841 -0.08511067181825638 -0.9485930800437927 -0.3048397898674011 -0.02332763932645321 -0.30396896600723267 0.9523962140083313,89.06294250488281 -9.63316822052002 931.041748046875,0.69
56,1,15,0.9432148933410645,-0.9713202118873596 -0.015325723215937614 -0.23728081583976746 0.10113336890935898 -0.9297839999198914 -0.3539404273033142 -0.21519550681114197 -0.3677864670753479 0.904667854309082,-101.57583618164062 -36.749000549316406 926.2000122070312,0.69
