scene_id,im_id,obj_id,score,R,t,time
50,620,5,0.9790139198303223,-0.49994561076164246 -0.8653863668441772 -0.03406987711787224 -0.40747082233428955 0.2697502374649048 -0.8724690675735474 0.7642132639884949 -0.42230460047721863 -0.48748019337654114,90.37598419189453 -7.570716381072998 847.7620849609375,0.69
50,623,5,0.972681999206543,-0.4880596101284027 -0.87150639295578 -0.0476912260055542 -0.4289930462837219 0.28711214661598206 -0.8564646244049072 0.7601070404052734 -0.39754658937454224 -0.5139980316162109,91.3545150756836 -11.73542594909668 842.2630004882812,0.69
50,629,5,0.9736454486846924,-0.4899832308292389 -0.8712683320045471 -0.028424249961972237 -0.4197421073913574 0.26438117027282715 -0.8682851791381836 0.7640242576599121 -0.4135143458843231 -0.4952503442764282,95.28952026367188 -15.826631546020508 843.191650390625,0.69
50,633,5,0.9682769775390625,-0.48561862111091614 -0.8738237619400024 -0.02462884783744812 -0.41652846336364746 0.25606778264045715 -0.8723149299621582 0.7685561180114746 -0.41335374116897583 -0.48832380771636963,99.97615051269531 -17.98154640197754 844.0415649414062,0.69
50,640,5,0.9736576080322266,-0.47451093792915344 -0.8796803951263428 -0.031650058925151825 -0.4197334945201874 0.25772181153297424 -0.870289146900177 0.7737332582473755 -0.3996771275997162 -0.4915231466293335,110.20381164550781 -17.310401916503906 844.32568359375,0.69
50,642,5,0.9746332168579102,-0.4737655520439148 -0.8800481557846069 -0.032578837126493454 -0.41059860587120056 0.25346633791923523 -0.8758787512779236 0.7790731191635132 -0.40158432722091675 -0.48143020272254944,111.11884307861328 -17.872703552246094 846.4554443359375,0.69
50,644,5,0.9702563285827637,-0.4891811013221741 -0.8714454174041748 -0.03584108501672745 -0.42086172103881836 0.27184224128723145 -0.8654346466064453 0.7639222741127014 -0.40827012062072754 -0.4997381269931793,110.16058349609375 -19.02901840209961 838.4551391601562,0.69
50,651,5,0.975597620010376,-0.5001221299171448 -0.8654386401176453 -0.02989519201219082 -0.4164397120475769 0.2706352174282074 -0.8679484724998474 0.7592468857765198 -0.4216306507587433 -0.495753675699234,114.5201416015625 -22.522029876708984 828.9442749023438,0.69
50,653,5,0.9785258769989014,-0.48162174224853516 -0.8761256337165833 -0.021080994978547096 -0.40156739950180054 0.2420017570257187 -0.8832772970199585 0.778963565826416 -0.4169400632381439 -0.4683767855167389,118.11949920654297 -21.794452667236328 834.9891967773438,0.69
50,660,5,0.96875,-0.4704166054725647 -0.8822917938232422 -0.016409924253821373 -0.4212648272514343 0.24087071418762207 -0.8743667602539062 0.7753993272781372 -0.4044036865234375 -0.48498815298080444,124.00900268554688 -19.793561935424805 835.9510498046875,0.69
50,662,5,0.96923828125,-0.4812425971031189 -0.8765057325363159 -0.011969521641731262 -0.40096884965896606 0.23225201666355133 -0.8861619234085083 0.7795059680938721 -0.4216594398021698 -0.4632210433483124,124.82250213623047 -17.695335388183594 841.5618286132812,0.69
50,671,5,0.9668433666229248,-0.4830014407634735 -0.8754021525382996 -0.019514353945851326 -0.40398094058036804 0.24255765974521637 -0.8820233941078186 0.7768584489822388 -0.4181351363658905 -0.470801442861557,131.18618774414062 -19.67517852783203 839.5516967773438,0.69
50,681,5,0.9712052345275879,-0.4960084855556488 -0.8681527376174927 -0.016925184056162834 -0.4084014892578125 0.25044792890548706 -0.8777722120285034 0.7662792205810547 -0.4284701943397522 -0.4787791073322296,136.35549926757812 -19.61985969543457 829.4466552734375,0.69
50,682,5,0.97412109375,-0.4836476743221283 -0.874967098236084 -0.022746900096535683 -0.4161214828491211 0.2527240216732025 -0.8734834790229797 0.7700181007385254 -0.41299280524253845 -0.48632198572158813,136.89816284179688 -19.012842178344727 827.0869140625,0.69
50,701,5,0.9721813201904297,-0.4916112720966339 -0.8702900409698486 -0.03022298403084278 -0.39137229323387146 0.2518167495727539 -0.8851078748703003 0.777911365032196 -0.4233005940914154 -0.4644033908843994,139.27784729003906 -9.186734199523926 831.6616821289062,0.69
50,712,5,0.97314453125,-0.5005157589912415 -0.8652932047843933 -0.02741525135934353 -0.39058998227119446 0.2539653480052948 -0.8848394751548767 0.7726082801818848 -0.43216797709465027 -0.46508848667144775,149.54945373535156 -2.614971160888672 835.7789916992188,0.69
50,721,5,0.97216796875,-0.49308231472969055 -0.8695469498634338 -0.027531584724783897 -0.3861694037914276 0.2471182495355606 -0.8887102007865906 0.7795787453651428 -0.4275754392147064 -0.4576420783996582,161.13961791992188 -3.5203299522399902 835.793212890625,0.69
50,722,5,0.97412109375,-0.5025020241737366 -0.8641834855079651 -0.02604895830154419 -0.38043782114982605 0.24807018041610718 -0.890914261341095 0.7763753533363342 -0.43777620792388916 -0.4534238874912262,160.302734375 -3.0622823238372803 829.4340209960938,0.69
50,735,5,0.9736328125,-0.5277391076087952 -0.8488584160804749 -0.030507387593388557 -0.3804210126399994 0.26831698417663574 -0.8850343227386475 0.7594545483589172 -0.45546165108680725 -0.46452492475509644,168.8794403076172 -3.419245481491089 832.3321533203125,0.69
50,737,5,0.97216796875,-0.5067606568336487 -0.8616325855255127 -0.027979496866464615 -0.38942691683769226 0.2577517330646515 -0.8842571377754211 0.7691165804862976 -0.4372107684612274 -0.4661613702774048,168.84616088867188 -4.654473304748535 828.0667114257812,0.69
50,751,5,0.9736804962158203,-0.516135573387146 -0.8556602597236633 -0.038072776049375534 -0.3686908781528473 0.26207756996154785 -0.8918421268463135 0.7730918526649475 -0.4462743103504181 -0.450741708278656,175.80984497070312 -1.6807130575180054 832.4711303710938,0.69
50,757,5,0.9726693630218506,-0.5152454972267151 -0.8561153411865234 -0.039859186857938766 -0.3889850676059723 0.2750425338745117 -0.8792282342910767 0.7636836767196655 -0.4375137686729431 -0.4747304618358612,176.54652404785156 -2.368133544921875 829.4334716796875,0.69
50,769,5,0.97412109375,-0.5300906300544739 -0.845880925655365 -0.05907123535871506 -0.3651331067085266 0.29058319330215454 -0.884442925453186 0.7652984261512756 -0.4472660422325134 -0.46289458870887756,178.10186767578125 -2.7175233364105225 820.840087890625,0.69
50,923,5,0.97509765625,-0.6400842666625977 -0.7652122378349304 -0.06886490434408188 -0.33754730224609375 0.3606015145778656 -0.8694989681243896 0.6901839375495911 -0.5333074927330017 -0.4891107380390167,188.36392211914062 -24.35262107849121 795.0067138671875,0.69
50,1026,5,0.9765737056732178,-0.7170568108558655 -0.6921094059944153 -0.08254759758710861 -0.29069334268569946 0.4045863449573517 -0.8670681715011597 0.6335036754608154 -0.5977411270141602 -0.4913029968738556,162.86485290527344 -22.660663604736328 771.0042724609375,0.69
50,1044,5,0.972681999206543,-0.7286065816879272 -0.679039478302002 -0.08965392410755157 -0.2786516845226288 0.4134419858455658 -0.8668442964553833 0.6256881952285767 -0.6066062450408936 -0.49045202136039734,153.4425506591797 -22.728853225708008 770.218994140625,0.69
50,1052,5,0.9726693630218506,-0.7349990606307983 -0.6717559695243835 -0.09230593591928482 -0.27777525782585144 0.4224783480167389 -0.862758994102478 0.6185607314109802 -0.6084867715835571 -0.49711835384368896,149.7378692626953 -23.671602249145508 761.9462890625,0.69
50,1058,5,0.9707307815551758,-0.727422833442688 -0.6807610988616943 -0.08614087849855423 -0.2794065773487091 0.4085099995136261 -0.8689370155334473 0.6267279386520386 -0.608016312122345 -0.4873686730861664,150.82850646972656 -24.342796325683594 764.1090698242188,0.69
50,1066,5,0.9702291488647461,-0.7463670969009399 -0.6588119864463806 -0.09435521811246872 -0.27287557721138 0.4322357177734375 -0.8594831228256226 0.6070214509963989 -0.6157426834106445 -0.5023802518844604,149.15382385253906 -26.771087646484375 759.4249267578125,0.69
50,1077,5,0.9726693630218506,-0.740348219871521 -0.6664095520973206 -0.08822067081928253 -0.26772794127464294 0.41268932819366455 -0.8706372976303101 0.616608738899231 -0.6209556460380554 -0.48395025730133057,150.66566467285156 -23.914175033569336 758.8076782226562,0.69
50,1094,5,0.97021484375,-0.7374224662780762 -0.6698686480522156 -0.08651130646467209 -0.2607305347919464 0.4004708528518677 -0.878432035446167 0.623079240322113 -0.6252193450927734 -0.4699713885784149,151.5974578857422 -13.138433456420898 762.0870971679688,0.69
50,1098,5,0.9746215343475342,-0.7423779368400574 -0.6635599136352539 -0.09253744781017303 -0.26210927963256836 0.4147595465183258 -0.8713628053665161 0.6165822744369507 -0.6226255297660828 -0.4818335473537445,150.61483764648438 -13.649761199951172 762.422607421875,0.69
50,1105,5,0.9746215343475342,-0.7581424117088318 -0.6463960409164429 -0.0859784409403801 -0.2517701983451843 0.4117884039878845 -0.8758094310760498 0.6015245914459229 -0.6423414945602417 -0.4749374985694885,150.6109619140625 -12.190265655517578 759.0194091796875,0.69
50,1113,5,0.9760856628417969,-0.7590487599372864 -0.6462171077728271 -0.07904695719480515 -0.2460242360830307 0.39713484048843384 -0.8841696381568909 0.6027578711509705 -0.6516804099082947 -0.4604297876358032,153.22207641601562 -6.393908977508545 760.0714721679688,0.69
50,1125,5,0.9780378341674805,-0.7610446214675903 -0.6448920965194702 -0.07018088549375534 -0.25374022126197815 0.39550432562828064 -0.8827186822891235 0.5970152020454407 -0.6539806127548218 -0.46463143825531006,149.99591064453125 -8.372228622436523 752.661376953125,0.69
50,1130,5,0.9785258769989014,-0.756127655506134 -0.6500300765037537 -0.07570910453796387 -0.25468531250953674 0.39885765314102173 -0.8809359073638916 0.6028319597244263 -0.6468180418014526 -0.46714040637016296,147.547607421875 -9.355381965637207 750.2265625,0.69
50,1145,5,0.9765737056732178,-0.7750318646430969 -0.6276594400405884 -0.07327568531036377 -0.24812935292720795 0.40891334414482117 -0.8781923055648804 0.581169068813324 -0.6624451875686646 -0.472661554813385,147.03831481933594 -13.20336627960205 746.2315673828125,0.69
50,1150,5,0.9756088256835938,-0.7642405033111572 -0.6412301659584045 -0.06899452954530716 -0.254314124584198 0.3979426622390747 -0.881456732749939 0.5926724672317505 -0.6560986638069153 -0.46719786524772644,147.77279663085938 -15.471091270446777 746.8607788085938,0.69
50,1169,5,0.9780378341674805,-0.7792246341705322 -0.6240136623382568 -0.05844468995928764 -0.24476253986358643 0.38883066177368164 -0.8882014751434326 0.5769750475883484 -0.6778033971786499 -0.4557216763496399,148.92237854003906 -19.901615142822266 755.9049072265625,0.69
50,1189,5,0.9790139198303223,-0.7962099313735962 -0.6024224758148193 -0.05600648745894432 -0.23236292600631714 0.38994812965393066 -0.8910374641418457 0.5586206912994385 -0.6964390873908997 -0.4504612982273102,148.8085479736328 -18.148340225219727 754.2791748046875,0.69
50,1192,5,0.97607421875,-0.7978829741477966 -0.600479245185852 -0.052985578775405884 -0.2291444092988968 0.3834210932254791 -0.894696056842804 0.5575622320175171 -0.7017213702201843 -0.4435216188430786,150.29867553710938 -15.10224723815918 757.0064086914062,0.69
50,1209,5,0.975597620010376,-0.8066288232803345 -0.588747501373291 -0.05221531167626381 -0.22632434964179993 0.3892705738544464 -0.8928861618041992 0.5460103750228882 -0.7084100842475891 -0.44724470376968384,144.8667755126953 -8.999844551086426 757.7093505859375,0.69
50,1216,5,0.9746215343475342,-0.8157382607460022 -0.5758211612701416 -0.05478272587060928 -0.2133518010377884 0.38756659626960754 -0.8968127369880676 0.5376357436180115 -0.7198765277862549 -0.4390053451061249,146.22267150878906 -10.417180061340332 763.73046875,0.69
50,1242,5,0.9765737056732178,-0.8298335075378418 -0.5550932288169861 -0.05699089542031288 -0.1962462216615677 0.38592466711997986 -0.9014153480529785 0.5223637223243713 -0.7368404269218445 -0.4291881322860718,137.30511474609375 -6.367172718048096 757.55224609375,0.69
50,1246,5,0.9765737056732178,-0.8251250386238098 -0.5627517104148865 -0.04979148507118225 -0.2075665295124054 0.3839470446109772 -0.8997226357460022 0.5254377722740173 -0.7320486307144165 -0.43361273407936096,135.70034790039062 -6.389807224273682 757.6797485351562,0.69
50,1263,5,0.97705078125,-0.8240274786949158 -0.5645880699157715 -0.04710635170340538 -0.20587052404880524 0.3758571743965149 -0.9035201668739319 0.5278220176696777 -0.7348276376724243 -0.4259486496448517,135.45237731933594 -14.92601490020752 758.2984619140625,0.69
50,1266,5,0.97607421875,-0.8317693471908569 -0.5528906583786011 -0.049716051667928696 -0.2022695541381836 0.3852560222148895 -0.9003693461418152 0.5169591307640076 -0.738843560218811 -0.4322770833969116,134.68487548828125 -17.40932846069336 754.5148315429688,0.69
50,1280,5,0.9780573844909668,-0.8379409909248352 -0.5421522259712219 -0.06265650689601898 -0.19682976603507996 0.4072863757610321 -0.8918384909629822 0.5090312957763672 -0.7349753975868225 -0.4479936957359314,134.16371154785156 -21.6646671295166 752.9728393554688,0.69
50,1284,5,0.9756088256835938,-0.8352859616279602 -0.5460578799247742 -0.06417378783226013 -0.1923612356185913 0.3995819091796875 -0.8962876796722412 0.5150675773620605 -0.7363119721412659 -0.438805490732193,135.6619415283203 -22.681686401367188 755.0596923828125,0.69
50,1324,5,0.974609375,-0.8613613843917847 -0.5054682493209839 -0.050580188632011414 -0.18676264584064484 0.4076998233795166 -0.893812358379364 0.4724152982234955 -0.7604489922523499 -0.44557949900627136,121.5527572631836 -33.44096374511719 756.0722045898438,0.69
50,1480,5,0.974609375,-0.8915064930915833 -0.45037588477134705 -0.0487617626786232 -0.12405083328485489 0.34623560309410095 -0.9299098253250122 0.43569204211235046 -0.8229717016220093 -0.36454078555107117,137.973876953125 -1.2663969993591309 855.3767700195312,0.69
50,1542,5,0.9736328125,-0.8999003767967224 -0.4349633753299713 -0.03140481188893318 -0.13417604565620422 0.34467896819114685 -0.9290819764137268 0.4149411916732788 -0.8318674564361572 -0.36853834986686707,136.26214599609375 -51.35472106933594 847.581787109375,0.69
50,1564,5,0.97216796875,-0.9084888100624084 -0.4169379770755768 -0.028473971411585808 -0.13415569067001343 0.35549038648605347 -0.9250020980834961 0.3957907259464264 -0.8365340828895569 -0.37889364361763,136.14785766601562 -55.93050765991211 848.2643432617188,0.69
50,1592,5,0.9746932983398438,-0.9137332439422607 -0.4045032858848572 -0.0383225753903389 -0.11439112573862076 0.3466021418571472 -0.9310110807418823 0.3898797035217285 -0.8463120460510254 -0.36297351121902466,138.09677124023438 -52.15279006958008 846.0519409179688,0.69
50,1593,5,0.97509765625,-0.9166847467422485 -0.3983617424964905 -0.03157548978924751 -0.1222926452755928 0.35487958788871765 -0.9268791675567627 0.3804386854171753 -0.8457944989204407 -0.3740294277667999,138.37454223632812 -51.836143493652344 844.60009765625,0.69
50,1613,5,0.9775390625,-0.9148776531219482 -0.40214163064956665 -0.0357900932431221 -0.1153731718659401 0.3453644812107086 -0.9313497543334961 0.38689514994621277 -0.8479418754577637 -0.3623626232147217,133.75631713867188 -47.108619689941406 842.7648315429688,0.69
50,1629,5,0.97509765625,-0.9202874898910522 -0.38993918895721436 -0.031913872808218 -0.11503278464078903 0.3476451337337494 -0.9305430054664612 0.37394991517066956 -0.8526960015296936 -0.3647891879081726,131.75735473632812 -47.85316467285156 841.3744506835938,0.69
50,1656,5,0.97021484375,-0.9279093742370605 -0.3717265725135803 -0.028348010033369064 -0.11832308769226074 0.36576011776924133 -0.9231570959091187 0.3535306453704834 -0.8532519340515137 -0.3833760619163513,130.20892333984375 -57.318756103515625 828.4732666015625,0.69
50,1658,5,0.97509765625,-0.9265010356903076 -0.37508559226989746 -0.030109945684671402 -0.11899296939373016 0.3679545521736145 -0.922198474407196 0.3569824695587158 -0.8508350253105164 -0.3855428099632263,131.4579315185547 -58.96443176269531 827.3053588867188,0.69
50,1669,5,0.9731574058532715,-0.9269846081733704 -0.37404078245162964 -0.028160512447357178 -0.11512240022420883 0.35515108704566956 -0.9276931285858154 0.3569963276386261 -0.8567152619361877 -0.3722800612449646,126.42449188232422 -55.60905075073242 822.1876220703125,0.69
50,1678,5,0.9755859375,-0.9356128573417664 -0.3515673875808716 -0.03207692131400108 -0.10533809661865234 0.3647409975528717 -0.9251313209533691 0.3369457423686981 -0.8621858358383179 -0.3782898187637329,117.20069122314453 -51.04887008666992 812.56640625,0.69
50,1695,5,0.97314453125,-0.9348308444023132 -0.35416269302368164 -0.025692317634820938 -0.11359747499227524 0.3668280839920044 -0.9233270287513733 0.33643266558647156 -0.8602359294891357 -0.3831541836261749,112.690673828125 -55.209861755371094 805.1983032226562,0.69
50,1708,5,0.9702291488647461,-0.9407600164413452 -0.338558554649353 -0.018673699349164963 -0.11561639606952667 0.37206369638442993 -0.9209785461425781 0.3187529742717743 -0.8642607927322388 -0.38916558027267456,106.60286712646484 -54.67170333862305 794.5416870117188,0.69
50,1711,5,0.9722299575805664,-0.9374913573265076 -0.34747591614723206 -0.019243959337472916 -0.1182476356625557 0.37006446719169617 -0.9214498400688171 0.32730311155319214 -0.861575722694397 -0.38802051544189453,106.20571899414062 -54.067142486572266 791.9285888671875,0.69
50,1713,5,0.97275710105896,-0.9446314573287964 -0.32747894525527954 -0.020714223384857178 -0.1058667004108429 0.3639131784439087 -0.9253969788551331 0.31058618426322937 -0.8719661235809326 -0.37843289971351624,107.46259307861328 -54.67868423461914 791.1380615234375,0.69
50,1714,5,0.9716932773590088,-0.9356380701065063 -0.3524506986141205 -0.018970688804984093 -0.11678733676671982 0.3598553538322449 -0.9256699681282043 0.3330797255039215 -0.863876461982727 -0.37785613536834717,108.78176879882812 -55.761871337890625 793.1498413085938,0.69
50,1718,5,0.97314453125,-0.9359371662139893 -0.35167333483695984 -0.018643159419298172 -0.1201113685965538 0.36853060126304626 -0.9218233823776245 0.3310513198375702 -0.8605294823646545 -0.3871614634990692,111.84425354003906 -61.641021728515625 787.486572265625,0.69
50,1719,5,0.97412109375,-0.9334318041801453 -0.35800406336784363 -0.02319878712296486 -0.11748524755239487 0.3661399483680725 -0.9231137037277222 0.33897241950035095 -0.8589381575584412 -0.3838268518447876,111.44660949707031 -61.848209381103516 786.4644775390625,0.69
50,1733,5,0.97412109375,-0.9416588544845581 -0.3359437584877014 -0.020506786182522774 -0.10838962346315384 0.3603738844394684 -0.9264892339706421 0.318638414144516 -0.87021404504776 -0.375762015581131,109.0948486328125 -49.340675354003906 781.51611328125,0.69
50,1743,5,0.9737014770507812,-0.9337547421455383 -0.35748496651649475 -0.017511846497654915 -0.11838849633932114 0.35466527938842773 -0.9274678826332092 0.3377666771411896 -0.8639544248580933 -0.37349244952201843,119.21605682373047 -49.86669158935547 780.8511352539062,0.69
50,1745,5,0.9746215343475342,-0.9332505464553833 -0.35886815190315247 -0.016031259670853615 -0.12153443694114685 0.35742107033729553 -0.9260018467903137 0.3380425274372101 -0.8622433543205261 -0.37717828154563904,122.163818359375 -51.43761444091797 784.4161376953125,0.69
50,1756,5,0.9736454486846924,-0.9345417618751526 -0.3555620014667511 -0.014395250007510185 -0.11835353821516037 0.3487154543399811 -0.9297257661819458 0.3355949819087982 -0.8671638369560242 -0.3679712116718292,120.71720886230469 -52.06918716430664 778.8600463867188,0.69
50,1778,5,0.9760856628417969,-0.9352078437805176 -0.3540401756763458 0.006464630831032991 -0.1322426199913025 0.3322708308696747 -0.9338672161102295 0.32847848534584045 -0.8742148280143738 -0.35756149888038635,132.17178344726562 -55.661163330078125 786.3882446289062,0.69
50,1782,5,0.9765625,-0.941109836101532 -0.337952584028244 0.010015029460191727 -0.12733204662799835 0.3268350064754486 -0.9364644289016724 0.3132072687149048 -0.8825911283493042 -0.3506198525428772,129.62832641601562 -57.847686767578125 785.2788696289062,0.69
50,1874,5,0.9794921875,-0.9640988707542419 -0.2652675211429596 0.012099857442080975 -0.09462162107229233 0.3006071448326111 -0.9490427374839783 0.24811290204524994 -0.916115939617157 -0.31491509079933167,118.78697204589844 -42.82279968261719 772.597412109375,0.69
52,1,5,0.9721813201904297,0.5942593812942505 0.7858729958534241 0.17105382680892944 0.5694188475608826 -0.26090508699417114 -0.7795451879501343 -0.5679947137832642 0.5606533288955688 -0.602536141872406,69.9065933227539 80.892578125 913.9736328125,0.69
52,21,5,0.9751095771789551,0.5802732706069946 0.7920626997947693 0.18952512741088867 0.578871488571167 -0.23742759227752686 -0.7800871729850769 -0.572879433631897 0.562374472618103 -0.5962753295898438,59.604331970214844 85.48310852050781 900.8947143554688,0.69
52,34,5,0.9687650203704834,0.592687726020813 0.7885407209396362 0.1640881448984146 0.564986526966095 -0.26183733344078064 -0.7824522256851196 -0.5740310549736023 0.5564574599266052 -0.6007025241851807,68.72569274902344 82.61981964111328 904.7517700195312,0.69
52,39,5,0.97265625,0.5828659534454346 0.7975683212280273 0.15540888905525208 0.5668632984161377 -0.26208317279815674 -0.7810111045837402 -0.5821797251701355 0.54332035779953 -0.6048716306686401,74.95127868652344 84.65359497070312 906.0408935546875,0.69
52,48,5,0.9677889347076416,0.5794122815132141 0.8015620708465576 0.14757899940013885 0.5582925081253052 -0.2584131956100464 -0.7883730530738831 -0.5937936305999756 0.5391852855682373 -0.5972338914871216,79.32551574707031 110.68293762207031 908.436767578125,0.69
52,52,5,0.9580671787261963,0.5398796200752258 0.8229141235351562 0.17703768610954285 0.5765231251716614 -0.2082555741071701 -0.7900953888893127 -0.6133115291595459 0.5286226868629456 -0.5868619680404663,67.05892181396484 104.68656158447266 904.3328247070312,0.69
52,57,5,0.9682769775390625,0.5309862494468689 0.8284885287284851 0.17793332040309906 0.5830308198928833 -0.2048170566558838 -0.7862092852592468 -0.6149215698242188 0.5212069153785706 -0.5917894840240479,72.78028106689453 90.08110046386719 895.8451538085938,0.69
52,61,5,0.9677889347076416,0.5324090719223022 0.8291594386100769 0.17039728164672852 0.5793784260749817 -0.21018880605697632 -0.7874905467033386 -0.6171395778656006 0.5179916024208069 -0.592303454875946,73.9957504272461 86.9074935913086 887.9478149414062,0.69
52,65,5,0.9615302085876465,0.5135995745658875 0.8431957960128784 0.1588597446680069 0.5781369209289551 -0.20327149331569672 -0.7902141809463501 -0.6340135931968689 0.4976963400840759 -0.5918827056884766,69.08544158935547 85.96049499511719 889.1743774414062,0.69
52,71,5,0.9624204635620117,0.5143871903419495 0.8438321948051453 0.15281686186790466 0.5780437588691711 -0.2095445841550827 -0.7886422276496887 -0.633459746837616 0.4940022826194763 -0.5955590009689331,67.09464263916016 77.72775268554688 882.484375,0.69
52,80,5,0.9551417827606201,0.5218189358711243 0.8368614315986633 0.1654331237077713 0.5544732213020325 -0.185358464717865 -0.8112963438034058 -0.6482781171798706 0.5150780081748962 -0.5607407689094543,49.077552795410156 86.76580047607422 888.2359008789062,0.69
52,81,5,0.9503109455108643,0.5322202444076538 0.8285143971443176 0.17408478260040283 0.5601626634597778 -0.19044169783592224 -0.806194543838501 -0.63479083776474 0.5265887975692749 -0.5654597282409668,47.30413055419922 87.64813995361328 896.6360473632812,0.69
52,84,5,0.9629085063934326,0.5211620926856995 0.8359917998313904 0.17177841067314148 0.561951756477356 -0.1846470683813095 -0.8062975406646729 -0.6423397660255432 0.5167428851127625 -0.5660180449485779,45.28794860839844 80.20068359375 890.0385131835938,0.69
52,88,5,0.9614443778991699,0.5288833379745483 0.8317288160324097 0.16884803771972656 0.5630473494529724 -0.19499894976615906 -0.8030897378921509 -0.6350276470184326 0.5198101997375488 -0.5714343786239624,43.44845199584961 75.82518768310547 885.5510864257812,0.69
52,92,5,0.9566044807434082,0.5269656777381897 0.8316317200660706 0.17520229518413544 0.552067756652832 -0.17821986973285675 -0.8145297765731812 -0.6461642384529114 0.5259527564048767 -0.5530328750610352,30.98923683166504 84.32491302490234 889.39501953125,0.69
52,97,5,0.9595112800598145,0.5544891953468323 0.816096842288971 0.16287314891815186 0.5216895937919617 -0.1883952021598816 -0.832073986530304 -0.6483684778213501 0.5463452339172363 -0.5302123427391052,20.792768478393555 90.04595947265625 885.8179931640625,0.69
52,98,5,0.965836763381958,0.5596954226493835 0.8107293248176575 0.1716359406709671 0.5268522500991821 -0.18824608623981476 -0.828848659992218 -0.6396620869636536 0.5543295741081238 -0.5324951410293579,17.264493942260742 92.45027160644531 886.100341796875,0.69
52,114,5,0.9590606689453125,0.571640133857727 0.8007730841636658 0.178857684135437 0.5145244598388672 -0.18004553020000458 -0.8383604288101196 -0.6391339302062988 0.5712671279907227 -0.5149385333061218,-9.514841079711914 95.92561340332031 884.23779296875,0.69
52,116,5,0.9552905559539795,0.5920389890670776 0.7870376706123352 0.17338261008262634 0.49994921684265137 -0.18993522226810455 -0.8449705839157104 -0.632092297077179 0.5869380235671997 -0.5059279203414917,-14.9685697555542 95.86759185791016 882.0745849609375,0.69
52,121,5,0.9402108192443848,0.6014746427536011 0.7818999886512756 0.16389217972755432 0.4998413324356079 -0.2082846313714981 -0.8406997919082642 -0.6232069134712219 0.5875796675682068 -0.5161038637161255,-18.065780639648438 85.96041870117188 880.05615234375,0.69
52,127,5,0.9392881393432617,0.6417343616485596 0.7508511543273926 0.1562037467956543 0.4911421537399292 -0.24592363834381104 -0.835644006729126 -0.5890300869941711 0.6129797101020813 -0.5265922546386719,-30.82026481628418 71.388427734375 887.3087158203125,0.69
52,132,5,0.935211181640625,0.6561452746391296 0.7395177483558655 0.15028953552246094 0.4788629710674286 -0.2541031241416931 -0.8403105735778809 -0.583235502243042 0.6233338713645935 -0.5208562016487122,-37.50567626953125 68.216552734375 885.374267578125,0.69
52,136,5,0.9449281692504883,0.6880145072937012 0.7128174304962158 0.1361154019832611 0.45020827651023865 -0.2721480131149292 -0.8504399061203003 -0.5691648125648499 0.646395206451416 -0.5081580281257629,-44.33710479736328 66.12604522705078 904.0914306640625,0.69
52,143,5,0.9334897994995117,0.6955353021621704 0.7054393291473389 0.13633067905902863 0.442249059677124 -0.27079930901527405 -0.8550342321395874 -0.5662564039230347 0.6549986600875854 -0.50033038854599,-52.95256805419922 56.882259368896484 909.3644409179688,0.69
52,150,5,0.9396219253540039,0.6935810446739197 0.7088378667831421 0.12842994928359985 0.4536703824996948 -0.29131045937538147 -0.8422122001647949 -0.5595789551734924 0.6424072980880737 -0.5236261487007141,-32.551177978515625 45.975196838378906 907.286865234375,0.69
52,156,5,0.9357271194458008,0.6906166076660156 0.7126697301864624 0.12308753281831741 0.4467355012893677 -0.2865297794342041 -0.847542405128479 -0.5687495470046997 0.6403144001960754 -0.5162571668624878,-28.953433990478516 37.78102111816406 908.4100952148438,0.69
52,164,5,0.9389944076538086,0.7021807432174683 0.7022964954376221 0.11714077740907669 0.44274601340293884 -0.30184420943260193 -0.8443139791488647 -0.5576004385948181 0.6447246074676514 -0.5228881239891052,-24.641132354736328 27.99095916748047 913.6256103515625,0.69
52,165,5,0.9497313499450684,0.7078664898872375 0.697064220905304 0.11413408070802689 0.43722015619277954 -0.30549535155296326 -0.8458789587020874 -0.554764449596405 0.6486711502075195 -0.5210204124450684,-23.9217472076416 27.421287536621094 917.550048828125,0.69
52,167,5,0.9443628787994385,0.7036901712417603 0.7014042139053345 0.1133679747581482 0.43591541051864624 -0.3002021610736847 -0.8484435677528381 -0.5610685348510742 0.646460235118866 -0.5170021653175354,-22.44963836669922 25.5577335357666 916.6322631835938,0.69
52,169,5,0.9454154968261719,0.7094051241874695 0.6961158514022827 0.11030424386262894 0.43855616450309753 -0.3134661614894867 -0.8422632813453674 -0.5517361760139465 0.6458804607391357 -0.5276604294776917,-19.923561096191406 23.982202529907227 914.8223876953125,0.69
52,170,5,0.9444153308868408,0.7151309847831726 0.6901171207427979 0.11102283000946045 0.4326050877571106 -0.31221723556518555 -0.8457974195480347 -0.5490360260009766 0.6528849601745605 -0.5218243598937988,-19.153932571411133 21.610240936279297 920.194580078125,0.69
52,171,5,0.9551210403442383,0.7172081470489502 0.6889774203300476 0.10451118648052216 0.4244467616081238 -0.3129548132419586 -0.8496494889259338 -0.5526820421218872 0.6537349224090576 -0.5168879628181458,-18.23015594482422 20.739173889160156 920.5052490234375,0.69
52,173,5,0.9453904628753662,0.716661274433136 0.6896222233772278 0.10400857031345367 0.4326021373271942 -0.32258909940719604 -0.8418976664543152 -0.547039270401001 0.6483497023582458 -0.5295192003250122,-16.56087303161621 20.039403915405273 911.1432495117188,0.69
52,175,5,0.9410295486450195,0.7065786719322205 0.6994813084602356 0.10711013525724411 0.4407108426094055 -0.3165583610534668 -0.8399791121482849 -0.553642988204956 0.6407158970832825 -0.5319423675537109,-15.582608222961426 20.76125717163086 912.6082153320312,0.69
52,259,5,0.960956335067749,0.7777387499809265 0.6230176687240601 0.0834948718547821 0.3562316298484802 -0.3274129629135132 -0.8751570582389832 -0.5179009437561035 0.710387110710144 -0.4765803813934326,-15.343682289123535 39.11484146118164 868.405029296875,0.69
52,388,5,0.97314453125,0.7750198841094971 0.6210952997207642 0.11655312776565552 0.3372247517108917 -0.25050222873687744 -0.9074844121932983 -0.5344375371932983 0.7426230907440186 -0.403592973947525,45.88282012939453 67.8910903930664 821.5516357421875,0.69
52,516,5,0.974609375,0.8578622341156006 0.5015780925750732 0.11176714301109314 0.2894241511821747 -0.2918734550476074 -0.9116159081459045 -0.4246247112751007 0.8143889904022217 -0.3955559730529785,4.048608303070068 6.869111061096191 818.7575073242188,0.69
52,520,5,0.9741334915161133,0.8564806580543518 0.5043951869010925 0.10966464877128601 0.28825974464416504 -0.2911423146724701 -0.912218451499939 -0.42819055914878845 0.8129093050956726 -0.3947545886039734,9.24864673614502 4.180563449859619 825.0602416992188,0.69
52,524,5,0.9726693630218506,0.8520006537437439 0.5117169618606567 0.11063753813505173 0.294477641582489 -0.29367730021476746 -0.9094155430793762 -0.43287160992622375 0.8074029088020325 -0.4009024500846863,21.115581512451172 3.8301784992218018 819.5615234375,0.69
52,526,5,0.97265625,0.8524050712585449 0.5100240111351013 0.11524370312690735 0.2973858714103699 -0.2915954291820526 -0.9091390371322632 -0.4300781786441803 0.8092266321182251 -0.40023139119148254,29.678377151489258 7.176697731018066 814.0419311523438,0.69
52,527,5,0.9716932773590088,0.854478120803833 0.5057479739189148 0.11868451535701752 0.2965379059314728 -0.28727442026138306 -0.9107900857925415 -0.4265352785587311 0.8134445548057556 -0.3954432010650635,31.449283599853516 9.128373146057129 818.6041870117188,0.69
52,532,5,0.9751095771789551,0.8505215048789978 0.5118555426597595 0.1209009438753128 0.29847654700279236 -0.28048157691955566 -0.9122728705406189 -0.4330414831638336 0.8119938373565674 -0.3913324773311615,31.864713668823242 16.330036163330078 821.0894775390625,0.69
52,537,5,0.97607421875,0.8599514365196228 0.4944150149822235 0.1266382783651352 0.2946935296058655 -0.27842649817466736 -0.9141303300857544 -0.4167003631591797 0.8234272003173828 -0.38513419032096863,25.62888526916504 17.032917022705078 833.2205810546875,0.69
52,539,5,0.9760856628417969,0.8649523258209229 0.4821862578392029 0.1391182839870453 0.3003333806991577 -0.2752537429332733 -0.9132553935050964 -0.40206629037857056 0.8317041993141174 -0.3828980028629303,21.04195213317871 16.109241485595703 832.6065673828125,0.69
52,543,5,0.9726693630218506,0.8761126399040222 0.46462664008140564 0.12864187359809875 0.2897513508796692 -0.2941984236240387 -0.910764217376709 -0.3853190541267395 0.8352062106132507 -0.3923771381378174,11.62364673614502 11.694089889526367 842.9508056640625,0.69
52,544,5,0.974609375,0.8770933747291565 0.463301420211792 0.12672382593154907 0.2811638116836548 -0.2813244163990021 -0.9174984693527222 -0.38942787051200867 0.8403619527816772 -0.37701138854026794,10.626794815063477 11.713557243347168 845.2249755859375,0.69
52,550,5,0.9697265625,0.8822363615036011 0.45572349429130554 0.11821669340133667 0.2677172124385834 -0.2790510058403015 -0.9222028851509094 -0.38728100061416626 0.8452495336532593 -0.36819392442703247,4.776896953582764 21.283885955810547 851.44970703125,0.69
52,556,5,0.9712052345275879,0.8823208212852478 0.4567781686782837 0.11341843754053116 0.26509782671928406 -0.28321096301078796 -0.9216911792755127 -0.38888707756996155 0.8432942628860474 -0.3709738254547119,5.099034786224365 22.057939529418945 863.5751953125,0.69
52,561,5,0.9697265625,0.891270101070404 0.44051507115364075 0.10762929916381836 0.2543209195137024 -0.28906258940696716 -0.9229104518890381 -0.37544435262680054 0.8499348759651184 -0.3696650564670563,2.872690200805664 20.341867446899414 871.6788330078125,0.69
52,567,5,0.9712052345275879,0.8935476541519165 0.4339274764060974 0.11523730307817459 0.2604237496852875 -0.29185810685157776 -0.9203251600265503 -0.3657214045524597 0.8523648977279663 -0.3737941086292267,4.502961158752441 22.840238571166992 882.0751342773438,0.69
52,574,5,0.9712052345275879,0.8897744417190552 0.44387897849082947 0.1061737909913063 0.2518368363380432 -0.2834858298301697 -0.9253183007240295 -0.38063061237335205 0.8500630259513855 -0.3640235364437103,11.416110038757324 26.001583099365234 890.8763427734375,0.69
52,575,5,0.9692530632019043,0.8891234397888184 0.4446571469306946 0.1083490401506424 0.2530081570148468 -0.28027620911598206 -0.9259762763977051 -0.381374329328537 0.8507204055786133 -0.361702024936676,12.289490699768066 25.926002502441406 894.3867797851562,0.69
52,582,5,0.970717191696167,0.8912614583969116 0.4408595860004425 0.10628169029951096 0.24807743728160858 -0.27778998017311096 -0.9280572533607483 -0.37961894273757935 0.8535077571868896 -0.3569508492946625,17.338319778442383 34.696311950683594 904.0108642578125,0.69
52,587,5,0.9687795639038086,0.8974986672401428 0.43000558018684387 0.09793543070554733 0.23990055918693542 -0.28968575596809387 -0.9265688061714172 -0.3700593113899231 0.855089008808136 -0.3631511628627777,24.532073974609375 25.99158477783203 907.5173950195312,0.69
52,589,5,0.9697265625,0.8958538770675659 0.43239063024520874 0.10239255428314209 0.24701663851737976 -0.29306313395500183 -0.9236324429512024 -0.3693625330924988 0.8527324199676514 -0.3693493902683258,27.42837905883789 26.2189998626709 907.6893920898438,0.69
52,593,5,0.9722065925598145,0.8978155255317688 0.4286094605922699 0.10109978169202805 0.24221141636371613 -0.2888898253440857 -0.9262161254882812 -0.36777830123901367 0.8560587763786316 -0.3631839156150818,28.254549026489258 28.759902954101562 907.7583618164062,0.69
52,594,5,0.970242977142334,0.8976252675056458 0.4292604625225067 0.10002123564481735 0.23929011821746826 -0.284036785364151 -0.9284735918045044 -0.37014734745025635 0.8573554754257202 -0.3576763868331909,25.5413761138916 29.41326141357422 909.5297241210938,0.69
52,604,5,0.970703125,0.9098258018493652 0.40530925989151 0.08911525458097458 0.22103393077850342 -0.29154399037361145 -0.9306696653366089 -0.3512280285358429 0.8664447665214539 -0.35484132170677185,19.17527961730957 29.21402359008789 916.202392578125,0.69
52,608,5,0.9673008918762207,0.92099928855896 0.3790530860424042 0.0898837223649025 0.20602282881736755 -0.27810996770858765 -0.9381948113441467 -0.33062803745269775 0.8825948238372803 -0.3342326879501343,9.811578750610352 42.740966796875 938.8121337890625,0.69
52,622,5,0.9634137153625488,0.919413149356842 0.3845535218715668 0.08245013654232025 0.20219632983207703 -0.28236326575279236 -0.9377566576004028 -0.3373367488384247 0.878856897354126 -0.3373638093471527,17.166526794433594 49.95847702026367 941.4451293945312,0.69
52,625,5,0.9658203125,0.9204418063163757 0.38205599784851074 0.08258386701345444 0.20335769653320312 -0.28762349486351013 -0.9359050989151001 -0.3338150978088379 0.8782402873039246 -0.34243470430374146,20.95362091064453 55.07855987548828 938.6895751953125,0.69
52,632,5,0.96728515625,0.9184753894805908 0.3863253593444824 0.08459096401929855 0.20758217573165894 -0.28887882828712463 -0.9345900416374207 -0.3366193175315857 0.8759574890136719 -0.34552237391471863,28.42522430419922 62.63845443725585 936.89599609375,0.69
52,638,5,0.9682769775390625,0.9258562922477722 0.368937224149704 0.08170431852340698 0.19429659843444824 -0.2793484032154083 -0.9403262138366699 -0.32409733533859253 0.8864818215370178 -0.33031970262527466,30.134716033935547 76.4475326538086 937.4464721679688,0.69
52,643,5,0.9658527374267578,0.9325706958770752 0.35191988945007324 0.08040127158164978 0.18794859945774078 -0.2831912338733673 -0.9404669404029846 -0.30820006132125854 0.8921632170677185 -0.3302386701107025,18.085918426513672 70.09425354003906 928.8900756835938,0.69
52,650,5,0.9682769775390625,0.9406341910362244 0.32945337891578674 0.08165682107210159 0.18017534911632538 -0.28076887130737305 -0.9427118897438049 -0.2876529097557068 0.9014595746994019 -0.3234601616859436,-0.9888310432434081 70.16679382324219 923.033447265625,0.69
52,653,5,0.9726693630218506,0.9461653232574463 0.3153131306171417 0.07313494384288788 0.17101308703422546 -0.29512789845466614 -0.9400287866592407 -0.2748192250728607 0.9019296765327454 -0.33316248655319214,-3.1137940883636475 67.02153015136719 912.3292846679688,0.69
52,656,5,0.9692530632019043,0.9379730820655823 0.3362313508987427 0.08458728343248367 0.1935299038887024 -0.305321604013443 -0.9323759078979492 -0.28766772150993347 0.890913724899292 -0.3514542281627655,4.4368977546691895 58.92483139038086 900.4388427734375,0.69
52,662,5,0.9697411060333252,0.9168018698692322 0.3887806534767151 0.09123512357473373 0.2217947393655777 -0.3057385981082916 -0.9259216785430908 -0.33208635449409485 0.8691222071647644 -0.36653125286102295,35.44493103027344 58.5754508972168 888.2802124023438,0.69
52,666,5,0.9721813201904297,0.9158810377120972 0.3919336497783661 0.08688992261886597 0.22019273042678833 -0.30946967005729675 -0.9250640869140625 -0.3356740176677704 0.8663812279701233 -0.36973837018013,49.445072174072266 58.71337127685547 878.5597534179688,0.69
52,669,5,0.9736454486846924,0.9005584716796875 0.4242880046367645 0.09473249316215515 0.23967063426971436 -0.30274727940559387 -0.9224435687065125 -0.3627017140388489 0.8534189462661743 -0.37433096766471863,65.8060073852539 58.03248596191406 863.3080444335938,0.69
52,678,5,0.9736454486846924,0.8922494053840637 0.4401758015155792 0.10067861527204514 0.25650694966316223 -0.3106018900871277 -0.915276288986206 -0.37161150574684143 0.8424794673919678 -0.3900425136089325,81.6752700805664 56.07567596435547 853.567626953125,0.69
52,688,5,0.9736454486846924,0.8954234719276428 0.4282991588115692 0.12155917286872864 0.26294177770614624 -0.2884085178375244 -0.9206965565681458 -0.35927486419677734 0.8563762307167053 -0.37086549401283264,47.525794982910156 61.8231086730957 854.3037719726562,0.69
52,742,5,0.96337890625,0.9497339725494385 0.27633365988731384 0.14712244272232056 0.23863846063613892 -0.3348635733127594 -0.9115471839904785 -0.20262518525123596 0.9008363485336304 -0.38397517800331116,-22.04497528076172 6.364096164703369 892.8655395507812,0.69
52,820,5,0.966796875,0.9659917950630188 0.19287626445293427 0.1722172498703003 0.2279226928949356 -0.32061153650283813 -0.9193800091743469 -0.1221117377281189 0.927365779876709 -0.3536689281463623,24.26958465576172 9.321125984191895 912.698974609375,0.69
52,886,5,0.97216796875,0.983229398727417 0.06586600095033646 0.17006349563598633 0.18205805122852325 -0.2997073531150818 -0.9364988803863525 -0.010714164935052395 0.9517546892166138 -0.30667251348495483,54.42945098876953 21.999168395996094 866.4177856445312,0.69
