scene_id,im_id,obj_id,score,R,t,time
49,1,13,0.9453649520874023,0.4332272410392761 -0.8940495848655701 0.11397132277488708 0.5413625836372375 0.35923299193382263 0.7601830363273621 -0.7205835580825806 -0.2676321864128113 0.6396345496177673,25.83392906188965 20.787477493286133 833.805419921875,0.69
49,36,13,0.9492433071136475,0.42844539880752563 -0.8985093235969543 0.09547492861747742 0.5257794857025146 0.3338468074798584 0.7823696136474609 -0.7348403930664062 -0.2850039005279541 0.6154529452323914,22.36098289489746 25.174997329711914 828.18701171875,0.69
49,47,13,0.9482672214508057,0.43507447838783264 -0.8888834714889526 0.14351437985897064 0.525811493396759 0.3802144527435303 0.760893702507019 -0.7309121489524841 -0.25558388233184814 0.6328067183494568,19.555252075195312 28.00889015197754 839.7050170898438,0.69
49,58,13,0.9474115371704102,0.442837119102478 -0.891207218170166 0.09820953011512756 0.5356191396713257 0.350795716047287 0.7681500911712646 -0.7190324068069458 -0.28756245970726013 0.6326928734779358,12.260520935058594 32.13325500488281 827.2725830078125,0.69
49,65,13,0.9497313499450684,0.42576736211776733 -0.8852864503860474 0.1870565116405487 0.4844776391983032 0.39764538407325745 0.7792044878005981 -0.7642012238502502 -0.24113516509532928 0.5982059836387634,21.395719528198242 42.60850143432617 867.273681640625,0.69
49,73,13,0.9401860237121582,0.43371424078941345 -0.8879668712615967 0.15299253165721893 0.49961578845977783 0.37829604744911194 0.7792792320251465 -0.7498506307601929 -0.2615470290184021 0.6077147126197815,10.668054580688477 42.462284088134766 832.5209350585938,0.69
49,91,13,0.9459028244018555,0.44145292043685913 -0.8802284598350525 0.17411820590496063 0.505397379398346 0.4042636454105377 0.7623282670974731 -0.7414127588272095 -0.24853315949440002 0.6233285069465637,9.009387969970703 43.12969970703125 852.0936279296875,0.69
49,109,13,0.9473884105682373,0.42772218585014343 -0.8785481452941895 0.212619349360466 0.43546393513679504 0.4064021110534668 0.8032487034797668 -0.7921015620231628 -0.2509792149066925 0.5564032196998596,8.139640808105469 57.93650436401367 868.4329223632812,0.69
49,125,13,0.9497785568237305,0.4540770649909973 -0.8762638568878174 0.1611694097518921 0.4599589705467224 0.3854740262031555 0.7999046444892883 -0.7630542516708374 -0.2890870273113251 0.5780803561210632,-11.311751365661621 66.45551300048828 867.2688598632812,0.69
49,148,13,0.9531698226928711,0.44293612241744995 -0.8797828555107117 0.1725965142250061 0.4455619156360626 0.3830641508102417 0.8091577887535095 -0.7779987454414368 -0.28150278329849243 0.5616707801818848,-8.688704490661621 50.47035217285156 858.345703125,0.69
49,231,13,0.9463405609130859,0.4395838975906372 -0.8911044597625732 0.11268982291221619 0.4307253360748291 0.31922826170921326 0.8441380858421326 -0.7881888151168823 -0.322531133890152 0.5241488218307495,-14.232657432556152 59.827388763427734 840.7266845703125,0.69
49,357,13,0.9478039741516113,0.46010681986808777 -0.8874882459640503 -0.02581208385527134 0.45634958148002625 0.21145056188106537 0.8643110990524292 -0.7616080045700073 -0.4094547629356384 0.5022947192192078,-36.16092300415039 64.61932373046875 850.4066162109375,0.69
49,521,13,0.922626256942749,0.38968512415885925 -0.9206165075302124 -0.024711942300200462 0.4006879925727844 0.14532363414764404 0.9046160578727722 -0.8292132019996643 -0.36241719126701355 0.4255104959011078,-3.799245834350586 52.45985412597656 888.7819213867188,0.69
49,526,13,0.9245634078979492,0.41126635670661926 -0.9104350209236145 -0.04436366632580757 0.43799126148223877 0.1546996831893921 0.8855685591697693 -0.7993896007537842 -0.38363543152809143 0.4623853266239166,-8.447609901428223 57.57933807373047 890.2721557617188,0.69
49,537,13,0.9261817932128906,0.40996161103248596 -0.9118759632110596 -0.020342176780104637 0.4196664094924927 0.1687784194946289 0.891848623752594 -0.8098219633102417 -0.37416061758995056 0.45187637209892273,-7.198968887329102 57.78772735595703 876.5307006835938,0.69
49,542,13,0.9256339073181152,0.4148961901664734 -0.9094314575195312 -0.028205955401062965 0.43423938751220703 0.1706743687391281 0.8844808340072632 -0.7995606660842896 -0.37921589612960815 0.46572309732437134,-6.878195285797119 58.52740478515625 870.593994140625,0.69
49,552,13,0.9223935604095459,0.3875192701816559 -0.921534538269043 0.02455618418753147 0.37241923809051514 0.18086397647857666 0.9102703928947449 -0.8432868719100952 -0.34360215067863464 0.41328543424606323,-4.4376654624938965 56.93579864501953 888.758056640625,0.69
49,558,13,0.9173376560211182,0.3883145749568939 -0.9211553931236267 -0.02616634964942932 0.36582353711128235 0.12802782654762268 0.921836256980896 -0.8458043336868286 -0.3675347566604614 0.38669535517692566,-1.3836843967437744 60.575347900390625 870.3564453125,0.69
49,564,13,0.9287223815917969,0.37393417954444885 -0.9272579550743103 0.019130215048789978 0.32781553268432617 0.15143665671348572 0.9325255155563354 -0.8675887584686279 -0.3424319624900818 0.3605968952178955,-5.887321949005127 60.73517608642578 877.0249633789062,0.69
49,570,13,0.9145689010620117,0.39613890647888184 -0.9181892275810242 0.0015501679154112935 0.37841829657554626 0.16480062901973724 0.9108458757400513 -0.8365844488143921 -0.36023491621017456 0.41274353861808777,-6.43070125579834 56.8345832824707 869.2379150390625,0.69
49,576,13,0.9343242645263672,0.32964012026786804 -0.9440677762031555 0.008562082424759865 0.24409891664981842 0.09398562461137772 0.9651851654052734 -0.9120048880577087 -0.31607377529144287 0.2614274024963379,-5.349738121032715 59.619712829589844 885.3925170898438,0.69
49,591,13,0.9255366325378418,0.3971062898635864 -0.9177695512771606 -0.002343642758205533 0.3925679624080658 0.16754944622516632 0.9043326377868652 -0.829576313495636 -0.3600362539291382 0.42682191729545593,-9.308554649353027 62.37263107299805 882.7863159179688,0.69
49,594,13,0.9205484390258789,0.3856593370437622 -0.9225965738296509 -0.009078051894903183 0.3611159920692444 0.14188310503959656 0.9216639399528503 -0.8490359783172607 -0.3587265610694885 0.38788294792175293,-0.28460538387298584 61.64592361450195 861.510009765625,0.69
49,617,13,0.918548583984375,0.3878592252731323 -0.9211529493331909 -0.03228890895843506 0.3529396653175354 0.11606460064649582 0.9284194707870483 -0.8514686822891235 -0.37149205803871155 0.3701280951499939,-7.003854751586914 64.91139221191406 869.494873046875,0.69
49,629,13,0.9214553833007812,0.3876535892486572 -0.9214683175086975 -0.024916037917137146 0.3406526744365692 0.11808868497610092 0.9327437281608582 -0.8565514087677002 -0.3700691759586334 0.3596782088279724,-15.340974807739258 60.51520919799805 864.945556640625,0.69
49,631,13,0.9134531021118164,0.38181352615356445 -0.9241355061531067 -0.013859731145203114 0.32647380232810974 0.12082567065954208 0.937451958656311 -0.8646579384803772 -0.36245667934417725 0.3478388786315918,-18.672231674194336 61.96013259887695 875.7609252929688,0.69
49,651,13,0.9145317077636719,0.3726162910461426 -0.9273226261138916 -0.03506973013281822 0.29473650455474854 0.0824272483587265 0.9520168900489807 -0.8799360990524292 -0.3650733530521393 0.30402958393096924,-17.01259422302246 65.9571533203125 854.7051391601562,0.69
49,669,13,0.9233932495117188,0.3718436360359192 -0.9277755618095398 -0.031061718240380287 0.2947332262992859 0.08626432716846466 0.9516778588294983 -0.8802639842033386 -0.3630302846431732 0.3055231273174286,-18.292207717895508 60.04046630859375 854.8186645507812,0.69
49,762,13,0.9183945655822754,0.37723639607429504 -0.9247251749038696 -0.05075303465127945 0.28963330388069153 0.06574638187885284 0.9548768997192383 -0.8796619176864624 -0.37491410970687866 0.29263320565223694,-16.88604736328125 67.39791107177734 825.984619140625,0.69
49,1024,13,0.9212267398834229,0.3704470694065094 -0.9288501739501953 0.0024956120178103447 0.27892398834228516 0.11380333453416824 0.9535461068153381 -0.8859855532646179 -0.3525422513484955 0.30123671889305115,-17.806324005126953 51.457191467285156 816.3953857421875,0.69
49,1036,13,0.9091746807098389,0.3995717763900757 -0.9166986346244812 0.0024526382330805063 0.3201882839202881 0.14207008481025696 0.9366405606269836 -0.8589655756950378 -0.3734697997570038 0.3502833843231201,-24.0753173828125 56.02501678466797 812.8563842773438,0.69
49,1052,13,0.9178948402404785,0.3668350875377655 -0.9302204847335815 -0.011036059819161892 0.23646268248558044 0.08176316320896149 0.9681942462921143 -0.8997318148612976 -0.3577772378921509 0.24995607137680054,-27.618412017822266 59.616233825683594 823.377685546875,0.69
49,1067,13,0.9163284301757812,0.40066319704055786 -0.9161186218261719 -0.013993613421916962 0.2904568016529083 0.1125159040093422 0.9502500295639038 -0.8689671754837036 -0.3847947418689728 0.31117382645606995,-35.9395637512207 61.07263946533203 815.6162109375,0.69
49,1095,13,0.9196243286132812,0.3862552046775818 -0.9220864176750183 0.023737875744700432 0.230243980884552 0.12130410969257355 0.9655429124832153 -0.8931934237480164 -0.36748045682907104 0.2591592073440552,-48.768436431884766 58.19332504272461 814.3067626953125,0.69
49,1102,13,0.9268283843994141,0.44014817476272583 -0.897860050201416 0.010815962217748165 0.3398856222629547 0.17774347960948944 0.9235177636146545 -0.8311121463775635 -0.4028084874153137 0.3834031820297241,-50.656005859375 57.924217224121094 811.1897583007812,0.69
49,1130,13,0.9061789512634277,0.4322088658809662 -0.9017733931541443 0.0005444440757855773 0.33599716424942017 0.1615995317697525 0.9278963208198547 -0.8368400931358337 -0.40086206793785095 0.3728380501270294,-46.48440170288086 59.03318786621094 805.649658203125,0.69
49,1144,13,0.9214861392974854,0.44053199887275696 -0.897732675075531 -0.002741857897490263 0.3463873565196991 0.16715861856937408 0.9230783581733704 -0.8282193541526794 -0.40759533643722534 0.38460198044776917,-45.680877685546875 64.5953598022461 808.0748291015625,0.69
49,1150,13,0.9367227554321289,0.424895703792572 -0.9052172303199768 -0.006736877374351025 0.3232742249965668 0.14478042721748352 0.9351643323898315 -0.8455515503883362 -0.39952516555786133 0.3541499972343445,-46.11545944213867 64.36272430419922 803.2485961914062,0.69
49,1157,13,0.9427921772003174,0.4250459671020508 -0.9049730896949768 -0.018967481330037117 0.31246304512023926 0.12702608108520508 0.941398561000824 -0.8495309948921204 -0.4060642719268799 0.33676254749298096,-48.24985122680664 65.8090591430664 808.1519775390625,0.69
49,1168,13,0.9224843978881836,0.45013192296028137 -0.8925338387489319 0.027651218697428703 0.33118563890457153 0.19562403857707977 0.923064112663269 -0.8292751908302307 -0.40634292364120483 0.3836509883403778,-53.97541427612305 74.24353790283203 793.0421752929688,0.69
49,1172,13,0.9248757362365723,0.4504850208759308 -0.8927702307701111 0.004950330592691898 0.3379058539867401 0.1756317913532257 0.9246475696563721 -0.826367199420929 -0.4148671329021454 0.3807917833328247,-56.37767028808594 72.68640899658203 798.333740234375,0.69
49,1179,13,0.9228782653808594,0.45556312799453735 -0.8900009393692017 -0.01899137534201145 0.368209570646286 0.16896571218967438 0.9142605066299438 -0.8104838132858276 -0.42349618673324585 0.40468138456344604,-55.12879180908203 69.69052124023438 788.6168823242188,0.69
49,1269,13,0.9358642101287842,0.45640942454338074 -0.889754056930542 0.00529791135340929 0.3531911075115204 0.18663199245929718 0.9167467355728149 -0.816667914390564 -0.4165406823158264 0.39943385124206543,-56.66762924194336 60.917789459228516 757.8093872070312,0.69
49,1491,13,0.9358377456665039,0.45946064591407776 -0.8881773352622986 0.006077938713133335 0.3518969416618347 0.1883133351802826 0.9169005751609802 -0.815514862537384 -0.41914090514183044 0.3990694284439087,-57.15105438232422 67.75630187988281 786.802734375,0.69
49,1554,13,0.8986854553222656,0.4685419201850891 -0.8833739161491394 0.010906177572906017 0.39641618728637695 0.22125978767871857 0.8910096883773804 -0.7895078063011169 -0.4131520092487335 0.4538532495498657,-58.5783576965332 48.94498825073242 779.6914672851562,0.69
49,1557,13,0.9015922546386719,0.46288982033729553 -0.8864015936851501 0.005016769282519817 0.3764135539531708 0.20168547332286835 0.9042321443557739 -0.8025246858596802 -0.4166714549064636 0.42701175808906555,-64.27849578857422 45.721771240234375 778.7446899414062,0.69
49,1565,13,0.9152050018310547,0.48286837339401245 -0.8752648830413818 -0.027376828715205193 0.4201265573501587 0.20411984622478485 0.8842107653617859 -0.7683305144309998 -0.4384591579437256 0.4662850499153137,-72.28043365478516 38.37517547607422 772.255615234375,0.69
49,1568,13,0.907289981842041,0.471219539642334 -0.8817462921142578 0.02180616185069084 0.36465775966644287 0.21727107465267181 0.9054379463195801 -0.8031045198440552 -0.41870826482772827 0.4239180088043213,-76.30743408203125 40.0806770324707 783.9589233398438,0.69
49,1575,13,0.9045546054840088,0.4823042154312134 -0.8759827017784119 0.006083141081035137 0.38392260670661926 0.21761417388916016 0.897355854511261 -0.7873919606208801 -0.430463045835495 0.4412657916545868,-82.94054412841797 40.69182205200195 785.92529296875,0.69
49,1582,13,0.9203898906707764,0.47924667596817017 -0.8776584267616272 -0.006188323255628347 0.37522023916244507 0.19850540161132812 0.9054310917854309 -0.7934308052062988 -0.436246782541275 0.4244482219219208,-79.01002502441406 45.662601470947266 779.4022216796875,0.69
49,1587,13,0.9116935729980469,0.47175097465515137 -0.8817300796508789 -0.001761419465765357 0.3457711935043335 0.18315914273262024 0.9202690124511719 -0.8111062049865723 -0.4347468614578247 0.3912823498249054,-78.7536392211914 49.14274978637695 792.2312622070312,0.69
49,1592,13,0.9013824462890625,0.4807945489883423 -0.8767659664154053 0.010861212387681007 0.37964341044425964 0.21931976079940796 0.8987601399421692 -0.7903843522071838 -0.42799556255340576 0.43830621242523193,-78.99877166748047 47.47901916503906 791.7532958984375,0.69
49,1595,13,0.9256458282470703,0.47137099504470825 -0.8815200924873352 0.027049625292420387 0.3451005816459656 0.21258556842803955 0.9141733646392822 -0.811612606048584 -0.4215799570083618 0.40441974997520447,-80.08326721191406 49.34069061279297 806.6046752929688,0.69
49,1614,13,0.9010248184204102,0.4633670747280121 -0.8858003616333008 0.025468450039625168 0.3846993148326874 0.22696277499198914 0.8947035074234009 -0.7983090877532959 -0.40477845072746277 0.44593387842178345,-62.85866165161133 36.149959564208984 796.6469116210938,0.69
49,1615,13,0.9121906757354736,0.4667723476886749 -0.8836942315101624 0.03475521132349968 0.3937130570411682 0.24283014237880707 0.886579692363739 -0.7919049859046936 -0.40014728903770447 0.4612683653831482,-65.53348541259766 37.05572509765625 810.9293823242188,0.69
49,1618,13,0.9091746807098389,0.45404621958732605 -0.8892520070075989 0.055433329194784164 0.35680434107780457 0.23848627507686615 0.903224766254425 -0.8164145350456238 -0.39032694697380066 0.4255727529525757,-66.29754638671875 39.29591751098633 805.5943603515625,0.69
49,1631,13,0.9160232543945312,0.4705880582332611 -0.8820796608924866 0.02196149155497551 0.38924330472946167 0.22986893355846405 0.8919920921325684 -0.7918564081192017 -0.4112124741077423 0.45151716470718384,-66.33285522460938 42.62314987182617 806.7760009765625,0.69
49,1641,13,0.9107606410980225,0.45380836725234985 -0.8901439905166626 0.04125244542956352 0.3622583746910095 0.22658462822437286 0.9041174054145813 -0.8141418099403381 -0.39535200595855713 0.4252880811691284,-62.54207229614257 47.50937271118164 805.8598022460938,0.69
49,1644,13,0.9161596298217773,0.44249293208122253 -0.8967121243476868 0.010359911248087883 0.3285255432128906 0.17284239828586578 0.928545355796814 -0.8344284892082214 -0.40747129917144775 0.371074378490448,-62.47712707519531 52.64116668701172 818.5947875976562,0.69
49,1655,13,0.9091079235076904,0.46995365619659424 -0.8826894760131836 -0.001669385121203959 0.39552369713783264 0.2088896781206131 0.8943858742713928 -0.7891162633895874 -0.42098018527030945 0.44729307293891907,-64.82247924804688 38.5080680847168 790.1514892578125,0.69
49,1671,13,0.9116177558898926,0.4543067216873169 -0.8904351592063904 0.0270331222563982 0.35111647844314575 0.2068663388490677 0.9131941199302673 -0.8187324404716492 -0.4053784906864166 0.4066271483898163,-65.62335205078125 49.09271240234375 828.04443359375,0.69
49,1677,13,0.9101243019104004,0.4800455868244171 -0.8771815896034241 -0.010422213934361935 0.4212559163570404 0.22008244693279266 0.8798336386680603 -0.7694800496101379 -0.42675065994262695 0.4751676619052887,-69.84217071533203 43.85762023925781 822.2838134765625,0.69
49,1682,13,0.9059000015258789,0.4817125201225281 -0.8759003281593323 -0.02741791494190693 0.39859917759895325 0.1911366879940033 0.8969869017601013 -0.7804304957389832 -0.4430185854434967 0.44120603799819946,-80.18431854248047 42.24186325073242 824.8450927734375,0.69
49,1688,13,0.9160232543945312,0.48180657625198364 -0.8761295676231384 0.01610885001718998 0.3856491446495056 0.22851413488388062 0.8938993811607361 -0.7868526577949524 -0.42447420954704285 0.4479781985282898,-88.71214294433594 42.815147399902344 827.2769775390625,0.69
49,1881,13,0.9431262016296387,0.479022741317749 -0.8751979470252991 0.06756899505853653 0.36406663060188293 0.2681266665458679 0.891943633556366 -0.7987443804740906 -0.4026617109775543 0.4470691978931427,-78.58531188964844 48.1421012878418 778.5811157226562,0.69
49,2061,13,0.9296083450317383,0.4899809658527374 -0.8698263764381409 0.05762575939297676 0.3626508414745331 0.2635048031806946 0.8938957452774048 -0.7927187085151672 -0.41709384322166443 0.4445556104183197,-86.61903381347656 31.042238235473633 746.2313232421875,0.69
49,2064,13,0.9250912666320801,0.4797632396221161 -0.8753820657730103 0.059444915503263474 0.3434869945049286 0.24973170459270477 0.9053457379341125 -0.8073685765266418 -0.41393306851387024 0.42049440741539,-89.31001281738281 33.748172760009766 770.7103881835938,0.69
49,2089,13,0.9256963729858398,0.48914557695388794 -0.8705670237541199 0.05338085815310478 0.34899812936782837 0.251446396112442 0.9027596116065979 -0.7993353009223938 -0.4229510426521301 0.42682018876075745,-89.26486206054688 31.726829528808594 740.495849609375,0.69
49,2097,13,0.9232044219970703,0.46304136514663696 -0.8828113079071045 0.0789736732840538 0.29992371797561646 0.23990832269191742 0.9233037829399109 -0.83404940366745 -0.4038417339324951 0.37586352229118347,-87.55481719970703 39.3477668762207 767.3524169921875,0.69
49,2119,13,0.933837890625,0.4667198359966278 -0.880717933177948 0.08067622780799866 0.3339351713657379 0.25995850563049316 0.9060403108596802 -0.8189382553100586 -0.3959263563156128 0.41543048620224,-81.62654113769531 34.852176666259766 765.7840576171875,0.69
49,2123,13,0.9429037570953369,0.48419663310050964 -0.8731479644775391 0.05626842752099037 0.3625808358192444 0.25876253843307495 0.8953083157539368 -0.7962968945503235 -0.4131034314632416 0.44187867641448975,-77.81280517578125 32.49641036987305 753.12353515625,0.69
49,2146,13,0.9409747123718262,0.46312958002090454 -0.8827147483825684 0.07953344285488129 0.29895544052124023 0.24006660282611847 0.9235765933990479 -0.8343479633331299 -0.40395867824554443 0.3750743567943573,-82.87181854248047 35.97547912597656 768.4511108398438,0.69
49,2151,13,0.9314355850219727,0.45131662487983704 -0.8881545662879944 0.08657301962375641 0.2722257971763611 0.2294207513332367 0.9344834089279175 -0.8498272895812988 -0.3981804847717285 0.345319926738739,-88.9338150024414 35.89784622192383 788.9130859375,0.69
49,2173,13,0.9481186866760254,0.4781875014305115 -0.8766711354255676 0.05276787281036377 0.34767886996269226 0.24413377046585083 0.9052724838256836 -0.8065085411071777 -0.4145437180995941 0.42154181003570557,-83.61483001708984 24.89387321472168 768.1664428710938,0.69
49,2196,13,0.9351515769958496,0.47212642431259155 -0.8791322708129883 0.06498455256223679 0.3447914719581604 0.2520046532154083 0.9042192101478577 -0.8113047480583191 -0.40449967980384827 0.4220954179763794,-79.98450469970703 16.977445602416992 765.2479858398438,0.69
53,1,13,0.8871500492095947,0.3128673732280731 -0.9477112293243408 0.06290622055530548 -0.6445656418800354 -0.2605018615722656 -0.7188003063201904 0.697602391242981 0.18434196710586548 -0.6923646926879883,131.8100128173828 58.872989654541016 892.8623657226562,0.69
53,14,13,0.5618762969970703,0.6071527600288391 -0.7544934153556824 0.2492092102766037 0.6898751258850098 0.34492626786231995 -0.6364731788635254 0.3942560851573944 0.558359682559967 0.7299292087554932,105.49526977539062 79.33383178710938 888.3753051757812,0.69
53,33,13,0.48050475120544434,0.27222996950149536 -0.9555490612983704 0.11321146786212921 -0.6289173364639282 -0.26574015617370605 -0.7306471467018127 0.7282540798187256 0.12770341336727142 -0.6733037233352661,80.9434585571289 94.50921630859375 880.9513549804688,0.69
53,43,13,0.3945450782775879,0.2654266357421875 -0.9607880115509033 0.08021953701972961 -0.6531339287757874 -0.24038879573345184 -0.7180732488632202 0.7092000246047974 0.13820165395736694 -0.6913288831710815,76.08334350585938 94.09111785888672 912.8794555664062,0.69
53,52,13,0.8632569313049316,0.25015494227409363 -0.962127149105072 0.10832381248474121 -0.6447830200195312 -0.24900853633880615 -0.722668468952179 0.7222724556922913 0.11093372851610184 -0.6826538443565369,58.8807258605957 105.92355346679688 900.3583374023438,0.69
53,61,13,0.9187030792236328,0.24406197667121887 -0.9591587781906128 0.1429971158504486 -0.6186388731002808 -0.26754772663116455 -0.7387179136276245 0.7468063831329346 0.09182939678430557 -0.6586710810661316,50.82916259765625 115.19450378417969 904.3474731445312,0.69
53,75,13,0.9501962661743164,0.2524069547653198 -0.9576103687286377 0.13882791996002197 -0.6056161522865295 -0.26823994517326355 -0.7491838335990906 0.7546653747558594 0.10502277314662933 -0.6476499438285828,60.92002868652344 124.58641052246094 905.1060180664062,0.69
53,84,13,0.9351248741149902,0.25264984369277954 -0.9577487111091614 0.13742414116859436 -0.600403368473053 -0.26656708121299744 -0.7539613842964172 0.7587383389472961 0.10797832906246185 -0.6423836350440979,58.19396209716797 124.44383239746094 913.2979125976562,0.69
53,93,13,0.8138792514801025,0.2605507969856262 -0.9580156803131104 0.11966338008642197 -0.6123386025428772 -0.25980424880981445 -0.7466881275177002 0.7464280128479004 0.12127568572759628 -0.6543222069740295,71.06475067138672 112.232666015625 938.2141723632812,0.69
53,103,13,0.9055881500244141,0.22922851145267487 -0.9410290122032166 0.2488350123167038 -0.650994598865509 -0.3382689654827118 -0.6795440912246704 0.7236438989639282 -0.006219361908733845 -0.6901455521583557,89.09076690673828 98.06978607177734 919.0880126953125,0.69
53,111,13,0.6921982765197754,0.2826370298862457 -0.9569151401519775 0.06655815988779068 -0.591841459274292 -0.22857160866260529 -0.7729675769805908 0.7548775672912598 0.1790773868560791 -0.6309447288513184,81.58212280273438 110.28840637207031 930.9531860351562,0.69
53,118,13,0.6747701168060303,0.2796211838722229 -0.9574783444404602 0.07104384154081345 -0.5996189713478088 -0.23194392025470734 -0.7659367322921753 0.7498460412025452 0.17157289385795593 -0.6389786601066589,79.47472381591797 104.38691711425781 933.6707763671875,0.69
53,123,13,0.8308720588684082,0.2848304212093353 -0.9549993872642517 0.0827530175447464 -0.5937492847442627 -0.24354144930839539 -0.7669090628623962 0.7525513768196106 0.1693044900894165 -0.6363981366157532,89.28093719482422 99.11927032470703 948.880615234375,0.69
53,126,13,0.6831064224243164,0.279513418674469 -0.9557217359542847 0.0920233428478241 -0.5913174152374268 -0.24686044454574585 -0.7677263021469116 0.7564495801925659 0.16017480194568634 -0.6341357231140137,87.6942367553711 103.12428283691406 953.594482421875,0.69
53,131,13,0.8788595199584961,0.2946256697177887 -0.9544657468795776 0.04680642485618591 -0.5634917616844177 -0.21308104693889618 -0.7981688380241394 0.7717984318733215 0.2087859809398651 -0.6006126999855042,90.34678649902344 109.86182403564453 954.9180908203125,0.69
53,135,13,0.7740859985351562,0.2824714183807373 -0.9559898972511292 0.0793299451470375 -0.5839675664901733 -0.23697666823863983 -0.7764173746109009 0.7610465884208679 0.1729896068572998 -0.6252061724662781,85.24903106689453 109.79170227050781 969.4843139648438,0.69
53,138,13,0.8589792251586914,0.283112496137619 -0.9532407522201538 0.10573270171880722 -0.5686497092247009 -0.2556118667125702 -0.7818568348884583 0.77232426404953 0.16122859716415405 -0.6144269704818726,84.83466339111328 99.27632141113281 966.0621337890625,0.69
53,139,13,0.7177205085754395,0.28684839606285095 -0.9531587958335876 0.09594900906085968 -0.565830647945404 -0.24939584732055664 -0.7858991026878357 0.7730159163475037 0.17114302515983582 -0.6108652949333191,89.5398178100586 97.3356704711914 977.180908203125,0.69
53,142,13,0.3119291067123413,0.27854129672050476 -0.9515915513038635 0.12995484471321106 -0.5693970322608948 -0.2725830376148224 -0.7755550146102905 0.7734350562095642 0.14202816784381866 -0.6177589893341064,85.10525512695312 95.50265502929688 983.3195190429688,0.69
53,145,13,0.8232879638671875,0.27960720658302307 -0.9532787799835205 0.11436505615711212 -0.557920515537262 -0.2582629919052124 -0.7886855602264404 0.7813735008239746 0.15671555697917938 -0.6040659546852112,77.43428802490234 95.44044494628906 974.2132568359375,0.69
53,147,13,0.2650141716003418,0.2783360779285431 -0.9555377960205078 0.09734828025102615 -0.5592179894447327 -0.24362289905548096 -0.7924160957336426 0.7808996438980103 0.16611908376216888 -0.6021628975868225,72.80394744873047 94.42423248291016 981.5949096679688,0.69
53,152,13,0.21629869937896729,0.2685505151748657 -0.9549053907394409 0.1266343891620636 -0.551842451095581 -0.26026594638824463 -0.7922950983047485 0.7895254492759705 0.14288902282714844 -0.5968518853187561,61.4827766418457 88.86891174316406 971.2743530273438,0.69
53,153,13,0.7885837554931641,0.26682037115097046 -0.9560502767562866 0.12155099958181381 -0.5589038133621216 -0.25624972581863403 -0.7886460423469543 0.7851327061653137 0.14249151945114136 -0.602712869644165,59.58784103393555 88.76443481445312 976.46240234375,0.69
53,155,13,0.7108306884765625,0.2691178023815155 -0.9541668891906738 0.13092467188835144 -0.5343482494354248 -0.26102328300476074 -0.8039520382881165 0.8012787699699402 0.14639844000339508 -0.58010333776474,58.62724304199219 85.52754211425781 952.2059936523438,0.69
53,158,13,0.7186825275421143,0.2696852684020996 -0.9532999992370605 0.13597379624843597 -0.5343124270439148 -0.2656153440475464 -0.802470326423645 0.8011117577552795 0.14376194775104523 -0.580992579460144,60.17873001098633 85.92630004882812 962.7958374023438,0.69
53,162,13,0.6331701278686523,0.2703493535518646 -0.9537638425827026 0.13132280111312866 -0.5448266267776489 -0.2640206515789032 -0.7959001660346985 0.7937727570533752 0.14362294971942902 -0.5910137295722961,62.21143341064453 84.49188995361328 980.5156860351562,0.69
53,164,13,0.23276138305664062,0.27359285950660706 -0.953510582447052 0.12635056674480438 -0.527691125869751 -0.2586270570755005 -0.8091069459915161 0.804169774055481 0.15469180047512054 -0.5739176273345947,61.93062210083008 82.32064819335938 966.5468139648438,0.69
53,165,13,0.8298840522766113,0.271647572517395 -0.9532594084739685 0.13230277597904205 -0.5441358685493469 -0.2655200958251953 -0.7958739399909973 0.7938033938407898 0.14420653879642487 -0.5908305048942566,64.23870849609375 82.4346694946289 987.8555908203125,0.69
53,167,13,0.8618712425231934,0.27357006072998047 -0.9526835083961487 0.13249002397060394 -0.5314392447471619 -0.26452165842056274 -0.8047363758087158 0.801705539226532 0.14974139630794525 -0.5786586403846741,64.26586151123047 82.16116333007812 985.3700561523438,0.69
53,168,13,0.4265831708908081,0.272095650434494 -0.9531440734863281 0.13221324980258942 -0.5367814302444458 -0.26437681913375854 -0.8012306690216064 0.7986423969268799 0.14704176783561707 -0.5835658311843872,63.43048095703124 81.73699951171875 984.76953125,0.69
53,171,13,0.5839128494262695,0.2731383144855499 -0.9528180360794067 0.13241320848464966 -0.5266402959823608 -0.26329609751701355 -0.8082852959632874 0.8050127029418945 0.15103957056999207 -0.5737085938453674,63.17094039916993 79.54235076904297 995.4432983398438,0.69
53,176,13,0.3016791343688965,0.2668054401874542 -0.9545111060142517 0.13312982022762299 -0.5477997064590454 -0.26385176181793213 -0.793912947177887 0.7929251790046692 0.1388918161392212 -0.5932779312133789,57.7514533996582 76.23208618164062 1004.8817138671875,0.69
53,179,13,0.7200393676757812,0.2628083825111389 -0.9549412131309509 0.1379094421863556 -0.5383120775222778 -0.26374125480651855 -0.8004127740859985 0.8007196187973022 0.1361168622970581 -0.5833697319030762,51.927040100097656 74.49504089355469 1011.5940551757811,0.69
53,247,13,0.5845928192138672,0.27085086703300476 -0.9563344717025757 0.10983744263648987 -0.5153793692588806 -0.24043558537960052 -0.8225417137145996 0.8130338191986084 0.16617818176746368 -0.5579972267150879,53.827735900878906 68.9154281616211 996.4909057617188,0.69
53,316,13,0.8042948246002197,0.32570981979370117 -0.938744068145752 0.11257314682006836 -0.4995117485523224 -0.2719475030899048 -0.8225159645080566 0.8027459383010864 0.2116699367761612 -0.5574896335601807,121.74517059326172 51.577980041503906 959.4750366210938,0.69
53,434,13,0.722259521484375,0.22729620337486267 -0.9661845564842224 0.1217527911067009 -0.48174771666526794 -0.22021543979644775 -0.8481888175010681 0.8463188409805298 0.13413596153259277 -0.5155113339424133,-1.2903419733047485 15.291665077209473 983.9537963867188,0.69
53,479,13,0.9102809429168701,0.18047364056110382 -0.9775187373161316 0.10902582108974457 -0.41834402084350586 -0.1766073852777481 -0.890953540802002 0.8901784420013428 0.11518333107233047 -0.44081202149391174,-58.378822326660156 38.68933868408203 1051.6895751953125,0.69
53,513,13,0.925605297088623,0.2368040382862091 -0.9644969701766968 0.1169157475233078 -0.4009568393230438 -0.20663025975227356 -0.892489492893219 0.8849618434906006 0.16446693241596222 -0.4356525242328644,17.72235107421875 35.798728942871094 1071.2864990234375,0.69
53,519,13,0.9528970718383789,0.244146928191185 -0.9635607004165649 0.10928388684988022 -0.4110978841781616 -0.20490780472755432 -0.8882630467414856 0.8782886266708374 0.17194031178951263 -0.44614532589912415,19.53285026550293 32.25118637084961 1050.5894775390625,0.69
53,523,13,0.9252748489379883,0.2381790727376938 -0.9631415605545044 0.1250160187482834 -0.40809914469718933 -0.216053768992424 -0.8870038390159607 0.8813204169273376 0.1602468341588974 -0.44451677799224854,14.255071640014648 33.804752349853516 1052.9000244140625,0.69
53,526,13,0.9525063037872314,0.2385808676481247 -0.9665449857711792 0.09418000280857086 -0.42307090759277344 -0.19074182212352753 -0.88579261302948 0.8741225004196167 0.17148834466934204 -0.4544244110584259,13.248788833618164 26.660003662109375 1050.8514404296875,0.69
53,533,13,0.9629592895507812,0.23659132421016693 -0.9698523283004761 0.05840430036187172 -0.4294787049293518 -0.15831048786640167 -0.889092743396759 0.8715345859527588 0.18526822328567505 -0.45398586988449097,11.2364501953125 18.67356300354004 1053.730712890625,0.69
53,534,13,0.9580860137939453,0.24269802868366241 -0.9656791090965271 0.09252825379371643 -0.42311903834342957 -0.19120191037654877 -0.8856704235076904 0.8729649782180786 0.17579999566078186 -0.4550015926361084,13.61900520324707 20.360353469848633 1028.69873046875,0.69
53,538,13,0.9508810043334961,0.24983789026737213 -0.9652220010757446 0.0769907534122467 -0.4237890839576721 -0.1804923713207245 -0.8875952959060669 0.8706226944923401 0.1891270875930786 -0.4541443884372711,21.236711502075195 15.931785583496092 1021.7764282226562,0.69
53,539,13,0.9552736282348633,0.24992135167121887 -0.963693380355835 0.09399022161960602 -0.4219302535057068 -0.1957608163356781 -0.8852414488792419 0.871501088142395 0.18158341944217682 -0.45553627610206604,21.674589157104492 15.449483871459961 1013.1390380859375,0.69
53,542,13,0.955808162689209,0.24715478718280792 -0.9642495512962341 0.09559004008769989 -0.4156651496887207 -0.19461846351623535 -0.8884515762329102 0.8752925395965576 0.17985162138938904 -0.4489057958126068,20.67679786682129 23.482967376708984 1008.8997802734374,0.69
53,545,13,0.9557065963745117,0.2474164366722107 -0.9651908874511719 0.08480370789766312 -0.438568651676178 -0.18960650265216827 -0.8784685134887695 0.863969087600708 0.18015530705451965 -0.47021424770355225,21.410985946655273 21.39613914489746 1014.7474975585938,0.69
53,547,13,0.9634466171264648,0.24851781129837036 -0.9650530219078064 0.0831361711025238 -0.4248385727405548 -0.18573026359081268 -0.88601154088974 0.8704890012741089 0.184870183467865 -0.45614898204803467,24.80276107788086 17.481151580810547 1020.8330078125001,0.69
53,550,13,0.9266233444213867,0.2535451054573059 -0.9631273150444031 0.09000490605831146 -0.4412420988082886 -0.19795361161231995 -0.8752827048301697 0.8608253598213196 0.18220970034599304 -0.47516244649887085,27.931243896484375 15.044265747070312 1000.3899536132812,0.69
53,551,13,0.9530038833618164,0.24497418105602264 -0.9681511521339417 0.05168092995882034 -0.3867388069629669 -0.14646030962467194 -0.9104847311973572 0.8890560865402222 0.20305824279785156 -0.4103006422519684,30.786500930786133 12.381755828857422 1033.3701171875,0.69
53,552,13,0.9583113193511963,0.2571620047092438 -0.9627485871315002 0.08356281369924545 -0.42297598719596863 -0.18988531827926636 -0.8860219120979309 0.8688837289810181 0.1925061196088791 -0.456050843000412,33.39699172973633 13.455647468566895 1004.9732666015625,0.69
53,555,13,0.9586091041564941,0.2607090473175049 -0.9626214504241943 0.07342223078012466 -0.4202030301094055 -0.18161678314208984 -0.889069676399231 0.8691721558570862 0.2009362429380417 -0.45184561610221863,36.41565704345703 15.015820503234863 990.198974609375,0.69
53,556,13,0.9620010852813721,0.26411014795303345 -0.9606024622917175 0.08653737604618073 -0.4171162247657776 -0.1946583390235901 -0.8877624869346619 0.8696320652961731 0.19837094843387604 -0.45209410786628723,38.796043395996094 14.751768112182617 1005.864990234375,0.69
53,567,13,0.964893102645874,0.26110178232192993 -0.9588137865066528 0.1118120551109314 -0.40972018241882324 -0.2149558663368225 -0.8865231871604919 0.8740453124046326 0.18566115200519562 -0.448970764875412,40.5678596496582 4.680564880371094 994.2970581054688,0.69
53,569,13,0.9605884552001953,0.2677309811115265 -0.9580516219139099 0.10226092487573624 -0.41287726163864136 -0.2099771648645401 -0.88625168800354 0.8705472946166992 0.1950557976961136 -0.45177513360977173,44.03665542602539 1.47968327999115 977.8477172851562,0.69
53,576,13,0.9653806686401367,0.2631886303424835 -0.9607732892036438 0.08744370937347412 -0.42851394414901733 -0.19762766361236572 -0.881657063961029 0.8643538355827332 0.19457127153873444 -0.46371814608573914,39.109073638916016 -0.45215922594070435 973.4884033203125,0.69
53,579,13,0.9673161506652832,0.26100751757621765 -0.9590632319450378 0.10987601429224014 -0.4056731164455414 -0.21225601434707642 -0.8890312910079956 0.8759591579437256 0.18747009336948395 -0.44446659088134766,36.64628601074219 4.527759552001953 951.8189697265625,0.69
53,583,13,0.9673309326171875,0.25758305191993713 -0.9612856507301331 0.09788262099027634 -0.40658506751060486 -0.1997254639863968 -0.8915146589279175 0.8765498399734497 0.18984144926071167 -0.44229021668434143,30.617528915405273 3.9363455772399902 952.9486694335938,0.69
53,587,13,0.9649381637573242,0.25236964225769043 -0.9606726169586182 0.11583475023508072 -0.40297219157218933 -0.2131790816783905 -0.890038251876831 0.8797289133071899 0.17794044315814972 -0.4409242570400238,26.089004516601562 2.4677886962890625 944.3469848632812,0.69
53,591,13,0.9654107093811035,0.2445463240146637 -0.9616080522537231 0.12452738732099533 -0.41478249430656433 -0.21982675790786743 -0.8829675316810608 0.8764431476593018 0.1642746776342392 -0.45261603593826294,17.44486427307129 3.4861974716186523 942.2434692382812,0.69
53,592,13,0.9668128490447998,0.2394169569015503 -0.9616263508796692 0.13399389386177063 -0.40715616941452026 -0.2247258871793747 -0.8852808475494385 0.8814212679862976 0.15739481151103973 -0.4453352391719818,12.922751426696777 5.503032207489014 948.7734985351562,0.69
53,602,13,0.9648771286010742,0.23133648931980133 -0.9647072553634644 0.1257910579442978 -0.41677093505859375 -0.2151038944721222 -0.8831943869590759 0.8790821433067322 0.15188902616500854 -0.45182332396507263,1.945424199104309 9.119380950927734 952.5520629882812,0.69
53,604,13,0.9619677066802979,0.2337944656610489 -0.9639124870300293 0.12733012437820435 -0.4156160056591034 -0.21746943891048431 -0.8831592798233032 0.8789786696434021 0.15355733036994934 -0.4514605700969696,4.634816646575928 9.534016609191895 954.9758911132812,0.69
53,610,13,0.9673008918762207,0.2459321767091751 -0.9632961750030518 0.10760003328323364 -0.40870699286460876 -0.20371659100055695 -0.8896393179893494 0.8789060711860657 0.17481404542922974 -0.44380638003349304,14.726330757141113 5.769353866577148 939.1602172851562,0.69
53,616,13,0.965897798538208,0.24634261429309845 -0.9620048403739929 0.11773693561553955 -0.39444348216056824 -0.2104799747467041 -0.894490122795105 0.8852850198745728 0.1739104688167572 -0.43130674958229065,18.561071395874023 9.79036808013916 928.9406127929688,0.69
53,628,13,0.9663848876953125,0.2491263896226883 -0.961017370223999 0.11992377042770386 -0.39683210849761963 -0.21424970030784607 -0.8925365209579468 0.8834366798400879 0.17476478219032288 -0.4347377419471741,23.975252151489258 11.218554496765137 943.1299438476562,0.69
53,638,13,0.9697265625,0.2672065496444702 -0.9549828767776489 0.12887345254421234 -0.37490442395210266 -0.22622299194335938 -0.8990382552146912 0.8877202272415161 0.19191370904445648 -0.41847559809684753,44.50688552856445 17.56656837463379 936.9873657226562,0.69
53,647,13,0.9677889347076416,0.2770223319530487 -0.9510466456413269 0.13700002431869507 -0.36849337816238403 -0.23683172464370728 -0.8989567756652832 0.8873958587646484 0.19854751229286194 -0.41606199741363525,56.11280822753906 26.893964767456055 935.57958984375,0.69
53,655,13,0.9682917594909668,0.2762127220630646 -0.9533847570419312 0.12150712311267853 -0.37441566586494446 -0.22317858040332794 -0.9000023603439331 0.885166347026825 0.20309792459011078 -0.4186069667339325,54.667701721191406 34.43941116333008 975.159423828125,0.69
53,665,13,0.9663248062133789,0.2703694999217987 -0.9513391852378845 0.14783184230327606 -0.35861897468566895 -0.24201646447181702 -0.9015655517578125 0.8934723734855652 0.19074052572250366 -0.4066021144390106,49.519500732421875 17.029239654541016 921.4429931640625,0.69
53,677,13,0.9570722579956055,0.26017770171165466 -0.9545145034790039 0.14563530683517456 -0.3538488745689392 -0.234593003988266 -0.9054043889045715 0.8983865976333618 0.18403314054012299 -0.39878979325294495,39.393184661865234 27.11200714111328 938.3820190429688,0.69
53,686,13,0.9619677066802979,0.24603991210460663 -0.9564385414123535 0.15713006258010864 -0.31247082352638245 -0.23172760009765625 -0.9212298393249512 0.917510986328125 0.1775607317686081 -0.35587334632873535,25.179418563842773 40.57175827026367 922.7897338867188,0.69
53,687,13,0.967803955078125,0.2472206950187683 -0.9609420895576477 0.12438701093196869 -0.341110497713089 -0.20646515488624573 -0.917069137096405 0.9069318771362305 0.18428874015808105 -0.3788299262523651,22.21061897277832 46.97260665893555 935.6688842773438,0.69
53,692,13,0.960956335067749,0.23328816890716553 -0.9591004252433777 0.1603211909532547 -0.32231390476226807 -0.2318175584077835 -0.9178094863891602 0.9174368381500244 0.16244035959243774 -0.3632117211818695,11.420254707336426 49.43309020996094 933.054931640625,0.69
