scene_id,im_id,obj_id,score,R,t,time
52,1,11,0.9804868698120117,0.6429805159568787 0.7523568868637085 0.14330057799816132 0.546558678150177 -0.31967753171920776 -0.7740024328231812 -0.5365161299705505 0.5759906768798828 -0.6167536973953247,20.239713668823242 -13.303224563598633 975.8287353515625,0.69
52,21,11,0.9829182624816895,0.6297032237052917 0.7602761387825012 0.15954332053661346 0.5486135482788086 -0.2898210287094116 -0.7842365503311157 -0.5499973297119141 0.58136385679245 -0.5995990037918091,10.514397621154785 -8.468367576599121 968.6437377929688,0.69
52,34,11,0.9799990653991699,0.6180241107940674 0.7717194557189941 0.1499842256307602 0.5476447343826294 -0.2857367992401123 -0.786409318447113 -0.5640313625335693 0.568157970905304 -0.599220335483551,19.12498664855957 -11.063776969909668 972.4548950195312,0.69
52,39,11,0.9785258769989014,0.6180243492126465 0.775173008441925 0.1309678703546524 0.5482251644134521 -0.3055523931980133 -0.7785158753395081 -0.5634668469429016 0.552941620349884 -0.613808274269104,26.67351722717285 -8.489602088928223 968.2247924804688,0.69
52,48,11,0.9814541339874268,0.6067129373550415 0.7839193344116211 0.13179484009742737 0.5280064344406128 -0.27347850799560547 -0.8040016293525696 -0.5942294001579285 0.5573866963386536 -0.579837441444397,32.50405502319336 19.92964744567871 972.4959716796875,0.69
52,52,11,0.9780664443969727,0.5855225920677185 0.7964562177658081 0.151065394282341 0.5388339757919312 -0.24314747750759125 -0.8065589070320129 -0.605657696723938 0.553657591342926 -0.5715259909629822,24.762636184692383 13.151826858520508 967.4885864257812,0.69
52,57,11,0.9765737056732178,0.5455833077430725 0.8222361207008362 0.1620703935623169 0.5695133209228516 -0.2218870222568512 -0.791467547416687 -0.6148117780685425 0.5241127610206604 -0.5893321633338928,32.04582214355469 -3.609039068222046 963.9117431640625,0.69
52,61,11,0.9799900054931641,0.5522480010986328 0.8193554878234863 0.15387894213199615 0.5571984052658081 -0.22546258568763733 -0.7991849184036255 -0.6201226115226746 0.5270893573760986 -0.5810548663139343,35.417396545410156 -5.929995536804199 957.8792114257812,0.69
52,65,11,0.9760966300964355,0.5604925155639648 0.813511848449707 0.15506915748119354 0.5551143288612366 -0.23009935021400452 -0.7993136048316956 -0.6145698428153992 0.5340904593467712 -0.580561101436615,28.689983367919922 -6.617722034454346 960.4370727539062,0.69
52,71,11,0.9775497913360596,0.5478464961051941 0.8251477479934692 0.13782396912574768 0.5459167957305908 -0.22778180241584778 -0.8062818050384521 -0.6339077949523926 0.5169590711593628 -0.5752514600753784,27.89080047607422 -12.845643997192383 952.07177734375,0.69
52,80,11,0.9770917892456055,0.5963267087936401 0.7882296442985535 0.15194886922836304 0.518858015537262 -0.23403915762901306 -0.8221995234489441 -0.6125200390815735 0.5691394209861755 -0.5485430955886841,8.467119216918945 -1.3444488048553467 948.6813354492188,0.69
52,81,11,0.9751319885253906,0.5807045698165894 0.7982650399208069 0.15985944867134094 0.5287637114524841 -0.220517098903656 -0.8196225166320801 -0.6190243363380432 0.5604864358901978 -0.5501489043235779,6.716598987579346 -3.277282476425171 955.9093627929688,0.69
52,84,11,0.9770617485046387,0.5856359601020813 0.7939051389694214 0.16353975236415863 0.5305211544036865 -0.22287514805793762 -0.8178471326828003 -0.6128441095352173 0.5657219886779785 -0.5517071485519409,4.659995079040527 -10.56667423248291 952.5280151367188,0.69
52,88,11,0.9721813201904297,0.5634496808052063 0.8130486607551575 0.14654751121997833 0.5226836204528809 -0.21345548331737518 -0.8253717422485352 -0.6397861242294312 0.5416533946990967 -0.5452386736869812,3.324462652206421 -12.707768440246582 947.3579711914062,0.69
52,92,11,0.9717311859130859,0.5712817907333374 0.8071318864822388 0.14891305565834045 0.5092803835868835 -0.2063172161579132 -0.8355038166046143 -0.6436384916305542 0.5531466007232666 -0.5289217829704285,-8.985657691955566 -4.742915153503418 947.5784912109375,0.69
52,97,11,0.9746332168579102,0.602599561214447 0.786698043346405 0.13408945500850677 0.47326064109802246 -0.21698759496212006 -0.8537803292274475 -0.6425715088844299 0.5779469013214111 -0.5030698776245117,-21.79375648498535 4.948561668395996 944.99365234375,0.69
52,98,11,0.9697411060333252,0.6035794615745544 0.7874795794487 0.12477121502161026 0.4598216712474823 -0.21596398949623108 -0.861349880695343 -0.6513493657112122 0.5772655606269836 -0.49245157837867737,-24.25440216064453 7.316052436828613 938.7466430664062,0.69
52,114,11,0.9692811965942383,0.6219660639762878 0.7697407603263855 0.14372707903385162 0.4579273760318756 -0.20865823328495026 -0.8641552329063416 -0.6351856589317322 0.6032918095588684 -0.4822636544704437,-54.469730377197266 13.484423637390137 940.7796020507812,0.69
52,116,11,0.9721813201904297,0.6281190514564514 0.7648389935493469 0.14313507080078125 0.4534039795398712 -0.2102602869272232 -0.8661497831344604 -0.6323695182800293 0.6089432239532471 -0.4788495600223541,-60.962440490722656 13.961902618408203 932.6862182617188,0.69
52,121,11,0.9682917594909668,0.6415441036224365 0.7570666074752808 0.12357752025127411 0.4416508078575134 -0.23282577097415924 -0.8664506077766418 -0.6271888017654419 0.6104443669319153 -0.48372700810432434,-67.82530212402344 5.268452167510986 940.3616333007812,0.69
52,127,11,0.9707307815551758,0.679253339767456 0.7264132499694824 0.1045880988240242 0.4308494031429291 -0.2793290913105011 -0.858104944229126 -0.5941242575645447 0.6279323697090149 -0.5027099847793579,-83.5686264038086 -8.929601669311523 941.9450073242188,0.69
52,132,11,0.9692530632019043,0.6853014826774597 0.7207463979721069 0.10433856397867203 0.43215876817703247 -0.2871529161930084 -0.8548579216003418 -0.5861746072769165 0.630926251411438 -0.5082631707191467,-95.30384826660156 -13.234963417053223 958.8238525390625,0.69
52,136,11,0.9712557792663574,0.6845930218696594 0.723057746887207 0.09230411797761917 0.4159594178199768 -0.28352805972099304 -0.8640542030334473 -0.5985901951789856 0.629920244216919 -0.49486395716667175,-104.2884521484375 -12.18692684173584 952.458984375,0.69
52,143,11,0.9663405418395996,0.7194477915763855 0.6866773962974548 0.10425516963005066 0.4195023775100708 -0.30998697876930237 -0.8531856536865234 -0.5535455942153931 0.6575578451156616 -0.5110822319984436,-114.91201782226562 -23.315608978271484 957.2947998046875,0.69
52,150,11,0.9697818756103516,0.7787453532218933 0.6189624071121216 0.10218216478824615 0.39641377329826355 -0.3592727482318878 -0.8448545336723328 -0.48622196912765503 0.698432981967926 -0.5251471996307373,-97.93595123291016 -35.445621490478516 973.7073364257812,0.69
52,156,11,0.9673161506652832,0.7789449691772461 0.6199257969856262 0.09453462809324265 0.3921107053756714 -0.3638499975204468 -0.8449037671089172 -0.48938119411468506 0.695201575756073 -0.5264986753463745,-95.40283966064453 -44.32693862915039 985.4785766601562,0.69
52,164,11,0.9687650203704834,0.7432255744934082 0.6628745198249817 0.09062676876783371 0.4032900929450989 -0.335796594619751 -0.8512331247329712 -0.5338285565376282 0.6692070960998535 -0.516903281211853,-91.03661346435547 -52.92529296875 982.1622924804688,0.69
52,165,11,0.9663248062133789,0.7349585890769958 0.6720983386039734 0.09010966122150421 0.40170523524284363 -0.32446157932281494 -0.8563629388809204 -0.5463230609893799 0.6655888557434082 -0.5084512233734131,-89.15503692626953 -51.432960510253906 973.08154296875,0.69
52,167,11,0.9682769775390625,0.7342155575752258 0.6729869842529297 0.08953206241130829 0.40656232833862305 -0.3302232027053833 -0.8518566489219666 -0.5437228679656982 0.6618467569351196 -0.5160661935806274,-87.42060089111328 -55.05066680908203 979.3289184570312,0.69
52,169,11,0.9708316326141357,0.7580060362815857 0.6454906463623047 0.09364141523838043 0.39579835534095764 -0.3410971462726593 -0.8526408076286316 -0.5184308886528015 0.6833699941635132 -0.5140377879142761,-86.45026397705078 -56.07831954956055 975.6027221679688,0.69
52,170,11,0.9692673683166504,0.7316386699676514 0.6749171018600464 0.09587419033050537 0.40633800625801086 -0.31884947419166565 -0.8562852740287781 -0.547352135181427 0.665448784828186 -0.5075270533561707,-84.5423812866211 -57.194881439208984 974.1725463867188,0.69
52,171,11,0.9678184986114502,0.7550578713417053 0.6495605707168579 0.0892106220126152 0.397523432970047 -0.3453296422958374 -0.8501309156417847 -0.5214044451713562 0.6773613691329956 -0.5189594626426697,-84.5966567993164 -58.70684814453125 980.3048706054688,0.69
52,173,11,0.9726693630218506,0.7496189475059509 0.6548669338226318 0.09602449089288712 0.4024375081062317 -0.3357880413532257 -0.8516398072242737 -0.5254669189453125 0.6770491600036621 -0.5152561068534851,-83.79447937011719 -58.335350036621094 972.7305908203125,0.69
52,175,11,0.9678325653076172,0.7421666979789734 0.6633089184761047 0.0959678441286087 0.4069609045982361 -0.33223646879196167 -0.8508829474449158 -0.532514214515686 0.6705521941184998 -0.5165156126022339,-83.11670684814453 -56.5490608215332 974.4338989257812,0.69
52,259,11,0.9692530632019043,0.8277919888496399 0.556990921497345 0.06724268943071365 0.3173072934150696 -0.3659595251083374 -0.8748655915260315 -0.4626840353012085 0.7455433011054993 -0.47967562079429626,-93.80809783935547 -31.033777236938477 940.7269287109375,0.69
52,388,11,0.9702291488647461,0.8201373219490051 0.5561732053756714 0.13433586061000824 0.306713730096817 -0.22915010154247284 -0.9238056540489197 -0.483012855052948 0.7988501787185669 -0.3585205078125,-29.935815811157227 1.2552896738052368 894.8298950195312,0.69
52,516,11,0.9721813201904297,0.894906759262085 0.4317762851715088 0.11274383217096329 0.2751409411430359 -0.33495187759399414 -0.9011685252189636 -0.3513394296169281 0.8374822735786438 -0.4185500144958496,-89.95842742919922 -57.6696662902832 870.0897216796875,0.69
52,520,11,0.9751620292663574,0.8883949518203735 0.44664210081100464 0.10613814741373062 0.27475813031196594 -0.33207839727401733 -0.9023480415344238 -0.3677804470062256 0.8308038115501404 -0.4177352786064148,-85.28600311279297 -60.65911102294922 876.3764038085938,0.69
52,524,11,0.9736576080322266,0.8813923597335815 0.459000825881958 0.11165031045675278 0.28450024127960205 -0.3271092176437378 -0.9011432528495789 -0.37710365653038025 0.8260252475738525 -0.4188973903656006,-71.44621276855469 -61.433231353759766 869.61181640625,0.69
52,526,11,0.975121021270752,0.8903176784515381 0.43404561281204224 0.13761873543262482 0.2929258346557617 -0.3145764470100403 -0.9029043316841125 -0.3486100137233734 0.8441837430000305 -0.4072161018848419,-62.42623519897461 -57.70032501220703 863.5372314453125,0.69
52,527,11,0.9702291488647461,0.8755751848220825 0.46563711762428284 0.12864722311496735 0.298330157995224 -0.31173473596572876 -0.9021199941635132 -0.37995678186416626 0.8282532095909119 -0.4118608236312866,-61.000465393066406 -56.81597900390625 870.7662353515625,0.69
52,532,11,0.9731574058532715,0.8964393138885498 0.4244002401828766 0.12759652733802795 0.2795601785182953 -0.31814488768577576 -0.9058862328529358 -0.34386420249938965 0.8477429151535034 -0.4038430452346802,-60.502235412597656 -47.32828140258789 868.2581176757812,0.69
52,537,11,0.9765844345092773,0.8936851024627686 0.4285601079463959 0.13290342688560486 0.2842628061771393 -0.31159707903862 -0.9066983461380005 -0.3471624255180359 0.8480823040008545 -0.4002932906150818,-67.37191772460938 -47.2074089050293 877.3695068359375,0.69
52,539,11,0.9780573844909668,0.8997489809989929 0.40896549820899963 0.15231212973594666 0.29006844758987427 -0.299672931432724 -0.9088764786720276 -0.32605528831481934 0.8619416952133179 -0.3882583975791931,-71.3071517944336 -48.13064956665039 877.8651123046875,0.69
52,543,11,0.9775497913360596,0.9099158048629761 0.39737483859062195 0.11893948912620544 0.2611813247203827 -0.3261221945285797 -0.9085310101509094 -0.322238564491272 0.8577514290809631 -0.4005305767059326,-83.08688354492188 -53.22317886352539 893.1300048828125,0.69
52,544,11,0.9770617485046387,0.9120936393737793 0.3909183144569397 0.12356465309858322 0.26217424869537354 -0.32443001866340637 -0.908850908279419 -0.3151983320713043 0.8613525629043579 -0.3983992338180542,-83.68814086914062 -51.68347930908203 889.6854858398438,0.69
52,550,11,0.9814777374267578,0.9150922894477844 0.38414210081100464 0.12264153361320496 0.2566276490688324 -0.3201862871646881 -0.9119336605072021 -0.31104397773742676 0.8659766912460327 -0.3915815055370331,-91.98744201660156 -39.65491485595703 898.590576171875,0.69
52,556,11,0.9785258769989014,0.9235469102859497 0.36781325936317444 0.10851041972637177 0.23547638952732086 -0.32058966159820557 -0.9174818992614746 -0.3026747405529022 0.8728892207145691 -0.3826909065246582,-92.6490707397461 -38.17978286743164 910.2844848632812,0.69
52,561,11,0.9809660911560059,0.9292122721672058 0.35590818524360657 0.09946788847446442 0.2237066924571991 -0.3275027871131897 -0.9179853796958923 -0.2941425144672394 0.8752549290657043 -0.38393867015838623,-95.99778747558594 -39.683502197265625 921.3529663085938,0.69
52,567,11,0.9795019626617432,0.9376873970031738 0.3343401253223419 0.09465189278125763 0.21127134561538696 -0.3323020339012146 -0.9192060828208923 -0.27587440609931946 0.8819251656532288 -0.3822319507598877,-94.205322265625 -36.532371520996094 924.6509399414062,0.69
52,574,11,0.9785356521606445,0.9475294351577759 0.30130457878112793 0.10678804665803909 0.2117169052362442 -0.34120896458625793 -0.9158343076705933 -0.2395080178976059 0.8903887867927551 -0.3870967626571655,-87.53486633300781 -32.69456100463867 930.5491943359375,0.69
52,575,11,0.9814453125,0.9392421841621399 0.3278331756591797 0.10173261910676956 0.215541273355484 -0.33262333273887634 -0.9180978536605835 -0.26714426279067993 0.8842437863349915 -0.383075475692749,-86.89671325683594 -32.77452850341797 935.8372192382812,0.69
52,582,11,0.9799900054931641,0.9424562454223633 0.32182785868644714 0.09056998044252396 0.2019284963607788 -0.33203333616256714 -0.9214004874229431 -0.2664600610733032 0.8866683840751648 -0.37791314721107483,-82.01052856445312 -24.108699798583984 941.6504516601562,0.69
52,587,11,0.975597620010376,0.9450651407241821 0.3171590268611908 0.07913260161876678 0.1891777515411377 -0.3332502543926239 -0.923664391040802 -0.2665775716304779 0.8878931999206543 -0.3749426305294037,-74.97346496582031 -31.62520408630371 942.6421508789062,0.69
52,589,11,0.9746332168579102,0.938032329082489 0.33556628227233887 0.08654861152172089 0.20621390640735626 -0.33977317810058594 -0.9176219701766968 -0.2785160541534424 0.8786066174507141 -0.3879166543483734,-72.7627182006836 -32.57448959350586 945.438720703125,0.69
52,593,11,0.9770822525024414,0.9358290433883667 0.34100720286369324 0.08909609913825989 0.21126580238342285 -0.34038853645324707 -0.9162436723709106 -0.28211840987205505 0.8762703537940979 -0.390588641166687,-71.85990142822266 -28.98210334777832 948.380126953125,0.69
52,594,11,0.9795112609863281,0.9419993758201599 0.32662102580070496 0.07717438042163849 0.19212499260902405 -0.33626019954681396 -0.9219636917114258 -0.2751820683479309 0.8833163976669312 -0.37950894236564636,-74.7157974243164 -27.480632781982422 946.2223510742188,0.69
52,604,11,0.9765844345092773,0.9390926957130432 0.33470362424850464 0.07796502858400345 0.19675607979297638 -0.33763185143470764 -0.9204846024513245 -0.28176602721214294 0.8797604441642761 -0.38292253017425537,-82.639404296875 -26.466751098632812 954.4301147460938,0.69
52,608,11,0.9809660911560059,0.9454936981201172 0.31814688444137573 0.06945645809173584 0.177063450217247 -0.3232656717300415 -0.9295954704284668 -0.2732950448989868 0.8912248611450195 -0.36197787523269653,-93.12814331054688 -11.7835693359375 979.856201171875,0.69
52,622,11,0.9741334915161133,0.9602300524711609 0.27080079913139343 0.06800837814807892 0.15809650719165802 -0.3265680968761444 -0.931857705116272 -0.23013845086097717 0.9055496454238892 -0.35639315843582153,-86.1989517211914 -3.2889814376831055 971.7064819335938,0.69
52,625,11,0.9751095771789551,0.9536496996879578 0.2959287762641907 0.05457411706447601 0.15390092134475708 -0.32379841804504395 -0.9335250854492188 -0.2585859000682831 0.8986548781394958 -0.3543339967727661,-82.55704498291016 2.543186902999878 976.8329467773438,0.69
52,632,11,0.9799990653991699,0.9584230780601501 0.27553093433380127 0.07421521842479706 0.15993329882621765 -0.3032965362071991 -0.9393788576126099 -0.2363186925649643 0.9121918678283691 -0.33475297689437866,-75.78485870361328 10.449130058288574 975.2923583984375,0.69
52,638,11,0.98052978515625,0.9536505341529846 0.29155293107032776 0.07448074966669083 0.16422311961650848 -0.29685065150260925 -0.9406968355178833 -0.252153217792511 0.909327507019043 -0.3309715688228607,-75.19774627685547 24.037397384643555 980.9947509765625,0.69
52,643,11,0.9760966300964355,0.9680925607681274 0.24145588278770447 0.06705145537853241 0.14274446666240692 -0.3114267587661743 -0.9394878149032593 -0.20596325397491455 0.9190823435783386 -0.3359563946723938,-87.39458465576172 19.1723575592041 966.5382690429688,0.69
52,650,11,0.9848771095275879,0.9656099677085876 0.25084084272384644 0.06838424503803253 0.14663651585578918 -0.30822885036468506 -0.9399429559707642 -0.21469807624816895 0.9176458716392517 -0.33441123366355896,-107.74629211425781 17.853322982788086 957.28662109375,0.69
52,653,11,0.9799900054931641,0.9609972238540649 0.2698090374469757 0.060723189264535904 0.149143248796463 -0.32070058584213257 -0.935364842414856 -0.23289595544338226 0.9079394936561584 -0.34843260049819946,-109.97664642333984 15.539163589477539 945.0947265625,0.69
52,656,11,0.9814846515655518,0.9580641984939575 0.2772318720817566 0.0724952220916748 0.16571907699108124 -0.3296487629413605 -0.9294454455375671 -0.23377396166324615 0.9024822115898132 -0.3617672622203827,-101.7906723022461 4.780607223510742 936.9879760742188,0.69
52,662,11,0.9746444225311279,0.950865626335144 0.29672861099243164 0.08835594356060028 0.18971280753612518 -0.3328913152217865 -0.9236841201782227 -0.244670569896698 0.8950616717338562 -0.37282809615135193,-68.20721435546875 1.998603343963623 923.3671875,0.69
52,666,11,0.9799990653991699,0.9401530623435974 0.33084315061569214 0.08157896995544434 0.1980886310338974 -0.3358430862426758 -0.9208530783653259 -0.2772602140903473 0.8819027543067932 -0.3812801241874695,-52.741661071777344 0.5586662292480469 912.0184326171875,0.69
52,669,11,0.9765737056732178,0.9367454648017883 0.33679887652397156 0.09525991976261139 0.2099478542804718 -0.32291463017463684 -0.9228478074073792 -0.2800532579421997 0.8844730257987976 -0.3731989860534668,-34.89243698120117 -0.6455612778663635 902.1355590820312,0.69
52,678,11,0.9775791168212891,0.9312530159950256 0.3494178354740143 0.10331965982913971 0.22679094970226288 -0.33390012383461 -0.9149188995361328 -0.28519052267074585 0.875452995300293 -0.3901903033256531,-16.41046142578125 -3.8792974948883057 888.0657958984375,0.69
52,688,11,0.9702291488647461,0.9354190826416016 0.33040937781333923 0.1257808357477188 0.23528264462947845 -0.3162456154823303 -0.919037938117981 -0.263881117105484 0.8892796635627747 -0.3735617697238922,-51.49613952636719 0.8861557841300964 893.78076171875,0.69
52,742,11,0.9785449504852295,0.964932382106781 0.2149566113948822 0.1506621539592743 0.21894806623458862 -0.342468798160553 -0.9136612415313721 -0.14480043947696686 0.9146085381507874 -0.37752360105514526,-129.19662475585938 -48.79650115966797 909.5355834960938,0.69
52,820,11,0.9834063053131104,0.9695090055465698 0.15530836582183838 0.18955610692501068 0.2326982021331787 -0.34092578291893005 -0.9108354449272156 -0.07683580368757248 0.9271724820137024 -0.3666706383228302,-85.44717407226562 -44.63365936279297 919.3432006835938,0.69
52,886,11,0.9829182624816895,0.9744552373886108 0.11519239842891693 0.192789226770401 0.21932005882263184 -0.30337488651275635 -0.9272876381874084 -0.04832906648516655 0.9458827972412109 -0.32088926434516907,-59.704246520996094 -28.956403732299805 876.6509399414062,0.69
56,1,11,0.9833984375,-0.7482231855392456 -0.6633749604225159 -0.00978531502187252 -0.2094658613204956 0.2502007484436035 -0.9452638626098633 0.6295126080513 -0.7052186727523804 -0.3261604309082031,37.2496337890625 7.879190921783447 740.8240356445312,0.69
56,24,11,0.9833984375,-0.7589659094810486 -0.6510692834854126 -0.008915262296795845 -0.19917523860931396 0.24517518281936646 -0.9487983584403992 0.6199192404747009 -0.718329906463623 -0.31575649976730347,44.751644134521484 12.079282760620117 743.319580078125,0.69
56,32,11,0.98095703125,-0.7662696242332458 -0.6425142288208008 -0.0025234371423721313 -0.2021208256483078 0.24477583169937134 -0.9482784271240234 0.6099000573158264 -0.7261268496513367 -0.317429780960083,53.732749938964844 14.801642417907715 745.623046875,0.69
56,39,11,0.9834270477294922,-0.7691438794136047 -0.6390504837036133 0.0056664664298295975 -0.21434156596660614 0.2496023029088974 -0.9443285465240479 0.6020593047142029 -0.7275390028953552 -0.32895517349243164,57.94973373413086 16.336061477661133 747.9430541992188,0.69
56,46,11,0.982421875,-0.7807090282440186 -0.6247779726982117 0.012075033970177174 -0.2083175629377365 0.2419939786195755 -0.947651207447052 0.5891494154930115 -0.7423552870750427 -0.3190791606903076,58.880611419677734 17.922367095947266 755.6298217773438,0.69
56,53,11,0.98193359375,-0.795952320098877 -0.6052186489105225 0.013046959415078163 -0.2053477168083191 0.24966271221637726 -0.9463090300559998 0.5694665908813477 -0.7558960318565369 -0.32299986481666565,61.13693618774414 13.942663192749023 757.8568115234375,0.69
56,62,11,0.9799900054931641,-0.7725881338119507 -0.6346020698547363 0.01969490759074688 -0.21841350197792053 0.23652200400829315 -0.9467591643333435 0.5961570143699646 -0.735756516456604 -0.3213397264480591,62.88901901245117 15.201395034790039 758.9456176757812,0.69
56,75,11,0.985358476638794,-0.7807738780975342 -0.6244503855705261 0.021304631605744362 -0.2143269032239914 0.23564068973064423 -0.9479121565818787 0.5869038701057434 -0.7446712255477905 -0.31781861186027527,55.913822174072266 13.292287826538086 760.9630737304688,0.69
56,85,11,0.9824302196502686,-0.7849249243736267 -0.6191256046295166 0.024005277082324028 -0.21927115321159363 0.241337388753891 -0.9453446269035339 0.5794936418533325 -0.7472882270812988 -0.32518815994262695,59.100013732910156 14.640460014343262 765.2337646484375,0.69
56,98,11,0.98583984375,-0.8306851983070374 -0.5560704469680786 0.02734779193997383 -0.20887643098831177 0.2657439410686493 -0.9411433339118958 0.516074538230896 -0.787506103515625 -0.3368994891643524,63.14714431762695 5.850741863250732 767.011474609375,0.69
56,104,11,0.98583984375,-0.8190615773200989 -0.5729193687438965 0.030023830011487007 -0.21060216426849365 0.25157859921455383 -0.9446454048156738 0.5336523056030273 -0.7800458669662476 -0.32671645283699036,73.25630187988281 4.4008049964904785 766.5737915039062,0.69
56,107,11,0.98486328125,-0.809038519859314 -0.5867798924446106 0.033854395151138306 -0.2248397171497345 0.2557569742202759 -0.9402316808700562 0.5430504679679871 -0.7682954668998718 -0.33884865045547485,76.37316131591797 3.145481824874878 767.9515991210938,0.69
56,116,11,0.98486328125,-0.8183211088180542 -0.5739389061927795 0.030736399814486504 -0.22150619328022003 0.26557400822639465 -0.9382992386817932 0.5303636789321899 -0.7746384143829346 -0.3444558084011078,82.8311538696289 -1.0077521800994873 767.0507202148438,0.69
56,119,11,0.9873046875,-0.8243627548217773 -0.5652475953102112 0.030351638793945312 -0.21769514679908752 0.26708078384399414 -0.938763439655304 0.5225273966789246 -0.7804889678955078 -0.34322309494018555,86.49056243896484 -0.6872265338897705 763.8998413085938,0.69
56,128,11,0.9877986907958984,-0.8379267454147339 -0.5447103977203369 0.0341971330344677 -0.22089360654354095 0.281170129776001 -0.9338893294334412 0.49908408522605896 -0.790084719657898 -0.35592299699783325,89.36079406738281 -1.2021002769470215 768.0349731445312,0.69
56,132,11,0.98779296875,-0.8183459639549255 -0.5729715824127197 0.04487233608961105 -0.23742274940013885 0.26592907309532166 -0.9342976808547974 0.5233931541442871 -0.7752324342727661 -0.35365843772888184,89.43706512451172 -3.05318546295166 768.1615600585938,0.69
56,140,11,0.9873046875,-0.8331315517425537 -0.5515719056129456 0.04074748605489731 -0.22103196382522583 0.2645142376422882 -0.9387103915214539 0.5069879293441772 -0.7910757064819336 -0.34229016304016113,96.13648986816406 0.11042861640453339 766.7947387695312,0.69
56,143,11,0.98779296875,-0.8117694854736328 -0.5820561647415161 0.047338251024484634 -0.23960302770137787 0.2580440938472748 -0.9359506964683533 0.5325605273246765 -0.7711186408996582 -0.34893473982810974,99.0411148071289 2.8174965381622314 765.7415161132812,0.69
56,254,11,0.98583984375,-0.8797147870063782 -0.47549310326576233 0.0028537227772176266 -0.1558932363986969 0.2827395498752594 -0.9464437365531921 0.44922056794166565 -0.8330454230308533 -0.3228563368320465,85.81025695800781 6.44798469543457 780.9844360351562,0.69
56,357,11,0.98486328125,-0.9453449845314026 -0.32592299580574036 0.009852916933596134 -0.13634414970874786 0.3676588237285614 -0.9199115633964539 0.2961978018283844 -0.8709772229194641 -0.3920021057128906,64.1839599609375 6.777773857116699 740.0447387695312,0.69
56,498,11,0.984375,-0.9746820330619812 -0.22344598174095154 0.008181917481124401 -0.09365291893482208 0.3747434616088867 -0.9223862886428833 0.20303739607334137 -0.8997995853424072 -0.3861820697784424,61.51844787597656 -0.5970683693885803 757.0906372070312,0.69
56,515,11,0.984375,-0.9766810536384583 -0.21387995779514313 0.018696198239922523 -0.10188402980566025 0.38507208228111267 -0.9172454476356506 0.18898101150989532 -0.8977611064910889 -0.3978835642337799,65.6810073852539 -6.089066028594971 750.604736328125,0.69
56,517,11,0.98291015625,-0.9786266684532166 -0.20518967509269714 0.013675299473106861 -0.09334887564182281 0.3839934766292572 -0.9186049103736877 0.1832370012998581 -0.9002478122711182 -0.39494049549102783,65.85942840576172 -6.256880283355713 748.0186157226562,0.69
56,522,11,0.98486328125,-0.9777011871337891 -0.20907428860664368 0.019706351682543755 -0.10124913603067398 0.3870931565761566 -0.9164646863937378 0.1839810162782669 -0.8980238437652588 -0.39963003993034363,60.94154739379883 -7.588175296783447 749.6622924804688,0.69
56,527,11,0.9833984375,-0.9749884009361267 -0.22126059234142303 0.02100907452404499 -0.10711798071861267 0.3849758505821228 -0.9166893362998962 0.1947392374277115 -0.8960118889808655 -0.39904797077178955,74.133544921875 -5.128397464752197 751.5379638671875,0.69
56,535,11,0.984375,-0.9759219884872437 -0.21724875271320343 0.01947295106947422 -0.1053934246301651 0.39151060581207275 -0.9141179919242859 0.1909671127796173 -0.8941602110862732 -0.4049804210662842,86.90615844726562 6.293072700500488 758.5964965820312,0.69
56,538,11,0.9833984375,-0.9755417704582214 -0.21905192732810974 0.018290001899003983 -0.10250147432088852 0.37972062826156616 -0.9194050431251526 0.19445237517356873 -0.8987927436828613 -0.3928864598274231,87.02313995361328 8.921894073486328 762.2694702148438,0.69
56,551,11,0.98388671875,-0.9747917056083679 -0.22167940437793732 0.025285867974162102 -0.11033414304256439 0.3804381191730499 -0.9182010889053345 0.19392655789852142 -0.8978447318077087 -0.3953067362308502,88.3958740234375 9.056283950805664 766.9839477539062,0.69
56,553,11,0.9834063053131104,-0.9769904017448425 -0.2121770828962326 0.021697355434298515 -0.10288291424512863 0.37971994280815125 -0.9193627238273621 0.18682879209518433 -0.9004408121109009 -0.3928121030330658,90.83219909667969 6.804544925689697 768.961669921875,0.69
56,559,11,0.9834063053131104,-0.9726163744926453 -0.23177863657474518 0.017206616699695587 -0.10868199914693832 0.3881237506866455 -0.9151765704154968 0.20544008910655975 -0.8919857144355774 -0.4026857018470764,99.73881530761719 0.9469355940818787 772.6441650390625,0.69
56,563,11,0.98388671875,-0.9745436906814575 -0.22314733266830444 0.02167433500289917 -0.10723937302827835 0.37906721234321594 -0.919134259223938 0.1968863159418106 -0.8980608582496643 -0.39334776997566223,103.77945709228516 -2.601367473602295 773.468505859375,0.69
56,567,11,0.98291015625,-0.9720012545585632 -0.23318688571453094 0.028938479721546173 -0.11953739821910858 0.38468658924102783 -0.9152743220329285 0.20229771733283997 -0.8931070566177368 -0.4017903804779053,109.31060028076172 -3.2192437648773193 771.1083984375,0.69
56,570,11,0.9834063053131104,-0.9707067608833313 -0.23880797624588013 0.02644100785255432 -0.12073277682065964 0.3896656036376953 -0.9130083918571472 0.20773053169250488 -0.8894557356834412 -0.40708300471305847,114.31472778320312 -4.638997554779053 772.1232299804688,0.69
56,575,11,0.986328125,-0.969616711139679 -0.24155862629413605 0.03863758593797684 -0.12981539964675903 0.3742099404335022 -0.9182128310203552 0.2073436826467514 -0.8953303098678589 -0.3941982388496399,118.08457946777344 0.6489881277084351 771.2716674804688,0.69
56,578,11,0.986328125,-0.9702382683753967 -0.2390603870153427 0.03857390582561493 -0.12825490534305573 0.37220239639282227 -0.9192476272583008 0.20539838075637817 -0.8968364596366882 -0.3917856216430664,118.8324966430664 0.8212831020355225 772.8294067382812,0.69
56,587,11,0.98388671875,-0.9709999561309814 -0.23577110469341278 0.0396389439702034 -0.1274680495262146 0.37026646733283997 -0.9201383590698242 0.20226508378982544 -0.8985069990158081 -0.38958194851875305,119.69584655761719 6.661787986755371 779.591796875,0.69
56,589,11,0.98486328125,-0.9727172255516052 -0.22768214344978333 0.04451895132660866 -0.12811219692230225 0.3671894073486328 -0.9212812781333923 0.1934123933315277 -0.901849627494812 -0.38634034991264343,116.05001068115234 7.306708335876465 783.5300903320312,0.69
56,596,11,0.9853515625,-0.9736482501029968 -0.22310376167297363 0.04726250842213631 -0.12703685462474823 0.35848042368888855 -0.9248531460762024 0.18939554691314697 -0.9064856767654419 -0.3773762285709381,119.67713165283203 6.90342378616333 789.3854370117188,0.69
56,598,11,0.984375,-0.9710496664047241 -0.2338218092918396 0.04888705909252167 -0.13451343774795532 0.36610814929008484 -0.9207990765571594 0.19740496575832367 -0.900717556476593 -0.3869613707065582,122.9054183959961 4.832910060882568 790.0565795898438,0.69
56,601,11,0.98388671875,-0.9713879227638245 -0.2323278784751892 0.0492870956659317 -0.13532057404518127 0.3708779215812683 -0.9187697768211365 0.19517633318901062 -0.8991514444351196 -0.39170509576797485,123.56581115722656 5.217645168304443 792.3787841796875,0.69
56,603,11,0.9853515625,-0.9703056216239929 -0.23568587005138397 0.054398052394390106 -0.1378566175699234 0.3540486693382263 -0.9250108599662781 0.19875244796276093 -0.9050423502922058 -0.3760262727737427,123.58282470703125 4.5206499099731445 796.9926147460938,0.69
56,604,11,0.984375,-0.9745464324951172 -0.21685540676116943 0.056859102100133896 -0.1346551477909088 0.36343520879745483 -0.9218366742134094 0.17924067378044128 -0.9060289859771729 -0.38338518142700195,121.52103424072266 5.085164546966553 796.0585327148438,0.69
56,608,11,0.98486328125,-0.9714208841323853 -0.23035001754760742 0.05727338045835495 -0.13852588832378387 0.35423603653907776 -0.9248391389846802 0.19274841248989105 -0.9063419103622437 -0.37602177262306213,117.52557373046875 3.8399012088775635 804.93505859375,0.69
56,628,11,0.9834063053131104,-0.9811379313468933 -0.18731360137462616 0.04776983708143234 -0.11640988290309906 0.37522807717323303 -0.9195937514305115 0.15432782471179962 -0.9078091979026794 -0.38995563983917236,102.32179260253906 -4.518190860748291 803.8455810546875,0.69
56,631,11,0.98388671875,-0.9778652787208557 -0.20326299965381622 0.04963550716638565 -0.12328363955020905 0.36804959177970886 -0.9215967655181885 0.1690582036972046 -0.9073167443275452 -0.38496190309524536,107.19701385498047 -5.127662181854248 806.3108520507812,0.69
56,634,11,0.98291015625,-0.9775704741477966 -0.20274056494235992 0.0570279099047184 -0.12880274653434753 0.36128726601600647 -0.9235157370567322 0.16663065552711487 -0.9101471304893494 -0.37929728627204895,107.87699127197266 -5.745352268218994 803.05712890625,0.69
56,644,11,0.9824302196502686,-0.9792236685752869 -0.1976618468761444 0.04528618976473808 -0.11605855822563171 0.3631526231765747 -0.9244731068611145 0.16628727316856384 -0.9105218052864075 -0.3785479664802551,112.77342987060547 -3.6121416091918945 803.6854248046875,0.69
56,653,11,0.9833984375,-0.9823126792907715 -0.1809569150209427 0.04813035577535629 -0.11446051299571991 0.3768634498119354 -0.9191696047782898 0.14819151163101196 -0.908420979976654 -0.3909100890159607,111.8983383178711 -1.4099873304367065 801.1131591796875,0.69
56,753,11,0.9814453125,-0.9935935735702515 -0.11069981008768082 0.022747695446014404 -0.06480176001787186 0.39316049218177795 -0.9171834588050842 0.09258855134248734 -0.9127816557884216 -0.3978152275085449,110.66118621826172 4.856286525726318 753.0569458007812,0.69
56,956,11,0.9824302196502686,-0.990516722202301 0.1353229135274887 -0.023756101727485657 0.07623033225536346 0.3974460959434509 -0.9144536852836609 -0.11430475860834122 -0.9075925946235657 -0.4039927124977112,85.2900161743164 -18.661855697631836 752.013427734375,0.69
56,1025,11,0.9833984375,-0.9684396386146545 0.2380027025938034 -0.0740215852856636 0.16571544110774994 0.39299553632736206 -0.9044848680496216 -0.18617969751358032 -0.8882055878639221 -0.4200332462787628,87.641845703125 -29.760894775390625 766.6367797851562,0.69
56,1028,11,0.9843823909759521,-0.9679323434829712 0.24099546670913696 -0.0709099993109703 0.16297535598278046 0.38761022686958313 -0.9073022603988647 -0.19117029011249542 -0.8897637724876404 -0.4144567847251892,84.96405029296875 -27.23876190185547 768.7946166992188,0.69
56,1036,11,0.9833984375,-0.9664532542228699 0.2497515082359314 -0.0599350705742836 0.1559026837348938 0.3849918246269226 -0.909656822681427 -0.2041136473417282 -0.88848477602005 -0.41101357340812683,77.29072570800781 -27.837411880493164 766.4557495117188,0.69
56,1037,11,0.9838943481445312,-0.9687997102737427 0.24199174344539642 -0.053546395152807236 0.14672665297985077 0.3858734667301178 -0.9108089804649353 -0.19974611699581146 -0.89024817943573 -0.40934067964553833,77.4207763671875 -28.823163986206055 767.7462768554688,0.69
56,1044,11,0.9838943481445312,-0.965893030166626 0.2547354996204376 -0.04648023471236229 0.14426162838935852 0.3803158104419708 -0.9135363101959229 -0.2150329202413559 -0.8890836238861084 -0.4040929675102234,81.8351058959961 -25.362882614135742 764.6260986328125,0.69
56,1046,11,0.9838943481445312,-0.970451831817627 0.237151637673378 -0.04452413320541382 0.13633032143115997 0.386636883020401 -0.9120997786521912 -0.19909127056598663 -0.891218900680542 -0.4075433909893036,85.0118179321289 -22.647064208984375 764.0569458007812,0.69
56,1047,11,0.9829182624816895,-0.9661272168159485 0.2552531361579895 -0.038000497967004776 0.13648101687431335 0.38040342926979065 -0.9146945476531982 -0.21902313828468323 -0.888897716999054 -0.4023553133010864,85.86919403076172 -20.949411392211914 763.2908935546875,0.69
56,1048,11,0.98291015625,-0.9629788994789124 0.26684802770614624 -0.03826003894209862 0.14067770540714264 0.37637126445770264 -0.9157262444496155 -0.22995975613594055 -0.8872073888778687 -0.3999771475791931,87.41643524169922 -19.722759246826172 765.8885498046875,0.69
56,1049,11,0.9824302196502686,-0.9677558541297913 0.24967773258686066 -0.03331077843904495 0.1298120617866516 0.3810250759124756 -0.9154062867164612 -0.21586433053016663 -0.8902139663696289 -0.4011504352092743,87.84700012207031 -18.62262535095215 765.2264404296875,0.69
56,1054,11,0.9838943481445312,-0.9665995240211487 0.2537022531032562 -0.036338064819574356 0.1339682787656784 0.37928342819213867 -0.915530800819397 -0.21848981082439423 -0.8898198008537292 -0.4006032347679138,95.2115707397461 -19.46596336364746 765.1597900390625,0.69
56,1062,11,0.9834063053131104,-0.9736118912696838 0.2245696783065796 -0.04059852659702301 0.1250886172056198 0.37635836005210876 -0.9179908037185669 -0.19087332487106323 -0.8988452553749084 -0.394518107175827,108.13668060302734 -19.89888572692871 774.9713745117188,0.69
56,1064,11,0.9834136962890625,-0.9704201817512512 0.23844170570373535 -0.037817489355802536 0.12733376026153564 0.3724273443222046 -0.9192845225334167 -0.20511148869991302 -0.8969076871871948 -0.39177271723747253,110.46771240234375 -19.665420532226562 775.56005859375,0.69
56,1070,11,0.9819421768188477,-0.9667668342590332 0.2540110647678375 -0.02898898720741272 0.12393932789564133 0.3664747178554535 -0.9221363067626953 -0.2236090749502182 -0.8950836658477783 -0.3857775330543518,110.54534912109375 -15.071218490600586 782.4141235351562,0.69
56,1071,11,0.9824380874633789,-0.9718573093414307 0.23449072241783142 -0.022526336833834648 0.11153853684663773 0.3738228678703308 -0.9207690954208374 -0.2074909210205078 -0.8973687291145325 -0.38945725560188293,109.58248138427734 -13.5691499710083 784.481201171875,0.69
56,1078,11,0.9819421768188477,-0.9685810208320618 0.2472047209739685 -0.027212899178266525 0.1189192458987236 0.36426132917404175 -0.9236730337142944 -0.2184237390756607 -0.8978883624076843 -0.3822140395641327,109.40980529785156 -11.402112007141113 796.59033203125,0.69
56,1087,11,0.9824302196502686,-0.970259428024292 0.24121852219104767 -0.02025553025305271 0.11192680150270462 0.3728586435317993 -0.9211128354072571 -0.21463701128959656 -0.89598548412323 -0.38876843452453613,114.1883316040039 -16.966411590576172 808.2255859375,0.69
56,1097,11,0.9824302196502686,-0.9569517970085144 0.2891855835914612 -0.02480221726000309 0.13742266595363617 0.3761613070964813 -0.9163065552711487 -0.2556529939174652 -0.8802696466445923 -0.3997088372707367,107.73017120361328 -25.27764320373535 805.8860473632812,0.69
56,1108,11,0.9853515625,-0.9633257985115051 0.267974317073822 -0.01389645878225565 0.12035215646028519 0.3852001428604126 -0.9149514436721802 -0.2398305982351303 -0.883068859577179 -0.40332454442977905,116.96272277832031 -28.1689510345459 806.2384643554688,0.69
56,1116,11,0.984870433807373,-0.9618260860443115 0.27337485551834106 -0.012520735152065754 0.12108030170202255 0.3840792775154114 -0.9153264760971069 -0.24541831016540527 -0.8819009065628052 -0.40251779556274414,119.44947814941406 -24.818695068359375 810.9306640625,0.69
56,1124,11,0.9858465194702148,-0.9597839713096619 0.28073254227638245 -0.0019916328601539135 0.11549582332372665 0.3883775472640991 -0.9142338633537292 -0.255881667137146 -0.8776970505714417 -0.40518197417259216,124.24629974365234 -28.232099533081055 818.2433471679688,0.69
56,1135,11,0.9838943481445312,-0.9468152523040771 0.32092922925949097 0.023350654169917107 0.11337655782699585 0.40063953399658203 -0.9091939926147461 -0.3011421263217926 -0.8581912517547607 -0.4157175123691559,99.5154800415039 -33.06609344482422 826.4345092773438,0.69
56,1146,11,0.985358476638794,-0.9458518028259277 0.3235814571380615 0.025678319856524467 0.1114446148276329 0.39802131056785583 -0.9105817675590515 -0.30486786365509033 -0.8584136962890625 -0.4125306010246277,103.39210510253906 -28.968223571777344 827.1278076171875,0.69
56,1158,11,0.9824380874633789,-0.9454433917999268 0.32545897364616394 0.014602966606616974 0.12131254374980927 0.3932996094226837 -0.9113718867301941 -0.3023574948310852 -0.8598790168762207 -0.41132476925849915,113.3898696899414 -32.846927642822266 827.5081176757812,0.69
56,1171,11,0.9838943481445312,-0.9423750042915344 0.33397942781448364 0.01967720501124859 0.11664148420095444 0.3831087350845337 -0.9163091778755188 -0.3135669231414795 -0.8612117171287537 -0.3999878764152527,114.30690002441406 -26.519657135009766 836.361572265625,0.69
56,1202,11,0.9834063053131104,-0.9329258799552917 0.3597261905670166 0.015696244314312935 0.1323205977678299 0.3830547332763672 -0.9141993522644043 -0.3348739445209503 -0.8508033156394958 -0.40496087074279785,112.92056274414062 -34.380924224853516 851.5630493164062,0.69
