scene_id,im_id,obj_id,score,R,t,time
2,3,7,0.0,-0.9527005911586567 0.3031051207887744 -0.022110390262696334 0.3007587615329651 0.9298715364453723 -0.21185630287975635 -0.04365490770925147 -0.20848551858665035 -0.9770506832158464,15.53529869194303 68.20691094685687 740.4439349527798,0.69
2,13,7,0.0,-0.8612522405473654 -0.5007491081499472 0.08657314155773406 -0.5058867427835635 0.8286782141387294 -0.23952248514008412 0.048199394477313626 -0.2500854815835529 -0.9670233038935219,-45.660598406599945 63.035373549612224 737.9303039593541,0.69
2,24,7,0.0,-0.05117381058866877 -0.9986897424348448 -0.0001986586465564516 -0.9744589446699009 0.04997575174210023 -0.2189342124717708 0.21865728037881016 -0.011010113225336793 -0.975739602119391,-79.25607849945942 10.369775519997171 759.8139897676101,0.69
2,36,7,0.0,0.8408106081711137 -0.5413249101193407 -0.0022051918760008643 -0.5239527170907252 -0.8127899620891067 -0.25464883227777635 0.13605539842346837 0.21526685581267807 -0.9670310798254392,-48.360263960364954 -50.3689518066077 775.4949675987326,0.69
2,55,7,0.0,0.489728838781312 0.8718577753162594 0.005448310425289857 0.8524780113611349 -0.477513600867459 -0.21274868068300212 -0.18288494911192765 0.10883372917977206 -0.9770917637464517,53.113951284193014 -28.901546331304615 770.7703813273187,0.69
2,65,7,0.0,-0.3676693097107572 0.9296431467738002 -0.024143287955916762 0.9054177865621456 0.35192232724786576 -0.23742221328542906 -0.21222137138780495 -0.10915262361003254 -0.9711064793756274,58.14867478070461 28.41231636875814 753.3807874146531,0.69
2,76,7,0.0,-0.9644483783898663 0.26414610275806094 -0.008133991571499945 0.2443372516708322 0.8795501211273992 -0.4082779590802345 -0.100690778461097 -0.39575045271295034 -0.9128214208213965,12.462664254222075 54.20493475164623 728.8876585365963,0.69
2,92,7,0.0,-0.4353677696721838 -0.8994233361591385 0.038633761181557646 -0.8323965075676122 0.3858361290981964 -0.397802131306209 0.34288621920384976 -0.20534883455935526 -0.9166574588281078,-72.10055355924854 22.7971709037704 752.9490913074214,0.69
2,106,7,0.0,0.7142471224721971 -0.6998170663967206 0.010349957491399941 -0.6344755965764256 -0.6536592557636415 -0.4125170235317701 0.2954517987577242 0.28807230157446584 -0.9108910932029224,-60.22780812035658 -48.60751548100236 783.6439772847936,0.69
2,117,7,0.0,0.9896860760042483 0.1371443381942671 0.041387213781184 0.14028089145944403 -0.8692764436287677 -0.4740039409577367 -0.029030026776712126 0.4749209355812589 -0.8795495224783906,0.39367021132644103 -66.52445200470021 788.3268959446038,0.69
2,122,7,0.0,0.835836976923589 0.5476928943999099 0.03753720062929994 0.505035861201164 -0.7403294485691924 -0.44367903543218495 -0.21520996005769283 0.38980097614691095 -0.8953992808165984,29.878257234579007 -57.88834712750436 789.0969946086418,0.69
2,130,7,0.0,0.28130130073997617 0.9596194371379423 -0.0003377411085201676 0.876077558465084 -0.2569555645978533 -0.4079974869727212 -0.39160910325968534 0.11447433637832227 -0.9129829880971977,59.67554189733858 -24.371118574645337 775.4041337719141,0.69
2,142,7,0.0,-0.7044290735162662 0.7096983513855445 -0.010388956908906094 0.6562711870564318 0.6456839176497896 -0.3903849478757615 -0.27034757151592237 -0.2818164802297044 -0.9205931034101786,44.265753277698494 36.84382771396061 747.3324304191128,0.69
2,145,7,0.0,-0.8438381140900364 0.5364755820234619 -0.011453693795383385 0.4366640162098311 0.674123024529523 -0.5957203074821843 -0.31186819997632165 -0.5076929167240328 -0.8031102839285358,32.572774405980304 31.770939474846987 731.1176927175569,0.69
2,153,7,0.0,-0.994336592862956 -0.09942827743485619 0.03753342164025919 -0.10171082984307545 0.7878902894662457 -0.6073580483186409 0.030816346089716173 -0.6077358878749328 -0.7935410785854415,-15.53595910480863 40.75332301646141 718.9380331312339,0.69
2,166,7,0.0,-0.3090101624641497 -0.9504919640992822 0.03282903709475732 -0.7832573254919692 0.23475818066668108 -0.5756705296202314 0.5394633273514033 -0.20360162767708712 -0.8170224572496115,-75.49324843334072 3.0992688985948917 758.1658383871002,0.69
2,173,7,0.0,0.31429607576174234 -0.9490157721885608 0.024228926887486235 -0.78084852924427 -0.27294887449577565 -0.5619381516577692 0.5399014272418902 0.15769583396158302 -0.8268243300806593,-76.60142705502868 -31.720176062451802 782.2020208965913,0.69
2,178,7,0.0,0.6864839925024612 -0.7270257523642509 0.013163716689307436 -0.5862226177183052 -0.5640619174224577 -0.5815300471937784 0.43021247135965185 0.39149420010122155 -0.8134184167903535,-60.992313795466046 -51.89956277540197 790.6503448840426,0.69
2,191,7,0.0,0.9612303007476838 0.2745313510620254 0.025862061181909916 0.23218914305213156 -0.7552324943001131 -0.6129535719791072 -0.14874310327956272 0.5951944361612335 -0.7896955567745565,10.858310538597616 -68.14991631270681 799.5917849088735,0.69
2,201,7,0.0,0.3994761278814518 0.9166631333468654 0.012145913532912056 0.7508200733159239 -0.31954328119009445 -0.5780668723877358 -0.5260114454636067 0.24004331152726383 -0.8158989936458508,56.249671834111865 -38.282650615984004 785.2099427370366,0.69
2,209,7,0.0,-0.2884648325241702 0.9574883934627065 -0.0020041908611659887 0.7878452789268484 0.23616545941703926 -0.568793189350062 -0.5441395564278331 -0.16565582441479232 -0.8224781401155756,60.82776393817653 -0.17141151140863106 763.7697142459622,0.69
2,214,7,0.0,-0.6733063166902454 0.7393307900489485 -0.006970422556219602 0.6064498591294765 0.5468500915883792 -0.5772118724451347 -0.42293873346721605 -0.39286761156320565 -0.816564674424365,46.61751933712262 21.332825126558042 741.4412253668883,0.69
2,235,7,0.0,-0.5099569974426165 -0.859278745372266 0.039798222457485544 -0.6115118320013636 0.3295987164845742 -0.7193177082583586 0.6049769748359414 -0.39115818263611124 -0.6935402916018415,-68.23959145316692 0.7051983325368298 749.4722195964374,0.69
2,242,7,0.0,0.09288342240929426 -0.995451675647393 0.021180918118304526 -0.6962578059805176 -0.08014375313475475 -0.7133036144901213 0.7117567965623741 0.051506701353058515 -0.7005350257217652,-78.87641979071128 -27.68516646149173 778.2110805105912,0.69
2,248,7,0.0,0.5864114515547204 -0.8096245192910599 0.025094765354666815 -0.5556069150048576 -0.42458395716493363 -0.714863217207985 0.5894256233692854 0.4052611517045346 -0.6988138761035327,-65.93411287583737 -50.61966850586145 793.5085586729373,0.69
2,255,7,0.0,0.9436989015701253 -0.3308019519660371 0.001565806756378657 -0.22636468794890338 -0.6492014920261223 -0.7261518097483832 0.24122896017090126 0.684914221874912 -0.6875326155524184,-33.23827364767501 -68.08376087176211 807.9995930969361,0.69
2,276,7,0.0,0.1081453891451305 0.9939755042118033 0.017812126025265163 0.6967477586472877 -0.06300206322567425 -0.7145441209955401 -0.7091171522580942 0.08968521091127435 -0.6993635873543682,62.594560021349224 -29.341267160949542 780.9593482849675,0.69
2,286,7,0.0,-0.7080259486115581 0.7061694062298458 -0.004901611744128842 0.4828085654203233 0.47898920422036073 -0.7331202025569302 -0.5153592390260144 -0.5214346669960984 -0.68008142365837,44.64979023973981 9.356282020731737 733.6761729618848,0.69
2,295,7,0.0,-0.9989314788464096 0.04519242038538271 0.009671903092766367 0.016162101584852467 0.5376630301779877 -0.8430048946786639 -0.043297656311698074 -0.8419478078358154 -0.5378189303458729,-1.1139638679387374 5.7095173658133485 706.541210353635,0.69
2,306,7,0.0,-0.6168018708817502 -0.7863830296347253 0.034017389366077566 -0.44960958963734365 0.31652073890516186 -0.8352639335857079 0.6460701734199715 -0.5304869013891305 -0.5487959351814177,-62.20914482371807 -8.58920176382207 744.5351442477495,0.69
2,316,7,0.0,0.22922860402313583 -0.9730217843956156 0.026131478893797966 -0.537508220346543 -0.14891908387699782 -0.830004831020355 0.8115042576336227 0.17621496403202597 -0.5571437213984333,-76.90733835092331 -40.459539701354814 791.8586449728623,0.69
2,327,7,0.0,0.9386786000021441 -0.34478647645659205 0.002184387937740312 -0.18975048823559176 -0.5218632303074277 -0.8316570934390275 0.28788407061240673 0.7802442274735166 -0.5552852486622404,-34.04637008899112 -65.47433162763413 807.940569933573,0.69
2,338,7,0.0,0.8640959306708819 0.5022727001610974 0.03256312747421472 0.30003088528177085 -0.4620592211055511 -0.8345554170145731 -0.40412830942048394 0.7309058837252657 -0.5499608155684638,27.959405790967256 -63.1978138227898 820.8434950878162,0.69
2,348,7,0.0,0.15386574378684126 0.9878104726390143 0.02357547525733872 0.5503666272727706 -0.06586304116139563 -0.8323212332947945 -0.8206228783511446 0.1410408804342187 -0.5537919840274171,62.71022406897396 -37.627526004804174 794.4811901099621,0.69
2,358,7,0.0,-0.6673313786432205 0.7445636103984363 0.017142378731788366 0.3993541742525987 0.37716868577174156 -0.835619546193267 -0.6286374746904321 -0.5507892632792162 -0.5490410848663096,47.185368824495605 -6.5789061496680254 736.3014585399126,0.69
2,374,7,0.0,-0.8424567386869514 -0.5368140561560627 0.04579642512490775 -0.24047405223247867 0.2985988354140183 -0.9235859276170694 0.482119148804356 -0.7890940404049868 -0.3806464524378179,-45.75160762465091 -16.7192568864775 731.4358417115501,0.69
2,387,7,0.0,0.16405640541436584 -0.9861201367101275 0.025545485262900014 -0.38343650386284933 -0.08760778673325031 -0.9194026991526274 0.9088794988049587 0.14103883039255916 -0.39248707618665146,-77.09845734567513 -43.2462933580563 788.0157900316085,0.69
2,399,7,0.0,0.9574937290417265 -0.28697679639430895 0.029156083019286766 -0.09474759165999039 -0.40836302765111554 -0.9078890524300014 0.2724493580840299 0.8665356057190456 -0.4181953984690966,-30.744932029897782 -61.870798540601726 813.6206084737038,0.69
2,416,7,0.0,0.46253074230248226 0.8858004127457582 0.037721892907955634 0.3628661147302778 -0.15031178025301833 -0.9196382720927404 -0.8089459161190369 0.4390489693606089 -0.3909507734967659,55.76461920681023 -50.11442517796481 823.8047037788153,0.69
2,423,7,0.0,-0.13666817009134358 0.9902773834782164 0.02593289523792419 0.37894900225367506 0.07645028785952634 -0.9222543072152818 -0.9152701595566347 -0.11621556375001174 -0.3857129473681682,62.51793431996054 -33.159136480740656 777.4725595653437,0.69
2,434,7,0.0,-0.9073822005636387 0.4188926708247164 0.03444520909537957 0.08414394681614157 0.26133735297261507 -0.9615729739107007 -0.41179769100189345 -0.8696158452274215 -0.27238014504531427,27.02267035900556 -31.500336165749154 729.5131508189999,0.69
2,439,7,0.0,-0.9974439138472101 0.06510915630622574 0.029435293344058987 -0.009152748992546606 0.2921341077646775 -0.9563335664225195 -0.07086512481495234 -0.9541585092874388 -0.2907914600522752,-5.379146419987795 -31.48937094428762 710.37794413164,0.69
2,446,7,0.0,-0.8395210326975097 -0.5422709397531595 0.03386242102585599 -0.14354604425024758 0.16125902206371878 -0.976416950376815 0.5240219163724099 -0.8245833831106948 -0.2132211890481538,-44.340779468666 -32.22425724859053 733.4987924994903,0.69
2,455,7,0.0,-0.1677137335038974 -0.9849901928293585 0.04082185228731 -0.19180003232519827 -0.008015429210756375 -0.9814012943208402 0.9669978548033271 -0.17242410772438588 -0.18757685326610196,-73.30929604263001 -40.501649360786104 766.4375420956563,0.69
2,459,7,0.0,0.17821281701250424 -0.9829693223622868 0.044849784248018276 -0.21127013125057886 -0.08274024228316262 -0.9739193929418832 0.9610437677306016 0.16408949875464235 -0.22241742940835257,-76.20026168750451 -47.66451514989041 805.990894606937,0.69
2,463,7,0.0,0.4952557732861176 -0.8669606703600969 0.05568586064290887 -0.17928566609149316 -0.16471627053930232 -0.9699098928012608 0.8500460981387421 0.4703697973599017 -0.2370103051993848,-71.47342146110337 -53.70929969603323 849.3790429766178,0.69
2,470,7,0.0,-0.004212048169170431 -0.8252263429562574 -0.5647864565844884 0.9861695314549166 0.09015109623185794 -0.1390770832243207 0.16568619097622753 -0.557560994635776 0.8134333552175943,-222.8274544191909 -121.19035678980183 642.3772338850106,0.69
2,478,7,0.0,0.9821742176706569 0.18756566927933171 0.012366319211035592 0.09429163831385418 -0.4347023633758025 -0.8956243309667178 -0.1626127088733294 0.8808251670923624 -0.4446393279159972,-6.0633817944272215 -70.28965814071043 1024.4441606690825,0.69
2,489,7,0.0,0.3313408063813603 0.9434708138067373 0.008723160058283996 0.21343481003773335 -0.06594474674099648 -0.9747291276254251 -0.9190532367010663 0.3248293611607769 -0.2232196994827632,61.906857394875814 -48.424747654717585 831.5141515199258,0.69
2,494,7,0.0,-0.06411214261239373 0.997220733286594 0.037953158933033804 0.20429523416350814 0.050341258080204954 -0.9776140419577553 -0.9768076015611906 -0.05492328138640534 -0.20695492913681535,64.99385910506527 -41.54533659281522 797.2895974983577,0.69
6,2,7,0.0,-0.25692475609527576 -0.3516556209821609 0.9001822004111354 0.9641439606262894 -0.1573142718995456 0.2137256256151045 0.06645368983912814 0.9228166362221513 0.37946457412833445,-148.06775565635422 -67.44855749254083 541.8722711219932,0.69
6,11,7,0.0,0.5327486050014517 -0.11010508435610805 -0.8390803264693681 0.621944430671364 -0.6214481301132126 0.4764318909725338 -0.5739024734446437 -0.7756797612273545 -0.2625963803946926,-141.5554785827301 104.50198340916269 464.05988365354824,0.69
6,23,7,0.0,0.38514174541015544 -0.8557139984353705 0.3455711053085451 -0.9227538741189305 -0.3514707749456193 0.15809358670619994 -0.013824751025742765 -0.37976551612919857 -0.9249794749172544,157.516915709665 127.84174075038283 485.4086443159059,0.69
6,32,7,0.0,0.39490583284892067 0.7550079726399711 0.5234618844118273 0.914046331501238 -0.3802914481896924 -0.14105927230393436 0.09256720289081616 0.5341735445376037 -0.8402915787184252,-92.41259905224138 5.723860956567914 154.76211434509904,0.69
6,39,7,0.0,-0.8170326626905038 -0.14696493358859783 -0.5575472503673247 -0.5677827150113849 0.03669080723088847 0.822360366991896 -0.1004012780355194 0.9884609718952209 -0.11342173693251911,7.876051280240137 93.9765703717957 1188.0719459193053,0.69
6,45,7,0.0,0.41028219267630206 0.5678952605939753 -0.7135569321137782 0.7455367015276608 0.2417523660661285 0.6210723147723496 0.5252081007067404 -0.7867977926356491 -0.32420006856212835,-202.23232306040515 106.05062872025063 616.5917069492245,0.69
6,58,7,0.0,0.068016339342517 0.9317702690000649 -0.3566201668301867 -0.04349746366625351 0.359877548185803 0.9319850433168861 0.9967355457878717 -0.047878138219042465 0.06500719686028417,-136.22250751900037 -95.71774902330225 628.1399295709994,0.69
6,65,7,0.0,0.5404273547944324 0.06290867574515446 -0.8390356206418677 0.7766806897805589 -0.4208024637127117 0.46871355074854315 -0.32358210752742195 -0.9049683889779261 -0.27627311602616883,-151.0155927908832 96.04118018022535 481.88697667041635,0.69
6,72,7,0.0,-0.9127203188650997 -0.40125281956865344 0.07705708480727992 0.3929321175638888 -0.8103017552272036 0.43475903264046295 -0.11200879660789563 0.4270916064077103 0.8972439964795148,-9.63718085487025 -43.05219661940419 774.0486361970993,0.69
6,80,7,0.0,0.9712058791732004 -0.2247913254238693 -0.07891768036118953 0.23375347045612674 0.8351152718741474 0.49793754400756474 -0.04602668040525487 -0.5020471518659865 0.8636146142777597,15.75255031103634 -34.834866142251315 791.2745934370096,0.69
6,87,7,0.0,-0.3377396258583387 0.16482938626160754 -0.9266947817645738 0.17677943727666845 0.9781348085683226 0.10955056742507158 0.9244895757558403 -0.12682101439285406 -0.35949333043486864,-222.64850585251705 20.26780511855981 619.842359518458,0.69
6,96,7,0.0,0.118207184907391 0.9924915218534848 0.03142674792630323 -0.8284023509074964 0.08111453605548384 0.5542291737642802 0.5475185900471353 -0.09154786228775164 0.8317706309213736,33.218815660858695 21.234665209533013 802.6566918125436,0.69
6,105,7,0.0,-0.03138241153246671 -0.998655420885992 -0.0412612964099448 0.6986900332492753 0.007601319166141235 -0.71538413274622 0.7147358824660575 -0.05127933581821126 0.6975120414971413,21.790428353475942 34.04845180193289 737.0266826723971,0.69
6,119,7,0.0,0.34919716145509216 0.15048866025625413 -0.9248862122261226 0.8614956084559522 0.3367273261153151 0.38005266011217365 0.3686280768509304 -0.9294987202688922 -0.012061093469351497,-152.44063369508203 52.29047076733716 478.1583076624668,0.69
6,128,7,0.0,0.13157712810961658 -0.7579028990299055 -0.6389606052023007 0.8117115570990814 0.4523749271595763 -0.36943371983233037 0.5690446444965547 -0.47004267989134013 0.6747207360459265,-71.1077295932647 -36.58239110982639 740.6229897475021,0.69
6,134,7,0.0,0.6918239278023526 0.4703756236919602 -0.5478379555639841 0.7051955624411493 -0.277096870565965 0.6526228183536493 0.1551736821546662 -0.8378329767674155 -0.5234090478847438,-220.64075904356423 159.15815999870864 717.2076102598118,0.69
6,139,7,0.0,0.41210323315122843 -0.4215642308547079 -0.8077465719457946 0.42301259119112916 -0.6966679633544891 0.5794084021907818 -0.8069890166043592 -0.5804630462823509 -0.10877214248392109,-134.71729465250633 104.85396273916426 482.8865055166983,0.69
6,145,7,0.0,0.924097612647386 0.38209531969108523 -0.0068387842171794 -0.2816486289245055 0.6930444353218234 0.6635988701726376 0.2582976037913399 -0.611303997483758 0.7480573310489174,-8.302923109961464 -46.96734333121839 790.8421612774886,0.69
6,156,7,0.0,-0.8546868244530424 0.515928394825499 -0.057691624341477565 -0.433609867145782 -0.6483392310307186 0.6258104542274073 0.28546963975209605 0.5598876073992712 0.7778386412749935,26.81471115700729 -34.32618040869064 793.9961891639583,0.69
6,170,7,0.0,0.2442338536227378 0.9697162557602491 0.00045613475059563813 -0.7223656450705948 0.18162199047404845 0.6672340874071022 0.6469448968546943 -0.16329064850924024 0.7448479472638031,29.168367978383575 9.205444976671895 767.7627759631553,0.69
6,177,7,0.0,0.7362954936795476 0.6764348274400682 -0.017460533019252517 -0.5107334064837041 0.5724869495880677 0.6414125661794448 0.44386972580785766 -0.46335150455941565 0.7669974248547272,5.43561173828691 18.925342744422473 755.6824486266579,0.69
6,194,7,0.0,0.38168436020871066 -0.5674156878818477 -0.7296276353850896 0.7076685373837821 -0.32839999752363014 0.6255866709126549 -0.5945774048592548 -0.7551111698101475 0.276197086984611,-93.31295391561281 49.25732086092277 369.36380694360844,0.69
6,206,7,0.0,0.7337752883032647 0.3961102007361217 -0.5519696868019568 0.6576415223350425 -0.21019044319530386 0.72341385505823 0.17053285424313064 -0.8938213951691641 -0.41473106847876734,-217.20558104949302 152.67811956934406 729.0283136645138,0.69
6,214,7,0.0,0.7874917782063977 0.6158937170763272 -0.02305707100285387 -0.47283181323891105 0.6277207269313058 0.6183823779588458 0.3953312227063899 -0.4760689217400545 0.7855390544757992,-19.80366182538792 -47.45331748892821 763.1477533037344,0.69
6,231,7,0.0,-0.6447505852303387 0.7641752441790346 -0.01824497270616221 -0.535857016689739 -0.4348345570254823 0.7237238186496457 0.5451182812101504 0.47639805226340437 0.689848501694485,34.07725151799329 -33.19471530362472 797.2278086413824,0.69
6,248,7,0.0,0.7111279214228774 0.7030567943471322 0.0028676288309730236 -0.4616709520711242 0.4638870258844905 0.7560877986251225 0.5302424081366179 -0.5389990455820645 0.6544639160985912,9.496297946468012 2.4615280410161473 739.1685900231132,0.69
6,259,7,0.0,0.9816894472514317 -0.1897050583878109 -0.017257461495128933 0.1338611109805463 0.6225662183560452 0.7710334018244003 -0.13552502397060281 -0.7592254570178285 0.6365608166497819,-29.85323446116901 -0.3532504286051884 730.8231368223919,0.69
6,282,7,0.0,0.6926292034186926 0.1665676671784084 -0.701797690807209 0.43810309161186334 -0.8700853472539297 0.22586980677845314 -0.5730012807068716 -0.46390376237399866 -0.6756203309282023,-197.6849619819338 138.84623828548968 601.0751338049104,0.69
6,289,7,0.0,-0.9523071213939672 -0.30325236419553064 0.0338991172769592 0.18101536837374765 -0.4719945462191285 0.8628178166634689 -0.24565134429685548 0.8278038124756494 0.5043771060386538,-3.858013178354115 -53.26082076332924 801.5390396538847,0.69
6,298,7,0.0,0.9682140835576178 -0.23225405393745788 -0.0928414930421667 0.19324010254965499 0.45891355816282636 0.8672119746065162 -0.15880727680834117 -0.8575875468801716 0.4892073673492339,16.93819096309518 -48.66808005531281 833.3178169397399,0.69
6,315,7,0.0,0.34528899008737807 0.93816305690384 -0.025011836903369777 -0.4826786657413705 0.200378689631747 0.8525665290049771 0.8048582601691858 -0.28230915571817056 0.522019847932169,28.760781485126326 -14.97878572404913 745.1646348473661,0.69
6,321,7,0.0,0.7132584992887885 0.6996824907184652 -0.041312532896325305 -0.3384280070861384 0.39541180614047083 0.8538828886823036 0.6137823695838858 -0.5950579095741317 0.5188229823757374,4.52963754791984 -10.198458127458176 741.3681575552357,0.69
6,329,7,0.0,-0.999952850674954 0.009623306746083108 0.001299382277907745 -0.004672834004792738 -0.5941568047675507 0.8043356612576482 0.008512405617509192 0.8042916655764161 0.5941737587902358,-19.661714297395758 -14.2031129910463 703.0685853996488,0.69
6,354,7,0.0,0.5611964249824695 0.2281089013192787 -0.7956286204793077 0.48035026892596583 -0.8725859194855624 0.08864215847037887 -0.6740342659907188 -0.43192608424873696 -0.5992642705984612,-137.05843501278005 91.07047652678466 409.05861970084237,0.69
6,361,7,0.0,0.9760781921097399 0.21054264966325748 0.05425085769419931 -0.12249398693900256 0.3263758570429393 0.9372694506401423 0.17962902341094245 -0.9214936747543422 0.3443585650686932,2.7663976474738345 -56.338559445551375 872.1629699904134,0.69
6,367,7,0.0,-0.9525472166558645 0.30196642457358264 0.03834160235843506 -0.060140332354580786 -0.3101802035964736 0.9487736198488713 0.2983905837412536 0.9014457941147082 0.3136216507313496,21.922017489643256 -45.40091564588958 800.2939723886749,0.69
6,374,7,0.0,-0.7400690753130778 0.6720540469342391 -0.02532038239358736 -0.26038876559371926 -0.2516219411088353 0.932139522552928 0.6200769746715524 0.6964407776343463 0.361212940978367,31.127681089462616 -43.306037149807445 800.5067865787414,0.69
6,388,7,0.0,0.4370559541242331 0.8993998454443337 -0.007874705027161089 -0.34860471420447053 0.17745943547427787 0.9203167400387597 0.82913017445934 -0.39948475161870595 0.39109472896622527,22.29195201131098 -26.662744772794735 745.2974824535962,0.69
6,402,7,0.0,-0.9966969746540516 0.08045085032323192 -0.011081579207392521 -0.04803651655849407 -0.4740144060507614 0.879205798396069 0.06548002590398316 0.8768340798227523 0.47631330305692765,-25.40896701545345 -28.85046861147205 732.2861651736764,0.69
6,409,7,0.0,0.765493208504925 -0.6427800391402272 -0.02922274825753496 0.2614266149470853 0.26919472601048466 0.9269251989699322 -0.5879424059634955 -0.7171945487599777 0.3741065443143547,-44.43960661429528 -31.313801418744866 761.7756351803645,0.69
6,426,7,0.0,0.4809171379370901 -0.8251043451207021 0.2965156422540555 -0.057852027029801745 0.3075926335008846 0.9497578190173185 -0.8748553305586819 -0.4739088430056225 0.10019261007744797,59.44477321702219 -96.3813074386796 1291.3373596068298,0.69
6,434,7,0.0,0.056515656483660595 0.9580387285813042 -0.28101205509824484 -0.8949384055147843 -0.07616236633486527 -0.43964138145644255 -0.4425960132071643 0.27633510181045023 0.8530812860451998,-222.53251522516845 -135.379319051079 670.8271750600143,0.69
6,442,7,0.0,-0.09089809626660586 -0.6406531020730093 -0.7624310715725962 0.9247158060573255 0.22987897645960237 -0.30340786774511347 0.36964606601837047 -0.7326112604827446 0.5715264883546751,-216.93546205929715 -113.837773768121 604.1505502168457,0.69
6,462,7,0.0,0.5747806356840756 0.8178426653641184 -0.02757889687288717 -0.1641013447631814 0.14821732285047126 0.9752447763787075 0.8016844575576642 -0.5560260784506015 0.2194015282383421,16.130426051876015 -35.8173337530556 754.3586206694754,0.69
6,469,7,0.0,0.9343735147032651 0.3536200211620725 -0.043577696754217715 -0.050025289899768205 0.2513013084736223 0.9666152920008504 0.3527656522275253 -0.9009997408394637 0.2524992309210227,-8.158246916192772 -35.369617975001034 730.680821446939,0.69
6,475,7,0.0,0.9832463514219795 -0.18021775918672467 -0.02735272726953361 0.05689891363419136 0.16088389719988033 0.9853318655402491 -0.17317368750077075 -0.970380302198831 0.16844269963964406,-26.925640964714006 -33.6699292731815 740.8579991644132,0.69
6,485,7,0.0,0.5138074379028909 -0.8578266265659382 -0.011635957638684746 0.21566458566532365 0.11602394029351021 0.9695500150938949 -0.8303557690806219 -0.5006714731570696 0.2446167874886318,-55.60622765376822 -48.01890482415617 850.466342446382,0.69
6,496,7,0.0,-0.5154301482555043 -0.8436092862068832 -0.15051622668277992 0.3584887752226472 -0.37181002366730814 0.8562961545749708 -0.7783428295479282 0.3874024761485513 0.4940665554004805,-35.91247021836439 -61.220720401237315 821.2489269178814,0.69
6,501,7,0.0,-0.04382741762780691 -0.6321502251213998 -0.7736053582693448 0.9801335395166088 0.12272358950631834 -0.15581131311085555 0.19343578308762366 -0.7650653654803936 0.6142129796443818,-234.11798976353464 -129.68910630975995 667.5425907175662,0.69
12,2,7,0.0,-0.9141590679258986 -0.4044346806829671 0.027309111844191387 -0.3941229253340212 0.8710575900161719 -0.29313101951409554 0.09476454112697236 -0.27873152662748074 -0.9556821740562645,41.351219415780506 -46.9706518944089 788.2413548899157,0.69
12,7,7,0.0,-0.6502981069429719 -0.7585538946794466 -0.041332323586149786 -0.7388603707095494 0.6441900954350754 -0.19774851083711156 0.17662877653806702 -0.0980566663210157 -0.9793810113988705,66.78663311359433 -22.031732964039463 789.6365667855424,0.69
12,14,7,0.0,-0.10558903995823454 -0.9942904173806879 -0.015411701581431077 -0.9867228155923395 0.10668356616425534 -0.12246102196210125 0.12340599592492965 0.0022765358362160787 -0.9923536554849599,74.27128831091977 23.809551647268528 776.1113137873289,0.69
12,26,7,0.0,0.8164281767961524 -0.5770696635505508 0.020871884030067782 -0.569123123911655 -0.8102486554258398 -0.13998566430051942 0.09769289617136759 0.10240956884135735 -0.9899335221353894,22.355374296676402 87.06761360511379 754.0674012376239,0.69
12,34,7,0.0,0.9962563401663748 0.08106168811167962 0.030038432029409874 0.08244706734469008 -0.9954303016273861 -0.04817671313270818 0.025995879761239758 0.050472936535294825 -0.998387047648828,-34.76701426984828 86.369068978487 742.7485147129333,0.69
12,43,7,0.0,0.6574561346338244 0.7523828741642665 0.040883269153379566 0.7444980523296861 -0.6402922148414216 -0.18907281584292007 -0.11607790965405193 0.15474459692598058 -0.9811116290272792,-83.091254334867 50.60301451914475 765.1935193191197,0.69
12,49,7,0.0,0.1855126691949741 0.9813488068339006 0.050394135510356416 0.9666405195343074 -0.1730343048929407 -0.18885241678268555 -0.17661017966867176 0.0837475292524909 -0.9807115762452805,-93.22280202306467 9.916724094573432 781.4704901325089,0.69
12,60,7,0.0,-0.7111937560539565 0.7025394962591758 -0.025331749757351224 0.6950437381144896 0.6972874378013708 -0.17522679929804047 -0.10544023642662412 -0.1422268795984164 -0.9842021495922447,-52.67791517155462 -53.07381448444712 795.7366502435362,0.69
12,66,7,0.0,-0.9634867465435897 0.2670690707031589 -0.019167699616796326 0.2640205221098313 0.9356915622183873 -0.23403945030307502 -0.044569643701747465 -0.23055457459583087 -0.9720381345365184,-11.827250786836816 -63.68622382721804 792.1116694449476,0.69
12,73,7,0.0,-0.9607180660297415 -0.27566722352392026 0.03206835634525513 -0.2604905357945456 0.8558442360186186 -0.44685044974261484 0.09573650487428403 -0.4376508032076711 -0.8940337220072498,33.05862757523606 -58.09034944056336 802.6715761989698,0.69
12,83,7,0.0,-0.39329191102048056 -0.9194049494909746 0.004001446907922063 -0.841741294595661 0.35831231101455996 -0.4038364529705384 0.3698554659570126 -0.1621937934290456 -0.9148224459832723,73.81477135612164 -7.871377470833753 785.1216815990925,0.69
12,100,7,0.0,0.8921627445868973 -0.45061671858895835 -0.031467603964929466 -0.42193489234217074 -0.8064475481633077 -0.4142623548979444 0.16129657093495492 0.38286671961599006 -0.9096133745801652,13.148982308601498 76.0159752903988 736.3080415742729,0.69
12,108,7,0.0,0.9784667826228802 0.18479753881579047 0.09193815829814259 0.20640113989550168 -0.8785092005902982 -0.43083657450132123 0.0011509793505753915 0.4405354175612007 -0.8977344936676506,-45.199740227328206 71.19535253347193 735.7012147650398,0.69
12,117,7,0.0,0.5572173355077105 0.8294920576864442 0.03810206352412385 0.7717832451594675 -0.5004297779026081 -0.3923272357095128 -0.30636491884811 0.2480180711630806 -0.9190362195668547,-87.22879688328543 28.861197534631152 765.6268409629928,0.69
12,130,7,0.0,-0.5529727226108834 0.8331313803506604 -0.01064289074030958 0.7629751382441885 0.5011927308925493 -0.4082582331340426 -0.3347986058357598 -0.2338759277383458 -0.9128044390530534,-66.12798578445755 -48.01259367096026 801.1615027980329,0.69
12,137,7,0.0,-0.9272346449725241 0.3742963400124749 -0.011754276495938881 0.3468682379282959 0.8466117172579664 -0.4036471549732952 -0.14113234455360094 -0.378352811612101 -0.9148392270044075,-21.848148486235733 -67.76088108080909 808.197387166479,0.69
12,142,7,0.0,-0.9995405596505567 -0.03011505772332542 0.0034282519995805037 -0.028563080511496183 0.8980606900418775 -0.4389432166387818 0.010140021949958335 -0.4388394698518212 -0.8985082635429831,13.269089694655742 -65.48242592177868 799.6241562590978,0.69
12,148,7,0.0,-0.8372114862265425 -0.544915801707018 0.04630006890212375 -0.4603379410863993 0.6564902670476207 -0.5975864031820644 0.2952387293812897 -0.521619879147392 -0.8004666103914526,52.62194124553665 -48.45749481185068 810.5904419086304,0.69
12,171,7,0.0,0.8732527800832633 -0.4871345577919375 -0.011380012377212617 -0.4035006578878869 -0.7098408670021319 -0.5773328005732086 0.2731607606536751 0.5087493156147882 -0.8164296250752971,15.9151473067856 57.9138487112104 727.0433861793632,0.69
12,177,7,0.0,0.9996284684763959 -0.011051572800159053 0.024915612578789242 0.006005780332805272 -0.8023375890269732 -0.596840283356425 0.02658675636717698 0.5967681760726073 -0.801973122001508,-27.037012279349423 58.58525106664335 716.5618684432546,0.69
12,190,7,0.0,0.4283804509178033 0.9033696022057275 0.020335955402334904 0.7446198159327216 -0.34017258433966013 -0.5743030058984515 -0.5118901434798092 0.261162735998731 -0.8183901919829426,-90.08785915833549 7.922088992233387 771.4482121010242,0.69
12,199,7,0.0,-0.36021345797642856 0.9326851301200216 -0.018566441383908394 0.7709562228182716 0.2864282479968018 -0.5688456392091499 -0.5252359157468646 -0.21921976827485462 -0.822234714669158,-77.92689650272042 -42.30539733978631 811.8686630282021,0.69
12,207,7,0.0,-0.8698294776628829 0.49280023260671874 -0.023336892069858006 0.4104752078092793 0.6966569555470793 -0.5883699432005371 -0.2736910366867085 -0.521360735988661 -0.8082550336414345,-31.848535064861288 -67.64031087257231 821.4417326583207,0.69
12,215,7,0.0,-0.9896105205724312 -0.1426635877779232 0.017835871010201093 -0.12390334030475414 0.7833214556484072 -0.6091432174638283 0.07293133643150948 -0.6050244605329533 -0.79285964856532,22.99429999400227 -64.65743471875943 813.934473409368,0.69
12,221,7,0.0,-0.810417310478444 -0.583864777517296 0.0482255580741566 -0.4234404044609075 0.526874397510197 -0.736954267996495 0.404872827869281 -0.6176611456316038 -0.6742200697325662,54.7367414426019 -48.453982108726564 814.8132985083918,0.69
12,228,7,0.0,-0.3048966992738348 -0.9519369664988964 0.02922352793212324 -0.6678028578517754 0.19181244017155763 -0.7191990898495587 0.679026763697074 -0.23879698408545955 -0.694189206610681,74.46877601804593 -17.381364856049203 786.0890938447837,0.69
12,239,7,0.0,0.6152655754106032 -0.7881451156393854 0.016599650852927972 -0.548223210714616 -0.4429121319989696 -0.7094224091201835 0.5664799934229072 0.42738287286917226 -0.7045880335555492,44.26051811152272 30.454385151535508 733.167725057191,0.69
12,249,7,0.0,0.9991684433940567 -0.039017097723646046 -0.011835869664778152 -0.03542101996538699 -0.6868713244245231 -0.7259153773188121 0.020193391743583273 0.7257309761671504 -0.6876821774347255,-22.080177577995503 40.22858626014724 706.605995035544,0.69
12,260,7,0.0,0.6170242037494583 0.7866586271011765 0.021197556336520207 0.5536982352968388 -0.4148432216548602 -0.7220272610339469 -0.5591953113327349 0.45724534536100964 -0.6915398021294051,-83.10693499689309 9.418073025542851 757.4361709128618,0.69
12,284,7,0.0,-0.9927126719395094 0.11951674657080884 -0.015404488302085649 0.09029384189588056 0.6530744889957992 -0.751891437601571 -0.07980334007046175 -0.7478030884611299 -0.6591069471653245,0.3832063224704664 -67.93847161113533 827.4055272961152,0.69
12,298,7,0.0,-0.4311757511345846 -0.902082708704088 0.018282732033868432 -0.5085957105241522 0.22626069161399998 -0.8307445471784857 0.7452636277653428 -0.36749542321973194 -0.5563535198438045,72.53021277855872 -29.85493122109708 798.6104524876491,0.69
12,307,7,0.0,0.34812618373457316 -0.9373152005199382 0.015759919818014057 -0.5248690133595474 -0.2088148060112115 -0.825172040004674 0.7767372007399784 0.2789920996457931 -0.5646616060277647,62.11260431917336 3.6914715944647405 754.9747130096763,0.69
12,319,7,0.0,0.9869722980377296 -0.1604825269003065 -0.011447334441460733 -0.1006125049465816 -0.5601159383198063 -0.8222817397270213 0.12555001694343312 0.8127210432859574 -0.5689654638426557,-12.214315170912977 21.989613729470737 705.0794093716323,0.69
12,336,7,0.0,0.2693365441253993 0.9623523794720358 0.03654755426971218 0.5520553877855855 -0.12318718497952674 -0.8246573629536855 -0.7891087851592411 0.2422866384704916 -0.5644506267187377,-92.7904203171308 -22.007992450562995 797.5975413835394,0.69
12,343,7,0.0,-0.3583057405808744 0.9332774058078651 0.024703847379157484 0.5222698623711312 0.22230352168618417 -0.823295411808398 -0.7738547584176445 -0.282089397274094 -0.5670752902568649,-76.98767206899718 -48.385767789367314 835.9179114646201,0.69
12,350,7,0.0,-0.8275052289048868 0.561452661177757 0.0024505900280475112 0.31182526216526824 0.46320912238469236 -0.8295796012530471 -0.4669048104385225 -0.6857173019517718 -0.5583830941149184,-37.38715059480979 -63.869430473051295 848.4636726531184,0.69
12,357,7,0.0,-0.9999911260834626 0.004017887731678864 -0.0012666224787975123 0.003219654446694938 0.5349860383456408 -0.8448547642053514 -0.002716906250139704 -0.8448513451213839 -0.5349942271342898,10.353593731961983 -62.749241200066805 825.2601819183712,0.69
12,363,7,0.0,-0.8868980164009057 -0.46103314583053223 0.02933167144473503 -0.22141273439359377 0.36849321577393346 -0.902878259222658 0.4054482822167219 -0.8072553427349914 -0.42889451159151115,48.58226269099569 -51.40268616421568 842.9241785829249,0.69
12,368,7,0.0,-0.5663856705558872 -0.824128026815796 0.004501955759470544 -0.32936855924786007 0.22134586548071533 -0.9178901677290052 0.7554625234701895 -0.5213626408281429 -0.39680898727316904,69.215788054342 -39.0605473493268 815.0773093732864,0.69
12,383,7,0.0,0.660098771432722 -0.7509102386972903 0.020085451764634 -0.3021444161191295 -0.2898948662808956 -0.9081132739432961 0.6877342246544382 0.5933757493558024 -0.4182425807057414,43.082155997059886 -2.7399244151528843 733.3838975013882,0.69
12,387,7,0.0,0.8714850668309223 -0.49037038729305915 0.0071176932189135345 -0.1923619869395172 -0.35514360472661805 -0.9148059280538496 0.4511215404648557 0.7958705317373167 -0.40383097013574465,17.59188816430141 2.2667965157666528 719.4839550866593,0.69
12,393,7,0.0,0.9997909182433791 -0.01934362844912945 0.0066290147444817505 -0.0011546952424804566 -0.37708086608427815 -0.9261796192488947 0.02041534905304143 0.925978317495368 -0.3770243613501517,-25.839268840656587 1.9998442845840996 697.9582113130215,0.69
12,399,7,0.0,0.8868453695974008 0.460964601272143 0.031889289701458406 0.20491517530737216 -0.3304998137584374 -0.9212923770629968 -0.4141437689406883 0.8235784780333033 -0.38756087156464775,-63.75274069955957 -6.323589162913798 732.6084249974529,0.69
12,409,7,0.0,0.17675015060880028 0.9837598933436904 0.031238702088548176 0.4110123209558536 -0.04493268230944325 -0.9105217878134277 -0.8943311781897401 0.17377435457768015 -0.41227929539192476,-91.67499387383113 -32.72298534047341 806.7491928500233,0.69
12,423,7,0.0,-0.8912477547100232 0.45332210451258964 0.013285679682241813 0.18591651990422525 0.3919250547885207 -0.9010159815761966 -0.4136574517049635 -0.8005584432065481 -0.4335823931615119,-30.659387091749533 -61.57233441159981 876.0996372750968,0.69
12,438,7,0.0,-0.7355072263305702 -0.6775132410384521 0.0022199624059697776 -0.17155921941243224 0.183072569720664 -0.9680143947537506 0.6554361557391448 -0.7123624375508898 -0.2508848407465991,62.9903151025523 -43.205224567342825 858.083262722309,0.69
12,455,7,0.0,0.6146337357980275 -0.7880027626018069 0.03573537394349141 -0.1779564407878625 -0.18265408184461301 -0.9669379460790738 0.7684769846918493 0.5879533421262456 -0.2524955276465336,46.62623679085844 -19.641955962666426 755.949579962787,0.69
12,471,7,0.0,0.9192302819675243 0.3929142906160289 0.02518032850478119 0.10966281130702207 -0.19408478869907336 -0.974835967028236 -0.37813986371466624 0.8988600864569183 -0.2214967007531146,-61.27136891137784 -21.00177671910002 742.4690137352816,0.69
12,482,7,0.0,0.06188751099496981 0.9975924765760101 0.03129195842048882 0.212405888414667 0.017469824032362746 -0.9770253547452357 -0.9752198083250888 0.06711226361269901 -0.2108133523360326,-84.22366416076048 -36.72557176783074 814.6669562266161,0.69
12,490,7,0.0,-0.5605651730329729 0.8247105307793205 0.07496150481550024 0.15969840257192175 0.196481346957445 -0.9674148543999953 -0.8125657554921258 -0.5303278426779788 -0.24184555460465118,-64.55486090166157 -48.55593504987614 864.0458597010903,0.69
17,3,7,0.0,-0.07711057489646089 -0.997017460922076 -0.0031846280212605577 -0.9784628978209914 0.0762882075701592 -0.19180841215515096 0.19147928563394334 -0.011674416569096457 -0.9814272215354972,-112.57667007271645 16.726409878150225 755.1305454984916,0.69
17,10,7,0.0,0.5226572735916793 -0.8503316202185083 -0.06136375166398661 -0.8396046073124912 -0.500898174083704 -0.21015499656027412 0.14796444755869614 0.1613603261529243 -0.975740420092594,-100.84473079249634 -42.20422275419558 769.6331505892416,0.69
17,14,7,0.0,0.7801906775325093 -0.6252517094966409 -0.019047479174215592 -0.6111814526270755 -0.755439690048476 -0.23615271894289144 0.13326566945774843 0.19588561578377975 -0.9715292516815885,-80.26382039783918 -69.75863070413071 782.0288421172576,0.69
17,22,7,0.0,0.999688374493536 -0.013005961613980422 0.021307249117809925 -0.005515996255756622 -0.9475424154787221 -0.3195824536079153 0.024345999420422714 0.3193653328575982 -0.9473188779291671,-14.735916936732314 -92.71096680828192 772.8281237542099,0.69
17,29,7,0.0,0.8319273322011894 0.5547726146917601 0.011147193578643619 0.5405758274746483 -0.8057781953278046 -0.24186623303877208 -0.12519859698379704 0.20724103339429217 -0.9702455696322217,46.152254085384726 -80.92879200239891 780.5660698056968,0.69
17,41,7,0.0,-0.07204465157150763 0.9973975180396484 0.0027855319581125 0.9731740542608593 0.07090619027079081 -0.21887113170714162 -0.21849903499425932 -0.013057686993953085 -0.9757497981126849,95.53848463895984 5.940226817035777 759.9099026973769,0.69
17,50,7,0.0,-0.7600596456710119 0.6497512676507801 0.011516301865625772 0.6347630043196774 0.7460904380105108 -0.2010596594455019 -0.139230971301335 -0.14550721114600554 -0.9795113006673271,62.3720982626421 74.76061330449839 734.6067946613022,0.69
17,60,7,0.0,-0.9804606359584704 -0.19125955024687624 0.046007888185336084 -0.19318970814339836 0.980264239109164 -0.04194947188225175 -0.037076650379724525 -0.050018056370613705 -0.998059875976149,-22.422130912977988 100.38868836402453 734.7489643134562,0.69
17,72,7,0.0,-0.37976753809194996 -0.9249798975741496 0.013740673029173062 -0.8592802453887921 0.34721366388301655 -0.37560635178003565 0.3426573753710197 -0.15445018839951796 -0.9266774316919547,-103.60612187243555 31.11984246516549 745.351855284603,0.69
