scene_id,im_id,obj_id,score,R,t,time
7,3,13,0.0,0.5365443355834485 0.372465437048611 0.7572249825233607 0.7970003703638738 0.07122878202994593 -0.5997640121334216 -0.27732757813308917 0.9253085749168859 -0.2586376917468093,49.65735913946659 56.47361853362849 500.4078973028304,0.69
7,13,13,0.0,-0.9906302291661484 -0.008102155028398908 0.13633086277919648 -0.11870300404127211 -0.44257185423490064 -0.8888418029495796 0.06753773681285186 -0.8966964419038236 0.43746330724212756,-3.885041081300975 -94.58274774701783 1064.3249844635081,0.69
7,21,13,0.0,-0.12219744941235876 0.844808527852025 0.5209283392421725 -0.9855986116950213 -0.16510316231477634 0.03655574398787695 0.11688952041120104 -0.5089592292729886 0.8528172975238508,52.44369125738337 -46.115037737667734 636.8849504610613,0.69
7,30,13,0.0,-0.5974999752570315 0.8001574626484215 0.05236233890771755 -0.7207169814986473 -0.5072592010693366 -0.4724988206440063 -0.3515121792304291 -0.3200564604855497 0.879774431291417,27.312456319367595 -94.73333331120514 781.9020102465174,0.69
7,39,13,0.0,-0.8662017114126134 0.477621559618732 -0.14687491594288576 -0.4993386658546519 -0.8384400683186313 0.21835555550602587 -0.018854493585243673 0.2624802804502062 0.9647531344579421,-74.61055436704522 -80.74586589671314 932.8054331271928,0.69
7,54,13,0.0,0.813646222259732 0.03576127307884286 -0.5802593871280733 0.4830543629041906 -0.5969493941706796 0.6405543718362128 -0.3234784497948717 -0.8014814733648177 -0.5029802584309523,56.16813053396551 -54.89409686686894 800.9038264846071,0.69
7,62,13,0.0,-0.978746183319412 -0.04484479036097544 -0.20011210212069683 -0.10981399925257138 0.9387147172878416 0.32673470142512195 0.17319582617904014 0.34176545221055843 -0.9236880325464178,32.27089186281617 -37.20001573000356 599.4734691873617,0.69
7,67,13,0.0,-0.8947826526348972 0.3996893857061126 0.19902863989267247 -0.40358015856303536 -0.5332798901433725 -0.7434619118575664 -0.19101586362889347 -0.7455608316713954 0.6384763003585687,59.99402677881273 8.967876396928697 461.6054263072383,0.69
7,71,13,0.0,0.35272478633496657 -0.9341136899880452 0.0549257615502074 -0.07666091733425462 -0.08734886726590868 -0.993223680316188 0.9325815400587889 0.3461239511566352 -0.10242012291193814,57.42696086074865 26.558790220731666 573.507565855855,0.69
7,81,13,0.0,0.7275807261269496 -0.49959316789722497 -0.4701414186805881 -0.4917029233584924 0.09812137888581854 -0.8652169844416244 0.4783874184479494 0.8606851117545609 -0.17426019704667423,-64.02100247590278 -141.63071644413375 1141.6217875718232,0.69
7,87,13,0.0,0.8616392577915306 0.5028132632681088 0.06896819349624606 -0.33090369444734147 0.6596132975828857 -0.6748429762936945 -0.38481233664418896 0.5586493711922595 0.7347314785912826,11.696339402415243 -75.51529814333766 679.9415266675611,0.69
7,94,13,0.0,0.9997654683583348 -0.02159960210517293 -0.001570180606850497 -0.015021014326177293 -0.6393834816879889 -0.7687412649735658 0.015600557901969299 0.7685845565280657 -0.6395579739630364,-99.0818477726873 -129.02467027974743 1304.5272914101,0.69
7,102,13,0.0,0.9831315784908021 -0.051452151641190116 0.17551346234883425 0.12675759262741548 0.883456316113621 -0.45104040864456046 -0.13185147737316355 0.465679732874904 0.8750757534659913,87.2765437617501 -1.671275149897642 667.4323015687488,0.69
7,112,13,0.0,-0.7356412693317314 0.511965886289985 0.44353450162451763 -0.38416390081748186 0.22396414130014275 -0.8956886516643972 -0.5578978581825663 -0.8292954809276367 0.031921546771812026,147.06541418568696 233.09739319127766 1908.9122202601125,0.69
7,130,13,0.0,-0.9641322595310234 0.019580691641799333 -0.2646990416424513 0.19285502730295817 -0.6335119609462694 -0.7493127076074365 -0.1823620700024505 -0.7734850947838886 0.607013083525866,-109.4989375325201 109.22566144985794 961.985385222153,0.69
7,155,13,0.0,0.7041639710059053 -0.7020576918398793 -0.10615130364558147 -0.6455764707439251 -0.5707996478218829 -0.5073645459314562 0.2956080553012948 0.4257966173830833 -0.8551684736156443,-126.30455487636333 -21.347825451398155 775.760677961086,0.69
7,166,13,0.0,0.9992005723159504 -0.0385015252043024 0.010763309919390935 -0.017220782661435043 -0.6574960200088882 -0.7532611952815568 0.03607853832967753 0.7524736648078884 -0.6576334258860173,-67.46550991162239 -101.48586670508195 974.2339546106554,0.69
7,185,13,0.0,0.10856560488554817 0.9363480794298236 0.3338649181688847 -0.023084459078488717 0.3381341099668292 -0.9408147699871607 -0.9938212199308731 0.09443303354770133 0.0583248231038046,92.71877305627126 72.87254052332412 1136.852888250678,0.69
7,198,13,0.0,0.8313628141565625 -0.5519728873562819 0.06451203656101898 0.5231713827137829 0.738213803581507 -0.42583105160506174 0.18742351919390873 0.38777095278694296 0.9024999238934467,-54.038671968714496 50.744326267346196 571.1186099962592,0.69
7,207,13,0.0,-0.7892150859227387 -0.16348370802393888 -0.5919566076687612 0.5655347655897767 0.18227740018241745 -0.8043291479811329 0.23939502305035618 -0.9695607389913653 -0.05140035355167427,-164.76281660037586 1.9966724084916088 1053.9820432694949,0.69
7,219,13,0.0,-0.16603376320430985 0.9792411565121353 -0.11627358629108764 0.7354061269161942 0.04440326983504139 -0.6761702286570144 -0.6569707892823986 -0.19777539538762742 -0.7275123882168123,-110.38595878067377 32.94760177484302 728.3110180718224,0.69
7,229,13,0.0,0.6938996015747837 -0.7156947760098512 -0.07927376947367079 -0.5286138893663818 -0.43154900754400977 -0.7309807179787485 0.4889485646806855 0.5491324445705142 -0.6777778835405509,-116.29659358695992 -35.87085962434303 763.7899246223757,0.69
7,239,13,0.0,0.9996037312796955 -0.01165827444582345 0.025621573891088552 0.016611906971035983 -0.490497314813396 -0.8712843558262905 0.02272498533544734 0.871364716291516 -0.4901092798996052,-60.51156360147689 -94.00390309478917 952.7433679570775,0.69
7,251,13,0.0,-0.4423058978321507 0.7676337682285665 0.46379293937931665 -0.12562856951100737 0.4590000079686961 -0.8795092126904385 -0.8880219340002323 -0.44727775549422116 -0.10658167841865951,84.74305323538547 -48.46671291808 752.4704886314361,0.69
7,270,13,0.0,0.9957820751375773 0.0740366218579776 -0.05419075067351661 0.008253971547860839 -0.6605274133034563 -0.7507565572329903 -0.09137795570260648 0.747142633570394 -0.6583524544748873,85.49544577735725 48.47445371925172 707.1457408188209,0.69
7,277,13,0.0,0.9389052775286468 0.34416490908798264 0.0027194082655962737 0.24738813680013888 -0.6693563386622203 -0.7005435044758197 -0.23928223837010995 0.6584167428347851 -0.7136045145284763,21.789042576816914 73.18189144699964 693.4144388263985,0.69
7,285,13,0.0,0.8315518106491212 0.5550389894409098 0.02129099355554334 0.31892251999677385 -0.4457201953814903 -0.8364340581707523 -0.4547636885736107 0.7023284328784503 -0.5476538687213159,-76.94441086501195 81.86639624762866 831.8613610889178,0.69
7,289,13,0.0,0.6311953102018438 0.7748690559464451 -0.0342114968375169 0.2817359140405662 -0.270146442884476 -0.9206768022148659 -0.7226460787404337 0.5714882724374399 -0.3888236095552137,-121.38283238138159 32.856126401580866 841.756155815653,0.69
7,295,13,0.0,0.3624550713092308 -0.9254071294586735 -0.11067052918133907 -0.5557346149166263 -0.11927028326480305 -0.8227597688957587 0.748188050603382 0.3597168946226895 -0.5575108937566331,-125.50023117166769 -8.562608820013264 754.5688991842115,0.69
7,306,13,0.0,-0.9376625348663136 0.34617635733486174 -0.030836671844498592 0.03757037175252065 0.012756330858216702 -0.9992125615650623 -0.34551040197721483 -0.9380827285721672 -0.024967107965112367,-104.47232137763872 -65.40822984739276 931.7204971951393,0.69
7,328,13,0.0,0.1985676485808775 0.9295887355381081 -0.31054093401309013 -0.029819094745309138 -0.31097350271668006 -0.9499506840866473 -0.9796334572306272 0.19788952314051478 -0.03402978262622747,140.89715780258547 -16.94776480029615 1732.9112299032663,0.69
7,342,13,0.0,0.985214232746562 -0.16541317882074918 0.04462505872285491 -0.05953072443472875 -0.5747526328940964 -0.8161589942098172 0.16065182364940583 0.8014348952059168 -0.576101640602074,85.42862575198988 31.97609552590835 732.4396530609908,0.69
7,348,13,0.0,0.9861062352923877 0.16235051947250864 0.03516818938304154 0.11754923061574771 -0.5323958796909026 -0.8382939852282109 -0.11737406484875884 0.8307809194457686 -0.5440830752612351,27.185034403269928 48.54593357910174 701.509406364826,0.69
7,354,13,0.0,0.9358704564374343 0.3510256212485599 0.030454917413296548 0.21975422188701993 -0.5139464371632613 -0.8291966845628486 -0.275417085037255 0.7827132763370329 -0.5581266489922596,-38.801786035829 46.96312456180479 689.6089242161821,0.69
7,366,13,0.0,0.1824936535412316 -0.9810270956964937 0.06543625849997525 -0.3851019910470312 -0.13255688849135283 -0.9133045099007797 0.904650497655744 0.14147264337246845 -0.40198627870665066,-127.14702047179716 -12.83443021356002 774.7323894167935,0.69
7,378,13,0.0,-0.983404617330853 0.17547466274814066 -0.046086889087731855 0.060282168511601786 0.07644287000230943 -0.9952499926075604 -0.1711181427315568 -0.9815116557429344 -0.08575226451159279,-91.02635414097959 -52.314134165013314 833.2085291627033,0.69
7,385,13,0.0,-0.437699046137089 0.8843188902653195 0.16247967666941043 0.2735766062731436 0.30312765241758377 -0.912835947385878 -0.8564901549409379 -0.3550967849188697 -0.37460764518297024,66.82640435490931 -48.908659120406384 682.8156738835598,0.69
7,393,13,0.0,0.5528947291333559 -0.7545773337071993 0.3534408945663859 0.03272112787889586 -0.4041819739855311 -0.9140931351320238 0.8326083991210311 0.5169622610602183 -0.19877946159656568,78.27419310354561 -66.50020677997648 1003.2771718381194,0.69
7,399,13,0.0,-0.41937942359593516 -0.3608210068171329 0.8330240693424238 -0.5864694004247507 -0.5927477950100706 -0.5519997227138185 0.6929462760054159 -0.7200404520234747 0.03697574908038592,89.8882736634095 -53.53485510574867 950.2302756952718,0.69
7,413,13,0.0,0.9696489651894237 -0.24449936482578974 0.0009720632000655843 -0.13073087843636513 -0.5218111512007789 -0.8429843177104626 0.20661636365577601 0.8172717926628223 -0.537937259526946,91.22098271418011 3.2018988276521343 695.548719140852,0.69
7,428,13,0.0,-0.9914603021485657 -0.11561269865067503 0.060333847665990425 -0.054833410847414055 -0.050183011061463056 -0.9972336548952023 0.11832060817251333 -0.9920258914521904 0.04341502470543224,-64.76558767651422 26.61853996613637 738.8449711406131,0.69
7,435,13,0.0,-0.7188563439850644 0.4915354387156074 0.49156735977796795 -0.5590076889116832 0.01160257507451179 -0.8290812891322897 -0.4132262823805447 -0.8707802781059616 0.2664315049157263,-77.59914064433147 -24.7730616558859 458.0809708435663,0.69
7,447,13,0.0,0.3564803346287766 -0.7677544872558044 -0.5324235328397238 -0.3408677280502097 0.42370906909171024 -0.8392138087182102 0.8699028468724792 0.4806492193565004 -0.11065877703617946,2.1352290405740373 -34.67651658595851 513.0510428426215,0.69
7,450,13,0.0,0.07714363655242218 0.9604393137063869 -0.26759144983850397 -0.07811795458444837 0.27338871953323474 0.9587263390579819 0.9939549509464753 -0.0530559395278522 0.0961177547064383,28.07086400352056 -87.42867676192306 1394.7828700127736,0.69
7,458,13,0.0,-0.16553289023411072 0.9847919789600357 0.05276002678845393 0.08463663137184535 0.06748648264823187 -0.9941238430345567 -0.9825657753457363 -0.16009476204968837 -0.09452070822568681,87.16551105115931 -59.889491143476604 802.5062841740305,0.69
7,468,13,0.0,-0.2732050264141103 -0.9299735987847251 -0.24598398140011518 0.5451578789902469 -0.3603669987112206 0.7569270197414824 -0.7925666536745792 0.07269616085636232 0.6054365100320804,-91.95163041849453 -62.391696477612065 814.5679813767434,0.69
7,478,13,0.0,-0.9895778342294923 -0.0035838138728842422 -0.14395438958153361 0.14250347512037215 0.11933044933095172 -0.9825746808467489 0.020699506764290686 -0.9928481254152609 -0.11757606167548496,124.18017225104381 -34.7252122433463 829.4339451456102,0.69
7,486,13,0.0,0.9532904035660572 -0.29597428875978243 0.06030445142777231 -0.03381420982064015 -0.3029617234427327 -0.952402642448463 0.30015663524744773 0.9058771520033774 -0.2988186403074289,86.52561894862116 -21.87901936023741 683.3592099472907,0.69
7,493,13,0.0,0.9873563170955421 0.12299771129168931 0.09999533043364378 0.13377763281658692 -0.30815394934183865 -0.9418835854090557 -0.08503556931965475 0.943351846620355 -0.32071209117906424,25.75306965947171 -15.818432808712815 661.6210559294561,0.69
16,8,13,0.0,0.8066852036657353 -0.29016248880155804 0.5148443573345804 -0.5852858562558514 -0.2715968587151437 0.7639866574770275 -0.08185015976542873 -0.9176278529058237 -0.38892116799914833,-39.89544872839476 -1.6109740499904874 730.1197169973601,0.69
16,14,13,0.0,0.9840502089993595 -0.17695701263609848 -0.018204445809300696 -0.050978957422291485 -0.3785656504629991 0.9241694618356865 -0.17042984500507025 -0.9085011084024245 -0.3815486914708445,-30.47383522599577 -16.440997805741894 734.5727281270457,0.69
16,20,13,0.0,-0.8450680923009832 0.19512939056451445 -0.4977795097356841 -0.35165822205131186 0.4984476448046071 0.7923928572699594 0.4027361595865052 0.8446741776132742 -0.35260334575107427,-14.910793486343666 -25.556912099886876 754.2125504477665,0.69
16,31,13,0.0,-0.046206941572478843 -0.0010093119890369762 -0.998931378944433 0.911415162182309 -0.4093650515675726 -0.04174513982817751 -0.4088854615839416 -0.9123701199866135 0.019835409269778448,18.294630427293427 -13.410552270668806 727.3313205171662,0.69
16,35,13,0.0,-0.1276161485252154 0.3783698642621405 -0.9168153382518419 0.8057102907433185 -0.49951522592766745 -0.31830090552297896 -0.5783986912380655 -0.7793078883757566 -0.24111028408056778,17.652892501593392 -4.523822510498578 658.047115034533,0.69
16,48,13,0.0,-0.904856752107677 0.41773578502927095 -0.08204311105220621 -0.03204361585365706 -0.25900289592404024 -0.9653448640698226 -0.4245084979693212 -0.8708698604320508 0.24774628421611378,16.87900195863024 29.303678793742687 702.9120954608073,0.69
16,55,13,0.0,-0.8162908377778382 0.3074988615987022 0.488992554417199 -0.5237969315505958 -0.03714441138181446 -0.8510329413138362 -0.2435283200330829 -0.9508231921964256 0.19138760284632783,0.03081575592705943 40.03280241761624 702.757152567491,0.69
16,61,13,0.0,-0.5435341035680659 0.06823297376508575 0.836609191647828 -0.8302279388143763 0.10313514907732568 -0.5477998819248046 -0.12366182867195202 -0.9923242425316287 0.0005914503680594096,-16.408865078473706 38.713198861043324 701.0064538245733,0.69
16,68,13,0.0,-0.01663029934531346 -0.14417278771531444 0.9894127755522868 -0.9958406422313839 0.09104594295449664 -0.0034715344894356015 -0.08958151831639188 -0.9853551864956724 -0.14508724279621726,-32.72430335357766 27.82285899954746 693.2424634046612,0.69
16,73,13,0.0,-0.36843789851887565 0.2641661252504462 0.8913303389906349 0.925261273969342 0.1972769282660367 0.32399596983071705 -0.09025015139945702 0.9440858392350147 -0.3171069824653704,-42.160890315469985 0.6632826947929982 735.3349274109466,0.69
16,86,13,0.0,-0.9800482706967507 0.18618255306204323 -0.06958048605469738 0.05480366607800696 0.5896308934985589 0.8058113722308106 0.19105482273085597 0.7859207761392945 -0.5880702239902054,-29.31821361380168 -30.970571919955503 750.6026565104663,0.69
16,96,13,0.0,-0.570858682802691 0.15666680750643816 -0.8059627011807168 -0.4418062423341812 0.7687803092815404 0.4623679057801593 0.6920459583751121 0.6200260861340594 -0.36964854119819346,0.44212993594738104 -36.623349057802415 751.3124202440662,0.69
16,117,13,0.0,-0.9141414675637064 0.2794214064643426 -0.2937159425192338 0.11799942033863113 -0.5097480856586285 -0.8521930684810284 -0.38784212520073197 -0.8136833332303497 0.43301029911877154,20.646527669250766 10.020574803240985 675.8573129456114,0.69
16,126,13,0.0,-0.7405452501370188 0.5639180395259976 0.3654985324138194 -0.5623097246425074 -0.22217493685063938 -0.7965212307326666 -0.3679680775175585 -0.795383393171224 0.4816271917110393,-1.094553113337271 22.88564103260572 662.7402073825632,0.69
16,140,13,0.0,0.039606718920704775 -0.2406693499265859 0.9697987274802182 -0.992192159356909 -0.12434360891836027 0.009663634504263718 0.11826253306525442 -0.9626094384157431 -0.24371508436269834,-31.023599364412988 12.496012231742295 681.5988008154925,0.69
16,153,13,0.0,-0.7999119175549705 0.5391884259939018 0.263470615871578 0.5060168966896251 0.3699777872863166 0.7791426937213247 0.32262644717712047 0.7565661095958102 -0.5687880953333406,-36.467696127144116 -35.039209569610534 749.6560078578872,0.69
16,161,13,0.0,0.5716287274759219 -0.5798981093895421 -0.5804815075871865 0.4857092385387512 -0.3310414590322137 0.8090105611176714 -0.6613071400811916 -0.7443989086022746 0.09242906117329913,-19.421598872953776 -80.89141829701659 1137.275646518248,0.69
16,174,13,0.0,-0.026567144616800986 0.03576761232629724 -0.9990069392828989 0.4972604694817018 -0.8664723213593168 -0.044246376224888556 -0.8671944489661747 -0.49794215951922816 0.005233875770393914,18.506566684199363 -39.59660932239525 743.1488730913202,0.69
16,194,13,0.0,-0.9240016787994201 0.379073837197066 0.05023866567242377 -0.2374160178178462 -0.4657273703887586 -0.8524855722851199 -0.29975745538579923 -0.7996255638881642 0.5203310729883105,12.284168598300267 1.6343027198584752 686.2310686960305,0.69
16,200,13,0.0,-0.739431410263783 0.3745777801750834 0.5594038577936516 -0.6571081167471615 -0.22079359956694644 -0.7207351172901664 -0.14645856895488227 -0.9005229997003841 0.40939982241118567,-2.4797498503486306 5.2782441051763245 696.7473169397987,0.69
16,208,13,0.0,-0.29709360734972845 -0.05822643260225274 0.9530713882067496 -0.9548274384117739 0.024723575360757755 -0.2961305584997793 -0.006320706284556665 -0.9979972080961932 -0.06294141167997502,-22.83631282067458 1.2622221920769239 697.3412554248115,0.69
16,219,13,0.0,-0.4604151877081115 0.3673383708594562 0.8081338850846591 0.8752984581071637 0.3395225645326906 0.34435016684817604 -0.14788665985451926 0.8659023902654763 -0.4778520548973377,-38.80306793459021 -31.89547931735888 721.8227122494261,0.69
16,231,13,0.0,-0.059338000458520224 -0.9617976902255434 -0.26725307253312297 -0.9242601959613583 -0.04820854736161184 0.37870704525101584 -0.3771234437993168 0.2694830960154889 -0.8860907228375943,-23.24358985680932 -47.22995201802603 749.6922408534857,0.69
16,238,13,0.0,-0.6730088267701846 0.5069294042409782 -0.5385923302510967 0.2525894082159448 0.8419332139038992 0.4768092429709912 0.6951673970681727 0.1848541112373155 -0.6946734827328043,-7.4448470696420275 -56.506081597895495 775.7987793923736,0.69
16,246,13,0.0,-0.025495500943308942 0.290060760318928 -0.9566685605552505 -0.057316034021440906 0.9549812801582602 0.2910766682359542 0.9980304863458345 0.06225359323361267 -0.007722593722392604,23.566097441039084 -66.94423039967951 918.6145903006978,0.69
16,255,13,0.0,-0.8942353431647921 -0.26410697161152796 -0.3613732953348019 -0.12496748219058341 -0.6279399013648479 0.7681631393583339 -0.4297979518679592 0.7320785393795481 0.5285212699125874,34.030031423618226 -58.46384374889392 1015.3624058966591,0.69
16,268,13,0.0,-0.9416447827496126 0.3189246411210523 0.10766696989440554 -0.30437785312003435 -0.6701686787144803 -0.6769254498097458 -0.14373317519095452 -0.6701947592721803 0.7281344374451957,8.121707301026756 -9.792129855709684 641.4457984442446,0.69
16,275,13,0.0,-0.6637254709286171 0.2162197789402187 0.7160429501333202 -0.7228113692473754 -0.43163723512348706 -0.5396600983412486 0.19238561205900995 -0.8757501381387244 0.44277474162680763,-7.941962998255772 -9.903217752057119 674.9111068597025,0.69
16,287,13,0.0,-0.17992389934485303 0.22231305620413266 0.9582297717592173 0.9554690856005754 0.2711188581580465 0.11650489780553297 -0.23389360167850615 0.9365209393239724 -0.26119401467415165,-36.54740838266831 -25.106190993078243 733.9556292721444,0.69
16,298,13,0.0,0.19682875422471258 0.8632496685318523 -0.4648208808670228 0.203023891413106 -0.49970580554013355 -0.8420661538293566 -0.9591870208806138 0.07137308798933673 -0.2736167781497315,19.84026583789896 -112.46807102641841 839.7448220130472,0.69
16,305,13,0.0,0.8365501271643715 -0.5420934687229291 0.07948934462691223 -0.5266142444026989 -0.7555191457646837 0.3897027815851167 -0.15119961089053063 -0.36786613265010587 -0.9175037798917272,-27.583862899952592 -70.88146983330132 910.5145742270149,0.69
16,310,13,0.0,-0.021214478810124282 -0.38117133349574406 -0.9242609806812636 0.02269646455170521 -0.9244144003086695 0.38071365486257014 -0.9995172916891775 -0.01290081482074959 0.028262211365934653,6.870646197628203 -101.9389195209508 1158.1246148727444,0.69
16,322,13,0.0,-0.005093248276632762 0.3528633107425218 -0.9356610191483982 -0.32918829165557123 0.8829297252744067 0.33476882899061516 0.944250563917692 0.3097137132234988 0.11166149014961804,87.04358054809533 -148.38983461569364 1865.1034499486184,0.69
16,332,13,0.0,-0.8728834453322936 0.2627302400259883 -0.41115363532469407 -0.0003993619239010815 -0.843035342005505 -0.5378580227529519 -0.4879286129905467 -0.46932316489338954 0.7359765183207773,25.083382441525874 -36.60629547634751 720.0171168835611,0.69
16,339,13,0.0,0.1974995236130943 -0.04034261707515413 0.9794725169294584 -0.9045181569274108 -0.3927096297522558 0.16621086152380704 0.3779429083356912 -0.9187772417443597 -0.114050594436792,-3.5852203689067443 2.0915655060753684 993.8339932353608,0.69
16,345,13,0.0,-0.6858848682413868 0.3457225016185821 0.6403420175125829 -0.7171754789711802 -0.47031842575046384 -0.5142566584518512 0.12337455118440727 -0.8119584535394623 0.5705279921667747,-3.6692466473095933 -26.43529404454826 685.0463923723286,0.69
16,356,13,0.0,-0.07942934772868171 0.12181508176493372 0.9893695288283335 0.9572727767819942 0.2861762114637487 0.04161738608257315 -0.2780643982092752 0.9504021579557036 -0.13934105138707464,-31.655935035364354 -35.138797587203804 734.9699575337544,0.69
16,373,13,0.0,0.25829659427521645 0.8736825841606712 0.41226400706362426 0.07429966491270507 0.4075155646887623 -0.9101706567068941 -0.963204251018279 0.26572505841702426 0.040345559230044875,32.91164426773507 -127.71037306734759 1023.0428975479937,0.69
16,381,13,0.0,0.2549737528359618 0.013808010261522952 -0.9668493803159642 -0.7398533708322186 -0.6410089533658403 -0.20426578610485335 -0.6225796134093614 0.76740918717295 -0.1532245555046664,-30.594581088332085 -107.35467992511069 1256.394682202744,0.69
16,395,13,0.0,0.4634476073734083 0.7560144168607044 -0.4622321026482611 -0.09273552294557053 -0.4773893566619918 -0.8737845987025985 -0.8812584399617828 0.44781871738977 -0.15113556282856266,-156.64563002115918 -66.82870223001414 949.5659676919087,0.69
16,407,13,0.0,-0.173909424382665 -0.9301005240478606 -0.32352515710031743 0.022507195993140994 0.3246914596119262 -0.9455521573047163 0.9845044125037816 -0.17172207552021873 -0.03553295005500917,20.936191612056508 -89.98449509752527 1149.86543758631,0.69
16,418,13,0.0,0.6519047953796199 -0.1283955440203262 0.7473518060704613 0.5770960497311979 0.7233440694378944 -0.37912202071849277 -0.4919149186045314 0.6784452383831364 0.5456480288331904,-4.6820222775077776 -41.77869970429624 733.9051111650358,0.69
16,425,13,0.0,-0.1611621142999079 -0.05933223872319293 0.9851428619050526 -0.8144320827533509 -0.55579536916496 -0.16670899854784377 0.5574290587118891 -0.8291991275097195 0.041251078054973744,-21.75417280088754 -42.620712723128655 713.4414939037877,0.69
16,448,13,0.0,0.16536056555694312 -0.5458746413521082 -0.8213870946681568 0.4484910396002647 -0.7001323549127375 0.5555812028881272 -0.8783573707534776 -0.46025597392434997 0.12904560321834402,17.024898450275334 -35.29187610075 266.03336128833286,0.69
16,455,13,0.0,-0.29616416431786374 -0.009376280137622539 -0.9550910287217039 0.945751718746306 0.13695644022376108 -0.29461266091199195 0.1335682382241753 -0.990532694489191 -0.03169395661121588,-19.983300319638808 -124.18913135457517 1415.5607325135588,0.69
16,466,13,0.0,0.5699969338876993 -0.7563375660431824 -0.32102489241567667 0.03313311587671702 0.4115495715343557 -0.9107849069907716 0.8209784966678007 0.5085080494562138 0.259641814135002,-43.078682458698935 -5.574421374148846 378.5482132290175,0.69
16,480,13,0.0,-0.0898260330235696 -0.26679684996853753 0.9595575671308703 0.10102095740498106 0.9560427290448431 0.2752763455247653 -0.9908208970122854 0.12166240622047002 -0.05892545253467092,35.35446960621423 -65.75993674870779 996.1361344720736,0.69
16,486,13,0.0,0.8894137837112196 -0.0855471567161952 0.44902650848504083 0.23196161443978638 0.9309193960918833 -0.28210439097329004 -0.3938742575632223 0.3550644476115537 0.8478161989908677,9.902417847338082 -55.057551073398585 764.6832559629371,0.69
16,495,13,0.0,-0.5009089700680445 0.3946734121648793 0.7702746921946106 -0.7144072153349871 -0.6909415364715642 -0.11055371479793671 0.48858216748330086 -0.6056671453103969 0.6280563467626727,-21.120576096536777 -45.28913922366369 641.6906937975825,0.69
19,1,13,0.0,0.7735533254123087 -0.43163008291671756 -0.46401586639345244 0.2266567089732077 0.8721992641252663 -0.43346877619590846 0.5918124610220652 0.23013890410065724 0.7725244952740042,-99.73455523658092 -16.707762650464254 567.2046410408044,0.69
19,6,13,0.0,0.9182471779830521 0.3898321747250552 -0.06966344576099084 0.00980693779679348 -0.19824573277700358 -0.9801032871114955 -0.3958862767225082 0.8992938924427557 -0.18586164455838317,-136.9853896398015 -100.35937228570316 903.8694530743759,0.69
19,17,13,0.0,0.6346478032164717 0.7724006270402742 0.024888495741962613 -0.7172612671334931 0.5767423280418505 0.391030128909426 0.2876776677856007 -0.2660179662967477 0.9200413039993259,80.12562397265445 -54.705291098926345 746.8465304509185,0.69
19,33,13,0.0,-0.964807741053014 0.23714217901353796 -0.11362046354812713 -0.2628957336840487 -0.8791675495606943 0.3974295572930753 -0.005644113296691518 0.413313448525638 0.9105713246379655,64.11831842385637 79.8021305316992 762.3180778922986,0.69
19,42,13,0.0,0.24578054763101112 -0.9679992157475203 -0.05068965099885733 0.9138170451382588 0.21394668780011303 0.34520316162246045 -0.32331150678715703 -0.13116528920239018 0.9371581171219037,-15.627447410569358 100.34953944950153 709.9893100851726,0.69
19,47,13,0.0,-0.3398747174453528 -0.9361597769880085 0.08994469629280158 0.8742599980197713 -0.2792490359099331 0.3971012865829608 -0.3466332821641791 0.21359973757740353 0.9133567319525016,-59.559145016764894 89.04815052507698 715.9280733634587,0.69
19,55,13,0.0,-0.7719429598255139 -0.6356339174824169 0.008578445184362848 0.5960853675220047 -0.7190927313567188 0.3571944545147509 -0.22087621284778872 0.280847230101865 0.9339906487444769,-107.7664383578952 36.27856302243313 730.2605879986127,0.69
19,74,13,0.0,-0.013406965060703935 0.9988938810315031 -0.04506958759166013 0.08682958728103812 -0.043740330334550936 -0.9952624810947255 -0.9961329610350546 -0.017256822999776877 -0.08614711834698086,-180.64390806917314 -85.6703560438132 1021.9471203992638,0.69
19,80,13,0.0,-0.7546074960922953 -0.6456018046269678 -0.1173279024943304 -0.07182230674142509 0.2589961663321243 -0.9632043096247044 0.6522339174680027 -0.7184144317089302 -0.2418090594181237,-113.66356247661152 -132.31378147572744 912.3082166934425,0.69
19,88,13,0.0,0.9319734014010257 -0.28569904929907475 -0.22316279329361222 -0.25959827236259625 -0.09625448504952192 -0.9609078057203025 0.2530500268076609 0.9534731917245792 -0.16387359944538313,-18.277838525358057 -172.1528540590254 958.2442662726255,0.69
19,98,13,0.0,0.28022464340142494 0.7884177033548463 0.5476054001443138 0.447657939053008 0.3973013687751883 -0.8010954949144174 -0.8491622452943595 0.46962660423578184 -0.24160780980881102,127.98295177660101 -142.89057710476214 1060.7690546569615,0.69
19,109,13,0.0,-0.7037767720478196 0.7092109462584131 0.041449835140773605 -0.5710193345289032 -0.5994266483121342 0.5609140869040902 0.4226525460944482 0.3710896481990934 0.8268357142016499,28.945379592854845 79.01878076630297 746.4910897479313,0.69
19,115,13,0.0,-0.19097957418708011 -0.9472748371150528 -0.2572881365550534 -0.1504369927328013 -0.23077024816498215 0.9613083812072917 -0.9699976873481877 0.22229591883460842 -0.09843277405744777,-47.41054022533728 121.89831839752256 960.9800091214273,0.69
19,123,13,0.0,-0.6470367677426364 -0.7607224100103945 -0.05142796998850918 0.6338819258103597 -0.5741828008597469 0.5181773975462516 -0.42371821452483194 0.30268056776878416 0.8537255698261914,-90.23595303900386 43.44477107471901 702.7196936348158,0.69
19,128,13,0.0,-0.8592545802425458 -0.5025542742267851 -0.09550271089658009 0.40175077287713284 -0.778531674763806 0.48216672208074435 -0.31666683253039457 0.3759356764738518 0.8708584754880183,-110.6522302466072 6.704711548126118 714.5338301893115,0.69
19,140,13,0.0,-0.1535675171724742 -0.8785732700345193 -0.4522455382315378 -0.05491564298136087 0.4645552627797871 -0.8838397365923001 0.9866110124184837 -0.11089371940941656 -0.11958801432468064,-185.10906077515293 -4.406805041055888 952.7941029460989,0.69
19,145,13,0.0,0.8485089307286142 -0.3611212323678732 -0.386812680773126 -0.44234118504521014 -0.0827984896949385 -0.8930166214114026 0.29045975708621496 0.9288357581603681 -0.22999405182758814,-194.6537844638251 -83.21037060160806 1014.8315247910733,0.69
19,150,13,0.0,-0.7459176629427228 -0.6516248867247902 0.137810910710913 -0.602774968573629 0.5724428675261872 -0.5558520492716182 0.28331815573861024 -0.49768882890748245 -0.8197784165306936,-93.34335678890095 -72.01226889126886 619.7355006134844,0.69
19,161,13,0.0,0.733775767006584 0.6339291264305988 0.24435013078948056 0.2738808244380363 0.05313068518407482 -0.9602949673392087 -0.6217414396347086 0.7715639914840557 -0.13463502250956677,-17.75340831756419 -130.75958704724505 911.2210562759496,0.69
19,180,13,0.0,0.830263026988371 -0.5572425720402242 -0.012000913386205653 0.45117850365153134 0.6592791575194001 0.6014889444564007 -0.3272632943959233 -0.5048085858684512 0.7987909787764392,38.89802185464782 42.646976711986404 668.5795949213826,0.69
19,186,13,0.0,0.42249405999063283 -0.9025909107956698 -0.08263423637739178 0.7448062050869066 0.2937850702902128 0.5991277404181979 -0.5164905479645028 -0.31467440350879805 0.7963777581272029,-14.01276502456876 52.097365950128136 672.471013513791,0.69
19,196,13,0.0,-0.6224658566917115 -0.7800899403805402 -0.06321346510150214 0.6038223089465343 -0.5300577076228117 0.5953464922279512 -0.497930594030463 0.3324131638589769 0.8009785340580204,-91.07997016894701 18.67623578546317 684.7118120283574,0.69
19,219,13,0.0,-0.13650742861745224 -0.9819972834957826 -0.13056437928912573 -0.6181665313069418 0.1874280754817207 -0.763374649889006 0.7741032628171742 -0.02349578107069339 -0.6326231791261548,-99.6745584458351 -60.30367024244978 616.9568509421346,0.69
19,225,13,0.0,-0.44236369192563707 -0.8881057269123149 0.1248302122543597 -0.608376826746339 0.1948936036570278 -0.7693465538569936 0.658932470549126 -0.4162747903478249 -0.6265167980005799,-77.0163112145002 -95.85527207469346 713.1648299939917,0.69
19,234,13,0.0,-0.12428558125455602 -0.986104461404105 0.11023196220306064 -0.6908100654571387 0.0062457855710463805 -0.7230092970534363 0.7122742082620434 -0.16600897976169932 -0.6819871486202354,7.787082788723516 -99.90956227075294 663.0831286994973,0.69
19,255,13,0.0,-0.5402321224826284 0.5277241755475648 0.655481844432443 -0.2575928185210646 0.6378349686496033 -0.7258184983962132 -0.8011212103572644 -0.5609578837224795 -0.20864098112621365,136.5009904202557 -21.468901285163085 860.9030484553701,0.69
19,263,13,0.0,-0.3617785363159548 -0.9320327725966461 0.020765391084541507 0.6221198253439183 -0.22477357148096497 0.749962508714765 -0.6943221252236875 0.28423890016938236 0.6611543193955265,-59.660190670609026 18.20040796031171 680.9383314130997,0.69
19,278,13,0.0,-0.9891533341753752 -0.052075740142298384 -0.13734554517118663 -0.0732315830330168 -0.635712184382305 0.7684446329270292 -0.12732955955400543 0.7701676024843619 0.6250032378694315,-116.32680020874821 -64.90427630717159 798.8130569362336,0.69
19,287,13,0.0,0.7419662300680078 0.6577416047418453 -0.1298541290459828 0.41844057500697673 -0.6056453845909116 -0.6768317023541063 -0.523825923973317 0.4478500301611568 -0.7245941980571965,-101.77729500563105 -34.008231985725125 564.4875263734951,0.69
19,291,13,0.0,-0.7139534982592535 0.7000892986295394 0.012057208125187568 0.3342310323137282 0.35588027495099916 -0.8727192257188456 -0.6152723131767543 -0.6190510510815739 -0.48807353625547534,-101.17978908145025 -61.31999286210519 634.0298777471519,0.69
19,296,13,0.0,0.357846974981007 0.9229879414284168 -0.14155847722646409 0.08074503992438026 -0.18161518006009902 -0.9800490624960303 -0.9302826350225787 0.3392774474518912 -0.1395171409754966,-85.88796968475236 -92.75224754937301 802.5144464491361,0.69
19,307,13,0.0,-0.05791842247638912 -0.9674770321816094 0.2462390069402321 -0.18644388211367524 -0.23183096188417296 -0.9547214692957529 0.9807569195066781 -0.10120571778770354 -0.16695289014224113,13.774310000490823 -111.66051568059983 866.1619381815733,0.69
19,326,13,0.0,0.6978226307862958 -0.7151593802346576 0.03988278857945182 0.3261696477710996 0.36684898687446005 0.8712262517291699 -0.6376965868148972 -0.594952839888644 0.4892588082733592,24.607137274300175 1.6132977932138912 658.5419138780138,0.69
19,333,13,0.0,0.6933057415690909 0.7160730858088928 -0.08103384778882722 0.055346345624364524 0.059205318630446646 0.9967103452216675 0.7185150873387149 -0.6955099323704854 0.0014153588384318433,-42.82882473678678 8.371730367699216 690.201844233592,0.69
19,345,13,0.0,-0.9029834897460869 -0.4092292470404313 -0.1309665629567344 0.1285454616712999 -0.5481334427287967 0.8264537453759824 -0.40999619696979017 0.7294389298145516 0.547560011451996,-109.07012920086824 -42.0324059065943 718.3301048307496,0.69
19,356,13,0.0,0.930390879443856 -0.23342361866974623 -0.282641514457465 -0.36522697435694607 -0.5243682110293483 -0.7691860870192282 0.03133797456376394 0.8188720251107628 -0.5731200030021977,-100.15713446786923 -32.69726924319505 628.0548209703189,0.69
19,364,13,0.0,-0.6752598327660876 0.7288167915698907 0.11335891045033031 0.022944097384442086 0.17437188575029128 -0.9844125221953957 -0.7372229829894946 -0.6621333172297388 -0.13446837385204524,0.5209849546603845 -57.591728058121824 681.3992910836125,0.69
19,373,13,0.0,0.014216180839134118 0.9981361200811993 0.059348007477914466 0.1123369498144442 0.057383880644463314 -0.9920118446614279 -0.9935684726825504 0.020769593915903606 -0.11131178760505284,-38.25699914167973 -88.99659428375882 763.7984924546719,0.69
19,387,13,0.0,0.9863769942935681 0.16449993543738312 0.000443135964632857 -0.07827220724172385 0.46696424430556005 0.8808052316566052 0.14468547508957144 -0.8688407021895522 0.4734785607784908,87.3825919299887 -45.58168863304425 700.1974800148984,0.69
19,394,13,0.0,-0.7763966483126484 0.6301291128045493 -0.012064231638915901 -0.22318106922515515 -0.2569840497704766 0.9402921931522571 0.589405170344138 0.7327322153145149 0.3401544440572265,52.78173746866285 -27.81318619781995 667.8314400735263,0.69
19,401,13,0.0,0.7038591667005272 -0.710015918184621 0.02143990149439412 0.1444566763260572 0.17262549091573307 0.9743370610578923 -0.6954958965489793 -0.6826989349710104 0.2240705738667614,-7.055842045443801 -20.05092945315919 708.4258052327017,0.69
19,411,13,0.0,-0.6869671340466574 0.6085985021116065 0.39709447234534856 0.5759641178345822 0.1228021876922758 0.8081985880122675 0.44310438014846265 0.7839180352087203 -0.4348919663177816,-0.3939926831320027 -40.75441440543755 444.1154054189666,0.69
19,426,13,0.0,0.15768259397577034 0.977304937794131 -0.1414611541034591 0.23780465507464416 -0.17661844758332113 -0.9551203432018855 -0.9584284770299254 0.11696573231706697 -0.2602573185937913,-9.21080503491205 -45.32613367114631 557.7547231455251,0.69
19,435,13,0.0,0.9496369946902805 -0.30655830104617976 0.06489673624529935 0.22745473676752426 0.8168252218608889 0.5301517703959178 -0.21553171701081114 -0.4886906639087649 0.8454155865435544,-121.40179601793426 -96.15172112651659 828.5069582546287,0.69
19,445,13,0.0,-0.08537512068862374 -0.9928667576561356 0.0832267403470508 -0.1349136187137811 -0.07124231845362794 -0.9882928956270528 0.9871724288354875 -0.0956040459538422 -0.12786892563989194,-32.23682935140116 -82.78880416997634 822.860951278083,0.69
19,458,13,0.0,0.9999401589142335 -0.010630733034125137 -0.002581880271149803 0.0036428751243333508 0.10102822751597186 0.9948768902260267 -0.010315427834360787 -0.9948267611801253 0.1010609083100677,90.4977806744004 -55.70697401748767 711.8846244836416,0.69
19,467,13,0.0,-0.5768932343674193 -0.689699212450765 -0.43761763274106313 0.1603900436663383 -0.6209768760064391 0.767243607570629 -0.8009177423642254 0.3724281350946484 0.4688582452683475,15.544987362975153 -46.66957196402119 536.3859024262918,0.69
19,481,13,0.0,-0.4188362328384418 0.6756411819202528 0.6067002582454588 -0.3114964590041965 -0.7344878153320458 0.6029076257243771 0.8529631680732466 0.06353457658757539 0.51808994536498,21.989229777114357 -17.708858605230514 435.2281844957739,0.69
19,488,13,0.0,-0.9948252219237564 -0.08570669944470218 -0.054563169763533044 -0.03610607200891143 -0.20375292916173326 0.9783563233413995 -0.09496909701811396 0.9752636082251348 0.19960402070914018,-105.53128444780998 -63.19086176932985 744.5142502927037,0.69
19,494,13,0.0,0.18645417477988413 -0.9782389104385149 -0.09101359684805116 0.05987937013187328 -0.08115073501520548 0.994901512331297 -0.9806371916971957 -0.19095337732168827 0.04344543646550714,-94.36456484293917 -19.66524098552808 608.7276661592477,0.69
