scene_id,im_id,obj_id,score,R,t,time
8,1,22,0.0,0.0686226291862595 -0.3558290266917983 -0.9320282391253677 -0.22271639333138113 -0.9161172491477836 0.33335655679071236 -0.9724650856997529 0.18470216451754268 -0.14211533174681668,-0.09209885158240164 66.32032703703233 733.2118905732412,0.69
8,12,22,0.0,-0.0011129981865264371 0.5860393359791709 0.8102818385723138 0.26903636401186315 -0.7802317267280288 0.5646750281766273 0.9631293766022886 0.21862376195668007 -0.15679749562284417,-57.55657421328052 46.76070525785494 736.6512671682268,0.69
8,18,22,0.0,0.06774798571658547 0.9364887145343275 0.344091699959747 0.2613303026781339 -0.34949951491013653 0.8997536118181102 0.9628689855496959 0.028965093257615038 -0.2684107673679975,-73.83214041884305 15.760388955760481 748.9419038489763,0.69
8,25,22,0.0,-0.020660662412234188 0.9873478010321705 -0.15721786420640987 0.20804535491184983 0.15805493771343326 0.965264609816399 0.9779009496509807 -0.012765440115411975 -0.20867864339785636,-71.53287171777639 -24.195480039696225 763.9816547451849,0.69
8,34,22,0.0,-0.031101998409806576 0.6159623569128063 0.7871613815230885 -0.24650077559910055 0.7584900110107736 -0.6032663349018568 -0.9686433984310008 -0.21279867965590837 0.1282446436025456,-31.950004507203317 -57.90237401633667 764.8496925727142,0.69
8,46,22,0.0,-0.024263447116046666 -0.44870868474437775 0.8933486449136292 -0.28400987069329153 0.8598857634266577 0.42418730203170146 -0.958514307917637 -0.2434275869558023 -0.14830148827995174,35.32266165305865 -49.93112853899263 774.2883449372573,0.69
8,52,22,0.0,-0.0031297932797823003 -0.8511392750873042 0.5249306037924287 -0.27306533463598115 0.5057105706442193 0.8183472012286945 -0.9619903988159991 -0.1407790934143131 -0.23399940051905835,57.82423286617395 -22.608552380867327 779.511432606751,0.69
8,58,22,0.0,-0.042875963424507946 -0.9989458548050973 0.016396064409912148 -0.2724525023605038 0.027479984684367298 0.9617767331346954 -0.9612134444117604 0.03676995525508153 -0.273343528682534,62.23210292650248 12.394527438036983 761.1175839888086,0.69
8,68,22,0.0,0.04589556489782476 -0.6846172993132882 -0.7274563564941124 -0.2714208450990122 -0.709374222246722 0.6504759316512766 -0.9613658627018372 0.16759285871670626 -0.21837653660298428,28.135538673216914 58.29233182607706 738.2745841413723,0.69
8,84,22,0.0,0.0693451005039909 0.5012815235161686 -0.8625010673717455 -0.4505429099789462 -0.7556477444465668 -0.4754025374148937 -0.890057494381006 0.42156057749050146 0.17344836753939286,-56.377735170924126 32.258362393464104 730.6371602319008,0.69
8,92,22,0.0,-0.017182560982283934 0.9606379602972195 -0.27727147136712094 -0.4598198308161537 -0.25383919202769056 -0.850959098769696 -0.8878459792026396 0.11287326444613582 0.44608199177615193,-75.32250919148319 -5.485466019571666 750.7732694913797,0.69
8,100,22,0.0,-0.003279545194946887 0.953684406203168 0.3007911201286121 -0.422901767791692 0.2712479964509843 -0.8646262887629479 -0.9061695974716742 -0.13004067742917041 0.40242525123528994,-62.3885232671125 -44.51750830184979 762.5033759132774,0.69
8,115,22,0.0,-0.06910815824100741 -0.11230582590531321 0.9912676046014322 -0.42101571746176536 0.9041046739093525 0.07307875385786616 -0.9044168442232214 -0.4122889036622125 -0.10976352673962347,17.325563814586587 -70.304642494455 791.802876292107,0.69
8,127,22,0.0,-0.0006921981921622633 -0.950908770795035 0.3094705648147137 -0.47094328515808476 0.27331366329187845 0.8387562599602367 -0.8821632179059459 -0.1451624988867603 -0.4480132876274742,63.12363956458367 -19.213454144389978 783.5422660185917,0.69
8,136,22,0.0,-0.017470375276061767 -0.9049493714390335 -0.4251604651420583 -0.47975237816638344 -0.365490268403477 0.7976556395751575 -0.8772299821776571 0.21790708761867328 -0.4277663609192931,49.52826895051231 25.684207462219828 739.4084288190198,0.69
8,144,22,0.0,0.030938387686454072 -0.4562983497514498 -0.8892888350707358 -0.5878457906371516 -0.7278797768707278 0.35302741657384296 -0.8083811864445787 0.5118425992790392 -0.29075249090202493,10.306692844535057 31.65771779580217 722.1690622613283,0.69
8,155,22,0.0,0.03455504358490613 0.47611035699046 -0.8787063655904981 -0.5994860526718887 -0.6936132763854462 -0.39939591319106404 -0.7996389320279014 0.5405733537534598 0.2614536815518459,-52.66430991879026 20.77424041012397 736.7733988078794,0.69
8,165,22,0.0,-0.0037598784901576865 0.9806004703091994 -0.1959810729206169 -0.5963800639117002 -0.1595137840110346 -0.7866931880213259 -0.8026933926988657 0.11392133399788612 0.5854103236002304,-76.13337418902287 -21.910179154617307 762.7474728248144,0.69
8,172,22,0.0,-0.009641709701073642 0.9465551709816489 0.32239780663326756 -0.5883686080467212 0.2553240670109136 -0.7672235670716654 -0.8085353538956748 -0.19708609563565888 0.5544615878560825,-63.017833334196816 -51.92546900926099 778.7097090713969,0.69
8,178,22,0.0,0.02658857717017113 0.5736943372687145 0.8186378044959054 -0.5800367330250938 0.6758245948935706 -0.45477302611139664 -0.8141562724106729 -0.4627482299509654 0.3507330035391688,-37.179102479363635 -71.62398348118529 806.6602688246891,0.69
8,194,22,0.0,-0.0295998151455954 -0.7281643803657198 0.6847630875784368 -0.6182088768508589 0.5516594170795297 0.5599014843079747 -0.7854563231180626 -0.40675363884553123 -0.46648670051757424,51.82431499160672 -51.54965599651784 792.6558045767699,0.69
8,207,22,0.0,0.03809196255014513 -0.9500701553244858 -0.30970260307395914 -0.6204605215577083 -0.2654334084755361 0.7379524692372784 -0.7833120346180158 0.16404818080907524 -0.5995919035442503,52.617256555310135 8.12897003036737 751.5199722369761,0.69
8,216,22,0.0,0.058226798575839456 -0.4882177140898943 -0.8707772984962616 -0.6925263037208436 -0.6480064281379597 0.31700944425463023 -0.7190389131210877 0.5845777388343845 -0.3758349487167518,13.07009565259729 13.631872167126513 722.7244210145442,0.69
8,228,22,0.0,0.052221411080468294 0.499940484085012 -0.8644839134406198 -0.7307560550642954 -0.5708794183310886 -0.37428902964530836 -0.680638312330149 0.6512727555324282 0.3355224071348514,-53.91948141614643 2.9747938240078 732.4812583870248,0.69
8,238,22,0.0,0.021420087450275738 0.9880557950934056 -0.15260054271188045 -0.7184526571868745 -0.09093112785186111 -0.6896066337911111 -0.6952459703117608 0.12440769980160554 0.7079235587232082,-76.08970749720781 -33.50265200169944 774.1053670313507,0.69
8,263,22,0.0,-0.018211278542984766 -0.4880105237927495 0.8726477399279482 -0.6869553837719441 0.6402711202084326 0.3437225528442665 -0.7264713690439359 -0.5932104359285707 -0.3469016123699404,35.88950861381454 -68.3994708446812 801.278661995064,0.69
8,272,22,0.0,0.03451157588009324 -0.9636019078539614 0.26510434607995004 -0.7172676211830361 0.1608359366579295 0.6779815344696304 -0.695942605918549 -0.21354897485020097 -0.6856097465816303,64.06358781494664 -36.11139730056581 791.6932967432591,0.69
8,280,22,0.0,0.02332139233213537 -0.936094475387719 -0.3509747082173902 -0.7606775509190251 -0.24442041276239734 0.6013554068542939 -0.648710857152495 0.2529541361070239 -0.7177662773067739,52.43177507202596 -4.365556726121274 754.4706655454758,0.69
8,288,22,0.0,0.056971800682283025 -0.46586915797923756 -0.8830176337824374 -0.8169887884436737 -0.530108708563787 0.22696712683155704 -0.5738323217494432 0.708484780887035 -0.41081112663497,11.125456786613773 -3.2487919956232694 728.5312838833275,0.69
8,303,22,0.0,0.04615766074058775 0.7334951543021461 -0.6781255997012848 -0.8345328503981181 -0.34478568187107345 -0.4297414980928547 -0.5490213037408919 0.5857539519217686 0.5962113013409598,-65.51480902320736 -21.305334868593835 733.8631344956782,0.69
8,309,22,0.0,-0.013679357942017162 0.9890545585769619 -0.14691478933186156 -0.812690098875422 -0.09659656207655307 -0.5746337158441432 -0.5825355597353273 0.11153557438378886 0.8051162259517115,-78.17431967493053 -43.30147315435693 799.0853580700791,0.69
8,319,22,0.0,0.04551145004735231 0.9052475628348793 0.4224400050848626 -0.8029551102412849 0.2847266528014373 -0.5236352013777302 -0.5942994185189766 -0.31536896354270694 0.7398314794478574,-52.83538558838547 -67.52530677491194 816.4816842740412,0.69
8,333,22,0.0,-0.1033666789412856 -0.40364286130046934 0.9090587275890483 -0.771456212161442 0.6094336743255026 0.18288222799287396 -0.6278301063203082 -0.6823950740731408 -0.3743879277948786,35.01654122571694 -79.30173041564804 876.4558718671395,0.69
8,345,22,0.0,-0.06736659574882786 -0.9977282900700641 3.116215844900516e-05 -0.7607849404696232 0.05138839192573619 0.6469663882536084 -0.6454982696582895 0.04356021543969946 -0.7625185187908561,69.95756326118007 -41.41873392354252 830.1877226238354,0.69
8,360,22,0.0,0.05625670228673818 -0.4910259831409322 -0.869326559658856 -0.9011199392225944 -0.39988521347532224 0.1675549795716731 -0.42990468546328864 0.7739414060019512 -0.46496952748802145,14.510668265211066 -20.715421907258072 726.4616831369005,0.69
8,375,22,0.0,0.10248921629807567 0.6832317319484934 -0.7229732782069257 -0.8464975498611159 -0.3218114927154562 -0.4241217528438949 -0.5224345496057227 0.6554630146811582 0.5453717793976453,-62.37166428437263 -34.67407375638666 730.3110704913396,0.69
8,381,22,0.0,0.17534154154492987 0.9837980693601913 -0.03737248361840462 0.03488230006239684 -0.044144832444790616 -0.9984159748876107 -0.9838895105401848 0.17376015795222338 -0.04205756242834102,-70.34477444857916 -54.79186756003382 764.9262816664369,0.69
8,389,22,0.0,0.040650190123250385 0.9282829552336478 0.36964620526339653 -0.9382906128755042 0.16263021528560936 -0.305224735016458 -0.34345056097297944 -0.33442812097495894 0.8776101321592088,-60.66454302263732 -61.505959346874086 813.4361098896305,0.69
8,410,22,0.0,-0.1223709335994625 -0.7301256723190916 0.6722662100913522 -0.8749537295407226 0.39909900367551454 0.2741823415685104 -0.4684883411279045 -0.5546498786494104 -0.687664297707405,58.16058519596524 -74.0333542254911 910.9285489897718,0.69
8,417,22,0.0,-0.011400124747220186 -0.9942173152609668 0.10677999433893517 -0.8891486634717474 0.05893478084451831 0.4538076088533706 -0.4574764380841412 -0.08976982589981891 -0.8846788609183353,66.68379212676759 -48.36782476795732 803.4122195061739,0.69
8,425,22,0.0,0.015300645947069924 -0.8990099869173654 -0.4376607517889185 -0.928688499741971 -0.17498846122794298 0.3269812057046768 -0.3705449509581934 0.4014474833149606 -0.837577672493408,49.24449362042756 -28.185063862214466 743.4487666318423,0.69
8,432,22,0.0,0.06684877391051292 -0.4776948760803442 -0.875978793575076 -0.9705253296385293 -0.23486778452328838 0.054015815490891406 -0.23154227682366108 0.8465487163534693 -0.4793156005009731,15.602861482208857 -36.887453943958505 733.3199467404982,0.69
8,441,22,0.0,0.10842468189872584 0.25073224441641767 -0.9619653995675035 -0.9763890509070055 -0.15501047768117893 -0.150453225548574 -0.18683819102120852 0.9555653266098341 0.22800525642397812,-37.185779003475105 -39.321177087307376 743.9053061732501,0.69
8,451,22,0.0,-0.15238375667120468 0.9864113753426027 -0.0614148947527038 -0.982112762123736 -0.14417948665439806 0.12110655680746617 0.11060611726508106 0.07877102400495282 0.9907378122393198,-87.35107727395429 -63.55837808535358 1002.1145329050424,0.69
8,459,22,0.0,0.05660795181165871 0.9876732356588428 0.14593532593200634 -0.9734721646479413 0.08705870045784564 -0.2115956694505879 -0.22169231932419373 -0.1300859801738185 0.9664006174019532,-70.77454274274558 -65.74995976929891 877.0921088459595,0.69
8,465,22,0.0,0.05480127318899325 0.9495938103397751 0.3086558209741928 -0.9887116203616276 0.008434958171511448 0.1495933930443779 0.13944946116335555 -0.313369505288936 0.9393366813535059,-59.63161064037099 -77.54573041920294 1056.0872602906013,0.69
8,479,22,0.0,0.5222374135106692 -0.8516659409291555 0.04396827254899732 -0.16800516423123713 -0.15329324766815416 -0.9737943545795412 0.8360875245578789 0.5011649481763528 -0.22313974544682097,97.65881667021468 -26.785027960229854 754.181377680747,0.69
8,484,22,0.0,0.8205175790819201 -0.5638503533782898 0.09393445274617274 -0.06819336284313329 -0.25971181338476534 -0.9632753704172766 0.5675390450723985 0.7839786687044327 -0.25154896011459765,75.92910158620606 -18.11862493807127 716.6595830643992,0.69
8,495,22,0.0,-0.001222115013188696 -0.9654276071913622 -0.260668451692289 -0.9859420178017205 -0.042390142922784646 0.16162120317599904 -0.16708334437629083 0.25720149893759675 -0.9518038374456614,56.75629796767627 -42.46070704985438 758.9528564011246,0.69
10,5,22,0.0,0.40216190644086236 0.9149158410337039 -0.034565949045862174 0.8831881169119189 -0.39761391476941854 -0.24876077851485418 -0.24133907920896225 0.06951387348815853 -0.9679479687665254,-57.049165777265 -57.3331102946477 797.5202307326308,0.69
10,13,22,0.0,-0.286533469658692 0.9579436341351331 -0.015574485074194233 0.9229523548004628 0.2716332263637573 -0.2727165948443497 -0.25701657832449737 -0.09251693982828753 -0.9619683437157257,6.838289911167636 -69.17892452741148 793.4840194514777,0.69
10,20,22,0.0,-0.785446860145333 0.6188368738779716 -0.010684260235373139 0.6015941302304638 0.7592773739027056 -0.24815795766338541 -0.14545697769474425 -0.2013424769102398 -0.9686606602064318,58.13940713869343 -46.55840776006267 793.6098249570928,0.69
10,29,22,0.0,-0.9933346020787885 -0.1148191656982649 -0.010145319183206727 -0.10825459394142907 0.9595172167732823 -0.2600147180569411 0.03958928142251466 -0.25718333908713575 -0.9655513548705943,86.69360886158913 17.023726664568652 765.4638327130629,0.69
10,35,22,0.0,-0.8037881636232334 -0.5949156140842183 1.174681212445794e-05 -0.5708842354137703 0.7713139060801784 -0.2813646176109789 0.1673791437880631 -0.22616425536794021 -0.9596009336274325,75.81355291725521 62.89131027081363 756.3223723058405,0.69
10,45,22,0.0,-0.06988691680772552 -0.9967702418174018 0.03955886609078224 -0.949171143794858 0.05424457285019468 -0.31005107015371014 0.3069038263793253 -0.059216647520593996 -0.9498965364765527,11.462560334325147 108.12930278202187 738.2571368289948,0.69
10,54,22,0.0,0.655661414091237 -0.7534504983222435 0.04919813665010453 -0.7178188128026078 -0.6422118353007733 -0.2688867988322731 0.23418851820389086 0.14098335071055568 -0.9619144622906397,-58.71591916018642 93.98089342815797 735.0495510426007,0.69
10,60,22,0.0,0.9420999846815309 -0.3328401838679259 0.04080478974122916 -0.3086415931480052 -0.9082449477407095 -0.28254465466990747 0.1311029589373249 0.2535912595225657 -0.9583858759662712,-91.98041583831812 60.45095869128026 756.7697774009041,0.69
10,65,22,0.0,0.9942168885324466 0.10632599156903566 0.015085160712525008 0.10634040900301492 -0.9551330030074541 -0.27642840660654683 -0.01498318957808558 0.27643395247838903 -0.9609161118158249,-101.8312635804537 22.75861669280326 769.5437293964326,0.69
10,71,22,0.0,0.7991893633226504 0.6009611378791232 -0.011919409002350834 0.584055382167474 -0.7810878172881466 -0.2208645110588043 -0.14204109304402612 0.16955097299357594 -0.9752316624493843,-90.77140433330463 -23.58139548677551 786.539407846072,0.69
10,80,22,0.0,0.20431240225284863 0.9789055987964178 0.0005205100355078762 0.8711962393803131 -0.18158930074924784 -0.4561166937780283 -0.4464006661904423 0.09364376379891004 -0.8899198226392664,-38.53939719020037 -69.39588169058017 816.1009205624389,0.69
10,103,22,0.0,-0.9707608974680945 -0.23925690449290615 -0.01947854202480688 -0.2074636876799799 0.8770401951554124 -0.43331202888447445 0.12075635900921962 -0.4166012838845174 -0.9010334466736561,87.872710774297 20.005562751474148 770.5946157697308,0.69
10,129,22,0.0,0.8128049218157939 -0.5813201734809427 0.037616684810172454 -0.5107219106701822 -0.7421764011974139 -0.4339784781150486 0.2801986599422268 0.33352817783470995 -0.9001375814601001,-74.55886022012788 68.60020733664524 736.9598322617904,0.69
10,136,22,0.0,0.9998183067033499 -0.01672190431765211 0.009150491617191782 -0.01160067615838261 -0.9146876905763445 -0.40399486756737607 0.01512540556525155 0.40381531251811725 -0.9147154833511795,-101.45265211966726 23.857584061709208 772.9622232431966,0.69
10,145,22,0.0,0.6711365901957218 0.741333599534059 0.0004141284047377014 0.6067418999976865 -0.548968253982671 -0.5748896615059408 -0.4259576787518423 0.38608075621700333 -0.8182308388170475,-81.18091073337231 -46.27638030588661 813.7765135474284,0.69
10,160,22,0.0,-0.5301011895590716 0.8473226857306393 0.03220240789558304 0.6768983131296171 0.44574245171692195 -0.5857664555261479 -0.5106871865538982 -0.28871773929498 -0.8098399005396436,31.58681398805225 -68.6527785381455 844.655753166157,0.69
10,168,22,0.0,-0.945967760078588 0.32375731989978374 0.018060861087118185 0.2547304791925987 0.7764377701882627 -0.5764171857217546 -0.20064241790361315 -0.540671422248659 -0.8169559555455876,79.52912700583157 -32.019496494510804 807.7261961980461,0.69
10,176,22,0.0,-0.9247301320104685 -0.3803896787527981 0.013336988049952536 -0.3136501432356423 0.7416986324412957 -0.5928800268882168 0.21563341716942344 -0.5524371737429106 -0.8051803515155984,86.68621232562205 19.66685957163378 766.2355977066734,0.69
10,185,22,0.0,-0.39097804593876795 -0.9195019536217106 -0.040648799241310485 -0.7346194956069907 0.3383626065247599 -0.5880858297730884 0.5545001030369909 -0.20006724817327984 -0.8077764120970219,43.68963343124856 65.35508581351596 728.4188228237635,0.69
10,196,22,0.0,0.5078992594794449 -0.8612849249778606 0.015053910658453629 -0.6710816157618599 -0.4065723703718479 -0.6199583636315174 0.5400812968495421 0.3047739911083263 -0.784490284922139,-44.48224952558827 69.77807906390909 718.8687552733992,0.69
10,208,22,0.0,0.9997419284932784 0.022701065990449 0.0008590782495489311 0.018915783044270267 -0.8109069839932432 -0.5848692644196686 -0.012580523215020338 0.5847345764651509 -0.8111271204452216,-102.27885819162712 9.559845906038055 779.3972037828834,0.69
10,212,22,0.0,0.9287739788179612 0.37037017656480914 0.014311833635335044 0.31722429139525227 -0.7743438966562167 -0.5475036791292334 -0.19169675328349595 0.5130472317658663 -0.8366808786855046,-100.22058437288919 -17.08653313732409 797.8248270840096,0.69
10,217,22,0.0,0.6881527797541438 0.725514691243177 -0.008613042839964391 0.5007555212066269 -0.48349152415255353 -0.7179692570394086 -0.5250615770533253 0.4897595112531847 -0.6960215236896893,-83.39898618344591 -46.14779399182938 824.6412385730213,0.69
10,230,22,0.0,-0.31876122543351604 0.9472091401182432 0.034440180553843236 0.6485332277321341 0.24445912788592594 -0.7208636398935602 -0.6912278449885125 -0.20744777576467466 -0.69222069215159,12.001114926134969 -70.89782468910678 869.2250518907709,0.69
10,244,22,0.0,-0.9988393821099378 0.039881222301007345 0.0270069778763792 0.007377755009434529 0.6807820932882427 -0.7324488447592085 -0.04759682213402871 -0.7313995006601085 -0.680286199299152,87.48607169861428 -16.337441335901623 793.8282227937067,0.69
10,252,22,0.0,-0.7615393568124389 -0.6474658231579243 -0.029082913680174904 -0.44498805919850926 0.5549590392282174 -0.7028556693586806 0.47121485035643895 -0.5223107050610071 -0.7107377098355151,76.53115198402931 25.336227429049597 743.9604611481386,0.69
10,269,22,0.0,0.5472841741213849 -0.8357268674364272 0.045173397051477715 -0.5411982770492213 -0.3945481060662106 -0.7425875146530009 0.6384234156695918 0.38195863001699915 -0.6682238751199397,-48.11966464226265 49.62734716397315 714.5623459833762,0.69
10,280,22,0.0,0.9974403057269915 -0.03987257621690754 0.059354984433268615 0.016088593662610777 -0.6836608633793727 -0.7296224921405112 0.0696706083309602 0.7287098198523181 -0.6812694069056648,-101.79328429136444 1.9515300987386794 778.8700987432758,0.69
10,287,22,0.0,0.7977591323072173 0.6023159683578432 -0.0282106554618817 0.42934100316217944 -0.6002616838534203 -0.6747979059697429 -0.42337532973016834 0.5262142008332824 -0.7374631821435298,-93.2301537536319 -36.95822211438926 826.4270473916849,0.69
10,301,22,0.0,-0.23511058543986585 0.9681190886948373 0.08642015227249827 0.5261800804104942 0.2015312992335363 -0.8261474798172838 -0.8172255108556816 -0.14876345496768117 -0.556787121683637,3.692119099521652 -66.98642487887511 878.3606266126693,0.69
10,310,22,0.0,0.04078888071835485 -0.9726222749393714 0.2287841286049044 -0.7584982381928513 0.1189071425789171 0.6407351356856102 -0.6503973323039418 -0.19966722749484614 -0.7328821927134246,94.4195282709905 -11.887085906684995 724.1439870582265,0.69
10,315,22,0.0,-0.9657487560571639 0.2077434380847281 0.15547348361305013 0.0002916930444912813 0.6000444511507936 -0.7999666065269917 -0.2594788143359847 -0.7725214046069402 -0.5795527795938105,106.88703436966122 -34.06759124403265 953.9461530078403,0.69
10,325,22,0.0,-0.7116718707622112 -0.7016555307838168 -0.03467945337364631 -0.3658578127734975 0.4123184904092524 -0.8343509593086275 0.5997259450769218 -0.5810963591239536 -0.5501416292323986,71.03790398718704 15.287355111442961 732.1232279322918,0.69
10,342,22,0.0,0.621357579402629 -0.7803602373476808 0.07037512689563802 -0.3741174664103673 -0.3744041303927034 -0.8484442636211121 0.6884409051222868 0.500858709729156 -0.5245852390630636,-54.91620104134647 28.319878062408826 718.2752133022236,0.69
10,346,22,0.0,0.8449038956580719 -0.5325614465099726 0.05015688181116518 -0.24013687580135998 -0.4614115706125377 -0.8540688750828198 0.4779871211467688 0.7095616028197105 -0.5177360754494007,-79.91417813746766 16.221008746329368 735.3566309320701,0.69
10,355,22,0.0,0.9730075244760623 0.2284691575473985 0.032530007109538184 0.16115217162779066 -0.5717813127511144 -0.8044228415256862 -0.16518575874636318 0.7879517589536775 -0.5931658205503703,-101.70529559058885 -21.69083804943385 802.2322248674816,0.69
10,366,22,0.0,0.0020796020697346485 0.5663195834505861 0.8241831135467327 -0.9002343672708173 0.3599116747832969 -0.245034018738611 -0.4354006881479898 -0.7414483904865108 0.5105688249445123,32.3574390938906 -81.6351680413491 934.3715096900299,0.69
10,374,22,0.0,-0.04605693081516027 -0.5383277874429837 0.8414760557440891 -0.906103998053756 0.37714045260459594 0.1916784383288836 -0.4205404901253703 -0.7536366978033529 -0.5051508921987282,94.51148571206403 -56.12480428648306 831.7035322946934,0.69
10,382,22,0.0,0.058127980436165405 -0.9610425471785372 0.27021909703609465 -0.8900129748585582 0.0727235367506106 0.4500979802064242 -0.4522145978115178 -0.26666178900448445 -0.8511130640585275,98.28981306259386 -25.83648018197866 754.4066427872029,0.69
10,395,22,0.0,-0.0031143359564728135 -0.6433210129051582 -0.7655902136693176 -0.9129006691200546 -0.31066488325849495 0.2647634767677409 -0.40816990240793904 0.6997323807461442 -0.586320668323765,16.18005613039763 3.2237989745432 685.9671809576491,0.69
10,415,22,0.0,0.6628663676272966 -0.7463868532267631 0.059286119782319346 -0.24536036533676286 -0.291347618999108 -0.9246160587105119 0.7073941403421458 0.5983504242781155 -0.3762582889130758,-58.21018314058334 7.617231089180738 719.605929666578,0.69
10,417,22,0.0,0.7807925839161576 -0.6227042663519811 0.051013111731896765 -0.2124355032576018 -0.3413754760686481 -0.915605778320885 0.5875662497601606 0.7040612054402265 -0.398827934248387,-71.25963214358433 3.0524343233868603 730.518427184232,0.69
10,431,22,0.0,-0.02165930843264138 0.8698690001931191 0.49280705845314643 -0.917787509940952 0.1781802709590572 -0.3548490913576415 -0.396480719524426 -0.4599779489757962 0.7944956422167546,-29.508287978890507 -79.10221079818756 908.3585697863648,0.69
10,441,22,0.0,-0.7461793842153438 -0.633687102435364 0.2041004232702198 -0.6642411228600243 0.688049603361146 -0.2921839728941735 0.044721999884444974 -0.35359355130098413 -0.9343294618092132,-16.631920545689372 -30.40696876015908 780.2799723514566,0.69
10,450,22,0.0,0.04723135252722588 0.9850405871805764 0.1657233868390154 -0.9828269440643752 0.07545634401278709 -0.1683969660335512 -0.17838272718940587 -0.15492379337974188 0.9716883352625474,32.875631106136204 -46.23065314867726 825.2869687233858,0.69
10,457,22,0.0,-0.02733773696196523 0.671440487826304 0.7405540624730738 -0.9336612268236251 -0.28180971979479985 0.22104297173938775 0.3571125336137082 -0.685383799879127 0.6346019895960359,68.05212341734547 -41.50481950986257 1511.1925745446563,0.69
10,465,22,0.0,-0.05528842619021068 0.20534688713441368 -0.9771263203258913 -0.8139731042880058 -0.5760405616398055 -0.07500037894200545 -0.5782654887032053 0.7912078913218092 0.19899521925146757,7.0340793703235285 -3.548475723863614 864.371341161066,0.69
10,475,22,0.0,0.053077451045910995 -0.10378927973782409 -0.9931820425289482 -0.9815951630500239 -0.18813625284241303 -0.03279765606278939 -0.1834495027719248 0.9766435049586517 -0.11186484771729788,-55.47476064532752 -24.260056072229794 698.7596194648969,0.69
10,482,22,0.0,0.04581578533128411 0.509141102270133 -0.8594627692888341 -0.9652201789802802 -0.19912187862164765 -0.169412170588366 -0.2573925404974928 0.8373325596400392 0.4823103406137035,-100.07457877019702 -36.22039195074196 743.4039636219162,0.69
10,496,22,0.0,0.9886682893263673 -0.1391725619330017 0.05626732342557846 0.023157965383300456 -0.22893789654394214 -0.9731655296841032 0.14831966262023286 0.9634409361922712 -0.22312068516652653,-100.66139106146251 -25.510121224430968 796.5879367036679,0.69
14,2,22,261.808120229209,-0.38222533337120335 0.799593623256307 0.46319955977647864 -0.8819458523403487 -0.46527864968939725 0.07541413450320175 0.2758175267616768 -0.3796917378493537 0.8830395665767248,-7.12136882792377 123.12650318345244 691.7785057974655,0.69
14,2,22,202.06190129275146,0.35889693312630927 -0.8313199174452034 -0.42438212291687 0.8932312045042222 0.17399293720035772 0.4145654026861484 -0.2707969842750569 -0.5278576064274269 0.8050064227347766,15.55443990258342 115.96350536717796 700.4476532406924,0.69
14,7,22,168.45967861579547,-0.02712102892397783 0.7340452445014106 0.6785587880316408 -0.9674142964252969 -0.19022099991893998 0.16710939609066483 0.25174198867501785 -0.6519152937419885 0.7152848529944167,-53.62860833711154 111.90034217869808 699.3300294306956,0.69
14,7,22,121.79758747310274,-0.18901364153644518 -0.9818279736319054 0.016960940628355473 0.94524775136897 -0.17723764735362 0.2740319413726432 -0.2660461084944452 0.06782806612620054 0.9615710174503709,-22.13741012049744 115.42482577985187 697.0809210162283,0.69
14,12,22,181.46413833797217,0.44659769295140683 -0.3319455583004122 0.8308806454450053 -0.8451005142568175 -0.4614926551636639 0.2698696908377337 0.29386326999702317 -0.8227008420772518 -0.48662891713505624,-80.7516908917814 94.15251809719457 711.087005191249,0.69
14,12,22,173.58027822248633,0.3943284883052719 -0.3490810444136739 0.8500867413046376 -0.8858627292579231 -0.39045221757491283 0.2505878901753568 0.2444427708535944 -0.8518741046785561 -0.46320431944825985,-75.52091393408841 91.02592621894665 700.8915095440929,0.69
14,20,22,360.67527744744297,0.8864721908605611 0.07136242917796698 0.45724660581867255 -0.39084076754288777 -0.41363072008887247 0.8222853043957719 0.2478115196219966 -0.9076436696747134 -0.3387807840507727,-123.36396926163825 24.537308789343424 727.7189102304709,0.69
14,20,22,44.90828100438368,0.16981489969654007 -0.5579765629124992 -0.8122961621732604 -0.41824212359231594 0.7055450572210504 -0.5720836462301073 0.8923208088428981 0.4368847988558293 -0.11355723946388288,-107.11092323044032 49.144989923470206 879.7012836370291,0.69
14,28,22,366.81272797700916,0.9654358183504734 0.0008586746344897561 -0.2606394891873127 0.2432440994476468 -0.36218418725074686 0.8998082699049943 -0.09362685901948511 -0.9321061512421147 -0.34987445475021095,-102.45418286702987 -50.59994330428349 763.4045635403967,0.69
14,28,22,109.15982013414042,0.22517958599474663 -0.9628217117796009 0.14922635617421515 -0.9330097603795954 -0.25721231979717296 -0.2516636834765137 0.28069011576406566 -0.08256012276127031 -0.956241018280433,-102.51982904166664 -38.536862826321546 899.8257076389399,0.69
14,34,22,332.1083130725701,0.7074873068129198 0.14986553625226096 -0.6906533368792361 0.7016971969118475 -0.26533423433707704 0.6612252172556738 -0.08415910256566017 -0.9524379586789784 -0.29288082955830913,-62.24481122043196 -93.07069314948137 793.3779712994625,0.69
14,34,22,81.52673567487255,-0.613823291844734 -0.7793888622657563 0.12559445754086554 0.7775976367289923 -0.6243690488992625 -0.07419707629089174 0.13624566687561265 0.0521180597559068 0.9893032023120613,-43.50771126107922 -68.47892103706351 681.4230085690031,0.69
14,40,22,267.72179974663305,0.32737374067553937 0.27328589795839914 -0.9045116095955734 0.9271405026736956 -0.2776011114074043 0.25169050686774086 -0.1823099619276758 -0.9210062111204489 -0.3442537390639121,-3.7903499187842478 -108.51527753965813 825.9970876936653,0.69
14,40,22,177.76948800742804,0.296565206140481 0.04159304795406121 -0.9541064389619982 0.8640015865696782 -0.4373264238271465 0.24949320116515822 -0.40687877422142965 -0.8983404796537058 -0.16563226045555463,3.371732688538767 -85.7954259238579 730.0880935825332,0.69
14,54,22,259.9557395200385,0.8006539442783533 0.5175963236912627 0.3017404633336481 -0.5439627630039369 0.4169223769925015 0.7282034358804175 0.25111307010316686 -0.7471745293197647 0.6153636719527323,90.16698303402627 -26.080942297409415 717.5457673416918,0.69
14,54,22,51.966243739618115,0.7998242854320594 0.5279140217590341 0.28563595373008943 0.01803635983723917 -0.496797334201099 0.8676791448770123 0.5999631673335601 -0.6888390191916276 -0.406872220091516,197.1125640790918 24.269276839572463 1624.3872145256873,0.69
14,65,22,287.85402150229123,-0.9190312922456192 0.3602195101988829 0.16007307189350806 -0.3932804776526283 -0.8654043649203158 -0.3104927552684369 0.02668238689974746 -0.3483061722808567 0.9370009928385301,75.58487158956639 94.85626401168233 720.3375977315101,0.69
14,65,22,35.447500646606066,0.6584995277696446 0.09098186208544394 -0.7470613580547584 -0.08967685363475307 -0.9761069493955304 -0.19792242233744622 -0.7472191337548347 0.197325933706689 -0.6346069980999718,76.35699016379043 103.76966955961376 768.4662564622101,0.69
14,74,22,41.86182468435827,-0.3543207087371147 0.5563681956241328 0.7516057917937935 -0.7381358955476499 -0.6598629714746479 0.14048579494282204 0.5741186593937679 -0.5050101877928748 0.6444784520535249,-5.823087904664938 98.06913146312185 559.0399248089411,0.69
14,74,22,37.63843089870454,-0.631606245488477 0.2913159204540549 0.7184765724433583 -0.5895636574013599 -0.78228986025652 -0.20109019969000524 0.5034761608373145 -0.5505975018376319 0.6658484410424615,7.987026453541555 100.59462589768474 620.0040180732152,0.69
14,80,22,226.98007427362185,0.16162390619349365 -0.15130123505101511 0.9751849307791802 -0.9580169262332193 -0.26118837586274246 0.11825481539809407 0.23681486861557377 -0.9533564750848553 -0.18716342969813393,-52.227939535945254 94.49233291848577 762.6682354640402,0.69
14,80,22,165.98511599856778,0.2257703656825253 -0.09659380877158341 0.9693798935848514 -0.9449228265059073 -0.26375224116678636 0.1937926913678238 0.23695694530371147 -0.9597418358009076 -0.15082113474522651,-52.8362945581878 96.52595960534835 799.860309393055,0.69
14,96,22,435.01123172117934,0.9924960476016477 0.011015337346581576 0.12177954605864341 -0.09617711065754364 -0.5446868735897028 0.8331063396257659 0.07550866758640926 -0.8385671541875559 -0.5395401458993658,-121.0854783420843 -22.276298521118107 756.8128347211808,0.69
14,96,22,154.31747162981523,-0.1361254273414637 -0.9822709410290165 0.12889401243298554 -0.8181383988972422 0.03809073481444836 -0.5737583604368242 0.5586764969827898 -0.18355624296456435 -0.8088186925311338,-117.79941801704707 -6.907998932312631 880.4561433649521,0.69
14,114,22,168.1005582980107,0.09678695541089266 0.05030196870170883 -0.9940331972358981 0.8835089093809894 -0.4642213954095391 0.06253401545107379 -0.4583058938162422 -0.8842896629435133 -0.08937281300564881,17.46414599386321 -98.62541205919406 770.5063751669477,0.69
14,114,22,26.856685283262255,-0.9614671596592258 0.10016252567272481 -0.2560241577423537 0.27162262495448014 0.4898914646108773 -0.8283884973333757 0.04245056548102366 -0.8660102894032329 -0.4982209631660138,114.49582977355387 -242.35039008268643 2436.731695907125,0.69
14,132,22,323.12856351997715,0.9886946979387838 0.14983194890725246 0.005760325892789131 -0.06428525603011151 0.3888654621766838 0.9190489966172951 0.13546291051383644 -0.909029174126314 0.39410120586259534,100.38799744752234 5.824061108257939 715.2816102781651,0.69
14,132,22,125.59869453077874,-0.028176417801762832 0.9915240304412216 -0.12683133105607775 0.9028483348028975 -0.029214854182104233 -0.42896547254849515 -0.42903493310393254 -0.12659616642187188 -0.8943726498634615,94.69710440973644 33.4047022170215 775.4653765035107,0.69
14,143,22,223.37209615545254,-0.7104141971773531 0.38860433616507734 0.5867694081686232 -0.6589950100766875 -0.6599771159538809 -0.3607710951714732 0.2470571697864351 -0.6429750199898104 0.7249454314127506,28.45300750126266 98.9345654938115 703.0205351090124,0.69
14,143,22,112.90613660919952,0.727442901480774 -0.36671051005154454 -0.5799570905704742 0.6350298378592122 0.03961660039909485 0.771471081766077 -0.25993062557870283 -0.929491219318695 0.26169093048042325,42.95330094072872 85.10067085168839 707.1188599576362,0.69
14,147,22,95.76846359306212,-0.8999865707892871 0.21638137638857402 0.3784220822720651 -0.1253346676515673 0.7030034470391108 -0.7000552653439585 -0.4175109501361737 -0.6774697435334771 -0.6055735736581265,-15.989581676808546 97.41759621948546 727.5535745151354,0.69
14,147,22,32.675032739250895,-0.42311616374327465 -0.5187484204474522 0.7428814092857945 -0.49275946916301927 0.8197837492549058 0.29179223774416846 -0.7603688693846915 -0.24259983664636564 -0.6024819513726554,1.1201245691183885 71.7953090154781 697.0520952144623,0.69
14,157,22,442.16828569006964,0.5290238668295746 -0.0709222913564801 0.8456380886132264 -0.7043239619287588 -0.592542535932834 0.3909233937272908 0.47335135468028494 -0.8024109743136821 -0.3634214128574518,-91.33265178289021 42.23129371833458 698.519318284281,0.69
14,157,22,92.51973757838343,-0.8454149636931783 -0.5028016288283634 -0.18017785993624966 -0.3028349419854816 0.7291207933073386 -0.6137376203880022 0.43995969937746815 -0.4642988162965981 -0.768675531098308,-86.79179146726537 54.99621778479582 758.9961052967707,0.69
14,166,22,478.12005384477084,0.9661922849064543 0.013965058967530586 0.257444063274488 -0.1843774473090346 -0.6605362430351982 0.7278027401437492 0.18021494252988393 -0.750664271672083 -0.6356301799977496,-122.34858395333539 -21.643936688084192 749.9388674302764,0.69
14,166,22,121.26352065684043,-0.1641008253361983 -0.9861518473484998 0.02398860344246817 -0.6713879703431822 0.09383982246197464 -0.735140993958824 0.7227095629659546 -0.13674290362372254 -0.677489679556901,-116.0309380918871 -3.223514970698219 865.0116904777904,0.69
14,173,22,402.38222871638646,0.9316989372459867 -0.0036196890203051 -0.36321341961179704 0.2735203575397728 -0.6509740770638854 0.708109712546112 -0.23900565756068187 -0.7590913310282359 -0.6055217971400925,-95.63534777610262 -74.86937821975629 797.0497993808706,0.69
14,173,22,188.17637580219142,0.31437041086434925 -0.9480424052964788 0.048855322459762096 -0.674457488236157 -0.259274005791416 -0.6912916074154574 0.6680406734137931 0.1843707885770951 -0.720922375144721,-89.57865407587293 -53.44953372391322 872.85215284177,0.69
14,181,22,313.7088525324568,0.5069606398287252 0.04187717846578071 -0.8609513410107419 0.7056544997137739 -0.5937722088149462 0.38663457045732896 -0.4950178145260562 -0.8035426970377896 -0.33056995831303543,-29.486526623117367 -109.90801861013566 837.4725921542399,0.69
14,181,22,70.27411132792966,0.7793658378460306 -0.6018720903318111 0.1741805892692163 -0.4857570302651517 -0.7559882185872651 -0.4387731998484343 0.3957638163684696 0.25735539675101016 -0.8815549905800514,-25.722008254383688 -83.14428192499744 873.4643925425444,0.69
14,194,22,225.5941146220646,0.5942443954604191 0.6909814692683515 0.4116044309669554 -0.5477516827774133 -0.02704385711234028 0.8362037573504435 0.5889326722796019 -0.7223664159692349 0.36241560203910833,64.39524551970605 -66.1865301008021 701.7155011254413,0.69
14,194,22,95.58623964627209,-0.5340452180577948 -0.01475822080213618 -0.8453270964474981 0.659423804877578 -0.6330020616857334 -0.4055473282643949 -0.5291086378338388 -0.7740094216612394 0.34778364617855917,80.62308256994193 -63.23774469524855 740.7898675884588,0.69
14,217,22,167.06333454635703,-0.5663941037958979 0.1439946209607295 0.8114574963111855 -0.7079332599474311 -0.5891050998057401 -0.3895968183174397 0.421933903171391 -0.7951230914249976 0.4356042364776891,12.241282667150305 48.218549762196886 810.896354858463,0.69
14,217,22,93.96858044990428,0.5674966940299655 -0.6758468500937117 -0.47029622312269126 0.4369687000254455 -0.23689836824382474 0.8677197233677967 -0.6978580496513116 -0.6979328036006198 0.16088487870227758,24.92125610643868 43.88158944261778 666.9523001216897,0.69
14,225,22,315.7552101070325,0.21856814044582262 -0.04880292699162353 0.9746005552528204 -0.6389512825815489 -0.7620287235099855 0.10513554600198655 0.7375426946756704 -0.6457015555678896 -0.19773789385891283,-60.73079311372476 40.83635176620857 685.174081632892,0.69
14,225,22,135.2461125552822,-0.9884343977534811 -0.14667809260218784 -0.03850945972481643 -0.08263546631318877 0.7338800368436705 -0.6742339884858481 0.1271566791203478 -0.6632538191921076 -0.7375130848209868,-61.34660541187349 50.63158039816037 722.0140224833563,0.69
14,239,22,471.26045359204977,0.9869698063776781 0.024504679319768963 0.15902868291677308 -0.08112894989691054 -0.7777267148013098 0.6233452097938883 0.13895572959555447 -0.6281247310652538 -0.7656047462214232,-123.18388519038082 -41.85022589350879 780.6065962685932,0.69
14,239,22,128.03150849806633,-0.11295789603587314 -0.9923504078498631 -0.049811462168455445 -0.5904010891796825 0.10735779129573397 -0.7999380341898654 0.799166483042547 -0.060950575783270955 -0.5980116718702857,-112.21837987359028 -20.870836624060217 850.9895001564513,0.69
14,249,22,198.1279540356211,0.7023674249694218 0.06498410521487305 -0.7088420602724175 0.45485147155975225 -0.8069661774722997 0.3767170386851019 -0.5475309481314741 -0.587011630621717 -0.5963448719936155,-62.64274024236108 -90.37166961919966 800.4795207893266,0.69
14,249,22,36.07348357720567,0.9291677453246714 -0.35308067577774827 0.10945929581627674 -0.2125595512058629 -0.7525854343910414 -0.623244415244621 0.3024330309993086 0.5558319893050203 -0.7743287812200934,-38.44607586822669 -60.489669241384604 607.5138862065803,0.69
14,253,22,165.28537212320848,0.48463592539367417 0.0833915256547158 -0.8707318032935268 0.562884014011197 -0.7916874254619645 0.23747127644422406 -0.6695443275754495 -0.6052081243790317 -0.43061992475633815,-27.76652200162465 -101.66475930749172 827.6290191685898,0.69
14,253,22,65.19629939043847,0.5733018595351866 0.6415112920638105 -0.5096942613058514 0.4667117579350733 -0.7669748862232373 -0.4403744530601268 -0.6734278824481882 0.01458718812768886 -0.7391089913428714,-39.440714155074275 -85.53126087388819 730.5651922680851,0.69
14,263,22,31.18144502852676,0.2592406279723961 0.6206058342699377 0.7400288475989247 -0.05289014955613752 -0.7559517702597541 0.6524872053313179 0.9643634838007955 -0.2082914292794079 -0.16314947624903464,108.85323376906378 -140.87110677517663 1556.0787197215252,0.69
14,263,22,29.004403797567168,0.22465862987140667 -0.9401453596091909 0.25623271225510547 0.055767897879556216 0.27492842005855894 0.9598459800458614 -0.9728403988272679 -0.20134812303423621 0.11419497256969041,84.32606063593704 -95.08036913212025 1003.3918250315866,0.69
14,290,22,191.45212350024843,-0.542474676828489 0.17631461381040334 0.8213612980635956 -0.5843142818829467 -0.7816647028377177 -0.21812178324330378 0.6035710769971028 -0.5982586809186398 0.5270564540142224,6.323932669973916 20.003649454751816 820.6532540463763,0.69
