scene_id,im_id,obj_id,score,R,t,time
5,7,4,0.80887770652771,0.42441603754660584 -0.38956001077282953 0.8173824227862446 0.5279021286683433 -0.6269664858982922 -0.5729156727719875 0.735656420906302 0.6746525206111811 -0.0604450726884338,-8.09721300349303 77.9998583728497 709.7492159241486,0.69
5,20,4,0.787856936454773,-0.09635814858838332 0.563714147333856 0.8203300965442407 0.7806743504726898 -0.46846955125042333 0.4136228210160451 0.6174647080721806 0.6802665945398843 -0.3949363171936029,-89.65133815393222 27.1879987051861 724.6332563330039,0.69
5,25,4,0.7645317316055298,-0.11456296386699383 0.8707688623281885 0.47815992691743053 0.6644859817612997 -0.2906321416703026 0.6884702885897512 0.7384671335629853 0.3966037652718465 -0.5453180228265546,-94.76007998719172 -8.515631979108695 721.227033695926,0.69
5,31,4,0.7476793527603149,-0.3806467334880286 0.9240536780957559 0.03511216715897353 0.5599227652353073 0.20009866986392733 0.804019290371776 0.7359310845834286 0.3257074182704358 -0.5935655957242356,-83.39431569693143 -49.78449794633565 730.777355482018,0.69
5,43,4,0.7563304901123047,-0.45816088055521487 0.37935485932470325 -0.8038522863285302 0.10611433522619582 0.921229548735938 0.37426710568160104 0.8825125242104914 0.08617429571812432 -0.4623263299544085,-8.718356564752177 -92.04141760134584 747.8827736336326,0.69
5,56,4,0.8035146594047546,-0.006030511891760071 -0.6035265093103135 -0.7973201273554003 -0.11867260429392865 0.792131939324804 -0.598701765231757 0.992915125232978 0.0910095778543844 -0.07639902370022011,71.87009793650415 -43.48658864564044 740.731415221088,0.69
5,64,4,0.7778756022453308,0.2703674796001443 -0.9225581816807841 -0.2752958906131929 -0.056107120345297745 0.2703608473350916 -0.9611227826218716 0.961120916961661 0.27530240398895306 0.02133469795144527,75.35687604856686 13.35806650182263 713.0191460210766,0.69
5,70,4,0.7353782057762146,0.4777702924499636 -0.8483466197570252 0.22813057751889726 0.1743174470592196 -0.1629712281216018 -0.9711095748963106 0.8610162456673116 0.5037344454684098 0.07001880565677565,54.232438980907155 51.77796702370202 709.2651720492261,0.69
5,81,4,0.8398481607437134,-0.27897997121848483 -0.3839950979352369 0.880180629428211 -0.5339058582770995 -0.6998272020642191 -0.47453811411556945 0.7981946568076784 -0.6023202238117821 -0.009779459647523137,-19.92861148443252 51.608346701634346 695.3095133556562,0.69
5,86,4,0.8045238256454468,0.25110157547484757 0.13719193591266876 0.9581891105176388 0.76305959222175 -0.6371142166764141 -0.10874526944734819 0.5955569305384887 0.7584615004265767 -0.26466600623850445,-54.85665158994495 39.492025568216626 698.257252501103,0.69
5,94,4,0.8171591758728027,-0.05444008260915312 0.7085336318335618 0.7035739975057715 0.837458041993413 -0.35133009444425656 0.41860625011859154 0.5437833256969797 0.6120026611858257 -0.5742407486371897,-88.88622629928976 -2.6957577622457745 703.2586106769506,0.69
5,100,4,0.6328845024108887,-0.25885229621410155 0.9233127933924211 0.2837057882782294 0.7559309181821522 0.010799523174581882 0.654562309666154 0.6013018673519779 0.3838969338990429 -0.7007561690502186,-91.8940024956164 -42.82251694060272 730.3919855260864,0.69
5,107,4,0.48910388350486755,-0.460015670463525 0.8491089914350363 -0.25961414366742386 0.5472487265775015 0.5013839264478178 0.6701738502501215 0.6992170007853765 0.16621696352642523 -0.6953182773728579,-66.54799614336247 -83.51777785231175 752.6036999151902,0.69
5,117,4,0.8544406294822693,0.5334997065051486 -0.2600340518974463 -0.8048356074458415 -0.18734141116724187 -0.9642610487068499 0.18736014946789764 -0.82479164570259 0.05082245370466407 -0.5631481327134547,0.15538006123392512 -94.81993967768011 703.9378157311462,0.69
5,127,4,0.7748453617095947,-0.5128730932127672 0.008087464381383358 -0.8584263411488768 0.8579824058188059 0.03833411961151689 -0.5122467048005128 0.02876424105972264 -0.9992322493762347 -0.026599440647659955,67.46458960599087 -68.42525902600656 762.7433372104812,0.69
5,138,4,0.7975308895111084,0.29948147850308415 -0.9431631352295982 -0.14406298753490265 0.15418958388611093 0.1968518898015187 -0.9682328778256803 0.9415606280291433 0.26775480168513416 0.2043794263616565,71.4239040659726 4.069945727293535 703.2988689961592,0.69
5,149,4,0.8060582280158997,-0.46006594924744326 0.5283509805485445 0.7135716948537411 -0.6580555296246007 0.3366350589435544 -0.6735278442800683 -0.5960723465096626 -0.7794370266053963 0.1928099563897142,7.132437911852178 24.17936504105952 659.1697923541466,0.69
5,171,4,0.711687445640564,-0.26413950753994886 0.9039614195843563 0.33627975327038184 0.8590510401237569 0.06199164140122826 0.5081223739008874 0.4384764885587882 0.4230966654316919 -0.7929234393570026,-92.61128616146745 -55.37058454705783 736.3556463804712,0.69
5,188,4,0.7570589184761047,-0.5088679612684315 0.31390491125808745 -0.8015716466308938 0.30958855216398823 0.9355787253587824 0.16984515602466155 0.8032486080682093 -0.16172864725857422 -0.5732674055729978,-1.623944874773776 -112.59344537481341 786.9480881183831,0.69
5,195,4,0.6966965198516846,-0.3080125335850079 0.07802307688803067 -0.948177556487955 0.8393374809963322 0.4915190216136457 -0.2322103451328047 0.447929539268484 -0.8673646585288618 -0.21688171196722617,50.44749900543164 -100.67921737015159 797.0992678083462,0.69
5,208,4,0.7763077616691589,-0.28722234028952087 0.9234005362093363 -0.2546267404789226 -0.27390234090885696 -0.33390434403689384 -0.9019342529685519 -0.9178675475705951 -0.1893128066497392 0.3488263555913451,76.10508959992328 -24.464072391628758 712.7734702036684,0.69
5,215,4,0.7967162728309631,-0.8471772896984806 -0.4298849168586299 0.3122332430677197 -0.11313621933504286 -0.42822945327050865 -0.8965599429074526 0.5191250674873156 -0.7948701111559614 0.31415071334822675,48.72655247785769 9.64817436442441 688.1574184384857,0.69
5,221,4,0.7733099460601807,-0.5597189497283339 -0.45815692365306065 0.6905120785502409 -0.1971171379929551 -0.7357388869186778 -0.647945309563339 0.8048972178014263 -0.49877903282358244 0.3214964155182678,12.036863261551858 0.13043761211704785 662.2268770695205,0.69
5,239,4,0.6769559979438782,-0.12282299901825477 0.7476969242238499 0.6525824242334116 0.9671028831337626 -0.05742891293449448 0.2478183475724231 0.22277011547001957 0.6615521366191457 -0.7160462598101591,-93.38908288629347 -46.572822073159635 741.9216172490626,0.69
5,247,4,0.65364009141922,-0.3418248740974834 0.9331959521787497 0.11091019017852555 0.8883282005046361 0.2823486381660649 0.36214949221828785 0.3066410990660498 0.22231635424090024 -0.9254980686098704,-84.88039809280238 -82.72999196839514 761.7321799959185,0.69
5,254,4,0.8147323727607727,-0.47338185642714015 0.7627771974177582 -0.44054575824209813 0.7110987354012135 0.6260864405365665 0.3199286756248141 0.5198540242379487 -0.16182310118077384 -0.8387878619817097,-47.817025437130134 -109.36967885680419 793.8033696135424,0.69
5,280,4,0.8620083928108215,-0.3072215070347428 0.9050214475057166 -0.29419572595460813 -0.3565140929654418 -0.3960896371745053 -0.8461741551477432 -0.8823336370853883 -0.1550779767653233 0.4443401557253679,78.57013749425194 -45.194829432120265 730.7915541412848,0.69
5,290,4,0.8967440128326416,-0.7565676541967346 -0.4745417988215179 0.4499060633004285 0.046270044941239624 -0.7251431244717397 -0.6870418706108816 0.6522763736058411 -0.4989764826147638 0.5705769029964425,37.169744612659706 -28.720960874420204 681.0860283222332,0.69
5,293,4,0.8622643947601318,0.5204684451251866 0.5436954639541396 0.6584131226704579 -0.02458894760860414 0.7803065413647569 -0.6249136621637204 -0.8535267900215389 0.3090581563056765 0.4194938315833312,16.89904518536406 -24.60186824433646 672.896707681975,0.69
5,306,4,0.8152670860290527,0.41447655070854195 -0.036507141240253 0.9093274534243502 0.046395833532256715 -0.9970480817802541 -0.061176378195866826 0.908876567826235 0.06754517937485122 -0.41155927057912667,-71.6765305305723 -41.047400098178635 703.9173660990265,0.69
5,317,4,0.5723019242286682,-0.31342979778567637 0.9185416573185555 0.24092111910438999 0.9364108794102785 0.25680523485922113 0.23913539317919766 0.15778601580019527 0.3005533149366043 -0.9406228139368722,-88.87798489965759 -82.30656626299901 762.9103044200069,0.69
5,324,4,0.8287129998207092,-0.44429293201773246 0.8851992624656492 -0.13793497123411944 0.8864669843213481 0.45664429199212675 0.07518162208428499 0.12953793370013908 -0.08887213467268566 -0.987583752099749,-68.48690529560862 -103.13693672157311 823.1321670335244,0.69
5,332,4,0.7473484873771667,-0.5259359159653476 0.4098002732759993 -0.7452886342354934 0.6087040274541959 0.7933692037651999 0.006686813741543618 0.594029308417297 -0.4501433577649335 -0.6667084356758797,-8.13259904624081 -115.93517214584324 822.1936363633299,0.69
5,341,4,0.34926024079322815,0.9983305550835154 -0.0526859403352762 -0.023670540290149752 -0.05455978383739813 -0.7257072882997417 -0.6858368331434614 0.018956074864176827 0.6859833258903771 -0.7273702934723967,70.90665752318804 -107.03900592366963 936.9789073457698,0.69
5,348,4,0.7280125021934509,-0.06891561179889938 0.7385594077849293 -0.6706568717479591 -0.3281288237040451 -0.6516324400143276 -0.6838908086643467 -0.9421157643861946 0.17293109695294495 0.28725027798362157,82.42280128015113 -81.61914405801527 807.7539937548753,0.69
5,353,4,0.8594321608543396,-0.30384780581882165 0.921889013909704 -0.24041039272810522 -0.5389875201076215 -0.37441155670056747 -0.7545253073140057 -0.7856010209179496 -0.09968265767751172 0.6106508033983282,77.32390493947885 -56.960925733325766 730.4898651200067,0.69
5,364,4,0.8043873310089111,0.545208429761313 0.5427082007161024 0.6389175040587747 -0.16937986715436076 0.8177551815668138 -0.5500790157999108 -0.8210104924542527 0.1916879544888469 0.5377708614120955,21.78791124326985 -47.523475521517746 683.3306014128975,0.69
5,377,4,0.8260273337364197,-0.32341697380909507 0.10535359113005971 0.9403733736597222 -0.11363916777767541 0.98226591133157 -0.14913020814964847 -0.9394081118443489 -0.15509448820625557 -0.30570917410027976,-71.19345043184833 -59.00006440150241 734.3801880577387,0.69
5,386,4,0.7337334752082825,-0.23161536906245273 0.8760363747209087 0.422982967718455 0.9718368706835719 0.22778502285594904 0.06039106012049289 -0.04344441959591641 0.42505794137783437 -0.904122961149429,-90.3535209822135 -81.79445582801583 759.353766427834,0.69
5,393,4,0.726276159286499,-0.3982292693815226 0.9167434970932339 0.031540601534012544 0.915136964613417 0.39470912796301616 0.08203072778427073 0.06275177293113636 0.061531007142282185 -0.9961305889059207,-77.76394221647013 -99.64125740547885 803.1765417354283,0.69
5,409,4,0.4840458631515503,0.9044891827584666 -0.4217004596144761 0.063781193418286 0.03469406271196834 -0.07630142025606679 -0.9964810160155811 0.4250830980943129 0.9035191285345577 -0.0543833070591897,79.24958373364302 -154.74835058518389 1264.615663993104,0.69
5,423,4,0.7947714328765869,-0.22610249309682828 0.8982512685036986 -0.37685848968398605 -0.6656709404720457 -0.42492870225627244 -0.6134474688266816 -0.7111679559896248 0.11216174316716221 0.6940172056536081,79.05925091015519 -72.4943432314028 742.1760213252147,0.69
5,436,4,0.8872251510620117,0.6089594369893249 0.5462958947451413 0.5750906011110338 -0.3596731753978892 0.8363798945735829 -0.4136470462269515 -0.706967899554742 0.04504960973957528 0.7058094088785358,24.6595791934193 -65.63568745005428 676.7424832984079,0.69
5,450,4,0.7578930258750916,0.11392723081785272 0.41009537813233604 0.9048990921161721 0.9559273271532924 0.2028350790354423 -0.21227547176781542 -0.27059846873132615 0.8892017271391135 -0.3689129398287345,-70.23775525496515 -75.9377685400951 724.6769927964936,0.69
5,458,4,0.6825530529022217,-0.1870471398277156 0.8698871842825451 0.45640952455361433 0.958984256914106 0.262425974490754 -0.10715317495752519 -0.21298488789858044 0.41764685385330447 -0.883294142963297,-89.93482572914911 -88.67107584015942 779.2300420487137,0.69
5,463,4,0.8273279070854187,-0.33717913721129134 0.9375929404388488 0.08502768648318608 0.931399806255214 0.34537520711330283 -0.11493636160586068 -0.13712997607087707 0.04044062747629951 -0.9897271974196347,-81.93189152450294 -94.14020258496028 805.0863910057494,0.69
5,468,4,0.8021324276924133,-0.44721757014715013 0.8846950501923307 -0.13157170332890247 0.8929011181534003 0.4330148497235088 -0.12339259750623108 -0.05219231889930632 -0.17266385865060638 -0.9835970484724919,-66.8172282405696 -103.19139262879808 854.9278293717176,0.69
5,475,4,0.768490731716156,-0.5774299343281901 0.38384924257275227 -0.7205792322278427 0.6639422032060867 0.734402655705056 -0.14083142438819718 0.47513726621218677 -0.5597432431657262 -0.6789197890669598,-14.02948808552171 -110.26311077905534 885.5306597282624,0.69
5,486,4,0.49971142411231995,0.6369697037920845 -0.7704132379661165 -0.027074696999009162 -0.47405829646906195 -0.36376748955107896 -0.8018366074797013 0.607896642530517 0.5235806110927615 -0.5969296572359721,73.19776679038891 -125.31588621286107 970.0678511630435,0.69
5,493,4,0.7229635119438171,0.1156218233371642 -0.8197653326391364 -0.5609067599621489 0.7313676986763827 0.4523598537888823 -0.5103644305914284 0.6721107671366391 -0.3512198201741285 0.6518525558865681,84.10492433660352 -90.35851453575685 813.8868724092135,0.69
9,0,4,0.9088709950447083,-0.9345135796452742 -0.31593173509732086 -0.16392531292320942 -0.3180237915490146 0.5343528683155494 0.7831525267352037 -0.15982877546726296 0.7839988207142543 -0.5998338200295927,-87.88232328661083 -10.932073880640658 763.8698386342053,0.69
9,0,4,0.9088709950447083,-0.9372754636296592 -0.3019351893025059 -0.17421207403239164 -0.3171270147311103 0.5310721338060032 0.7857434983647482 -0.1447244340308218 0.7917054566918171 -0.5935126856595905,-88.34790129840573 -10.911220556719874 772.0771349672364,0.69
9,0,4,0.9088709950447083,-0.9407373248202899 -0.2865818275848463 -0.18133985162697827 -0.31087206789903543 0.514994856193542 0.7988359377834542 -0.13554277217964286 0.8078682777484969 -0.5735651686753089,-89.07980208232085 -11.49057373595684 779.5401258096222,0.69
9,0,4,0.9088709950447083,-0.9394848885832427 -0.2959140190877641 -0.17263556247499584 -0.3114521786214797 0.5278200914207567 0.7901920598971606 -0.14270838992738194 0.796141221392229 -0.588042065709949,-88.44480335626228 -11.097905777081007 772.6900241916117,0.69
9,11,4,0.9002242088317871,0.5254903508929712 0.47261479947075047 -0.7074568131268539 0.8438781043948306 -0.1836832389249501 0.5041132934777929 0.10830344427288296 -0.8619139858821542 -0.4953530507621493,53.391053219084704 94.86181235657364 736.0565548852168,0.69
9,11,4,0.9002242088317871,0.5306191111413314 0.4665899319648614 -0.7076278642624311 0.8403675648433799 -0.1806921996543862 0.5110114332803791 0.11056995455724439 -0.8658199376158334 -0.4879857792765312,53.90307561106558 95.5752152827034 742.4554500796944,0.69
9,11,4,0.9002242088317871,0.5206562878896651 0.4799125232015461 -0.7061168458231822 0.8440319056402733 -0.1647935194841208 0.5103461944575325 0.12855804969819284 -0.8617001021297155 -0.49086226362130825,53.3718686417798 94.80071669531624 738.2749035032372,0.69
9,11,4,0.9002242088317871,0.5312816038905894 0.47393768873640074 -0.7022271175073215 0.8396004917611201 -0.18380617830579582 0.5111617190783204 0.11318512093878896 -0.861161051146542 -0.4955711577425135,53.929782747465126 95.89734516047666 745.3524060568855,0.69
9,21,4,0.8733224868774414,-0.23880447862467746 0.24644006025797505 -0.9392761668906763 0.9668294754186499 0.15061130566350966 -0.20629348043026235 0.09062663212596 -0.9573836907459718 -0.27423216850531484,-36.96529064789867 110.69381579984952 737.4658667355566,0.69
9,21,4,0.8733224868774414,-0.23543050613146255 0.22987421821598109 -0.9443147359764512 0.9695393920211882 0.12310247849078071 -0.21175256104380819 0.06757103004889115 -0.9654033476164345 -0.25185418858759023,-37.30425075494749 112.36204982548755 746.5455155505915,0.69
9,21,4,0.8733224868774414,-0.24077957662415694 0.2169596402553272 -0.9460199310696213 0.9661160404675814 0.14694812488783815 -0.21219341399579617 0.0929784482121252 -0.9650568703927389 -0.2449902958809551,-37.42936579463847 112.55446339169978 749.2522943619624,0.69
9,21,4,0.8733224868774414,-0.22503799008402203 0.23533385899407722 -0.9455029761084308 0.9721550111182327 0.11933000642089076 -0.20168040044907531 0.0653646492888389 -0.964561208207414 -0.2556347751085546,-36.97739140472576 111.57732065393658 740.3151579276195,0.69
9,31,4,0.9393325448036194,-0.8506341022782564 -0.11701678670409901 -0.5125706738301681 0.4900542215779886 0.17667278939237085 -0.8536003663318747 0.1904428627039007 -0.9772890038866531 -0.09293932928194026,-108.06681972156667 52.66552229552183 749.3068081016112,0.69
9,31,4,0.9393325448036194,-0.8500534407909628 -0.1192022564005957 -0.5130301841689744 0.4912658722554557 0.17177526378943386 -0.8539034497571472 0.1899131131768721 -0.9778977864884841 -0.08745815356152642,-108.10802308119408 52.777399172412736 749.7826572977865,0.69
9,31,4,0.9393325448036194,-0.8507858500482679 -0.11819447827101653 -0.5120483401632007 0.4893233099105088 0.17715526355970668 -0.853919616223515 0.19164064218184718 -0.9770599152044532 -0.09288587817745064,-108.05440554037982 52.66250988868444 749.3425455863061,0.69
9,31,4,0.9393325448036194,-0.8502428566841647 -0.11990162968087328 -0.5125531034511662 0.490811643117801 0.1713242467066619 -0.8542551922408194 0.19023936405895478 -0.9778914058781095 -0.08681810106296317,-108.13852397331893 52.79376718809422 750.1515453769911,0.69
9,45,4,0.9370332956314087,-0.6718161105120715 -0.457076525241813 0.5828757704085005 -0.5356171613539407 -0.2437760615989113 -0.8085094237264467 0.5116418377337603 -0.8553679219284498 -0.08104534543221131,-85.78900107507685 -65.5772832321389 786.8243691562651,0.69
9,45,4,0.9370332956314087,-0.6732286785944912 -0.4548400335501219 0.5829954461211848 -0.5338641276414704 -0.24653323212649503 -0.8088327754702299 0.5116172783786013 -0.8557697758961739 -0.07684953563350372,-85.93670767250643 -65.61702778746447 787.8992834949912,0.69
9,45,4,0.9370332956314087,-0.6724651751343849 -0.4558105058735991 0.5831186594225359 -0.5346264120460755 -0.2456832868333012 -0.8085878567685308 0.5118253488976701 -0.8554978113975745 -0.07847488082016207,-85.83476199915962 -65.560229644884 786.9903663915584,0.69
9,45,4,0.9370332956314087,-0.6874650207218176 -0.436447782086137 0.5804353355853202 -0.5227113072125993 -0.2574734372476648 -0.8126994022539753 0.504147532569631 -0.8621025244273242 -0.051132208831500936,-86.60634059816856 -65.75013920615453 791.8794728297172,0.69
9,57,4,0.8922052979469299,0.5032904984281448 -0.14152797421960123 0.8524485361036438 -0.7138933520574657 -0.6239371086010372 0.31789741489784523 0.4868828977075543 -0.7685520912884651 -0.41505749830116523,-49.411364101102194 78.19905901531065 755.8225383108827,0.69
9,57,4,0.8922052979469299,0.5044080563346919 -0.13914680604658614 0.852179956976044 -0.7101728748669073 -0.6282310187506528 0.31777393675817645 0.49114865418519726 -0.7654828237436495 -0.4157030743758323,-49.39421400050507 78.1145799353708 752.9133339296557,0.69
9,57,4,0.8922052979469299,0.5052077758864069 -0.13027594226393818 0.8531080131209372 -0.7001142611360633 -0.6398578014545173 0.31689432824160124 0.5045841104690221 -0.7573705650373763 -0.4144691818183244,-49.167072278665785 77.80480126933696 750.5701217905591,0.69
9,57,4,0.8922052979469299,0.5082371176348098 -0.13085820439229046 0.8512174590558431 -0.694756882730081 -0.6463771988864992 0.3154510907554829 0.5089281935179472 -0.7517131414993814 -0.41942752263018024,-49.23210422047591 78.14818653790508 749.897610372435,0.69
9,64,4,0.8947186470031738,-0.8894943616383175 -0.04684176375915536 0.45453891998548773 0.31962593831028085 0.6471041010623704 0.6921672788766703 -0.3265563353740281 0.7609613206702383 -0.5606236065943819,-81.87064741581605 42.93574378751139 751.031702720673,0.69
9,64,4,0.8947186470031738,-0.8897403259611378 -0.046920060543232306 0.45404918266327554 0.31481713896772445 0.6572011589277247 0.6848188123264665 -0.33053338919199315 0.7522533779403553 -0.5699671341459787,-81.28122401679882 42.88787760436288 746.201510788026,0.69
9,64,4,0.8947186470031738,-0.8904832444486233 -0.04073496498867615 0.4531889826370722 0.3208135994856677 0.6500929195742118 0.6888089940647747 -0.3226735590985149 0.75876205660724 -0.5658285214725822,-81.40487696016567 42.80756311049442 747.7715511395712,0.69
9,64,4,0.8947186470031738,-0.8896619741398006 -0.0377166767577094 0.45505936323080726 0.3243047131475701 0.649372979143801 0.687852591031085 -0.3214467682213427 0.7595341903115745 -0.5654907505413291,-81.66352560503915 42.93194595757566 750.3615243284823,0.69
9,70,4,0.8929264545440674,0.9217312785849442 0.2703661942029642 0.2780531803637016 -0.042956954416425316 -0.6413641299825055 0.7660331277686687 0.385442797501042 -0.7180210120908646 -0.579551271287176,99.45201184447441 -8.709675967026604 774.7462930619746,0.69
9,70,4,0.8929264545440674,0.9218456158142547 0.26975427710404554 0.27826837870680027 -0.0431509182666312 -0.6421008803577108 0.765404767228817 0.38514758061914905 -0.7175925650589802 -0.5802777367048384,98.964332191144 -8.670561999082809 770.1702572367483,0.69
9,70,4,0.8929264545440674,0.9188393856843502 0.28158435015667865 0.27648587136063024 -0.03360679413579086 -0.6422393084179905 0.7657671017422306 0.3931981265254459 -0.712908777102388 -0.5806516243215523,98.64201553757624 -8.614013766268204 769.733644314364,0.69
9,70,4,0.8929264545440674,0.9231144257583354 0.27015596012273385 0.2736339053681444 -0.04149180838083115 -0.6374784438976406 0.7693501565627524 0.38228024640850483 -0.7215517935505441 -0.577256288341536,98.20384174011711 -8.729959995609361 765.9658817230153,0.69
9,91,4,0.8739263415336609,-0.06844058037030143 0.3292046281615671 -0.9417750260840332 0.9962415146523385 -0.027683863077662796 -0.0820758686113795 -0.05309172667931933 -0.9438526985298618 -0.3260726177343125,-13.907239630174153 99.39384202197608 729.2141775936758,0.69
9,91,4,0.8739263415336609,-0.06831111301117865 0.3368053339882566 -0.9390930512128353 0.9964563744928729 -0.023267881548480585 -0.08082882790666512 -0.04907428625760518 -0.941286764320685 -0.33402236712981037,-13.972834046072466 99.010938073155 726.8513223873994,0.69
9,91,4,0.8739263415336609,-0.06653597456191318 0.33907304134944716 -0.9384041968784732 0.9961470365363574 -0.031277583225030714 -0.0819316446035 -0.05713182728505528 -0.9402399616149258 -0.3356855208278029,-14.041738005937061 99.17136640869764 727.2539993848171,0.69
9,91,4,0.8739263415336609,-0.06672041052503563 0.34003021286564605 -0.9380446903841597 0.9960924303687166 -0.03182249226865519 -0.08238445938376215 -0.057864125168484826 -0.9398759403901957 -0.3365783113840388,-14.063004225583976 99.19047907040849 727.3020242241165,0.69
9,100,4,0.9174075722694397,-0.16995409727306554 0.8615752567140758 -0.47833427834326503 -0.11579096127247135 -0.4994927826335065 -0.8585449396418535 -0.9786255964911682 -0.09052644428624912 0.18465347215038808,65.13298705969763 -33.46125114085782 792.3680017867176,0.69
9,100,4,0.9174075722694397,-0.1606076418523692 0.863982861401354 -0.4772198660820293 -0.10675214599404925 -0.4958656131708845 -0.8618127830337214 -0.9812283957898318 -0.08746947398602384 0.1718718313637283,65.0625200912208 -33.67650670354554 793.4757875119182,0.69
9,100,4,0.9174075722694397,-0.15673120488681858 0.8637869449936073 -0.4788605674654546 -0.10937998383726438 -0.4970511578828587 -0.860799724432501 -0.9815657637420357 -0.08253641684687257 0.1723844289476093,64.95079373274655 -33.62465136817444 792.9045382586934,0.69
9,100,4,0.9174075722694397,-0.16505098358859915 0.8624166383011811 -0.47853496716303406 -0.11247469328988396 -0.4984824013096507 -0.8595724163524046 -0.9798508132291277 -0.08805019912444612 0.17927505751878248,65.15622484339369 -33.62966680875445 793.7776738064374,0.69
9,108,4,0.9124258756637573,-0.9415861019418146 -0.2871092165633825 -0.17602247127676687 0.21951088057177845 -0.12683890783974183 -0.9673297600966406 0.2554027915677938 -0.9494631057720897 0.1824533497554809,-118.68595987023532 3.3312787185390347 766.6209675877244,0.69
9,108,4,0.9124258756637573,-0.9416855636502057 -0.2879199351170393 -0.17415628089447313 0.21605794513704546 -0.12058053878843955 -0.9689062379862394 0.2579675629918463 -0.950032865025042 0.1757563421796159,-118.71227802490684 3.2408154466092363 766.9463765974477,0.69
9,108,4,0.9124258756637573,-0.9420630889215558 -0.28633217474797124 -0.17473128568082474 0.21712311266514348 -0.12345949760916253 -0.9683053786883002 0.25568474815322123 -0.95014295669346 0.17847596871185045,-118.69132544767436 3.278842676629745 766.6961200970472,0.69
9,108,4,0.9124258756637573,-0.9404364982280424 -0.2913982953622751 -0.17511774970155847 0.21861558361877947 -0.12386668497514508 -0.9679174918102724 0.2603582520290029 -0.948548405624736 0.1801929598712827,-118.66036175695866 3.290905547229565 766.9784620666303,0.69
9,118,4,0.9367625713348389,0.5084093381542867 0.29063499143501104 0.8105869765984965 0.6572849403734873 0.47716531057432465 -0.5833436153269613 -0.5563240530803442 0.8293639539659772 0.05156529672346688,30.037612325564307 66.58322383738479 753.9407515915565,0.69
9,118,4,0.9367625713348389,0.5064072871139377 0.29335846659409337 0.8108590935763526 0.6608174946681639 0.47207663440236336 -0.5834928362814993 -0.5539601955902546 0.8313148990177546 0.045206640803175935,30.127540713125228 66.60290562871306 754.9111754418279,0.69
9,118,4,0.9367625713348389,0.5121348709757517 0.2896556766088416 0.8085897989332567 0.6703795150112661 0.4537259273918567 -0.587132087920307 -0.5369442985859052 0.8427528533447239 0.03818963727788649,29.975144895762163 66.12138151956611 753.3405160290882,0.69
9,118,4,0.9367625713348389,0.5072429516279291 0.2900023315654653 0.8115437361660679 0.6641394659217148 0.46856560445550755 -0.582550464875331 -0.5492024743471263 0.8344728407850306 0.04507460663339624,30.018502022997883 66.42848458415737 754.4382032726446,0.69
9,128,4,0.8488361835479736,0.39801769746803395 -0.1994231943995051 0.8954397255191116 -0.6414615206723481 -0.7582968033837629 0.1162457546523119 0.6558269817558313 -0.6206579956090664 -0.4297378532170195,-38.89790725528178 68.4857903759317 733.9615455351029,0.69
9,128,4,0.8488361835479736,0.4078515317931869 -0.20787125877557697 0.8890706764869757 -0.6447707534606741 -0.7550161137255527 0.11925327457356738 0.6464733586898271 -0.6218844006644814 -0.4419637866550534,-38.666949330665325 68.07685341719446 731.6359575075653,0.69
9,128,4,0.8488361835479736,0.40279721649594213 -0.21096175907344128 0.8906455740594912 -0.6543572341400749 -0.7467545100224697 0.11905591917100472 0.6399773531240558 -0.6307557672901143 -0.438834991219464,-38.64460128325754 68.14166822912252 733.7744273185364,0.69
9,128,4,0.8488361835479736,0.3928196827052354 -0.18873096728232186 0.9000407317827551 -0.6493525406923587 -0.749951785871426 0.1261491052867118 0.6511789114949414 -0.6339975874220172 -0.41714875568234033,-38.98322468344781 68.20789536490764 733.57329315022,0.69
9,136,4,0.8650276064872742,-0.6685471673663823 0.0040138911834233515 0.7436589095035133 0.43207972882804146 0.8159809290339983 0.3840341539351667 -0.6052700165564731 0.5780648857441358 -0.5472560597447473,74.38728842263627 -67.50835422772855 824.377440062575,0.69
9,136,4,0.8650276064872742,-0.6772698696249031 0.010757119793547404 0.7356560392411757 0.43089835060463944 0.8162618440938207 0.38476384097619715 -0.5963490044801518 0.5775819303356905 -0.5574647779055011,74.68170259236334 -67.73216632107156 826.8958695407423,0.69
9,136,4,0.8650276064872742,-0.667364439168149 0.005119179741652907 0.7447137029305655 0.4299724246444686 0.8191242923280706 0.3796829042285079 -0.608069419868438 0.573593224957208 -0.5488555300842393,75.10367434833148 -68.19685910749482 835.1905441855456,0.69
9,136,4,0.8650276064872742,-0.6811162650126137 -0.0033453795547509213 0.7321676324250496 0.4133649210814403 0.8236189045672643 0.3883057327142548 -0.6043261334367417 0.5671337659450849 -0.5595973695169982,74.53544247575815 -67.42794869307001 825.9774889656433,0.69
9,147,4,0.8594707250595093,-0.4669579492196343 0.8738339917615868 -0.135515417951627 -0.7041280905711723 -0.27472758162563804 0.6547735394491161 0.534933552629846 0.4011719216696741 0.7435772882052494,-30.130477836385115 17.58493466291615 731.0175570787828,0.69
9,147,4,0.8594707250595093,-0.47184257608214697 0.8708848469852825 -0.13756513616314653 -0.7039905856544265 -0.2782001115813937 0.6534538646500134 0.5308124326973713 0.4051719156204212 0.7443613907816398,-30.20643354332578 17.562064098364587 731.004980289668,0.69
9,147,4,0.8594707250595093,-0.47011524162494367 0.8719070835195551 -0.13700254486813107 -0.7040263253598827 -0.2768351773502735 0.6539948147972606 0.5322955878007833 0.4039063286083372 0.7439899763558326,-30.162888068513436 17.551216762180058 730.5144335445924,0.69
9,147,4,0.8594707250595093,-0.47014508346544104 0.8720176349712567 -0.1361941437522553 -0.7044972334937287 -0.2778295050772879 0.6530653980331467 0.5316457923213129 0.4029838835581962 0.7449541872487178,-30.14086274856314 17.511388683175884 730.1218485716671,0.69
9,161,4,0.9075887203216553,0.11340454305418346 0.42720620810212034 -0.8970140831523663 0.9785904184299765 -0.20410252841565368 0.02651322031329556 -0.17175623008122792 -0.8808161066041797 -0.44120605591371853,11.505205443396996 78.95927270327061 712.6019588643379,0.69
9,161,4,0.9075887203216553,0.12102730087890523 0.4186090469877686 -0.9000660299233382 0.9727700498874374 -0.23057100033209377 0.02356785624215535 -0.19766340704328667 -0.8784096308590033 -0.43511572935276677,11.701088481324163 79.38399036628996 713.273492509578,0.69
9,161,4,0.9075887203216553,0.11850550991458342 0.4228725466559623 -0.8984070644226845 0.9755692324426694 -0.2181478842157798 0.026003332928679346 -0.18498950465122488 -0.879539828488102 -0.43839317201801253,11.61233946299798 79.14051210720292 712.9568681862071,0.69
9,161,4,0.9075887203216553,0.11653487805113105 0.4241110275691722 -0.8980809865996657 0.9763427314690003 -0.21474610069599276 0.0252781119452844 -0.18213866394936518 -0.8797806252299988 -0.43910312975957355,11.573951628754813 79.15413206912515 712.7831908766266,0.69
9,167,4,0.9294548630714417,-0.27280210341088784 0.25409344300350234 -0.9279092275633544 0.8569692716153311 -0.3741662157834842 -0.3544055734230993 -0.4372444166386621 -0.8918722807604758 -0.11567694208191637,-45.831916965684115 74.87417934664646 718.5606467881324,0.69
9,167,4,0.9294548630714417,-0.2727849844213499 0.2507452284040711 -0.9288246243004297 0.857141175492547 -0.37510428912211413 -0.35299543560427044 -0.43691802154351445 -0.892425684701412 -0.11260124215885536,-45.929759434449345 75.06025822981948 719.1781520732335,0.69
9,167,4,0.9294548630714417,-0.2771546021062137 0.24723257689041395 -0.9284726056569855 0.8611167880713537 -0.3647459878645849 -0.35417261559635493 -0.42621966617346707 -0.8976839183481087 -0.11180509338203048,-45.850518710234546 74.94703958978937 720.0976062376121,0.69
9,167,4,0.9294548630714417,-0.27471909273286643 0.25796661196615744 -0.9262735272038887 0.8519690399510014 -0.3812678163464327 -0.3588643297729551 -0.4457333003635695 -0.887743250793339 -0.11503801814128667,-45.918932651159736 75.00881106639035 719.0436118691003,0.69
9,179,4,0.9315283298492432,-0.9325467447346609 -0.21073181496901106 -0.29317003776759626 0.34178191795088986 -0.2535370013778564 -0.9049332072004741 0.11636876490965481 -0.9440927343710424 0.30845942919808766,-116.87227986107696 6.265097663105872 759.2753466399893,0.69
9,179,4,0.9315283298492432,-0.9315393424515892 -0.21343137606847887 -0.29441722295812894 0.34494515439204854 -0.26237786649105055 -0.901205135159055 0.11509688929900279 -0.9410658334490315 0.3180374241949726,-116.63073165385397 6.386522711368631 757.8871639196545,0.69
9,179,4,0.9315283298492432,-0.9326292873763307 -0.20824588450582227 -0.29467993469916975 0.34304901365973395 -0.2584674144163237 -0.9030570136552979 0.11189274576576845 -0.943307080049402 0.31249282579551907,-116.83200848351042 6.3234574809253905 758.732143359204,0.69
9,179,4,0.9315283298492432,-0.9314621711565543 -0.2136288802527147 -0.29451812376539604 0.34404894852451545 -0.25383976213816095 -0.903988769939548 0.11835769820122898 -0.943359993151932 0.3099409275924909,-116.80357589044893 6.2689946259105644 759.0761244866966,0.69
9,195,4,0.9160101413726807,-0.4455119606063478 -0.8909015415050986 0.08839420965497644 0.7006727824809266 -0.2855085612288595 0.6538673514983476 -0.5572941277701794 0.35324114257666317 0.7514279408858899,39.39097836168516 -20.069448700039118 740.749239742628,0.69
9,195,4,0.9160101413726807,-0.452249240854284 -0.8872986019307088 0.09039809267088267 0.697863560540561 -0.2889266411174052 0.6553684817888826 -0.5553891203619086 0.35947543318622455 0.7498802157139509,39.60976865111874 -20.05622938258304 742.9309122889804,0.69
9,195,4,0.9160101413726807,-0.4691445149317741 -0.8776204532907467 0.09841627952313103 0.6903119574214672 -0.2949284665704863 0.6606713260368763 -0.5507929062273527 0.3778882633426529 0.744195965373033,40.01998097456811 -20.012024142137662 745.5175913734874,0.69
9,195,4,0.9160101413726807,-0.45362729937127133 -0.8866420943108848 0.08993369702806076 0.6941587458137226 -0.2882448518201379 0.659589676245396 -0.5588970467585658 0.36163614586376014 0.7462260978613378,39.627219813722874 -19.992531185153837 743.1713090260972,0.69
9,204,4,0.8979502320289612,-0.9763268425324745 -0.21223469848576834 0.04174121834857691 0.17577149717586601 -0.6660111800914168 0.7249368860623612 -0.12605664334386782 0.7151122574476635 0.6875494032554923,30.115144789913163 8.680208322612064 745.8590059235933,0.69
9,204,4,0.8979502320289612,-0.975909454341439 -0.21438677079270568 0.04048517550993698 0.17664486990384876 -0.6675064068208034 0.7233476251359593 -0.1280520474793233 0.7130732847065971 0.6892961364856887,30.044815988380172 8.630830875127232 745.1204625342609,0.69
9,204,4,0.8979502320289612,-0.9763517794530869 -0.2118325264053801 0.04317619153543732 0.17661954329062088 -0.6664112278704695 0.7243629009660736 -0.12467052453007214 0.7148587665580434 0.6880655522466661,30.149125284227324 8.673494175577957 746.3954917923572,0.69
9,204,4,0.8979502320289612,-0.9763316599731184 -0.21203682494267845 0.0426248120507616 0.17634763843564039 -0.6663614997276885 0.7244748871416028 -0.12521182113645443 0.7148445541157137 0.6879820225113437,30.135644387353086 8.676589508860676 746.3931243489632,0.69
9,210,4,0.8586576581001282,0.2010623241001609 -0.979331978304778 0.02197312215165409 -0.7632229452773747 -0.17067625407675457 -0.6231856481791416 0.6140559238616394 0.10852876376323844 -0.7817652011994727,-45.809672835795546 47.339665819993115 699.9814489165391,0.69
9,210,4,0.8586576581001282,0.2009925763770053 -0.9793348904128133 0.022475690455615593 -0.7638320018461876 -0.17104672131119836 -0.6223372816120971 0.6133210066490298 0.10791752197308918 -0.7824264510190133,-45.82555880008782 47.303529180888425 699.8735005440141,0.69
9,210,4,0.8586576581001282,0.20002584951152524 -0.9794881573083503 0.024343566293490493 -0.7636265492986329 -0.17141466155011997 -0.6224881581298725 0.6138926231300192 0.10592432911447192 -0.7822505249395455,-45.846580277857825 47.29873473375722 699.6602843872856,0.69
9,210,4,0.8586576581001282,0.1994518119837969 -0.9795788016380147 0.025383972853181558 -0.7620862900217182 -0.1713481538397481 -0.6243911408217158 0.6159898223650402 0.10519116672582812 -0.7806992744876515,-45.90355544721093 47.364262724155644 699.7124621863065,0.69
9,217,4,0.83644700050354,-0.593549686354991 0.7965051625195242 -0.11523148835122521 -0.517660526234036 -0.26821743331083825 0.8124573761418179 0.6162194003818714 0.5418846136844011 0.5715196549945717,-24.104635004093566 4.726308362414216 735.6152499152084,0.69
9,217,4,0.83644700050354,-0.5914026864282911 0.7980613258286249 -0.11550317182682934 -0.5187693306166303 -0.2668857721859359 0.8121886272389501 0.617350179474319 0.5402500391683228 0.5718467024313875,-24.074984637231747 4.723949256677238 735.8134825321557,0.69
9,217,4,0.83644700050354,-0.5966992352890688 0.7940571522515958 -0.11585880011258096 -0.5175802639476588 -0.2704983304734685 0.8117520086719456 0.6132378763394454 0.544338031161844 0.5723944573923953,-24.159175129923764 4.729113633761326 735.8998441033067,0.69
9,217,4,0.83644700050354,-0.5939314954429602 0.7959334639876504 -0.11719769462540103 -0.5230780160554499 -0.27136040521847016 0.8079312592041245 0.6112567118980237 0.5411593585851467 0.5775047885302156,-24.067628315295924 4.620132421432232 734.4131473764114,0.69
9,227,4,0.8772901892662048,0.5423635816441136 0.5541281844458039 -0.6314932307705018 0.8049121730625264 -0.5581084940890486 0.2015720776333276 -0.2407449666388282 -0.6176219426384169 -0.7487222428976035,57.81576851397361 44.24071079659065 704.8392206526636,0.69
9,227,4,0.8772901892662048,0.5437542402425565 0.5583962148864156 -0.6265181509092648 0.8037775266268327 -0.5612294362493198 0.19739100176280114 -0.24139804039778692 -0.6109134039189146 -0.7539972141886957,57.62949329059295 44.357175049374035 704.8031426623842,0.69
9,227,4,0.8772901892662048,0.5445704424799784 0.5517469637074744 -0.6316789700605391 0.8019160701725737 -0.5631698933838414 0.1994248920897497 -0.24571049952359847 -0.6151544190084434 -0.7491404348973882,57.844464973308675 44.31868359821258 705.0105024667821,0.69
9,227,4,0.8772901892662048,0.5426343650651514 0.5562715274193006 -0.6293726508460139 0.8030373277855232 -0.5632962325368047 0.19449525596509815 -0.24633106997174817 -0.6109495414454791 -0.7523706943881676,57.70959001120592 44.43374455997001 704.6821486582289,0.69
9,235,4,0.8866526484489441,-0.12931973827251309 -0.3341278396294953 -0.933613941668426 -0.5630765564010564 0.7997425938111974 -0.20822241780285355 0.8162237419511006 0.49876885470993915 -0.2915620562533454,-13.141394556577655 59.79546219679901 698.9186299137453,0.69
9,235,4,0.8866526484489441,-0.14942273201684686 -0.3506497561525322 -0.9245093810593764 -0.583980835629017 0.7858055368357982 -0.20365667653243752 0.7978967544580292 0.5094648238969719 -0.32218994775903687,-13.258823869291444 58.760891677347495 691.1694077872688,0.69
9,235,4,0.8866526484489441,-0.13591757548732986 -0.34118152018717396 -0.9301191229925421 -0.574695364042204 0.7918867472208629 -0.20649604868946006 0.8070016426390005 0.5064687057052295 -0.30370676469124813,-13.18041622253806 59.23390849576027 695.8161909209292,0.69
9,235,4,0.8866526484489441,-0.14831756221082526 -0.3398731210078463 -0.9287024078552959 -0.5773346067798234 0.7922072830735287 -0.19771791132733718 0.8029238149128628 0.5068470008411256 -0.3137187676632234,-13.386266311337529 59.079471605164265 695.8619133654391,0.69
9,239,4,0.9093482494354248,0.2669181943144896 -0.33896368535271443 -0.9021409521554814 -0.6796838191004784 0.5974265104351776 -0.4255719336166741 0.6832163519683064 0.726763499799868 -0.07092412679594151,-51.07884316431955 53.19241418626568 701.4445653459156,0.69
9,239,4,0.9093482494354248,-0.08565940014654805 0.2962314678963738 -0.9512672519300207 0.28506891312456706 -0.9075737133490285 -0.30829477713356457 -0.9546717665965156 -0.29758506727625944 -0.00670416271226193,-52.63905454803643 59.69215059336684 693.3843509511174,0.69
9,239,4,0.9093482494354248,0.268871855307519 -0.33745663130262193 -0.902125793563946 -0.6667620999997195 0.6107014310216738 -0.4271674895776175 0.6950800151259258 0.7163566040303991 -0.06080286534841295,-50.00787684567413 52.80129439147307 692.0964881760036,0.69
9,239,4,0.9093482494354248,-0.2707725573716986 0.29707063616827534 -0.915658920832952 0.659044637758295 -0.6361175513181794 -0.40126627860686354 -0.7016711392215216 -0.7121119982359092 -0.023539633642700952,-50.047751898971484 52.52514830531891 687.9084546456496,0.69
