scene_id,im_id,obj_id,score,R,t,time
1,1,2,0.797900378704071,0.9332097943984919 0.35797985575514174 0.031143257894003667 0.3517387011446445 -0.8923288576097044 -0.28289414273547325 -0.07348037667161847 0.27495387385975817 -0.9586453992450541,-49.81601235909653 85.77922689840587 736.7233705840177,0.69
1,17,2,0.8273320198059082,-0.22853789239357103 0.973334136575274 0.019776003579358686 0.9299607325080218 0.22427309372213755 -0.2913324826129846 -0.28799907592464313 -0.04818960478741642 -0.9564174267844479,-98.98565411240935 -19.27295144878154 764.5662133747777,0.69
1,30,2,0.6669217944145203,-0.9778363642269086 0.20931911809752982 -0.004642369478310017 0.2007293152218059 0.9309436212209713 -0.30504379377159857 -0.05952971364021214 -0.2992147738779906 -0.9523270091134963,-23.94374021673266 -83.13498192810675 780.9872624405259,0.69
1,38,2,0.7870101928710938,-0.8807714926936845 -0.4726313408357437 -0.029346095446341702 -0.44174623920840367 0.8423792181411403 -0.30863815867315075 0.1705926077043509 -0.2588761644179089 -0.9507267187225259,39.2329743651908 -71.89109540574017 779.3468649423155,0.69
1,57,2,0.8515949845314026,0.5491617847401655 -0.8355109396022199 0.018514966540937136 -0.797632758575988 -0.5306197051609725 -0.28674851515106947 0.24940592741042866 0.14270318251496392 -0.9578269598798346,66.96754395970932 57.13439663899882 744.3055825625878,0.69
1,67,2,0.7007946372032166,0.9897251118717523 -0.14047135858676857 0.026683334634842376 -0.1265018430518583 -0.9472415814097688 -0.2945007133315701 0.06664447940325226 0.28809926043832196 -0.9552786658875836,-2.1024050616825862 93.67888674730828 728.762919598106,0.69
1,76,2,0.8139820694923401,0.7549152566355635 0.6557811967529947 0.007346923442601377 0.5902578899019455 -0.6745190767412685 -0.44341813057272433 -0.28582963231156455 0.339079691366671 -0.8962847673565131,-72.49437306538165 54.8427322639956 729.0038280444164,0.69
1,89,2,0.8144453763961792,-0.2730401152599289 0.9617549393311573 0.02182961591433108 0.8491076199170995 0.2516017072419736 -0.4644489538276977 -0.4521784440434591 -0.10827750267274569 -0.8853308066239367,-96.54324746406542 -31.677463975777474 766.1321778335137,0.69
1,101,2,0.7287918329238892,-0.9691471951629997 0.24643569159997394 0.004812900719147972 0.21796096557900121 0.8659567955251295 -0.4501242559202053 -0.11509444639755344 -0.43518763561191803 -0.8929529608097779,-26.74020528775406 -87.31302362479396 797.0882479572032,0.69
1,109,2,0.7663589119911194,-0.8990919832864528 -0.43728665155284097 -0.0203467433201725 -0.3820758862768635 0.8065633459189058 -0.45108046526739426 0.21366240360854788 -0.3977888301521347 -0.89225132327748,36.660030323904785 -78.34215389243955 791.6812390713612,0.69
1,127,2,0.8428694605827332,0.4414511846668209 -0.8970281836792118 -0.021477645155715847 -0.8008431900313318 -0.38309467645265194 -0.4603136472602987 0.4046863434027652 0.22040623076222848 -0.8874965109252471,74.4225845987338 34.0905626690218 740.5666116400976,0.69
1,135,2,0.770264744758606,0.9088917379598004 -0.4169371181267768 -0.00890214561505541 -0.3744164574993514 -0.8064274430188163 -0.45769760268082066 0.1836521849095456 0.41933067938593777 -0.8890633589928663,26.673080269995566 71.93711406433141 719.6022828933476,0.69
1,142,2,0.8649582862854004,0.9847438123770351 0.17332924768205002 0.015381673612357639 0.16069743592668664 -0.8719346770247347 -0.46250000333876795 -0.06675296301836334 0.45791581202197695 -0.8864858436706831,-29.76104557978757 76.0854054661577 719.2732747230779,0.69
1,157,2,0.7801206111907959,0.09114561018886225 0.9951587291438986 0.03676386203869758 0.7974036324794069 -0.05081966684795547 -0.6013025930179494 -0.5965231970778226 0.08412172888239527 -0.7981751750573864,-101.46126689584932 -14.0914460378462 757.3998020091894,0.69
1,168,2,0.7628304362297058,-0.7683886486144504 0.639065884946518 0.034259004334383725 0.49333281053379313 0.6255649871854407 -0.6043932369397494 -0.40767833242801615 -0.4475078116694763 -0.7959492042608682,-64.04713478085809 -75.6774901772881 803.2352189837259,0.69
1,176,2,0.709587037563324,-0.9997002164527002 -0.018835645543759594 0.015642751720057742 -0.024451724671689472 0.8009530256029963 -0.5982276857000065 -0.0012611046766277815 -0.5984308391404606 -0.8011734770826102,-2.687009874341387 -89.73469932118093 814.8251709359484,0.69
1,181,2,0.7877320647239685,-0.9033110125708159 -0.42892071171972146 0.007499175030310987 -0.34837603191436795 0.7232581764497691 -0.5962648325921578 0.2503264967115685 -0.5412251225288811 -0.8027527712737659,35.92471573842429 -80.24913942633394 804.2223183287447,0.69
1,197,2,0.7513695955276489,0.25400939775685094 -0.9669280001190796 -0.023010181157887888 -0.770483112954407 -0.18790812607253016 -0.6091357063971843 0.5846665703657842 0.17245514994231703 -0.7927321254718296,81.36449087438622 8.24132631541207 744.1821086367705,0.69
1,212,2,0.41758349537849426,0.9999349215026857 -0.005925647285161263 0.009748818578151474 0.0012438660641016352 -0.7928041706038076 -0.6094751839660281 0.011340438996459822 0.6094476464614996 -0.7927452053881543,-13.233006302795111 58.27906636965464 703.3212397668848,0.69
1,220,2,0.7658950686454773,0.7786192485781084 0.6267837590357155 0.029902928831806536 0.445687773776702 -0.518850676066053 -0.7294904963409511 -0.4417176406366733 0.5813227118863137 -0.6833369817268147,-70.48750763980549 21.75161441537739 716.5315385876714,0.69
1,230,2,0.7611905932426453,0.032230946566993435 0.9980352581895726 0.05372885159640789 0.687919202964149 0.016846022246489567 -0.7255917459064984 -0.7250712628952865 0.06034761755814383 -0.6860246561009964,-101.61104987814672 -28.028579353475312 766.9139963904902,0.69
1,236,2,0.8025785684585571,-0.47240911928437335 0.8804265666627069 0.04097175528924113 0.587552861793238 0.34923121942379687 -0.729944648571619 -0.6569712768573216 -0.3207594364851738 -0.6822771616360721,-87.62721751717424 -59.62121146097183 805.48798864119,0.69
1,246,2,0.8205668330192566,-0.9836317677396593 0.17904398895560433 0.02029274531005445 0.10883306965668096 0.6800798521627378 -0.7250150051077652 -0.14361026579760003 -0.7109392693480746 -0.6884340541085754,-20.31645984919585 -87.64953553998348 834.7838495764789,0.69
1,252,2,0.7562286257743835,-0.9419522116739545 -0.3357167314944996 0.004506341886299239 -0.23536352013193634 0.6506909987095533 -0.7219454533338845 0.2394369318080437 -0.6810987449650854 -0.6919352970425314,27.776790870060292 -82.40320327262658 825.6661383238345,0.69
1,267,2,0.7930605411529541,0.06764664104306717 -0.997658221069168 -0.010099796467946898 -0.6875969382808849 -0.03928296823261679 -0.7250291710500958 0.7229345630292856 0.05599037720839889 -0.6886440991090521,84.60128098611081 -15.491414599251929 752.7345564741802,0.69
1,273,2,0.7968529462814331,0.5603129076580542 -0.8282474629836187 -0.007455573282852679 -0.5665728708561089 -0.37669191988321193 -0.7328699608420084 0.6041892315505497 0.41486062425337394 -0.6803278878029748,66.89490073994824 14.781981923695264 725.7122514850414,0.69
1,283,2,0.7835038304328918,0.9937378730517977 -0.11114414526210782 0.011489936311601036 -0.06843745087471075 -0.6867131917917659 -0.7236997357585099 0.08832527939531651 0.7183814941889309 -0.6900193285891478,-3.092027521667343 38.5334131710156 697.387783982507,0.69
1,292,2,0.8504201769828796,0.7794400391968611 0.6259744262846944 0.025084715153723264 0.36669789006545905 -0.4234016097442719 -0.8284103658740033 -0.50794279473021 0.6548947201676826 -0.559559668648623,-70.02718612129613 3.5664491728057337 711.8787374451254,0.69
1,308,2,0.8022011518478394,-0.4988772501352272 0.8664622887184515 0.0190942799365878 0.4489969722729791 0.2772350936707797 -0.8494365319004427 -0.7412983260383175 -0.4151912873196364 -0.5273452253947613,-85.57846036804281 -60.06964428039022 813.1070377104683,0.69
1,314,2,0.8065798282623291,-0.8622761595949973 0.505162288674244 0.035928911693819815 0.2598602070238459 0.5022234019363564 -0.824769257036777 -0.4346866657715952 -0.7018423730787938 -0.564326843195945,-50.3249256720738 -78.29413337345343 842.4434613208713,0.69
1,323,2,0.7306262850761414,-0.9656503297109182 -0.2570448036691684 0.038044837177647756 -0.17468704342263475 0.5337953019711899 -0.8273735628201717 0.19236391966648417 -0.8055994938554547 -0.5603620061267374,21.122673927845625 -81.67504759154967 864.4902987685848,0.69
1,337,2,0.803045928478241,-0.09823868321406026 -0.9951551949857779 0.003911395299165454 -0.5513979479792913 0.05115955625852442 -0.8326722060737094 0.828437966346663 -0.08395735641532331 -0.5537523798767428,85.55308617360538 -32.5924925594755 770.2969547293078,0.69
1,347,2,0.8092074394226074,0.7054735047788236 -0.708735309503212 0.0011811513322222966 -0.3886898986810513 -0.3882935357868964 -0.8355526869859401 0.5926443256443086 0.589001180923686 -0.5494090572170303,56.19779732061459 5.974724149411592 719.0879454624863,0.69
1,356,2,0.8670504093170166,0.9998210752893985 -0.013036509185018197 0.01370645232800703 0.004362996393580406 -0.5461254885736253 -0.8376920167893979 0.018406022645335345 0.8376019341897966 -0.5459708949860711,-11.268608673226392 18.246064439447277 699.801263252397,0.69
1,364,2,0.8394408822059631,0.8120195261491217 0.5832880478586978 0.01998355268078117 0.2428443422220549 -0.30654207413367107 -0.9203578555304261 -0.5307079371964334 0.7522014424414625 -0.3905663520910243,-67.17502449922392 -12.333084193730452 717.9266070507528,0.69
1,375,2,0.7015151977539062,-0.012344712345894848 0.9995724729747637 0.02650432697151267 0.4109871701063301 0.029236023831826663 -0.9111722125473843 -0.9115575429368614 -0.00035522052387493286 -0.41117237228842596,-100.82085792339332 -44.51575235388563 792.704478966729,0.69
1,384,2,0.6535584330558777,-0.7443637063999793 0.6671460703702297 0.028961929908874584 0.2643217457280254 0.33418901210317165 -0.9046832146805839 -0.6132346103489065 -0.6657580829243208 -0.425099385663116,-68.72010430507508 -70.97872157327701 874.7223697031206,0.69
1,394,2,0.4388379156589508,-0.9884552722565187 -0.15043009563431886 0.018082065029795272 -0.06715290044694348 0.32798651293427183 -0.9422925953729977 0.13581849178169725 -0.9326283470175387 -0.3343018151752677,10.581066348204903 -73.92318134002245 884.9263684328077,0.69
1,396,2,0.4530561864376068,-0.9509442327271511 -0.30816834842639956 0.027153918154023085 -0.15463427369222282 0.3974713321291916 -0.9044914491221709 0.2679427320205736 -0.8643198535053971 -0.42562645969648094,25.74528197288126 -73.33735114034036 872.0758896545512,0.69
1,402,2,0.704375684261322,-0.6046580842783211 -0.7958402440454972 0.0320453908460267 -0.34050473380019564 0.22191605963507333 -0.9136792592237719 0.7200313377739396 -0.5633751578066308 -0.405170709935732,68.22520691474966 -62.156617502899735 861.90833678525,0.69
1,418,2,0.6309441924095154,0.6008830620537389 -0.79925401623893 0.011513612068459023 -0.3084144908297969 -0.24510801601291998 -0.919131417335088 0.7374415553676914 0.5487395356743949 -0.3937827756577599,64.62034890370238 -13.845835804364222 726.2185193996827,0.69
1,425,2,0.866742730140686,0.9515214699113286 -0.3073008343121525 0.013156349373577153 -0.11057333765834762 -0.381665085585277 -0.9176629552533305 0.28701991097636004 0.8717212626041871 -0.3971418021650255,17.384130485250772 -3.327070477982179 698.2172557347565,0.69
1,434,2,0.7278742790222168,0.8985087537994639 0.4380163195664112 0.02870057733269399 0.13600556877135586 -0.2156311718523518 -0.9669569188897514 -0.4173541716682779 0.8727226945135992 -0.2533191541751403,-52.59731006425475 -26.89859881075824 707.7303417823924,0.69
1,442,2,0.8226940035820007,0.3770107075352397 0.9258920014866275 0.024226596683506185 0.21592099727220038 -0.06242392052393386 -0.9744133502181713 -0.9006892079628559 0.3725952975139502 -0.2234540107711982,-92.79106158877914 -38.0053211230997 751.3412999343808,0.69
1,455,2,0.7336361408233643,-0.6729782284793966 0.7396203151173362 0.007879940257728646 0.17800334433451037 0.17228664153834683 -0.9688302857328351 -0.7179241696714652 -0.6505990336706392 -0.24760004844177175,-73.43255721896927 -61.32368470209756 872.6895988932974,0.69
1,474,2,0.39018139243125916,-0.6611155637025887 -0.7453985659353434 0.08548209948136537 -0.19853416367831733 0.06392814497297916 -0.9780068395123138 0.723540183599197 -0.6635466601391702 -0.19025097249526235,64.22371833563795 -54.92708087374017 853.3911021054048,0.69
1,482,2,0.7593303918838501,-0.04456242988510972 -0.9988029751580225 0.020169448634459297 -0.22939095973348472 -0.009419755243995409 -0.9732887833545061 0.9723137237719552 -0.047998802345752545 -0.22869660587356333,87.74594782343863 -40.970679689676984 793.1495570038368,0.69
1,488,2,0.7339724898338318,0.4731403264986235 -0.8806463502170053 0.024499740615844312 -0.19797279781280686 -0.13337973607800646 -0.971090426958237 0.8584550091687657 0.4546117594753012 -0.23745135371234571,74.48516554102835 -31.017317482411478 740.2479362339895,0.69
1,493,2,0.8161486983299255,0.7792445637023802 -0.626568895573955 0.01375968893258439 -0.12800879982124325 -0.1806161224884919 -0.9751879631463604 0.613507666707281 0.7581485576036245 -0.22095046389390438,47.22035642923896 -25.194511583628866 715.4063115440532,0.69
9,0,2,0.8873150944709778,-0.0397830863269788 -0.9982145733430944 0.044553020186787196 -0.9488341757398421 0.023761141878522185 -0.3148795247149669 0.3132586997840521 -0.05480030749998427 -0.948085393468074,-42.39864366688657 2.1335802314876866 755.3398422705465,0.69
9,0,2,0.8873150944709778,-0.03968634251884562 -0.9982289508614696 0.04431654182679867 -0.9486689647350816 0.023714631514630602 -0.3153804236166122 0.31377091892963144 -0.054558023370855524 -0.9479299723713348,-42.400722009861454 2.146712138773389 755.448526906163,0.69
9,11,2,0.8328155279159546,0.7995994847747612 -0.600322202318511 0.015934784322018114 -0.5689510839366322 -0.7657728073030707 -0.2998110599736195 0.19218566032685125 0.23066265627237253 -0.9538655098944009,-24.14448753397034 -22.02141592201007 761.2885408067804,0.69
9,11,2,0.8328155279159546,0.7986428152699143 -0.6015304897114716 0.01818580669705558 -0.5699532734260558 -0.7657280314447781 -0.29801652298258385 0.1931914069741953 0.2276436948548816 -0.9543874624407787,-24.223211934618952 -22.073331936099116 761.5998243280947,0.69
9,21,2,0.868886411190033,0.9777190562649606 0.20979289458023273 0.007237983144652127 0.2021793098719609 -0.9318408326803391 -0.3013240601234997 -0.05647099853953817 0.29607364613092507 -0.9534943221596486,3.703595119144186 -23.111236018496733 763.3842029015666,0.69
9,21,2,0.868886411190033,0.9779735166819129 0.20853435075464002 0.009012503767156545 0.20143427773712871 -0.9315995477246981 -0.30256654546010087 -0.05469947368424625 0.29771749568085304 -0.9530856521552444,3.6432551470189476 -23.07975049143907 763.3886083840949,0.69
9,31,2,0.8574733138084412,0.4469640162004327 0.8938394371408304 -0.03569634202188357 0.8547265976443644 -0.43849902219574344 -0.27777878034987885 -0.26394243975016274 0.09364650631572563 -0.9599816250083077,23.90810637163342 -4.005746160867069 761.3105464049958,0.69
9,31,2,0.8574733138084412,0.44661398142319675 0.8940124743531316 -0.03574419251167739 0.8554959607898543 -0.43839051342797686 -0.2755728920060885 -0.26203551795427416 0.09249569415570885 -0.9606153933250754,23.901446205337308 -4.0647215251992295 761.1618292214705,0.69
9,45,2,0.8391809463500977,-0.6829457272869159 0.7303092796259418 -0.015280368869353009 0.6966117916294996 0.6448538181823081 -0.31447665245362394 -0.21981161330394738 -0.22541497125953452 -0.9491422155761375,11.583202815308777 31.664041319997096 747.5382373940624,0.69
9,45,2,0.8391809463500977,-0.6837766926712585 0.7294563491321275 -0.018516729473185778 0.6967659591390063 0.6451761513066995 -0.31347237832092256 -0.21671786438744786 -0.2272469328635757 -0.9494167676839511,11.747686004823343 31.726835295944703 750.5892358345812,0.69
9,57,2,0.8843082189559937,0.721176404688944 -0.692677396415865 0.010130045136478374 0.6646110618283125 0.6959328022299627 0.27197365915800487 -0.19543983681780813 -0.18940844562714262 0.9622513761537254,-1.8544490433694036 -6.080788258620919 756.5280830529603,0.69
9,57,2,0.8843082189559937,0.719114515219454 -0.6948533755748723 0.007287005756478351 0.667980268106813 0.6941171802804843 0.26833505447373035 -0.19151155427451322 -0.1880960565553541 0.9632980837143221,-1.907257105119067 -6.095669155809678 754.9368713557833,0.69
9,64,2,0.886128306388855,0.17203953562823815 -0.9850869318933849 -0.002476851569616162 0.9473316018775034 0.16475529202860284 0.27462434311759965 -0.2701207771812888 -0.049592644227219096 0.961548405112051,3.3595758073683863 -0.25443793544561794 750.6872076874542,0.69
9,64,2,0.886128306388855,0.16497608352574122 -0.9862898110268795 -0.0039115890722353774 0.9476235910664893 0.1574062364140284 0.2779079099130177 -0.27348203143672645 -0.04955487264168232 0.960599756963694,3.347496519872546 -0.17899774337554653 751.310400957716,0.69
9,70,2,0.8701661229133606,-0.2150586057778754 -0.9752735865917076 0.05090409980958549 -0.9268093209876352 0.1873854623240062 -0.3254399653393193 0.3078543139397522 -0.11716705939028269 -0.9441915068366797,-42.818770951692386 8.120083677626605 753.1164352413302,0.69
9,70,2,0.8701661229133606,-0.2139772734609835 -0.9758930247350752 0.042971277798428104 -0.9301766850591882 0.19012513154904664 -0.3140442149216537 0.29830363895618783 -0.10716920559042989 -0.9484353959857323,-42.52678634458081 7.849248149264763 752.263707942346,0.69
9,91,2,0.8840214610099792,0.9997169969526939 -0.0010432048270304778 0.023766314976796793 0.010226236271953041 -0.8831774907797756 -0.4689274398791885 0.021479061795098203 0.4690377719370036 -0.8829168807995316,-3.0778137655535724 -33.8119140610157 772.3636325426322,0.69
9,91,2,0.8840214610099792,0.9997772036343373 -0.0006382221736627846 0.021098240816759328 0.009322236949224221 -0.8834279481817588 -0.4684742856012805 0.018937766271855897 0.46856659403314777 -0.8832251739872501,-3.016572857432946 -33.82322449119252 772.2325736708456,0.69
9,100,2,0.8990427255630493,0.6989417196166776 0.7149969156243423 -0.01612089411163753 0.6282847107641387 -0.6246333758310889 -0.46377954678691924 -0.3416705939926703 0.3140263626601032 -0.885803956163643,19.131925340603107 -21.637844650989337 767.352380625088,0.69
9,100,2,0.8990427255630493,0.6993736000826983 0.7145872100976919 -0.015546275186138686 0.6283510427938429 -0.625049060912984 -0.46312918119212376 -0.34066337420869897 0.31413180452891765 -0.8861544305910509,19.10440519431864 -21.64260700787304 767.1571283629552,0.69
9,108,2,0.8704471588134766,0.06429604120983101 0.9971590998007371 -0.0392396326349774 0.8888762648801649 -0.07509893995220063 -0.4519503677957828 -0.4536132767208553 -0.0058205586192524306 -0.8911796206601283,25.506021186087164 -2.470452784981089 758.3208439047974,0.69
9,108,2,0.8704471588134766,0.06589962814085959 0.9971077409731258 -0.03786016247147392 0.8886345157413794 -0.07590403430059967 -0.4522911396545122 -0.45385673559393225 -0.0038380292290902396 -0.8910664021764347,25.44622672290196 -2.4515782917415594 757.8913245126996,0.69
9,118,2,0.8234875202178955,-0.7202656228397695 0.6932940179060493 -0.02368200352432201 0.6208344141880954 0.6290047030699489 -0.4678864324551523 -0.3094867730856422 -0.3517051154754108 -0.883471249692634,10.942893198251326 19.26958937078307 746.7420525223097,0.69
9,118,2,0.8234875202178955,-0.7213870742689652 0.6920875172086992 -0.024810433320701014 0.6199157648667061 0.6293603083369413 -0.4686257000632349 -0.30871529529226327 -0.35344090144453943 -0.8830483540773302,10.986036169628802 19.285849703016613 746.4302699228303,0.69
9,128,2,0.8592165112495422,0.9857676445781561 -0.16741936226745827 0.015261325001178473 0.1428535095136992 0.8820505499307069 0.4489762824321091 -0.08862858298795864 -0.44040615856830967 0.893413336464512,-3.197476358891264 -16.753479381143105 771.6690796065016,0.69
9,128,2,0.8592165112495422,0.9830819426263782 -0.18294327656756143 0.009036129739621174 0.16027595096522723 0.8830590147045982 0.4410423971582963 -0.08866517706596325 -0.43213254229190956 0.8974407792540923,-3.4652633777278017 -16.961104935260046 770.6590440744178,0.69
9,136,2,0.8827292323112488,0.5655976339480657 -0.8244791365537089 0.018261157137507145 0.7322943242276357 0.5122956043934281 0.44866272011742037 -0.3792681626189316 -0.24039003121349078 0.8935145738692999,3.4753971311012926 -11.232988893758295 766.2017011769473,0.69
9,136,2,0.8827292323112488,0.5655330176288895 -0.8245411832376005 0.01744256623033938 0.7323484418154985 0.511801417075295 0.44913814049814493 -0.3792600239175935 -0.2412284117280914 0.8932920505820976,3.4706052781273806 -11.212480991417035 765.4129187176994,0.69
9,147,2,0.8357737064361572,-0.008396388949476696 -0.999957904108614 0.0037000896363904023 0.7946765466641126 -0.004426582547396807 0.6070169615002134 -0.6069750298279244 0.008037124962279707 0.794680261355302,4.767196247376142 -10.507448498941077 755.7465430693102,0.69
9,147,2,0.8357737064361572,-0.008012353488152879 -0.9999622042072049 0.003375255345764272 0.7945975537751209 -0.004317570773567869 0.6071211461621224 -0.6070836266332464 0.00754643887429407 0.7946021152338708,4.7612643134003445 -10.50041781041088 755.9800600908295,0.69
9,161,2,0.869992733001709,0.9745975923395198 -0.2226605520625689 0.02412077032773144 -0.16614164651677882 -0.7909987711270743 -0.5888275616580396 0.15018816963630938 0.5698624593975732 -0.8078986886179758,-9.929590711687844 -41.62469134802123 780.7686794396627,0.69
9,161,2,0.869992733001709,0.9744316067621498 -0.22319886558317426 0.025793606675281314 -0.16562333801959322 -0.7911164351067743 -0.5888155025194197 0.151828698361616 0.5694884129693363 -0.8078558001571099,-9.97706208802918 -41.616655502066386 780.6129740347366,0.69
9,167,2,0.8417037725448608,0.454741943250909 -0.8906170162341276 0.0033309822285115254 0.6424892796078161 0.330635398903396 0.6912942633792223 -0.6167797748284363 -0.31222037631489047 0.7225656689715971,-16.120279509702076 -4.405834020509133 764.3842318276693,0.69
9,167,2,0.8417037725448608,0.49829990976702 -0.8669350960948414 -0.01098813383644709 0.6559015264398105 0.36865246927224293 0.6587021667744875 -0.5670012235790205 -0.3354383640231182 0.752323545026598,-16.434802452766938 -4.970405293265475 765.4111537229049,0.69
9,179,2,0.8300459384918213,0.2209423357591963 0.9752721260341538 -0.005363249956177929 0.7867168070923795 -0.1814709618078758 -0.590038096616563 -0.5764209830563445 0.1261450363722112 -0.8073575912140862,25.16468786404081 -16.22021097480667 764.5838509957852,0.69
9,179,2,0.8300459384918213,0.22087233903050907 0.9752871266615581 -0.005516377383213256 0.7868420470315844 -0.1815316607312234 -0.5898523960918617 -0.5762768456864618 0.1259415607351537 -0.8074922416997308,25.168527933285823 -16.227565218857393 764.5902789312399,0.69
9,195,2,0.7214463949203491,0.04220645126932587 0.9989307410557434 -0.01886769845724301 -0.8043963731537392 0.045175733739923896 0.5923728791379379 0.5925918412603742 -0.009824848847841017 0.805442972541667,-9.910917316316484 -26.002540435622237 766.9430348151221,0.69
9,195,2,0.7214463949203491,0.03849245080805863 0.9989120791784682 -0.026324689972330617 -0.8050932220269047 0.046606883712617564 0.5913143852782003 0.591897993810696 -0.0015673104187356457 0.8060113575260119,-9.99012598116946 -25.99828277623804 766.1021564578,0.69
9,204,2,0.7633909583091736,-0.9206273198503805 -0.3896220564314855 0.025298045126170746 -0.32249233060630944 0.7222840539744504 -0.6118042514353297 0.22010005598639953 -0.5714021338044981 -0.7906045578153784,-26.231278358180855 7.596824784945946 747.1640384865887,0.69
9,204,2,0.7633909583091736,-0.9208634951061103 -0.38909486115512704 0.02481153771194966 -0.32226545443301524 0.7237926885072921 -0.6101386079756537 0.21944338736913732 -0.5698502725155605 -0.7919060971187812,-26.25122639315224 7.551439683024023 747.7955242729133,0.69
9,210,2,0.7740539908409119,-0.613742676795894 -0.7882556212877199 0.04441848925528408 -0.6489979899981124 0.4716784606086205 -0.5969263260874762 0.44957928739858666 -0.3951866714682984 -0.801065514821345,-38.15490681615707 -3.1417684362067746 752.5309467147629,0.69
9,210,2,0.7740539908409119,-0.6142071961220674 -0.7878790699984771 0.04467763747338005 -0.6485367259845359 0.47170329522897936 -0.5974078308152492 0.449610537333287 -0.3959072774381106 -0.8006920708926846,-38.16131278620812 -3.128767489775802 752.3151200424389,0.69
9,217,2,0.7677784562110901,-0.43951289970767604 -0.8982314737243725 0.0029377885378158997 0.6069597596677313 -0.29457684893290637 0.7381221648323874 -0.6621391554157183 0.32619733242885685 0.6746606844789884,5.415269545794333 -21.219142046456554 765.8544895247499,0.69
9,217,2,0.7677784562110901,-0.44278708931973054 -0.8966092199346214 0.0056125092419235245 0.6008901570590055 -0.2920897918433074 0.7440528023269162 -0.6654852460283134 0.3328294762023985 0.6680972437373711,5.386418792926587 -21.07018154096901 765.5693520681546,0.69
9,227,2,0.7912026047706604,-0.6040316266375769 -0.7963136319888736 0.03209974346085126 0.5552500329288411 -0.39159987049472456 0.7337212974699838 -0.5717020158737283 0.4610142524230725 0.6786918771494994,-1.8447075895736627 -15.372457368498345 753.6610769830243,0.69
9,227,2,0.7912026047706604,-0.5855597212306394 -0.8101794086977512 0.027002566442070497 0.5675578213679129 -0.38596522619488804 0.7272612760022613 -0.5787900588956278 0.44118042781892697 0.6858293503730387,-1.9334778678086544 -15.37065385906444 759.1342690481204,0.69
9,235,2,0.8162640333175659,0.9996688073902262 0.018886221587858763 -0.017481023000304328 0.0011608342811763386 -0.7116792299453956 -0.7025036128932727 -0.025708519886888024 0.7022506563175743 -0.7114654508173692,-1.3896798111103335 -47.883872995380194 801.942427250801,0.69
9,235,2,0.8162640333175659,0.9997061567530002 0.01809219062930677 -0.01613297208758057 0.0015364469855336446 -0.7114938989783597 -0.7026905941075581 -0.024191723394716508 0.7024593257654177 -0.7113126289926175,-1.4338578190437343 -47.89398718312772 802.193449879285,0.69
9,239,2,0.8074536323547363,0.9406747097247888 0.33910534692918937 0.011775150454175667 0.24899010874351715 -0.6662884776941684 -0.7028965715095495 -0.230510338666351 0.6641289243633511 -0.7111945975553402,8.856744483416813 -45.338188529566 808.226483745602,0.69
9,239,2,0.8074536323547363,0.940868166778392 0.3384094350635358 0.015689072727426645 0.2515465484768795 -0.6668458919940499 -0.7014562639823163 -0.22691722431855377 0.6639244012616488 -0.7125397972863865,8.751665322793235 -45.37222855992364 807.9448690431192,0.69
9,248,2,0.8421632051467896,-0.5019585811412712 0.8644025017887131 -0.0290843208628897 -0.5751102850116565 -0.30847281320399067 0.7576890414859033 0.6459765807616038 0.39705520827138086 0.6519673448050274,-21.792855151069308 -22.621017569350187 777.3638959683399,0.69
9,248,2,0.8421632051467896,-0.5036832673085057 0.8633932496152543 -0.029244875657795488 -0.5739080396796863 -0.3091179986237773 0.7583374083597947 0.6457032818752342 0.3987457328243673 0.6512058908900549,-21.8020573392644 -22.600987467392915 777.0167642514239,0.69
9,254,2,0.8135824203491211,-0.10215255384117294 0.9947670547332483 -0.0018337287326429252 0.6807753789145119 0.06856444277147034 -0.7292762169790268 -0.725334225862484 -0.07574578539282834 -0.6842169515495029,24.69390260230293 -17.77871891990111 760.1865928252283,0.69
9,254,2,0.8135824203491211,-0.10214236428376999 0.9947684508182315 -0.0016329957801437534 0.682066723664088 0.06883915252915451 -0.7280426879992715 -0.7241214828249875 -0.07547781353327632 -0.6855298518486106,24.714774534168146 -17.83778584553126 760.6882992245593,0.69
9,269,2,0.7707351446151733,-0.9859805955244847 0.16636671079240925 0.012821185175225472 0.1080098356975233 0.6949144105311051 -0.7109344818116509 -0.1271854576662622 -0.6995827896513188 -0.7031413654322307,-8.045964396478297 -2.3249188627363777 736.5392454929341,0.69
9,269,2,0.7707351446151733,-0.9859395247443423 0.16669308816002337 0.011690504975227466 0.10875074135284257 0.6931967132518128 -0.7124967319167796 -0.1268721001722139 -0.7012073381650814 -0.7015780349336298,-8.022399557187532 -2.2645911377966446 736.1690412518693,0.69
9,278,2,0.8475466370582581,-0.8202551373981812 -0.5703800507194996 0.042989618666754686 -0.4160365172722616 0.5433378931912143 -0.7291759390699203 0.3925495202746515 -0.6159955613182241 -0.6829746280561144,-32.189790945517544 -8.275941207463443 751.9423838453189,0.69
9,278,2,0.8475466370582581,-0.8204707110732612 -0.5701130507724054 0.04241369601812919 -0.41562091060838807 0.5439018046557319 -0.7289925140612162 0.3925392603753055 -0.6157450253402125 -0.6832064057316718,-32.189000215586866 -8.283345536240219 752.0355077343866,0.69
9,286,2,0.7688587307929993,0.16515280302762814 -0.9860246426740159 0.021907891082822095 0.6705686888034711 0.1285492709159406 0.7306248822366876 -0.7232303818621775 -0.10597400146526248 0.6824275241847515,6.117829065796046 -23.553343059001904 759.666304993437,0.69
9,286,2,0.7688587307929993,0.18457765955999006 -0.9827048575881198 0.014908067080269205 0.658559743337433 0.13492592436931683 0.740333748648824 -0.7295410557649864 -0.1268312177888346 0.6720741701237374,5.920808693633923 -23.370208225488845 763.9129812700492,0.69
9,304,2,0.8252528309822083,-0.8702610069603025 -0.49225807726637644 -0.01810428486439364 0.2534157799837817 -0.47892402841618154 0.8404833237255981 -0.42240528195046584 0.7268519521688218 0.5415348718307256,-6.928452377622762 -24.009468344260583 746.6741643057775,0.69
9,304,2,0.8252528309822083,-0.8768545332090762 -0.4805921347786444 -0.012543029123721017 0.25686824965838384 -0.49039860706247196 0.8327832302037701 -0.4063801544221019 0.7270078446482491 0.5534571021423214,-6.804544742232049 -24.207983219798606 749.1152918771982,0.69
9,310,2,0.7409682273864746,0.9658454429111321 0.2571684845796248 -0.03173249039735894 0.11849723252099892 -0.5472720939566675 -0.8285237842459017 -0.230436512498917 0.7964657090643039 -0.5590540116947851,7.027073938828291 -48.73297161755415 804.45863680486,0.69
9,310,2,0.7409682273864746,0.968682888006864 0.24710819378955684 -0.024310554184227742 0.1212889963947592 -0.556336284469021 -0.8220577339437645 -0.21666204521381577 0.7933646571062185 -0.5688849435681165,6.535870045108976 -48.478165465553516 797.6047166481094,0.69
9,319,2,0.8042852878570557,-0.6512674004445829 0.7583351491990423 -0.027902949797837973 -0.4355157715044239 -0.343408954882372 0.8321035407192441 0.6214312398721686 0.5540740845734102 0.5539179748979774,-20.701909329792546 -29.90944717703298 764.1980323901965,0.69
9,319,2,0.8042852878570557,-0.6453207409053121 0.7635532647272371 -0.023399856448221512 -0.44010790522171017 -0.3465731866971955 0.8283671034172647 0.6243926433893802 0.5448609347227319 0.5596966934816511,-20.473899996666407 -29.899917844129945 761.4984408325428,0.69
9,329,2,0.6912122964859009,-0.3143002854288781 0.9492639638323329 -0.01064225298762933 0.5474981212887137 0.17209509042198023 -0.8189194630963286 -0.7755392561080672 -0.2632132345114461 -0.5738097728458165,23.315963292049858 -24.58081842414283 774.2250978002497,0.69
9,329,2,0.6912122964859009,-0.31246436936684785 0.9498818849878446 -0.009509071885181797 0.5452009436146493 0.1711288805201625 -0.8206526898351165 -0.7778958471144285 -0.26160908016323753 -0.571348177750022,23.270222218898716 -24.515157543830796 774.4372074478573,0.69
9,344,2,0.7579494118690491,-0.9983780220165386 -0.04288756506803787 0.03744304897946789 -0.0545088821104842 0.5302114017407419 -0.8461114886557107 0.016434930039685252 -0.8467800931922363 -0.5316891637488377,-15.128069696484003 -14.168828142450717 743.6421075631599,0.69
9,344,2,0.7579494118690491,-0.9983446694128111 -0.043624961103267905 0.03748044588534297 -0.05493747179875758 0.5304341215302647 -0.8459441570864931 0.017023373560680493 -0.8466029207870446 -0.5319527227747398,-15.11041327810271 -14.172305542880888 743.4316063829255,0.69
9,356,2,0.7539086937904358,-0.4586862199303583 -0.8880806375515798 0.030327097651748847 -0.483243958029563 0.22065965768482343 -0.8472216902902916 0.74570921187412 -0.4032643012670427 -0.5303731466144217,-38.878777040296704 -26.66834406910325 759.9473536913392,0.69
9,356,2,0.7539086937904358,-0.4562956533786091 -0.8892800774619913 0.03122852121031483 -0.4843608043463333 0.21878255078238007 -0.8470707211833781 0.7464508610221849 -0.4016405598322337 -0.5305619405657445,-38.84362635938533 -26.69868588773906 760.2754279091321,0.69
9,374,2,0.6875923275947571,-0.883390166760885 -0.46781687374922387 0.027734201010293502 0.22125727643314186 -0.3641729963005156 0.9046674783537283 -0.41311866442411543 0.8053107483456359 0.4252147312869431,-4.46514795908194 -33.74769857967104 772.0296826312177,0.69
9,374,2,0.6875923275947571,-0.8764149375857717 -0.4812126049598012 0.01820126381135148 0.19782289881761458 -0.32531266079450094 0.9246825257515132 -0.43904778541740075 0.8140062048624719 0.3803037477667972,-4.64696954989484 -33.083475652248666 773.6841822108958,0.69
9,380,2,0.6933635473251343,0.827681786681158 -0.5611636003519 0.006186569031301159 -0.19812167300745365 -0.30249581442012885 -0.9323326042475565 0.5250625321626117 0.770449022258057 -0.36154894747542876,-75.81091171343824 -13.02162639897816 753.1319500350716,0.69
9,380,2,0.6933635473251343,0.8566507680393755 -0.515883757890792 0.003661961499364791 -0.1746675881559316 -0.2967086765431446 -0.9388584530757583 0.48542836265028644 0.8036341889245945 -0.34428388740423466,-74.62015189613034 -12.575409812405749 749.4922661433112,0.69
9,391,2,0.7494409680366516,-0.6729593065939974 0.7383467231356088 -0.044383421493116304 -0.3429010439220618 -0.25824227296717184 0.9031776140549043 0.6553965560984336 0.6230209024484316 0.426966403088879,-20.921141043475096 -37.994320602171314 767.3678529404365,0.69
9,391,2,0.7494409680366516,-0.6524440649001184 0.7568906226834833 -0.03785931154180738 -0.3366397263232839 -0.24470351822424607 0.9092820700033961 0.6789627654279689 0.6060006381700316 0.4144548102024147,-20.70420004523845 -37.88701582521451 771.2748758403045,0.69
9,402,2,0.7363075017929077,-0.4342645566959029 0.9002631968204529 -0.030667103683425012 0.379552015315547 0.15199913401864307 -0.9125987787234265 -0.8169177207452523 -0.4079490650904859 -0.40770454722038707,21.661657498084256 -30.858179513841606 756.0991376144124,0.69
9,402,2,0.7363075017929077,-0.44035186023767836 0.897182541446525 -0.033966549850852845 0.3763295165270514 0.15009609088388498 -0.9142468258035639 -0.8151480443304344 -0.41537290574245556 -0.40373136489420425,21.854428254191102 -30.795958561381344 756.4897973007863,0.69
9,414,2,0.6610604524612427,-0.9935634556904418 0.10546736778591859 0.04133151157140502 0.0014936384590008567 0.37703737917922797 -0.9261968385531301 -0.1132670674142365 -0.9201735972271585 -0.3747680914984759,-10.140197143289203 -25.424652614709842 753.0841749396611,0.69
9,414,2,0.6610604524612427,-0.993779111329947 0.10385674921509992 0.04021011721858994 0.0021813051729955985 0.3791349043781338 -0.9253388385828867 -0.11134774264439834 -0.9194946981492906 -0.3770028916113797,-10.107060952178875 -25.531795431537176 753.9311850553322,0.69
9,417,2,0.6441218852996826,-0.9841998726014656 -0.17389965366724916 0.033309476514503764 -0.09218075836778702 0.342622496596243 -0.9349398550777999 0.1511731409940243 -0.923238179063544 -0.3532392194553611,-18.140979202729532 -25.577275646498776 751.2627359024284,0.69
9,417,2,0.6441218852996826,-0.9834318836241973 -0.17834035922502714 0.0325030235955266 -0.09282590282837874 0.3414103526398684 -0.9353193694532457 0.15570832359080702 -0.9228400118015089 -0.35230843104122767,-18.060985131444035 -25.562132595185048 751.4319238053644,0.69
9,431,2,0.7130848169326782,-0.24434728576723708 -0.9676466171683085 0.06288424461591235 -0.3880766386200066 0.03815373538775668 -0.920837018713604 0.8886455572924346 -0.24940793242936488 -0.38484380824657727,-43.31948892309011 -40.083269727947616 797.3238122913214,0.69
9,431,2,0.7130848169326782,-0.24267547392258093 -0.9680662174930033 0.06290002309411691 -0.41120343988149494 0.043922072206380225 -0.9104848063546824 0.8786468832165041 -0.24681703774635805 -0.4087309683545355,-42.95490912296182 -40.1615567527235 792.1554396042001,0.69
9,437,2,0.42641592025756836,-0.17708682318632762 -0.5613632981231783 -0.8084005842242089 -0.963499333685112 0.26644102312490214 0.0260425648602593 0.20077173865392506 0.7835052193294076 -0.5880563580486631,32.19053188066892 -22.168390564802767 910.3945521226767,0.69
9,437,2,0.42641592025756836,-0.17741355015771854 -0.541279335483558 -0.8219130812920018 -0.9612588714554947 0.2743390243051067 0.02682315774532984 0.21096401178528879 0.7948300325992973 -0.5689810234178787,32.8020211192247 -22.055648439700807 912.7312515257115,0.69
9,465,2,0.6677796244621277,0.9988648757745573 0.03150598340812641 -0.03572580234739298 -0.017800500835801217 -0.44878409812122433 -0.8934629121813138 -0.04418259967309265 0.8930846579597067 -0.4477138501354643,23.080162623528793 -46.37848117637623 756.8882278896776,0.69
9,465,2,0.6677796244621277,0.9991131047294193 0.011034231041266863 -0.04063557189542791 -0.03062726428502518 -0.4718285935990427 -0.8811581861077867 -0.02889592774692948 0.8816212474797086 -0.47107218274057194,22.491033496612495 -46.392705794169046 749.4113831498368,0.69
9,477,2,0.718245267868042,-0.546167676442862 0.8359587967879821 0.0536074554683843 0.1651364850234588 0.17018849820631532 -0.9714761018122763 -0.8212373655180959 -0.5217362984794794 -0.23099875394865088,14.250474431043036 -37.78880520123625 756.4057071759446,0.69
9,477,2,0.718245267868042,-0.5454100099147063 0.8365517904580162 0.05204827534441181 0.1607121304473233 0.16532145213450655 -0.9730572586396038 -0.8226174883941643 -0.5223503798654936 -0.22461199532182574,14.308561428173398 -37.758095681175554 757.9798836620157,0.69
9,484,2,0.5065047144889832,0.9735906990204504 -0.1952571221985818 0.11830387572518061 0.018725662381914004 -0.448149709174231 -0.893762377668366 0.2275313172933112 0.8723740564676258 -0.4326580696727964,28.09683942447658 -105.20974518264552 1256.9232189037841,0.69
9,490,2,0.41131824254989624,0.964618157389142 -0.02209008081682541 -0.26272388312576866 -0.21313441985909798 -0.6519042041115686 -0.7277325248557935 -0.1551951336431081 0.7579795096116837 -0.633546788723871,2.223825665669473 -60.767284662218024 881.843378329939,0.69
9,490,2,0.41131824254989624,0.9698753475964628 -0.08234568399562 -0.22926185564095503 -0.21854539056000535 -0.7098671983500859 -0.6695718579596776 -0.1076091185244788 0.6995053602610156 -0.7064789654168704,0.10714068080685113 -65.2496912857978 907.3705472855843,0.69
12,2,2,0.8224648833274841,-0.9194717862246495 0.39308866606959897 -0.00727564048562572 0.37562348563673836 0.8728534989217667 -0.31150243411269923 -0.1160975080480188 -0.2891506009463802 -0.9502175006793907,-48.7836572294023 9.316868151525776 770.9346392608498,0.69
12,2,2,0.8224648833274841,-0.9194190038298045 0.3932257933960437 -0.006493905193490919 0.37571513946400825 0.8733574783388504 -0.30997556195149534 -0.11621888561740246 -0.28743728087646614 -0.9507223465282557,-48.819630623147326 9.275666670423076 771.1682573278869,0.69
12,7,2,0.8416364192962646,-0.9994471506607363 -0.03210290947030797 0.00864848192905723 -0.03318974340622824 0.9480465860153342 -0.316395498825913 0.001958052288563197 -0.31650762067951976 -0.9485879464145772,-42.07868459499294 -5.981602401856271 776.0407824325741,0.69
12,7,2,0.8416364192962646,-0.9994105515487732 -0.03248776981612244 0.011094785502748623 -0.03432883716865826 0.9484164753024822 -0.3151630059405195 -0.0002835341692011056 -0.3153581046797288 -0.9489727000399879,-42.16250178893469 -6.023456167684789 776.4304430962163,0.69
12,14,2,0.8112406134605408,-0.8022085551083002 -0.5968908152727173 0.013519939131674055 -0.5703880771972198 0.7595056023403813 -0.31274379515001227 0.1764054293447671 -0.25859736011151657 -0.9497412962702227,-22.817754616713 -20.289341719552954 783.0014190950588,0.69
