scene_id,im_id,obj_id,score,R,t,time
5,7,9,0.8509780764579773,-0.25274290901245244 -0.40187472639512534 0.8801236993904704 -0.9197169879354666 -0.18264180088413307 -0.34750918645801876 0.3004025366850896 -0.8972952005079736 -0.3234495928247858,6.473545648474916 -57.81891931549083 782.1795006869138,0.69
5,20,9,0.8832148909568787,0.7681810961581459 -0.2366636789505226 0.5948849523822851 -0.6018257046917914 -0.5839065781024908 0.5448476201846434 0.21841159464986828 -0.7765586977906079 -0.5909762805800736,55.996390024824834 -9.630553380843834 766.686062716654,0.69
5,25,9,0.893086314201355,0.9632191823490602 -0.052461443565074956 0.2635462078912848 -0.2339516269708686 -0.6462013592253026 0.7264230444947729 0.13219471620488998 -0.761361675075939 -0.6347069849411371,55.404308217818176 17.256188592951368 756.5827318718067,0.69
5,31,9,0.9013193845748901,0.9628422868387755 0.1081303377006511 -0.24747234339178248 0.25896355096384793 -0.6296845075497501 0.7324174357728134 -0.07663295601287795 -0.7692887955901683 -0.6342886874540303,40.6372726361692 46.407952756698634 751.1411083249042,0.69
5,43,9,0.9318872094154358,0.25534667081608076 0.411061142796063 -0.8751153150221627 0.9321524892527789 -0.34496761072843785 0.10995037211470132 -0.2566901137227379 -0.8438163807556169 -0.47125799843132654,-23.346233299868004 65.73327451388828 749.4177870724394,0.69
5,56,9,0.8485426306724548,-0.7703296847708403 0.2823615426025865 -0.5717203302489307 0.6098960440903174 0.06464482035928854 -0.7898404032484647 -0.18606179662639005 -0.9571274765984954 -0.22200901192599565,-72.96025827793967 15.804685317903692 755.1208870279154,0.69
5,64,9,0.8819136619567871,-0.999097896677668 -0.04244925577983395 -0.0012056276369961857 -0.004452894400395275 0.13295379685930053 -0.9911122336204691 0.04223226948341497 -0.9902127794491619 -0.1330228808508005,-65.18563109504954 -26.600335065250064 762.5092026089733,0.69
5,70,9,0.9359305500984192,-0.8644187991358305 -0.22194294342230936 0.4511335385067389 -0.4842395820340909 0.12614524553228845 -0.8657940888115649 0.13524853748569218 -0.9668654026774568 -0.21651587981795073,-42.984950479326386 -51.253425013333796 772.9856541139865,0.69
5,81,9,0.9345899820327759,-0.12495365091042698 -0.4063872844495343 0.9051165450713454 -0.8764657251830302 -0.3823120683996457 -0.29265220815051124 0.464967114647413 -0.82987159090652 -0.3084132372365711,14.585487254612946 -62.11307264514255 790.3806308771797,0.69
5,86,9,0.8850506544113159,0.30954254802876635 -0.3643460038447617 0.8783139532321069 -0.8465383155820823 -0.5262773779411893 0.08003125463715616 0.4330776965064233 -0.768299493003672 -0.4713380929216213,38.54541559313829 -49.6246380491049 793.734355491741,0.69
5,94,9,0.8885403871536255,0.846417554542271 -0.20139120093623433 0.4929694793272125 -0.4729460801883174 -0.7097531819319849 0.5220846923363376 0.24474339336780354 -0.6750496314515577 -0.6959947316466761,57.55622417139968 -12.509578286398934 769.0398090471632,0.69
5,100,9,0.8335230350494385,-0.9989817064284174 0.0432313338348002 -0.012907439569158371 0.027007840029464505 0.8021790423246407 0.5964724307393136 0.036140376288996634 0.5955164446343916 -0.8025297735110539,53.76564416482921 18.57837962251324 760.9020644405856,0.69
5,107,9,0.8824822902679443,-0.8426643842599448 -0.24388372563527433 -0.48003902327838555 -0.49528475324894233 0.7008086726713989 0.5133811620109238 0.21121020027200968 0.6703640299708885 -0.7113383995133731,24.169801530693842 43.578733596590055 737.2317170014362,0.69
5,117,9,0.8479881882667542,0.12341535581358865 0.4143498164953354 -0.901711084283479 0.8879756983066869 -0.4517666980511381 -0.08605817653613013 -0.4430212287985274 -0.7900766292596269 -0.4236875154304043,-31.541689040284997 47.47977624692732 743.6290587890421,0.69
5,127,9,0.9031893014907837,-0.6772805311043353 0.3467620375340199 -0.6488814772454863 0.6556626902464868 -0.11562473174427801 -0.7461483485392186 -0.33376266838244373 -0.9307991248031546 -0.1490485506803476,-70.87883485011241 10.650790071031158 752.2140670540119,0.69
5,138,9,0.8765677809715271,-0.9869645529873985 -0.10648609697528798 0.12067179578242088 -0.12364230386419366 0.021724982807347915 -0.9920890110353883 0.10302209394852702 -0.9940768261422203 -0.03460797430464346,-60.7461992566547 -43.45939403730628 773.1326211851447,0.69
5,149,9,0.8305731415748596,-0.4221479940212114 -0.36272847400728914 0.8307942737454386 -0.7255592761777032 -0.414225399601021 -0.5495280293832717 0.5434655535508712 -0.8347726471738984 -0.08831658753556582,-4.5315072161803664 -71.46419098261599 815.8020743242581,0.69
5,171,9,0.8309028744697571,-0.996735298220357 0.01705105593497169 0.07891772154008929 0.05271805378173261 0.8777656464495104 0.4761809285539893 -0.0611518772160181 0.4787867285175891 -0.8757989018652523,52.62993193484254 2.458220914304034 754.6948014691953,0.69
5,188,9,0.9021762013435364,0.168104265282348 0.42153947387817114 -0.8910922668031616 0.7878140953728522 -0.600802112326682 -0.13559414794028557 -0.5925284019570174 -0.6792210934491891 -0.4330921369500391,-28.317734539093667 31.78868118711036 734.4228082526399,0.69
5,195,9,0.8853395581245422,-0.4279747253068531 0.3592040706869264 -0.8293431558169786 0.7294411814649722 -0.40451020356957845 -0.5516222058538651 -0.5336227106125726 -0.8410374134424936 -0.0888980984523895,-60.427732644081765 12.232224416938706 749.6126940031265,0.69
5,208,9,0.8758125305175781,-0.9988205398266565 -0.041260795577391644 0.02559445191261768 -0.017973106240054174 -0.17549639297688646 -0.9843159977894224 0.04510539515923041 -0.9836150480754263 0.174547817308343,-65.39264892595554 -44.2728677150353 778.6931346859891,0.69
5,215,9,0.8364593982696533,-0.8241872700875637 -0.24068002210666395 0.5126289796571635 -0.4492526686459709 -0.2732595719797557 -0.8505887643485034 0.3448004981726133 -0.9313443687917892 0.11709091843410113,-38.690961413522615 -67.3366335940497 807.7549893245063,0.69
5,221,9,0.8520798683166504,-0.46799593218572144 -0.31919419042555175 0.8240721304935597 -0.6043738156317137 -0.5647319928593006 -0.5619698098829923 0.6447573950226404 -0.7610472028985716 0.0713796646383219,-7.950074483771018 -72.97674495848639 829.8460269725861,0.69
5,239,9,0.8992692232131958,0.8974564564595172 -0.17458823383274763 0.4050812972309245 -0.28842041653491446 -0.9270866294973066 0.23942440296082995 0.3337447708728231 -0.3317066927490087 -0.8823746924637863,58.825194153782 -26.302875355385442 779.4960939515213,0.69
5,247,9,0.8772705793380737,-0.9734845712546936 -0.10619886341608159 -0.20260698640026795 -0.16773077473349568 0.9336331899632937 0.31653665475939086 0.1555447740567559 0.3421269764401762 -0.9266903232771648,43.374073293250675 1.2717265567627054 743.4242737309363,0.69
5,254,9,0.8538550734519958,-0.6770032411879663 -0.3167177457634375 -0.6643466572050433 -0.5178250677556134 0.8464274859430552 0.12416807256301204 0.5229950388147894 0.4280775403576385 -0.7370385395733874,9.484464723874675 15.848594858330783 731.3616342228097,0.69
5,280,9,0.8403550982475281,-0.999540306247451 -0.027788326159477645 -0.012123741831924113 0.020019658793758586 -0.30464419624692285 -0.9522558096198985 0.02276816743908347 -0.9520607767481661 0.30506046602131975,-66.81094097932228 -49.944990630062264 797.9713196209855,0.69
5,290,9,0.7596282958984375,-0.7148624271363184 -0.37323537591477607 0.5913265294526604 -0.36964448047283693 -0.5161295907722852 -0.7726404102719454 0.5935778536339935 -0.7709121867599379 0.23099725535224902,-30.077756955815843 -82.61532615404583 912.0534857862588,0.69
5,293,9,0.8125757575035095,-0.5613410363381854 -0.29843838835619263 0.77190075092471 -0.49143887317325385 -0.630252562301644 -0.6010570202954256 0.6658709145600035 -0.7167400059070036 0.20712240119179182,-12.528668886048337 -81.74582131107272 918.3174173732381,0.69
5,306,9,0.8357614278793335,0.5802346599553275 -0.29363957707483723 0.7596733101549878 -0.4290429690577191 -0.9030316936452278 -0.02135160355498017 0.6922787517240888 -0.31354355207457657 -0.6499542836721635,51.56773035533613 -52.28570706462637 814.4998237359092,0.69
5,317,9,0.8697406053543091,-0.9987070776239988 -0.02819169122395657 0.0423013197154089 -0.02298047968946144 0.9926302585200809 0.1189834754224278 -0.045343915324709244 0.11785753440612239 -0.9919947232353281,50.67178019002037 -17.612773329857617 755.3403100778016,0.69
5,324,9,0.8904748558998108,-0.8324937703538369 -0.2674404207212179 -0.48521103005446137 -0.33523552299001724 0.9404186653255836 0.05683201591407416 0.44110233103857327 0.20997227262594914 -0.872548209717166,22.977604917813473 -3.733929966750635 739.4276388754696,0.69
5,332,9,0.9074744582176208,0.2618457542540136 0.4247685923569696 -0.8666074335742945 0.5429798338562488 -0.8071825487527318 -0.23157986314549106 -0.7978782494870925 -0.40991215636538825 -0.4419981030041762,-22.164985011048927 -0.7001871730100433 737.8510972407206,0.69
5,341,9,0.868145763874054,-0.5049740217137495 0.34771145278219423 -0.789998723415638 0.4711630302846042 -0.6558263740657979 -0.5898280817091853 -0.7231919774771225 -0.6700660509858741 0.16734649990043104,-63.02602902818247 -17.513222419528756 754.5076184229843,0.69
5,348,9,0.9016656279563904,-0.924165792731694 0.14144713439033946 -0.3548384078948631 0.2050288530816054 -0.6000978598826876 -0.7732048421784876 -0.32230537840476925 -0.7873215777158529 0.5255891706593457,-71.89953790891892 -37.59398499827199 784.8382899164421,0.69
5,353,9,0.8020613193511963,-0.999779058981852 0.02068622425504677 0.003730059977201326 -0.012902507706671715 -0.4638601928170394 -0.8858144539431603 -0.01659393010238628 -0.8856668683234175 0.4640246112416321,-65.95206186445907 -55.75904531308969 810.9074351654187,0.69
5,377,9,0.7817012071609497,-0.5392383895647064 0.28997205099107426 0.7906567958752342 0.30258018457556635 0.9428700143194211 -0.13943230615431587 -0.7859180562386121 0.16404982700790785 -0.5961715048010909,49.72617419540583 -54.03610686883279 819.0137133638991,0.69
5,386,9,0.8825222253799438,0.9768808922820591 -0.0626420802924522 0.2044008123047512 -0.05713891789933161 -0.9978298816440507 -0.03272111488800015 0.2060069570560703 0.020285390675415488 -0.9783402458090156,56.414038012657265 -33.6858117118396 771.4531304964423,0.69
5,393,9,0.8640336394309998,-0.9376083408394793 -0.1929187555259321 -0.2892627749202534 -0.1775213708681098 0.9809555714109214 -0.07881833418044151 0.2989594656025237 -0.02255040319369849 -0.9539993276949705,35.10940642999056 -21.66667113178525 744.1632317674879,0.69
5,409,9,0.8306382894515991,-0.1971418411345831 0.4412784339202034 -0.8754475645239979 0.38078574701910095 -0.7883968402930563 -0.4831486697518996 -0.9034031820517194 -0.4286067731299373 -0.012606533463662695,-52.48438555842117 -23.05113985551686 760.1776023930983,0.69
5,423,9,0.7248935103416443,-0.998410543999364 0.042806898817557504 -0.03665999242385768 0.0010756322246740883 -0.6358764280829146 -0.7717901341840483 -0.05634916721843502 -0.7706028403932452 0.6348196859988287,-69.10309052400565 -53.129945107831205 820.4343075177878,0.69
5,450,9,0.8026168346405029,0.5667694098897216 -0.2985257888964697 0.7678898289318575 -0.15328668197917356 -0.9539799074705433 -0.2577315061654474 0.8094909691535 0.028367049656860127 -0.5864466568688862,51.627885522190766 -52.40917976786448 823.2429286213744,0.69
5,458,9,0.7520445585250854,0.9560036414689764 -0.08212122628549526 0.28162588959721585 -0.025981139537755854 -0.9799475707686818 -0.19755439487108187 0.29220201554126285 0.18154575934988446 -0.9389670491426725,56.15463117098615 -41.61531679170997 769.4235852386744,0.69
5,463,9,0.8025031089782715,0.9889704369495391 0.09539506876700388 -0.11330161382247102 0.07549013281147904 -0.9827986489816027 -0.16854689379529317 -0.1274312155162267 0.1581347413280054 -0.9791601957275335,45.084013768369466 -37.74849016612601 754.6920018784642,0.69
5,468,9,0.8247400522232056,-0.8375867838041069 -0.243975302026334 -0.4887989684909858 -0.1577361254572019 0.9646338054974118 -0.21118933689306227 0.5230369913518952 -0.09978814204473699 -0.8464482455441782,24.121758901621632 -34.967449148847166 745.8202051006845,0.69
5,475,9,0.7204384803771973,0.3386704884609345 0.4048254317203367 -0.8493636854010624 0.22302980580999177 -0.9115220145557192 -0.3455218121922848 -0.9140897143967814 -0.07241537690798955 -0.39899374333601334,-14.108588607621012 -33.63275070413505 741.3836287210875,0.69
5,486,9,0.8318559527397156,-0.56749324306581 0.36046619750671266 -0.7402807167079941 0.1784539363774948 -0.8238611959255047 -0.5379655401971154 -0.8038069492521365 -0.4373978169850059 0.4032090500357408,-67.84234573667982 -43.35446086200624 787.9333194830674,0.69
5,493,9,0.7680222392082214,-0.9850814043529716 0.04827391221188452 -0.1651794666347379 0.041116393577680745 -0.8660271487008209 -0.4983035419222822 -0.16710496395123178 -0.4976611368319669 0.8511223906759661,-69.20104668835035 -49.750010864719265 809.3225753486013,0.69
11,4,9,0.8884165287017822,-0.9903988726583921 -0.1334846773743688 0.03594320440983763 -0.13800034032406266 0.9394056954027526 -0.3138038328563142 0.00812275245403865 -0.31575113673767097 -0.9488072726014698,-94.24224115789842 37.864540200459736 754.7526557566315,0.69
11,12,9,0.8949841260910034,-0.6745617227112404 -0.7364027684019804 0.051744032919201155 -0.7094622959940878 0.6273179326960903 -0.3211471031796814 0.20403365608556212 -0.25334398356346044 -0.9456146642140002,-89.44207030591132 -18.840941485917767 769.9724802722942,0.69
11,23,9,0.878385066986084,-0.21821698194460204 0.975900180500488 0.0004318450008564123 0.929038366085717 0.20787384338122705 -0.3060656458649007 -0.2987792883246279 -0.06638752094356601 -0.9520103118828058,-24.559470982758892 -66.31913878338372 777.9536449365291,0.69
11,32,9,0.8741032481193542,-0.8455481251340402 0.5338968147471046 0.0015997766114019124 0.5095830135172164 0.8079283822626527 -0.29593391402332625 -0.15929067900232896 -0.24941114717940904 -0.9552070766308367,40.597003109987945 -53.50420322849408 780.1632865072767,0.69
11,37,9,0.9233089089393616,-0.9917767450300508 0.12692393781319267 0.01640737723071765 0.11711295728669735 0.9517718607213947 -0.2835751758784576 -0.05160855794500051 -0.27932174843525304 -0.9588096357452354,65.93970980234877 -26.68100661051571 768.3253784656791,0.69
11,44,9,0.9226566553115845,-0.8865260187591388 -0.4626445279052237 -0.005626620870803997 -0.44285205065429056 0.8519956988709623 -0.27925864415747303 0.13399134037078958 -0.24507829341810983 -0.9601994328267989,78.2317497196695 21.96225624386095 756.8220685137599,0.69
11,54,9,0.8702925443649292,0.21942425242904195 0.9733121259308727 -0.06720493257106398 0.9268831565630876 -0.2294671510147539 -0.29703945981101415 -0.3045334325252369 0.002886541372881024 -0.9524972736723711,43.012581713385266 82.96141219842443 730.7762768956342,0.69
11,61,9,0.9166295528411865,0.38116826614299637 -0.9236750767106261 -0.03918042303448113 -0.8807463965711957 -0.3499162296184346 -0.31913072114178115 0.2810632274282713 0.1561505200543311 -0.94690045795446,-6.682070581064726 99.34410212832583 729.7658877285401,0.69
11,69,9,0.9200356006622314,0.8823222992415705 -0.470585859452495 0.007503941925768767 -0.4407081571652307 -0.831688895273305 -0.3377423599240942 0.1651777238888314 0.2946905671419203 -0.9412086852385495,-63.83268745720916 80.84567789676495 735.6273865267065,0.69
11,76,9,0.9018608927726746,0.9968972571848805 0.06923705097533754 0.0374444840998078 0.0787135536952845 -0.8757416250642254 -0.47632004219277724 -0.00018730168661901594 0.4777895320139486 -0.8784743183588066,-91.25978154592295 29.258227782714496 744.0817231361264,0.69
11,92,9,0.8735188245773315,0.09488090980886255 0.9952068657583895 0.02368348161072989 0.883895297977586 -0.07327640690410986 -0.46190872518749637 -0.45795929422488757 0.0647600381299043 -0.8866112013134375,-50.26182610533539 -64.12343759327209 789.9946538668464,0.69
11,99,9,0.9257785081863403,-0.4943318990472223 0.8692507676187073 0.006251126190948447 0.7719460627134425 0.4422795727748936 -0.4566049230650845 -0.3996689252939001 -0.22088884648244647 -0.8896476086935059,1.4919349329237848 -72.9457366824471 797.0893899664097,0.69
11,106,9,0.9320942759513855,-0.9052272628199782 0.42477939566529427 0.011227985824591988 0.3729721948727704 0.8069292741270676 -0.4579922361880733 -0.20360585575871354 -0.41039933184033217 -0.8888852816453712,50.01335724960451 -53.93759679646042 793.9380175735624,0.69
11,114,9,0.8963530659675598,-0.9639679695495778 -0.2656078978097126 -0.01477153694001155 -0.23243167245719526 0.8679690825330673 -0.4388680774509085 0.12938806483295107 -0.41962139648474883 -0.8984300820269622,78.30406848379776 -6.903374906636641 763.4265139459797,0.69
11,138,9,0.8958826065063477,0.6975261532446944 -0.7165052265642278 -0.008804876251473526 -0.6318254211141863 -0.6092001605354127 -0.47924085973287883 0.3380146487558495 0.3398461780126007 -0.8776392610387753,-39.44136831754487 76.7300716212097 719.6374706504026,0.69
11,151,9,0.7992492914199829,0.9227749879750998 0.3840249034117967 0.03179929444366178 0.31601596829369744 -0.7069633385475724 -0.6327216969039924 -0.2204999531767554 0.5939088410768365 -0.7737260879276451,-95.00080001277715 -4.969615918519087 754.469691445207,0.69
11,174,9,0.8930299878120422,-0.7362826425135713 0.6765712548665551 0.011798619475507949 0.5383852645928503 0.596285244472726 -0.5954705820553925 -0.40991362163572875 -0.43208245082668695 -0.8032904695594767,27.870967065310076 -69.48293332794267 809.6686964175236,0.69
11,179,9,0.8759853839874268,-0.9542719385043594 0.29874473778231386 0.010800418071028467 0.23791568334665306 0.7808506343344244 -0.5776403850816026 -0.18100053867551774 -0.5486564211844273 -0.8162199069443659,58.535266848681935 -51.6726896814535 799.0140883751335,0.69
11,185,9,0.850664496421814,-0.9723436017833194 -0.23329170532858737 -0.011086040588100962 -0.18238293884716214 0.7880969920330345 -0.5879112133357856 0.14589168478194287 -0.5696298020410824 -0.8088494946144946,77.7676501068906 -18.590533575810426 769.424065852577,0.69
11,193,9,0.9273253679275513,0.6079016628099464 0.7932868869615761 -0.033933513341739246 0.6351071923228933 -0.511447903002366 -0.5788435857588942 -0.47654425042448456 0.3303285599055802 -0.8147322381605335,68.99053880428193 28.18923725914027 737.474116747203,0.69
11,204,9,0.8597641587257385,0.29829614013017136 -0.9539804396687686 -0.03067137937596387 -0.7538184589549828 -0.21575380040597625 -0.6206512938430995 0.5854717275173724 0.20825853725540616 -0.7834865907838262,2.189864113248137 63.27092099885628 707.8562354457093,0.69
11,216,9,0.881219744682312,0.9597821133979845 -0.27782171891108765 0.0404151865341124 -0.15142332412948106 -0.6334987739120259 -0.7587821033482129 0.23640911934795705 0.7221456888698072 -0.6500894802531993,-76.28508980060089 19.900682648347804 727.7721408736287,0.69
11,226,9,0.8835747241973877,0.8181429974657657 0.5730136588136133 0.047931018252985846 0.3977224700258242 -0.5037177098421106 -0.7668672020812839 -0.41528167854396064 0.6464702743393971 -0.6400135247487002,-93.48812067146055 -27.882348514869896 774.2115560940757,0.69
11,242,9,0.8070400357246399,-0.4220356371971754 0.9061617660473039 0.027509538156893276 0.6070751685208006 0.30501525375395866 -0.7337747847554111 -0.6733094835965227 -0.29297875133094464 -0.6788356138031835,-4.447713122312681 -74.47477579478151 823.0803925691033,0.69
11,251,9,0.9086533784866333,-0.94445738095907 0.32834087669697826 0.013875310511643923 0.22079408520634286 0.6652443682056451 -0.7132320116964509 -0.24341369618373782 -0.6705536512916263 -0.7007906771994328,56.1399730445557 -56.89568220973183 815.3728215134563,0.69
11,262,9,0.8583587408065796,-0.8218004248433959 -0.5696893641343543 -0.009904045608205875 -0.3891552395374803 0.5738993202301207 -0.7205537938141272 0.4161757576646442 -0.5882972026379188 -0.6933283061441089,78.6087310011712 -3.632867116049318 756.6052756504251,0.69
11,281,9,0.8643085956573486,0.6341198949836863 -0.7732013481259571 -0.007185683132525378 -0.5088082242025344 -0.4102514832653972 -0.7568407437911921 0.5822423462526083 0.48358390764658804 -0.6535598323761289,-31.184629497135155 40.14892858881083 702.5892101378431,0.69
11,293,9,0.812753438949585,0.9894469814629009 0.12300127380557081 0.07658562212426558 0.1315589868633703 -0.5411318472594238 -0.8305832630489778 -0.06071988018299575 0.8318936293323871 -0.5516031958090453,-96.84847991328135 -18.801624100786732 776.8478882870044,0.69
11,312,9,0.8259182572364807,-0.29636908336883994 0.9543911339932061 0.036096118604036054 0.5157224590088088 0.19173001139304602 -0.8350269145393641 -0.8038629931132679 -0.2288605822031946 -0.5490237902100361,-16.646270165865417 -72.61657100822121 854.4403454679568,0.69
11,322,9,0.837381899356842,-0.9248631400795801 0.3776945819788655 0.04444068930551304 0.1956941119263339 0.5728519123949087 -0.7959550873151445 -0.32608585783425603 -0.7274527401895644 -0.6037222242978899,52.974269357026174 -59.10914367940492 828.0379114205507,0.69
11,331,9,0.8251274228096008,-0.9323665944154387 -0.3613107624382208 0.012127100414707104 -0.21290617922974797 0.521677816742277 -0.8261496319461759 0.2921703141387695 -0.7728562534296548 -0.5633202633233869,79.97736223126182 -24.36747433563084 777.0615434397262,0.69
11,346,9,0.8217126727104187,0.12475494836675982 -0.9918820179358823 -0.02462245628383536 -0.5347944380962892 -0.04632002418539649 -0.8437116594789588 0.8357219105894504 0.11842515718759483 -0.5362316386654298,18.868987986595933 20.49868666122022 707.2173595880872,0.69
11,354,9,0.848540723323822,0.7215946713309696 -0.6923093728842189 -0.002976999061068686 -0.35397476409606266 -0.36524588316043793 -0.8609862433381203 0.5949815095361257 0.6223368678224133 -0.5086195299623304,-41.564908496893 17.801723196186394 703.3270088490815,0.69
11,359,9,0.8828500509262085,0.9445764932844807 -0.3268257004444367 0.030987253240594675 -0.1476313114232097 -0.5071827001958695 -0.8490999378809836 0.2932238807154981 0.7974651529383778 -0.5273225631689897,-73.24488214393538 4.783340947794034 728.0526763986222,0.69
11,368,9,0.8184850811958313,-0.8973964936332735 -0.4395254524875329 0.038689918975573445 -0.20462603360448778 0.33689328594196133 -0.9190381386311034 0.3909062797986264 -0.8326585677832526 -0.3922652035436498,-95.48239139529446 -38.844485981147976 807.0166901620037,0.69
11,374,9,0.7702699899673462,0.5605286087433737 0.826038633313833 0.058888496781908106 0.33930544227367765 -0.1642126434815705 -0.926232165584989 -0.7554333164639231 0.5391608145941333 -0.3723252884004906,-82.92946629869763 -53.55959141144612 838.4969731547412,0.69
11,382,9,0.7995195984840393,-0.12321174834290782 0.9910148107376784 0.052043347018115915 0.3845676888201366 0.09602647500563155 -0.9180885626199315 -0.9148369022868628 -0.09310510725280757 -0.3929438652245647,-31.159388330419798 -65.2789713467886 862.2274615773738,0.69
11,388,9,0.6558036804199219,-0.5963130368103482 0.8004368509637765 0.06092298211031594 0.30414726927936125 0.29551445568992407 -0.9056299713835645 -0.7429032243300122 -0.521509399816994 -0.4196698049450194,13.500885674216013 -64.51952410895716 853.2257759138504,0.69
11,397,9,0.7454720735549927,-0.9907396169080323 0.13325876194295788 0.02602141145971247 0.03408144139255823 0.4295928943352867 -0.9023792996790412 -0.1314285617418497 -0.8931360744601358 -0.4301563502453585,68.32477737898957 -49.053303859430606 830.69569743091,0.69
11,405,9,0.8226196765899658,-0.8490110961055559 -0.5283394927638027 -0.0061269140463001415 -0.21917591062824748 0.3627067667327095 -0.9057625083688232 0.48077237741983625 -0.7676595480760933 -0.42374135903601307,81.07926858216737 -25.537594622390895 773.0831888169629,0.69
11,412,9,0.8247913122177124,-0.39531719543921096 -0.918460611039586 -0.012426622987253388 -0.35704658369762854 0.1661140084874574 -0.9191974071188851 0.8463108483647893 -0.35893765775273495 -0.39360094739094764,58.02853343342508 -8.003321919846965 731.4337999481696,0.69
11,421,9,0.8923497796058655,0.3624434302901671 -0.9318627445472663 -0.01632743593872943 -0.3428120665468592 -0.11700366545101026 -0.93208906725747 0.8666687065247993 0.3434268009283272 -0.3618610030588636,-3.8372375423766254 1.2960569646597242 695.3547673269434,0.69
11,431,9,0.7779923677444458,0.9384901436959884 -0.3445784414207971 0.02240419365872065 -0.1075923021297007 -0.35345583015848026 -0.9292431719681402 0.32811605676637395 0.8696750392157946 -0.36878880061234476,-73.22204448807265 -11.726041753947172 732.2189566814782,0.69
11,441,9,0.6328700184822083,-0.6661039044047257 0.7458375964062918 -0.00564520359826487 0.16722758945095634 0.14196554744515644 -0.9756437447475486 -0.7268703611120781 -0.6508241414740872 -0.21928842881309274,-71.09350322333066 -28.053281402295294 706.8512296006191,0.69
11,452,9,0.7669640183448792,0.05528310512830503 0.9968478748858839 0.0569042408162177 0.21132989497541133 0.044018393504953734 -0.9764230929893684 -0.9758501185003026 0.06600526773478277 -0.2082302832303824,-44.80571722676634 -54.806367448028155 857.9998876780716,0.69
11,459,9,0.47870147228240967,-0.9731161345379931 -0.18128934670005184 0.14205337544354052 -0.22746972018065933 0.6598633706817167 -0.716126984852195 0.03609037410124224 -0.7291875649005759 -0.6833615295665985,-215.5779277973096 -171.773406787486 1897.6882067008441,0.69
11,469,9,0.6824395656585693,-0.9971072125331779 0.06307149380523087 0.042416899739299886 -0.025344864341305073 0.2502227857919298 -0.9678564952109621 -0.07165782975947527 -0.9661317426416043 -0.2479004059989809,71.7220856416142 -48.38432351035884 858.8828119675861,0.69
11,476,9,0.7473006248474121,-0.8963566987942384 -0.44330804282759423 0.004758959031529453 -0.11917356789548111 0.23059853920427975 -0.9657235496931375 0.42701560772617786 -0.8661999150780496 -0.25952914648844927,81.08940740671454 -34.87604163331682 777.8613936141522,0.69
11,486,9,0.6843435764312744,-0.24546216516908714 -0.9690905081421992 -0.024736865185347845 -0.2319675311433782 0.08349331556094786 -0.9691335979894031 0.9412435338241374 -0.2321474817553148 -0.24529198264296403,46.16993815039564 -23.266808811767255 723.0493941467861,0.69
11,497,9,0.6379827260971069,0.6653065629580592 -0.7464045106509898 0.01573161672526846 -0.14952679292252835 -0.15386619281287528 -0.9767123081581266 0.7314430363898734 0.6474608105431001 -0.2139756605963279,-31.996057967289243 -21.36168970108903 702.6291224923907,0.69
12,2,9,0.8930565118789673,0.9883760391966485 -0.1502422489780195 -0.023239444140767562 -0.1495272154883656 -0.9330697617826276 -0.32714283038942965 0.027466651966356025 0.3268150643237519 -0.9446891005832669,32.55045015405195 74.09734454549111 753.2363857768001,0.69
12,7,9,0.9076317548751831,0.9594668143313474 0.2812618840250858 0.017753444497196152 0.2715150808124598 -0.905661493281396 -0.32566366158771115 -0.07551816396244855 0.31728380384439897 -0.9453189909918078,2.696652634083498 85.37457025259481 747.4734210093271,0.69
12,14,9,0.9161794185638428,0.6257748882008879 0.7795123461563953 0.02768197043055977 0.7457264457839183 -0.587493239803073 -0.3142352005173421 -0.22868724790781625 0.21728367489400024 -0.9489414878004376,-41.26711299391011 79.62043171552632 750.4754166927507,0.69
12,26,9,0.8621783256530762,-0.37341242216650006 0.927157576149712 0.03069188752649263 0.8945202494696307 0.36863830066467274 -0.25286226798763806 -0.2457573727490949 -0.0669673970768865 -0.9670153470696365,-82.45130922575605 20.776398503034176 766.542905234711,0.69
12,34,9,0.8703627586364746,-0.869047183991067 0.49261062720765797 0.04573578423154842 0.46338025609107353 0.8428782464583799 -0.27355986531693166 -0.17330819444610251 -0.216543371196914 -0.9607670051206525,-69.99435254364901 -25.119141955051454 776.7364225545192,0.69
12,43,9,0.8598887920379639,-0.959200650637325 -0.2826481634679239 0.006642853689714082 -0.27329129768921423 0.920915843237461 -0.27789544127527804 0.0724291269053995 -0.26837292218561465 -0.9605883593992155,-22.375160465422596 -53.75434934662388 787.7465650864231,0.69
12,49,9,0.8638982772827148,-0.6887866078967158 -0.7246818833075135 -0.020228118746231843 -0.6952648986211536 0.6682167410707562 -0.2647510296450137 0.20537704235735116 -0.1682930627169562 -0.9641046185523092,15.764298787366515 -50.637566840081384 790.3719269338993,0.69
12,60,9,0.8347516655921936,-0.19393153966414922 0.9760711944267694 -0.09836453290588379 0.9388069473623833 0.15555754984515402 -0.3073163911513603 -0.2846613312475301 -0.15194364776611263 -0.9465099335960039,61.54943028497073 -2.3650680055208957 766.3523860451782,0.69
12,66,9,0.8989834189414978,-0.6552059366970779 0.7530140217793971 -0.06062230217108233 0.7264591969804691 0.6060125738310503 -0.3240459774185721 -0.2072732873271334 -0.25635647712176757 -0.9440969976640747,61.20354051549833 34.11275005643175 761.210948091162,0.69
12,73,9,0.8549226522445679,0.9611700243719408 -0.2754521308091515 -0.01668256219951745 -0.2473064544310674 -0.8329810521986634 -0.4949566488842655 0.12244060537900428 0.47986319957953205 -0.868757508079048,40.58812673008959 54.72926826509829 748.9647966297388,0.69
12,83,9,0.9258508086204529,0.8316365647310164 0.5548617167452533 0.022563233210342745 0.499356972772819 -0.7294338173436965 -0.46751355045449705 -0.24294698587461439 0.40006847089706254 -0.8836979012357824,-19.001401651315078 70.07598600752792 738.9486084761345,0.69
12,100,9,0.870976984500885,-0.48730072818168146 0.8727877564259717 0.02792011007360276 0.7840827388142823 0.45140098240846493 -0.4259711396023996 -0.38438556035196947 -0.18568437013812317 -0.9043058418916199,-81.84242327088779 0.8369898587373812 768.6861836767164,0.69
12,108,9,0.9064445495605469,-0.9316281308673362 0.3629674648035227 0.017990143710848075 0.319191298449616 0.8409268294372929 -0.4369885382096312 -0.1737410163740319 -0.40136851773232746 -0.8992871466904622,-62.6565996788666 -39.848401102613735 795.345134433848,0.69
12,117,9,0.8786981105804443,-0.9115684493250344 -0.41107210446574094 -0.00791752014578545 -0.3643503430397085 0.8165841973163092 -0.4477042285037364 0.1905040412222238 -0.4052282981522712 -0.8941466527671036,-11.743759968164099 -60.140625400637624 798.9664910256838,0.69
12,130,9,0.8908970952033997,0.01673137273982106 0.9975581444108781 -0.06780715069789325 0.8975090436337114 -0.04487360828120179 -0.4387070501775941 -0.44067854243421245 -0.0535173597942844 -0.8960682532255606,56.50530786657744 -25.2016874699516 780.3198699147049,0.69
12,137,9,0.9295455813407898,-0.5547680031153628 0.829965715988456 -0.05821832188548748 0.7478939006981989 0.4668032445779755 -0.4719633928070136 -0.36453693368138346 -0.3053713168181391 -0.8796938006186756,63.7768234726675 13.895669825089055 764.342997053927,0.69
12,142,9,0.9003507494926453,0.8531528270490059 -0.5211649584294178 -0.02274510504597159 -0.46280770340007066 -0.7360624613393287 -0.4939849012678843 0.24070580253047752 0.43197122486613904 -0.86917292727961,52.67689158268455 41.09882319093635 753.066979972875,0.69
12,148,9,0.8937523365020752,0.9989415278407596 0.043161964925557975 -0.01590184702899996 0.023175848684705683 -0.7708973075472441 -0.6365376825091766 -0.03973290818594125 0.6354953862933819 -0.7710816493776211,22.273259449079628 48.74797534086677 733.2435639956984,0.69
12,171,9,0.8608402013778687,-0.45083596689107286 0.8921957782920752 0.027085497137588566 0.7084800818403311 0.37613074220586684 -0.597144570772591 -0.542957553214715 -0.25002471470929066 -0.8016762048618062,-81.7459635814533 -6.462920647147765 769.9295095453792,0.69
12,177,9,0.9049860239028931,-0.828386077184899 0.5590582552293019 0.035076692919707664 0.43345040057871587 0.6794127564781947 -0.5920464986577086 -0.35482003517891353 -0.4752390699370899 -0.8051400928043295,-71.41668479504652 -35.149860976178886 788.0023722446257,0.69
12,190,9,0.8740997314453125,-0.8421125505335767 -0.5389476599795089 -0.01954154641899261 -0.4218929709969415 0.6809186142693279 -0.5986285674480564 0.3359356683313157 -0.49586818867936067 -0.8007883404487368,-1.5663925917842094 -62.75640420867112 809.0458912435539,0.69
12,199,9,0.8726793527603149,0.23180042215994356 0.9710875014512977 -0.057075641140050426 0.7841445485779798 -0.22125430311902727 -0.5797963955448069 -0.5756612643055883 0.08964149639753627 -0.8127598113229406,48.1282807834304 -42.993821593087866 804.9049969187098,0.69
12,207,9,0.8579503893852234,-0.4420277607638059 0.8955395429130057 -0.05118970397746256 0.7138840926385432 0.3166636146805911 -0.624574781283287 -0.5431214974494927 -0.3126229073765817 -0.7792855425270213,64.58431516219613 -4.744575930992131 770.33360400551,0.69
12,215,9,0.9264711737632751,0.9143995771186307 -0.40469541370285267 -0.009748614934759925 -0.3190370769902503 -0.7056154090113727 -0.6327102323111509 0.2491761563047042 0.5816601384774363 -0.7743272734675071,47.310436199149784 33.0628169833407 743.7756999515702,0.69
12,221,9,0.8434786796569824,0.997149265815009 0.07504691263332071 0.007829596975283414 0.05530498475448057 -0.6563365945281789 -0.752438458177451 -0.05132933221750806 0.7507264718839743 -0.6586160217203536,19.19598226940962 32.45811568683338 731.8052140135809,0.69
12,228,9,0.9155633449554443,0.7762313986725787 0.62977917219384 0.029034634243497004 0.4408345752683137 -0.5092728099789146 -0.7391252141986405 -0.4506991157777188 0.586531669466383 -0.6729419794827489,-25.095205709267724 33.90395942071524 725.5161173450547,0.69
12,239,9,0.8654299378395081,-0.07878563916651449 0.9961550970983444 0.03831247298350404 0.6844035312650616 0.08199298397734445 -0.7244784033843967 -0.7248342082525061 -0.0308573022715683 -0.688231935791622,-76.72556185110436 3.339248785304041 761.2338009276816,0.69
12,249,9,0.8813960552215576,-0.7972442324935258 0.6026327071698134 0.03514902566204975 0.3993042835692702 0.570131042606953 -0.7179879409705574 -0.4527225672296901 -0.5583765884285361 -0.6951675068757661,-72.98892720760539 -38.19424739188347 797.7300363849627,0.69
12,260,9,0.8295124173164368,-0.9476974697874159 -0.3184925772150437 0.020784225206857174 -0.23686531316033696 0.6581740322280697 -0.7146340089319143 0.21392598995911044 -0.68217990410123 -0.699189709063607,-17.944265880290065 -65.15301696967633 836.4646171302905,0.69
12,284,9,0.8619065284729004,-0.7503789258760984 0.6602361884721194 -0.031931849818646996 0.4474916854002765 0.4718468780775036 -0.7596786920442967 -0.4865004204506432 -0.5843361182404537 -0.6495141582914308,59.672962309270446 5.565534374975223 758.7586804284954,0.69
12,298,9,0.9098352193832397,0.8540650251900594 0.5192669746399351 0.030573547314501237 0.30080274329395584 -0.4450844768890794 -0.8434557001166124 -0.4243708783292434 0.7295626206712235 -0.5363280154396215,-15.479107687737212 17.031492079744453 726.2791525515934,0.69
12,307,9,0.8691683411598206,0.22848928996984907 0.9727287858581799 0.039891772735059505 0.5350241899596981 -0.09123029752811784 -0.8398965108695835 -0.8133521749691479 0.21325042081037648 -0.5412785766101913,-65.11805471590026 2.0709993710691297 747.1353675502256,0.69
12,319,9,0.9014858603477478,-0.7242664041330038 0.6878741842320463 0.04761599008049494 0.37528274808125517 0.45118538800681207 -0.8096879674551942 -0.578447089055542 -0.568560333048516 -0.584925732761802,-77.665657522465 -38.07962610254728 809.4531436887919,0.69
12,336,9,0.843741238117218,-0.7432283904335273 -0.6690371835857101 -0.000898127657834813 -0.38260101764855703 0.4261290819115663 -0.8197746439378901 0.5488424372694567 -0.6089361645763098 -0.5726855389506673,11.362573158806924 -60.359201128359054 840.447482466247,0.69
12,343,9,0.8212711215019226,-0.23289171084753102 -0.9723102119777711 -0.01934690420331736 -0.544825211547654 0.14692599445750665 -0.8255775196883254 0.8055600163119845 -0.1817294798221104 -0.5639569631479171,48.871152122763036 -48.34277851959604 829.7250261921203,0.69
12,350,9,0.7657009363174438,0.3675582375117248 -0.9294768614106765 -0.031204264763530665 -0.50726831441374 -0.17224937650742556 -0.8443986081730868 0.7794740529543737 0.3261945989665695 -0.53480583801593,65.01552784481302 -24.94170852517253 785.22394842978,0.69
12,357,9,0.8818670511245728,0.831282500399963 -0.5558128576024509 -0.006439864329554595 -0.2978931348633457 -0.4356925364635402 -0.849371352160676 0.46928571758585835 0.7079859327654501 -0.5277564156655623,55.50249332464804 -1.7305856800842783 754.7530192648181,0.69
12,363,9,0.794078528881073,0.9973261792570839 -0.071573905508904 0.014753583248470908 -0.012229131788794916 -0.362497528445864 -0.9319044962904369 0.07204818182410548 0.9292323272039361 -0.3624035617581569,29.278300965216005 -3.6533596545464144 736.7870762190948,0.69
12,368,9,0.843970775604248,0.930517407480411 0.3652819307002351 0.026579418350360734 0.15963921485846994 -0.3392069118823211 -0.9270674150301214 -0.32962505283322463 0.8668954850702412 -0.3739512568631451,-1.14370037187709 -0.5476202343657857 725.1088015886452,0.69
12,383,9,0.8507598638534546,-0.11357274849250532 0.9923220729925566 0.048970748938659325 0.38792324005540607 0.08966779914405754 -0.9173195984069983 -0.9146675847676979 -0.08518561644089939 -0.3951286121338342,-76.39298441436799 -20.91929302720079 765.8546932194774,0.69
12,387,9,0.8095520734786987,-0.42925730484285296 0.9000866487973902 0.07471406089709193 0.357228087534969 0.24517623497353425 -0.901263949839508 -0.829533760443274 -0.3601841729738918 -0.4267799220019084,-83.85810263257619 -32.055278732694674 799.4253495914194,0.69
12,393,9,0.7837533354759216,-0.8356420880014799 0.5473273898173032 0.04620637527771676 0.20080820130821456 0.38271732783874624 -0.9017779733722316 -0.5112517648359631 -0.7442850094740238 -0.4297225356254495,-69.82406112339889 -44.341375878317024 815.132746548699,0.69
12,399,9,0.7447452545166016,-0.9732849735664197 0.21252052307616415 0.08689871979061273 0.020853166766343786 0.4587352811807709 -0.8883282542145183 -0.2286514939064009 -0.8627844279259058 -0.4509118819269886,-47.75302790640056 -56.42028823896189 858.0397951950125,0.69
12,409,9,0.840115487575531,-0.711539293079599 -0.7025230195023895 0.013162122664336806 -0.30139545561014974 0.2882350899601337 -0.9088901541183205 0.634722469856973 -0.6506780617055714 -0.41682783769050924,15.601658809849999 -56.22152651738236 856.0195032384928,0.69
12,423,9,0.8047499656677246,0.4338657729226685 -0.9007324409303569 -0.0210133515141408 -0.3522693455097644 -0.148122916068256 -0.9241027594102071 0.8292567752513922 0.4083389175563333 -0.3815658909134627,65.53315292945675 -28.02549353243939 786.990053411266,0.69
12,438,9,0.6402775049209595,0.9921734475136795 0.12306760710361031 0.021123781162738407 0.049000666579919826 -0.22813887953701206 -0.9723947687633456 -0.11485114158572124 0.9658193494258585 -0.23238373340461793,15.331497658435278 -18.9647644877547 728.4079925545691,0.69
12,455,9,0.8349518179893494,-0.05318361291964413 0.997871924245695 0.037724343851251174 0.21932197992006258 0.04852790175110433 -0.9744449250088887 -0.9742019156421102 -0.04355072391854259 -0.22143613527474182,-73.36908070614432 -28.64896899869143 756.8760970702356,0.69
12,471,9,0.4658559262752533,-0.99713629327322 0.01827983827456686 0.07338296907320137 -0.02623314704566174 0.8264903246822747 -0.5623393683556832 -0.0709297866444235 -0.5626540595421345 -0.8236439610944357,-47.6002457158483 -70.56329392023764 847.1319902724725,0.69
12,482,9,0.7216783761978149,-0.6823713014245749 -0.7309777627230781 -0.006396670735260734 -0.18180763072018835 0.17818086389680066 -0.9670561334032794 0.7080362931404319 -0.6587283887501381 -0.25448284313604175,19.491474264407913 -50.27806587747083 876.3559053853941,0.69
12,490,9,0.7948158979415894,-0.043657769250595724 -0.9990267777850115 0.006284620319438494 -0.2281902428961065 0.0038472585388402702 -0.9736089623913451 0.9726372459612462 -0.04393968445759572 -0.22813612580801257,57.319962910829716 -40.97646502792687 839.4472168485912,0.69
17,3,9,0.870332658290863,-0.9281378753737939 0.36081685403570246 -0.0914947109968584 0.37183667427700323 0.8873064218484854 -0.27280909334011494 -0.017250274178628885 -0.2872255413263527 -0.957707636207703,35.103889996787906 64.84566363705501 729.3199907135228,0.69
