scene_id,im_id,obj_id,score,R,t,time
5,7,10,0.8621019124984741,0.33082696103618947 0.9428252733759459 0.04042308418629821 0.9181501546166762 -0.31167927176534627 -0.2446555233980983 -0.21806837328905243 0.11805310430224383 -0.9687670768227368,-112.16419177636956 -4.326664286685101 761.818451993661,0.69
5,20,10,0.9110217094421387,-0.7168966357558513 0.6968223502835822 -0.022312009932032265 0.6715437596342932 0.6815835513951969 -0.29064211904634507 -0.18731842551703537 -0.223343848388031 -0.956571655888383,-44.74933336347209 -88.42073613793545 784.8812559244898,0.69
5,25,10,0.9044893383979797,-0.9448640275349767 0.3261496669276828 -0.029297853732733282 0.31922577006866887 0.8974614484378577 -0.30439753003578707 -0.07298545878768195 -0.2969669061205038 -0.9520944173109975,-0.34763686433263213 -94.34611716025371 786.6375726862633,0.69
5,31,10,0.9171456098556519,-0.9799866430783928 -0.19646935614547767 -0.03203078962068277 -0.17683676500777418 0.9331070340456789 -0.31311343241078227 0.09140534956734335 -0.3011827603138296 -0.949175435291187,50.13656869591082 -77.44389492340592 782.8177145901902,0.69
5,43,10,0.9204056859016418,-0.3208071550411362 -0.9470344872847206 -0.01443776879503994 -0.8954021710226184 0.3082156247838176 -0.3213379541341211 0.30876807056817596 -0.09015990534870509 -0.946854513674154,93.84132039007419 11.801212270906865 753.7309303905572,0.69
5,56,10,0.8845536112785339,0.721110390123183 -0.6926395124993316 0.015821219329717598 -0.6620772350910762 -0.6956594534611531 -0.27876811077360664 0.20409198913859095 0.19054771196426923 -0.9602281132286408,28.020166379277878 95.96027303049216 733.9338035974185,0.69
5,64,10,0.9263694882392883,0.9958595594730042 -0.07042874886694529 0.057476335471833825 -0.05339219352401403 -0.964877195078264 -0.2572183354440277 0.07357317090440145 0.25308455059710555 -0.964642523825346,-42.929887815007504 95.95336681646396 728.0873965060312,0.69
5,70,10,0.9231848120689392,0.8987829819429491 0.4352486778200998 0.05241888806141728 0.4349962270325487 -0.8705615460278837 -0.23000190661163858 -0.05447415751700776 0.22952381800893026 -0.9717774349764541,-86.96703876875627 67.33862502706114 740.3231619240463,0.69
5,81,10,0.8876915574073792,0.20534758996682245 0.9784629086073378 0.02104052695363015 0.8892329510996888 -0.17755537608936467 -0.4215908527237076 -0.4087751533219165 0.10528259543454005 -0.9065420283280918,-109.49561108326763 -26.607528916519023 772.26703538372,0.69
5,86,10,0.8909572958946228,-0.23457553654212981 0.9719975891121355 -0.013964398167068931 0.8835740277127015 0.20720257400077213 -0.41995717743480554 -0.4053039047523799 -0.11085025975454876 -0.9074364797079868,-90.56343523664272 -63.108290979767126 788.5933459880753,0.69
5,94,10,0.8806999325752258,-0.8020542087161979 0.5967733964718621 -0.02388638825923707 0.5402757302858167 0.7079132554077433 -0.4549296188226687 -0.2545804029079238 -0.37778345130702706 -0.8902069884997479,-31.734517889216885 -96.69984779128285 805.5530426858897,0.69
5,100,10,0.9124398231506348,-0.9932389193698734 0.11306696932099725 -0.026311774883715965 0.11199661735636635 0.8736513754601177 -0.4734870978784703 -0.03054843285175759 -0.47323264321600755 -0.8804076661666986,21.44114166786745 -94.71077794000104 803.8402779599047,0.69
5,107,10,0.8913056254386902,-0.8766492805158963 -0.48112875870472344 -0.0010754153680611889 -0.4192728687495266 0.7650362194044685 -0.4888045054312206 0.2360006366548704 -0.4280592255127436 -0.8723926862095568,72.3273761899694 -63.119532866219785 787.600695095324,0.69
5,117,10,0.9110590815544128,-0.19544928689444863 -0.9806335289740762 0.012548231122409242 -0.8541221520663196 0.16391873040367233 -0.49356458460109043 0.4819490902595941 -0.10718456826753556 -0.8696186191217687,91.9890654029562 12.982243786717927 748.2812032443215,0.69
5,127,10,0.8775497078895569,0.632781013673811 -0.7741261553982695 0.017801243277887763 -0.681553063295262 -0.5677275538290569 -0.4617042847279196 0.36752361916860343 0.28002521342116626 -0.8868552695911784,40.098582930213894 74.48566973333939 723.2949949061115,0.69
5,138,10,0.8902159929275513,0.9975085324284523 0.05945990822503071 0.037963759643984886 0.07002629429658437 -0.899757377903518 -0.430735393269783 0.00854668587953742 0.432320691410968 -0.9016794186064243,-55.07821711988839 74.23378148935821 717.7913299000444,0.69
5,149,10,0.8792027235031128,0.48259555510690133 0.875590389200497 0.02104757778900143 0.7188096447876 -0.38222430084923853 -0.5807041229409649 -0.5004140533112416 0.2953744304777127 -0.8138425652843311,-110.13078380054559 -10.876411237973677 755.7909220199384,0.69
5,171,10,0.848272442817688,-0.9876234671256807 0.156279277311279 -0.013291902260927184 0.1308294436830975 0.774110551094046 -0.6193839773116863 -0.08650747856816143 -0.6134571233329487 -0.7849756773199044,18.213194093310342 -96.4557765203264 823.8399829462135,0.69
5,188,10,0.8671554327011108,-0.23301155468736656 -0.9722722871038277 0.019804421528245908 -0.7532963844473349 0.1675782388396656 -0.6359733414585623 0.6150204651560381 -0.1631077361662776 -0.771456864537456,93.14657507822757 -3.342300680761819 753.6028031789438,0.69
5,195,10,0.8721211552619934,0.3760421349727979 -0.9264332543169514 0.0177126514334513 -0.7239594203365624 -0.3056810428961758 -0.618418836808724 0.5783381972782438 0.21972829883656195 -0.7856490337672049,66.41406625993127 40.4979768545782 730.8496523668229,0.69
5,208,10,0.9003880023956299,0.9960491195278387 -0.07662847873525161 0.04488014855744613 -0.03509074554402686 -0.8038788313562322 -0.5937570749679564 0.08157690276654112 0.5898363338622503 -0.8033917526281675,-42.05657760417551 59.40267791453742 706.7833405282812,0.69
5,215,10,0.8675410151481628,0.8628591090399129 0.5039844485070685 0.03839054063013167 0.4331800635067508 -0.6982213663570256 -0.5699490820615607 -0.2604403780659501 0.5084157739739734 -0.8207826814981605,-91.87648770411002 29.080593230506036 729.1263157172591,0.69
5,221,10,0.8975536227226257,0.5214695481014293 0.8532001176785767 0.010911901582836614 0.6049745069228752 -0.36067708596236514 -0.7098717388621131 -0.6017269782686453 0.3767779171540694 -0.704246437526471,-108.6346713006602 -18.492171564039957 755.8242418346949,0.69
5,239,10,0.8449855446815491,-0.8506414346779279 0.5256921191948076 -0.007546219288413897 0.3619361169705556 0.5751306551955244 -0.7336395413870787 -0.3813284631932855 -0.6267954413290184 -0.6794969300061686,-21.851850627410847 -96.6076690921344 849.3767202161509,0.69
5,247,10,0.878189206123352,-0.9900513304750755 -0.14053639239872437 -0.00691993035264972 -0.08762935561964 0.6543166553261307 -0.7511263612711994 0.11008841473207079 -0.7430472642937174 -0.6601221886646462,46.38405528461462 -85.14538994887606 832.5374191448734,0.69
5,254,10,0.8321985602378845,-0.7254874923217705 -0.6881381672627508 0.011565519483882236 -0.4551035220678451 0.4670631228415846 -0.7581113529574066 0.5162835293577668 -0.5552638130093923 -0.6520225573369061,86.42100855849039 -52.950870031404705 796.6300505595966,0.69
5,280,10,0.8678604364395142,0.9902478385957332 -0.1296193698710565 0.05106894467980587 -0.05297794900006693 -0.6893775981420065 -0.7224623617183836 0.12885090250450376 0.7127112642116642 -0.6895216449028896,-37.47477457733895 39.37786171119938 698.2608773855106,0.69
5,290,10,0.8805345296859741,0.7616274467720687 0.6473167700400743 0.030077093415840722 0.3883028225176167 -0.41873107583745184 -0.8209051127583882 -0.5187914324160643 0.6369028853388052 -0.5702720090437476,-99.55676318376516 -12.494273721292554 738.6964540984524,0.69
5,293,10,0.8999961614608765,0.5672788455912644 0.8232484822010322 0.021369321429078714 0.48294073957741945 -0.31153933944064116 -0.8183590178138835 -0.6670554350284972 0.47455787479988776 -0.5743099076843063,-107.5841430437921 -26.284881636235397 757.646324511654,0.69
5,306,10,0.7395756840705872,-0.5422520825980368 0.8400373012195551 -0.01732083940976903 0.5122547160163525 0.3141843928850927 -0.7993017410130121 -0.6660013399664437 -0.4422957153615584 -0.6006802105411078,-69.3422248634473 -85.94847617813096 884.328102179535,0.69
5,317,10,0.7984851002693176,-0.9975275022613399 0.06916045960781583 -0.012478503880203926 0.04698335929682699 0.5242460653243535 -0.8502697377545074 -0.05226323929338718 -0.8487537297819487 -0.5261992588362252,26.858540383528734 -86.21369694072771 858.9282882621754,0.69
5,324,10,0.8554432988166809,-0.8599636110135158 -0.5102977032253544 0.00767084190448461 -0.26755756852264057 0.43799207412365737 -0.8582399958817518 0.43459813075857556 -0.7401075577831814 -0.5131912583563438,75.90801463459994 -65.51574861524529 826.0265613009992,0.69
5,332,10,0.8836215138435364,-0.3366112738917342 -0.9409693263937415 0.03563112508877603 -0.49206035981163815 0.14350984655155574 -0.8586509921061001 0.8028508283554454 -0.3065642685129124 -0.5113207375807458,94.41998037854262 -28.8469274399568 767.4202210874199,0.69
5,341,10,0.8718137145042419,0.441752727196169 -0.8958885130279017 0.04731067785820198 -0.4553901120419832 -0.2693595043091044 -0.848566616885642 0.7729646653432078 0.3533118023262305 -0.5269690659496571,59.83971807224748 8.053888411412398 714.3740259779559,0.69
5,348,10,0.8443005681037903,0.8704359022872352 -0.48969936931472363 0.050357399676400294 -0.23012163102624444 -0.4951880476797341 -0.8377546373306177 0.4351842999732732 0.717623386692418 -0.5437198726631913,3.21205218635951 20.244680623317983 689.3053533810674,0.69
5,353,10,0.8870113492012024,0.9960384471569306 -0.07508472846308532 0.04764131963784369 -0.0027644916873060393 -0.5616427001615523 -0.8273752685093699 0.08888064677375646 0.8239658736300103 -0.5596252940336179,-40.93061485436795 16.906102476462323 695.8933927096235,0.69
5,364,10,0.8877074718475342,0.6114875318167755 0.7908832049620267 0.024223016773736283 0.3477521521783744 -0.2411213291142773 -0.9060512928645228 -0.710740064361041 0.5624626749884452 -0.4224740230557451,-105.92299977353949 -34.38594200755447 758.4191023395917,0.69
5,386,10,0.7796556353569031,-0.9516764435295528 0.30679306414605956 -0.01378269287236586 0.1300329999090986 0.3618936391723254 -0.9231058513850138 -0.2782146037963905 -0.8802902985484292 -0.3842988739457027,5.781018097195545 -81.40531186856003 894.0059066793606,0.69
5,393,10,0.8276109099388123,0.9478091066706353 0.3175830806039529 -0.028264540086747808 0.09689772424544402 -0.3713688309525083 -0.9234154116284943 -0.30375768031157024 0.8724827667702502 -0.3827598376797956,63.78120662989774 -71.1532559340603 873.6913870105709,0.69
5,409,10,0.824019193649292,0.14707592217269716 -0.9879192174607065 0.048829221669775325 -0.33693353857788716 -0.0964522585109957 -0.936575011629881 0.9299701412940279 0.12129543107616786 -0.347048922634277,79.42118232201283 -18.209659455496286 725.7840575351374,0.69
5,423,10,0.8081362247467041,0.9786002091055418 -0.20026397648590707 0.047286049323685686 -0.04034223188311195 -0.4120640246065814 -0.9102613602431536 0.2017774394358279 0.8888743327079925 -0.41132503642210017,-27.259218112042415 -3.465353141241179 696.1802935664712,0.69
5,436,10,0.8126400113105774,0.6442321709353755 0.764504640895458 0.022306142230333947 0.2088190980414807 -0.14776107699401564 -0.9667270806275734 -0.7357713600195617 0.6274546343560428 -0.2548356089719195,-104.28193203701629 -42.765676605125215 763.1827987049691,0.69
5,458,10,0.5688300132751465,-0.9175029958595946 0.3950146567468408 0.04638613525444915 0.03188884847752635 0.18931300935169093 -0.9813988413652136 -0.39644842531084146 -0.8989571766471315 -0.1862918157707738,-1.8460892590986866 -69.6420753378931 915.1169176804376,0.69
5,475,10,0.867402970790863,-0.4145243971511956 -0.9091526117559133 0.040137921020401424 -0.17563453869594092 0.0366475273388257 -0.9837730772678293 0.8929289070152799 -0.41484754703065563 -0.17486989374716866,95.40086469209292 -43.378297389264915 786.139902301801,0.69
5,486,10,0.7559781074523926,0.5328164621405933 -0.8444284926369332 0.05520089215672902 -0.1657627625529397 -0.16811549185417562 -0.9717303576350009 0.8298369262829894 0.5086036789304085 -0.22954950131868057,54.44239344455515 -27.098157807181202 705.984640489545,0.69
5,493,10,0.7758116722106934,0.9005530864550055 -0.4318866079816154 0.04978048134055907 -0.04866033363315117 -0.21391950912083169 -0.9756385680917976 0.4320142479213778 0.8761919889291601 -0.21366162062777994,-4.309306878589839 -23.787575852200597 687.000235057932,0.69
11,4,10,0.8597458600997925,0.88395596991775 0.46607643793551956 0.03734430676967326 0.45742551724456215 -0.8454676091382778 -0.2755837768656733 -0.09686970331488803 0.2606861636131505 -0.9605513961680257,-54.800743990727554 130.4421936616384 719.7467818839286,0.69
11,12,10,0.9281305074691772,0.38276995417898263 0.9223777876250714 0.05202287067913876 0.8893476326789098 -0.3526485832199253 -0.2910322404844494 -0.2500958824655825 0.1576648142384925 -0.9552977839003414,-122.32514192922042 75.87438784803346 738.6770567853591,0.69
11,23,10,0.9380807280540466,-0.536104311026689 0.8436546060167297 0.028966764495808192 0.8014236749683864 0.5194477060095408 -0.29646951600728144 -0.2651645920909597 -0.13572393476532518 -0.9546029293025726,-124.50532183033859 -38.503884796439976 767.1478864205773,0.69
11,32,10,0.8437349796295166,-0.9745318691714644 0.22346220903752306 0.018769046359428776 0.2080937113148491 0.9323443335736423 -0.295687421045152 -0.08357417831115226 -0.2842510946068477 -0.9551003465261776,-50.830627991174715 -102.32099610198499 793.7621498570893,0.69
11,37,10,0.8725709915161133,-0.9756008811930363 -0.21954563496435445 0.00162320161088551 -0.2100520117354732 0.9312115627696768 -0.2978643612954342 0.06388327622509501 -0.29093769011964526 -0.9546068235072456,5.283157084644304 -108.7027235740098 798.2811983217468,0.69
11,44,10,0.8835576772689819,-0.6672081555493496 -0.7448516396201271 -0.005414067199753944 -0.711868648258286 0.6397692006282676 -0.2897212411170232 0.21926309492332718 -0.189450270210089 -0.9570957581778161,76.67775143121044 -78.41959649299089 786.5228450727669,0.69
11,54,10,0.9199731349945068,0.13758620186793025 -0.9893512126190518 -0.04747857563964128 -0.9491842604472809 -0.11799871746310497 -0.29176281873503185 0.28305348748020365 0.08520845478163766 -0.9553115944334709,122.03513970993399 17.272994673281243 759.9422478406765,0.69
11,61,10,0.9157489538192749,0.6793507435563498 -0.7325495795301141 -0.04305439303587602 -0.7105947784545711 -0.6420794232625164 -0.28773090737001744 0.1831328153623315 0.22606443274678892 -0.9567430397888135,98.42853943820174 88.69981231760732 743.4547918493048,0.69
11,69,10,0.8895131349563599,0.9919663342905333 -0.1263715821984097 -0.005745854755611787 -0.12313475152184526 -0.9541542124611198 -0.27281417083860215 0.028993526895764652 0.2713299873868924 -0.9620495898563513,23.660847011739197 135.37158108880428 720.2099938463285,0.69
11,76,10,0.8979542851448059,0.9101717605557036 0.4138811450222054 0.01702245816676097 0.37611409605419 -0.8085020810899672 -0.4526174672088251 -0.17356714273234586 0.4183620234537314 -0.8915422952925056,-48.089726385351725 113.20978192068957 699.9851309833948,0.69
11,92,10,0.8720918297767639,-0.25359971453313745 0.9671496603954568 0.017570406530986127 0.8600907844531438 0.23376496635130828 -0.45342891725776335 -0.4426409688308202 -0.09987729924124189 -0.8911192388276603,-136.36513583168093 -12.803325102146458 765.2508805815801,0.69
11,99,10,0.9112573862075806,-0.7561530552678588 0.6537371319161951 0.02933120118696475 0.570502870105644 0.6805097813908498 -0.4598183474292869 -0.32056049695853894 -0.33095951381606353 -0.8875284603911751,-103.62911737456724 -75.34102318598482 798.7251216523196,0.69
11,106,10,0.87190181016922,-0.9954660712566681 0.09420177157359928 0.013165379189743857 0.07820229359061252 0.8893520988574808 -0.4504855664002581 -0.05414519603789391 -0.44741353409367174 -0.8926866344108826,-35.66969283167181 -109.72475396899178 817.0422236874615,0.69
11,114,10,0.8623430132865906,-0.8161181953897383 -0.5778828343949103 -0.0015877233708255778 -0.5126097114554684 0.7251988697771883 -0.4596932488034063 0.2668002527647586 -0.37435014222729174 -0.8880763458954799,52.73718119588503 -98.36106326776064 812.5754260328328,0.69
11,138,10,0.907986044883728,0.9109679672613358 -0.41204810866112634 -0.018807412701868337 -0.3764612185462431 -0.8119274335569804 -0.4461510882742006 0.16856545777361262 0.41350961148002874 -0.8947600167973582,60.99273321859572 102.37364426411642 713.3086345101281,0.69
11,151,10,0.9172685146331787,0.7413602801628283 0.670720926872199 0.022767811765539686 0.5502624311892392 -0.588094088592342 -0.5927534055443718 -0.3841824980638765 0.45197210225681095 -0.8050621261511182,-83.15587547389107 76.81748059285499 698.9502556958714,0.69
11,174,10,0.8838515281677246,-0.9218369680765748 0.38672248038941626 0.025735723204261388 0.29653494844379924 0.7464955991095843 -0.5956604274764745 -0.24956688209540573 -0.5414702611145699 -0.8028239705500191,-71.46430472161482 -97.40073811670347 827.4956785338193,0.69
11,179,10,0.8589674234390259,-0.9988414739726956 -0.0476396451009236 0.006795151706235354 -0.04195339291605141 0.7929129422357974 -0.6078889527354501 0.02357165023675929 -0.6074697772314512 -0.7939929767041312,-17.312418080661153 -110.28392047290824 842.154360527288,0.69
11,185,10,0.834395706653595,-0.8407018942845137 -0.5414801501458562 -0.004424019038332921 -0.43210921642855576 0.6757716540743351 -0.5971719154708606 0.3263463651152406 -0.5001319011497449 -0.8021010730752152,49.197818542356295 -100.2909716266638 836.3780551784683,0.69
11,193,10,0.8816683888435364,-0.2876284265626583 -0.9577418080229363 -0.0007193038626053805 -0.7517356327469813 0.22622601047101987 -0.6194476012100313 0.5934335908015198 -0.1776300125297612 -0.7850376755016868,110.60432807931855 -48.18979148990371 794.1320629816382,0.69
11,204,10,0.9004955291748047,0.6234234473684848 -0.7817472988024422 -0.014641246063077484 -0.6303203415962589 -0.49140806631555756 -0.6010111307870931 0.4626440016267041 0.38391310628199476 -0.7991065351902338,105.6620584671884 46.7967137194431 731.6490900943405,0.69
11,216,10,0.8624758124351501,0.9959588848860276 0.08893560473585815 0.012504312330059386 0.06886438732411282 -0.6668648063536788 -0.74198990977327 -0.05765063551301962 0.7398525449419892 -0.6702944248371809,-3.123296724851624 70.62414129019996 672.6176161438084,0.69
11,226,10,0.8747088313102722,0.5768752129645242 0.8165244620144783 0.022423014942281105 0.5617668089690662 -0.3766612078728522 -0.7365761242563305 -0.5929865436987991 0.4375090140965454 -0.6759828559781835,-103.2200897479571 40.457475033226466 700.8313093849548,0.69
11,242,10,0.8507771492004395,-0.7030869984373043 0.7102332958407007 0.0351758170861487 0.46607382117995244 0.49761542152083316 -0.7315422649959205 -0.5370697029614874 -0.4979433278435402 -0.6808880792149037,-109.25360742110263 -73.20307460040013 827.4624753745336,0.69
11,251,10,0.8723867535591125,0.9996762691372533 -0.009751635280086192 0.023500266662022016 0.00979758403798538 -0.7048687769056676 -0.7092700576582429 0.02348114713638538 0.709270690888093 -0.7045450466622323,-23.859357878704714 -104.9566240555955 864.7715166579046,0.69
11,262,10,0.8184105753898621,-0.5714077480034059 -0.8206641164457109 -0.0018956529368356345 -0.5580770475637364 0.3902664948121841 -0.7322855126312102 0.6017002530365259 -0.41737569527392465 -0.6809951060693378,90.56836944971396 -75.77778738114348 840.3516059248,0.69
11,281,10,0.8923524618148804,0.8717806413085812 -0.4898935767303666 0.0016723988541288148 -0.32886590256794623 -0.5877503927206591 -0.7391865082540953 0.3631056754827291 0.6438584932537893 -0.6734987075690582,71.77741030653917 53.849827899824135 695.9057357857869,0.69
11,293,10,0.8324103951454163,0.8469351214316772 0.5310864315528374 0.025457853522710683 0.30549764201301116 -0.44687891619162445 -0.8408153334638285 -0.4351690370534196 0.7198933507707045 -0.540723101694506,-62.64379233165586 35.942983590301736 674.5779270651487,0.69
11,312,10,0.7491483688354492,-0.6133905305759266 0.7893178996390842 0.027005745853949437 0.42360645820275233 0.3576652823131896 -0.8322458257010041 -0.666565544840643 -0.49905190024402385 -0.5537486571488239,-119.71551081785861 -63.99664991579367 832.6393508312577,0.69
11,322,10,0.7805415391921997,0.9990570468472202 -0.042881452193396265 0.006796925974058444 -0.019385202590665618 -0.5806495565008398 -0.8139227890014487 0.038848823218087455 0.8130235381544395 -0.5809332968090282,-28.785228806215013 -97.4422681926763 899.1446965415342,0.69
11,331,10,0.7847912311553955,0.7282251957800479 0.6852295237736898 -0.01218868245518806 0.3661420868571845 -0.4040271611417203 -0.8382732402335343 -0.57933413196788 0.6059889048560586 -0.5451141263335397,69.62946330571089 -82.12735157285277 871.3090838301821,0.69
11,346,10,0.90133136510849,0.46262997098579484 -0.8864321768881973 0.014543236329452647 -0.4658435941451007 -0.25701598419805793 -0.8467186838972425 0.7542965303775813 0.38494256668229787 -0.5318420485598967,116.06783891499828 -0.21902675821397688 743.493528414897,0.69
11,354,10,0.8828598856925964,0.9208762377084578 -0.3897163719295017 0.010397320521274733 -0.2015306431601649 -0.4986959102999282 -0.8430230061615026 0.3337249686363999 0.7742244755238837 -0.5377770047225909,58.36124913623443 35.72068055502483 683.7141848328945,0.69
11,359,10,0.8632434010505676,0.9991514397011274 0.04003686479981683 0.009666954027283452 0.029656088005532655 -0.536448013866154 -0.843412144128401 -0.028581759696920797 0.8429831421066851 -0.537180142165147,4.50855890430171 43.53724294001843 662.7939521520854,0.69
11,368,10,0.8667309284210205,0.6821198473856699 0.7310128253653447 0.01824179141219956 0.2894291658802199 -0.24699384436847338 -0.9247836497159548 -0.6715230984414686 0.6360929884816037 -0.38005583571905754,-89.21224726529002 2.5353565033814895 681.5592627837001,0.69
11,374,10,0.8852336406707764,0.24639198688615038 0.9685371958161824 0.035024121956466536 0.37892991222864053 -0.06301079868063608 -0.9232777268341436 -0.8920219226099155 0.24075992102124222 -0.3825330704830048,-126.58860012442253 -18.600092043069722 725.01317701844,0.69
11,382,10,0.7212355732917786,-0.4719884138989894 0.8814011458264455 0.018946167975224693 0.3395609709212975 0.2015827147773046 -0.9187288806443376 -0.8135879080788395 -0.4271960079856093 -0.3944341346651643,-128.6080738959033 -53.54041546793191 824.3479264672035,0.69
11,388,10,0.7615422606468201,-0.8281808112649955 0.55911983568568 0.038749879938821286 0.1936865603720658 0.35040091407465024 -0.9163540340648303 -0.5259297103070837 -0.7514014963775811 -0.3984893110960941,-90.97596892469927 -74.88630390219477 887.37311541804,0.69
11,397,10,0.7379295825958252,-0.9832120989220958 -0.17988725944610495 0.03057028658970811 -0.09704172650055158 0.37363364158392554 -0.9224862086744315 0.15452142845249428 -0.9099661948477561 -0.38481768720174037,5.04122403982587 -82.69530057893832 901.3332770227613,0.69
11,405,10,0.4287196099758148,-0.5957930887617129 -0.803115125169863 0.006057318480376772 -0.30936096482234665 0.2225271013203468 -0.9245417689981079 0.7411655610104697 -0.5527094941299264 -0.3810325790148086,87.97818602565995 -67.40565777351293 876.6614028364819,0.69
11,412,10,0.800141453742981,-0.06204229076134049 -0.9979137477007294 0.017857948005580493 -0.39819903518211514 0.00834218308393564 -0.9172611058806683 0.9151984935177274 -0.06401999790127177 -0.39788585967787693,125.49008419021577 -41.860574841178206 826.5961874010648,0.69
11,421,10,0.8139747977256775,0.6731539044271626 -0.7392213464292093 0.02038680793683778 -0.2650237091183071 -0.26689102833148426 -0.9265698098909428 0.6903812385628983 0.6183210977959187 -0.3755699208680172,100.38420264596594 -2.8805797202228165 713.2928692441718,0.69
11,431,10,0.8272415995597839,0.9983074223631119 0.058075083971400744 0.0030943620399329214 0.02571973692145877 -0.3931484459388104 -0.9191152237824098 -0.05216115017338456 0.917639136086519 -0.3939766875526731,5.350082869095427 16.026706766784397 665.9310053953051,0.69
11,441,10,0.6940065622329712,0.629737810327299 0.776377808858 0.02584159741636921 0.20334887604298596 -0.13265203058750275 -0.9700786944331201 -0.7497196308329088 0.6161500926672523 -0.24141155409363435,-94.9395140086502 -21.927658818692173 682.6879696555428,0.69
11,452,10,0.7738956212997437,-0.32363610921539876 0.9459229721709747 0.022122376254562814 0.19692534917267246 0.09020749139317075 -0.976259706917054 -0.9254620876433243 -0.31159643646194163 -0.21547061312178872,-131.83354516529798 -46.133371358380515 797.2500294328646,0.69
11,459,10,0.556776225566864,-0.5263210348802794 -0.8059437168747934 -0.2709998034549003 0.5014419681936633 -0.036807863629575666 -0.8644079671712261 0.6866892461489527 -0.5908467706648395 0.4235067565202635,-162.0983987002699 -167.64053993764736 1961.3467640317863,0.69
11,469,10,0.5306897163391113,-0.9196105108143378 -0.3928288017233595 0.001428613447730015 -0.09724382456487562 0.22412083768956392 -0.9696976274578195 0.3806049749856 -0.8918830543574185 -0.24430405311065417,6.2675398228048 -74.78090687251984 1005.5845799958997,0.69
11,486,10,0.8326117992401123,0.11472790539066513 -0.9932367607490963 0.017839417628201404 -0.19233521115592123 -0.039827497919952215 -0.9805207478473077 0.9745997508076215 0.10906194343619147 -0.1956037275198077,120.9084659871822 -35.034322053802605 772.6640965212569,0.69
11,497,10,0.4787292182445526,0.8736332652308237 -0.4858862178760393 0.0260672430503745 -0.07963323415309947 -0.1956207709511113 -0.9774410785263788 0.48002444302394315 0.8518492221341821 -0.2095935038328769,68.84102550147323 -14.728480609051843 681.9663755244945,0.69
16,8,10,0.9149405360221863,0.8236337926824504 0.5664602109451354 0.027389869797333974 0.5505772754276476 -0.7870921493494076 -0.2781197803378942 -0.13598543794903428 0.24414908938704394 -0.9601558117395774,-115.79319340018891 76.94668488802407 743.1248705124791,0.69
16,14,10,0.914857804775238,0.4273819177668088 0.9024721084854179 0.05374746293406735 0.8680066342096489 -0.3929833830377223 -0.30352684168663624 -0.25280264898533383 0.1763750380924448 -0.9513057692476627,-133.96662210308367 17.735377042443623 758.2776916218562,0.69
16,20,10,0.8771317601203918,-0.08105587693226068 0.9957006939421575 0.04483383652832537 0.9481902581275812 0.0908956214882316 -0.30442276588031236 -0.30718915867376184 0.017835752784069653 -0.9514813223158574,-117.38645626760415 -41.997781250078106 771.7308952845826,0.69
16,31,10,0.8490363359451294,-0.865563163097653 0.5006682091564763 -0.0114784593231185 0.48040451270190637 0.8236202504910717 -0.3014318947236145 -0.1414634753709571 -0.2664226479131819 -0.9534186162514864,-20.953838291685425 -103.07002648195473 797.4841261143079,0.69
16,35,10,0.8916195631027222,-0.9843927592774915 0.1757399534190253 -0.009293237020849464 0.17024667801499635 0.9375879518680342 -0.30322417637247 -0.044575375566617746 -0.3000738263897461 -0.9528739342688055,22.297175481460425 -99.9989285877912 795.1684144865131,0.69
16,48,10,0.8814814686775208,-0.5581003392450037 -0.8296680784983425 -0.01322463063681606 -0.7861118162217305 0.5337683915517603 -0.31164004328201955 0.26561668571681285 -0.16353037546925367 -0.9501082004528225,114.31181405620391 -6.276164068915146 766.8737660861738,0.69
16,55,10,0.8334342241287231,0.006303713332445615 -0.999056391946547 -0.04297195491212229 -0.9594872829689195 0.006062016234120393 -0.28168671566138437 0.28168141049622475 0.043006716567582606 -0.9585436898289679,105.7147633500022 64.49605225239303 743.0703471853612,0.69
16,61,10,0.8249368071556091,0.5023683287733274 -0.8641855142523398 -0.028450996501232922 -0.8331652682058717 -0.4750122236303511 -0.28319432066548905 0.23121785852509766 0.1659722397214936 -0.9586404526937615,65.15128291036754 112.32675856161389 730.9708345195007,0.69
16,68,10,0.9065313339233398,0.9070422347523767 -0.4206898286658275 0.017159616328205077 -0.400659718904945 -0.8749469920146771 -0.2719182796567371 0.12940700917038822 0.2397661969952932 -0.9621673434262825,-6.5894832072491605 134.1109877538947 720.6036924224778,0.69
16,73,10,0.9143369793891907,0.99868846715835 0.03234425760200921 0.039688720879869695 0.04678943222957116 -0.8912939718848993 -0.451005326701664 0.020786885205333255 0.45227083111982264 -0.8916383800182925,-64.47300808919125 103.0866882026063 707.3046821925817,0.69
16,86,10,0.9227257370948792,0.387929524576058 0.9209574110421906 0.03671690358212665 0.8246687937199922 -0.32902839111959103 -0.46006705870086684 -0.4116212635744256 0.20875287994113834 -0.8871246645706989,-132.60671465505504 0.6490316293589826 760.230168484587,0.69
16,96,10,0.9020470976829529,-0.4679014302264808 0.8836583115954745 0.014705099124089904 0.7817255195283538 0.421574844719224 -0.45954310180666147 -0.4122783813276407 -0.20352552333355492 -0.8880337255091517,-84.43504764836935 -82.86824933425736 798.3793564644207,0.69
16,117,10,0.8845984935760498,-0.7220493013154761 -0.6918209526141647 -0.005345651865137718 -0.6100837490113603 0.6403463876602788 -0.46664153587381774 0.32625546073909173 -0.3336768996116778 -0.8844303822254536,107.29722963605535 -38.226757850810635 782.9106238986693,0.69
16,126,10,0.8245684504508972,-0.039706832087528676 -0.9991374037757661 -0.012157954671514537 -0.8894151872046305 0.040886255358650536 -0.45526798579792443 0.455372366591699 -0.007263779936715065 -0.8902714446985853,108.1745578119945 45.75112988080905 739.8952985911777,0.69
16,140,10,0.9049432873725891,0.9252138776147145 -0.37936675061185376 0.007755591489210803 -0.3361097400383054 -0.8288601574360102 -0.4472371653457872 0.1760952109528443 0.4111833021237071 -0.8943817801890406,-11.760467970020702 115.3249796792696 702.7543754302991,0.69
16,153,10,0.9072369337081909,0.7641418580527664 0.6447917274499003 0.01818925462572485 0.530523779888071 -0.6121831374957805 -0.5863244197021784 -0.3669219804603421 0.4576848636103188 -0.8098721046418778,-119.8658186211734 36.022613353770026 730.9203634817987,0.69
16,161,10,0.8675922751426697,0.1908397541004716 0.9805739982721844 0.045330146341853395 0.7805081289797078 -0.12357373773199165 -0.6128104045620808 -0.5953043329688334 0.15232913462449443 -0.7889287584396234,-128.0841322562797 -31.325998429268747 773.1118063826756,0.69
16,174,10,0.8617745637893677,-0.8180446927415406 0.575036163904188 0.011674368494931975 0.45819349792734204 0.6638250956134728 -0.5910964057502555 -0.3476515484425553 -0.4781941578858107 -0.8065164277492274,-31.13474424608334 -105.39278014954482 841.7301086291607,0.69
16,194,10,0.8768687844276428,-0.40075176394946266 -0.9161840264970478 0.0022030168068392086 -0.7221109660116969 0.3143797563759364 -0.6162151584849734 0.5638739012022531 -0.24854013432977742 -0.787574774335928,116.42123702040678 -6.4526737439306014 761.0787158230335,0.69
16,200,10,0.8821389079093933,0.10012535851230209 -0.9947741586176145 -0.019982140260749293 -0.7879933903679809 -0.0670187759215628 -0.6120252449126182 0.6074877194801208 0.07702504151633177 -0.7905857408657517,101.13278400004693 42.99799794196908 725.3828947917176,0.69
16,208,10,0.8928748965263367,0.7220890705093547 -0.6917820681436744 -0.004994441489989704 -0.5574312737897236 -0.5775464419932839 -0.5964146899113612 0.4097044657458625 0.433448586957853 -0.8026609329051331,36.76254937271071 86.92835145203382 695.6931850346363,0.69
16,219,10,0.8928342461585999,0.991646116012124 0.12737553937011248 0.02033353309786169 0.10179385230331274 -0.6759765008930672 -0.7298587410407692 -0.07922116024977331 0.7258314144555457 -0.6832955184677723,-72.54495196449507 53.71131339707365 687.9879859929226,0.69
16,231,10,0.8874074220657349,0.3839276843325483 0.9232931338791659 0.011371989036050634 0.6269602246667614 -0.2516241600370632 -0.7372965202491106 -0.6778793475898581 0.2901983304866372 -0.6754735517353123,-130.46383619813426 -20.544508809915683 762.8253903102687,0.69
16,238,10,0.8796256184577942,-0.2141798004492843 0.9763262068967582 0.030234926923898786 0.6489770549444127 0.16536563942438431 -0.7426190055832407 -0.7300382149142479 -0.13943221659413313 -0.6690312860699903,-105.72361707689598 -67.1206039880968 809.5572300615502,0.69
16,246,10,0.8638990521430969,-0.793716137271157 0.6079037631436558 0.021626562166358998 0.40758693736674456 0.5578891151109405 -0.7229333466708595 -0.45153912557313436 -0.5649891591849473 -0.6905792265049211,-36.137472470228694 -100.8252296281253 864.8022779543912,0.69
16,255,10,0.8447567820549011,-0.9905712089936141 -0.1368993619724114 -0.005219636431450063 -0.08899242877518679 0.6719602080423346 -0.7352209371531769 0.10415866518741085 -0.7278241844698822 -0.677807442395794,59.32965788863364 -87.89399443556007 849.4036881612799,0.69
16,268,10,0.8731356859207153,-0.29261521257643164 -0.9561925832177346 0.008490062911769292 -0.6408627384061801 0.18951252417062747 -0.7438951227861421 0.7096980258471781 -0.22311599445551472 -0.668242444870681,116.3348358305204 -5.1966871896289275 755.4253043925565,0.69
16,275,10,0.8516485691070557,0.31722598960423765 -0.9482855890650849 0.011050479224782472 -0.6385041948376066 -0.2221827136933061 -0.7368495334263696 0.7011990193193314 0.22669204509061158 -0.6759664577464217,86.37164387607974 40.020122917414035 710.4405617636411,0.69
16,287,10,0.8829255700111389,0.975156800112295 -0.2210970720089674 0.013612492196917125 -0.1395645470459888 -0.6609509026873632 -0.7373368575112786 0.17202020928541398 0.7171192292679238 -0.6753880800040679,-32.035441329373775 65.39924490641155 678.613014091401,0.69
16,298,10,0.893277108669281,0.7172873346163273 0.6966607091486737 0.012756799264396046 0.38391670641550923 -0.3798726668668686 -0.841608412209931 -0.5814695539184083 0.6085726031427314 -0.5399375376559838,-121.97470904199645 -3.3511239215011273 730.7127460504971,0.69
16,305,10,0.8396885991096497,0.19002177898204686 0.9815226914596895 0.022470640004807585 0.5252170066627815 -0.08229100129726752 -0.846980098359862 -0.8294810542891781 0.17274662733385215 -0.5311494924407758,-126.53489277549745 -42.80187050176493 787.2763228543604,0.69
16,310,10,0.8299484848976135,-0.2563121082097204 0.9659697368665932 0.034735725744158175 0.535485271812709 0.17182079745622025 -0.8268815738865982 -0.8047108964446534 -0.19333928990092347 -0.5613023179391379,-105.67381974965939 -71.09906258436833 850.5214608865177,0.69
16,322,10,0.7899954319000244,-0.9650600579692576 0.261851474417595 0.009637938457245143 0.132354562745295 0.5188808294470821 -0.8445383085170323 -0.22614454278818188 -0.8137545638444309 -0.5354084007460893,13.063373331764264 -92.9290610642615 892.1466654034086,0.69
16,332,10,0.8693639039993286,-0.8254019900280865 -0.5645112836481194 0.006210112046281496 -0.30066698932117414 0.4302576822555221 -0.8511625510985825 0.47781891589828873 -0.7044184392064554 -0.5248654552508916,99.39718938038241 -57.75281740876082 823.8853404034083,0.69
16,339,10,0.8788101077079773,-0.33753387848496086 -0.9412472670053535 0.011156308970841855 -0.5076305089934954 0.1720313685365672 -0.8442253695420677 0.7927055867179851 -0.2906179460982904 -0.5358722442818875,117.18804713769586 -19.014048413383215 764.3954996548154,0.69
16,345,10,0.8017168641090393,0.1781379799448013 -0.9839591357468589 0.009554019127080038 -0.5174894775549774 -0.10193674103612893 -0.8495961048915011 0.8369417546765501 0.14640122952772072 -0.5273473042234214,96.86093739219136 13.149777902067305 718.2605478350207,0.69
16,356,10,0.8694931268692017,0.903966365020608 -0.42718206623059196 0.01898139094984988 -0.21874138386860886 -0.5001121674187012 -0.8378782888839018 0.3674194032637291 0.7532617754079465 -0.5455269744151927,-4.411863186460175 40.7862686051032 668.4645060838243,0.69
16,373,10,0.8406598567962646,0.5244897388399811 0.8512389811768828 0.017398585474435013 0.34449463085598503 -0.1934838272328796 -0.9186334731059589 -0.7786102768156655 0.487807549679441 -0.3947275406058881,-129.78805157126564 -30.95005363663053 767.1714597983607,0.69
16,381,10,0.724433422088623,-0.16959865637025007 0.9853162459615237 0.019702568403550003 0.3904625201969058 0.08553802928623222 -0.9166363869426681 -0.9048620425672012 -0.1477671850923547 -0.3992361994245952,-109.51814743594079 -62.37291135915896 844.8876331750711,0.69
16,395,10,0.6310986876487732,-0.9842059216132495 0.17684538437316014 0.008025826270506756 0.0620524358978816 0.38709369667013005 -0.9199499797257419 -0.16579565452856238 -0.9049221955638854 -0.391953595359557,24.92811973441505 -77.78550602794212 896.5470025920663,0.69
16,407,10,0.7497140169143677,-0.6557505554156009 -0.7547913355907416 0.01677047373436702 -0.30102102951618814 0.2410220079572275 -0.9226563452712393 0.6923709618847002 -0.610080676138337 -0.38525838049475913,115.18375934215915 -44.33634848780084 822.935342178064,0.69
16,418,10,0.8238169550895691,0.2707282045393633 -0.9624361579554128 0.02056407369458174 -0.34610411767972565 -0.11724625217198659 -0.9308411551262445 0.8982862455765597 0.2448876440567111 -0.36484498461171455,89.8604077379479 -1.0360118924438138 701.2674518462587,0.69
16,425,10,0.8567661046981812,0.7562633276693103 -0.6536377965555423 0.028695123916042398 -0.2330009496609684 -0.310048082227123 -0.9217270442839196 0.6113725023908325 0.6903823705898777 -0.38677622173431625,28.84949207929778 12.828350511142435 672.6624508477439,0.69
16,448,10,0.6428410410881042,0.23480581084864793 0.9718866053622797 0.017397054609708085 0.2047098333224442 -0.03194559706622835 -0.9783012639106519 -0.9502421351070505 0.23327216967625247 -0.20645575681420825,-127.84182599092419 -45.35818654692066 800.9106587214719,0.69
16,455,10,0.6013405323028564,0.348678046834473 -0.9365436978753165 0.03618731304925826 -0.2138436822237016 -0.11708794027547009 -0.9698253934678431 0.9125209582407988 0.3304183956926066 -0.24109994724018202,-96.15674145405666 -59.28003730472552 874.1626358236905,0.69
16,480,10,0.6350416541099548,-0.5837057329376583 -0.8114963752751305 0.02759076387192394 -0.1738157876318322 0.09168803974128914 -0.9805005738592536 0.7931429185875881 -0.5771195164640723 -0.19456971606763007,115.29435386265249 -40.698321238515575 808.3054539076044,0.69
16,486,10,0.8251567482948303,-0.09889977981348741 -0.9946387161141639 0.030210229386940568 -0.19786985927707262 -0.010096194011995685 -0.9801763033537099 0.9752263082702985 -0.10291691441760187 -0.1958105114242974,111.20407938341897 -27.14196841736802 741.7698026713962,0.69
16,495,10,0.7938116192817688,0.6342934403818165 -0.7725126029290366 0.029935093191833406 -0.13452978500195995 -0.14842435579501578 -0.9797305484438878 0.7612972930701419 0.6174094985685266 -0.1980705496570232,49.57887555790284 -13.551784470999777 676.7424700208637,0.69
