scene_id,im_id,obj_id,score,R,t,time
8,1,23,0.8955591917037964,0.3539408884464287 -0.005510717149454836 0.9352515594652873 -0.8947995731872869 -0.2929644675867822 0.3369058393014925 0.2721388823920652 -0.9561074483174432 -0.10862309129418879,81.21982174807304 44.66542437282381 751.8485928620831,0.69
8,12,23,0.8656867146492004,0.9708628648034149 0.0031084175108732626 0.23961559942183266 -0.22558255076773343 -0.32553178710703046 0.9182274055875408 0.08085672844500355 -0.9455259876510436 -0.315345518664353,7.516196916570157 97.8385877660345 741.8356341149814,0.69
8,18,23,0.9374440908432007,0.9603815956478747 0.02476546859276256 -0.27758577468275103 0.2720768639008004 -0.2989902224538974 0.9146469411783297 -0.06034377242721481 -0.953934755862449 -0.29388281795113946,-44.053370442132696 92.36739859919042 742.2441505243836,0.69
8,25,23,0.8827980160713196,0.6240559777456527 0.037806153059284586 -0.7804644972263475 0.7530564802722353 -0.2955856419679199 0.5878223079999645 -0.20847079929791112 -0.9545678724183371 -0.21293215536132482,-91.2608209493873 56.553165663911734 753.9456692609797,0.69
8,34,23,0.9046401381492615,-0.1132658153578916 -0.010435745553070419 -0.9935099145383823 0.9534368978988073 -0.2824520530658212 -0.10573040926811178 -0.2795155394542703 -0.9592246519630605 0.041941986957391264,-106.39395516140118 -16.040030543310603 774.0515716231776,0.69
8,46,23,0.8530651926994324,-0.916934882243978 -0.006318502332538806 -0.39898683969837523 0.3850714602397032 -0.27621982187684657 -0.8805808199768982 -0.10464412182767804 -0.9610737154509 0.2557086647658169,-40.81054875502304 -88.67572183273919 795.8711824752332,0.69
8,52,23,0.8894438743591309,-0.993781966387866 0.009255604317690076 0.11095826724936311 -0.10872660941822104 -0.2954573826894349 -0.9491488078371729 0.02399849342530353 -0.9553110848320684 0.29462654922849774,10.987784347440915 -92.72858133640968 802.4084663456331,0.69
8,58,23,0.8035668730735779,-0.8069071079547963 0.03842503533232078 0.5894272099180163 -0.5687536026093349 -0.3198935292696723 -0.7577515882202402 0.15943731887776522 -0.9466739917157879 0.2799787398320923,57.552857787369895 -69.45291408325488 789.6799525873657,0.69
8,68,23,0.8733974695205688,-0.07055440286282066 -0.03550054148665094 0.996876014251936 -0.9525886926112543 -0.2941212120951662 -0.0778941288214463 0.2959676653721695 -0.9551085928572862 -0.013065867913097273,91.74710677159348 4.37915682944613 768.6630208014651,0.69
8,84,23,0.9238519072532654,0.9581937031946619 0.0019378199106712402 0.2861137396422864 -0.2525029245325262 -0.4645629661214874 0.8487776644156747 0.13456262579416922 -0.8855379694639863 -0.44465200368038227,12.188501688043498 78.16578886566136 730.0675138891455,0.69
8,92,23,0.8703384399414062,0.918380395528299 0.03191601907323288 -0.3944094532789524 0.36170596429124796 -0.4718909853231297 0.8040445841910167 -0.16045636324379153 -0.8810790348755799 -0.44491964420251606,-55.68509576045974 68.81318325799887 733.0838947732342,0.69
8,100,23,0.8744239211082458,0.4437415098180938 0.011555795136385105 -0.8960803178639315 0.7976915308473433 -0.4607681164856148 0.38907706748756204 -0.4083891453978429 -0.8874453258815806 -0.21367989959786726,-100.77333261429112 22.926800740066412 753.8666652691617,0.69
8,115,23,0.8584537506103516,-0.7446963015399997 -0.000585597255249537 -0.6674032330971287 0.5917693892704008 -0.4629740843838679 -0.6598969518882898 -0.30860396691420305 -0.8863716231157075 0.34512162687963177,-68.22142028648197 -81.04030242958592 806.6365731715326,0.69
8,127,23,0.8837338089942932,-0.9528247367643461 0.022023225906007804 0.30272099122896623 -0.2757257281787671 -0.47975351011125755 -0.8329537156146289 0.12688713027822618 -0.8771268705589976 0.4631933819833093,31.090255337945365 -92.0273319828695 817.8069597017413,0.69
8,136,23,0.9198559522628784,-0.45048793064513193 0.009854741093142383 0.8927281268230851 -0.7931277604860234 -0.46350360183906636 -0.39511108137919615 0.4098889848355191 -0.8860402333755503 0.21661884717241953,85.15968146961981 -42.5282092943369 789.4832575012405,0.69
8,144,23,0.8526485562324524,0.22539615084048936 -0.011027154877138734 0.9742047921467063 -0.7767133352259092 -0.6056731509032987 0.17284799436821663 0.5881436644804872 -0.7956371259124265 -0.1450813351237097,87.47271090329265 5.555708827076204 757.5019127367478,0.69
8,155,23,0.867830216884613,0.9314164923338478 0.008307369376167717 0.36386028283196725 -0.28141254107058894 -0.6175505734076063 0.734464615221272 0.23080359515550308 -0.7864873024391336 -0.5728589909963098,20.482169158571594 56.48795260702982 719.6656444148211,0.69
8,165,23,0.8753180503845215,0.8830102500456832 0.03197754356754132 -0.4682631044846966 0.38524916500755735 -0.6192573737640357 0.6841808137472498 -0.2680969585341089 -0.7845366414299941 -0.5591299304084023,-62.63552029141271 45.98705698522529 725.695610355007,0.69
8,172,23,0.8895763158798218,0.4503866483403829 0.03555888920494005 -0.8921252335828346 0.7223520932469139 -0.6017781915887097 0.3406911526735379 -0.5247469107851118 -0.7978712762888089 -0.2967189008046993,-101.2533899300743 8.692192063500656 757.9433818863868,0.69
8,178,23,0.8720536231994629,-0.06350254249525933 0.007470894569283848 -0.997953712769772 0.7982351980967665 -0.5998034929168423 -0.055284160517923286 -0.5989891448232212 -0.8001124643567866 0.03212551579128431,-107.0752858491085 -32.691220674221825 784.2915261308148,0.69
8,194,23,0.8421862721443176,-0.9948824989982552 0.017692519751935976 -0.09947757501977507 0.06855266809667601 -0.6050709785439334 -0.7932147518930258 -0.07422496132578717 -0.795974927789007 0.6007616577707591,-10.14458529208381 -100.72034157749374 842.0154715277819,0.69
8,207,23,0.8062741756439209,-0.532762430594544 0.02311719943352908 0.845949045532498 -0.6833157704607724 -0.6014682027652027 -0.4139028375138275 0.49924317760645953 -0.7985622055624392 0.3362360085723386,82.14029395958224 -55.72707585288952 805.2477101023198,0.69
8,216,23,0.8028251528739929,0.18930332351725287 -0.006543699529118763 0.9818968539015671 -0.6727140272171444 -0.7292956588888693 0.12483460862734341 0.7152762328573583 -0.6841673932030987 -0.1424601305175004,89.5219211575844 -10.12572989850263 765.5157045197466,0.69
8,228,23,0.8791895508766174,0.947318563756551 0.008027619636896272 0.32019227986506915 -0.21028880197393846 -0.7384556938567839 0.6406729336992956 0.24159089081873752 -0.6742542143238421 -0.6978646687861105,17.521325365553945 36.43097632624559 712.5924165636748,0.69
8,238,23,0.8962177634239197,0.8655548962211388 0.03390125699324578 -0.49966531438743234 0.36148262120588903 -0.7328151994075558 0.5764652618184241 -0.3466194400112801 -0.6795826574387713 -0.6465464991125731,-65.25689908468779 24.706986480108633 721.9201632905667,0.69
8,263,23,0.7464753985404968,-0.9412743487381532 -0.03635481673612974 -0.3356797993738196 0.2455454295436486 -0.7561034262425679 -0.606642440696721 -0.23175427167107504 -0.6534416088101003 0.720627519206613,-39.72312790495764 -93.21875393207088 839.4004304215548,0.69
8,272,23,0.7975717186927795,-0.9354407725554204 0.03435947122353898 0.3518095902305068 -0.260055594286598 -0.7410014973651828 -0.6191024703413817 0.23941939963412034 -0.6706237452102302 0.7020983858684205,35.858896003648 -90.90107641228323 855.0181108012318,0.69
8,280,23,0.8370192646980286,-0.5006251988629136 0.030060039380499115 0.86514207174077 -0.6043793268032038 -0.727638876928574 -0.32444921654248204 0.6197580492388742 -0.6853014364603122 0.3824420238272178,84.6370793500336 -57.66667393791951 820.1253425581416,0.69
8,288,23,0.8115587830543518,0.22880831005432678 0.009432211776612798 0.973425801297194 -0.5301361672516052 -0.837460161132114 0.13272574237257845 0.8164572257147714 -0.5464169762164925 -0.18661748760650432,87.95992205635753 -19.981346693267596 760.6912266381235,0.69
8,303,23,0.8891215324401855,0.9976543617150195 0.036667131616229025 0.05780394458888676 0.00023330430971302274 -0.8462525471025286 0.5327819179472795 0.06845232004903867 -0.5315187183736061 -0.8442760993291134,-12.148776347725565 15.603219728150226 702.4476487361184,0.69
8,309,23,0.8925984501838684,0.8856519227097991 0.03400655879623407 -0.46310282417544624 0.2739808271179309 -0.8434821520488258 0.46203069762393134 -0.374906892670981 -0.5360796705098231 -0.7563487348398685,-61.2625349876301 6.070364150374772 716.3830307439397,0.69
8,319,23,0.8053671717643738,0.21097881273222507 0.019364972449906204 -0.9772987968989398 0.540368978040859 -0.8354527520842905 0.10010028274617011 -0.8145485302602776 -0.5492209909287882 -0.18672706010115903,-106.70062799971907 -33.78837043964684 779.5779192694969,0.69
8,333,23,0.7021886706352234,0.8809802950304386 -0.37663576529588827 0.28638997899378726 -0.14540808207799424 -0.7915015214932872 -0.5936175798779978 0.4502557156044559 0.4813219730843298 -0.7520631281958501,-60.000888152146004 -80.72476935947782 860.4063730306656,0.69
8,345,23,0.7107593417167664,-0.9309739381478341 0.09436801763160046 0.3526786125324229 -0.2700097513414832 -0.8281682609372796 -0.49115381069134817 0.24572802174360037 -0.552478061848979 0.7964833523091193,49.721079168345824 -84.85129332679472 889.2688078405731,0.69
8,360,23,0.8038023114204407,0.19213113170733687 0.017128716350024664 0.9812197691165108 -0.39096794336176655 -0.9157403140884122 0.09254050149381693 0.9001275995614892 -0.4014053863981611 -0.16924544389204277,90.62343661017391 -33.335629035706624 775.8878402186674,0.69
8,375,23,0.8931822180747986,0.9967671555151172 0.02655559167190113 0.07582900656910481 -0.005225947667833956 -0.9203707866998216 0.3910118981060867 0.08017435473563318 -0.39014409586780485 -0.9172565929456262,-6.737360819647777 -6.980768256587635 698.2843163941674,0.69
8,381,23,0.8647434115409851,0.9132014597777776 0.03080824648787231 -0.4063421536194326 0.18606050745253844 -0.9186578475819256 0.34849569099581057 -0.36255286707767176 -0.3938510010454285 -0.844651885423382,-57.011371457264254 -13.118477664596293 716.8247745165871,0.69
8,389,23,0.8746687173843384,0.42229060243481154 0.02846473111723591 -0.9060134690928537 0.36917338571029673 -0.9182584912445528 0.14322134806122486 -0.8278778040136362 -0.39495708923844053 -0.39828035261842665,-101.44511900105475 -35.039538821174936 772.2291747276751,0.69
8,410,23,0.7416081428527832,0.9605706875291901 0.12144381405490735 0.25011068407306447 -0.005912528067792397 -0.890436887724021 0.45506833661792734 0.27797301356704884 -0.43860409141748413 -0.8546095334831556,-16.366176068433617 -83.38338525071265 878.8457905406099,0.69
8,417,23,0.6646959781646729,0.9750674733644163 0.033443828891811675 -0.21937395628421427 0.11696212601138072 -0.9175677996764888 0.37998578141260064 -0.18858229891914838 -0.3961702201149173 -0.8986021774002482,45.004002416536125 -84.08483200811149 921.8141741522361,0.69
8,425,23,0.7541970014572144,-0.400249297121261 0.01046675315753276 0.9163465213729334 -0.3752673822058459 -0.9141231033056363 -0.1534709870146307 0.8360471828828253 -0.40530161495016603 0.3698049606380087,87.87834861328714 -56.34833478314262 827.860267063769,0.69
8,432,23,0.7469207644462585,0.17920105948347165 0.03886577149537063 0.9830444710622563 -0.21626744045458213 -0.9732213498449389 0.0779012092667367 0.9597475576833865 -0.2265604908453055 -0.16599689608155144,89.08427266590648 -42.42804732952378 771.188174910541,0.69
8,441,23,0.7998160719871521,0.8298995506552922 0.028806392505430267 0.5571686706671214 -0.11484020212507678 -0.9684604542327919 0.2211245724994988 0.5459656251065771 -0.2474965461133502 -0.8004167638573965,43.281960953658846 -31.003536370884916 703.6984458653832,0.69
8,451,23,0.7828092575073242,0.9801911508463755 0.030219796409619058 -0.1957346972496676 0.06931850265158189 -0.9781276729335244 0.1961152738360557 -0.185526960285023 -0.20579849209022316 -0.960846880444949,-40.02263009138692 -30.88269837336295 717.4581402967827,0.69
8,459,23,0.8213031888008118,-0.5786830170913619 0.011968403464344468 0.8154647282676014 -0.1921946084676751 -0.9737317760935689 -0.12209693158151333 0.7925826128587451 -0.22738334491377846 0.5657823046453699,-91.72377139426986 -41.572717710571 748.6360040400133,0.69
8,465,23,0.7726814150810242,0.07419796142674717 0.04250069354913111 -0.9963374697199531 0.203412659080727 -0.9787316566608804 -0.026601398000060353 -0.9762776001966978 -0.20069388455479287 -0.08126507279566475,-103.43233850258666 -51.53822768387642 785.203500363993,0.69
8,471,23,0.7857380509376526,0.44086901240921916 0.037286502213403905 0.8967966495532917 -0.18876307105259146 -0.9729404829700139 0.13324908857050533 0.8774981577781882 -0.22802748376186122 -0.42190099519332747,-91.03585235693674 -63.096497007303476 841.5036753683843,0.69
8,479,23,0.4221716821193695,0.21635752661823893 0.7791290087226624 0.5883429343871067 0.9580721578598204 -0.05348688563568155 -0.28149048545044986 -0.18784877164633196 0.624577569908846 -0.7580341009208571,-8.732766497367663 -86.90906460608755 1750.3781740284016,0.69
8,495,23,0.643241286277771,-0.29657440474897223 0.9543623921870201 0.03515745762795214 0.6704470816081756 0.23428022043494545 -0.7039982166710607 -0.6801061190805984 -0.18521663719013426 -0.7093309975583368,59.36755811308948 -46.72721725078661 772.1328772951514,0.69
10,5,23,0.8862844109535217,0.6899783422832999 -0.7225269578142614 0.04341292908406642 0.6855559179505116 0.6715625913885634 0.28109921595498766 -0.23225626050339487 -0.16419038059261012 0.9586962753541045,41.917889328564954 28.379306648882938 767.3628789748273,0.69
10,13,23,0.8701186776161194,0.07488072022486902 -0.9943275065788352 0.07553600068392163 0.9587764104311939 0.09261167960691175 0.2686463690449988 -0.274117990178098 0.052305701994173115 0.9602725868208553,24.838183427245774 56.39579640781707 762.5294757961294,0.69
10,20,23,0.8944509625434875,-0.5126193748338232 -0.85700049494431 0.05264530568045038 0.8282085224430304 -0.4773620427198313 0.293591763377453 -0.22647741586682024 0.19410211703007718 0.9544801455592095,-3.996281403024501 67.10744319696724 759.5031414858424,0.69
10,29,23,0.905954897403717,-0.9708065772385026 -0.2384887481834176 0.02564579069496435 0.2343003885724107 -0.9199605266949011 0.31428642547532604 -0.051360661067404875 0.3111201477133019 0.9489817364847294,-40.80475176393537 53.607985248778746 753.0801378218374,0.69
10,35,23,0.8628368973731995,-0.9596740253854057 0.28110409356450905 0.002500716267069429 -0.26612616462876637 -0.9113342720427349 0.31408073659542035 0.0905683692055641 0.3007496187555603 0.9493929836046977,-55.137830325701856 33.402343408868504 763.9672709482892,0.69
10,45,23,0.8893189430236816,-0.40165511230425244 0.9153713865058763 -0.02771994816316628 -0.8687156629481658 -0.37125406217407764 0.3278772914792598 0.289838347546331 0.15577434347656988 0.9443135529081725,-49.94335887901603 -6.201869383825285 769.5961301169948,0.69
10,54,23,0.8316794037818909,0.36305331816622344 0.9317430817156785 -0.006864243837868572 -0.8926416714907676 0.34991098522648834 0.2841709850354137 0.26717622365521965 -0.09704190895071599 0.9587490461119307,-18.933798407373892 -28.31078928190318 782.9906274442503,0.69
10,60,23,0.9045202732086182,0.779323783176786 0.6264641030977616 -0.014041670304455259 -0.6018226357737124 0.7545354416604719 0.2616978837297278 0.1745392679181491 -0.1954967897643174 0.9650476926797156,6.651725444701992 -27.81094518569691 785.8624083977413,0.69
10,65,23,0.914030134677887,0.9715691033181895 0.23675608347853166 0.00018550847928565373 -0.22913834639282782 0.940110677746733 0.25236388766806306 0.05957428715351773 -0.2452314631577377 0.9676323856649618,25.40204797732846 -17.667679840910086 783.0078585167781,0.69
10,71,23,0.8807107210159302,0.9579943686897908 -0.2859166674071251 0.022325968231019996 0.270861576148169 0.9276315378792583 0.2571648041593015 -0.09423797602441801 -0.24031518726573567 0.9661096286883055,40.093190627868005 3.2086043270452045 775.002947225517,0.69
10,80,23,0.8523862361907959,0.5165046476166324 -0.8549946369658795 0.04697999308218795 0.7520474826928573 0.47918108818051897 0.4525594640546924 -0.4094478388827507 -0.19841788097275362 0.8904958235413163,38.528037972090914 26.9231573624324 758.8568635286084,0.69
10,103,23,0.8502774238586426,-0.9937450474208336 -0.1115617254049547 0.004976158280731762 0.1002030681378558 -0.8711241221756296 0.4807308071046612 -0.04929630678180301 0.47822248503014597 0.8768541092731824,-45.485112693395074 37.131305172159294 755.212799351971,0.69
10,129,23,0.895857036113739,0.5565217196661837 0.8301663518068472 -0.03327767821683947 -0.7391533349721484 0.5130038985230724 0.4364393972817762 0.37938888088522643 -0.2182906970712199 0.8991180393212097,-8.176900555464938 -36.696708713302165 796.0281145384905,0.69
10,136,23,0.8625959157943726,0.9306363679071802 0.3650263544285654 -0.025917393794958388 -0.322458065798144 0.8514705426262567 0.4135440857290402 0.17302238736721728 -0.3765018932387184 0.9101151453840384,20.55822884002059 -28.890040151007756 788.8927454207934,0.69
10,145,23,0.9015005826950073,0.8903671888841249 -0.4549859078662457 0.015300085022937115 0.36216764916575384 0.7282926707080927 0.5817425372882966 -0.27582759625594466 -0.5124232717549057 0.8132290745587406,42.47041876632383 -6.91655156805794 777.0235982876084,0.69
10,160,23,0.9339909553527832,-0.19231429958200752 -0.9807622511616358 0.03347561609055755 0.7817181111830622 -0.13248433149194083 0.6093969942143787 -0.5932385732777898 0.1433642514907188 0.7921582459141849,13.100848664868145 35.050627667232575 742.2688935955127,0.69
10,168,23,0.8837282657623291,-0.7873899062931555 -0.6150170343058672 0.042085424808022825 0.4989080693213051 -0.595661797154418 0.629505966434677 -0.3620882127793499 0.5166634019595203 0.7758550478290848,-21.10932312505453 36.41273992736492 745.4037502514308,0.69
10,176,23,0.9043182730674744,-0.9997908521112704 0.015431304219537522 -0.013421135745710983 -0.020451195723589374 -0.7551881412893613 0.6551889955191523 -2.5061846646434217e-05 0.6553264423979888 0.7553457839068802,-49.14241480397539 20.154517518938196 755.3917270433044,0.69
10,185,23,0.8223981857299805,-0.6913716153244258 0.7206515284038396 -0.051639753416381745 -0.5804888655328299 -0.5115048573231429 0.6335577778918352 0.43016039626644276 0.46800016617950224 0.7719701276214355,-56.25459183897719 -9.82345746056507 775.5259873764318,0.69
10,196,23,0.8292770385742188,0.19075488576203892 0.9805442054803236 -0.046320995853635305 -0.7723946835798571 0.17904883681864991 0.6093832675840887 0.6058209523741185 -0.08046474465782832 0.7915215717412044,-27.028273829699085 -38.213151316854145 801.4356321389238,0.69
10,208,23,0.9063367247581482,0.9481918188290831 0.31704697343248045 -0.020334486541325747 -0.24779583064904834 0.7781021941503368 0.5771951158589094 0.19882027315780318 -0.542252885742193 0.8163530528427764,22.476420635760107 -33.451288635623726 794.8858796087109,0.69
10,212,23,0.9156143069267273,0.9994645929750268 -0.03271368171324515 0.0005851649584249028 0.026854870043837242 0.8304210362708944 0.5564887406531265 -0.018690728829895628 -0.5561750781431496 0.830854944685454,34.706649762042126 -23.393551702730015 789.5357769753746,0.69
10,217,23,0.9137832522392273,0.9101330397796144 -0.41424380898839164 0.007740582426905174 0.28481213282437656 0.6391093617370267 0.7144377318815965 -0.30089848603399205 -0.6480287728603408 0.6996562088966067,42.345867847619516 -16.378279004004572 782.3340863748094,0.69
10,230,23,0.7783583998680115,0.01853400494451729 -0.9992718674348302 0.033350046686982215 0.6803551160169994 0.03704710174427883 0.7319456457701244 -0.7326482148822939 0.009123990665072745 0.6805463584680559,23.030333511603686 17.322857131132416 747.0131246441593,0.69
10,244,23,0.8541571497917175,-0.9330268751979518 -0.3590044976863242 0.02401292983656353 0.24469378366092048 -0.5841799783600417 0.773859615900044 -0.26379120985364224 0.7279076339235983 0.6329017886526317,-34.513381020245916 17.612552799744787 746.2190009636225,0.69
10,252,23,0.8733314275741577,-0.9532876053798949 0.30042653874566727 -0.03141076640842316 -0.21226603679006173 -0.592277568840583 0.777271130992094 0.21490898318708462 0.74763037409243 0.6283812160463635,-54.272256650862516 -1.5754304404127994 759.0034672638506,0.69
10,269,23,0.8194688558578491,0.23295255924777503 0.9711038219912147 -0.05186976049652947 -0.642586497765179 0.19374236415896806 0.7413140287489342 0.7299422566407521 -0.13936019246595938 0.6691509835052604,-24.663282679394783 -42.30942758084912 808.9554965895531,0.69
10,280,23,0.811080813407898,0.9386905855169149 0.3446751190452191 -0.007684202826292438 -0.2361150269413781 0.6589587778573625 0.7141589620926168 0.2512163981797045 -0.6685599385215175 0.6999413760378228,21.461096083558914 -38.55952029614768 809.9277802387336,0.69
10,287,23,0.8036534786224365,0.9694915464538452 -0.24509554232314348 0.0037837135007763173 0.17404467249515101 0.6991506995808848 0.6934671955122428 -0.17261110430846388 -0.6716520486151171 0.7204782663346126,40.30968346745186 -22.653073842211974 792.9265763859447,0.69
10,301,23,0.8320534229278564,0.11189838545301223 -0.9933633495223946 0.026608403910389655 0.532644560192381 0.08256232452264256 0.8423023418386555 -0.8389091272780828 -0.08007945051676624 0.5383481752309174,26.4937202845043 1.8898516198416262 741.0502529031481,0.69
10,310,23,0.8086969256401062,-0.6380209881195347 -0.7695498864343469 0.02687361173821945 0.41883144577928544 -0.31753747618939143 0.8507350770020625 -0.6461497030452047 0.5540423481144339 0.524907265857921,-9.174997153874461 7.767219041849606 745.252326898225,0.69
10,315,23,0.9102338552474976,-0.9036516523886466 -0.42726595098240694 0.029283071327453614 0.23102178312158173 -0.42874401126226447 0.873388520951626 -0.36061423551850275 0.7960040074885574 0.4861429760919752,-30.24927316994893 4.882041339702879 747.4027106899854,0.69
10,325,23,0.7702732086181641,-0.9326018642414062 0.35687856691120723 -0.05377221673742895 -0.20915329537563224 -0.4130084089368995 0.8863853299671225 0.2941235486100485 0.8378912474938582 0.45981474044034143,-57.151524307522685 -14.373212890054823 781.0446631770545,0.69
10,342,23,0.8624829649925232,0.31343033080149274 0.9473898163668776 -0.06491504893321043 -0.4930326877226815 0.22077452675075326 0.8415327546655151 0.8115911511165064 -0.23175664862591377 0.5362915804364907,-20.490975791078853 -44.32920598974542 820.3676826396321,0.69
10,346,23,0.8679865598678589,0.6210293373066543 0.7819203069375115 -0.05406658675379594 -0.4068430457283899 0.38055213456756043 0.8304569880605022 0.6699263380006082 -0.49374153812984134 0.5544528791324593,-3.189556126099811 -45.77907697668407 827.2910619041761,0.69
10,355,23,0.8202977776527405,0.9948330587519937 0.09965274340045994 -0.01940401883410714 -0.03797425525887192 0.5425020212830513 0.839195753588719 0.09415487853364973 -0.8341228252700953 0.543483183927293,31.58866600784014 -35.946367476558166 812.4691717046821,0.69
10,366,23,0.8659552931785583,0.6961402130743114 -0.7178956061439913 -0.003834373482553388 0.27935708454584196 0.26596351711823973 0.922617486760436 -0.6613232364395643 -0.6433422932166417 0.38569712301734005,42.70027743684343 -20.116783045119533 767.5983187698548,0.69
10,374,23,0.8303280472755432,0.0774923078475589 -0.99682968681136 0.018042109522592942 0.38162635948542856 0.04637575221622259 0.9231525395904396 -0.9210625733197271 -0.06465187621365359 0.38401024847222076,25.313679652464927 -10.499130346325238 745.3404589893985,0.69
10,382,23,0.7533513307571411,-0.5946404506153142 -0.8037513297081189 0.019660480270007608 0.2998499439616756 -0.1990164628176112 0.9329964944380802 -0.745984413776988 0.5606926497823896 0.3593480303018316,-6.378317665048019 -6.554516628824075 750.1732109011323,0.69
10,395,23,0.7321364283561707,-0.9839052172341045 0.17492164953070263 -0.03650945117320632 -0.08272192522629854 -0.26476890487321647 0.960757258676245 0.1583906770815927 0.9483142113970962 0.2749773624790568,-52.48580611911352 -17.242444168880613 774.2348740436504,0.69
10,415,23,0.8152139782905579,0.35513474997307914 0.9330382788071769 -0.05760971829560857 -0.33062465267882524 0.18300874568961623 0.9258483342546551 0.8743950185142667 -0.3097537235961081 0.37347822201004044,-17.7766906358448 -43.65248587941891 826.5841324601984,0.69
10,417,23,0.832133948802948,0.5129728531704044 0.856211121196128 -0.06132999144206919 -0.3153934646797244 0.2544430516403676 0.9142131567141532 0.7983644621020741 -0.4496234529158891 0.40056577018070216,-9.308769233701407 -44.37426893945818 827.1664680421301,0.69
10,431,23,0.6226668357849121,0.9809012112302344 -0.19415388639038395 -0.011708211074666838 0.09172913316034194 0.40867307272631026 0.9080595166386882 -0.17151845363316254 -0.891790663792768 0.41867747973272085,38.38947867227897 -31.15661451421372 792.9129090155521,0.69
10,441,23,0.8123223185539246,0.49767300465276143 -0.8673571257321067 0.0036327512481852953 0.20332824927173637 0.12073538931501049 0.9716380955968347 -0.8431958274849225 -0.48281940951943053 0.23644494983679665,38.75435439690796 -25.2665733765718 763.8494554686908,0.69
10,450,23,0.7566829919815063,-0.3076772805202046 -0.9512281968151817 0.022351926884029816 0.24854318305323114 -0.05767171220178913 0.9669024044698006 -0.9184557568056608 0.30304932139084506 0.25416555941962116,12.835774883566392 -22.810577150528275 728.8139089732056,0.69
10,457,23,0.8089367747306824,-0.7804103986228794 -0.6244574872806539 0.03181911847320201 0.12443992241003748 -0.10524418429286131 0.986629802602331 -0.6127595902406289 0.7739357261760584 0.15984109708230254,-19.46704416964503 -20.503026213632026 750.467759310472,0.69
10,465,23,0.7568331956863403,-0.9980323670022901 -0.05360137536686669 -0.03253132297626552 -0.023664391584659987 -0.15845274521559705 0.9870829367913159 -0.05806368044426497 0.9859105537990864 0.15687252442937516,-48.391416123059756 -26.019741236541343 763.4672044845094,0.69
10,475,23,0.4106906056404114,0.6629101524584149 0.739598674503144 0.11637839335870531 0.21372760194513374 -0.03796492920014605 -0.976155303380364 -0.7175448710250416 0.671976535917751 -0.18323998810749842,-56.72600157239059 -35.73474425728902 829.9270135437781,0.69
10,482,23,0.6756773591041565,-0.09267735278877431 0.9882804308768423 -0.12129591182701899 -0.15874692695941794 0.10559617849303249 0.9816561823105933 0.9829599795825903 0.11023264958056 0.1471001070884831,-38.87650169668779 -41.61849305589786 845.1863458666429,0.69
10,496,23,0.6186050176620483,0.9174768870146351 0.3909023745116692 -0.07369867973765343 -0.030363788420979643 0.25355005399698116 0.9668455980511335 0.3966285442913312 -0.8848207184052974 0.2444955912364738,18.713302211737716 -40.67853430354617 881.1197658125742,0.69
13,2,23,0.6830374002456665,-0.008962017263980604 0.9723177949647753 -0.23349044486102008 -0.9556442880409716 0.06041397614395316 0.2882605526622439 0.29438695110555513 0.22571720599306294 0.9286485158214924,-8.172568252726158 3.65161553590635 736.2701117281892,0.69
13,7,23,0.6578651666641235,0.42053874015504233 0.8800676665900795 -0.22051773228360277 -0.8648020758752144 0.46232696392709294 0.1958855481853535 0.2743438309689682 0.10832673099770604 0.955510743927362,-7.970798704184009 9.934694962515808 730.4721937866279,0.69
13,20,23,0.6886523962020874,0.9998518618263912 -0.01701348416601409 0.0026068676283698697 0.01686086581124949 0.9985913451948856 0.05030940772821586 -0.0034591337635444166 -0.05025800093917003 0.9987302777703319,-18.097796153117045 20.487827967804378 728.142129381452,0.69
13,25,23,0.6796382665634155,0.9064876209452106 -0.4172582852230772 0.06461978401224683 0.41441208989673817 0.9085358805366526 0.05315236142362074 -0.08088765555083219 -0.021402737913326926 0.9964934068970569,-24.767920109434968 20.512705689264287 734.346819878276,0.69
13,32,23,0.7493468523025513,0.5014272608516841 -0.8482577411249309 0.17038047627708633 0.8273253309169123 0.5277153593885625 0.19248193756459853 -0.2531866878372534 0.044444393201280005 0.966395983546585,-32.027336996495535 17.797525328953853 724.3391634977344,0.69
13,40,23,0.8341150283813477,-0.16845072032392738 -0.9582210213656968 0.2311640738420038 0.9563334009057847 -0.102046040958647 0.27388507048877725 -0.23885305343312316 0.26720606231436345 0.9335684972877599,-36.08902872237352 7.786823186450912 734.6185422693875,0.69
13,55,23,0.772995114326477,-0.9954404307469498 -0.08277335285194344 0.04740169714235012 0.09529307675420544 -0.8411442556797646 0.5323491060006131 -0.004192655130645685 0.5344388769490696 0.8451967276607103,-26.703027443203837 -4.92298050969721 734.5674555381688,0.69
13,60,23,0.8344354033470154,-0.9436010191380992 0.3205683578132221 -0.08278311814902255 -0.32068170054326095 -0.8227361150366299 0.46932774470631516 0.08234296338014148 0.46940516931896675 0.8791350427541885,-21.138575281047927 -6.9580069180441315 734.523461609534,0.69
13,69,23,0.8281571269035339,-0.43163615552851686 0.8858975590105387 -0.1699286443767838 -0.8500717208826019 -0.3364606836143318 0.40518178357061996 0.3017752451680793 0.3193426425032301 0.8983050584755714,-10.448488442026122 -1.296157988037494 726.4423342441877,0.69
13,78,23,0.6612114906311035,0.3739757047745935 0.906089711293227 -0.19784743447136977 -0.8242746865621894 0.4225066399230183 0.3769076548887879 0.425104002958277 0.022126326164047805 0.9048740312106053,-6.831565070321092 -8.07348581170427 729.1325166623146,0.69
13,84,23,0.717193603515625,0.7815328483616404 0.6043535787192104 -0.1548003837883633 -0.5407529149358009 0.7799726449937738 0.31500628255615953 0.31111523897131077 -0.1624789984911889 0.9363802022304425,-10.235924810792142 -1.6475204716345946 730.8141216808608,0.69
13,91,23,0.7402378916740417,0.9985590665477969 0.04186061910076794 -0.033577956812362454 -0.03307141048331798 0.972801572252044 0.22926705570708408 0.042261950071386216 -0.2278262267440949 0.9727842196415976,-17.670739704135723 2.102803463665012 727.9688359642483,0.69
13,105,23,0.6969429850578308,0.3851910653109992 -0.903661510902993 0.18714624473148705 0.8325608933796479 0.42776843822794974 0.35193255329807643 -0.3980831596783017 0.02024936958378698 0.9171258152576445,-32.863145123072854 -2.069448546067245 726.4799732384414,0.69
13,112,23,0.8655237555503845,-0.21641580285052475 -0.9531762425572317 0.21123269373144077 0.8950730697672569 -0.1073077252035084 0.43281549404921726 -0.38988254648545445 0.2827368082442152 0.8763854729569012,-35.933861389287756 -10.946262779279913 743.0556835392953,0.69
13,124,23,0.7208461761474609,-0.9523307744219356 -0.2774952676239082 0.12673781020379238 0.2893908053470233 -0.690282027268392 0.6631468047203731 -0.09653526749078906 0.6682118670575786 0.7376813965757215,-28.563825348693552 -19.806438302553694 738.4555046954218,0.69
13,137,23,0.7898739576339722,-0.6876727255739434 0.71400305979312 -0.1315517126751572 -0.6380441004688493 -0.5078823525490213 0.5787531786747867 0.34641874712348014 0.48192856999283096 0.8048222816659982,-13.628607108785193 -20.90961100918289 738.9890889920556,0.69
13,144,23,0.7126775979995728,-0.18995417495429878 0.9568640285136061 -0.21983776371257233 -0.7656385164072572 -0.0042053858616397655 0.6432573178157006 0.6145852858726168 0.2905056723481794 0.7334107857963408,-8.19382312699987 -31.789933166868767 736.8503052196188,0.69
13,153,23,0.7393615245819092,0.5693718672161026 0.8002966914444456 -0.1879917085563155 -0.6461007995718271 0.5770252727939352 0.4995954276709608 0.5083005347385487 -0.16299398829453288 0.845614289238508,-7.534507866003118 -23.235966572486415 736.9130874409742,0.69
13,163,23,0.7731854319572449,0.99515666157294 0.08052261095430147 -0.05638553052072126 -0.04996006591718027 0.9082889224773979 0.41534952163015476 0.08465938070026252 -0.410520818509792 0.9079126867873906,-16.433955199993164 -16.37747680074456 729.6679158902027,0.69
13,172,23,0.7838321924209595,0.7646294402286388 -0.6347144654838218 0.11171108468377186 0.5309306079547659 0.7186409040513485 0.4490745378676498 -0.3653142601547622 -0.28406477840423433 0.8864833292271953,-27.443273712663494 -16.865775686017695 731.5563028169171,0.69
13,186,23,0.7701959013938904,-0.34054792134532197 -0.9213018128796104 0.18769678434145798 0.7537352435291362 -0.14816946341081327 0.6402569740148291 -0.5620589790488667 0.35951186308284033 0.744876449066052,-35.167245612532746 -28.76405285235531 737.526236097219,0.69
13,194,23,0.6815927624702454,-0.8700471296012005 -0.46112124399648713 0.174313483723562 0.4189028202833268 -0.5051551346470375 0.7545453711331138 -0.2598815488475223 0.7295104442534499 0.6326737645056473,-30.755561518558956 -34.578169614389 755.533414885525,0.69
13,213,23,0.6139702200889587,-0.4441202802405597 0.871142733512882 -0.2094457316985739 -0.7118380611870708 -0.20111354628191336 0.6729338126051811 0.5440990271306125 0.4479549970137815 0.7094311589759108,-10.621892539710984 -34.78450209925728 746.3074862366057,0.69
13,221,23,0.7369911074638367,0.20363918050223484 0.9534475037250919 -0.2224161455577573 -0.648597123627659 0.3015527676262273 0.698847407921708 0.7333845208254028 0.0019457588118243496 0.6798112669236518,-5.833819941420961 -41.68789403440093 743.9788095732217,0.69
13,231,23,0.7289753556251526,0.8805224373665147 0.4551045675890416 -0.1325144137583673 -0.29865881572680464 0.749765253855708 0.5904701312508095 0.3680803568282269 -0.48034560128128284 0.7961061199657544,-11.016664022577473 -34.425254890876516 739.9886170068842,0.69
13,238,23,0.8300748467445374,0.9922204906499714 -0.12376237155177974 -0.013467491310904689 0.10992577320095664 0.8201984442079435 0.5614185929456208 -0.05843648107562528 -0.5585314561479489 0.8274223771283624,-19.167345634464706 -32.000176334911515 737.9588424869368,0.69
13,244,23,0.831930935382843,0.7987210286789181 -0.594049666013631 0.09565413036134068 0.43149574887737696 0.6762944700245973 0.5970236247544153 -0.4193520442859943 -0.43558097309598204 0.7965005202948174,-26.409625257792705 -32.61662515120709 736.6001195758719,0.69
13,258,23,0.6539437770843506,-0.30619542934873767 -0.9360394066407529 0.17342026485266793 0.6520881937428886 -0.07351030413861293 0.75457088650874 -0.6935599084629095 0.3441314638347909 0.6328887650858125,-33.70597817471967 -42.34751259955919 737.2371012145015,0.69
13,272,23,0.5754507780075073,-0.9982268781781802 -0.0594123037941143 -0.003643877127534799 0.021752344928864863 -0.4210893954057271 0.9067582679892888 -0.055406995702170926 0.9050712122450449 0.4216351095349443,-25.292630059449245 -50.188579557979786 769.6556008675019,0.69
13,286,23,0.48829370737075806,-0.4241118292854251 0.8857380213386337 -0.18867250413161082 -0.6060025957891157 -0.12275498295412013 0.7859338827514613 0.6729710321826818 0.4476598839689079 0.5888213804949001,-10.285624785066997 -47.85317439580376 751.9292595050952,0.69
13,294,23,0.8227162957191467,0.3641390356369574 0.9053938768064814 -0.218322446319009 -0.48140856133581755 0.3836492423534442 0.7880730016402075 0.7972757112805864 -0.1818658480390371 0.5755660288090992,-5.75894415403415 -53.59608927408217 756.0927731836464,0.69
13,304,23,0.7392435669898987,0.9482855133820184 0.3003911504115321 -0.10256579285628445 -0.14329448935328065 0.693451883290314 0.7061098886732144 0.28323360399286035 -0.6548966653721433 0.7006347716561478,-12.497437375322281 -48.22066121922607 750.351828458713,0.69
13,314,23,0.7019128799438477,0.85843337171986 -0.5078518952928085 0.07196248164964195 0.31373608905917183 0.6308693645534611 0.709629136443655 -0.40578542696790887 -0.5865921047162282 0.7008907831788469,-24.584180345812136 -47.38492764291013 746.9509333079343,0.69
13,329,23,0.6570442914962769,-0.2644441304482976 -0.9462487559940529 0.1862326331531381 0.525207843691851 0.02065451212449454 0.8507232875932429 -0.8088423967597149 0.3227796197231272 0.49151530423313705,-35.352567370345206 -54.22943690377624 744.1338448422886,0.69
13,335,23,0.6239097118377686,-0.5658348686422223 -0.8238799318405565 0.03244625308166077 0.06890190569372573 -0.008033947083272652 0.9975910901196122 -0.8216346078521841 0.5667074321064293 0.06131278475917323,-0.6574752233677454 -76.37793295653874 859.6006104344165,0.69
13,362,23,0.7745962738990784,0.0673850581750931 0.9748984450133362 0.21220809561682247 0.3567734538397746 0.1750837577310047 -0.9176373904838606 -0.931757455870345 0.13754526414737067 -0.3360198561702159,-5.829486978531579 -64.02354917514356 747.9759412530796,0.69
13,369,23,0.7564501762390137,0.535059593291637 0.8170350667256658 -0.21486026009286796 -0.30596128537804357 0.4244705786525871 0.8521809782599898 0.787463601366059 -0.3902286862839848 0.4770981543924393,-6.270205214870449 -63.27890139645262 768.0205450863499,0.69
13,378,23,0.8254684805870056,0.9741011971566352 0.2092656609460194 -0.0856431015717886 -0.047924141503422904 0.561234593746121 0.82626812079602 0.22097541573480506 -0.800764393521248 0.5567281668007986,-13.439014384346624 -60.01569031025883 761.3986501550601,0.69
13,392,23,0.8062883019447327,0.551271305643571 -0.8228819852855858 0.13771414548435296 0.35927940941835135 0.3831058424510809 0.8509689885347458 -0.7530061444251521 -0.41963692851356704 0.5068398116620934,-29.37531073178327 -60.33043949789783 753.0981340928847,0.69
13,399,23,0.7337108850479126,0.04116887134657521 -0.986243403066983 -0.16009083027739607 -0.4326715485774181 0.12682698522954372 -0.8925862685865185 0.9006111564286046 0.1060135167063237 -0.4214981366410653,-32.99131193687614 -64.47012751168423 761.4197332187053,0.69
13,406,23,0.7321712374687195,0.6232894616386497 -0.7669692452150655 -0.15253990921865296 -0.31056013316988473 -0.06375481769767788 -0.948413267993357 0.7176786542009632 0.6385088097391989 -0.2779277769308526,-29.79067894262174 -66.66874006505266 763.0286374245371,0.69
13,418,23,0.611319899559021,-0.9587272995701204 0.078293595308706 0.273335102013301 0.27080828757270764 -0.04145962525925828 0.9617400744771427 0.0866304590829507 0.9960678754015706 0.018545920092536305,-30.67812434970964 -85.75965243693672 841.9342438477845,0.69
13,431,23,0.6323648691177368,0.32677768001410934 0.9231045704211944 0.20271729060960442 0.3636041756785733 0.0751898985359769 -0.9285141262184734 -0.8723579261253387 0.3771265453738998 -0.3110742957890391,-7.695076454835226 -68.0705629481268 772.7752745523463,0.69
13,441,23,0.6498250961303711,0.5556500213213553 0.8039861954307568 -0.21180002682330873 -0.15350232553903181 0.3495703016621321 0.9242497715714919 0.8171230567421817 -0.48104760861334994 0.31765249627177594,-6.149177871254263 -71.09553720302543 775.683294164431,0.69
13,450,23,0.7679905891418457,0.9801611351518366 0.18088220741803648 -0.08102947721318182 -0.0017011863331896637 0.4164846798007976 0.9091411427585306 0.19819499262827728 -0.8909669682602187 0.40852981086607576,-13.30698228370462 -69.95316888217847 772.3084165913767,0.69
13,462,23,0.7433106303215027,0.6591105598646925 -0.7437228051592255 0.11157803977909014 0.2075340275717077 0.32247940539548103 0.9235457002745682 -0.7228436188240974 -0.5855624835846893 0.36689737058667116,-27.681393641644185 -69.80281936309743 768.158438703002,0.69
13,469,23,0.767039954662323,-0.10279969819174584 -0.9804336714862428 -0.16787506624776755 -0.2504178251147814 0.18884220954167974 -0.9495417488242417 0.9626646014664033 -0.05557369621882868 -0.26493098982963215,-32.834661240419834 -71.61257238495136 774.547399233679,0.69
13,478,23,0.6668349504470825,-0.6726818878413066 -0.7167287057242947 0.18384515267211748 0.23295232862988688 0.030688568969756802 0.9720038190874057 -0.7023049838611215 0.6966765204349622 0.1463199764846348,-28.345510613555103 -77.14810202379293 782.379764728067,0.69
13,486,23,0.541918158531189,0.9740824400828875 -0.14467074370419164 -0.17387862386804193 -0.1731933985855495 0.01741552940837343 -0.9847338452707988 0.1454903660334762 0.9893265766426689 -0.008091856396584385,-22.770699405099826 -78.91904173321545 780.2485172100369,0.69
13,500,23,0.7363402843475342,-0.5436370347828818 0.8151742135309261 -0.19987440057874395 -0.1782109562375674 0.12060003334491842 0.9765738512954854 0.8201826805592568 0.566521520819325 0.079710331571205,-10.999102626260806 -72.66951919611235 780.194153050594,0.69
