scene_id,im_id,obj_id,score,R,t,time
3,5,11,0.9132130146026611,0.5469275897658995 -0.09457166244836407 -0.8318211419617902 -0.8112053415388596 0.18571513558496688 -0.5544869541057568 0.2069205292175869 0.9780419669300545 0.024855693752210306,-3.1628413033838663 -105.4785544319443 818.1131039797144,0.69
3,10,11,0.8522884249687195,0.8619158479094888 -0.05241439737186562 -0.5043350097609833 -0.4867416771120203 0.19315733293327786 -0.8519229921162363 0.14206903562931944 0.9797667965808228 0.14097309471352393,45.33325311241863 -91.42749462412532 804.5995105428354,0.69
3,16,11,0.8982972502708435,0.9994429885793136 -0.029381737263943566 -0.01582485687147598 -0.010499438783520628 0.17327143117934396 -0.9848181420558282 0.031677663500978316 0.9844357392193839 0.17286642526154206,88.22934069393958 -52.46162667556403 787.0407662739794,0.69
3,24,11,0.9233830571174622,0.7899330492422094 0.05016021371681284 0.6111380618770106 0.5914680009211888 0.2006124361981403 -0.7809739139874904 -0.1617757138794254 0.9783857130000065 0.1288022321090423,105.31981701572883 21.225564180803264 771.4471943106659,0.69
3,34,11,0.8607341051101685,0.02587188494416781 0.14595112011516004 0.9889534448630866 0.9664747358285419 0.24915038280667579 -0.06205378112925464 -0.2554549482288146 0.9574039676565046 -0.1346120802194095,53.19356029365233 99.26919973717547 746.2487350899021,0.69
3,41,11,0.9008448719978333,-0.5468463423061294 0.08905712104896052 0.8324829770613202 0.7960006809695128 0.36349883650053116 0.4839953633650139 -0.2595033599059547 0.927328110785622 -0.26966753817300626,-14.153075222898867 117.6132634712202 746.4718242868374,0.69
3,46,11,0.8787997364997864,-0.8491774119259676 0.056820607583158045 0.5250420379632443 0.5039838664998104 0.3842429982577169 0.7735357655582717 -0.1577909546920148 0.9214818157966012 -0.3549271443177908,-62.60817257456813 105.03013307232654 752.32691685042,0.69
3,55,11,0.8723685145378113,-0.9786550936060534 -0.04847770780263659 -0.19971008889169636 -0.20264727290106593 0.3892657232983894 0.8985578887588392 0.03418026542740679 0.9198489596184711 -0.3907807581549123,-119.02034600219004 39.90900620012817 767.3578784020349,0.69
3,69,11,0.8308902978897095,-0.12515535643699582 -0.14011449647179353 -0.9821934965339489 -0.9629822396235899 0.2553855025785976 0.08627543823251282 0.23874954015592093 0.956632726259735 -0.16689063522020509,-79.39112381410118 -82.10918932623493 803.8578120253778,0.69
3,79,11,0.8401570916175842,-0.6548508286273029 0.05317304207626511 -0.7538852829459477 0.6836930811014286 -0.3834290178980193 -0.6209234728110998 -0.32207788359366 -0.9220384025788281 0.2147347691216126,12.550037476482249 -102.12776120678826 820.3306526881914,0.69
3,88,11,0.8117942214012146,0.9982312500815743 -0.018886451152518878 -0.05637085526618322 -0.04703157347324804 0.329119178825951 -0.9431164282449768 0.03636485194810959 0.9440995011606538 0.3276487897902216,85.85980792699063 -61.34201283142476 802.3748335424557,0.69
3,101,11,0.9111601710319519,0.48144529923553603 0.08208301526213058 0.8726240900006611 0.7761245024609683 0.4226611538874945 -0.4679618634827054 -0.4072360255720503 0.9025629770824686 0.13978158632778448,90.92268931030372 49.5835787957458 748.8303060540958,0.69
3,109,11,0.9334867000579834,-0.17874900738388044 0.10017689296619375 0.9787815805760332 0.8819976046087277 0.4571870136854165 0.11428149448566699 -0.4360378628327411 0.8837107132048647 -0.17007750451839665,30.568365330234933 93.66290912204116 725.8530010117445,0.69
3,117,11,0.8870604038238525,-0.7727543458633608 0.05700143846263303 0.6321404566727872 0.5553448972601931 0.5429514952439247 0.6299172317848211 -0.3073154178305326 0.8378272553608991 -0.45122358552946684,-48.46964125225973 94.47938857754212 732.4270715701222,0.69
3,144,11,0.7294222712516785,0.0402383273772573 -0.1484395729558985 -0.9881025099606575 -0.8216064507311388 0.5578637204228389 -0.1172642722783433 0.5686332008657791 0.8165499143448973 -0.09951140767007272,-60.176681838491675 -94.29873840075334 841.5393208226021,0.69
3,154,11,0.7259202599525452,0.8301836212143734 0.002806616073489643 -0.5574829844700246 -0.4797047235926537 0.5130871401005115 -0.7117759231853618 0.2840396684096879 0.8583319343760281 0.42730288695493324,36.713529860662 -93.9110260955596 825.8044449288416,0.69
3,163,11,0.7755354046821594,0.9906967745009166 0.0039539891394691565 0.13603038985228555 0.11797762277725779 0.47327856961256576 -0.8729769046597456 -0.0678320095331614 0.8809039456804405 0.46840907011641475,97.40818299730402 -45.68216836330101 798.7746663066496,0.69
3,179,11,0.9031043648719788,0.04275190533672801 0.09595042728479425 0.9944675912738157 0.7986307318208892 0.5947909187370124 -0.09172086556074166 -0.6003009485094208 0.79813362195302 -0.051200514907991934,53.85717618506723 66.89260004730833 724.7325138133064,0.69
3,190,11,0.921172559261322,-0.7976301625311129 0.047769844976379816 0.6012521648456025 0.4614219043530291 0.690307535374433 0.5572838888650021 -0.38842753507419503 0.7219373577508014 -0.5726521644768112,-53.076829362309056 74.52205099794679 725.7306521479218,0.69
3,203,11,0.8906227350234985,-0.8847845242390848 -0.09306315882088534 -0.45661317779636496 -0.38534117689193115 0.6971168022550547 0.6045993230274315 0.262046795551019 0.7108919836965147 -0.6526592253676315,-123.18200451582061 -7.897483145080408 774.8989754335905,0.69
3,216,11,0.723331093788147,0.10977899712361672 0.10535345211803232 -0.9883568292460707 -0.4395304404863836 -0.8867169637717633 -0.1433388225332945 -0.8914940065285792 0.450148504702836 -0.0510368497991629,-55.49687106087219 -91.40696703983662 862.2890489080015,0.69
3,233,11,0.5425651669502258,0.34260433102004717 -0.1566597085658732 0.9263260808583347 0.6519005229978867 -0.6703520771633436 -0.3544767986171645 0.6764968443986921 0.7253177430304926 -0.12753897899765754,-6.847936104497976 -114.11859590054712 806.2533523444642,0.69
3,238,11,0.8492541313171387,0.9035808291200019 0.05880057901615243 0.42436326084402637 0.280737833702856 0.6669616024533006 -0.6901800414245206 -0.32361698653599374 0.7427682766248777 0.5861461705624902,105.48940975546189 -24.1065443291722 779.0943403935606,0.69
3,251,11,0.8674405813217163,0.00453691852936533 0.10602901540700282 0.9943526860536355 0.670078937490659 0.7377769647968652 -0.08172739899516296 -0.7422759823014938 0.6666655819126608 -0.06770057600497936,49.92141210183355 49.30180592471487 713.5279668089029,0.69
3,261,11,0.8817533850669861,-0.7719412207533711 0.056830533950088746 0.6331485150521505 0.4089830297250587 0.8068936311600994 0.4262106866212779 -0.4866617234781334 0.5879565956805121 -0.6461171786116477,-47.73473795832009 54.205420216110724 711.8577473671958,0.69
3,269,11,0.8853397965431213,-0.9996890144992525 -0.024869375124299136 -0.0018407798457889916 -0.021630079340473455 0.8280045760441088 0.5603039904531651 -0.012410235986418432 0.5601695602502358 -0.8282850051834931,-107.08109183118228 18.994184362396997 739.1418640057991,0.69
3,281,11,0.8393420577049255,-0.5131082158560205 -0.161926049153545 -0.8429115691616619 -0.6138752123723639 0.7555989749713511 0.22853317627213054 0.599897643315788 0.63470476887114 -0.48710642976293816,-107.66722897028853 -59.18957532395628 821.4453001478975,0.69
3,318,11,0.9468715190887451,0.4564951353550796 0.09056884933016213 0.885104216986993 0.47994159197981096 0.8125925031152326 -0.3306803474184783 -0.7491783897610985 0.5757522969228445 0.3274767669668134,89.556184216335 9.09759797968482 732.7502867828376,0.69
3,323,11,0.8518805503845215,0.042500734890690506 0.10426729832196246 0.9936407892364272 0.5283846541339349 0.841727335415858 -0.11092677805418194 -0.8479406493437576 0.5297390143404189 -0.019319210028573286,55.02430667279414 27.856107043901243 711.9520354858081,0.69
3,328,11,0.8998708724975586,-0.37501533493676886 0.08992264515638859 0.9226469619796845 0.4736567557714968 0.8741456563934168 0.10732496969737804 -0.7968768890326058 0.4772664761918657 -0.37041049449106533,7.546961921012523 36.17795898945894 693.5939431699203,0.69
3,335,11,0.9201656579971313,-0.8569597760523058 0.057190005471484937 0.5122003958438084 0.2644600140628042 0.9018040720841287 0.34177524271717674 -0.44235827469403555 0.4283441593469616 -0.7879342853075131,-60.506436638630994 28.003995153139282 704.3887511004903,0.69
3,354,11,0.819157600402832,-0.46244269536489924 -0.16794802802891123 -0.870597618526979 -0.5045056225958906 0.857290494749063 0.10260158079698131 0.729123329946848 0.4866687451379087 -0.4811784515469426,-104.29363835444394 -60.45858191789519 833.9820831419019,0.69
3,391,11,0.9347716569900513,0.35606524062615263 0.09445707129555625 0.9296748926910452 0.3507264311430933 0.9086373168876616 -0.22664773737414676 -0.8661457815607423 0.4067629383823671 0.2904055733677877,82.12884616818594 -1.6061453780638044 725.3257893907672,0.69
3,405,11,0.8999921679496765,-0.7781628601363912 0.06245974938629699 0.6249490721738475 0.22636082476033448 0.956060527042219 0.18630363830471908 -0.5858526607588064 0.2864385594474938 -0.7581092345720848,-45.658773209068954 9.150058360016802 697.1693572243177,0.69
3,416,11,0.8851273655891418,-0.9711158882307562 -0.07556249562602885 -0.22632772892545847 -0.1239319325606559 0.9702846240688576 0.2078187296355568 0.20389901352770315 0.22986530305881747 -0.9516234206513141,-115.76038406677996 -21.849445093976207 747.274563325604,0.69
3,428,11,0.7930800914764404,-0.252911196144181 -0.1773044411180288 -0.9511041278560113 -0.40374789913746945 0.9127133104451943 -0.06278572192986437 0.8792175844505159 0.36812708144878165 -0.3024217106905567,-90.61154315838772 -65.51847676615697 880.6789304529849,0.69
3,454,11,0.764784574508667,0.9092960688213065 0.017250443764175845 0.4157921132201246 0.13749042318526464 0.9305812152335089 -0.3392859935023295 -0.3927811639557767 0.3656788537015299 0.8438020699175135,110.4252977742449 -38.016869986898726 823.444513569764,0.69
3,459,11,0.8808106780052185,0.6680991290133995 0.07187005254946784 0.7405931739883064 0.16770108973735848 0.9551704785720936 -0.2439788953275674 -0.7249275124537898 0.2872003697958872 0.6260958786613007,99.86160245739507 -24.918096655741596 749.0127963125284,0.69
3,466,11,0.8104223608970642,0.11069928947117735 0.09472724179143174 0.989329276314597 0.19756808957088787 0.973482898184452 -0.11531650760281281 -0.9740187458636954 0.20822535053395297 0.08904878495030855,60.59186215814666 -14.021912461017186 709.5330658250936,0.69
3,476,11,0.8272091150283813,-0.6953143839168283 0.053111861111483194 0.7167405651472759 0.1173243019301583 0.992276136148118 0.040287439823876225 -0.7090648176964945 0.11210352287165606 -0.6961751823103159,-35.05492645852767 -12.561464480834378 693.221934454779,0.69
3,493,11,0.6168338060379028,-0.681742015989792 -0.31357571309520005 -0.6609826743500999 -0.46337954056291597 0.8842304045134564 0.05844649794188056 0.5661335752469328 0.34613128129483783 -0.7481215884382155,-118.00296436242627 -43.201659415858884 803.0202256179123,0.69
6,2,11,0.9095649123191833,-0.977485879137955 0.21040824969930716 0.015802675228364756 0.19741589572057416 0.9384223960041732 -0.2835319572722448 -0.07448704721454961 -0.27402878523297636 -0.9588325738422725,-32.13277131007418 85.74831269755704 722.833589344838,0.69
6,2,11,0.9095649123191833,-0.9775638753949487 0.21000767463792347 0.016298653808888043 0.19691822453399394 0.9386158543111752 -0.28323751672771436 -0.07478022712715876 -0.2736732625392455 -0.9589112904757855,-32.17139434253796 85.75448687881268 722.9536949108492,0.69
6,11,11,0.9002856016159058,0.2633654672346858 -0.9646397641224248 -0.010428621293751161 0.9174391090307507 0.24710751208636794 0.3118386741431346 -0.2982349944072933 -0.09169516314570977 0.9500778311099378,-97.72419960821642 -29.664111470123178 763.4608813594039,0.69
6,11,11,0.9002856016159058,0.262197286940104 -0.9649338918146503 -0.012456610641805949 0.9175517062218613 0.24528241725862565 0.31294632477969214 -0.29891712752968813 -0.09348326166324235 0.9496891231651555,-97.76324095755552 -29.62092362766678 763.3231887497907,0.69
6,23,11,0.8600165247917175,0.04650812708784857 -0.9986427046351735 0.02344659023666562 -0.95278225481596 -0.05139880547921427 -0.29927268118410827 0.3000716064918431 -0.008420883223004438 -0.9538795100552004,-83.16762157282685 -36.199030918490266 755.6626165822112,0.69
6,23,11,0.8600165247917175,0.04720375958729528 -0.9985739854257675 0.02493593214067108 -0.9524940698191623 -0.05251684698374404 -0.29999504619612505 0.30087680542068046 -0.009590433451380748 -0.9536147920130336,-83.23988094522521 -36.19794084641819 756.244308300107,0.69
6,32,11,0.8992561101913452,0.7661264194548725 -0.6425907763920347 0.011287316294806754 -0.6086917520156023 -0.7311231038106842 -0.3081450277100187 0.20626357032067796 0.22920755042125895 -0.9512724312143463,-30.332510639896892 -74.78029991342378 773.1769395029871,0.69
6,32,11,0.8992561101913452,0.7662070495159063 -0.6424994755082156 0.011008235271709313 -0.6083312061100501 -0.7307662082452293 -0.3096996812390711 0.20702632911014313 0.23059742595822322 -0.950770701166491,-30.319372715404203 -74.72200117634215 772.9017538264012,0.69
6,39,11,0.884799063205719,-0.8184060043429442 0.5744770509782631 -0.013701458124408969 -0.5502834283065838 -0.7766255587945674 0.3066608712538639 0.16552873039617505 0.25851278368069963 0.9517202215394428,83.32063219733953 -19.32173390409396 761.681742376216,0.69
6,39,11,0.884799063205719,-0.8184386694432519 0.5744295237012172 -0.013742876713150956 -0.5502405288798916 -0.7766367074878622 0.3067096101533025 0.16550983275303438 0.2585848929903026 0.9517039184427352,83.32907240269066 -19.323702788472218 761.7748319355644,0.69
6,45,11,0.9194123148918152,-0.42873365238593286 0.9032293429968283 -0.01908426737751187 -0.8643838097401135 -0.4039685974638909 0.2994161013075691 0.26273196374058805 0.1448658904386232 0.9539317528085745,85.42268987012064 28.429743373260493 752.7494490132581,0.69
6,45,11,0.9194123148918152,-0.42870949886123455 0.903243722591827 -0.018945795961324494 -0.8643577765012275 -0.4039710919448256 0.2994878813487444 0.2628569949383191 0.1447692455992094 0.9539119800802547,85.42217754077265 28.431109434140684 752.7209615780221,0.69
6,58,11,0.8936371803283691,-0.04789186533863177 0.9983035296846993 -0.033112412377504924 0.9560790701649192 0.036218693613333075 -0.2908625411178408 -0.28916981313230217 -0.04558803408807002 -0.956191691200575,69.73206238695327 41.828084594087045 738.2017929071196,0.69
6,58,11,0.8936371803283691,-0.046966475502415506 0.9983911396015924 -0.03176920748011777 0.9557475510709278 0.0356683054589525 -0.29201779159429847 -0.29041482193718227 -0.04407838870376986 -0.9558851012796852,69.70371863291214 41.84258763988061 738.2089863866735,0.69
6,65,11,0.8891815543174744,-0.5827953233643606 0.8125696153343124 -0.008957192644942158 0.7807849670199017 0.5568755691163128 -0.2833097876832246 -0.2252208834463669 -0.17210526068900522 -0.9589866176870292,33.72192904980231 78.35450741557469 728.6136609669142,0.69
6,65,11,0.8891815543174744,-0.5804882592847178 0.8142080799334469 -0.009928917548675656 0.7827075120112238 0.5545850578451962 -0.28249666238035553 -0.22450463575124402 -0.17175743415040365 -0.9592168953580162,33.71663694536556 78.38571373534745 728.8208681111047,0.69
6,72,11,0.9153944849967957,0.9526312158018718 -0.30353608303685664 -0.018963464200668634 0.27985129540028564 0.8504713435097193 0.44540065820736624 -0.1190672882979606 -0.4296095205688713 0.8951305160109083,-89.43332407601346 44.02976913574803 732.3905728593776,0.69
6,72,11,0.9153944849967957,0.9525893392103814 -0.30374637509314123 -0.017654756880390025 0.27934059618994805 0.8501017977451444 0.4464255422696129 -0.12059179965061181 -0.4301919026298035 0.8946466032846581,-89.36344014596429 44.03783017382993 731.992739103357,0.69
6,80,11,0.8628087043762207,-0.9629069020441838 -0.26888860596476966 0.022565805502923482 -0.2520208920125974 0.8663093234925929 -0.4312697833363482 0.0964145631367358 -0.42095970544949884 -0.9019407732235105,-68.03376433179398 51.621697715923794 718.9146816433965,0.69
6,80,11,0.8628087043762207,-0.96266859676719 -0.26985532505238746 0.02114890869902321 -0.25250529226116397 0.8671271272817977 -0.4293385872619896 0.097520511577788 -0.4186509867095588 -0.9028959525597173,-68.05661725342672 51.628612266780934 719.3816492433306,0.69
6,87,11,0.8834273219108582,-0.03247708952002082 -0.9993454010471833 -0.0159376303807392 0.8887924232558498 -0.03617065952070786 0.456880412966929 -0.45715781412910694 0.0006729009448178114 0.8893853384135672,-81.74663280301233 -59.52872766676761 779.1875427593026,0.69
6,87,11,0.8834273219108582,-0.03377027494204543 -0.9993120697208426 -0.015328269327778782 0.8898311495908537 -0.03704637287357926 0.45478356552840815 -0.4550385629242414 0.0017185945298424377 0.8904700739972586,-82.18063819758156 -60.01213789687705 783.6552054054056,0.69
6,96,11,0.8989218473434448,0.09127307845661015 -0.9956656425475654 0.01786486494203171 -0.8859754237299524 -0.0893822874873973 -0.4550366526226776 0.45466116361042386 0.02570476480856798 -0.8902934860879033,-81.59363548485484 -47.03379980706739 772.8160687644142,0.69
6,96,11,0.8989218473434448,0.09230306196166516 -0.9955939104578475 0.01651999430244072 -0.886184572821215 -0.08970221629510045 -0.4545661836140343 0.45404520440830765 0.027318086517886586 -0.8905597534712759,-81.56380565829032 -47.04245257196217 772.7341128894706,0.69
6,105,11,0.8584901094436646,0.7786225185514467 -0.6273755084945963 0.01212208504131157 -0.5463944101861088 -0.6873645341734398 -0.4785218340660171 0.3085451703105662 0.3659644361159664 -0.8779919756901808,-26.431381094087417 -80.45246533344189 792.3919581632572,0.69
6,105,11,0.8584901094436646,0.7790697836450038 -0.6268395093425678 0.011068050347545433 -0.5460529660663931 -0.6871260691920955 -0.47925350628525853 0.3080201786594858 0.36732818373191656 -0.8776067313864393,-26.42289816950675 -80.45464610157386 792.3554000166841,0.69
6,119,11,0.9098221063613892,-0.29758575709306534 0.9546439511713203 -0.009881481030560135 -0.8452193413539291 -0.25863464078665976 0.4676669622566749 0.44389974338422167 0.14752304591881793 0.8838495170255265,81.38509845417492 27.860441811538273 742.6392532013344,0.69
6,119,11,0.9098221063613892,-0.2985281615750335 0.9543257158905506 -0.011973501435216777 -0.8457235760816951 -0.25869998923764714 0.4667182752239628 0.4423037074298837 0.14945482112809086 0.8843249893762758,81.37813703858822 27.856115932817342 743.2233992336863,0.69
6,128,11,0.9288225173950195,0.15646072538029687 0.9873138670582025 -0.027043840852396223 0.8799230406892566 -0.15177456388663013 -0.45022208322248725 -0.44861507317258553 0.046645575048461924 -0.8925069783765023,76.98700893404474 13.999135325177424 750.102103860627,0.69
6,128,11,0.9288225173950195,0.15749459397990262 0.9871498967035391 -0.027028398126741737 0.8797783947967598 -0.15269048088036552 -0.4501950611650013 -0.44853698723287266 0.04712428765206669 -0.8925210768364762,76.93936614100328 14.004661781972821 749.7259505360136,0.69
6,134,11,0.9034814834594727,0.8455458827500755 0.5339026680180828 0.0003181942307488028 -0.47920685525168805 0.758660652751337 0.4413556432704842 0.23539955404414714 -0.37333892785254535 0.8973322098898092,-18.880108915466753 81.34523056336137 712.4848465165472,0.69
6,134,11,0.9034814834594727,0.8454450317533857 0.5340619493331238 0.0007297657299742272 -0.4800203130716664 0.7592942101826046 0.43937774343013125 0.23410082725632586 -0.3718200326201895 0.8983021017565445,-18.86976475607638 81.33143830670106 712.6743828154413,0.69
6,139,11,0.9241267442703247,-0.6947056707666257 0.7192221744045783 -0.010173241835465002 0.6475497939412708 0.6191938757310291 -0.4441601159759896 -0.3131505953551903 -0.31514823195115227 -0.8958896676079888,23.483959023575004 67.8898518005615 716.1334005633931,0.69
6,139,11,0.9241267442703247,-0.6952631937723346 0.7186937049002016 -0.009404781885606867 0.6465671666145325 0.6196657259082536 -0.4449329018971877 -0.3139426547023343 -0.3154262935638359 -0.8955145241072491,23.496944911871697 67.91176463865763 716.142620889892,0.69
6,145,11,0.9056004881858826,0.9414700451236714 -0.33656261723059155 -0.018967309185184994 0.2803822391852109 0.7505970596896685 0.5983225333670055 -0.1871361912734126 -0.5686208391082044 0.8010308279008757,-90.87835967321176 26.557331574915928 728.5849002626735,0.69
6,145,11,0.9056004881858826,0.9418478628048983 -0.3354821231136091 -0.019348085203214876 0.2796315332861616 0.7505176196409096 0.5987733362471757 -0.18635667125669506 -0.5693637217804874 0.8006847965325655,-90.97118599768321 26.58839936839556 729.238658443136,0.69
6,156,11,0.9074075222015381,0.26892359090946194 -0.9627632007257877 -0.02769695977173592 0.7729901464474228 0.19858135768516927 0.6025376983020291 -0.5746010230999876 -0.18344607847580627 0.7976096793195879,-98.00523874775051 -44.49655559150176 786.1406432184649,0.69
6,156,11,0.9074075222015381,0.2693122034266573 -0.9626757475057762 -0.02695073746066884 0.7731297198361161 0.19943041271139783 0.6020780238406734 -0.5742311149629631 -0.182983375337643 0.7979822748397584,-97.96471716262104 -44.500410672989446 785.9528925979266,0.69
6,170,11,0.9057667851448059,0.2344743624456006 -0.9720119516887643 0.014647154328699064 -0.7606883485832413 -0.19283754410358767 -0.6198120020730468 0.6052891950839951 0.13418810438446702 -0.7846136265425634,-74.33497303049498 -59.348291427120884 791.7129959998575,0.69
6,170,11,0.9057667851448059,0.23399103688475864 -0.9721279302790858 0.01467929933261608 -0.760812868518946 -0.19248614501697636 -0.6197683947027929 0.605319728534903 0.13385204947181303 -0.7846474718614895,-74.31899921409502 -59.34323071705427 791.5310564233517,0.69
6,177,11,0.8720366358757019,0.7527320827796147 -0.6580085011598418 0.020474959234199175 -0.5011429706264581 -0.5928989450277387 -0.6303384519261725 0.42690764170479834 0.4642150938803837 -0.7760503927372722,-29.70681373884925 -80.90280690636762 807.5841046464153,0.69
6,177,11,0.8720366358757019,0.7521442321792771 -0.6586547175768023 0.02128419632658543 -0.5020310425141667 -0.5936139139048697 -0.6289573543338859 0.4269003236723824 0.46238131907805824 -0.7771483960068697,-29.739444330344316 -80.9616736350456 807.7888220779499,0.69
6,194,11,0.8538283109664917,-0.09376547012037095 0.99539496322841 -0.019922444443840892 -0.7986565137605532 -0.0632550389612907 0.5984534844696323 0.5944373891680643 0.07202546234157553 0.800909809612504,72.15743030856353 29.851873432486627 729.176374598422,0.69
6,194,11,0.8538283109664917,-0.09490606846759264 0.9953790488317082 -0.014607782682815762 -0.7951681522980034 -0.06697194861590394 0.6026793240767165 0.5989160606787931 0.0688135687598927 0.7978497634364027,72.34098317219238 30.058448863563513 730.221925571854,0.69
6,206,11,0.8757582306861877,0.8205802146813485 0.5715258335634728 -0.002516514075023929 -0.4589702064578894 0.6615871771187656 0.5929997948195476 0.34057959548028494 -0.48544889395445195 0.8051986776571883,-13.625367726103443 63.811211038954816 703.8603127396376,0.69
6,206,11,0.8757582306861877,0.8209388043431927 0.5710128751350066 -0.0019431813149271837 -0.45882287843301234 0.6616626100714588 0.5930296423113013 0.33991329151713745 -0.4859494694548787 0.8051782829824135,-13.615275252166196 63.862269656744964 704.4573119849233,0.69
6,214,11,0.8693308234214783,0.9972749009605727 -0.07202914917420393 -0.0159553622121284 0.06708526292924184 0.7953917703741813 0.6023715623423305 -0.030697547325387882 -0.601800409845545 0.7980563434356873,-75.12829607842494 42.9130790108899 720.553540145398,0.69
6,214,11,0.8693308234214783,0.9972949735136195 -0.07152234969856601 -0.016949610557916887 0.06722323229147444 0.7942410317664165 0.6038726856705019 -0.029728317220379014 -0.6033786016691463 0.7969005522667368,-75.19354777404926 42.9733587601868 721.0317692532362,0.69
6,231,11,0.8959161639213562,-0.6449923502351127 -0.763776125561341 0.025117686212948187 -0.5355055282002855 0.42828568133787437 -0.7278771904846901 0.5451776750795274 -0.48292587959588507 -0.6852473257236558,-93.69432992073027 -10.983504902646006 749.0464413340574,0.69
6,231,11,0.8959161639213562,-0.6448813609344068 -0.7638686131796761 0.02515496210185425 -0.5353523678286594 0.42798159643317524 -0.7281686586051054 0.5454593225710194 -0.4830491640749096 -0.6849362251384401,-93.65766064922356 -10.974723345992055 748.8537179817993,0.69
6,248,11,0.8269611597061157,0.7141357075942585 -0.6998744310744764 0.013637150253100638 -0.4484263849082535 -0.47234953669322266 -0.7588146628155077 0.5375164820328421 0.5357813881742026 -0.6511638316346828,-33.65708286582522 -78.93394608730574 822.2258337150505,0.69
6,248,11,0.8269611597061157,0.7142366890218977 -0.6997877129913198 0.01277140561626583 -0.44647258158992364 -0.4695920283849315 -0.7616728699157895 0.5390066659545742 0.5383126262904339 -0.6478358823288737,-33.62691578068724 -78.84472180336525 821.8454350783246,0.69
6,259,11,0.8466039299964905,-0.6159334739776807 0.7876222434171256 -0.016648042178001365 -0.5428596025436374 -0.409021278762544 0.7334882721936444 0.5709022749647705 0.4608175291739973 0.6794981951749552,88.42167749277124 -19.130887848721528 764.2786147193164,0.69
6,259,11,0.8466039299964905,-0.6203560560945749 0.7840424618702846 -0.02087538385680221 -0.543377558595161 -0.4104372703169392 0.7323128265638551 0.5655963158313073 0.46563791202946925 0.6806483250540535,88.57396850364813 -19.31299250594254 767.1311538077304,0.69
6,273,11,0.8818054795265198,0.5405889342216892 0.8412721319119199 -0.004980388080414344 -0.5817773401360107 0.3781046043966533 0.7201194585888643 0.6076995398231981 -0.38639113370058553 0.6938322283493681,23.861873733902755 40.89941831357885 702.6577927447657,0.69
6,273,11,0.8818054795265198,0.540628239936692 0.8412424961526019 -0.005671758977090102 -0.5818413450805697 0.3787753407690786 0.7197151453041 0.6076032877937612 -0.38579826838933323 0.6942463113117736,23.83672106092443 40.890194725963525 702.529537596644,0.69
6,282,11,0.8927773833274841,-0.6272005553874545 0.7787783582875786 0.011123487967933887 0.5336882760621976 0.44012795919085446 -0.722124783906669 -0.5672709117480188 -0.44698059040790306 -0.6916733799150969,31.824249370639524 31.16068496709954 708.5676434456014,0.69
6,282,11,0.8927773833274841,-0.6269927512050693 0.7789376722535659 0.011670161973791171 0.5325408156989753 0.4394971688678596 -0.7233550429573338 -0.5685774965217743 -0.44732353090501775 -0.6903776424158734,31.809726814597198 31.18134560220826 708.3232328428693,0.69
6,289,11,0.87456876039505,0.9398605198919447 -0.3411639772335182 -0.01641169664144268 0.20073199109313333 0.5128367239023974 0.8346886619385953 -0.27634918291941724 -0.7877852723015731 0.5504775143859255,-90.2030920882515 -2.9472302640136343 730.6386931067804,0.69
6,289,11,0.87456876039505,0.9394841823652125 -0.3422174878532614 -0.01602067704471649 0.20065302141845404 0.5117418102665072 0.8353793656901058 -0.2776829776583607 -0.7880402975943306 0.5494403091203133,-90.16422438685845 -2.9258647352001708 730.3864577710561,0.69
6,298,11,0.8882736563682556,-0.9190742009340942 -0.393603427314395 0.019466771271025057 -0.2340223252031314 0.5053703658522208 -0.8305626674880785 0.31707438320349446 -0.7679043790243382 -0.5565848544394374,-75.62525627061976 -1.0005923198545685 727.3348931291345,0.69
6,298,11,0.8882736563682556,-0.9190609853598333 -0.3936405582582648 0.019339495431212106 -0.23446358109810206 0.5066583060173804 -0.8296530540426236 0.3167865753596039 -0.767036160710641 -0.5579442569237665,-75.5747896356575 -1.0418033841813195 726.8208032791048,0.69
6,315,11,0.8582104444503784,0.35966913472527784 -0.9330167975107322 0.010852146736356982 -0.494928490148536 -0.20062394878535894 -0.8454559839595792 0.7910018351212977 0.2987133855999548 -0.5339348369400074,-68.43547218275694 -64.25093720857922 819.1302339880677,0.69
6,321,11,0.7723550796508789,0.7516624107424899 -0.6595479883191862 0.0002671720480239004 -0.33941353280009107 -0.38716429420266607 -0.8572644067303351 0.5655104543940368 0.6442827487979689 -0.5148763595003989,-30.112958022631098 -77.42117150121211 856.6178261815447,0.69
6,329,11,0.9065755605697632,-0.7714863169741215 0.635930759698619 -0.020023276226509623 -0.3634900293285279 -0.41470570256356787 0.8342027204702727 0.522191402936176 0.6508542456882302 0.5510942655926963,87.17768940366729 -37.80036855865538 789.1133042126307,0.69
6,329,11,0.9065755605697632,-0.7716312781357832 0.6357485081278684 -0.02022387242164775 -0.3635893046403113 -0.41476709642939014 0.8341289308438521 0.5219080265273877 0.6509931567479973 0.551198622742805,87.16292358548549 -37.79879279818463 789.0390781161602,0.69
6,354,11,0.8716338872909546,0.9662825636510312 0.256672753565819 -0.020423142778017142 -0.12792892514375936 0.5474128982688359 0.8270267885144202 0.22345513486056506 -0.7965288547101439 0.5617914081922161,-45.406463140205204 18.335734524383064 696.9605023057767,0.69
6,354,11,0.8716338872909546,0.9656646671950923 0.2589218601484228 -0.021241960085463127 -0.12816927798211478 0.5459410714793884 0.8279619451722892 0.22597430542549563 -0.796811029547921 0.5603818309672852,-45.45423016742064 18.36962948358649 697.0450099282776,0.69
6,361,11,0.8605615496635437,-0.9487381116081206 0.31466292754081865 0.02971931381609283 0.10756709413185243 0.40987378842428246 -0.9057774549097344 -0.29719575340554094 -0.8561487718814811 -0.4227102607739077,-19.323572130824555 -3.3903417528799 700.9980544138076,0.69
6,361,11,0.8605615496635437,-0.9481432095115141 0.3163566296121327 0.030707281834402328 0.10700726671483478 0.4086864913634457 -0.9063800508877369 -0.29928898931872805 -0.8560921881885666 -0.42134577984724886,-19.355782893057825 -3.381362830720886 701.0251220504347,0.69
6,367,11,0.8700642585754395,0.6203059677704474 -0.784041094206458 -0.022362221354521983 0.3113846755963443 0.219989202660956 0.9244697585731813 -0.7199028338269879 -0.5804173613083407 0.3805989970293342,-105.57416877119852 -37.95569192180785 788.4515731244368,0.69
6,367,11,0.8700642585754395,0.620943727304131 -0.7835090533076889 -0.02329057548756791 0.30927230064534106 0.2175846125812455 0.9257470391102568 -0.7202635153714165 -0.5820399468702803 0.3774254478331459,-105.6675723333501 -37.92892012136898 788.9192730948143,0.69
6,374,11,0.8023931384086609,-0.7005062726617419 -0.7133865862511977 0.019249429041301114 -0.29813035548700156 0.2680276908570478 -0.9161219613517805 0.6483897385822417 -0.6474880195731049 -0.4004372752511325,-91.00076869206903 -28.23156516622246 754.4515771834341,0.69
6,374,11,0.8023931384086609,-0.7007538918494514 -0.7131398876651515 0.01937740123915971 -0.2987818986044811 0.26871096706613706 -0.9157094480481696 0.6478220126887861 -0.6474765762553243 -0.4013735455614058,-91.00639726672267 -28.251526044045477 754.4496701871781,0.69
6,388,11,0.7889495491981506,0.46938151018377683 -0.8829292791288383 0.010811380791863279 -0.31322532659984276 -0.1779391440849758 -0.9328598800349001 0.8255730692519099 0.43448078100111165 -0.3600771559911089,-58.85654039940427 -62.85524363415885 833.5937798964425,0.69
6,402,11,0.8693493008613586,-0.6834588473800183 0.7294927470721269 -0.026913489315562478 -0.30411795979831485 -0.2510230734896104 0.9189666387328433 0.6636235909505384 0.6362607551507414 0.3934157864002421,89.33084497646308 -36.24783198376858 788.5063661081344,0.69
6,402,11,0.8693493008613586,-0.6815238875993719 0.7312092669831642 -0.029295025335079772 -0.3042682261573586 -0.24673147602823664 0.9200784886562573 0.6655419124161106 0.6359690138795063 0.3906371413506844,89.47878916350766 -36.322259216904556 790.1683152355416,0.69
6,409,11,0.8298874497413635,-0.16762414623028987 0.9852604396450306 -0.034117615260271406 -0.4407412937015587 -0.04393808432126023 0.8965581725534906 0.8818442366012511 0.16532184010789153 0.44161004467346254,72.2297160634077 -15.715266373849603 703.9847431443966,0.69
6,409,11,0.8298874497413635,-0.1662155687064748 0.9854681207635141 -0.03499953825997987 -0.43923417157966754 -0.04221309722676514 0.8973802967188701 0.882862235706289 0.16453156955840498 0.43986774760414205,72.42214817491441 -15.697429485522719 705.3473654279951,0.69
6,426,11,0.9084721207618713,-0.6161187331098916 0.7868392655877823 0.035800514526219906 0.3029337011969042 0.27867216985386145 -0.9113577752058111 -0.7270686895955618 -0.5506594154994722 -0.4100552752149067,33.3612304728773 -5.755436642032857 708.84000307053,0.69
6,426,11,0.9084721207618713,-0.6154981903116625 0.7873033420443514 0.036268792768216596 0.30209715737164394 0.27817696533305836 -0.9117866436102597 -0.7279418144543155 -0.55024632989588 -0.4090595203696814,33.35347582715439 -5.736027395766002 708.7336171606825,0.69
6,434,11,0.8194637894630432,-0.9700540770466377 0.2410435357439339 0.0298848035171487 0.03198685240643906 0.24874623806073037 -0.9680403660611282 -0.24077360502830122 -0.9380955830440186 -0.24900752638219248,-25.87288580924743 -22.91354235928076 707.2185915221712,0.69
6,434,11,0.8194637894630432,-0.9701814686395642 0.24053612823773 0.029837709710718002 0.03187196009199281 0.24863885967627664 -0.9680717409462872 -0.24027504254140333 -0.9382542770865919 -0.24889117192147237,-25.861320238570322 -22.910196976582743 706.9325110885796,0.69
6,442,11,0.7478793263435364,-0.9014337373001147 -0.4319678946826865 0.028652316146441537 -0.13605752673434782 0.2198513881424431 -0.9659988180897393 0.41098122423789674 -0.8746822880882227 -0.2569539418430302,-76.4128971974136 -31.46188359801315 736.424134113308,0.69
6,442,11,0.7478793263435364,-0.9014999747652286 -0.43182471731841376 0.02872645141962457 -0.1361077869567715 0.21988522004162825 -0.9659840373096105 0.41081926175390326 -0.8747444789880738 -0.2570012269462172,-76.41865444133207 -31.463940782761885 736.4716712419786,0.69
6,475,11,0.8194319009780884,-0.6354932466413639 0.7714929783880086 -0.03077202903967846 -0.18573511322625935 -0.11406616298575845 0.9759566476931931 0.7494336536265553 0.6259293049216552 0.21578161194190315,90.17750969252822 -37.52812746288349 789.7797263463264,0.69
6,475,11,0.8194319009780884,-0.6342132976682531 0.7725650589470024 -0.030277429794722144 -0.18674081081418603 -0.11506267259965886 0.9756477084228118 0.7502675273775482 0.6244227823105418 0.21724370254242498,90.14289288226527 -37.5354722235975 789.2572550143084,0.69
6,485,11,0.7409041523933411,0.26413740443844347 0.9638608287198392 -0.03469487622152512 -0.19944473775760396 0.0897802259651701 0.9757875319998937 0.9436382930749063 -0.2508222754963118 0.2159512860751922,55.35560053352525 -21.94455237145004 706.4425265537495,0.69
6,485,11,0.7409041523933411,0.2579160057898987 0.9655928306803543 -0.03331395047252167 -0.20761362298244374 0.08906403342120361 0.9741479258833591 0.9435973280533856 -0.24433191213889238 0.22344126566295652,55.14577121284865 -22.094556195681104 705.4080588314472,0.69
6,496,11,0.8213405609130859,0.931131610164911 0.3642446575635996 -0.017881666255594036 -0.07326833980965944 0.23488176130012461 0.9692586386460982 0.35724735818930364 -0.9011971968692132 0.2453934339419781,-31.36467361068502 -20.13979948303267 697.7951956958044,0.69
6,496,11,0.8213405609130859,0.9309730093822087 0.3645915372247952 -0.019033307276843076 -0.07242203884227996 0.2355222339873113 0.9691668203088433 0.357832787893677 -0.9008897203774096 0.24566930542204857,-31.373451715999547 -20.149019346031153 697.9387783945559,0.69
6,501,11,0.7953662276268005,-0.7827922892396462 0.6207656095399282 0.043431439297774044 0.12647293307607443 0.2270439248398406 -0.9656374337153959 -0.6092953545745197 -0.7504006357978665 -0.2562382810746051,12.9047874611901 -22.135877915905237 705.7692184856887,0.69
6,501,11,0.7953662276268005,-0.7820219992089295 0.6219599738294467 0.040092190104098535 0.12422199638729434 0.21858119097848183 -0.9678797231908434 -0.6107458459677186 -0.7519229042292184 -0.24819640958054445,12.903775729087652 -22.100117819201216 707.0896090210994,0.69
16,8,11,0.8341260552406311,0.8154885423467735 -0.5757160849869947 -0.059408979021543434 -0.5614180468805878 -0.7619087142060899 -0.3229626725391176 0.14067058661255682 0.29672563203078806 -0.9445452267403658,54.9312900544066 128.21145239464724 711.5800221623201,0.69
16,14,11,0.8818643689155579,0.9946360785248491 -0.10342887574413917 -0.0012405478682984 -0.097805840381233 -0.9365231918203214 -0.3366872863207025 0.033661385652270635 0.3350026549819887 -0.9416157030715813,-12.784487790923274 144.8854585669638 713.2241349784114,0.69
16,20,11,0.8329740762710571,0.9084791049965547 0.41396038732176466 0.057467499624340154 0.40901592190357317 -0.8524072673457443 -0.3257419626107929 -0.08585855469333924 0.31943488899081707 -0.9437105807827926,-80.15562531761485 125.01294024208656 718.2514569412849,0.69
16,31,11,0.8147803544998169,0.302170288196557 0.941972959074079 0.14621922344354488 0.9192665086094819 -0.24735440514042084 -0.3062105230173554 -0.2522740634313073 0.22694215701550993 -0.9406673451805398,-145.11302282221567 22.553102015901768 751.4535961493874,0.69
16,35,11,0.7838082909584045,-0.10596425997135195 0.9886270452440747 0.10671523331134004 0.9527863897947041 0.13165738257363302 -0.273613649213328 -0.2845517018587268 0.07268355402585983 -0.9559013704056878,-139.25152081537018 -22.519040239994805 767.3393449726955,0.69
16,48,11,0.8461296558380127,-0.9643311625742021 0.2643660785229424 0.013265949445438165 0.253040659667589 0.9354106098827139 -0.2469360554350878 -0.07769062648272865 -0.2347713088204153 -0.9689409678156198,-27.696237472287507 -111.76486211102781 788.1168298996848,0.69
16,55,11,0.8157070875167847,-0.928174967966201 -0.369486817433456 -0.04439279878355715 -0.346684562680443 0.901865337715764 -0.25777650518598627 0.13528134697736957 -0.2238714014110037 -0.9651842066622629,52.78726098930478 -99.96093439033038 792.2993057107939,0.69
16,61,11,0.7757940888404846,-0.6281792179460775 -0.7752774680014081 -0.06584616731428544 -0.7356213071836684 0.6193485792510549 -0.27435128903850803 0.25348010288392686 -0.12390393451793892 -0.9593725305911822,103.9960935032015 -54.37367047163574 769.0487280002023,0.69
16,68,11,0.8653489351272583,-0.031422233271593436 -0.9926506167939267 -0.11686486313200463 -0.950010820920503 0.0659991733367975 -0.3051615133872737 0.3106317488444757 0.10143402830163051 -0.9451026687679631,126.07500845437502 20.31891943671904 745.6635402758396,0.69
16,73,11,0.8641840219497681,0.4520802437148508 -0.8859727525081043 -0.10332344872261406 -0.801771148057087 -0.3528642132022515 -0.4823379242651115 0.390879110961358 0.30089720645823465 -0.869870330428443,109.27061415819512 64.35521526729318 720.330224485014,0.69
16,86,11,0.8650298714637756,0.9985926969680976 -0.046714971863776114 0.025106512417057067 -0.028974273212443263 -0.8770642545843514 -0.47949847217922126 0.04441978223485486 0.4780962295753475 -0.8771834917575942,-18.33728806400004 124.74306947953114 693.8776639392912,0.69
16,96,11,0.8560085892677307,0.7247229237628716 0.6816975956039332 0.10032483202284166 0.6300558221259921 -0.5966796022217291 -0.49699407772896026 -0.2789378869528755 0.4233932456243676 -0.861934924911347,-118.41553069732032 73.93725204224067 712.1384869093833,0.69
16,117,11,0.8698670268058777,-0.8868682644941095 0.4600606410002002 0.04253102439033182 0.4035076337765143 0.8160971792203504 -0.4137233176322862 -0.22504726374094078 -0.34975648767545686 -0.9094086696373875,-54.561806472977 -108.02352076288285 809.0575652253754,0.69
16,126,11,0.8466752767562866,-0.9437128366318115 -0.32888976248953944 -0.035179626290135976 -0.28356598631284796 0.8592118608724074 -0.42584657981789226 0.1702833326628329 -0.39190113838281854 -0.9041112123801416,48.06617460477721 -104.84973996222884 814.4350275511614,0.69
16,140,11,0.8833199739456177,0.04285098908965723 -0.9931985788911857 -0.10826068364169752 -0.8832463681059752 0.01298530154635047 -0.46872938372941275 0.4669471554272955 0.11570637334339018 -0.876682604598767,126.14513196278467 14.695880447579352 744.6809842828865,0.69
