scene_id,im_id,obj_id,score,R,t,time
2,3,7,0.9110811352729797,-0.9509451083914251 0.3088327772802635 0.018047617676016883 0.2924674658614531 0.9165026893787395 -0.27292050449557215 -0.10082748751704693 -0.25425407772324327 -0.9618672890384112,13.831376702180826 68.7901703621388 737.9055059420944,0.69
2,13,7,0.8710259795188904,-0.8512900072132084 -0.522798536153275 0.044575937622539384 -0.5126453299910689 0.8106296926575278 -0.2829739688033337 0.11180379804498514 -0.26374455819590814 -0.958091184994811,-45.506367003937264 64.18733468573109 740.4432872650066,0.69
2,24,7,0.8774621486663818,-0.05647205824172641 -0.9973411303869202 0.046060571821067584 -0.9610817863237249 0.04180709731357002 -0.2730823440118602 0.27043059485705634 -0.059689498680708775 -0.9608873280007937,-80.66919344347848 10.38968342394097 753.4875870108315,0.69
2,36,7,0.8359121680259705,0.8373163855962262 -0.5467119973133989 0.002694885093244462 -0.5233862163664809 -0.8029969669133601 -0.2850662022154212 0.15801309733579355 0.2372801363821638 -0.9585040416966488,-49.785176345967784 -50.55345489058828 772.6783661879501,0.69
2,55,7,0.862768292427063,0.4651094534563728 0.8852065629543251 -0.009084999070160749 0.8405801688501446 -0.4448340575038294 -0.3091078145575463 -0.2776655831056066 0.1361322966355551 -0.9509836075197897,51.73788515639813 -27.547553016238332 764.4119718494592,0.69
2,65,7,0.8319222927093506,-0.36995348855393684 0.9289538516205477 -0.013384986594028037 0.8894501134743261 0.3499862515609604 -0.29391855905814623 -0.26835221621458866 -0.12064147411921797 -0.9557367434472015,56.621002346327984 29.126183944010553 747.0532339840296,0.69
2,76,7,0.8800107836723328,-0.9649194344089571 0.26229807952010703 0.011410634511798627 0.22707389831212926 0.8555777672365259 -0.46521406783962777 -0.13178744175842785 -0.44630303795809484 -0.8851246626911626,11.008698856047156 54.51724330781105 727.5287028374075,0.69
2,92,7,0.8920239806175232,-0.4337386014489364 -0.900642478306249 0.026719878059201424 -0.8094670299227242 0.3764614051707299 -0.4505995316075717 0.39577007603052083 -0.21707127098549306 -0.8923262353150547,-72.40301751816256 22.81709693240545 744.282286958553,0.69
2,106,7,0.8168807625770569,0.6970782967598563 -0.7167264857049571 0.019621235317880237 -0.6318357516010829 -0.6269901976003787 -0.4557048113765457 0.33891803018587324 0.3052645357752195 -0.8899146768161921,-61.213669634736526 -48.78725504549964 778.192669730155,0.69
2,117,7,0.8780089020729065,0.987291599688376 0.15874959939284183 0.007339065157070175 0.14316589596321427 -0.8684284413710048 -0.4746952374429064 -0.06898422586227662 0.4697133241782049 -0.8801196337269401,0.8637696805924393 -67.29552775726259 785.3896271384976,0.69
2,122,7,0.8423846364021301,0.8280506130191443 0.5606316252760253 0.004935890900515966 0.49853320850182326 -0.7322465304179995 -0.46398239051895024 -0.2565089127096699 0.38666160842675396 -0.8858306713302149,29.309593920058315 -58.29764124162977 783.6858906211405,0.69
2,130,7,0.8668182492256165,0.27301090447867693 0.9620026527139435 -0.003992769348554942 0.8588620827812509 -0.2456057577862618 -0.44948162866004693 -0.43338316625866635 0.11928414778826316 -0.8932806520293841,58.86984789766329 -24.299592701918467 770.052276124971,0.69
2,142,7,0.8288582563400269,-0.7015667839751163 0.7125398596061492 -0.009539187348090672 0.6384169558784805 0.6225255724813246 -0.45264301834188664 -0.3165878046761547 -0.3236492856152295 -0.8916407919398286,42.73142686364608 37.22025411486603 739.7433035805966,0.69
2,145,7,0.9015654921531677,-0.8374740656511375 0.5461168072067127 0.01983991552654693 0.4249400555356777 0.6736169527080325 -0.6047033572138321 -0.34360317018777564 -0.497992604273086 -0.7962036344593135,31.06091894819229 30.593669712071808 728.311286008021,0.69
2,153,7,0.8427118062973022,-0.9932442943027209 -0.11194225852924458 0.030572906150085448 -0.10663327234600412 0.7765415446312587 -0.6209771128556042 0.04577244874237207 -0.6200420632643165 -0.7832322278347952,-15.469865136348112 40.18409975036687 719.5021498770627,0.69
2,166,7,0.9007167816162109,-0.3116041544959578 -0.949357234770879 0.04029505787375509 -0.7675004263982059 0.22645925254486576 -0.5997160181414138 0.5602195519431923 -0.21780047687048526 -0.7991977264079009,-75.66317477982349 1.8021533383469297 748.8512189324863,0.69
2,173,7,0.8730596303939819,0.29742427995647225 -0.9543342842623903 0.0280155594940662 -0.763662540394477 -0.25540687772550896 -0.5929475956682524 0.5730255858952794 0.15496257835974026 -0.8047535506088022,-77.02507088325362 -32.26426130515053 776.1482089445507,0.69
2,178,7,0.9058391451835632,0.6702905991719641 -0.7419536171515658 0.014674558167005053 -0.5885179524526117 -0.5435127397284321 -0.5985319719061621 0.45205877085028956 0.3925541131469661 -0.8009645035510151,-62.51192495829877 -53.077549505944326 789.5934215229212,0.69
2,191,7,0.8973466157913208,0.959223721050877 0.28225620365507376 0.014875767930923253 0.23123372789000696 -0.7533850840509684 -0.6155825519096576 -0.16254481246536095 0.5939211653306704 -0.7879319978988413,10.297264563944985 -69.69975790417158 800.5046260964714,0.69
2,201,7,0.8790417909622192,0.39550430851154095 0.9184077822163333 0.010172881267565381 0.7347569410751417 -0.3097320440390079 -0.6034884410138432 -0.5510976133959471 0.24615687367996492 -0.7973068506223919,56.38668516787848 -39.37371416448655 784.449912360491,0.69
2,209,7,0.8841592669487,-0.2897696341795897 0.9570897101335399 -0.003584112710752152 0.7578942985762854 0.22717086838716039 -0.6115469145877394 -0.5844910532189411 -0.17992410431267983 -0.7912000539650466,59.8848479644079 -0.7185933602509833 753.2911042660288,0.69
2,214,7,0.8771812319755554,-0.669403201471026 0.7428992506517835 -0.0002392516664040112 0.5872124752186483 0.528921407105963 -0.6127182501383786 -0.4550613835604266 -0.41029604980558476 -0.7903013910566044,45.61730245491614 20.964778876798174 736.771817393838,0.69
2,235,7,0.8720362186431885,-0.5110305961579922 -0.859001657448634 0.03104645375734777 -0.5948890709792006 0.3273738372527064 -0.7341208101613401 0.6204471959964935 -0.39362739130164504 -0.6783087451869916,-68.02877347329559 -0.5305209609160881 739.0421455871453,0.69
2,242,7,0.8699758648872375,0.07669158285213407 -0.9963153250745047 0.038394975469694614 -0.683278124069723 -0.0805617668666796 -0.7257002183319772 0.7261194159967043 0.029420651607382664 -0.6869388757171939,-79.34561774045183 -28.909295322504633 771.7465700095896,0.69
2,248,7,0.848996102809906,0.5664491266640684 -0.823908129554985 0.01762898053547829 -0.5566457373598128 -0.3983013866099574 -0.7290415135667764 0.6076848772025389 0.403151831792678 -0.6842424208871767,-67.83873454862264 -52.00545469454754 796.3482359171563,0.69
2,255,7,0.8540173172950745,0.9352791840069268 -0.35367275428480616 0.012978090766224776 -0.22872805170380006 -0.6320355673935811 -0.7404150997334251 0.27006726259789615 0.6895263768892914 -0.672024589763504,-34.5150894395385 -68.92739709255707 807.8873560314153,0.69
2,276,7,0.8391046524047852,0.10064340064291932 0.9948255082974109 0.013896544456341364 0.6697345069996345 -0.057412745384880726 -0.7403779216058023 -0.7357490034250712 0.08382114714181099 -0.6720471852860077,62.31280256009574 -30.318150946881044 774.8001204531865,0.69
2,286,7,0.8789529204368591,-0.6988563171201037 0.7151198368311379 0.014264185638588556 0.4700477571975029 0.474206675348558 -0.744434775523326 -0.5391242472518953 -0.5135480970906954 -0.6675428061177824,43.58033543729008 8.226457602106432 731.4073962129924,0.69
2,295,7,0.8363202214241028,-0.9977620792893143 0.060947896835631406 0.02749885458664897 0.0089002399079414 0.5286635520470405 -0.8487847986778434 -0.06626929048847227 -0.8466405391949521 -0.5280228958386515,-2.030238917268577 4.835465141835812 710.3136696952339,0.69
2,306,7,0.8389917016029358,-0.6128894874531938 -0.789733416100124 0.026222274199428908 -0.4392937679501622 0.31296339445110044 -0.8420658520411537 0.656800929970041 -0.5276125900966289 -0.5387369424515236,-61.8982241583481 -10.229758004774137 734.6080215789997,0.69
2,316,7,0.8272455930709839,0.2102587493508289 -0.9773137848741704 0.025475953688706754 -0.5292468241881061 -0.13569447542980573 -0.837546899238863 0.8220030762766217 0.16261849597371691 -0.5457711675776005,-77.92181390826345 -41.611380164249994 785.284527480196,0.69
2,327,7,0.8892099857330322,0.9138616757152789 -0.405198790432776 0.025899380121495535 -0.20041455623132926 -0.5056394491175087 -0.8391440598292654 0.3531159063387853 0.7616709839083786 -0.5432922500483333,-37.80278654368222 -67.41204084729036 818.1367021655997,0.69
2,338,7,0.9036015868186951,0.8481321947961104 0.5297435788058167 0.00659703451091781 0.2889514789540517 -0.4521094182329788 -0.8438626172282454 -0.44404822143613976 0.7176132765348223 -0.5365187437362819,28.230078181637356 -64.92005525780952 820.1328634833214,0.69
2,348,7,0.8426111936569214,0.14853458986638168 0.988785126428025 0.015538641122719021 0.5262445761358323 -0.06572917645266774 -0.84778907839773 -0.8372598889836083 0.13410312866435675 -0.5301058660131837,61.8451708610212 -38.50397107812577 782.1017592781102,0.69
2,358,7,0.8515582084655762,-0.6655743188089946 0.7461596371665341 0.016019425877635884 0.3848973104753194 0.36155982479757887 -0.8491928835554439 -0.6394254346918087 -0.5590351410741996 -0.5278397716289871,46.1211895393281 -7.484288004769831 735.8656882198053,0.69
2,374,7,0.8531859517097473,-0.8175632457319106 -0.5753371704280494 0.024030804234336067 -0.2354166782223576 0.2958632163098607 -0.9257666794876209 0.5255181508216955 -0.7625300633802121 -0.37733085693899393,-43.76087296619872 -17.64290963271756 721.2257197323125,0.69
2,387,7,0.8126166462898254,0.16157883219557956 -0.9864183787744703 0.029513776482497422 -0.3780598962451068 -0.08949731788998072 -0.9214450308844468 0.9115717173308154 0.13772803674795453 -0.38738610204304225,-77.16011062532917 -44.9640195838431 788.5482182452267,0.69
2,399,7,0.8230734467506409,0.9310851052765162 -0.3646364278668106 0.010991005629648415 -0.12298360447497503 -0.3421138041062184 -0.9315756426991398 0.3434465893884545 0.866024491866428 -0.36338136953472744,-33.84250486336002 -63.414276481904714 830.4674255014274,0.69
2,416,7,0.8777580857276917,0.44081513870616107 0.8974878540896087 0.014055790589554862 0.34925376445396217 -0.15707403659815378 -0.9237692109187762 -0.8268638470160637 0.4121204906194199 -0.38269162482265595,55.6875807260548 -51.087662095428804 807.895143893522,0.69
2,423,7,0.7653440237045288,-0.15536945684925718 0.9877112592404642 0.01693517782556453 0.36770329846167743 0.07373514320080898 -0.9270153250931503 -0.9168721918450629 -0.137802746804165 -0.37464087710026783,63.20105775377279 -34.66741296643181 771.2153616941276,0.69
2,434,7,0.544413149356842,-0.8759210207972536 0.4804210996472291 0.04424852923255157 0.07116163756836522 0.21936535581801275 -0.9730441213045917 -0.4771775211219463 -0.8491610022137048 -0.22633427856895794,22.51053265375234 -30.310528430046254 701.1649728817736,0.69
2,439,7,0.7635151147842407,-0.9934139779166893 0.10439679508482075 0.0472226392290606 -0.023613558350465413 0.2167542627283322 -0.9759405665567584 -0.1121207756919708 -0.970628094980315 -0.2128615345550149,-6.8728449773532985 -29.66261908800869 712.6139161043728,0.69
2,446,7,0.6594560146331787,-0.820615827868854 -0.5711290387087241 0.020032079142327963 -0.1421920443257124 0.17010428240858977 -0.9751133039994551 0.5535079814976388 -0.8030418135127881 -0.22080027212053466,-43.0513943847182 -32.983323438765105 724.3913498008202,0.69
2,455,7,0.7397283315658569,-0.1878277476957324 -0.981832770769409 0.02692856176652947 -0.2163331754042898 0.014610873789546064 -0.9762102640244075 0.9580817785633153 -0.18918491644518448 -0.21514732853229557,-75.3282430748219 -43.047403552430076 769.1862410267523,0.69
2,459,7,0.7672632336616516,0.1599459706974038 -0.9864864284870722 0.03552200541194239 -0.21141842342518286 -0.06938461895980952 -0.9749297538224035 0.9642196516842392 0.14842607945581165 -0.21965919567207237,-77.61693414245588 -48.85550763662093 804.9965302040903,0.69
2,463,7,0.6802050471305847,0.483244743902277 -0.874945172631125 0.030748371994525903 -0.18281610062609732 -0.13519465319685464 -0.9738073110728072 0.8561850213842166 0.4649659671809038 -0.22528617028312103,-69.67721920483814 -53.45498108764006 819.4239553636702,0.69
2,470,7,0.5769977569580078,0.8871457400139263 -0.45700917118549317 0.06414868219606429 -0.04567634311182939 -0.22527471536029164 -0.9732240103384574 0.45922337446505646 0.8604614576328727 -0.22072601177305384,-42.01436794748053 -58.04526448737518 855.5639943779927,0.69
2,478,7,0.7259368300437927,0.9782517021958685 0.19672973795022122 0.06573444574135401 0.10516035708956747 -0.19723477591946037 -0.9746998217219471 -0.1787873218315001 0.9604144175167499 -0.2136334247684153,5.645959086067451 -56.831785534237405 850.8267029152033,0.69
2,489,7,0.7173129320144653,0.3646664030203477 0.9309302069687996 0.019681571614821758 0.20543922400830572 -0.0598230034645264 -0.9768397685881491 -0.908192237220219 0.360264011538082 -0.21306501881684436,58.6928777224769 -49.176331067534846 814.9565142281235,0.69
2,494,7,0.7050588726997375,-0.07178465828878444 0.9972776914358203 0.0168573129176372 0.21083671668587606 0.03169083430755615 -0.9770074564290748 -0.974881962973714 -0.06658000589765456 -0.21253766979805278,64.21333735943873 -42.80275636428816 783.5601951223408,0.69
6,2,7,0.7910309433937073,-0.9770735219634008 -0.212714193350717 0.008944530462235784 0.20497091283083468 -0.9284837075949552 0.3096852105348595 -0.0575695889452969 0.30441858793096005 0.9507970686486101,-1.417795612734242 -34.69059741029819 774.4369919447208,0.69
6,11,7,0.7366302013397217,-0.8419494654020232 0.5392374410334305 0.01854939074377436 -0.5084487296032484 -0.8044431794059324 0.307166177291899 0.1805574342808694 0.24918698460191105 0.9514750966950825,25.643199567842146 -17.55569535155878 763.3911701515926,0.69
6,23,7,0.5649864077568054,0.07847167901249041 0.9951810775669537 0.05879471443622725 -0.9189130358112746 0.04933633894075451 0.39136269402694757 0.3865760316018931 -0.08473811723539668 0.9183563705219953,32.768389119126475 28.547493552908826 763.5458849442188,0.69
6,32,7,0.5941374897956848,0.8744347300061944 0.35876355078879374 0.3265771234860312 -0.2051348812867069 -0.3365958299074625 0.9190336924010976 0.43964028868892635 -0.8706273381386109 -0.22073616524528616,199.8730660326994 211.97680157431844 769.104263931306,0.69
6,39,7,0.722572922706604,0.9920325833139798 0.1255359153633424 -0.010587143017804938 -0.11714992533615216 0.9501358152628573 0.2889945112774973 0.04633841427072896 -0.28545168857211767 0.9572722104261677,-21.886474940283378 44.68312999890676 750.8553551529642,0.69
6,45,7,0.6626929044723511,0.9210195295670588 -0.3894343649020019 -0.00799384697427915 0.37646468926502863 0.8847029996381588 0.27490896705605916 -0.09998681859454855 -0.25620592862894187 0.9614370277052587,-39.75075393260423 33.592216621208976 750.2528311250862,0.69
6,58,7,0.697443962097168,0.7241520363762517 0.46393089172520263 -0.5102665537884941 0.6208388182858834 -0.11639166020389546 0.7752497295351796 0.3002715269910147 -0.8781919546078975 -0.3723115643388546,-279.0014309775945 200.25591820510834 828.5005072259745,0.69
6,65,7,0.7125400900840759,0.529922649033874 0.8476836153598014 -0.0247885919619881 -0.7943060222994617 0.50636969267735 0.3356600620816441 0.29708572665095956 -0.15818414139344827 0.9416569696189206,-32.92724466434181 -27.989516490159687 766.7153415823367,0.69
6,72,7,0.7528579831123352,-0.9086778092963841 -0.417309938521419 -0.012532122867827636 0.36291312366775935 -0.8043579386284303 0.47042785975655443 -0.20639453375037453 0.4229192851794209 0.8823494628894456,-10.454901482347926 -43.50017239433768 779.2723837692872,0.69
6,80,7,0.8922613263130188,-0.9683632690545809 0.2495059341449014 -0.0044009058619509725 -0.22127768756659122 -0.8503859241503875 0.4773677460743172 0.11536361701640455 0.46323921340207364 0.8786925896099957,17.08191953039372 -35.034645448565215 780.444618693862,0.69
6,87,7,0.824809730052948,-0.6353089278928388 0.7721539232904346 -0.012684040635434324 -0.6834064465081413 -0.5544891879027802 0.47486563296371553 0.35963619813746067 0.3103547313093594 0.879966900367922,32.01608826702369 -16.61530140396894 765.6014777995383,0.69
6,96,7,0.6086456179618835,-0.23662220807921264 0.4616400835531588 0.854925940594126 0.8604534396526969 -0.3091041426302614 0.40506111538711576 0.4512535970311605 0.8314704217624607 -0.32407889301926973,191.3255730754654 82.01591330528035 623.6960821954965,0.69
6,105,7,0.8432000279426575,0.7652697181130922 0.6425201968284838 -0.039115920116940095 -0.5610063220793801 0.695513158091533 0.4489246635110497 0.31564880029246967 -0.32160417221956034 0.892713050921121,2.0315208809155383 30.920698187320923 743.7993345093747,0.69
6,119,7,0.6956145763397217,0.8644364910154858 -0.5019139580732814 -0.028843226103302422 0.4609038295722837 0.7682788427349718 0.4442018456641257 -0.20079146616934987 -0.3972782381367306 0.8954623323270153,-42.46624776046916 16.133619657937174 744.9388418998827,0.69
6,128,7,0.5015433430671692,0.2364812697161921 -0.9711836841598124 -0.029645584750372156 0.8520369562715006 0.19261086920518755 0.48675874744232306 -0.4670220917911857 -0.1403684604382198 0.873033253142851,-51.05941017356005 -8.258728021029924 796.6228921788811,0.69
6,134,7,0.6115197539329529,0.7844039794357702 0.05042627699483079 -0.6181970459600793 0.5411308897018045 -0.5427413260583913 0.642346645666429 -0.3031299346086779 -0.8383847825293705 -0.4530156720990115,-164.20681965786991 201.77452619510342 701.4111616752027,0.69
6,139,7,0.753318727016449,-0.6564612396286491 -0.7543153894881894 0.008181323028602555 0.6731563395221595 -0.5808667997023917 0.4576617785708443 -0.34046906383156805 0.3059445279536512 0.8890887258248601,-27.589047913121703 -40.4311471568778 778.8653479477946,0.69
6,145,7,0.8017957210540771,-0.9192095632470634 -0.3928324563876954 -0.02713742883090474 0.29038335444283725 -0.7228032451050517 0.6270829102504166 -0.2659535416152012 0.568540350436111 0.7784796616664533,-8.908903801737038 -49.22858820111084 782.3206847901595,0.69
6,156,7,0.8896584510803223,-0.8445788051644028 0.5349819357201041 -0.021931035548763772 -0.4283234208528596 -0.6504840537221521 0.627223678604452 0.32128754880320975 0.5391334012156614 0.7785303376732713,26.657141483724097 -34.694659739024615 780.4644997179184,0.69
6,170,7,0.5702614784240723,0.5896991507453806 0.09736025988667157 0.8017330549534407 -0.6820805611289156 -0.4715279493033102 0.5589521456760671 0.4324592694581082 -0.8764601376107275 -0.21165209056171497,215.3737126030801 117.24621646866622 758.0874077900044,0.69
6,177,7,0.8989740014076233,0.7382551539021047 0.6740148651359487 -0.026139803227043568 -0.5267844350281169 0.6003294068942612 0.6017497505027255 0.421280769498309 -0.43047481319323844 0.7982568186098751,5.026503206533837 15.937620581151409 736.6889854552245,0.69
6,194,7,0.7467438578605652,0.7318338705343368 -0.681293945237109 -0.01605447358173928 0.5437330527088653 0.5695426228164354 0.6164215831614546 -0.41082058532969096 -0.4598475410161838 0.7872526187258695,-46.279335469440205 -2.2828864140860157 750.059023331384,0.69
6,206,7,0.6123771071434021,0.808871885870019 0.13257819900520737 -0.572843166492902 0.5728256547435328 -0.3974791054705642 0.7168550271721358 -0.1326538409422134 -0.9079831396357844 -0.3974538672857799,-161.37326735297978 186.94148437424775 695.2658581738634,0.69
6,214,7,0.7553085684776306,-0.7990222789307801 -0.6012383039651641 0.008712038645202813 0.480755912033105 -0.6300694163045193 0.6098247975303233 -0.3611608378790258 0.4914519635557226 0.7924883700722332,-19.27147612378387 -48.62658094350478 789.0133036410796,0.69
6,231,7,0.8456406593322754,-0.6400200378213048 0.7682298903138851 -0.014042322298401355 -0.5196592884727009 -0.4193267806839118 0.7443918826164839 0.5659757725302932 0.4837229440801658 0.6675953402167774,32.98485382221643 -33.100977294691404 779.4682559367556,0.69
6,248,7,0.8493568897247314,0.7154067967486655 0.6982549736006813 -0.02516161774858025 -0.46801492128561933 0.505628507325154 0.7247771009311431 0.5188016467011543 -0.5067344515839126 0.6885238172773125,7.662630996170396 1.365404152053788 736.7941004745641,0.69
6,259,7,0.8175515532493591,0.9861322994448227 -0.1623890344735694 -0.034247473985804924 0.1354501132618397 0.6682741261693897 0.7314799786117822 -0.09589762671214182 -0.7259748575365957 0.6810023138108257,-31.996636426932344 -1.3548047083939103 743.3445456505129,0.69
6,273,7,0.5873087048530579,0.1769728810631146 -0.9834275960548675 -0.03937972430026476 0.6577361366448256 0.08840891420747621 0.7480421368079437 -0.7321637616816064 -0.15828463983090485 0.6624818479579955,-51.18361939838139 -30.14628953868739 788.2830464664354,0.69
6,282,7,0.7113942503929138,-0.587602784954228 -0.809133073798105 -0.005161007659928218 0.5476989110307454 -0.4024247913389829 0.7335394946228266 -0.5956079834671216 0.42820317163912575 0.6796272315235923,-30.81655155781597 -50.21542929579962 799.0311437041258,0.69
6,289,7,0.8253805637359619,-0.9265113390065429 -0.37585258024361645 -0.017651532979278683 0.19485758101744086 -0.5194163452690819 0.8320079226710171 -0.3218808192675267 0.7674252394803844 0.5544828581625768,-7.587420542190884 -57.155795804199116 809.5364881759987,0.69
6,298,7,0.8645047545433044,-0.9262776511674407 0.3768167568284891 -0.004341050677994118 -0.21056723100035707 -0.5079868039613453 0.8352310148874863 0.3125238457727216 0.7745699056730758 0.5498820846772795,22.672329951630232 -49.42010379915798 798.7691395284637,0.69
6,315,7,0.7929335236549377,0.3237861686245831 0.946101610180504 -0.007366153763725736 -0.5249190297719228 0.18611058368033317 0.8305557553984373 0.7871610567035924 -0.26505583158275065 0.5568867721119442,25.944477092319275 -19.607150223948906 744.2884110402608,0.69
6,321,7,0.8594797849655151,0.7434120779069538 0.6682424751882144 -0.028115418837245276 -0.3456378614155614 0.4198269617230832 0.8392137933604535 0.5726019133552929 -0.6141639166905635 0.5430743340070163,6.2203681178698496 -11.63829984895143 738.2105711836645,0.69
6,329,7,0.8698291778564453,0.9987648561277502 0.0422409685250313 -0.026162238860267934 -0.0007037277124808394 0.538517963229081 0.8426137359709424 0.04968165588445181 -0.8415545756857777 0.5378825422068553,-22.7003510640169 -11.848202876331309 737.8162723240307,0.69
6,354,7,0.7254773378372192,-0.5455089826092743 -0.8380646334073792 -0.00822314564807769 0.4468492940401846 -0.2991336946866514 0.8431160899418906 -0.7090455967766693 0.456252893618077 0.537668707250802,-32.07733383341716 -52.53393962842897 806.8339654135058,0.69
6,361,7,0.7591919898986816,-0.9596194258273811 -0.2811779466318101 0.008337859596272895 0.11600198249883109 -0.36854736182689196 0.9223428766715659 -0.25626957999549826 0.8860653499705072 0.3862824069907581,-2.0906652554011487 -57.50924244242289 831.2219297019832,0.69
6,367,7,0.8513883948326111,-0.9921466798163578 0.11606073443832352 -0.046635519199574815 -0.08748479391117794 -0.37742821283404004 0.9218971498986321 0.0893944996277494 0.918737095190207 0.3846176976658314,14.000133662915363 -53.187601183570656 814.2086145397158,0.69
6,374,7,0.8108881115913391,-0.6901706742977314 0.7234436975057907 -0.017136419654215918 -0.27060079445250423 -0.23604772752669834 0.9333041735528432 0.6711480092953335 0.6487762995583547 0.35867765856027223,34.06109458579306 -44.354076492538006 798.4617737637018,0.69
6,388,7,0.8749282956123352,0.4328086515022185 0.9011850074506158 -0.023286337862891693 -0.3565410902354477 0.19484527147158393 0.9137361605840513 0.8279825615063094 -0.3871703792019714 0.4056402042574825,21.720402019695815 -28.717616701608513 745.9864151126787,0.69
6,402,7,0.7095075845718384,0.995942457356011 -0.08407471164985586 -0.03209461787689438 0.060539116386712416 0.3620515455222594 0.9301901385050584 -0.06658556166907631 -0.9283588321580925 0.3656723146907306,-27.05439595957613 -24.69498908291415 747.6141619959698,0.69
6,409,7,0.8830854892730713,0.7655283316439202 -0.643206037537811 -0.015886054430982288 0.2669594931671858 0.295070010042207 0.9174237397089805 -0.5854049901208525 -0.7065547979092633 0.3975944102889334,-44.14920498935859 -33.22769026753955 758.4389393462507,0.69
6,426,7,0.6680397391319275,-0.5706933633648785 -0.8210653324756694 -0.012680883955845823 0.3004491685919655 -0.2231535637019273 0.9273256084566666 -0.7642246934663128 0.5254086093829722 0.3740406543179119,-30.1542675800847 -54.50216810588297 810.0255423737965,0.69
6,434,7,0.7537439465522766,-0.998926738577298 0.04631783854916818 0.00016966866381750226 -0.0012163229516495531 -0.029893671060463145 0.9995523442966887 0.046302176123802025 0.9984793569536938 0.029917924786629135,11.788184386511391 -47.777147711337584 852.3840440809934,0.69
6,442,7,0.6621904969215393,-0.9065962426270409 0.421480635538273 -0.020912358087628008 -0.09642568691092301 -0.15865589708884942 0.9826140611769654 0.41083493006107497 0.8928507043090608 0.1844783999728038,25.486340209557667 -48.705780360232744 822.3984133494339,0.69
6,462,7,0.7409882545471191,0.5663805569791714 0.8236812988971044 -0.02760765334364018 -0.152089968826701 0.13738613016148327 0.9787715221753979 0.8099887073646501 -0.5501583127486407 0.20308649599447093,15.45362011859267 -35.56162022302275 750.8970456019312,0.69
6,469,7,0.8238424062728882,0.927564122828602 0.372431147825925 -0.030328833974784752 -0.05396103171869965 0.21382336298875593 0.9753808366458879 0.3697472178354552 -0.9030916949951665 0.21843164911179358,-9.324042408661056 -35.06768102959731 735.8629243351181,0.69
6,475,7,0.7747978568077087,0.9777230638287572 -0.20803249310883964 -0.02793013190496109 0.06395303605064649 0.1685103946053843 0.9836230253963367 -0.19991903270377398 -0.9634971347756351 0.17806080883206465,-27.84043416351066 -35.29645483496125 750.3322519280974,0.69
6,485,7,0.6640371084213257,0.4901869058698545 -0.8712501321518895 -0.02529831099211194 0.19438732702906036 0.08098144099316751 0.9775763772233694 -0.8496648541655913 -0.4841128106546917 0.20905602635604437,-47.98441657827291 -43.766810855885424 781.1682125041992,0.69
6,496,7,0.5819247961044312,-0.4070351847917846 -0.9122322580107847 -0.046418377675907396 0.21724065658101588 -0.1460422087288198 0.9651311674574896 -0.8872028265677285 0.3827583842506303 0.2576182521019811,-35.548092749740285 -52.92868671561892 810.4435149722312,0.69
6,501,7,0.6938122510910034,-0.7652484754075277 -0.6435156377386353 -0.016804608662286558 0.14571196118347735 -0.19858528730313818 0.969191368118183 -0.6270269493845699 0.7392235843454724 0.2457350139742247,-19.731655650510703 -55.50999577850929 819.8808227852868,0.69
12,2,7,0.8332411646842957,-0.9101566171139037 -0.4142437314747403 -0.004130769620565078 -0.3965501813857521 0.8740792354474155 -0.28059480359156447 0.11984525842394447 -0.25374715977434076 -0.9598174268785462,40.04075695065043 -46.87873904118736 780.6850475226835,0.69
12,7,7,0.8286388516426086,-0.6503581726179362 -0.7589076359421096 -0.033067316459260795 -0.7267147661477433 0.6342646292309962 -0.2638068019769345 0.2211784256474607 -0.14753840251007577 -0.9640085704042705,63.22820584663968 -20.91331900693919 775.3124607155696,0.69
12,14,7,0.8908973932266235,-0.1022882704423056 -0.9936246020980946 -0.047405272231316437 -0.9569436340729687 0.11130244448996629 -0.26808701396706713 0.2716541752617512 0.017942016496520802 -0.9622276721789373,71.85773646992335 25.743180704773074 759.6432977640458,0.69
12,26,7,0.8337453007698059,0.8154019725455581 -0.5784382171396104 -0.022996785017947337 -0.5640879598163381 -0.7849907311793722 -0.25611389176051325 0.13009379984862512 0.2218079820809509 -0.9663730244197228,21.799907569428164 87.73073777452196 747.908815021115,0.69
12,34,7,0.8411266207695007,0.9968000724478472 0.07615252666003437 0.024298317868924692 0.07993419045599302 -0.9510475726246108 -0.29852812229500375 0.00037518543626175946 0.29951512029967436 -0.9540914798633096,-34.93184043973901 89.98210306316763 742.6075747704913,0.69
12,43,7,0.8589755296707153,0.6526607052076699 0.7563944299082412 0.0436058514607128 0.7333545980263911 -0.6162264322155082 -0.2871515589240217 -0.1903287614402437 0.2193910906184034 -0.9568921109121395,-82.8179312652049 51.000973602101865 756.8823724128462,0.69
12,49,7,0.7577067017555237,-0.9137890998805616 0.06144196037141311 0.40151508868931896 0.3887450255962356 0.4188595946044624 0.8206302121430624 -0.11775731830190461 0.905969936318807 -0.40663458838721667,194.3476518974143 223.91854707420362 783.3849427111063,0.69
12,60,7,0.7104491591453552,-0.6968596629811024 0.7171082158925243 0.011933851402832013 0.6885506823297279 0.673579744772847 -0.268678777157803 -0.2007101591178939 -0.17901434057411975 -0.9631559052903547,-53.88156849484244 -51.1970144880472 786.1182746902493,0.69
12,66,7,0.8694788813591003,-0.9626922525030424 0.27056126689167603 -0.004497535835359778 0.25967000600359846 0.9190087070399318 -0.2966386427404294 -0.07612565239595812 -0.28673959831659845 -0.9549792080482831,-13.291930935866452 -63.145361471086765 788.1693108474063,0.69
12,73,7,0.8471388816833496,-0.9540085776374903 -0.2997762227675916 -0.0013601681105313845 -0.2665243415503235 0.8502472764809973 -0.45392107705835066 0.13723122514668482 -0.4326820831740574 -0.8910408552613616,32.20978620619923 -57.805409286011844 792.698917097692,0.69
12,83,7,0.9161809682846069,-0.3976539217995838 -0.9175352274581456 -0.0006817996330861775 -0.8291993346176925 0.35968763224246547 -0.42784725157629 0.3928101601880822 -0.1695697897183872 -0.9038507976806103,71.39619273267733 -8.125994534825198 774.8617060772965,0.69
12,100,7,0.7234058380126953,0.8846311591265139 -0.465523452710727 -0.026751210790616042 -0.4237984873890254 -0.7787629672128651 -0.462518197463179 0.1944802159327639 0.4204951318078459 -0.8862061214732428,11.551235491982256 75.09850567817784 730.7221718195171,0.69
12,108,7,0.8089061379432678,0.9798862229364609 0.19939973150282975 0.007920680268507008 0.17936417699848828 -0.8626412112262913 -0.4729467546179928 -0.08747275066540139 0.46485469533031104 -0.8810554069525891,-44.31604867436187 70.406743065997 731.9232358625521,0.69
12,117,7,0.8812740445137024,0.5444197654204338 0.838571386089279 0.020128324616455973 0.7537920089692896 -0.4785705072289894 -0.45029754254784793 -0.36797381188557776 0.2603234527331215 -0.8926516530671438,-86.40616669934943 28.85073730085378 755.4092600161374,0.69
12,130,7,0.8196057677268982,-0.5334681190222699 0.8455539929703627 0.021218175197642075 0.7595507648675558 0.4899437235042312 -0.4278291521015377 -0.3721483596308776 -0.21211693183403693 -0.9036105387020241,-67.07859092061844 -48.279754216870714 796.788447088627,0.69
12,137,7,0.7917402982711792,-0.9205355538755071 0.39035180274187914 0.01548431939991557 0.3428200958619027 0.8261807597428124 -0.4471014807669788 -0.1873197157918764 -0.4062644733753548 -0.8943492057069746,-23.09677852147703 -67.61295727199811 801.2527640547925,0.69
12,142,7,0.6708428859710693,-0.9993192080783533 -0.03591529171965684 0.008438731323175765 -0.03579967819900879 0.8887067625807082 -0.4570762225101675 0.008916468275063497 -0.4570671525760834 -0.8893874940820177,12.325389744658372 -65.4937614176542 798.5699754349847,0.69
12,148,7,0.8608860373497009,-0.8211314844175077 -0.5706252463113423 0.011397963433007557 -0.46259737377884147 0.6537166900370819 -0.5988807551924512 0.33428543951422574 -0.49703251145079214 -0.8007570964341801,51.894348658347795 -49.04576467436358 797.3989348924321,0.69
12,171,7,0.8236497640609741,0.8643130216479509 -0.5029326848273403 -0.004659950874423613 -0.4031074823215669 -0.6871585649935714 -0.6044149768597267 0.3007779219061076 0.5242821960436377 -0.796656024018839,15.109328359954935 57.04323947238235 722.0885419033154,0.69
12,177,7,0.7624306082725525,0.9999770364833722 -0.005714941231494064 0.0036422455509072843 -0.0022908131029849175 -0.79086673627739 -0.6119841155007841 0.006377984106261744 0.6119617184895396 -0.7908616670581972,-27.11687226347334 57.56226537578861 718.8253034036763,0.69
12,190,7,0.9079406261444092,0.4299050952276514 0.9024154584304894 0.028774111332820373 0.7253460051569737 -0.3262219097551211 -0.6061785532320829 -0.5376381514551618 0.28147043535940175 -0.7948079089430762,-89.36069326791711 7.043150572700885 763.9917029444078,0.69
12,199,7,0.8306541442871094,-0.3409853793305113 0.9398932819719313 0.018154602360238248 0.7561358868820748 0.2856919983749041 -0.5887602250777575 -0.5585584048708648 -0.18703128232620636 -0.8081038347759089,-77.73931595543212 -42.77414042160561 803.2888148514355,0.69
12,207,7,0.8448872566223145,-0.8625098563358082 0.5058652163049197 0.01330904415651496 0.40065557664205037 0.6987184623610295 -0.5926783438438296 -0.30911463347633555 -0.5058585704410034 -0.8053292805319916,-32.86729994852035 -68.72141427319045 817.6686857246625,0.69
12,215,7,0.9120249152183533,-0.9872528883629277 -0.15822543174539638 0.017217641186851186 -0.1365407220920632 0.7863939565453436 -0.6024459945252671 0.08178242861173912 -0.5971174573381213 -0.797973919694386,22.67631437650533 -65.82817168368157 812.7326926984456,0.69
12,221,7,0.8950523138046265,-0.7927844057728999 -0.6092350662684173 0.01804217260274729 -0.4234510872201322 0.5292539616377258 -0.7352410630690186 0.4383857464555595 -0.5905276268894536 -0.6775655386639081,54.442338880276836 -49.14532730012906 807.3101328973772,0.69
12,228,7,0.9109306931495667,-0.3080316013796256 -0.9512968528023356 0.012281302857406307 -0.6637862513517976 0.20565162007845572 -0.7190933344673938 0.6815455561206689 -0.22965563134283976 -0.6948049697035061,73.33132380220171 -18.92460680325282 782.0476467339798,0.69
12,239,7,0.8756381273269653,0.6049431537363184 -0.7962673651631644 -0.0014366362340677008 -0.5526953860425907 -0.4185955915696753 -0.720628573514585 0.5732116458994783 0.43673334415240816 -0.6933198360862511,43.590933398845834 28.582776821666954 732.0253951234686,0.69
12,249,7,0.9097998142242432,0.9982904301803542 -0.057761922130685976 0.008931817401399714 -0.032627283034811626 -0.6775134926477728 -0.7347863142995945 0.0484940966725814 0.7332387248584085 -0.678239850610332,-22.886720302613224 39.851962958078246 712.8329469862518,0.69
12,260,7,0.5932128429412842,-0.49431716755821675 0.32996568298052753 -0.8042220998657127 0.5325780077201014 -0.6162342064301605 -0.5801862360641439 -0.6870307151431513 -0.715107020578448 0.1288826814172701,181.00118596875365 139.72083170838584 753.5480975807671,0.69
12,284,7,0.8683717250823975,-0.9911548664502234 0.13185931925757574 0.015005020392146386 0.07738968031423168 0.6661339900825671 -0.7418061368292522 -0.10780940632848804 -0.7340835287496968 -0.6704464965420374,-0.6956450272214534 -69.49990479444368 826.5514303900951,0.69
12,298,7,0.7911891937255859,-0.4305176999102469 -0.9024330124180907 0.01640634517499845 -0.5026907989491224 0.2246391433461461 -0.8347689596101444 0.7496375595685452 -0.3676301312116841 -0.5503558993137045,71.5153826665466 -31.0272287604642 792.3644490041617,0.69
12,307,7,0.7201261520385742,0.33626673272529173 -0.9417316399888793 0.008136504539015155 -0.5175912614137388 -0.19202175448443004 -0.8338026936349249 0.7867807639809149 0.27616872387831626 -0.5520025954477306,60.16552026283869 2.233632251461569 744.3032900199391,0.69
12,319,7,0.8905619382858276,0.9814231175846553 -0.19099852454586047 0.018117060791426984 -0.08826469928619403 -0.5333372643193164 -0.8412851510328146 0.17034672620961538 0.8240575987815976 -0.5402879480054821,-13.051442264038194 21.62777592215805 705.9961835247217,0.69
12,336,7,0.8196204304695129,0.26387085709645863 0.9637838544511517 0.03863745170766075 0.5290270107347297 -0.11111324887897811 -0.8412991547818378 -0.8065374093544928 0.24243458462612105 -0.5391872397311568,-90.30255530932538 -22.725677833677743 779.2127786611453,0.69
12,343,7,0.8061478137969971,-0.33667463664119635 0.9412825268227696 0.025246658009737022 0.5054246013138395 0.2032706868964218 -0.8385863105461497 -0.7944785468653418 -0.26957045933632817 -0.544183430493741,-77.21399673500575 -48.36068329665044 821.3324916263714,0.69
12,350,7,0.876946210861206,-0.8110135940949557 0.5845117309907532 0.0245557839902521 0.30029128934537175 0.4519443244113316 -0.8399830171947997 -0.5020777745892331 -0.6738637577185602 -0.5420567722083589,-39.78911645145111 -64.20686714741097 843.332300595354,0.69
12,357,7,0.8761528134346008,-0.9994107196115714 0.01969068584836147 0.028115661406100532 -0.013042881851106851 0.5398134176102365 -0.8416836444894094 -0.031750539499344275 -0.8415543660743361 -0.5392384928607408,9.094392166545047 -65.11986589829668 836.135429270407,0.69
12,363,7,0.8389099836349487,-0.8746743156660073 -0.48395128213241434 0.027129283746442162 -0.2020134678419503 0.3130899666096414 -0.9279898876705732 0.4406079894017719 -0.8171694006329202 -0.37161642905630843,47.1326953544912 -49.787984584228525 819.5007794966385,0.69
12,368,7,0.7701429724693298,-0.5790547023668644 -0.815134292745503 0.01586620487422269 -0.33062980606229675 0.21699494930524754 -0.9184754342491808 0.7452379371784761 -0.5370933594509448 -0.3951596389102361,66.78964510648143 -39.856123022405605 804.2475451577058,0.69
12,383,7,0.8405379056930542,0.6314902839903918 -0.7751869881432034 0.017468675943054568 -0.30247257373126146 -0.2670222601093484 -0.9149915052865149 0.7139540344911016 0.5725244501500043 -0.4030947662948683,41.294874863434956 -3.511971999261526 727.4627350874774,0.69
12,387,7,0.9083375930786133,0.8611432462809854 -0.5081372005810783 0.015129268662799206 -0.19105715231033701 -0.35107796176553774 -0.9166468400172556 0.47109391201299855 0.786473680518414 -0.39941166221845403,16.233377132926538 1.3051386111650762 713.3621342858787,0.69
12,393,7,0.8880036473274231,0.999239758063331 -0.03379737161815345 0.019433053729155027 0.0049550281705583385 -0.38432164019988324 -0.9231859642400876 0.038669802189366886 0.922580410883396 -0.3838619958433749,-26.368429916800427 1.4466587758081495 707.7548373292028,0.69
12,399,7,0.8691064119338989,0.8717500804904255 0.4895609555856765 0.019541441374063218 0.19717888934016398 -0.31404142592309636 -0.9287079564657387 -0.4485223325136844 0.81345439550735 -0.37029672381248036,-62.970742350005246 -6.24704037762126 730.9216641038536,0.69
12,409,7,0.7466184496879578,0.18664032017473187 0.9817784418051344 0.03572788955082412 0.38451698720423677 -0.03953598847127404 -0.922270888712734 -0.9040531386132402 0.18587091440642783 -0.3848894980916835,-89.42126951776596 -32.792111672679944 789.8542141113161,0.69
12,423,7,0.8776657581329346,-0.8739330741281415 0.48565132922122206 0.01959000690651111 0.17588515028552848 0.35356575657442 -0.9187250239799694 -0.4531063846978699 -0.7994585931764187 -0.39441166557596663,-31.468116063881826 -60.841214300235734 865.384024392333,0.69
12,438,7,0.5649148225784302,-0.7607966213087671 -0.6488289242851881 0.014475082593554955 -0.17814251782495796 0.18733317059273613 -0.9660080364772632 0.6240622920415471 -0.7375142779679582 -0.25810646145583505,40.36191239384553 -38.120303842659546 732.8750886358438,0.69
12,455,7,0.8457552790641785,0.5837154264696636 -0.8117290435291189 0.019294061071753743 -0.1732833358509967 -0.14775285269756488 -0.9737258238519109 0.7932522842183876 0.5650354452696162 -0.22690473589433302,44.63887004054436 -19.346001514614432 729.0715349780602,0.69
12,471,7,0.7760205268859863,0.8831852893114196 0.4689111337439739 0.010300164796981315 0.1020957918032615 -0.1707685265811374 -0.9800074283521387 -0.4577774503401943 0.8665797476171759 -0.1986941040388026,-57.50665430658348 -20.740670227929755 723.9543424868933,0.69
12,482,7,0.6816451549530029,0.14378611828770183 0.989012783367012 0.034340450264822575 0.21876592672501782 0.0020758628401145174 -0.9757751585778422 -0.9651253915900768 0.1478154427998129 -0.2160638178362959,-87.81133253689877 -37.49972636974052 795.6762804091469,0.69
