scene_id,im_id,obj_id,score,R,t,time
4,0,28,0.8628998398780823,-0.6814628558569271 -0.7317842162370604 0.010011840671529812 -0.6974039968307263 0.6451775535510501 -0.31204741562527033 0.2218919586011382 -0.21963102071472757 -0.9500137753990505,58.04206999442624 80.70149490545622 743.0539064894884,0.69
4,10,28,0.8306397199630737,0.11647907767066279 -0.9931843636910557 -0.0041766235866474155 -0.9599950395369273 -0.11150652726598365 -0.2568575839674073 0.25464121530004713 0.033928072398432874 -0.9664402399392533,-24.38777720784616 102.58013486031264 738.1560751995988,0.69
4,25,28,0.8704164624214172,0.9876342594298522 -0.15089796557283364 0.04252497603088638 -0.1322029129047162 -0.9474076490335486 -0.2914466269700728 0.08426719064947859 0.2822207478884298 -0.95564140243155,-111.80255805228279 16.540833997274618 767.2121725663877,0.69
4,36,28,0.8706369996070862,0.6795052796363124 0.7334169726331269 0.019290391391469083 0.6999834199298788 -0.6402052268511755 -0.31648140440744116 -0.2197630241183624 0.22855373933955764 -0.9484025524344915,-75.83003432287519 -67.72008638171941 785.0026652041756,0.69
4,47,28,0.8369014859199524,-0.21067387783682534 0.9774828164175015 0.011994198835421965 0.9266391482095094 0.20359382369689105 -0.31605291322503926 -0.3113782365592519 -0.05546979863843374 -0.9486657447363969,15.39670934368531 -88.53704847642783 793.7610051828389,0.69
4,58,28,0.8555513620376587,-0.918468660633879 0.39508105588261755 0.018063186764389477 0.3685911716929424 0.8716556426622938 -0.323043323356183 -0.14337317595503357 -0.2900472373556756 -0.9462117799514589,85.28926908779458 -28.44891086744968 772.1612795970061,0.69
4,66,28,0.7897282838821411,-0.9554707182978477 -0.2948145628424369 -0.01265227297438596 -0.27576967615333337 0.9073626266093682 -0.31724462098959866 0.10500853388978065 -0.29962883267231016 -0.94825933712342,88.07506948159582 38.03583377136867 755.9302405186927,0.69
4,72,28,0.9254429936408997,-0.7081105773818586 -0.7060906022170071 0.003933403202601826 -0.6163481815042097 0.6153742438812065 -0.4913547182271551 0.34452043387349884 -0.3503578191341779 -0.8709506697943104,60.933514703011866 63.26897529336542 730.931010302478,0.69
4,78,28,0.8456605076789856,-0.26286806093391224 -0.9647148928275706 0.015018591729395403 -0.8475574507787411 0.22345078398536267 -0.48136900062817584 0.4610279277552358 -0.13926565510927685 -0.8763893695936169,14.724464406014485 85.21094070204389 721.1160866145472,0.69
4,85,28,0.8743354082107544,0.33886590000731664 -0.9408144935748278 0.0061636427355702406 -0.826962342168016 -0.30096962539803895 -0.47492164535189757 0.44866823650468135 0.15583765035223246 -0.8800065001376267,-46.52508796358358 81.00051951415283 722.7059671115817,0.69
4,104,28,0.834553599357605,0.905425853116346 0.42427335174199904 0.014005267228686502 0.3811487185789649 -0.7979845604005167 -0.4668471866553419 -0.1868948336208094 0.4280336019099488 -0.8842270957179756,-100.5780145699614 -45.48688782153945 790.2285628103069,0.69
4,115,28,0.8728940486907959,0.17512523653120327 0.9843906583424364 0.01749809412577885 0.8722627326611916 -0.14688589871391344 -0.4664571341178486 -0.45660582206134953 0.09695135134257005 -0.8843707134072956,-23.39134893053458 -93.80876276707102 813.4783729195203,0.69
4,129,28,0.8430230021476746,-0.8645677344506006 0.5024253244046051 0.009561691476045034 0.4366444662772505 0.7605186577265802 -0.4805756769950137 -0.24872523518213996 -0.4113151646203772 -0.8769011305369045,80.64273836844004 -45.86539387144289 786.4610831853365,0.69
4,142,28,0.904787540435791,-0.8189322043854257 -0.5737907440727918 -0.01068768622387578 -0.49785609836467676 0.7195729780996811 -0.4841012647265624 0.285463395099143 -0.3911251861043314 -0.8749467062932026,73.5020925758552 51.22435380970498 738.7166923687935,0.69
4,152,28,0.8705574870109558,-0.13648197654604322 -0.9906044278429265 0.008691237890736503 -0.7802003321090252 0.10207862036423676 -0.6171445511721713 0.6104589354371446 -0.09101001484738991 -0.7868017954621265,2.2210118280343183 69.6895150941974 706.5219319987249,0.69
4,166,28,0.8920435905456543,0.8805441072388555 -0.47348441543550257 0.021320964955355598 -0.35962940694841605 -0.696754303106208 -0.6206449313100958 0.30872117657338893 0.5388375909703066 -0.7838018153158741,-100.48206423884389 23.761978116976806 740.1415452610859,0.69
4,170,28,0.8675312995910645,0.9893365858617137 -0.14329824121537058 0.026052522719872517 -0.09680963871828079 -0.7806330962089745 -0.6174462429672934 0.10881642213712026 0.6083400226581935 -0.7861815331750706,-110.15422969500625 -3.7909281287883827 761.0924652503109,0.69
4,177,28,0.8127445578575134,0.8860457667474337 0.4632497532487918 0.017960104228144425 0.3774008464545867 -0.698262081931158 -0.6082751565143246 -0.26924245639258637 0.5457377859852642 -0.7935230107713247,-98.20126777360443 -52.38612725250404 802.1980239499662,0.69
4,185,28,0.8532882332801819,0.3872905632116126 0.9217862672230921 0.017779122760983535 0.7282732816612396 -0.29404667247843275 -0.618994815505534 -0.5653530285278401 0.2526789108004061 -0.7851938112154984,-44.53668440857436 -87.93071922116387 826.4520323321068,0.69
4,193,28,0.8542107939720154,-0.30221773558226617 0.9532019567172013 0.008394641744939535 0.7497923947780288 0.24314516727640767 -0.6153793889651783 -0.5886219542563426 -0.17968432691981298 -0.7881863597061405,25.68606351525142 -87.98822975241359 828.3404582229799,0.69
4,204,28,0.8258804678916931,-0.9520312369370061 0.3059851170131603 0.0031035564497324114 0.239233525704394 0.7505900797145022 -0.6159398123300865 -0.19079791423188863 -0.5856514666596677 -0.7877871003793735,89.49681166527085 -33.1898983530055 784.3926747203615,0.69
4,215,28,0.897199273109436,-0.7983007652108469 -0.6022357073394428 0.005295381868864024 -0.47580718370163455 0.6252728226836207 -0.6185801655009449 0.3692200051482789 -0.4963326001973056 -0.7857038486476227,71.27112244323085 40.65048713027883 730.903605434274,0.69
4,222,28,0.8563165068626404,-0.2720639721849156 -0.9620707057722352 0.02002878263595853 -0.6512604779543639 0.16876745758516143 -0.739849535456294 0.7084073580177006 -0.21433035798774247 -0.6724741725532866,15.980244012918545 47.90844152199723 699.9109099754863,0.69
4,230,28,0.9170306921005249,0.4171229647589275 -0.9087249417674034 0.015080201608466626 -0.6053331785244106 -0.29016022025459165 -0.7412009103875556 0.6779234287500742 0.3000433748504314 -0.6711138487321708,-53.70754163404722 42.311434535141515 707.4149471677306,0.69
4,238,28,0.8306472301483154,0.8992142307447766 -0.43679087999263 0.025049837950445075 -0.27337388487060144 -0.6056477974524488 -0.7473001167615008 0.3415852548000789 0.6651349281132823 -0.664014338028106,-101.91110411939093 7.076833591897324 741.0018139917175,0.69
4,245,28,0.8852987885475159,0.9854803530599511 0.16846051374503887 0.02120209993353639 0.12930305401482037 -0.6636864857106213 -0.7367502758109603 -0.11004178277033927 0.7287944181961352 -0.6758324511673603,-108.5259894172419 -35.122057833052565 788.3764922546925,0.69
4,252,28,0.820688784122467,0.7112707564016454 0.7027726904882103 0.014298831833169212 0.4782446509717348 -0.46891930375771285 -0.7425609337827473 -0.5151465470181809 0.5350002168853244 -0.6696258679500826,-79.169767679388 -70.6506525820589 827.1903128655059,0.69
4,261,28,0.8293251395225525,0.01615718283163403 0.9997672473785035 0.014296730820555215 0.668273033201437 -0.00016187937699929655 -0.7439160751662908 -0.743740612403744 0.021573707708170353 -0.6681201064157749,-5.956497515324656 -90.24603908981517 855.1556795514447,0.69
4,270,28,0.8505101799964905,-0.6978321540481562 0.715996511804607 0.019475108732585344 0.4690807386362872 0.47739030787871417 -0.743008583115903 -0.5412887819056902 -0.5093598816427358 -0.6689984794870258,65.09423372118376 -66.50816624664219 823.5653890576614,0.69
4,286,28,0.8897944092750549,-0.8270838251785029 -0.561959639633429 0.01156328461822101 -0.38558964019779784 0.55229655286095 -0.7391137578681949 0.4089657387853267 -0.6157677168551291 -0.6734813608250738,74.65675354544771 22.42559098393756 730.3801499399077,0.69
4,292,28,0.8361675143241882,-0.4694395227942436 -0.882837849566923 0.014962145927740922 -0.4833184319238698 0.24274429635261374 -0.8411174115133544 0.7389383112285921 -0.4020852371827707 -0.5406455717365217,37.46229498419796 23.06948464558455 701.5780157457798,0.69
4,297,28,0.8178349137306213,-0.060633055234424305 -0.9978340408069384 0.025511950529842342 -0.5398504321793296 0.011284187916534183 -0.8416853200447636 0.8395743823442512 -0.06480659001955108 -0.5393653329620915,-5.771304046874535 27.63784276907298 688.9876683255972,0.69
4,316,28,0.9155685305595398,0.9988558375798329 0.03522537274132484 0.032344842678937835 0.04626378754614559 -0.5404704149676614 -0.8400901097540487 -0.0121110567076376 0.8406253051508259 -0.5414816881903817,-109.95165682448558 -33.03972802357125 785.4746148876922,0.69
4,325,28,0.7688990831375122,0.6731570027279736 0.7393157696979804 0.016487642468644814 0.4019384767876011 -0.34707369922326414 -0.8473401372442725 -0.6207294986996785 0.5770199649781299 -0.5307945454323018,-75.29176955007213 -70.30075450748441 846.2672630805638,0.69
4,331,28,0.5782990455627441,0.2632069455732654 0.9647374546516394 -0.0019358187592123377 0.5401915060389846 -0.1490410435531615 -0.8282390380439205 -0.7993217378536168 0.2169525545571226 -0.5603716163991654,-33.67140706115009 -91.87497387325786 944.9382745374309,0.69
4,338,28,0.8375176191329956,-0.36693863148891537 0.9293961068206489 0.03973559295724033 0.4822909164909828 0.22659374126323706 -0.8461978186515358 -0.7954567949243567 -0.2913385540002396 -0.5313852974647677,32.8541440553111 -75.95106422616368 850.4242815661346,0.69
4,357,28,0.8333783745765686,-0.8880987259160418 -0.4594728962339303 0.012857319032678255 -0.25507492005890875 0.46936976250270024 -0.8453572092347117 0.3823838884985159 -0.7540402400897201 -0.5340467003382685,82.56512086838849 1.0663410381392713 737.8457065054972,0.69
4,365,28,0.812611997127533,-0.36744514024731956 -0.9297566500706521 0.023165503621269345 -0.3679207848874929 0.12243811143737271 -0.9217609261166482 0.8541770103183527 -0.3472196430460823 -0.38706608547708266,25.950382099956023 4.378343433369081 695.6636691213425,0.69
4,379,28,0.8291031718254089,0.7539828586773918 -0.6564132299273933 0.025130069577211422 -0.23626988766189394 -0.30668767798357766 -0.9220190932715429 0.6129326137553005 0.6892491129840712 -0.3863279322619153,-87.45204236134921 -10.444113147521941 729.6339824781082,0.69
4,389,28,0.841643750667572,0.9840660157265009 0.1758425126650486 0.02633414953653189 0.09004590512373559 -0.36515864156390476 -0.9265802185788619 -0.15331605154913625 0.9141873862785717 -0.3751741077240496,-106.7136986022285 -42.578729263297575 800.8503752989573,0.69
4,411,28,0.8138912320137024,-0.5076723669749326 0.8612691622010484 0.022004500711761077 0.3167371441279186 0.21032988682685771 -0.9248994108750915 -0.8012155448690195 -0.4625762304192743 -0.3795746062519656,47.65963715849422 -66.66070227745027 880.295258185856,0.69
4,427,28,0.8629307150840759,-0.9437890655265151 -0.3298869030010565 0.02090050288772588 -0.14526728454393364 0.3571439662197964 -0.9226839130677552 0.29691685003350704 -0.8738551473906672 -0.38499034474258664,89.05741327870518 -17.1210198245249 752.5920030740838,0.69
4,438,28,0.6835572719573975,-0.30246159608262335 -0.9527048337755469 0.029503942039329822 -0.22891802352204926 0.04255870770625203 -0.9725149329985288 0.9252640279411661 -0.3009024029466727 -0.23096368220784758,17.72470216359731 -16.239041211703988 689.4954244871195,0.69
4,448,28,0.7974541783332825,0.558192296887311 -0.8291975123753783 0.02920351290774187 -0.16186076077818456 -0.14334604651846994 -0.9763467647653843 0.813770516678981 0.5402623403662423 -0.21422919914431704,-66.42948415115625 -21.217831434118494 708.6212231203203,0.69
4,455,28,0.8612269759178162,0.9254915516049367 -0.3772129901854663 0.03428918113962717 -0.051279538437059985 -0.21447782862390463 -0.9753818072767492 0.3752809572114857 0.900949288841561 -0.21784072642716912,-103.71450808999816 -33.08181126951921 756.5433185827236,0.69
4,462,28,0.770017683506012,0.9763749190984506 0.21466554744985805 0.024712751638509667 0.07107180454583828 -0.2110280119196104 -0.9748928027141522 -0.20406081435222218 0.9536172612339343 -0.22129912589659817,-107.9268843967123 -47.26324837003088 828.4091068927279,0.69
4,488,28,0.7357667088508606,-0.6081341128555968 -0.7937514456917658 0.011469230295374 -0.20093443384488924 0.13993675003728923 -0.969558177359376 0.7679832381483143 -0.5919259653463711 -0.2445923086934596,151.72021299879128 -84.85012019443552 1301.5416209319071,0.69
4,497,28,0.8311047554016113,-0.9919129316120623 -0.12457349656960717 0.024293621656464717 -0.05193378795659176 0.2237199002930783 -0.9732688672105644 0.11580853927601863 -0.9666596351173858 -0.22838023571552313,92.42147510812944 -31.513270802887224 768.4616437246141,0.69
13,2,28,0.841921329498291,0.995115418924694 0.09822953645774032 -0.009811278491014513 0.08967266880238303 -0.9410171806719052 -0.3262598322658753 -0.041280933712658424 0.32378638613690425 -0.9452292106490439,-3.197293548333661 95.26949424749404 742.6246092250055,0.69
13,2,28,0.841921329498291,0.9951251255778043 0.0985374143534223 -0.004045048368226212 0.09177452507665236 -0.9402830058592884 -0.3277885071798231 -0.03610292219078992 0.32581934697737647 -0.9447424686889663,-3.3393421220210238 95.29888142766518 742.465869111646,0.69
13,7,28,0.8016048669815063,0.8575165796484066 0.5136565134875626 0.02867580478207258 0.4921858573143563 -0.8028971864752894 -0.33631709711193236 -0.14972774454933244 0.3025113123535488 -0.9413121206115982,-37.899611189271084 95.11149518389945 738.4923425915576,0.69
13,7,28,0.8016048669815063,0.8577195736903088 0.5136187914203137 0.02264663349045816 0.48950539529497844 -0.8023991006450235 -0.341379775706126 -0.1571674294681371 0.3038937649639989 -0.9396525840598666,-37.781361861437865 95.23352111459101 738.5408435559268,0.69
13,20,28,0.8331204652786255,-0.11323410695372615 0.9935196701165466 -0.009833723297932362 0.9481152271104002 0.10508932443600283 -0.30005624474584547 -0.29707836195823184 -0.043300103707644505 -0.9538708234740807,-97.61998054265064 38.481341165665334 758.6232636958119,0.69
13,20,28,0.8331204652786255,-0.10873667957823652 0.9940062478964902 0.011309891999543353 0.946041999108221 0.10697007585582796 -0.30587896102007306 -0.30525541835915193 -0.022560629737217508 -0.9520032287488522,-98.32440220950751 38.7214231114873 760.0332128248557,0.69
13,25,28,0.7821046710014343,-0.5191395406625101 0.8542528549172091 0.027316610084629225 0.8091923095236065 0.5015421617065281 -0.3060445494345464 -0.2751398617586515 -0.13677543601297826 -0.9516252080388004,-99.81736933639417 5.847724894557936 768.4003356981417,0.69
13,25,28,0.7821046710014343,-0.5191493504930789 0.8542529670309887 0.02712600599732376 0.8092756723295845 0.501527524262859 -0.3058480481910363 -0.2748760412588068 -0.13682839882685183 -0.9516938327090108,-99.80915743340398 5.8452029579181 768.4080491461864,0.69
13,32,28,0.815729558467865,-0.9139289437503995 0.40545834224880806 0.018368954138098956 0.38250035566371954 0.8755509720644324 -0.29513382258588305 -0.13574742609864549 -0.2627052112499405 -0.9552793352154734,-77.38567391996096 -33.663020855649734 782.0263832683027,0.69
13,32,28,0.815729558467865,-0.9107973444515556 0.4116356972144456 0.03168990562895283 0.38466836167224494 0.873988718146996 -0.296941024582596 -0.1499281456844765 -0.25826299256871516 -0.9543698328221961,-77.71778167040885 -33.84523106324157 782.076378204058,0.69
13,40,28,0.8308970928192139,0.9981160606152509 0.050211231267558054 -0.035258499634678135 -0.03801470865281574 0.9571837132236075 0.2869742515723461 0.04815819211654788 -0.2850932678862524 0.9572892024555606,-62.09584211191129 78.09213009038828 748.7757479168461,0.69
13,40,28,0.8308970928192139,0.9977986219350147 0.05167985021280769 -0.04155843051135924 -0.037505633884291026 0.9565772966344522 0.28905570914697504 0.05469220686279934 -0.2868607129697353 0.9564097938974547,-62.27764653173814 78.19380013631286 749.3084015566528,0.69
13,55,28,0.840586245059967,0.019660041246541082 -0.9995750191656899 -0.021523564716265292 -0.9486252832365408 -0.011849732060556617 -0.3161797840698958 0.3157903652465939 0.026633905271363806 -0.9484551018932943,52.000989937557065 -3.0466189560825594 769.1034153617406,0.69
13,55,28,0.840586245059967,0.020165478927199887 -0.9995699909340943 -0.021288181783605226 -0.9477283756330772 -0.012329175304356843 -0.318839955865327 0.3184403860686107 0.026604974353109517 -0.9475694675643287,51.968386036716964 -2.9735804911842934 768.6400424447842,0.69
13,60,28,0.7430034875869751,0.4354083309513862 -0.900031468204191 0.019051025703011315 -0.8504606062109918 -0.41818235292736494 -0.319124234403101 0.29518865598352634 0.12274720339926896 -0.9475213883793328,54.977223696257 29.483773603199083 761.0568460150043,0.69
13,60,28,0.7430034875869751,0.43471484069746547 -0.9004185032221608 0.01641725715644307 -0.8518562467348105 -0.41704701340256545 -0.31687966724118133 0.2921710837441974 0.12376715100204819 -0.9483236526400556,55.01897239539332 29.435465053982533 760.897403576963,0.69
13,69,28,0.8290554881095886,0.9406171157791242 -0.3381196508739852 0.03024141524823209 -0.30821118212982357 -0.8879491420026173 -0.34139740541918673 0.14228601025223234 0.3118035004769353 -0.9394324182062441,26.483826025538413 80.56910684870411 746.3376412706748,0.69
13,69,28,0.8290554881095886,0.9403249033675511 -0.3389274388939217 0.030286420581056142 -0.30963181838841186 -0.8891557695637207 -0.3369423607874697 0.14112835699564835 0.3074576533709234 -0.9410380323001584,26.532954242185596 80.52323573652805 746.8059660400431,0.69
13,78,28,0.8610386252403259,0.8777979511568964 0.47902426393085723 0.0025517661051359525 0.421181776982502 -0.7692437152010312 -0.48048935197523035 -0.22820312811751048 0.422847326099167 -0.8769968478439178,-33.00834023841796 81.35116980769784 727.0895585541896,0.69
13,78,28,0.8610386252403259,0.8777064094420928 0.47918765912688227 0.003262846114706147 0.4209543710772789 -0.7677538791915728 -0.4830645903574644 -0.22897352749870886 0.4253623964654035 -0.8755786403162238,-33.00345448373443 81.40680833836286 726.8833420627025,0.69
13,84,28,0.7978672981262207,0.5383999214712138 0.8413657794087848 0.04721387295741644 0.751731270725869 -0.45421210199480155 -0.4781123957965683 -0.38082229605507734 0.29290782106545477 -0.877028726545503,-71.93311666417003 67.44547859854985 736.9371007589292,0.69
13,84,28,0.7978672981262207,0.5387077644023108 0.840945749958703 0.05103126687687737 0.7503847562515331 -0.45139225543314154 -0.48287446538444023 -0.38303611077546157 0.2984213084908254 -0.8742013843964287,-71.90955932055738 67.53377962059915 736.2210334931741,0.69
13,91,28,0.7929980754852295,-0.05201380909803266 0.9975881400394457 0.045961576515092 0.8902911560452667 0.06717102271926179 -0.4504106028663526 -0.4524115616677985 0.017491613976064052 -0.8916377192054048,-97.95508335415214 30.86615556874257 755.3902880462384,0.69
13,91,28,0.7929980754852295,-0.05296120322723352 0.9974656268818941 0.04751246301585951 0.8897823043068923 0.06873479236667346 -0.4511795421565866 -0.45330184413373 0.018380737401422292 -0.8911675412612037,-98.04847948963032 30.89818904021692 755.6608396921532,0.69
13,105,28,0.747963547706604,-0.9574391737291423 0.2860840579661727 0.038290212671979525 0.24302061065866468 0.8705793932053143 -0.42782298082426157 -0.15572800455906322 -0.400309170396925 -0.9030511373627623,-70.64428344391337 -46.83434965567275 802.3182519976484,0.69
13,105,28,0.747963547706604,-0.9572642925722195 0.2864534838425935 0.039868229966348805 0.24207751124401908 0.8690253875100035 -0.43150127973505503 -0.1582515488584882 -0.40340956540162676 -0.9012309192578563,-70.55053395427716 -46.72422743849814 801.6432997389217,0.69
13,112,28,0.8346055150032043,0.9994297993135116 0.010068137959965456 -0.03222900622378704 0.006219193018742533 0.8832867097180244 0.4687919688664709 0.03318731508196205 -0.468725101774511 0.8827204433364648,-64.63724387805249 64.1098264369533 745.3091856051458,0.69
13,112,28,0.8346055150032043,0.9993533808464519 0.009985023885455366 -0.03454156175932678 0.007378227649152977 0.8832751266444384 0.4687969842138583 0.035190651422270874 -0.4687487066107576 0.8826303122503885,-64.6872623349339 64.09816176103112 745.3238977803727,0.69
13,124,28,0.7686964273452759,-0.21544080613894367 -0.976202285386921 0.024786227134322047 -0.8789684370255384 0.18279868348700667 -0.44045332105490936 0.4254406489312978 -0.11667792987865983 -0.8974332927388788,45.41888642116849 -26.07245162562436 792.3623293537896,0.69
13,124,28,0.7686964273452759,-0.21493956799702407 -0.9763122943273901 0.024804960278953625 -0.8809634728155582 0.18285997045148705 -0.4364236368154599 0.4215499278543455 -0.11565697191120405 -0.8993993124159743,45.232087636758365 -26.120517995934776 792.1817500000536,0.69
13,137,28,0.849940836429596,0.7984216221157963 -0.6020594421504777 -0.006880512730615879 -0.5350040897568871 -0.7041610706737207 -0.46682738832575416 0.27621284778479327 0.3764061830856332 -0.8843216881053635,43.64476479315845 50.66180621666311 746.9071283922394,0.69
13,137,28,0.849940836429596,0.7987809340984383 -0.6015586247613833 -0.008731568932298595 -0.5348218138879111 -0.7033680018563262 -0.46822973138651064 0.27552612709227964 0.3786828157440371 -0.8835636243925487,43.6731425518093 50.68962567744291 746.6426332452888,0.69
13,144,28,0.8664295673370361,0.9975757695421383 -0.06908158427387168 0.008385626787690472 -0.049598048366863455 -0.7903477409879396 -0.6106475922440533 0.0488120642936635 0.608751331028913 -0.7918580676800095,9.91890159733158 59.6170456497665 724.8683531133488,0.69
13,144,28,0.8664295673370361,0.9975422869798041 -0.06935637564564712 0.009953835662799185 -0.048875801824666845 -0.7905774224183513 -0.6104084658311615 0.05020499659494082 0.6084217552978002 -0.7920242584651347,9.907266575389475 59.65311244041931 725.1601327598057,0.69
13,153,28,0.8527982831001282,0.7481739719538574 0.6633972862442236 0.011821518286088989 0.5271938269736701 -0.5835580126749251 -0.6176784880856288 -0.4028676910496106 0.46836319928736075 -0.7863418703475378,-50.11345695394049 60.22356418590208 723.0909090094095,0.69
13,153,28,0.8527982831001282,0.7485664304596866 0.6629437539524323 0.012404768611298717 0.526480991009004 -0.5828979870354491 -0.6189084769303121 -0.403070794395997 0.469824984228679 -0.7853651500413688,-50.098588660407415 60.26467391245176 722.8619774067574,0.69
13,163,28,0.8354353308677673,-0.01848128554896067 0.9989708708685842 0.04142029986033935 0.7968009095890595 0.039740496405318404 -0.602933664198232 -0.6039592308778013 0.021860743389041315 -0.7967153540229868,-97.23891109174906 21.039913143799374 755.4367374197427,0.69
13,163,28,0.8354353308677673,-0.019036101267268624 0.9991128318693846 0.03756562314778483 0.7958648502319324 0.03788422693421911 -0.6042879491723301 -0.6051749887543654 0.01839387244534646 -0.7958799522808815,-97.07417002709698 21.030395051720213 754.7354431944532,0.69
13,172,28,0.8233309388160706,0.46299486422860514 0.8860954133632047 -0.021695025112380084 -0.6929561260586986 0.37712233653827576 0.6144839710209149 0.5526731068684785 -0.2694692221768615 0.7886309499656609,9.797212438174967 53.56551333040059 734.4493623171277,0.69
13,172,28,0.8233309388160706,0.46521588495849453 0.8850089671146188 -0.01825673872848904 -0.6934023217279222 0.3771607258696983 0.6139568446428213 0.550243037761144 -0.2729632117853207 0.7891284334043669,9.919579860815439 53.593979053101755 735.0951841031664,0.69
13,186,28,0.806928813457489,0.9914272716118985 -0.12552287793452493 -0.03627633139143449 0.12174975073671233 0.7867299583462427 0.6051718523164041 -0.0474232358631846 -0.604400512702921 0.7952679151988411,-71.92698345412771 42.98716527920027 744.382715274745,0.69
13,186,28,0.806928813457489,0.9914077542992581 -0.1263983565558412 -0.03367670077790285 0.12094837279628895 0.7877253957482107 0.6040365816829764 -0.04982123877656874 -0.6029196931211548 0.7962447411527819,-71.84790490022016 42.945400401305506 744.38392119741,0.69
13,194,28,0.8468360304832458,0.6727561785060062 -0.7387453131572427 -0.0406753803940712 0.6066371483750016 0.5193067439147798 0.601923480133543 -0.4235451504780113 -0.4296229370190062 0.7975171706576115,-93.61628952346611 7.8746462667842465 765.0687518345567,0.69
13,194,28,0.8468360304832458,0.6738557165946609 -0.737562167952393 -0.04382375632076663 0.6066338419838128 0.5184264764109628 0.6026851336444858 -0.42179835819103706 -0.432707796279983 0.7967748164104249,-93.7501871369024 7.9078150037786115 765.2841365199795,0.69
13,213,28,0.8195310831069946,0.9464933422105832 -0.3226716551429072 0.005775475597439128 -0.2533938939318645 -0.7541253026657122 -0.6058766891021599 0.1998546663680557 0.5719947821848421 -0.7955376053237386,27.69330896766682 50.972369603923774 732.08759071063,0.69
13,213,28,0.8195310831069946,0.9459292800841044 -0.3242309868100754 0.00959501285735627 -0.25250920252043413 -0.7546071767811144 -0.6056460281327128 0.20360967492254028 0.5704754823325898 -0.7956763313906836,27.59196171218769 50.97096706155201 732.0318169554837,0.69
13,221,28,0.8510579466819763,0.94706681724069 0.3207062587089191 0.014558135406616601 0.2264673914806142 -0.6352565237216106 -0.7383506414063046 -0.2275455213304709 0.7025643349146489 -0.6742598838937266,-18.331398709464484 47.27888561419666 715.0125971775163,0.69
13,221,28,0.8510579466819763,0.9474013695967457 0.31964424825607496 0.016068585594857812 0.22689553745238725 -0.6353968403484567 -0.7380984150906911 -0.22571898451482292 0.702921339718753 -0.674501690285199,-18.37706773667211 47.292942969090916 715.2223998285504,0.69
13,231,28,0.8128494024276733,0.39204690194332803 0.9183040312123832 0.054926614093035064 0.6342113461659377 -0.22654532213012124 -0.7392247191587613 -0.6663896720921088 0.3246458428503998 -0.6712152275156802,-81.56638583803698 28.67194948874846 734.110679079579,0.69
13,231,28,0.8128494024276733,0.3917323006266563 0.9184504801425996 0.054722209125504184 0.6341276000568868 -0.226414082370326 -0.7393367636946621 -0.6666543268380098 0.32432295452254356 -0.6711085081251231,-81.5661665192753 28.670674069100375 734.551997144202,0.69
13,238,28,0.8316185474395752,-0.22477088022770308 0.9734382485424449 0.04354339991641609 0.6532055095884821 0.18368594558176876 -0.7345624790574201 -0.7230495236461434 -0.1366654662683624 -0.6771424788659592,-100.83849615479991 -1.1341667404750502 769.3794756527617,0.69
13,238,28,0.8316185474395752,-0.22545675927922026 0.9733565064857977 0.041789484048922854 0.6527743295039111 0.18276446816968828 -0.7351753694972176 -0.7232253621355043 -0.13847115387839598 -0.6765876255944641,-100.77394836692643 -1.118634235768715 769.2453850879662,0.69
13,244,28,0.80573570728302,0.40493083983194644 0.9141134346154649 -0.020679545655379272 -0.6071587864080943 0.2857301031140099 0.7414286993783742 0.683658703623705 -0.28767157807120214 0.6707129342196851,13.560158763739569 36.86189776354495 732.6915532103326,0.69
13,244,28,0.80573570728302,0.40462986858066596 0.9142919662657947 -0.018570672422405343 -0.603918679845072 0.2824097241601906 0.7453368203932709 0.6867000055239396 -0.29037036371088637 0.6664294068330336,13.584074710956726 36.75236505377852 729.5703914299079,0.69
13,258,28,0.8791840076446533,0.9965603509630581 -0.07615150612679229 -0.032686618102942176 0.07576273737924115 0.6774046655459997 0.7316986584115871 -0.03357788726514232 -0.7316582994889987 0.6808440778002522,-68.35268833567515 30.02256481886557 737.5401173595307,0.69
13,258,28,0.8791840076446533,0.9965430721858879 -0.07616810183398613 -0.03317115526055247 0.07613158184959028 0.6774432330432728 0.7316246635051044 -0.03325488721062359 -0.7316208623781074 0.6809001587675856,-68.32596393530875 30.023288100759196 737.4515358214728,0.69
13,272,28,0.7742688655853271,0.2814861619000877 -0.9573783841604016 -0.06474697059459056 0.6787205886297629 0.15094948397431618 0.7187159493554852 -0.6783095924641095 -0.24625369607440795 0.6922826113234877,-92.02363645798955 -24.896356187222644 803.4072245166889,0.69
13,272,28,0.7742688655853271,0.2804826758828134 -0.9576817188086149 -0.06461574103416157 0.6787521095648277 0.15029090283122915 0.7188241915012811 -0.6786936291810267 -0.24547580325961102 0.6921824815199644,-91.98275446579835 -24.895957473470787 803.330638816916,0.69
13,286,28,0.8524024486541748,0.9577731178847811 -0.2871998473066376 0.013671223950662253 -0.183900702280873 -0.6484482754641321 -0.7387119639942185 0.22102304485701676 0.705004313287967 -0.6738825801929413,25.8761165285632 37.243084963486304 728.1525089492984,0.69
13,286,28,0.8524024486541748,0.9576523106826978 -0.28764368144308355 0.012773580937210843 -0.18510228168015852 -0.6490296033381611 -0.737900887184389 0.22054295989872097 0.7042880706902389 -0.6747882010842601,25.921332810257297 37.25675025214633 728.6641826612041,0.69
13,294,28,0.8800273537635803,0.8832139650171769 0.46846830218908925 0.021691976459261825 0.2703287140026775 -0.47076980801903634 -0.8398203225948863 -0.38321727307663944 0.7476050011214427 -0.5424309024326623,-31.747287283130845 27.82417208868926 711.4083435179037,0.69
13,294,28,0.8800273537635803,0.8839330245681282 0.4671732804569866 0.020286303381807258 0.2681295933173322 -0.47082768581849765 -0.840492600475626 -0.3831043320889533 0.7483785247412275 -0.5414431220736129,-31.748985014647804 27.822930001990898 710.9880487920109,0.69
13,304,28,0.8280320167541504,0.231538850263042 0.9719215075074361 0.041932613361697624 0.5285717662823624 -0.08950020692344518 -0.844157331810726 -0.816701688934223 0.2176196135580008 -0.5344530429203809,-88.98040042823955 7.6912127238858465 743.4105207084901,0.69
13,304,28,0.8280320167541504,0.23066579304599955 0.9721378545529917 0.041728691131721896 0.529086744862463 -0.08931787941594549 -0.8438539760097608 -0.8166152755914522 0.21672634394956541 -0.534947832511687,-88.97042717301885 7.698591248199683 743.4359249578579,0.69
13,314,28,0.8186642527580261,-0.6007705960633674 0.7985646970565682 0.03700156105649893 0.40436677590199854 0.3434861542531531 -0.8476466081941236 -0.6896101807922279 -0.4942789561081178 -0.5292694135281011,-98.78662913794244 -28.272892741247013 803.1242677166377,0.69
13,314,28,0.8186642527580261,-0.5996616643575963 0.7992620545305686 0.039825324699895914 0.40655062828026267 0.34713235557257605 -0.8451128411990664 -0.6892912845414496 -0.4905907621452009 -0.5331024565250002,-98.55524838339105 -28.281214240247714 802.0510258986317,0.69
13,329,28,0.7443051338195801,0.9968204399182824 -0.07026213487061221 -0.03757982124153687 0.069260276423896 0.5308570351468713 0.8446264395250477 -0.03939574432356219 -0.84454368782112 0.534035518192091,-66.99604315006395 15.141550677953541 734.289651022037,0.69
13,335,28,0.7801128029823303,0.8269756746793201 -0.5610017603132929 -0.037259339957520426 0.32521178192332434 0.4232324392052659 0.8456427137406299 -0.4586376896712038 -0.7114431300741808 0.5324473140915568,-88.93968666012113 -1.305679248990045 760.5825413932189,0.69
13,335,28,0.7801128029823303,0.8256156481049196 -0.5630558847878357 -0.036426257151689234 0.3227321682064737 0.4182983477118549 0.8490408941307129 -0.462820428685945 -0.7127373730255203 0.5270699079663328,-88.96104365157154 -0.9978871720193094 761.4290383120244,0.69
13,362,28,0.8181585669517517,0.9988847348937787 0.044589894550529266 0.01552506683264166 0.03346714784571754 -0.43671679773974237 -0.8989763003478 -0.033305200964086575 0.8984932831557049 -0.43772203932727005,2.339727941413027 7.038441863501983 708.9742985771958,0.69
13,362,28,0.8181585669517517,0.998866218444068 0.04459230800795513 0.01666744484829888 0.03441887142900458 -0.43459734444731013 -0.8999669379976688 -0.03288797562637561 0.8995202467237021 -0.43563942290996716,2.328402455782904 7.076521433089615 708.5104792721429,0.69
13,369,28,0.8683459162712097,0.7911833870293368 0.6107665684905004 0.031512646717240855 0.264043748983237 -0.29465562674350343 -0.918400217906807 -0.5516427709230531 0.7349437124315931 -0.39439573127203564,-45.57147403525022 8.023838742952025 715.7269389686438,0.69
13,369,28,0.8683459162712097,0.7902152384513239 0.6120822355267195 0.03025250191192025 0.26353299043995965 -0.29483154392104427 -0.9184904592095151 -0.5532723017367573 0.7337776895366519 -0.39428424070607204,-45.538977152895406 8.043806955168327 716.0656084196856,0.69
13,378,28,0.8214528560638428,0.1551045162216319 0.9872207863549638 0.03657469119952478 0.3743929429412794 -0.024480073889088683 -0.9269469511564039 -0.9142059468869264 0.15746696469758925 -0.3734054655538759,-92.12102465922553 -7.903275138132101 744.6040164287921,0.69
13,378,28,0.8214528560638428,0.15347895593564054 0.9874818573427074 0.036383945689035524 0.3750881835454193 -0.02415444100342623 -0.926674385933058 -0.9141953099034712 0.15587220534402207 -0.37409997454114796,-92.0471521829916 -7.909000097682205 744.5752816272532,0.69
13,392,28,0.8470625877380371,0.6980333083044552 0.7157153579213715 -0.022383630916823993 -0.2622900179874388 0.28464674104448795 0.9220521564840578 0.6662983167933765 -0.6377521142640261 0.38641790045244817,-8.02283442050737 7.2509247554404315 718.5029182399883,0.69
13,392,28,0.8470625877380371,0.6973808761152147 0.7163388420449696 -0.022772285929340885 -0.2622625182096985 0.2846339693116685 0.9220639213504624 0.6669919678460027 -0.6370574282523958 0.38636711549685565,-8.059971263345302 7.2623284053205825 718.6251142566317,0.69
13,399,28,0.8033541440963745,0.9739139450721941 0.22327606606907033 -0.0404898248284114 -0.05118352591294015 0.3899861677259734 0.9193971044426495 0.22106984025197712 -0.8933412490773774 0.39124102344697465,-52.32866978309209 3.765726454741807 725.8590727388295,0.69
13,399,28,0.8033541440963745,0.9744467577053644 0.22125162345439714 -0.038745780625720566 -0.05210703683455585 0.39045402300346177 0.9191466219449074 0.21849112821765795 -0.8936405177918052 0.39200542324178267,-52.2857059359651 3.7509897016868985 726.4000553101766,0.69
13,406,28,0.8320074081420898,0.9036895463142718 -0.42691516612453817 -0.03299461797268885 0.19813423850579448 0.3486076601526329 0.9160870716338243 -0.3795892878020066 -0.8343956736559488 0.39961960959167264,-82.38527738224103 -8.407542343430112 752.8774314295223,0.69
13,406,28,0.8320074081420898,0.9036674935688463 -0.42693199555471983 -0.033378619484091904 0.19833589487419334 0.3481771636654345 0.9162071466138793 -0.37953647238632027 -0.8345667941354713 0.39931232419622364,-82.37760083979417 -8.388768005920365 752.8033898562635,0.69
13,418,28,0.6642577052116394,-0.09521155129606385 -0.9950448350223481 0.02864501344292092 0.1972217189278197 0.009349660342882093 0.980314325833622 -0.9757245277653693 0.09898666651029764 0.19535425710801912,-80.70684837532147 -29.471067535374893 878.1721364383988,0.69
13,418,28,0.6642577052116394,-0.23016972808242642 -0.9716413443032887 0.05417558781369669 0.2387570068931703 -0.00241447497980829 0.9710763419886133 -0.943407116749644 0.2364471787758728 0.232541918189074,-72.52476055222166 -30.61547649843244 859.4391598346973,0.69
13,431,28,0.7383229732513428,0.9710782142039978 -0.23784358590548668 0.02091723074391247 -0.07103629176850909 -0.37144404638050665 -0.9257338524977118 0.22794943989875024 0.8974740938055511 -0.3775967475995401,20.459071334144543 6.662684318990465 720.7846244010354,0.69
13,441,28,0.8161837458610535,0.7634016016145084 0.6452632862315185 0.029211061160199114 0.17766666919939292 -0.16628567761337365 -0.9699400126174066 -0.6210092988901188 0.7456435910422371 -0.24158453143701175,-47.24770944352009 -10.629608132547084 711.3400711206712,0.69
13,441,28,0.8161837458610535,0.7633325061721472 0.645282567582027 0.030559662885830785 0.1817035619163627 -0.16906821735326316 -0.9687103558174117 -0.6199252379181343 0.7450009032583362 -0.246305407038514,-47.31814037736768 -10.828423733975963 712.3808460313428,0.69
13,450,28,0.7501153349876404,-0.4297321745618117 0.9024568266612689 -0.03003221868009953 -0.20972077057657562 -0.06740408722701186 0.9754352297379159 0.8782638877553511 0.4254742824631896 0.2182296460779103,47.62478806331077 -20.496287503978095 770.9573252022196,0.69
13,450,28,0.7501153349876404,-0.43103961082169606 0.90181397878251 -0.030600679324807367 -0.211795496326742 -0.06814994720313372 0.9749349990804101 0.8771245758946618 0.4267166886456035 0.22037546595059332,47.588399890525885 -20.568290734003934 770.9854443192024,0.69
13,462,28,0.8309839367866516,0.614433034473903 0.7886612896876971 -0.022032165016853178 -0.1680403722593229 0.1580999125588587 0.973019450442708 0.7708660580400073 -0.5941530003265317 0.22966874572923657,1.8514252956258388 -10.095649944706445 729.3783129302925,0.69
13,462,28,0.8309839367866516,0.6150458412397652 0.7881894910168559 -0.021816035942838874 -0.16911359169210644 0.1588871521015076 0.9727052307878622 0.7701423285852201 -0.5945689187534632 0.231016437886296,1.9072621907822758 -10.119663489988932 728.7650995349871,0.69
13,469,28,0.7694699168205261,0.9430691666476148 0.33142897895103063 -0.027845624971451932 -0.046007509679717534 0.21291212339699483 0.9759875699841948 0.3293992349287474 -0.9191426764230134 0.2160390807384065,-42.64600327887818 -11.097179584622214 727.1249050624408,0.69
13,469,28,0.7694699168205261,0.9399418471555073 0.34026315715917843 -0.027024208516829518 -0.047781331205023564 0.20955628544484972 0.9766284388746994 0.33797376873681884 -0.9166826861627883 0.21322894863316844,-43.020706185756445 -10.958123287010089 727.1760156696425,0.69
13,478,28,0.7034198045730591,0.8911479107661876 -0.4522999457938572 -0.0357793260407851 0.13837405147487308 0.19583527198396922 0.9708249935623795 -0.4320972379169857 -0.8700995950360159 0.23710476946420367,-85.14350592303337 -20.76271660762327 764.0215338541443,0.69
13,486,28,0.5937838554382324,-0.4109267480335892 0.9107572675644744 -0.040748096017259816 -0.21348147503217385 -0.05267530987752167 0.9755259973713641 0.8863209732194239 0.40956868936455554 0.21607549866556752,-99.8876302323551 -32.4905309532888 853.5143678375413,0.69
13,486,28,0.5937838554382324,-0.4194049808661422 0.9072579998867834 -0.0313430002728623 -0.21462427239814147 -0.06555015926719499 0.9744945347807825 0.8820634238660163 0.4154348303422319 0.22221165139632437,-102.44140565150526 -33.77438727406793 868.2153903386525,0.69
13,500,28,0.8044573068618774,-0.9033524448750199 0.4282760800368935 0.023107566002449953 0.0713059809886834 0.2030940949438963 -0.9765593917802243 -0.4229300384384712 -0.8805296064682621 -0.21400419322826725,35.08140127456029 -11.362095561085425 733.2628137440704,0.69
15,1,28,0.852049708366394,0.9987092624789663 0.049031380678210855 -0.013256422877518414 0.047286863340634235 -0.8022930133845025 0.5950545128219928 0.018540808885358924 -0.594913308292228 -0.8035760038867972,-34.745171201781986 127.93833049588596 710.8824687660949,0.69
15,12,28,0.867810070514679,-0.5328485976923947 -0.5262250238821785 -0.6626911770783201 -0.8167671109192302 0.5246102666079171 0.24015735402070082 0.22127778573074788 0.6692318674493698 -0.709341137346712,-123.50829940857275 57.29842142952293 732.1219037732477,0.69
15,18,28,0.8826546669006348,-0.04081501472799087 -0.612438896212613 -0.7894635729269782 -0.9637122252420935 0.23274148763686608 -0.13072928842272136 0.2638046275024123 0.7554799787806787 -0.5997141987395822,-132.59693931824373 -4.283631552665321 751.9063688002494,0.69
15,28,28,0.820465087890625,0.7423434218958758 -0.3994178228741945 -0.5379513423520388 -0.642040666599041 -0.19445881163830525 -0.7415993210685118 0.19159860751315727 0.8959080161192091 -0.4007977048990705,-75.0808626941582 -88.48393028157909 771.6504046523252,0.69
15,40,28,0.8416266441345215,-0.9513024572019666 -0.20328762766698283 0.23172780445822877 -0.287135842407312 0.31088445248324703 -0.9060374524318712 0.11214563266817047 -0.9284530131577592 -0.3541163077743441,49.51737625057023 -94.86140600735591 777.2513033971536,0.69
