scene_id,im_id,obj_id,score,R,t,time
8,1,20,0.6092036366462708,-0.021526979903192744 -0.9948557275812537 -0.09898823382110761 -0.8492327793067072 0.07044419367213173 -0.5232984828268558 0.5275796391894341 0.07279901700337651 -0.846380545284501,-6.74897189194357 -61.83528374378139 728.5629912283013,0.69
8,12,20,0.5650399923324585,0.7154720175582513 -0.6533025522950929 0.24757941605844946 -0.5228078533844588 -0.7357257488298263 -0.4305572795207694 0.46343472089460414 0.17861522240142105 -0.8679428908608169,40.3177304384591 -41.69143575906102 788.6436203791312,0.69
8,18,20,0.5638606548309326,0.9917912821989585 -0.08833282358096324 -0.0924519595917805 -0.11408704152222561 -0.9378144735675145 -0.3278538700762771 -0.057742527749066894 0.33571018072960024 -0.9401938497159232,55.22688616794026 -11.996369935880633 742.2446980648355,0.69
8,25,20,0.36423179507255554,0.7611269145958405 0.5118830713368183 -0.39832341276480593 0.39055232589076583 -0.8520104835196465 -0.34863593720947916 -0.5178365578241162 0.1097900598934376 -0.848405234619322,57.97760613769442 25.45789236887194 775.6136296172547,0.69
8,34,20,0.4767960011959076,0.2495115716608034 0.9589424117501357 -0.13480885191332695 0.7730346669871218 -0.2810862185134013 -0.5686896705567517 -0.5832335546275316 0.03768273754214485 -0.8114299920805643,10.741306663792944 58.516979760936735 749.589271754357,0.69
8,46,20,0.39136114716529846,-0.08324507635940792 0.3621030301651813 0.9284135139080594 0.04192231966502377 -0.9295499145271078 0.36630516719881323 0.9956469135069019 0.06941434972569252 0.06220025463243162,-167.5512865571273 161.35361516472614 1805.4862652016811,0.69
8,52,20,0.472623348236084,-0.9678153130341058 0.2370383249689074 -0.08453610088376648 0.25147447041654986 0.9238500786703017 -0.2885509016960319 0.009701061045652958 -0.3005226524520439 -0.9537253403248633,-66.584889747132 8.05854643859768 723.738814797022,0.69
8,58,20,0.4915976822376251,-0.8596361349107637 -0.30925897716228806 -0.40667505529626335 -0.2182948985441498 0.9420006281262635 -0.25491597415486594 0.4619232109618251 -0.13035989281316673 -0.877287436089482,-60.79936808306223 -22.704514608704123 724.4699513758283,0.69
8,68,20,0.3902086615562439,-0.6840598780736282 -0.5067550896985585 0.5246535640539375 -0.3140114099368724 0.8537943741227814 0.41524932407620563 -0.6583759698222215 0.11930819662074366 -0.74317335567131,-31.692995813963982 -48.11105188302393 741.1457543098169,0.69
8,84,20,0.5579417943954468,0.6895364896389353 -0.7179838594841177 0.09507158869349577 -0.5147791623480062 -0.5782011524356911 -0.6329975049984984 0.5094524938291103 0.3875340047561371 -0.7682939227203163,41.11792811197745 -57.06013820393472 762.8555745440419,0.69
8,92,20,0.6779171228408813,0.9938296576899106 0.08485935023417362 -0.0714248008312864 0.037219938964334606 -0.8617560837655902 -0.5059556583698659 -0.10448582506467698 0.5001753120365169 -0.8595972135772236,56.05265344908608 -22.7348904790085 750.5685561665587,0.69
8,100,20,0.3271307647228241,0.6440164210269104 0.7270486131449955 -0.237998242791051 0.5006494490264225 -0.6357829898317875 -0.5874777604557412 -0.5784401253692805 0.2591916355990147 -0.773451173247723,47.197842726457594 15.880862401580002 771.2045362141035,0.69
8,115,20,0.5931042432785034,-0.3487975570946311 0.9176963115817445 0.19019396382135556 0.6425220517561485 0.38189132267402615 -0.6643225351238298 -0.6822797645921259 -0.10951026150797216 -0.7228428774308902,-38.454302522942214 27.186228160786246 699.4244839102355,0.69
8,127,20,0.4507582485675812,-0.9973581829710398 0.02510766873623397 -0.06816347872091828 0.04883442150632491 0.9264270827390132 -0.3732935301392514 0.05377596244464743 -0.37563608098572365 -0.9252057503738498,-70.54288766652031 -24.038657806218417 742.0985178217029,0.69
8,136,20,0.7570595145225525,-0.6589417560086706 -0.7015044645259885 -0.2714539527034293 -0.514426293885565 0.6835731921969331 -0.5177772485044674 0.5487816964398244 -0.20154199850105897 -0.8113072614569816,-51.60354165925255 -63.31552668071121 773.2765220525819,0.69
8,144,20,0.7720579504966736,-0.6529612685184327 -0.7562952127119572 -0.0407324568836078 -0.5990180596747189 0.5485879946438551 -0.5832911591273852 0.46348564810394544 -0.35646705789120137 -0.8112412037366301,-9.832505378534313 -54.89600199408337 821.7367401531637,0.69
8,155,20,0.6563060283660889,0.22841468429855705 -0.9732981712884128 -0.02274646705363792 -0.7762429064789715 -0.16796854882878343 -0.6076458810404558 0.5875999337456307 0.15645202578101844 -0.7938822844043987,33.40554620920613 -37.53130285656326 781.9766342073486,0.69
8,165,20,0.7039357423782349,0.9865623584582467 0.1501518785029326 -0.06441371170288694 0.07585625346168795 -0.7701193348942985 -0.6333735381532134 -0.14470847136245418 0.6199763087441362 -0.7711607062810826,57.19583047588934 -37.08618828765488 786.9021424957209,0.69
8,172,20,0.7173489928245544,0.6402674517479154 0.7497098727335428 -0.16731018187213204 0.4517652336926269 -0.5436712955229228 -0.7073398730815856 -0.6212614295599537 0.3773017746450212 -0.6867878908300884,47.25462090993445 -6.207847485609728 780.9127368132948,0.69
8,178,20,0.5665191411972046,0.2714463861165476 0.9621741037705477 0.023191668711188773 0.6272218031750859 -0.1585708944300559 -0.7625274297108571 -0.7300066226316444 0.221531635377423 -0.6465400725716424,11.449157510582273 9.319229855609622 704.7898197622085,0.69
8,194,20,0.7104297876358032,-0.48748388346847427 0.8727022210012807 -0.027391546468338523 0.6804902001529998 0.3600853830602472 -0.63817834842784 -0.5470763665652408 -0.32974133857584026 -0.7694011299575716,-59.34073784424294 3.3093203743634128 784.2550480600994,0.69
8,207,20,0.7845038175582886,-0.6850170454994386 -0.6938650993418122 -0.22204249883884308 -0.43203840551730954 0.6323128547810106 -0.6430577500013117 0.5865956559106804 -0.3445746328360022 -0.7329214547771499,-52.801872344024616 -69.86663246553051 756.8811690238276,0.69
8,216,20,0.6322222948074341,-0.16246236916150236 -0.983838001791645 -0.0752912002630764 -0.5977912234801885 0.15884641311502734 -0.7857566227341323 0.7850169627062151 -0.08264746379117172 -0.6139362874048055,-17.086623449674452 -98.80272616837858 807.7588157074093,0.69
8,228,20,0.6135121583938599,0.25500080518405654 -0.966779058651354 -0.017687314908848617 -0.6598162425318628 -0.16060553804853384 -0.7340629313889069 0.7068359890714513 0.19885701622357443 -0.6788510673572228,34.495419593192075 -40.125861902434906 787.2450618817741,0.69
8,238,20,0.7490772008895874,0.9048478094748259 -0.42541602257839295 -0.016481790624487597 -0.2756511550471281 -0.5559201230889681 -0.7841997560991275 0.3244485820739449 0.7141246561198732 -0.6202895236193176,43.56145174364527 -9.187728706444041 770.1006727348738,0.69
8,263,20,0.6191544532775879,-0.18375503025701678 0.9829225862668083 0.009862974288298854 0.6535966738594181 0.12967045953340017 -0.7456520367063326 -0.7341971647828314 -0.1305709053769854 -0.666262532260284,-48.16131953659254 2.4198397582473277 757.2592835183767,0.69
8,272,20,0.8218548893928528,-0.8247050821015085 0.5655629858227281 0.00019137195605345436 0.38443811683940043 0.5608365504700668 -0.7332596388577596 -0.4148118391233795 -0.6046493799915097 -0.6799487226247014,-61.07434436586381 -24.487423205097542 789.2426941262355,0.69
8,280,20,0.80434650182724,-0.9950663992071689 -0.09608530667539049 0.024707792495000856 -0.08419157457805372 0.6860690441967925 -0.7226486320231761 0.052484663845240365 -0.7211635601137899 -0.6907738266792225,-45.053992225611466 -46.56754570202124 806.3463472568894,0.69
8,288,20,0.5874765515327454,-0.13161550784592513 -0.989460134670688 -0.06038211649092312 -0.48490692359214915 0.1173887962102862 -0.8666516866519662 0.8646054785547321 -0.0847850955166296 -0.4952462559488757,-14.397746403733368 -102.05720688629216 820.0315517992182,0.69
8,303,20,0.7491633296012878,0.5288860830011477 -0.8486865774670734 0.0032564451367041447 -0.4364163447251096 -0.27525358868639516 -0.8566073989711013 0.7278875498759938 0.4516265660282689 -0.5159584863078004,41.927532432709484 -33.838950836434066 789.0068827825422,0.69
8,309,20,0.7898426055908203,0.8883430847802838 -0.45917501689918166 0.0022062589797764987 -0.22628535820431955 -0.44195376322967816 -0.8680275386354217 0.39955162418064627 0.7706070172420971 -0.4965111525352133,44.71628146308459 -19.049533961307336 773.1102365594262,0.69
8,319,20,0.8663122057914734,0.9125254839798208 0.4087524755709809 0.014786980827351637 0.22539853482629119 -0.47236905327951595 -0.8520932918419059 -0.34131033032352676 0.7808898073469833 -0.5231810080612986,18.35334978943852 -1.8873130756876773 740.0745047305849,0.69
8,333,20,0.6446651220321655,-0.06479519127563682 0.9977860955276265 0.014983015694029489 0.5145496891439787 0.046271411465889534 -0.8562111736498124 -0.8550088891873514 -0.047768860701174976 -0.5164086902424505,-42.21205899972672 -6.146494456874839 749.7628544151025,0.69
8,345,20,0.7719982266426086,-0.9035214341849365 0.4283625265755099 -0.012432368810537386 0.23419707047827398 0.4692677855523174 -0.8514337775906113 -0.35888821399955445 -0.7722002921967006 -0.5243147514456752,-59.52799858074249 -34.01570634214228 797.9438659911269,0.69
8,375,20,0.7020605802536011,0.49616574237962285 -0.8678660190968943 0.02506250158677098 -0.2792237393143718 -0.18683411426979157 -0.9418742576099648 0.8221031927271525 0.4603276948456738 -0.33502948208462335,41.75679629673185 -36.71690983971313 801.9609775803849,0.69
8,381,20,0.5796612501144409,0.8642818978658736 -0.5029010716403393 0.010359206743852045 -0.16262260115128652 -0.2988519349892218 -0.9403411139304648 0.4759944228834547 0.8110351614425827 -0.34007539794529484,45.21319802287928 -27.321153797176663 779.5762748236516,0.69
8,389,20,0.8700047731399536,0.9804292773779926 0.1957029612461322 0.021419220797269378 0.087505612482045 -0.3357350251949984 -0.9378831273892586 -0.17635532269883286 0.9214023788860158 -0.346289555630807,28.083448100303805 -16.37589683570964 746.1136295206082,0.69
8,410,20,0.7596679329872131,-0.42303099511754905 0.9057739797264435 0.024865132623348885 0.30918899113301684 0.17008879030005564 -0.935666591888591 -0.8517317329605628 -0.38812794419467445 -0.35200817320512945,-54.01867079182864 -24.217197404765084 766.9192548294117,0.69
8,417,20,0.6235237121582031,-0.8878158058448475 0.4600309109971107 0.012436069283869255 0.1715559878541366 0.35592025616871603 -0.9186344835026536 -0.42702650728433256 -0.8134447320967568 -0.39491268642648114,-60.485753334785045 -38.246267181623196 807.951700610787,0.69
8,425,20,0.7418606281280518,-0.9826699964376786 -0.18457338225884448 0.01709808944599564 -0.0902589013257932 0.39588347747470076 -0.9138542569764605 0.16190431999373434 -0.8995604142157816 -0.4056822060964689,-40.7973584540739 -49.449384795625384 827.0625951388229,0.69
8,441,20,0.5265159606933594,0.44790859385469384 -0.8939073549354848 -0.017536600108241374 -0.17526724169577323 -0.06855348068959266 -0.9821312612241286 0.8767321629434308 0.44297862372532987 -0.18737836957062726,30.010932061728965 -92.85245390050926 834.8806765806903,0.69
8,451,20,0.7550436854362488,0.7394917014316481 -0.6730395925110981 0.0130280630264481 -0.10920905553875498 -0.13904383974343038 -0.9842460021852953 0.6642480001490854 0.7264189683246839 -0.17632378386378433,43.801531528291775 -34.50015227167505 779.666164198825,0.69
8,459,20,0.8000398278236389,0.9996938835575284 -5.3126020249790254e-05 0.024741389518230805 0.0244448748279451 -0.15224844776433777 -0.9880399072142763 0.0038193287778017643 0.9883422521227025 -0.15220054335222133,35.24793554805375 -27.635507370688607 761.6142483871131,0.69
8,465,20,0.8025265336036682,0.8532225932929614 0.5208023476291017 0.027858948265326644 0.13091702664927718 -0.1621616527967411 -0.9780410678982464 -0.504848431143196 0.8381339469716317 -0.20654188075547353,13.673479661481778 -26.49812946255306 743.6358780841659,0.69
8,471,20,0.7491639852523804,0.5045276184415015 0.8630891768236415 0.022999023449605027 0.1758149411132776 -0.07662175251069114 -0.9814368107644654 -0.8453052636243793 0.4992055487392736 -0.1904017631137891,-14.61551601157568 -25.891241890548926 740.4860707350427,0.69
8,479,20,0.6663373708724976,-0.1724823261849524 0.9848212345403684 0.01941605398149021 0.17443336207105936 0.04993845916343331 -0.9834018265658087 -0.9694446087066626 -0.1662326270464572 -0.18039918058244897,-45.61938066840052 -30.05015574463624 756.4214212455174,0.69
8,484,20,0.629510223865509,-0.5552196014503314 0.8315691670217622 0.014963777065583217 0.1300199472203582 0.10455373167840909 -0.9859834331858395 -0.8214779409638162 -0.5454917393057865 -0.16617086043887808,-57.04641289889159 -35.04075816602796 782.2493571940431,0.69
8,495,20,0.3863564133644104,-0.14678470408344846 0.25541799551269706 0.9556233035121162 0.4393984428641847 -0.8487033287044135 0.29433258102795534 0.8862185165384799 0.4631029123362581 0.012346397450744728,153.7142882113004 -131.46630922914318 1579.5837220863525,0.69
10,5,20,0.5742274522781372,-0.011197674612276387 0.6801593955606582 0.7329787232340639 0.30847680844689024 -0.6949221186989232 0.6495577784873503 0.9511659533087267 0.23338047384809463 -0.20203188781165404,-27.117993420066448 55.42689534823241 732.1125107794157,0.69
10,13,20,0.5730845332145691,0.02098332548679538 0.9883701137687074 -0.15061280908457875 -0.3100930613097287 -0.13678276666048195 -0.9408149488992323 -0.9504746147999305 0.06644541333709014 0.30361655697176193,-50.681902775217445 33.28584222954382 739.5187823250865,0.69
10,20,20,0.6619775891304016,0.01978755892068762 0.8959785943732852 0.44365618550498387 -0.2890205922490659 0.4299239274157727 -0.8553551975006621 -0.9571183572411301 -0.11130038212095106 0.2674634090334055,-54.676530204630964 5.939859319862812 752.680290229424,0.69
10,29,20,0.7936156988143921,-0.04146717179188242 0.3293904683503556 -0.9432827746882245 0.2749684012277733 0.9114013372462897 0.30616985611244807 0.9605586145518786 -0.2466769584408082 -0.12836520628490788,-35.27453066332146 -23.431726319068297 754.339384075187,0.69
10,35,20,0.669520378112793,-0.015724431971488873 -0.19604777285418074 -0.980468262106474 0.2425914074280735 0.9505424842946844 -0.19395461993197322 0.970001108907222 -0.24090300186964314 0.0326127645095331,-11.814647298321109 -31.940987887121292 755.0351292984038,0.69
10,45,20,0.6247106790542603,-0.01953548494223467 -0.882838308267265 0.4692705896216651 -0.28151005850293565 0.45522799304267936 0.8447008709075704 -0.9593593965713503 -0.11560274999379472 -0.25742096341231946,26.460381110433445 -19.003219447706783 759.8276564954824,0.69
10,54,20,0.5537344217300415,-0.01818325270628507 -0.9601965323906909 -0.2787328263874083 -0.3005359828928023 -0.260637792151428 0.9174672006611938 -0.9535971331268134 0.10045178190217874 -0.2838343657927993,40.80262237630359 13.890683211546495 753.0280990938102,0.69
10,60,20,0.5820766687393188,-0.022642202738334172 -0.6929344557058017 -0.720644968587765 -0.3267385549778486 -0.6761169568535317 0.6603845677679842 -0.9448435041561876 0.2504150569570932 -0.21109962553977257,34.81700986379902 37.86876661000051 749.131326880927,0.69
10,65,20,0.6589390635490417,-0.004441568377644867 -0.31184668690496714 -0.9501220533893225 -0.32123288699761215 -0.8993287106860302 0.2966771013188967 -0.9469898123958497 0.30652816184194065 -0.09618098157263244,20.02628554637861 51.27115915967626 731.8485526282627,0.69
10,71,20,0.5968872308731079,-0.015938828769581415 0.210067031761761 0.9775570550634154 0.31302843956192483 -0.9274854892292865 0.20441101559000557 0.949609998769432 0.30926123170535685 -0.050973922756692325,-3.4179884375809393 59.489468067620464 733.0206391359823,0.69
10,80,20,0.7126139402389526,-0.018060302008308105 0.8195046496812695 0.572787879273077 0.46712557838429847 -0.49959748045051366 0.7295176841904754 0.8840065155362282 0.28073917909383295 -0.373788702091459,-36.24362472787689 34.98200527019558 733.6660844216973,0.69
10,103,20,0.8441934585571289,-0.04608658749956507 0.20553507191053516 -0.9775639931315884 0.4270865039875939 0.8887081367996247 0.1667182224527196 0.9030355167789913 -0.4098209143038831 -0.1287387806173006,-30.091723148406725 -36.19949664692138 765.4183863300032,0.69
10,129,20,0.6199681162834167,-0.020421053721612292 -0.8754861047627058 -0.4828116205440003 -0.4622644425712952 -0.4199264478869422 0.7810079151323022 -0.8865069462216013 0.23913564922963698 -0.39613075564562195,40.18701672215207 10.168836437424524 748.3008343516328,0.69
10,136,20,0.8078802824020386,0.012090455043221482 -0.4408445451301514 0.8975020378393789 0.48210150778796496 -0.7837854165559319 -0.39148251172027543 0.876031938393469 0.43742028739329714 0.20305549756494334,25.709501781506713 33.283939899390866 736.8095592815549,0.69
10,145,20,0.7812162041664124,0.022035206346959657 0.37646023591025857 -0.926170686461 -0.631165874278005 -0.7132029216748768 -0.3049118424418807 -0.7753348236911128 0.5912861264166556 0.2218932803828414,-11.066745229213208 27.25069742634744 724.1290105610868,0.69
10,160,20,0.8129367828369141,-0.050632774906517186 0.9931699984508798 -0.10511744042900589 0.5958414152442232 0.1145087054418662 0.794896700369167 0.801504416697143 -0.022385498768343948 -0.59756971096255,-54.66142057023029 -5.3811815690793185 750.0085682228886,0.69
10,168,20,0.8159452080726624,-0.04673767146781249 0.6950411874048532 -0.7174491883587427 0.6160089149865229 0.5854568964748269 0.5270419708402649 0.7863514524199048 -0.4173223815959498 -0.45551445981021366,-49.302687704033616 -29.819067290739802 777.1071782128824,0.69
10,176,20,0.847089946269989,0.025704728003593358 0.0756717227713481 0.9968014131867379 -0.5790500243132051 0.8139443379645948 -0.04685812670449141 -0.8148867015120188 -0.5759934071395207 0.06473993072801598,-23.523842227274333 -47.07645794684855 783.2546504060145,0.69
10,185,20,0.8529384732246399,-0.0011362203649902813 -0.665712366481795 0.7462075811170042 -0.5898844103818188 0.6029998100278484 0.537054570313737 -0.8074868985883153 -0.43956600666974577 -0.39337848745023773,13.619501298492928 -45.67754784221026 787.0757038581827,0.69
10,196,20,0.8626359701156616,-0.02121547126949519 -0.9932960044559509 -0.11363516757877745 -0.6130811850401445 -0.076856652836792 0.7862725452821668 -0.7897349962668397 0.0863487257958589 -0.6073405413973667,41.37549313989811 -17.306684816008918 767.3249081460211,0.69
10,208,20,0.8310908079147339,0.015108815934958275 -0.3965173250040312 0.9179029004490024 0.6317112453133409 -0.7078036891282089 -0.3161563540420559 0.7750565309870704 0.5846263324792558 0.23979037750948884,24.355084906718798 18.87468668428275 735.6482110459142,0.69
10,212,20,0.8214396238327026,-0.004694558824978046 -0.04933371255388863 -0.9987713181319782 -0.6277613156434441 -0.777307079728653 0.04134530669042813 -0.7783917340896234 0.6271840946718624 -0.027320682487546488,10.158351068735307 24.819324141606806 723.2322827277239,0.69
10,217,20,0.8645718097686768,0.022676202477496576 0.3238380985299758 -0.9458407243197395 -0.752251026238979 -0.6176166325648136 -0.2294952912408083 -0.6584862818340278 0.7167137372199519 0.22960234214094422,-8.828868638336765 10.59441750558143 727.4319332678975,0.69
10,230,20,0.7901848554611206,-0.04300336854173814 0.995881339366837 0.07981897139764943 0.7255959275805085 -0.023787188255362413 0.6877097640382066 0.6867759898050059 0.08749015702248603 -0.7215845149748823,-49.48949258354078 -10.854653253211918 729.6259059328056,0.69
10,244,20,0.886141300201416,-0.0430105111496093 0.4371983760654108 -0.8983360595547846 0.706689890404572 0.6489074186189954 0.28197262431166265 0.7062149069020166 -0.6227172247714043 -0.3368735122302984,-39.401949509992875 -46.185240874645764 787.2631114753393,0.69
10,252,20,0.8933309316635132,0.01592995077520165 -0.2214059913051769 0.9750516005230039 -0.7117295598868516 0.6824152572066337 0.16658466410469053 -0.7022729314529843 -0.696626732006299 -0.1467103472923974,-8.371871975104282 -54.32947826029256 799.1485928086145,0.69
10,269,20,0.763754665851593,0.02510200643871774 -0.9862346092184422 0.16343556789296904 0.7384713994003629 -0.0919016936121193 -0.6679925680566317 0.6738173948039783 0.137460446278087 0.7259991351018326,42.39883972345339 -26.406735927966565 772.2158407794748,0.69
10,280,20,0.8220177888870239,-0.004178325333440425 -0.44122744489820864 -0.8973855823814008 -0.7568731936976988 -0.5850997606274415 0.2912065225498154 -0.6535483993242226 0.6804238473057133 -0.331508488214763,26.20843869461556 2.8691616739477617 734.5482766342622,0.69
10,287,20,0.8427853584289551,0.024164091227959927 0.15379347101615953 -0.9878075040046661 -0.751167053798661 -0.6492142420808067 -0.11945260636287286 -0.6596697309885959 0.7448949161809642 0.09983691634454683,0.013732648618409726 10.541104708411293 725.6010147167708,0.69
10,301,20,0.6991965174674988,-0.056766963905178436 0.9810905596966156 0.1850373623978944 0.833750122587081 -0.05536942297486491 0.549358680722766 0.5492160275292552 0.18546034798202024 -0.8148412203806166,-47.6875713941171 -20.739517405329742 733.3848064535856,0.69
10,310,20,0.805124819278717,-0.06183855653766468 0.8373027200456677 -0.5432312103786606 0.8503441475183107 0.3291697882680321 0.41056312702547537 0.522580925509816 -0.43654484935193705 -0.7323508522542999,-52.81936457562128 -40.009208551696986 787.4363510214673,0.69
10,315,20,0.8746581077575684,-0.06266626254566465 0.5244463862853083 -0.8491342222822251 0.8372648337386689 0.49068900624272593 0.2412714184006993 0.5431947511925324 -0.695830645390678 -0.46985016251149236,-41.87682565454045 -48.730619705708165 791.0118005858697,0.69
10,325,20,0.7125547528266907,0.0016930955144837112 -0.3274764890885881 0.9448578107428605 -0.8250689921504653 0.5334165697967967 0.1863542896153309 -0.5650294608419941 -0.7798883972469592 -0.2692875716036198,-3.064915876351246 -57.92085125573489 817.8807751065133,0.69
10,342,20,0.7573613524436951,4.9519728705038624e-05 -0.9752354571023104 0.22116916773873455 0.8459499007291148 -0.11790034266182925 -0.5200656445648226 0.5332623772630107 0.18712378900255117 0.8249944997302292,41.88929545675436 -32.07807756282663 764.792712756582,0.69
10,346,20,0.7922866344451904,-0.01369770118785496 -0.8339070733821475 -0.5517348692491623 -0.8538502253342491 -0.2773877475364779 0.44044957737894536 -0.5203385106628381 0.4771320891324134 -0.7082321680362442,40.452397167726126 -22.78802834984637 756.9707827623674,0.69
10,355,20,0.827479362487793,0.0006527592838174723 -0.17092386231369172 0.9852840236181076 0.8572353962137589 -0.5072512727329104 -0.08856422409236414 0.5149243142283703 0.8446781514888453 0.14619087185535884,17.70733526263127 -8.410212971497124 735.7039197576688,0.69
10,366,20,0.737127959728241,-0.039735000164653034 0.6878281796302665 0.724785157869854 0.9320306786380188 -0.23596285415387586 0.27502789956131973 0.3601943140021363 0.6864502361905567 -0.6317009809984944,-23.320343289858833 -23.272331182439302 731.3367471185791,0.69
10,374,20,0.589006781578064,-0.05675860961568224 0.9861798228013358 0.15565287448043058 0.9182505103591642 -0.009634824391959729 0.3958827735379133 0.3919112915694433 0.16539808722733823 -0.9050132663568577,-48.74606517146469 -32.372813886926785 747.2618491118817,0.69
10,382,20,0.8281206488609314,-0.07267622061210965 0.8751622100800234 -0.47834012272167675 0.9231564598447368 0.24055618046360905 0.29985809091584026 0.3774921424407039 -0.41979022152571444 -0.8253943616883501,-52.591861389201995 -44.77864509136142 786.1922995449811,0.69
10,395,20,0.8175650835037231,0.01760016983959578 -0.11139636855654855 0.9936201905627879 -0.9174292581064366 0.39329657257062 0.06034370202826811 -0.39750948465651836 -0.9126382936720422 -0.09527620128601177,-12.588819778592903 -54.06197629882736 784.7426021471279,0.69
10,415,20,0.6689414978027344,0.3008928031153615 -0.9535131602378262 0.016618492309893707 -0.20459477414393784 -0.08156309233168746 -0.9754426894299243 0.9314528970518967 0.29010362842020154 -0.21962555714456888,46.73885188745167 -52.89041008966864 760.558552896005,0.69
10,417,20,0.7565995454788208,-0.025998772136429427 -0.8957202554832155 -0.4438572831040189 -0.9060508544853307 -0.1664844945714561 0.3890433936641117 -0.42236940340630763 0.4122719211689901 -0.8072397104217743,41.964164321337265 -36.578403958901 758.3597028404508,0.69
10,431,20,0.8473711609840393,-0.01632498679901717 0.11562218134099483 0.9931591040653872 0.9334390456373638 -0.35424537950139645 0.05658408947327853 0.3583643995790041 0.9279772207785396 -0.10214320746147543,3.9077258904730754 -21.599841725903822 726.1239649532525,0.69
10,441,20,0.5220092535018921,-0.051983262689139886 0.8299134638767232 0.5554650149886408 0.9747453111883915 -0.07879951731153878 0.20895505351083188 0.21718498731827204 0.552299084326244 -0.8048580015977693,-35.956060102333836 -38.9383916444457 752.9378615051472,0.69
10,450,20,0.7179870009422302,-0.04214540910755016 0.9780945161541496 -0.20385014584330616 0.9747851605780168 0.08500331056818988 0.20632093424889722 0.21912931161313662 -0.19001461696834757 -0.9570145192891928,-51.86281373244577 -44.78983364633562 769.0912271073619,0.69
10,457,20,0.5666742324829102,-0.06455611806984396 0.6851457991661281 -0.7255396209062327 0.9651579324596071 0.22762001278988264 0.12907089210131778 0.2535797173080857 -0.6919280046815139 -0.6759681673772884,-47.730137642664786 -53.49002358570026 821.1837696505299,0.69
10,465,20,0.7271813750267029,0.032108875239728385 0.023357064716114873 0.999211422902424 -0.9762692302666475 0.21495167675661886 0.02634704336516236 -0.21416678119028476 -0.9763453406389387 0.02970464016323837,-21.087471742702796 -52.37725485896704 799.3940805474517,0.69
10,475,20,0.7339441776275635,-0.010008786370652167 -0.7513807532628347 0.6597929886120054 -0.9808143101600308 0.13584299534551336 0.13982120583395768 -0.19468721884266002 -0.64573496439463 -0.7383246186993742,18.805597010792134 -53.37634963487484 823.0091768026754,0.69
10,482,20,0.6552652716636658,0.012364527779474166 -0.99572068009131 0.09158299892059646 -0.9862298022127717 0.0029620410623972804 0.1653541760588533 -0.1649178452446799 -0.0923664092148441 -0.9819727851466191,36.70393578117586 -44.954209811968305 770.6362079025251,0.69
10,496,20,0.7993606328964233,0.008168892754388701 -0.47094013875404855 -0.8821273461929888 -0.9823954105019572 -0.16842618174529655 0.08082003914495223 -0.18663474118142775 0.8659376461460826 -0.464025286348841,30.45173117141625 -37.42545202545308 753.7315894132538,0.69
13,2,20,0.8640428781509399,-0.7678655960933352 0.018580556653833957 -0.6403414630106824 0.6136530584668806 -0.265585534582208 -0.7435685897447029 -0.18388134807660805 -0.9639082356402588 0.19253197940709166,-103.8130153572226 -52.5110395073255 785.5298568522969,0.69
13,2,20,0.8640428781509399,-0.7673738677327357 0.02222668544478784 -0.6408145765937607 0.6138957931347924 -0.2630670394651593 -0.7442631845781711 -0.18511969720239513 -0.9645214913111968 0.18822590285749374,-103.91372547634309 -52.545365530095054 786.3165123261266,0.69
13,7,20,0.8605956435203552,0.9662913716597862 0.01715422816201563 0.2568787992653625 -0.2405272943001191 -0.29563545597886476 0.9245249038640508 0.09180199209446824 -0.9551468000387868 -0.281543930183467,-66.1651621965332 -79.18604150140555 796.7164699172572,0.69
13,7,20,0.8605956435203552,0.9657136559101552 0.019836209822925124 0.2588506510876554 -0.24294503269893797 -0.28242487085423607 0.928016111611151 0.09151418401293986 -0.9590843117801632 -0.2679224459085443,-66.70956846198266 -79.7545680147808 801.8711801671146,0.69
13,20,20,0.8603255748748779,0.6507610401910122 0.027061892037506474 -0.7588001861945357 0.7292023153538538 -0.3007806317903139 0.6146503028734293 -0.21159879926901898 -0.9533093231156243 -0.2154699111447802,49.35293564973965 -60.93401852527638 790.9096634625321,0.69
13,20,20,0.8603255748748779,0.6499351080448572 0.02819743032757377 -0.7594664312882048 0.7305950399013785 -0.2984178020250956 0.6141479488738966 -0.2093209091376752 -0.954018721177647 -0.21455310913697945,49.304862849729055 -60.91383032548018 790.7055742283827,0.69
13,25,20,0.9192830324172974,0.26621646799700394 -0.0076966423329219436 -0.9638825415287899 0.9220585553711693 -0.28943267783634385 0.25697615739075047 -0.2809569586859036 -0.9571674287695349 -0.06995499030580365,76.8734443187599 -23.541151786294503 775.0007716649118,0.69
13,25,20,0.9192830324172974,0.2683535835597475 -0.010462885783731446 -0.9632636618349714 0.9230651421433114 -0.28324964937340336 0.26023139604934736 -0.2755668658431015 -0.9589891366177827 -0.06635313329820525,77.10952903345323 -23.64732879772575 776.9781723025228,0.69
13,32,20,0.8861671686172485,-0.3251047417959667 0.00467613177431192 -0.9456664531712053 0.9096074628982734 -0.2720015172867358 -0.31405324076258134 -0.25869126444768914 -0.9622854609653744 0.08417553868620531,84.03587943174581 38.144495378477345 760.5020582655686,0.69
13,32,20,0.8861671686172485,-0.32462031545853165 -0.0007132129366235751 -0.9458441426148978 0.9092831679948827 -0.2755805396831421 -0.3118645323680434 -0.26043381345899325 -0.9612777213039194 0.09010755424464167,83.96842568473409 38.1268498757337 759.5124904778799,0.69
13,40,20,0.8931613564491272,0.8590042975557862 -0.005292812058786789 0.5119410150800585 -0.4906561702255325 -0.294018011388685 0.8202499202064311 0.1461784505332561 -0.9557852243676681 -0.25515968623617447,45.15110697739232 99.03322558408463 740.2971134845064,0.69
13,40,20,0.8931613564491272,0.8589135838269606 -0.0021050868031542436 0.5121162213082866 -0.49052458290588713 -0.29071374908225733 0.8215054166951936 0.14714988645096622 -0.9568077574435156 -0.2507305849181114,45.125856086565996 98.96655658503887 740.1896812407482,0.69
13,55,20,0.9201758503913879,-0.7148026152422977 0.028513863178490806 0.6987447179402574 -0.6714813098604555 -0.30712332073104043 -0.6743798012776074 0.19537162473311864 -0.9512424640804136 0.2386790790567217,-87.19893413750579 100.74065364442531 738.4040213143318,0.69
13,55,20,0.9201758503913879,-0.7150309999910263 0.028552327336620498 0.6985094370554312 -0.6706827922256873 -0.3099603772623978 -0.6738762176688742 0.19726951427980116 -0.9503206454302751 0.24078083313419452,-87.29292048997392 100.84560959790554 739.4413548464058,0.69
13,60,20,0.895252525806427,-0.35162806517213774 0.032490514456668396 0.9355757961029347 -0.8962147312716401 -0.30043550408890307 -0.3264010774102146 0.27047524699129316 -0.9532485900084973 0.13476003269445713,-118.15326943489087 66.49670268677012 749.2425214384775,0.69
13,60,20,0.895252525806427,-0.3517056848772262 0.03235358457930043 0.935551365126422 -0.8962028602905705 -0.3003340947842601 -0.32652697395026903 0.27041365430029946 -0.9532852023791147 0.13462458353870166,-118.18559969956006 66.51424915269355 749.4957945678443,0.69
13,69,20,0.8829549551010132,-0.40813238023344667 0.0287377102813679 -0.9124703305931463 0.8735441446516978 -0.2780944637805163 -0.3994797824162834 -0.26523308155227426 -0.9601237489107388 0.08839569688549997,-127.66406077010409 -12.817128300953078 777.649319765836,0.69
13,69,20,0.8829549551010132,-0.40895429891811186 0.02666413104469234 -0.9121652292825173 0.8733994077767802 -0.27822228365528456 -0.399707187041725 -0.26444253797671385 -0.9601465434991006 0.09049176269232584,-127.6056426078388 -12.811607759997079 777.4197801669599,0.69
13,78,20,0.6493977308273315,0.9610983789974635 -0.01018941141880296 0.27601826349607084 -0.2524130002008262 -0.43816133730094986 0.8627295751417481 0.11214982486863598 -0.8988385941811698 -0.4236880909258043,-70.98761125615275 -82.50458889589405 809.9141279993648,0.69
13,78,20,0.6493977308273315,0.9623535734926407 -0.017891608220367533 0.27121115379208416 -0.2517949550598052 -0.4344202437406022 0.8647996024714552 0.10234695985897824 -0.9005325880742158 -0.4225708906491077,-71.10039979751784 -82.65528541072102 811.0886447896099,0.69
13,84,20,0.7101113200187683,-0.9740501616740393 0.028342986402015893 0.22455056816804808 -0.21436276584451414 -0.43389388292583053 -0.8750912540867014 0.0726284184205334 -0.9005180583871492 0.4287100877707114,-15.107739876185649 -94.01225531965228 829.5786573335382,0.69
13,84,20,0.7101113200187683,-0.9748822107418973 0.028244037618714773 0.22092294927866285 -0.21159481372910227 -0.4270484439126445 -0.8791230069533698 0.0695148184341765 -0.9037875308338685 0.4222982229743364,-15.107448029642114 -94.06321396825567 830.5891085192758,0.69
13,91,20,0.8226037621498108,0.6968893712160384 0.022489916079764694 -0.7168259258431156 0.644002449429808 -0.45947109879391235 0.6116756938946674 -0.3156042607673768 -0.887907941764145 -0.33468408617327117,45.61729003230998 -70.01077506323156 808.4077351950034,0.69
13,91,20,0.8226037621498108,0.6961766768897721 0.020130870140950607 -0.7175881706257997 0.6442076125658543 -0.45859015731005437 0.6121205923104871 -0.31675635189671547 -0.8884198420148592 -0.3322282315628464,45.55928648287584 -69.93922568940675 807.2275407084873,0.69
13,105,20,0.9064880609512329,0.42575184450691583 0.02447796933508739 0.9045088147255337 -0.8062685303066459 -0.4434526006546027 0.3915109807014755 0.41069017998501056 -0.8959635148765269 -0.16906494631939384,80.75293563445764 37.581939648507316 756.035797967047,0.69
13,105,20,0.9064880609512329,0.42666557574813546 0.024084661284654696 0.9040887210679689 -0.7980763205367143 -0.46025412045588254 0.38889629877637255 0.42547699476010653 -0.8874604631724082 -0.1771531914353306,81.07640721724292 38.00966379692934 759.2994586995283,0.69
13,112,20,0.8880031108856201,-0.8818933892411498 -0.010679827921269341 -0.4713279020897553 0.4252662822727086 -0.44956004501436997 -0.7855217088589128 -0.2035009562009643 -0.8931862668011918 0.4010058024805171,42.01802248985392 85.19467797862434 735.4407865868874,0.69
13,112,20,0.8880031108856201,-0.8821745156533805 -0.009628017198528654 -0.47082419778145257 0.4242600881493307 -0.45015895386297533 -0.78572278435878 -0.20438077584559108 -0.8928965323831293 0.4012035405164537,42.06608315023085 85.3127430463336 736.3741565071374,0.69
13,124,20,0.9149309992790222,-0.8524678823300094 0.004158344992407859 0.5227630608246084 -0.4650295925001043 -0.46288862151124555 -0.7546400480855795 0.23884301893707535 -0.8864066968623054 0.396531436411643,-65.782706831696 94.53990182771145 724.3570057258402,0.69
13,124,20,0.9149309992790222,-0.852050933369529 -0.0007400524624673055 0.5234583644058693 -0.46375220655101623 -0.4627356998344827 -0.7555193994979583 0.24278199657960375 -0.8864959810518289 0.39393118398494,-65.75072919591616 94.50694175163278 724.031792270836,0.69
13,137,20,0.8767889738082886,-0.09960093448361973 0.020698623620879042 -0.9948121535396475 0.8837947447864248 -0.4574952681119586 -0.09800473837047585 -0.4571504160972491 -0.8889711168735284 0.02727362144534018,-132.4605160452064 7.605847547794379 772.0930937243495,0.69
13,137,20,0.8767889738082886,-0.09994781104877926 0.020770898085046563 -0.994775856592478 0.8841567513305753 -0.456716774535733 -0.09836984768840401 -0.45637405068991477 -0.8893696406165534 0.027283112111011976,-132.43773501290931 7.633357435527277 772.2625722228347,0.69
13,144,20,0.7894943356513977,0.6553122678504277 0.01974261565629215 0.7551000335927534 -0.5918942282859454 -0.6076395226555933 0.5295615479136186 0.46928355407633277 -0.7939675305917306 -0.386508093368761,-113.60678890662943 -53.4287233384748 801.4884763493457,0.69
13,144,20,0.7894943356513977,0.6544338240172508 0.020464440074334234 0.7558422961667348 -0.5933903297326596 -0.6056419682751484 0.5301751812783864 0.46861955418219964 -0.7954740806313227 -0.3842091884401364,-113.81002996350209 -53.47319034941024 802.4137833092532,0.69
13,153,20,0.5735342502593994,0.524865708886104 0.7989787693261075 0.2935113520830605 -0.8023346595933116 0.5795359173275777 -0.14281881718655912 -0.2842095734678414 -0.16053363103543675 0.9452268889826431,-37.29950894454019 -42.16243688772032 702.6744327039789,0.69
13,153,20,0.5735342502593994,0.5283367457190312 0.7996566938620356 0.28532342189988974 -0.8013077254243098 0.5807225734780324 -0.1437609885482502 -0.28065318864809413 -0.15267764936194794 0.9475881611158761,-37.687611775322395 -42.270291483803035 704.0480545521934,0.69
13,163,20,0.7773262858390808,-0.7166471338982738 0.03396204648792922 0.6966085449330501 -0.5792474672758267 -0.5852840864639799 -0.567375457511659 0.38844466418002144 -0.8101167308051205 0.43911459249231766,42.49786297009013 -75.36125223213281 818.1096287001241,0.69
13,163,20,0.7773262858390808,-0.717506198480145 0.031788413186238706 0.6958263805933715 -0.5767444826744285 -0.5872578702024014 -0.5678855479671459 0.39057733785663573 -0.8087754266002649 0.43969495389460966,42.662376867811126 -75.5602319006898 820.909182230976,0.69
13,172,20,0.9168403744697571,-0.012169739828623127 -0.009973722451226186 0.999876203483696 -0.8103034598412019 -0.5857999939530867 -0.015705733155169266 0.585884118577967 -0.8103942817820406 -0.0009527082917064611,87.02779199430657 -18.27707783232602 791.6428761017538,0.69
13,172,20,0.9168403744697571,0.015542735098150295 -0.0005602858881182948 -0.9998790474179325 0.812143431886671 -0.5833140743802527 0.012951319363251279 -0.5832507774782719 -0.8122464999676098 -0.00861126363310083,85.42203460171902 -18.093981964297942 778.599114798047,0.69
13,186,20,0.8858492970466614,-0.9398289922712579 -0.003583356034799229 -0.3416264404959303 0.27205333751801053 -0.6127133586406894 -0.7420035860348366 -0.20666022072886447 -0.7902970958460962 0.5768206423711996,29.762425158128707 70.98216483802737 717.9502065275369,0.69
13,186,20,0.8858492970466614,-0.9397769261023308 -0.0043225260477840755 -0.3417610933594116 0.2729207420613654 -0.6114266484272397 -0.7427460684148428 -0.20575130064796165 -0.7912893082568466 0.5757843632125427,29.79375921186679 71.00504904223745 718.249357451453,0.69
13,194,20,0.8747151494026184,0.94240576882769 0.015219184061596558 -0.3341253407282808 0.27347988218416314 -0.6101853280366729 0.7435607705422029 -0.19256199240978666 -0.7921125184500479 -0.5792043138598815,-44.40935842997318 78.62635228157208 709.3282003181087,0.69
13,194,20,0.8747151494026184,0.9424796601982104 0.014988648737736698 -0.33392728328437393 0.2733381032395436 -0.609578229551359 0.7441106526414195 -0.19240158894893356 -0.7925842052842381 -0.5786120514678883,-44.417783858991 78.61739757146734 709.289212696427,0.69
13,213,20,0.8396762609481812,-0.40884806607211477 0.03255727071366055 -0.9120215364742049 0.7096870175042991 -0.6169522990992116 -0.3401678965188368 -0.5737487220508163 -0.7863268307516122 0.2291342819945994,-126.45352815864771 -32.20833211460919 789.91742181633,0.69
13,213,20,0.8396762609481812,-0.40725112639729266 0.0318827667620763 -0.9127595571845478 0.7092775820929471 -0.6185745519792838 -0.3380692757172876 -0.5753884180173593 -0.7850789850882673 0.22930145133482482,-126.45612208385867 -32.185946503432 789.6851260058826,0.69
13,221,20,0.7217051982879639,0.30167054559416884 -0.8423085669459583 0.4466667213598552 -0.9209917613379411 -0.37858654385267343 -0.09190432177718738 0.2465138078659156 -0.38365154354327025 -0.889967659900242,-84.41339386893328 -63.504374993012135 693.7001260413078,0.69
13,221,20,0.7217051982879639,0.30435688106761327 -0.8411015976391518 0.4471185428895351 -0.918240433369331 -0.3839195467231493 -0.0971611453699193 0.25337994291675425 -0.380990661424605 -0.8891820513453612,-84.16938161907582 -63.28513019620566 691.2451311504659,0.69
13,231,20,0.632393479347229,-0.10359173951252032 0.9357372254138296 -0.3371418047047834 0.6365885295933071 0.32282040459680983 0.7003870575376041 0.7642144957372907 -0.142066292099076 -0.6291211116742299,-125.87065536996863 -24.547858603018568 827.3444921390994,0.69
13,238,20,0.8258478045463562,0.5450803918720115 0.001010294226671038 -0.8383831735562386 0.5696683615019908 -0.7341361160791444 0.3694889997981894 -0.6151140742173695 -0.6790015775930163 -0.40073873449655917,59.30147130062693 -63.95422773317434 824.2908500636538,0.69
