scene_id,im_id,obj_id,score,R,t,time
3,4,3,0.96533203125,0.358085572719574 0.9326953291893005 -0.04306088760495186 0.07303822040557861 -0.07395938038825989 -0.9945830702781677 -0.9308277368545532 0.35300078988075256 -0.0946061834692955,616.4722290039062 -235.42127990722656 1663.697265625,0.69
3,21,3,0.9585161209106445,0.1446966826915741 0.9881933331489563 -0.05036744102835655 0.06720507889986038 -0.060600634664297104 -0.995897114276886 -0.9871911406517029 0.14071807265281677 -0.07518032193183899,661.1421508789062 -246.58799743652344 1703.939453125,0.69
3,43,3,0.9677889347076416,0.15014760196208954 0.9882577657699585 -0.028323162347078323 0.48843914270401 -0.09905607998371124 -0.8669573664665222 -0.8595829010009766 0.11633744090795517 -0.49757686257362366,616.81982421875 -195.5717010498047 1623.89892578125,0.69
3,85,3,0.9585161209106445,0.08224515616893768 0.9965307712554932 -0.012733147479593754 0.9236937761306763 -0.08101855963468552 -0.37446731328964233 -0.3741998076438904 0.01903657801449299 -0.9271526336669922,557.7783203125 -117.4608154296875 1629.568115234375,0.69
3,118,3,0.9526596069335938,0.2914350628852844 0.9565548300743103 0.008268456906080246 0.9288861751556396 -0.2809189260005951 -0.24136056005954742 -0.22855181992053986 0.07802139222621918 -0.9704002737998962,543.3298950195312 -97.28155517578125 1646.5150146484375,0.69
3,184,3,0.9682769775390625,0.3224414885044098 0.924044668674469 -0.2053602635860443 0.5331622958183289 -0.35654979944229126 -0.7672094106674194 -0.7821568846702576 0.1378898024559021 -0.6076322197914124,460.2508850097656 -79.91714477539062 1555.8677978515625,0.69
3,195,3,0.97265625,0.308097243309021 0.9378807544708252 -0.1595485657453537 0.4343600869178772 -0.2878822088241577 -0.8534957766532898 -0.8464085459709167 0.19365820288658142 -0.4960736632347107,400.06231689453125 -85.8218765258789 1550.9383544921875,0.69
3,248,3,0.9638845920562744,0.6224510073661804 0.7817745208740234 -0.03719545155763626 0.17724011838436127 -0.1870901733636856 -0.9662211537361145 -0.7623258829116821 0.5948327779769897 -0.2550162672996521,268.96319580078125 -93.4753646850586 1579.9661865234375,0.69
3,304,3,0.937042236328125,0.8716618418693542 0.4900956153869629 0.0034377684351056814 0.033130258321762085 -0.05192280933260918 -0.9981014132499695 -0.488986611366272 0.8701208233833313 -0.061496131122112274,295.2846984863281 -132.6995391845703 1532.9986572265625,0.69
3,332,3,0.9278039932250977,0.9990251660346985 0.021815316751599312 -0.03837590664625168 -0.03771908953785896 -0.029762038961052895 -0.9988450407981873 -0.022932270541787148 0.9993187785148621 -0.02891017496585846,286.3487243652344 -144.302001953125 1545.431640625,0.69
3,335,3,0.9297552108764648,0.9985354542732239 -0.014376828446984291 -0.05215608701109886 -0.05230910703539848 -0.01048118993639946 -0.9985759258270264 0.013809701427817345 0.9998416900634766 -0.011217881925404072,287.9795227050781 -141.86309814453125 1545.716064453125,0.69
3,383,3,0.9638845920562744,0.7806552052497864 -0.6135907769203186 -0.11867520958185196 -0.09392541646957397 0.07254529744386673 -0.9929325580596924 0.6178635954856873 0.7862846255302429 -0.0009988992242142558,240.2010040283203 -125.62068176269531 1512.15869140625,0.69
3,428,3,0.965364933013916,0.7669879198074341 -0.6236057281494141 -0.1511470228433609 -0.16192039847373962 0.03983272984623909 -0.985999584197998 0.6208955645561218 0.7807235717773438 -0.07042325288057327,87.14261627197266 -124.70608520507812 1401.9595947265625,0.69
3,486,3,0.97216796875,0.6546292304992676 -0.7306081056594849 -0.19409409165382385 -0.5550588965415955 -0.29024532437324524 -0.7795302271842957 0.5131961703300476 0.6180369853973389 -0.595533549785614,-46.82042694091797 -55.31523132324219 1292.27099609375,0.69
3,521,3,0.9697551727294922,0.7045978307723999 -0.6985226273536682 -0.12493201345205307 -0.6561267375946045 -0.5742659568786621 -0.4896082878112793 0.2702583074569702 0.4269481897354126 -0.8629459142684937,-69.78543853759766 3.5211098194122314 1245.1658935546875,0.69
3,547,3,0.9682769775390625,0.6849889755249023 -0.7256027460098267 -0.0655040442943573 -0.721615195274353 -0.6633389592170715 -0.19812342524528503 0.10030750930309296 0.18298107385635376 -0.9779858589172363,-90.01375579833984 53.49252700805664 1258.6329345703125,0.69
3,559,3,0.9653487205505371,0.4958021640777588 -0.8655385971069336 -0.07087397575378418 -0.863380491733551 -0.4824792146682739 -0.1476072371006012 0.09356455504894257 0.13437519967556 -0.9865033626556396,-83.09414672851562 109.75851440429688 1259.3917236328125,0.69
3,634,3,0.97265625,-0.6895526051521301 -0.7236888408660889 -0.028136318549513817 -0.7166280746459961 0.6874105334281921 -0.11794505268335342 0.10469671338796616 -0.06116604432463646 -0.9926214218139648,36.9192008972168 110.78060913085938 1174.056640625,0.69
3,700,3,0.965836763381958,-0.9822831153869629 -0.1714402586221695 0.0756843164563179 -0.1765773892402649 0.9819789528846741 -0.06736206263303757 -0.06277185678482056 -0.07953274995088577 -0.9948538541793823,30.7257022857666 86.77222442626953 1151.3692626953125,0.69
3,712,3,0.9638671875,-0.9966000318527222 -0.062343399971723557 0.05386711284518242 -0.0724535882472992 0.9744244813919067 -0.2127145528793335 -0.039228081703186035 -0.2158941924571991 -0.9756284952163696,28.47593116760254 73.65279388427734 1153.7640380859375,0.69
3,739,3,0.97314453125,-0.9998478293418884 0.01659712940454483 0.005382248666137457 0.008351796306669712 0.726093590259552 -0.6875451803207397 -0.015319294296205044 -0.6873955726623535 -0.7261216044425964,40.51885223388672 67.71421813964844 1147.137939453125,0.69
3,769,3,0.9629085063934326,-0.9958178997039795 0.04283258691430092 0.08069681376218796 -0.07032005488872528 0.20453482866287231 -0.9763301610946655 -0.05832405760884285 -0.977921724319458 -0.20066747069358826,86.7629165649414 77.3696517944336 1134.0364990234375,0.69
3,820,3,0.97705078125,-0.7081213593482971 0.7057415246963501 -0.022206604480743408 0.1809426248073578 0.15097332000732422 -0.9718368649482727 -0.6825129985809326 -0.6921966075897217 -0.23460614681243896,108.96004486083984 140.329833984375 986.1605834960938,0.69
3,884,3,0.9765625,-0.09678863734006882 0.9936938881874084 0.05660754069685936 0.5629931688308716 0.10156116634607315 -0.8201975226402283 -0.8207743763923645 -0.04751614108681679 -0.5692729353904724,190.84999084472656 146.28062438964844 986.4498901367188,0.69
3,943,3,0.9731574058532715,0.4896814823150635 0.8701870441436768 0.05464797094464302 0.47698429226875305 -0.21489331126213074 -0.852236270904541 -0.7298616170883179 0.44339051842689514 -0.5202948451042175,316.2162170410156 -47.872589111328125 1064.07470703125,0.69
3,966,3,0.98291015625,0.09010472148656845 -0.9931271076202393 0.07469756156206131 -0.17220504581928253 -0.08940893411636353 -0.9809951186180115 0.9809315204620361 0.07552899420261383 -0.1790776550769806,47.89006423950195 -186.61231994628906 814.4401245117188,0.69
3,977,3,0.9853515625,0.156654492020607 -0.9817104935646057 0.1081850454211235 -0.1840871423482895 -0.13664081692695618 -0.9733659625053406 0.9703459739685059 0.1325666755437851 -0.2021256685256958,35.41612243652344 -145.77105712890625 745.5711669921875,0.69
3,1011,3,0.990234375,0.08637033402919769 -0.9788845181465149 0.18527062237262726 -0.40510064363479614 -0.20440492033958435 -0.8911296129226685 0.9101832509040833 0.0019139094511047006 -0.4142012894153595,37.75596237182617 -42.37397384643555 638.5671997070312,0.69
3,1030,3,0.9873106479644775,0.12213951349258423 -0.9775212407112122 0.17185507714748383 -0.5654424428939819 -0.21083687245845795 -0.7973848581314087 0.8156940937042236 0.00021804498101118952 -0.5784834623336792,48.12153625488281 16.836732864379883 624.0258178710938,0.69
3,1094,3,0.982421875,-0.228303924202919 -0.9608777761459351 0.1568165421485901 -0.6997859477996826 0.049970950931310654 -0.7126026749610901 0.6768878102302551 -0.2724280059337616 -0.6838172078132629,131.3074951171875 -23.814308166503906 712.3900756835938,0.69
3,1113,3,0.97900390625,-0.44315609335899353 -0.8779746294021606 0.1810331493616104 -0.6966495513916016 0.21019846200942993 -0.6859270930290222 0.5641737580299377 -0.43008941411972046 -0.7047914266586304,139.98890686035156 -23.4116268157959 714.5611572265625,0.69
3,1163,3,0.97705078125,-0.8377432227134705 -0.5280798673629761 0.1389891505241394 -0.46509677171707153 0.5566567778587341 -0.6883445382118225 0.28613168001174927 -0.6412994265556335 -0.7119436264038086,129.74436950683594 -37.37009048461914 741.9544067382812,0.69
3,1176,3,0.97900390625,-0.7730072140693665 -0.6265617609024048 0.09939952194690704 -0.4832104742527008 0.4799925684928894 -0.7321985960006714 0.41105663776397705 -0.6140257120132446 -0.6737988591194153,113.72923278808594 -52.11788558959961 717.9505615234375,0.69
3,1200,3,0.98046875,-0.5582544207572937 -0.8238497376441956 0.09809920936822891 -0.5814257860183716 0.3041282594203949 -0.7546191215515137 0.5918580293655396 -0.4783068895339966 -0.648788571357727,98.05101013183594 -47.946475982666016 686.30908203125,0.69
3,1230,3,0.98681640625,-0.28854456543922424 -0.9574652314186096 0.001499361707828939 -0.557341456413269 0.16668835282325745 -0.8133790493011475 0.7785322666168213 -0.2355317771434784 -0.5817320942878723,70.80741882324219 -56.405941009521484 633.998046875,0.69
3,1286,3,0.984375,-0.17114132642745972 -0.9844779372215271 -0.03890613466501236 -0.4835929274559021 0.11834120750427246 -0.8672561049461365 0.8583987951278687 -0.1296086311340332 -0.49633967876434326,52.85068130493164 -103.9906234741211 658.08154296875,0.69
3,1400,3,0.98095703125,0.6551178693771362 -0.737921416759491 -0.16215020418167114 -0.20110288262367249 0.03656316176056862 -0.9788875579833984 0.7282707691192627 0.6738955974578857 -0.12444493174552917,54.53237533569336 -137.04287719726562 802.9089965820312,0.69
3,1437,3,0.96044921875,0.8265013098716736 -0.5276691913604736 -0.1961144059896469 -0.22399522364139557 0.011344018392264843 -0.974524199962616 0.5164511203765869 0.8493742346763611 -0.10881952196359634,-28.265602111816406 -138.74365234375 865.5781860351562,0.69
3,1466,3,0.9352402687072754,0.9800392985343933 -0.18647350370883942 -0.06892368197441101 -0.0736246258020401 -0.01839456520974636 -0.9971163868904114 0.18466797471046448 0.9822877049446106 -0.0317564457654953,9.38924503326416 -161.9546661376953 943.8923950195312,0.69
3,1469,3,0.9450244903564453,0.9885798096656799 -0.13104484975337982 -0.07441141456365585 -0.07789301872253418 -0.02163851261138916 -0.9967268705368042 0.1290057748556137 0.9911401867866516 -0.03159887716174126,26.250484466552734 -161.89732360839844 965.1442260742188,0.69
3,1512,3,0.9614443778991699,0.9592630863189697 0.2796519994735718 0.04011335223913193 0.05670403689146042 -0.05148746445775032 -0.9970625638961792 -0.27676519751548767 0.9587199091911316 -0.06524742394685745,231.45578002929688 -218.79617309570312 1176.795654296875,0.69
3,1550,3,0.96337890625,0.9875216484069824 0.13773582875728607 -0.07635229825973511 -0.009436829946935177 -0.4322030246257782 -0.9017269015312195 -0.15719981491565704 0.8911954164505005 -0.42551010847091675,261.6328430175781 -234.2778778076172 1261.345458984375,0.69
3,1597,3,0.9531476497650146,0.9722769856452942 -0.0901443362236023 -0.2157575488090515 -0.1632702499628067 -0.9222469329833984 -0.3504330515861511 -0.16739217936992645 0.3759447932243347 -0.9113974571228027,258.57183837890625 -259.74627685546875 1254.3133544921875,0.69
3,1600,3,0.9463150501251221,0.9719383120536804 -0.11366945505142212 -0.20594948530197144 -0.17621125280857086 -0.9318096041679382 -0.31730198860168457 -0.15583814680576324 0.3446885943412781 -0.9256912469863892,260.8715515136719 -261.3936767578125 1255.19140625,0.69
3,1737,3,0.9454154968261719,0.244379922747612 -0.9300121068954468 -0.2745104730129242 -0.9057201743125916 -0.3200348913669586 0.27793654799461365 -0.34633728861808777 0.18070757389068604 -0.9205407500267029,520.7280883789062 -245.12075805664062 1315.66162109375,0.69
3,1746,3,0.9521942138671875,0.21097631752490997 -0.9376378655433655 -0.2762681543827057 -0.9197646379470825 -0.28611087799072266 0.26865139603614807 -0.3309410512447357 0.1974225640296936 -0.9227688312530518,560.0740966796875 -237.5660858154297 1236.106689453125,0.69
3,1794,3,0.9692530632019043,0.13750199973583221 -0.9596531391143799 -0.24527360498905182 -0.9896787405014038 -0.12301813811063766 -0.07350189983844757 0.04036320745944977 0.252848744392395 -0.9666635394096375,489.16748046875 -101.57682800292969 1135.0321044921875,0.69
3,1817,3,0.9736576080322266,0.1150699108839035 -0.9522263407707214 -0.2828853726387024 -0.9081946015357971 0.014517627656459808 -0.4182963967323303 0.4024196267127991 0.3050483167171478 -0.8631361722946167,481.4143371582031 -74.16996002197266 1070.74072265625,0.69
3,1886,3,0.98193359375,0.1669081747531891 -0.9323994517326355 -0.32058218121528625 -0.7379819750785828 0.0974808931350708 -0.6677424907684326 0.6538534164428711 0.3480355441570282 -0.6718236207962036,306.6700134277344 66.7836685180664 855.8192138671875,0.69
3,1901,3,0.9814453125,0.16368632018566132 -0.9482876062393188 -0.27195075154304504 -0.6345401406288147 0.10986952483654022 -0.7650408148765564 0.7553579807281494 0.29779037833213806 -0.5837424397468567,260.07940673828125 90.8218765258789 808.2283325195312,0.69
3,1938,3,0.9346020221710205,0.9869948029518127 -0.1492103785276413 -0.059811852872371674 -0.03371235355734825 0.17167334258556366 -0.984576940536499 0.15717719495296478 0.9737886786460876 0.16441047191619873,131.9287872314453 76.5200424194336 1081.4593505859375,0.69
3,1952,3,0.9565639495849609,0.8953150510787964 -0.4262465834617615 -0.12932440638542175 -0.06338033080101013 0.1654735505580902 -0.9841755032539368 0.4409012496471405 0.8893437385559082 0.12113530933856964,129.80636596679688 89.26360321044922 1099.490966796875,0.69
3,1976,3,0.9760856628417969,0.7237035036087036 -0.6830220222473145 -0.09866257756948471 -0.10189437866210938 0.035642679780721664 -0.9941564798355103 0.6825473308563232 0.7295276522636414 -0.04380136355757713,133.01206970214844 101.77257537841797 1099.404541015625,0.69
3,2019,3,0.9814453125,0.19060251116752625 -0.9781842231750488 -0.0826203003525734 -0.5648822784423828 -0.040456630289554596 -0.8241791129112244 0.8028565645217896 0.20376135408878326 -0.5602700710296631,128.08653259277344 99.2440185546875 1091.958740234375,0.69
3,2105,3,0.97607421875,0.44850441813468933 -0.886461079120636 -0.11415144056081772 -0.5007571578025818 -0.14343522489070892 -0.8536208868026733 0.7403283715248108 0.44001492857933044 -0.5082330107688904,169.67274475097656 -118.21041870117188 1196.6866455078125,0.69
3,2144,3,0.9302759170532227,0.9381887912750244 -0.279657781124115 -0.20394423604011536 -0.22351090610027313 -0.03960142657160759 -0.9738966822624207 0.2642812430858612 0.9592826962471008 -0.09966018050909042,138.46922302246094 -151.0302276611328 1234.572021484375,0.69
3,2169,3,0.9147138595581055,0.9927919507026672 0.08769042044878006 -0.08169759809970856 -0.07848244160413742 -0.03951236978173256 -0.9961321949958801 -0.0905793160200119 0.9953638315200806 -0.03234540671110153,145.99398803710938 -153.14569091796875 1195.942138671875,0.69
3,2247,3,0.9663248062133789,0.27814120054244995 0.9602854251861572 -0.022120734676718712 0.02434731461107731 -0.03007039614021778 -0.9992511868476868 -0.9602315425872803 0.2773943543434143 -0.03174419328570366,209.2512969970703 -169.84544372558594 1326.3319091796875,0.69
3,2308,3,0.9755859375,-0.24891115725040436 0.9633611440658569 -0.09989313781261444 0.11832334846258163 -0.0721198245882988 -0.9903526306152344 -0.9612714648246765 -0.25832951068878174 -0.09603668004274368,186.13450622558594 -158.84036254882812 1341.52392578125,0.69
3,2364,3,0.9619503021240234,-0.1620827317237854 0.9785081744194031 -0.1274787187576294 0.7651697397232056 0.043055444955825806 -0.6423872709274292 -0.6230925917625427 -0.20166274905204773 -0.7557034492492676,164.5902099609375 -90.42264556884766 1438.398193359375,0.69
3,2365,3,0.9629592895507812,-0.162790909409523 0.9780629277229309 -0.1299697309732437 0.7806475758552551 0.047119803726673126 -0.6231927275657654 -0.6033974885940552 -0.2029106616973877 -0.7711930274963379,162.89169311523438 -89.33098602294922 1441.330322265625,0.69
3,2464,3,0.96533203125,-0.04998615011572838 0.9934810996055603 -0.10245363414287567 0.9554635882377625 0.017694702371954918 -0.29457804560661316 -0.2908448278903961 -0.11261554062366486 -0.9501194953918457,-123.40889739990234 -60.364253997802734 1340.7144775390625,0.69
3,2487,3,0.9697411060333252,-0.0349772647023201 0.9932282567024231 -0.11078930646181107 0.9576274752616882 0.0015980772441253066 -0.2880055010318756 -0.28587818145751953 -0.11616852879524231 -0.9511985182762146,-154.54534912109375 -63.01053619384765 1266.6024169921875,0.69
3,2562,3,0.9697265625,0.7251179814338684 0.6727489829063416 -0.14701297879219055 0.660129189491272 -0.7398648262023926 -0.12972842156887054 -0.19604440033435822 -0.0029791577253490686 -0.9805905222892761,-145.86141967773438 -11.322468757629395 1135.916748046875,0.69
3,2594,3,0.962890625,0.9758996367454529 0.21413038671016693 -0.04205004498362541 0.21300286054611206 -0.9765991568565369 -0.02973002940416336 -0.04743214696645737 0.020056743174791336 -0.9986730813980103,-109.033203125 3.585850477218628 1084.862548828125,0.69
3,2616,3,0.9541454315185547,0.9770765900611877 0.15894009172916412 -0.14163121581077576 0.0639251172542572 -0.8536271452903748 -0.5169470906257629 -0.20306389033794403 0.49604305624961853 -0.8442193269729614,-63.11945724487304 5.076871395111084 1046.4742431640625,0.69
3,2662,3,0.9351515769958496,0.9747955799102783 0.21935102343559265 0.04072637856006622 0.10837182402610779 -0.30599120259284973 -0.9458460807800293 -0.19501040875911713 0.926420271396637 -0.3220503628253937,44.08544158935547 11.769922256469727 1094.0675048828125,0.69
3,2727,3,0.95458984375,0.9777572751045227 0.20876169204711914 0.020232195034623146 0.027396151795983315 -0.03148190304636955 -0.9991288185119629 -0.2079428732395172 0.977459728717804 -0.036500923335552216,370.2894287109375 -11.989060401916504 1202.3309326171875,0.69
3,2738,3,0.9502193927764893,0.9976018071174622 0.0645480826497078 -0.024983642622828484 -0.02900455892086029 0.06212662160396576 -0.9976467490196228 -0.06284403055906296 0.9959788918495178 0.06384981423616409,404.93896484375 -15.161150932312012 1206.7366943359375,0.69
3,2755,3,0.96923828125,0.8908493518829346 -0.4505499303340912 -0.05824268236756325 -0.025589512661099434 0.07823467999696732 -0.9966064691543579 0.45357757806777954 0.8893166780471802 0.058165960013866425,451.6011047363281 -36.19214630126953 1227.911376953125,0.69
3,2780,3,0.97412109375,0.5649800896644592 -0.8251003623008728 0.0026165798772126436 0.03391086310148239 0.020051395520567894 -0.9992237091064453 0.8244073390960693 0.5646302103996277 0.03930851072072983,452.413818359375 -22.938602447509766 1209.1724853515625,0.69
3,2873,3,0.9765625,0.02720683068037033 -0.9691748023033142 -0.24486739933490753 -0.8501690626144409 0.10641421377658844 -0.515643835067749 0.5258064270019531 0.22220773994922638 -0.821067214012146,391.7963562011719 88.82671356201172 1160.0914306640625,0.69
3,2923,3,0.9673008918762207,-0.2826993465423584 -0.9140425324440002 -0.2908734083175659 -0.8897751569747925 0.3631615936756134 -0.27643057703971863 0.35830336809158325 0.18066519498825073 -0.9159578680992126,387.17681884765625 151.5162353515625 1163.1015625,0.69
3,2950,3,0.9775390625,-0.6761401295661926 -0.624413788318634 -0.39107778668403625 -0.5601012706756592 0.7804689407348633 -0.2777674198150635 0.47866588830947876 0.03123345971107483 -0.87744140625,390.4930725097656 140.34396362304688 1195.06640625,0.69
3,2979,3,0.9736328125,-0.9044631719589233 -0.16715608537197113 -0.39243510365486145 -0.10416792333126068 0.9787189364433289 -0.17680060863494873 0.4136369526386261 -0.11903049796819687 -0.9026274085044861,369.9928894042969 130.7582550048828 1188.8258056640625,0.69
3,2999,3,0.9658203125,0.5437380075454712 -0.8365911245346069 -0.06681445986032486 -0.09117814898490906 0.02025523968040943 -0.9956285953521729 0.8342874050140381 0.5474531054496765 -0.06526529043912888,80.63082122802734 -249.24526977539062 1339.5938720703125,0.69
3,3046,3,0.97509765625,0.7051722407341003 -0.7067550420761108 -0.056827615946531296 -0.3594348132610321 -0.28724005818367004 -0.8878624439239502 0.6111781597137451 0.646521806716919 -0.456586092710495,32.1295051574707 -186.69789123535156 1260.454345703125,0.69
3,3097,3,0.9677889347076416,0.7502365708351135 -0.6570150256156921 -0.07400179654359818 -0.5630262494087219 -0.5761803984642029 -0.5924673676490784 0.346621572971344 0.48615559935569763 -0.8021883368492126,-3.482548952102661 -104.44879913330078 1223.70849609375,0.69
3,3120,3,0.9736328125,0.5848578214645386 -0.8102171421051025 -0.03859515115618706 -0.7698531746864319 -0.5394765734672546 -0.3410148322582245 0.25547483563423157 0.22915780544281006 -0.939265251159668,4.0857319831848145 -43.02565383911133 1202.7081298828125,0.69
3,3165,3,0.9687650203704834,0.17815084755420685 -0.9839961528778076 -0.003699841210618615 -0.9693010449409485 -0.1748402714729309 -0.17287679016590118 0.16946326196193695 0.034384407103061676 -0.9849364161491394,89.29451751708984 -24.509016036987305 1108.70947265625,0.69
3,3227,3,0.9755859375,-0.543839693069458 -0.8280094265937805 -0.13652418553829193 -0.827531635761261 0.5561630129814148 -0.07664309442043304 0.13939091563224792 0.07129653543233871 -0.987667441368103,239.53811645507812 -58.00564956665039 1021.8515625,0.69
3,3291,3,0.9682769775390625,-0.9118492007255554 -0.4008192718029022 -0.08874128758907318 -0.40321773290634155 0.9150472283363342 0.010200279764831066 0.07711400836706161 0.045083187520504 -0.9960024356842041,344.6307373046875 -57.85443878173828 1059.0963134765625,0.69
3,3311,3,0.9546117782592773,-0.9628974199295044 -0.24784375727176666 -0.10678054392337799 -0.2425241321325302 0.9682620167732239 -0.06042139232158661 0.11836660653352737 -0.0322827473282814 -0.9924450516700745,357.6063232421875 -64.94627380371094 1049.874755859375,0.69
3,3322,3,0.9585161209106445,-0.9553940892219543 -0.245369091629982 -0.16436588764190674 -0.23600420355796814 0.9688861966133118 -0.07457569986581802 0.17755040526390076 -0.03245813772082329 -0.9835762977600098,342.6273193359375 -72.40545654296875 1052.781982421875,0.69
3,3344,3,0.966796875,-0.8704232573509216 -0.23483431339263916 -0.432684987783432 -0.2334565371274948 0.9706841707229614 -0.05718701332807541 0.43342989683151245 0.05123623088002205 -0.8997296094894409,310.0605773925781 -75.13374328613281 1045.8572998046875,0.69
3,3378,3,0.9736328125,-0.9432556629180908 -0.27608734369277954 -0.1845116764307022 -0.11414946615695953 0.7913700342178345 -0.6005859375 0.31183114647865295 -0.5454441905021667 -0.7779794931411743,277.9473571777344 -103.36174774169922 1026.869873046875,0.69
3,3430,3,0.9673008918762207,-0.8877074122428894 -0.45924317836761475 0.03273216634988785 -0.19415238499641418 0.30893227458000183 -0.9310562610626221 0.41746917366981506 -0.8328605890274048 -0.36340460181236267,211.00376892089844 -37.356563568115234 882.3681030273438,0.69
3,3462,3,0.98193359375,-0.5055112838745117 -0.8624988794326782 -0.02353871986269951 -0.25049111247062683 0.1728099286556244 -0.9525707364082336 0.8256588578224182 -0.4756390154361725 -0.30340567231178284,137.41168212890625 -31.4257926940918 803.184326171875,0.69
3,3571,3,0.9814453125,0.04334293678402901 -0.9834930300712585 0.17567870020866394 -0.8013438582420349 -0.13923633098602295 -0.5817742943763733 0.5966318249702454 -0.11556323617696762 -0.7941509485244751,-138.61964416503906 33.471885681152344 922.536865234375,0.69
3,3607,3,0.9731574058532715,0.13785769045352936 -0.9768000245094299 0.16388048231601715 -0.9512506127357483 -0.17666597664356232 -0.2528069317340851 0.2758939564228058 -0.12104002386331558 -0.9535364508628845,-215.01913452148438 30.955181121826172 978.90673828125,0.69
3,3617,3,0.9712052345275879,0.140276238322258 -0.9786038398742676 0.15052291750907898 -0.9766825437545776 -0.1617196798324585 -0.14120209217071533 0.16252341866493225 -0.12720580399036407 -0.9784706830978394,-232.4746856689453 33.40701675415039 1002.4579467773438,0.69
3,3674,3,0.9687650203704834,-0.36472687125205994 -0.9268431067466736 0.08908423036336899 -0.9305740594863892 0.35958364605903625 -0.0687854140996933 0.03172004967927933 -0.10798735916614532 -0.9936460256576538,-244.102294921875 -51.32337188720703 1047.8314208984375,0.69
3,3723,3,0.97509765625,-0.3838675916194916 -0.9127195477485657 -0.13995987176895142 -0.7131026387214661 0.38931670784950256 -0.5830242037773132 0.5866261720657349 -0.12399833649396896 -0.8003087639808655,-267.6100158691406 -152.40496826171875 1123.0928955078125,0.69
3,3753,3,0.97509765625,-0.7589540481567383 -0.6380948424339294 -0.12970662117004395 -0.2837108075618744 0.5033530592918396 -0.8161763548851013 0.5860861539840698 -0.5826411247253418 -0.563056230545044,-196.490478515625 -190.8098907470703 1117.530029296875,0.69
3,3785,3,0.9585161209106445,-0.9260928630828857 -0.37687647342681885 -0.017777202650904655 -0.06611618399620056 0.20849396288394928 -0.9757862687110901 0.3714573383331299 -0.9024933576583862 -0.21800243854522705,-106.0700454711914 -241.865234375 1139.6002197265625,0.69
3,3817,3,0.9560546875,-0.9981220364570618 -0.006916363723576069 0.06086469441652298 -0.06103867292404175 0.1959955394268036 -0.9787032008171082 -0.0051601361483335495 -0.9805803298950195 -0.19604964554309845,-75.68714141845703 -269.23822021484375 1284.9256591796875,0.69
3,3864,3,0.9443628787994385,-0.9935368895530701 -0.10981199145317078 0.028738992288708687 -0.04858391359448433 0.18257072567939758 -0.9819916486740112 0.10258755832910538 -0.9770411849021912 -0.18672582507133484,-2.0705044269561768 -268.5554504394531 1437.4805908203125,0.69
3,3916,3,0.9673008918762207,-0.41564181447029114 -0.907982587814331 -0.05300457403063774 -0.09178967028856277 0.09985476732254028 -0.9907591342926025 0.9048848152160645 -0.4069356322288513 -0.12484724819660187,-109.59114837646484 -244.21829223632812 1476.4102783203125,0.69
3,3968,3,0.97412109375,0.40877702832221985 -0.9124109148979187 0.020189296454191208 -0.6298934817314148 -0.298073947429657 -0.717207133769989 0.6604055166244507 0.2804606854915619 -0.6965675950050354,-166.9325714111328 -157.28378295898438 1553.0882568359375,0.69
3,4009,3,0.9186501502990723,0.8813618421554565 -0.47243261337280273 0.0029330458492040634 -0.27978670597076416 -0.5269474983215332 -0.8025245070457458 0.38068434596061707 0.7064938545227051 -0.5966118574142456,-255.1569366455078 -174.2384490966797 1605.45751953125,0.69
3,4028,3,0.9614624977111816,-0.018388403579592705 -0.9967874884605408 0.07795314490795135 0.007363091688603163 -0.07809922844171524 -0.9969184398651123 0.9998038411140442 -0.017757762223482132 0.00877555925399065,-27.737220764160156 -262.5375061035156 1289.2244873046875,0.69
3,4065,3,0.97119140625,0.07203206419944763 -0.9948133826255798 0.07181628793478012 -0.056822460144758224 -0.07597943395376205 -0.9954890012741089 0.9957823753356934 0.06762634217739105 -0.062000714242458344,-89.8227767944336 -209.96762084960938 1200.7174072265625,0.69
3,4100,3,0.97998046875,0.13854393362998962 -0.9893444776535034 0.04475865885615349 -0.05434699356555939 -0.05272139608860016 -0.9971293807029724 0.988864004611969 0.13571372628211975 -0.061072126030921936,-67.29203796386719 -90.53175354003906 1002.147216796875,0.69
3,4185,3,0.96630859375,-0.777914822101593 -0.6123070120811462 0.14116890728473663 -0.08167845010757446 -0.12422076612710953 -0.9888871908187866 0.6230385899543762 -0.780800461769104 0.046620890498161316,66.62134552001953 9.23253059387207 974.373291015625,0.69
3,4202,3,0.9633965492248535,-0.9628182053565979 -0.2511730492115021 0.09946510940790176 -0.09124414622783661 -0.04419694095849991 -0.994847297668457 0.2542748749256134 -0.9669327139854431 0.019635546952486038,64.17901611328125 13.93424129486084 978.9249877929688,0.69
3,4246,3,0.9697265625,-0.9828544855117798 -0.14426659047603607 0.1148221418261528 -0.15703320503234863 0.3285835087299347 -0.9313288331031799 0.09663097560405731 -0.9333916306495667 -0.34560444951057434,5.3785552978515625 16.302696228027344 960.3742065429688,0.69
3,4270,3,0.97314453125,-0.9816631078720093 -0.16293178498744965 0.09894847124814987 -0.1770877242088318 0.5873587131500244 -0.7897149324417114 0.07055142521858215 -0.7927566170692444 -0.6054416298866272,12.617776870727539 30.42976951599121 934.8779907226562,0.69
3,4305,3,0.9736328125,-0.9968716502189636 0.06958788633346558 0.03747530281543732 0.026089251041412354 0.7372874617576599 -0.6750751733779907 -0.07460712641477585 -0.6719855666160583 -0.736796498298645,-13.723592758178711 30.290992736816406 934.2260131835938,0.69
3,4316,3,0.96337890625,-0.9593502879142761 0.28011763095855713 0.03436773270368576 0.19451820850372314 0.7445396780967712 -0.6386104822158813 -0.20447421073913574 -0.6059659719467163 -0.7687622904777527,-22.226146697998047 26.251449584960938 933.9772338867188,0.69
3,4349,3,0.9814453125,-0.6939525604248047 0.7181013226509094 0.052538976073265076 0.4212300777435303 0.4640759825706482 -0.7792295217514038 -0.5839478373527527 -0.5186173319816589 -0.6245325207710266,-43.888309478759766 8.44666576385498 910.214599609375,0.69
3,4412,3,0.98193359375,-0.6409620642662048 0.7673977613449097 -0.01637708954513073 0.4270741939544678 0.33881884813308716 -0.8383373022079468 -0.6377893090248108 -0.5443366169929504 -0.5449058413505554,-37.7375602722168 -73.54326629638672 906.603515625,0.69
3,4515,3,0.97900390625,-0.3694249987602234 0.9291596412658691 -0.013698344118893147 0.033457089215517044 -0.0014322401257231832 -0.9994391202926636 -0.928658127784729 -0.3696761131286621 -0.030557852238416672,66.2496337890625 -173.524658203125 856.2978515625,0.69
3,4528,3,0.978515625,-0.39951804280281067 0.9161627888679504 0.032110437750816345 -0.02340572327375412 0.02482171729207039 -0.9994178414344788 -0.9164265394210815 -0.4000370502471924 0.011526737362146378,81.54058837890625 -177.17510986328125 816.0465698242188,0.69
3,4538,3,0.97900390625,-0.4024558961391449 0.9154335260391235 0.0032761727925390005 0.0491698682308197 0.025190116837620735 -0.9984727501869202 -0.9141179323196411 -0.4016801714897156 -0.055149663239717484,104.6671142578125 -154.03219604492188 787.7001342773438,0.69
3,4604,3,0.97802734375,0.34668847918510437 0.9165372252464294 0.1994156390428543 0.1682133674621582 0.14840209484100342 -0.9745158553123474 -0.9227737188339233 0.37139779329299927 -0.10272452235221863,55.27281188964844 -158.34585571289062 946.4103393554688,0.69
3,4632,3,0.9521715641021729,0.7908324003219604 0.5708350539207458 0.2207518368959427 0.2047818899154663 0.09310176223516464 -0.9743697643280029 -0.5767568349838257 0.8157691359519958 -0.043268803507089615,69.28412628173828 -153.58258056640625 977.657958984375,0.69
3,4710,3,0.9483158588409424,0.9973715543746948 -0.05843021720647812 0.04284905642271042 0.0446934700012207 0.03063277341425419 -0.9985309839248657 0.05703180283308029 0.997821569442749 0.033163703978061676,74.10321807861328 -119.98296356201172 1032.9541015625,0.69
3,4716,3,0.9429259300231934,0.9874138236045837 -0.1526629626750946 0.041329525411129 0.04862497001886368 0.04436613619327545 -0.9978312253952026 0.15049825608730316 0.9872820377349854 0.051230963319540024,80.79646301269531 -116.31855773925781 1029.1590576171875,0.69
3,4745,3,0.9619140625,0.8796544075012207 -0.47560980916023254 0.0018596149748191237 0.05122886598110199 0.09086067974567413 -0.9945451021194458 0.4728464186191559 0.8749512434005737 0.10429094731807709,112.91409301757812 -117.3931655883789 1031.15576171875,0.69
3,4768,3,0.967803955078125,0.529320478439331 -0.8483797907829285 -0.008460485376417637 0.10792488604784012 0.07722073793411255 -0.9911555051803589 0.8415295481681824 0.5237258076667786 0.13243581354618073,138.36402893066406 -131.95358276367188 1091.9337158203125,0.69
3,4819,3,0.97509765625,0.21587581932544708 -0.9676811099052429 0.13034938275814056 -0.17232128977775574 -0.16915906965732574 -0.9704074263572693 0.9610947370529175 0.1870255321264267 -0.20326939225196838,114.7450942993164 -233.02679443359375 1283.090087890625,0.69
3,4855,3,0.97998046875,0.03516748547554016 -0.9702425003051758 0.23956799507141113 -0.3784347176551819 -0.23479367792606354 -0.8953542113304138 0.9249597191810608 -0.059173498302698135 -0.37543049454689026,134.0469207763672 -216.9099884033203 1291.5333251953125,0.69
3,4875,3,0.9614443778991699,0.05192509666085243 -0.9851072430610657 -0.16391320526599884 -0.15311191976070404 0.154340922832489 -0.9760817885398865 0.9868437647819519 0.07578020542860031 -0.14281748235225677,101.02232360839844 -260.152099609375 1370.279296875,0.69
3,4925,3,0.98046875,0.08249655365943909 -0.9889650940895081 0.12305457144975662 -0.7821307182312012 -0.14077122509479523 -0.6070049405097961 0.6176292896270752 -0.046168942004442215 -0.7851130366325378,151.11170959472656 -186.16468811035156 1237.5257568359375,0.69
3,4938,3,0.98095703125,0.060230448842048645 -0.9807962775230408 0.18550217151641846 -0.4839814603328705 -0.19122830033302307 -0.8539283871650696 0.8730030059814453 -0.038347117602825165 -0.48620492219924927,186.4705047607422 -174.57229614257812 1176.2835693359375,0.69
3,4974,3,0.9453904628753662,0.9933499693870544 -0.11016196757555008 -0.03346913680434227 -0.037262845784425735 -0.03256035968661308 -0.9987748861312866 0.10893724113702774 0.9933801889419556 -0.036448776721954346,532.4638671875 -180.09730529785156 1551.6085205078125,0.69
3,5005,3,0.9482672214508057,0.999046266078949 -0.030598554760217667 -0.031148111447691917 -0.039832450449466705 -0.34649619460105896 -0.9372053146362305 0.017884429544210434 0.9375522136688232 -0.34738457202911377,514.30126953125 -123.18081665039062 1583.3104248046875,0.69
3,5075,3,0.9459271430969238,0.931381106376648 -0.31432443857192993 -0.18365566432476044 -0.36358508467674255 -0.7777868509292603 -0.5126924514770508 0.018306799232959747 0.5442864894866943 -0.8386996388435364,458.9727783203125 -47.10795974731445 1452.1456298828125,0.69
3,5170,3,0.9702291488647461,0.5950961709022522 -0.7675032615661621 -0.2383260875940323 -0.5415318012237549 -0.16384217143058777 -0.8245599269866943 0.5938045382499695 0.6197536587715149 -0.5131292939186096,240.55038452148438 -125.91727447509766 1474.4354248046875,0.69
3,5222,3,0.9638845920562744,0.4254385828971863 -0.8925461769104004 -0.14954349398612976 -0.2033374011516571 0.06674297153949738 -0.9768312573432922 0.8818479776382446 0.4459894895553589 -0.15309299528598785,110.7872085571289 -148.14027404785156 1567.6446533203125,0.69
3,5238,3,0.9673161506652832,0.248287633061409 -0.9633046388626099 -0.10196781158447266 -0.15851260721683502 0.06344190239906311 -0.9853165745735168 0.9556291699409485 0.2608051002025604 -0.13694408535957336,81.71617126464844 -163.23037719726562 1574.585205078125,0.69
3,5301,3,0.96630859375,0.0528738908469677 -0.9941942095756531 -0.09371402859687805 -0.13233831524848938 0.08604144304990768 -0.9874631762504578 0.9897933602333069 0.064612977206707 -0.12702064216136932,-89.42071533203125 -167.27915954589844 1522.0743408203125,0.69
3,5322,3,0.9663248062133789,-0.06551801413297653 -0.994225025177002 -0.08499355614185333 -0.12982551753520966 0.09294583648443222 -0.9871708750724792 0.9893698692321777 -0.05364314466714859 -0.13516540825366974,-161.083740234375 -164.96389770507812 1534.2890625,0.69
3,5353,3,0.9624719619750977,0.15156182646751404 -0.983548641204834 -0.09829054027795792 -0.17765402793884277 0.07071477174758911 -0.9815489649772644 0.9723518490791321 0.1662270873785019 -0.16401371359825134,-243.49046325683594 -157.6545867919922 1533.2491455078125,0.69
3,5385,3,0.9697551727294922,0.18046878278255463 -0.9832392334938049 -0.02591703087091446 -0.38120314478874207 -0.04562917351722717 -0.9233645796775818 0.9067056775093079 0.17651812732219696 -0.38304850459098816,-269.0286865234375 -156.78858947753906 1476.10595703125,0.69
3,5433,3,0.9702291488647461,0.1812243014574051 -0.9833691716194153 -0.011954239569604397 -0.5869802832603455 -0.09840524196624756 -0.8035985231399536 0.7890576720237732 0.152648463845253 -0.5950517058372498,-247.9578857421875 -129.64231872558594 1461.80908203125,0.69
3,5455,3,0.9687650203704834,0.10347730666399002 -0.9936215281486511 -0.044816888868808746 -0.7703765630722046 -0.05156422406435013 -0.6355006098747253 0.6291362047195435 0.10028576850891113 -0.7707985639572144,-233.1740264892578 -94.296875 1391.2996826171875,0.69
3,5531,3,0.9609925746917725,-0.10827743262052536 -0.9935122728347778 -0.03477469086647034 -0.9533007740974426 0.11368876695632935 -0.2798079252243042 0.2819461226463318 0.0028538648039102554 -0.9594259858131409,-134.97434997558594 8.084626197814941 1219.9478759765625,0.69
3,5591,3,0.9585356712341309,-0.46051260828971863 -0.8849572539329529 0.06912819296121597 -0.8859539031982422 0.4534185826778412 -0.09745389968156815 0.05489853024482727 -0.10612314194440842 -0.9928363561630249,-59.592079162597656 22.453611373901367 1129.9788818359375,0.69
3,5608,3,0.9433867931365967,-0.707290768623352 -0.7018082737922668 0.08488200604915619 -0.7052383422851562 0.7087844610214233 -0.01623127982020378 -0.048771802335977554 -0.07134228199720383 -0.9962587356567383,-62.303836822509766 14.008971214294434 1107.1268310546875,0.69
3,5633,3,0.9546117782592773,-0.9300908446311951 -0.3475356698036194 0.11895368993282318 -0.3367169201374054 0.9360613226890564 0.10203421115875244 -0.146808460354805 0.0548473596572876 -0.9876432418823242,-50.95286178588867 17.87228775024414 1098.5037841796875,0.69
3,5675,3,0.9541237354278564,-0.9922357201576233 0.03814791887998581 0.11837676167488098 0.03974088653922081 0.9991481304168701 0.011124718934297562 -0.11785152554512024 0.015742739662528038 -0.9929065108299255,-20.740026473999023 15.192455291748047 1066.490478515625,0.69
3,5708,3,0.9560546875,-0.9943130612373352 0.0639534592628479 0.0851556807756424 0.035076480358839035 0.9516594409942627 -0.30514588952064514 -0.10055435448884964 -0.30042359232902527 -0.9484906196594238,0.07689882069826126 -2.6741700172424316 1029.10986328125,0.69
3,5722,3,0.9570519924163818,-0.9915407299995422 0.0928303673863411 0.09071681648492813 0.04579470679163933 0.9041745662689209 -0.4247012436389923 -0.12144901603460312 -0.4169542193412781 -0.9007770419120789,15.778072357177736 -4.235775947570801 1050.2401123046875,0.69
3,5766,3,0.9677889347076416,-0.9895439147949219 0.143180713057518 0.017382729798555374 0.05574382096529007 0.4908125400543213 -0.8694800734519958 -0.1330244541168213 -0.8594197630882263 -0.4936619997024536,14.977383613586426 -61.39679718017578 1090.3045654296875,0.69
3,5853,3,0.9736328125,-0.5413965582847595 0.8270133137702942 -0.15145574510097504 0.1502191573381424 -0.08209288120269775 -0.9852385520935059 -0.8272387981414795 -0.5561562776565552 -0.07978843152523041,-8.908875465393066 -37.2711181640625 1091.3717041015625,0.69
3,5903,3,0.97509765625,-0.4050731360912323 0.9023186564445496 -0.14743372797966003 0.3135659694671631 -0.014368461444973946 -0.9494577050209045 -0.8588318228721619 -0.4308300316333771 -0.27711617946624756,73.86029052734375 11.57695198059082 1203.6552734375,0.69
3,5990,3,0.9614801406860352,-0.13644038140773773 0.9807687997817993 -0.139558345079422 0.9401552677154541 0.08379286527633667 -0.3302828371524811 -0.31223708391189575 -0.17627042531967163 -0.9335077404975891,39.20575714111328 172.9630889892578 1196.9842529296875,0.69
3,6017,3,0.9473884105682373,0.24270854890346527 0.9646329879760742 -0.10283853858709335 0.9625316858291626 -0.25267356634140015 -0.09843190759420395 -0.12093524634838104 -0.07509508728981018 -0.9898158311843872,32.28638458251953 217.78573608398438 1190.0018310546875,0.69
3,6051,3,0.970703125,0.7598910331726074 0.6331617832183838 -0.14721353352069855 0.6147534847259521 -0.773568868637085 -0.153848335146904 -0.21129068732261658 0.026407932862639427 -0.9770664572715759,77.93045043945312 212.91641235351562 1176.9837646484375,0.69
