scene_id,im_id,obj_id,score,R,t,time
2,3,5,0.9765625,-0.47430092096328735 -0.8803198337554932 0.008699443191289902 -0.8421998620033264 0.45084038376808167 -0.2957064211368561 0.2563941180706024 -0.14758050441741943 -0.9552392959594727,9.002382278442383 -63.3420066833496 787.7886962890625,0.69
2,13,5,0.9765625,-0.4137691259384155 0.9103255867958069 -0.01012914814054966 0.8626213073730469 0.38848116993904114 -0.3239860236644745 -0.29099777340888977 -0.14279302954673767 -0.9460076689720154,57.96853256225586 -25.6885929107666 773.2312622070312,0.69
2,24,5,0.9765625,-0.9682339429855347 0.24484017491340637 -0.050757430493831635 0.24892611801624298 0.9246380925178528 -0.2882363796234131 -0.023639606311917305 -0.2917151153087616 -0.9562129974365234,57.1049919128418 40.975257873535156 750.9014892578125,0.69
2,36,5,0.98046875,-0.6823737621307373 -0.730964183807373 0.0075769140385091305 -0.696998119354248 0.6474711298942566 -0.30817973613739014 0.22036249935626984 -0.21557484567165375 -0.9512979984283447,-6.983691692352295 78.770263671875 739.513427734375,0.69
2,55,5,0.97314453125,-0.7840409874916077 0.6207087635993958 0.000630460272077471 0.5969072580337524 0.754254162311554 -0.2735002934932709 -0.17023953795433044 -0.21405911445617676 -0.9618717432022095,-83.62911224365234 1.8359699249267578 762.4075317382812,0.69
2,65,5,0.9712052345275879,-0.9853569865226746 -0.17009973526000977 0.011733563616871834 -0.16564442217350006 0.9386915564537048 -0.30235764384269714 0.04041676223278046 -0.29987382888793945 -0.9531223177909851,-53.13629150390625 -50.80491256713867 777.7169799804688,0.69
2,76,5,0.9794921875,-0.42944955825805664 -0.9030176401138306 -0.01150303054600954 -0.8014078140258789 0.38693681359291077 -0.4560980200767517 0.416315495967865 -0.18665248155593872 -0.8898552060127258,12.098358154296875 -67.94308471679688 794.4754638671875,0.69
2,92,5,0.98486328125,-0.7962408065795898 0.604979395866394 -0.0006097964942455292 0.5326818823814392 0.7006081938743591 -0.47476112842559814 -0.28679347038269043 -0.37834903597831726 -0.8801144957542419,65.8376693725586 3.0882325172424316 761.8805541992188,0.69
2,106,5,0.9819421768188477,-0.8268922567367554 -0.5622215867042542 0.012492094188928604 -0.507289469242096 0.7361451983451843 -0.4480486810207367 0.24270664155483246 -0.37682509422302246 -0.8939218521118164,9.468188285827637 60.772850036621094 731.9146728515625,0.69
2,117,5,0.9833984375,0.02132387086749077 0.9997709393501282 -0.0018669657874852419 0.8700825572013855 -0.019477510824799538 -0.49252113699913025 -0.4924446940422058 0.008878037333488464 -0.8702985048294067,-58.110557556152344 46.11928939819336 739.4373779296875,0.69
2,122,5,0.980478048324585,-0.4527598023414612 0.8910861015319824 0.031210390850901604 0.781355082988739 0.4133814871311188 -0.46754685044288635 -0.42952626943588257 -0.18730002641677856 -0.8834171891212463,-77.9052734375 22.999971389770508 755.3225708007812,0.69
2,130,5,0.97998046875,-0.8896278142929077 0.45668476819992065 -0.0011734440922737122 0.40182340145111084 0.7815309762954712 -0.4772287607192993 -0.2170259952545166 -0.4250274896621704 -0.878778338432312,-80.88289642333984 -22.951915740966797 773.67578125,0.69
2,142,5,0.9785258769989014,-0.8202478289604187 -0.571727991104126 0.017908206209540367 -0.5098205208778381 0.7165170311927795 -0.4761159420013428 0.25937724113464355 -0.3996630311012268 -0.8792002201080322,-26.7042236328125 -69.03857421875 799.0046997070312,0.69
2,145,5,0.9770617485046387,-0.670150876045227 -0.7415003180503845 -0.03278861939907074 -0.5605443716049194 0.5345745086669922 -0.6324713826179504 0.4865056574344635 -0.4054717719554901 -0.773889422416687,-9.567825317382812 -73.43647766113281 813.1312866210938,0.69
2,153,5,0.97802734375,-0.06868516653776169 -0.9951969385147095 0.06975210458040237 -0.7716090679168701 0.00867478922009468 -0.6360378265380859 0.6323778629302979 -0.09750772267580032 -0.7684988379478455,38.55153274536133 -59.44215393066406 800.233154296875,0.69
2,166,5,0.98388671875,-0.8815200328826904 0.4718145728111267 -0.017703119665384293 0.37417957186698914 0.6752529740333557 -0.6356279850006104 -0.2879444360733032 -0.5669429302215576 -0.771792471408844,64.71217346191406 0.7401030659675598 758.5698852539062,0.69
2,178,5,0.9834063053131104,-0.845414400100708 -0.5332409739494324 0.03047061152756214 -0.4287051558494568 0.6434414982795715 -0.6341883540153503 0.3185691833496094 -0.5492148995399475 -0.7725778818130493,13.069348335266113 43.47748565673828 727.6320190429688,0.69
2,191,5,0.982421875,-0.11412140727043152 0.9932270646095276 -0.021822776645421982 0.7728621959686279 0.07495656609535217 -0.6301314234733582 -0.6242278814315796 -0.08877748996019363 -0.776181697845459,-64.54690551757812 25.113943099975586 736.2128295898438,0.69
2,201,5,0.98046875,-0.8303840756416321 0.5570499300956726 -0.012559293769299984 0.4425828158855438 0.6457213759422302 -0.6222253441810608 -0.3385007381439209 -0.5222445130348206 -0.7827374339103699,-82.5006103515625 -23.750755310058594 776.12255859375,0.69
2,209,5,0.97802734375,-0.9931208491325378 -0.10623764991760254 0.04923879727721214 -0.11384710669517517 0.777733564376831 -0.6181983947753906 0.0273812897503376 -0.619551420211792 -0.7844783067703247,-57.381404876708984 -58.96617889404297 801.2994384765625,0.69
2,214,5,0.98388671875,-0.8403510451316833 -0.5417637228965759 0.017387116327881813 -0.4285576045513153 0.6444282531738281 -0.633285641670227 0.3318863809108734 -0.5396336317062378 -0.7737228274345398,-29.328447341918945 -71.3673095703125 811.2371826171875,0.69
2,235,5,0.984375,-0.7428613305091858 0.6685409545898438 0.03478243201971054 0.4163655638694763 0.5020882487297058 -0.7579888105392456 -0.524210512638092 -0.5485983490943909 -0.6513394713401794,67.06346130371094 -20.987577438354492 771.225830078125,0.69
2,255,5,0.982421875,-0.5177480578422546 -0.855200469493866 0.023854127153754234 -0.5845788717269897 0.33327749371528625 -0.7397253513336182 0.6246634125709534 -0.3969360291957855 -0.6724859476089478,-22.65231704711914 27.07839012145996 720.0330810546875,0.69
2,276,5,0.978515625,-0.9673593640327454 0.2534087598323822 0.00021676576579920948 0.16837690770626068 0.6433987617492676 -0.7467847466468811 -0.18938124179840088 -0.7223727107048035 -0.6650658845901489,-74.48941040039062 -45.44499588012695 793.1901245117188,0.69
2,286,5,0.9814453125,-0.819811999797821 -0.5726324319839478 0.0004858151078224182 -0.3913579285144806 0.5596697926521301 -0.7304852604866028 0.4180276095867157 -0.599050760269165 -0.6829283833503723,-25.273048400878906 -72.80860137939453 823.7476196289062,0.69
2,295,5,0.9421062469482422,-0.26188474893569946 -0.96509850025177 -0.0012068537762388587 -0.511775016784668 0.13993291556835175 -0.8476468324661255 0.8182315230369568 -0.22136813402175903 -0.5305594801902771,28.543821334838867 -65.86882019042969 838.8637084960938,0.69
2,316,5,0.9785258769989014,-0.9979668855667114 0.0022084135562181473 0.06369538605213165 -0.05271159112453461 0.5331752896308899 -0.8443610072135925 -0.03582550212740898 -0.8460018038749695 -0.5319749712944031,46.80133819580078 -1.723982334136963 731.06982421875,0.69
2,327,5,0.982421875,-0.5465870499610901 -0.837314248085022 -0.012140068225562572 -0.44722408056259155 0.3041369318962097 -0.8411250114440918 0.7079782485961914 -0.45431870222091675 -0.5407044291496277,-18.387046813964844 8.66002082824707 715.4303588867188,0.69
2,338,5,0.9794921875,-0.3691531717777252 0.9287636280059814 0.03352869674563408 0.4282430410385132 0.2020096331834793 -0.8807951211929321 -0.8248235583305359 -0.3107898533344269 -0.47230902314186096,-74.54467010498047 -13.963055610656738 752.2279663085938,0.69
2,348,5,0.9697411060333252,-0.9555497765541077 0.29334384202957153 0.02956380695104599 0.12780466675758362 0.5024930834770203 -0.8550829291343689 -0.26568886637687683 -0.8132959008216858 -0.5176478624343872,-75.71019744873047 -47.502323150634766 799.4181518554688,0.69
2,358,5,0.96484375,-0.8510710000991821 -0.5245762467384338 0.022314520552754402 -0.30038437247276306 0.4516049325466156 -0.8401322364807129 0.43063610792160034 -0.7217150926589966 -0.541922390460968,-28.408504486083984 -69.77072143554688 834.263671875,0.69
2,399,5,0.97900390625,-0.49810686707496643 -0.8670910000801086 -0.006543190684169531 -0.30175095796585083 0.18040747940540314 -0.9361621737480164 0.8129181861877441 -0.4643343687057495 -0.3515077233314514,-20.88674545288086 -9.723087310791016 717.4446411132812,0.69
2,416,5,0.9678184986114502,-0.8070477843284607 0.5897083282470703 0.030297404155135155 0.1980430632829666 0.3186565041542053 -0.9269503355026245 -0.5562848448753357 -0.742093026638031 -0.37395867705345154,-81.6878890991211 -42.19801712036133 790.9782104492188,0.69
2,423,5,0.9404585361480713,-0.9998498558998108 -0.016441205516457558 0.005467057228088379 -0.010270761325955391 0.3082963824272156 -0.9512348771095276 0.013953969813883305 -0.9511482119560242 -0.30841898918151855,-62.607547760009766 -55.90264129638672 820.102294921875,0.69
2,434,5,0.49109554290771484,-0.6831498742103577 -0.7270950078964233 0.06811162084341049 -0.21913649141788483 0.11513105034828186 -0.9688776731491089 0.6966243982315063 -0.6768143177032471 -0.2379847764968872,2.0194926261901855 -58.82250213623047 865.3267822265625,0.69
3,5,5,0.9775390625,0.9912815690040588 -0.021167555823922157 -0.13004884123802185 0.12060018628835678 -0.25177809596061707 0.9602412581443787 -0.05306942015886307 -0.9675533771514893 -0.24703019857406616,62.926212310791016 77.0431900024414 743.2256469726562,0.69
3,10,5,0.9853515625,0.8146145939826965 -0.08743858337402344 -0.5733737945556641 0.5422865748405457 -0.23584406077861786 0.8064135909080505 -0.20573846995830536 -0.9678491950035095 -0.14470525085926056,24.62493324279785 97.52503967285156 730.7898559570312,0.69
3,16,5,0.9814453125,0.43908318877220154 -0.04555431380867958 -0.897290825843811 0.8560141921043396 -0.28208601474761963 0.43320581316947937 -0.27284759283065796 -0.9583070278167725 -0.08486408740282059,-28.60011100769043 102.4489517211914 737.8504638671875,0.69
3,24,5,0.97998046875,-0.2628793716430664 -0.05134052783250809 -0.963461697101593 0.9226719737052917 -0.305328905582428 -0.2354796975851059 -0.28208309412002563 -0.9508618712425232 0.1276351362466812,-89.03150177001953 66.88187408447266 748.9765014648438,0.69
3,34,5,0.984375,-0.8634145855903625 0.030753182247281075 -0.5035567879676819 0.47158804535865784 -0.30538713932037354 -0.8272504806518555 -0.17922036349773407 -0.9517315030097961 0.2491728812456131,-109.3665771484375 -14.820902824401855 774.2220458984375,0.69
3,41,5,0.9770722389221191,-0.9909257888793945 0.026408974081277847 0.13179071247577667 -0.13319890201091766 -0.32430678606033325 -0.9365271925926208 0.01800791174173355 -0.9455833435058594 0.32488158345222473,-79.15152740478516 -66.93545532226562 789.2022705078125,0.69
3,46,5,0.98046875,-0.8293721079826355 0.038086410611867905 0.5573968887329102 -0.5426622033119202 -0.29221823811531067 -0.7874809503555298 0.13288918137550354 -0.9555929899215698 0.2630257308483124,-40.11741256713867 -88.41334533691406 792.6470336914062,0.69
3,55,5,0.97802734375,-0.18206651508808136 0.02033073827624321 0.9830759167671204 -0.9441246390342712 -0.2829616665840149 -0.16900081932544708 0.2747369408607483 -0.9589155912399292 0.07071259617805481,38.11727523803711 -82.53572845458984 792.172607421875,0.69
3,69,5,0.98583984375,0.8569462895393372 0.0034210963640362024 0.515394389629364 -0.4962185025215149 -0.26483088731765747 0.8268202543258667 0.13932101428508759 -0.9642888307571411 -0.22524823248386383,94.00238800048828 16.215662002563477 758.5872802734375,0.69
3,79,5,0.98486328125,0.9672682881355286 0.004714168608188629 -0.2537120580673218 0.23200350999832153 -0.4214456379413605 0.8766743540763855 -0.10279306769371033 -0.9068413376808167 -0.4087446928024292,52.19953536987305 70.71315002441406 731.6041870117188,0.69
3,88,5,0.9833984375,0.4681609869003296 -0.05130259692668915 -0.8821526765823364 0.7933276295661926 -0.4152747094631195 0.4451720416545868 -0.3891741931438446 -0.9082483053207397 -0.15371564030647278,-23.668865203857422 86.26237487792969 720.5436401367188,0.69
3,101,5,0.98681640625,-0.5793755650520325 0.004926223307847977 -0.8150458335876465 0.7080193758010864 -0.4923390746116638 -0.5062715411186218 -0.40377289056777954 -0.8703895807266235 0.28176137804985046,-106.28652954101562 20.561172485351562 751.9822998046875,0.69
3,109,5,0.9721813201904297,-0.9633597731590271 0.02048478275537491 -0.2674289643764496 0.22741159796714783 -0.4662573039531708 -0.8549198508262634 -0.14220358431339264 -0.8844118118286133 0.44451507925987244,-101.670654296875 -42.407142639160156 789.5264282226562,0.69
3,117,5,0.9697411060333252,-0.8955616354942322 0.0021830082405358553 0.4449319839477539 -0.39741602540016174 -0.45358753204345703 -0.7976958751678467 0.2000742107629776 -0.8912090063095093 0.4070831835269928,-52.68060302734375 -87.7330551147461 809.7626342773438,0.69
3,144,5,0.9819421768188477,0.9395102858543396 0.034745994955301285 0.34075382351875305 -0.2532752752304077 -0.5992705821990967 0.7594250440597534 0.23059073090553284 -0.7997921109199524 -0.5542205572128296,91.85144805908203 10.949238777160645 756.9091796875,0.69
3,154,5,0.98388671875,0.8889339566230774 0.017740368843078613 -0.45769166946411133 0.373992383480072 -0.6050044894218445 0.7029219269752502 -0.26443547010421753 -0.7960243225097656 -0.5444438457489014,33.84376907348633 62.66345214843751 718.335205078125,0.69
3,190,5,0.9570519924163818,-0.8777797818183899 0.028057219460606575 0.47824206948280334 -0.39350590109825134 -0.6115937232971191 -0.6863718032836914 0.2732321619987488 -0.7906743288040161 0.5478852987289429,-48.56029510498047 -90.13287353515625 829.131591796875,0.69
3,203,5,0.9673161506652832,0.062376562505960464 0.02066989429295063 0.9978386163711548 -0.8239011764526367 -0.5632018446922302 0.06316998600959778 0.5632902383804321 -0.8260607719421387 -0.018100645393133163,62.219783782958984 -76.12178802490234 826.5864868164062,0.69
3,216,5,0.9819421768188477,0.9375039339065552 0.038810014724731445 0.3458036184310913 -0.2129550278186798 -0.7219459414482117 0.6583647727966309 0.2752026617527008 -0.6908602118492126 -0.6685623526573181,90.59412384033203 1.5829814672470093 753.1616821289062,0.69
3,238,5,0.97900390625,-0.018503792583942413 -0.0022484443616122007 -0.999826192855835 0.6791719794273376 -0.7338979244232178 -0.010919026099145412 -0.7337458729743958 -0.679256021976471 0.01510697789490223,-71.30467224121094 30.869653701782227 709.9921264648438,0.69
3,269,5,0.9428987503051758,-0.40638479590415955 0.03471364825963974 0.9130423665046692 -0.6311324834823608 -0.7332438230514526 -0.25303220748901367 0.6606989502906799 -0.6790791749954224 0.31988805532455444,17.184274673461914 -89.70818328857422 845.2515869140625,0.69
3,281,5,0.9814453125,0.5693683624267578 0.034939154982566833 0.8213396668434143 -0.5753020644187927 -0.6967484354972839 0.4284495413303375 0.5872368216514587 -0.7164640426635742 -0.3766059875488281,91.90352630615234 -41.1937141418457 799.5291137695312,0.69
3,292,5,0.9794921875,0.9992489218711853 0.01244224701076746 0.036697182804346085 -0.010795258916914463 -0.8201628923416138 0.5720281004905701 0.037214986979961395 -0.5719946026802063 -0.8194126486778259,76.52969360351562 4.747435092926025 732.3720703125,0.69
3,307,5,0.97705078125,0.3048456311225891 -0.007815955206751823 -0.9523696899414062 0.5151758790016174 -0.8396906852722168 0.17179474234580994 -0.8010386824607849 -0.5430088043212891 -0.2519494295120239,-43.85533905029297 21.35899543762207 695.0718383789062,0.69
3,318,5,0.97607421875,-0.6257721781730652 -0.01170056127011776 -0.7799181938171387 0.4055297076702118 -0.8590078353881836 -0.31249210238456726 -0.6662994623184204 -0.5118288397789001 0.5422880053520203,-106.8734130859375 -18.771610260009766 763.31591796875,0.69
3,335,5,0.004349872469902039,0.23127588629722595 0.6136226058006287 0.7549694180488586 -0.9479683637619019 0.3166457712650299 0.033036086708307266 -0.21878616511821747 -0.7233275771141052 0.6549273729324341,-223.22274780273438 -234.58297729492188 826.45556640625,0.69
3,354,5,0.9702291488647461,0.590360701084137 0.05563070997595787 0.8052201867103577 -0.44599637389183044 -0.8090047240257263 0.38288193941116333 0.6727268695831299 -0.5851637125015259 -0.45279353857040405,92.77938079833984 -41.34218215942383 799.6594848632812,0.69
3,428,5,0.97216796875,0.7788504958152771 0.04132736101746559 0.6258465647697449 -0.23699891567230225 -0.9044581651687622 0.35466450452804565 0.5807094573974609 -0.42455559968948364 -0.6946431398391724,96.91584014892578 -34.71873474121094 793.2268676757812,0.69
3,459,5,0.97509765625,-0.41959309577941895 0.0445096455514431 -0.9066203832626343 0.18458235263824463 -0.9737446308135986 -0.13323162496089935 -0.8887468576431274 -0.2232491821050644 0.4003608226776123,-97.02540588378906 -32.61721420288086 749.2760620117188,0.69
3,466,5,0.9212944507598877,-0.8428710699081421 0.09683839231729507 -0.5293303728103638 0.034953948110342026 -0.9717441201210022 -0.23343423008918762 -0.5369790196418762 -0.21525713801383972 0.8156701922416687,-112.2674789428711 -46.66392517089844 829.7531127929688,0.69
3,493,5,0.8134765625,0.30120179057121277 0.04532301053404808 0.9524827003479004 -0.22480620443820953 -0.9673391580581665 0.11711997538805008 0.9266819953918457 -0.2494007796049118 -0.2811754047870636,79.45938110351562 -53.81669998168945 871.4302368164062,0.69
4,0,5,0.97998046875,-0.8565160036087036 0.5160171985626221 -0.010322091169655323 0.4996238946914673 0.8239578008651733 -0.2673377990722656 -0.12944594025611877 -0.23413625359535217 -0.9635475873947144,-69.88125610351562 68.27814483642578 743.1543579101562,0.69
4,10,5,0.97802734375,-0.9445921778678894 -0.3276338577270508 -0.02004147693514824 -0.30877038836479187 0.9076071381568909 -0.28444698452949524 0.11138425022363663 -0.2624981701374054 -0.9584822654724121,-97.72029876708984 1.059538722038269 762.5487060546875,0.69
4,25,5,0.9726693630218506,-0.0789635181427002 0.9959742426872253 -0.04242493212223053 0.9474363923072815 0.06174301728606224 -0.31392988562583923 -0.31004664301872253 -0.06498393416404724 -0.9484978318214417,-27.617795944213867 -78.13699340820312 784.7538452148438,0.69
4,36,5,0.98095703125,-0.8591147065162659 0.511407196521759 -0.019609859213232994 0.49429136514663696 0.8192107677459717 -0.29080870747566223 -0.13265705108642578 -0.2595309913158417 -0.9565802812576294,52.61903381347656 -57.33119201660156 781.7659912109375,0.69
4,47,5,0.9790139198303223,-0.9066727757453918 -0.42183077335357666 -0.0018126220675185323 -0.40174880623817444 0.8648033738136292 -0.30118614435195923 0.12861715257167816 -0.2723490595817566 -0.9535636305809021,80.4900894165039 17.642253875732422 759.967529296875,0.69
4,58,5,0.97509765625,-0.214313805103302 -0.9753907918930054 0.051791734993457794 -0.9448666572570801 0.19358336925506592 -0.2641068994998932 0.24758142232894897 -0.10553804785013199 -0.963101863861084,32.31904983520508 81.83284759521484 738.506591796875,0.69
4,66,5,0.98046875,-0.5357766151428223 0.8440462946891785 -0.02300538867712021 0.814222514629364 0.5092473030090332 -0.2787632346153259 -0.2235736846923828 -0.16808633506298065 -0.9600841999053955,-28.064807891845703 89.38230895996094 736.2916259765625,0.69
4,72,5,0.98193359375,-0.8417506217956543 0.5397467613220215 -0.011373737826943398 0.483417272567749 0.7441895604133606 -0.4609660804271698 -0.24034073948860168 -0.39351674914360046 -0.8873448967933655,-66.8861083984375 55.02165985107422 734.0657958984375,0.69
4,78,5,0.9775390625,-0.997856616973877 0.06535720080137253 0.0032616043463349342 0.05611085891723633 0.8802040219306946 -0.47126683592796326 -0.0336715504527092 -0.47007372975349426 -0.8819846510887146,-92.789306640625 21.086027145385742 750.5720825195312,0.69
4,85,5,0.98046875,-0.8393980264663696 -0.5434957146644592 0.00482426630333066 -0.48163196444511414 0.73968106508255 -0.4700026512145996 0.25187602639198303 -0.3968428671360016 -0.8826517462730408,-94.62081146240234 -27.170246124267578 775.9590454101562,0.69
4,104,5,0.97607421875,-0.5929454565048218 0.8047716617584229 0.02753688022494316 0.6837465763092041 0.5212494730949402 -0.5106756687164307 -0.42533087730407715 -0.2839745283126831 -0.8593323230743408,23.06975746154785 -80.10721588134766 805.59375,0.69
4,115,5,0.9760856628417969,-0.9967540502548218 -0.08044082671403885 0.0032814466394484043 -0.07206685096025467 0.8733387589454651 -0.48175302147865295 0.035886794328689575 -0.48042577505111694 -0.8763009309768677,80.01417541503906 -24.982553482055664 781.13232421875,0.69
4,129,5,0.982421875,-0.29618117213249207 -0.9547284841537476 0.027754411101341248 -0.846624493598938 0.2489709109067917 -0.4703620672225952 0.4421580135822296 -0.16280995309352875 -0.8820369839668274,42.2493896484375 61.176612854003906 733.7269287109375,0.69
4,142,5,0.98388671875,-0.7331797480583191 0.6800339221954346 -0.001066432916559279 0.6031065583229065 0.6495142579078674 -0.4630264639854431 -0.31418105959892273 -0.34012478590011597 -0.886343777179718,-53.7502555847168 63.490303039550774 729.7119750976562,0.69
4,152,5,0.9794921875,-0.9951515197753906 -0.08762957155704498 0.04466020315885544 -0.09617411345243454 0.7719262838363647 -0.628395140171051 0.020591607317328453 -0.6296435594558716 -0.776611328125,-95.44098663330078 0.9151320457458496 756.156494140625,0.69
4,166,5,0.97216796875,-0.2641979157924652 -0.9609499573707581 0.08230992406606674 -0.7454948425292969 0.14932331442832947 -0.6495691537857056 0.6119125485420227 -0.23297645151615143 -0.7558340430259705,-54.94748306274414 -74.04534149169922 810.6973266601562,0.69
4,170,5,0.9721813201904297,-0.08690326660871506 0.9947120547294617 -0.054734352976083755 0.7796790599822998 0.033711109310388565 -0.6252712607383728 -0.6201196312904358 -0.09701334685087204 -0.7784857749938965,-26.65316390991211 -82.67621612548828 815.8760375976562,0.69
4,177,5,0.96630859375,-0.6278119683265686 0.7780354619026184 0.022647669538855553 0.5808498859405518 0.4876709580421448 -0.6517595052719116 -0.5181366205215454 -0.39602747559547424 -0.7580874562263489,27.78289031982422 -80.16539001464844 824.3560180664062,0.69
4,185,5,0.9624881744384766,-0.9770588278770447 0.2129150927066803 0.0048206886276602745 0.1606428176164627 0.7516668438911438 -0.6396803259849548 -0.1398211568593979 -0.6242309212684631 -0.7686259746551514,72.57483673095703 -44.4407844543457 791.1988525390625,0.69
4,193,5,0.98486328125,-0.8530810475349426 -0.5209563374519348 0.029278267174959183 -0.4205043315887451 0.6531988382339478 -0.6296883225440979 0.3089156150817871 -0.5494868755340576 -0.7762959599494934,80.08454895019531 3.4246227741241455 758.328857421875,0.69
4,204,5,0.97998046875,-0.11197574436664581 -0.9920991659164429 0.05657658353447914 -0.7865070104598999 0.05368548631668091 -0.6152436137199402 0.6073453426361084 -0.1133902296423912 -0.7863042950630188,26.288616180419922 52.88817596435547 720.3888549804688,0.69
4,215,5,0.98046875,-0.7634231448173523 0.6456228494644165 -0.01887376978993416 0.5184199213981628 0.5950579643249512 -0.6141228079795837 -0.3852607011795044 -0.47862011194229126 -0.7889848351478577,-56.46306228637695 46.005374908447266 722.6968383789062,0.69
4,222,5,0.9760966300964355,-0.9991369247436523 0.037598755210638046 0.017656560987234116 0.012025173753499985 0.6686815023422241 -0.743451714515686 -0.03975946828722954 -0.7425976991653442 -0.6685565710067749,-91.3377685546875 -2.5649166107177734 747.284912109375,0.69
4,230,5,0.97265625,-0.8004399538040161 -0.599090039730072 -0.019674088805913925 -0.38429877161979675 0.5380947589874268 -0.7501789927482605 0.46001121401786804 -0.5929125547409058 -0.6609420776367188,-91.04310607910156 -44.58823776245117 791.3180541992188,0.69
4,245,5,0.9414346218109131,-0.4013626277446747 0.915859043598175 0.010500989854335785 0.5789417028427124 0.262564092874527 -0.7719368934631348 -0.709742546081543 -0.30374714732170105 -0.635612428188324,1.2461013793945312 -82.08097076416016 833.6575317382812,0.69
4,252,5,0.8947334289550781,-0.8255143761634827 0.5594282150268555 0.07460587471723557 0.361932635307312 0.6261788606643677 -0.6905829310417175 -0.433048278093338 -0.5430838465690613 -0.7193949222564697,48.94043731689453 -67.85826873779297 812.0949096679688,0.69
4,261,5,0.9677734375,-0.976191520690918 -0.2104068249464035 0.05271809548139572 -0.17814196646213531 0.6390125155448914 -0.7482837438583374 0.12375646084547043 -0.7398595213890076 -0.6612808108329773,83.18163299560547 -26.750268936157227 781.6744995117188,0.69
4,270,5,0.98193359375,-0.5436736345291138 -0.8391862511634827 0.01361493207514286 -0.5662717819213867 0.3547940254211426 -0.7439472675323486 0.619479775428772 -0.412174254655838 -0.6680997014045715,61.395381927490234 17.935396194458008 732.2633056640625,0.69
4,297,5,0.9775390625,-0.9863181710243225 -0.16356587409973145 0.020554792135953903 -0.10223369300365448 0.5090811848640442 -0.854625403881073 0.12932349741458893 -0.8450340032577515 -0.5188380479812622,-95.52595520019531 -25.831892013549805 768.048095703125,0.69
4,316,5,0.912682056427002,-0.256528377532959 0.9659366607666016 0.034053873270750046 0.46640530228614807 0.1545710265636444 -0.8709614872932434 -0.8465573191642761 -0.20754343271255493 -0.49016982316970825,-10.743929862976074 -78.32063293457031 857.5924682617188,0.69
4,379,5,0.9419775009155273,-0.46918028593063354 -0.883102297782898 0.00014217334683053195 -0.31637677550315857 0.16793636977672577 -0.9336503744125366 0.8244849443435669 -0.4380953311920166 -0.3581855595111847,-71.20648193359375 -64.83455657958984 863.4029541015625,0.69
4,389,5,0.871755838394165,-0.3192373216152191 0.9452064037322998 -0.06835523992776871 0.3830207288265228 0.06271407008171082 -0.9216084480285645 -0.8668233156204224 -0.32039326429367065 -0.38205429911613464,2.8184127807617188 -64.28947448730469 793.599365234375,0.69
4,488,5,0.9614801406860352,-0.3662298619747162 -0.9304417371749878 0.012404879555106163 -0.19454076886177063 0.06352285295724869 -0.97883540391922 0.9099612832069397 -0.36089202761650085 -0.20427283644676208,52.0645866394043 -26.45167350769043 728.13134765625,0.69
11,4,5,0.9780378341674805,-0.5457786321640015 -0.8377474546432495 0.017459077760577202 -0.8128495812416077 0.524268627166748 -0.2538067400455475 0.20347268879413605 -0.15271389484405518 -0.9670974016189575,35.89784240722656 90.01618194580078 741.9999389648438,0.69
11,12,5,0.9716796875,-0.14469236135482788 0.9875829815864563 -0.06118732690811157 0.9611521363258362 0.12559156119823456 -0.24579088389873505 -0.23505426943302155 -0.0943743959069252 -0.9673897624015808,-23.37431526184082 99.60881805419922 735.9962768554688,0.69
11,23,5,0.9756298065185547,-0.8924795389175415 0.44828909635543823 -0.0501718707382679 0.44411125779151917 0.8537383079528809 -0.2718384563922882 -0.07902858406305313 -0.2648921608924866 -0.9610341787338257,-88.66325378417969 52.14984893798828 753.6044921875,0.69
11,32,5,0.97998046875,-0.952174186706543 -0.30551156401634216 -0.005203210283070803 -0.2911197245121002 0.9122288823127747 -0.28824934363365173 0.0928100198507309 -0.27294883131980896 -0.9575411677360535,-91.34857177734375 -12.693198204040527 772.0218505859375,0.69
11,37,5,0.98046875,-0.7177823781967163 -0.6962671279907227 -0.0007488200790248811 -0.6680604815483093 0.6890062689781189 -0.28100821375846863 0.19617272913455963 -0.20120248198509216 -0.9597050547599792,-70.95521545410156 -44.1923828125 785.810791015625,0.69
11,44,5,0.9746215343475342,-0.210123673081398 -0.9750091433525085 0.0721483826637268 -0.9341645240783691 0.17845486104488373 -0.30901554226875305 0.2884177267551422 -0.13232994079589844 -0.9483164548873901,-23.045621871948242 -67.23819732666016 789.2307739257812,0.69
11,54,5,0.97998046875,-0.6208548545837402 0.7837069034576416 0.018509170040488243 0.7395347952842712 0.5933674573898315 -0.3178099989891052 -0.2600526213645935 -0.1836257129907608 -0.9479737281799316,50.07365417480469 -48.88399124145508 792.8872680664062,0.69
11,61,5,0.9775390625,-0.9540371298789978 0.2953540086746216 -0.05078616365790367 0.297933429479599 0.916418731212616 -0.26723095774650574 -0.03238633647561073 -0.2700791358947754 -0.9622933268547058,78.8638687133789 -4.6625823974609375 774.6041870117188,0.69
11,69,5,0.9765737056732178,-0.9201211929321289 -0.39139795303344727 0.013588204979896545 -0.37948355078697205 0.8824628591537476 -0.2779417634010315 0.0967947468161583 -0.26089662313461304 -0.9605017900466919,72.5354232788086 53.43031692504883 755.0209350585938,0.69
11,92,5,0.98388671875,-0.7216539978981018 0.6917432546615601 -0.026582730934023857 0.6258920431137085 0.6355862617492676 -0.45198363065719604 -0.29576101899147034 -0.3428137004375458 -0.8916299939155579,-73.07089233398438 59.18187713623047 735.1986694335938,0.69
11,99,5,0.9760856628417969,-0.9840167760848999 0.1763411909341812 -0.02479841373860836 0.166631281375885 0.8626832365989685 -0.47750571370124817 -0.0628107562661171 -0.4740058183670044 -0.8782786130905151,-95.53288269042969 16.18328857421875 755.6904907226562,0.69
11,106,5,0.9765737056732178,-0.9041399359703064 -0.4268127679824829 0.019024264067411423 -0.38300758600234985 0.790006160736084 -0.47874370217323303 0.18930460512638092 -0.44013771414756775 -0.8777486085891724,-87.04531860351562 -31.348697662353516 785.340576171875,0.69
11,114,5,0.978515625,-0.4241807162761688 -0.9050813317298889 0.02997969463467598 -0.8195933699607849 0.36961454153060913 -0.4377806782722473 0.3851461112499237 -0.2102692872285843 -0.898581862449646,-41.697105407714844 -67.5815658569336 802.64697265625,0.69
11,138,5,0.9741334915161133,-0.9962425827980042 -0.08479082584381104 0.01764141023159027 -0.08255317807197571 0.8681193590164185 -0.48944246768951416 0.026185384020209312 -0.48905977606773376 -0.8718571662902832,80.57076263427734 16.212549209594727 760.3668212890625,0.69
11,151,5,0.9814453125,-0.28715983033180237 -0.9577810764312744 0.013941486366093159 -0.7421369552612305 0.21325670182704926 -0.6354165077209473 0.6056169867515564 -0.19281259179115295 -0.7720435857772827,16.09650993347168 64.37982177734375 715.407470703125,0.69
11,174,5,0.9707307815551758,-0.9904236793518066 -0.124856136739254 0.05892360582947731 -0.1339435875415802 0.765510082244873 -0.6293278336524963 0.0334688276052475 -0.6311935782432556 -0.7749029397964478,-94.45268249511719 -16.87730598449707 772.6858520507812,0.69
11,185,5,0.97412109375,-0.4497060477733612 -0.8931700587272644 0.0034235850907862186 -0.7219823598861694 0.3612520098686218 -0.590117335319519 0.5258383750915527 -0.2678511142730713 -0.807310163974762,-44.759422302246094 -69.12741088867188 816.4774780273438,0.69
11,193,5,0.970703125,-0.23379871249198914 0.9716004133224487 -0.036480482667684555 0.7579030394554138 0.15861690044403076 -0.6327903866767883 -0.6090329885482788 -0.1755942404270172 -0.7734633088111877,15.347618103027344 -73.57852935791016 827.1668701171875,0.69
11,204,5,0.9794921875,-0.9348649382591248 0.35290586948394775 -0.038537926971912384 0.29933962225914 0.7252609729766846 -0.6199938654899597 -0.1908494085073471 -0.5911464691162109 -0.7836596369743347,77.42611694335938 -28.23653221130371 795.2608032226562,0.69
11,216,5,0.98388671875,-0.7906793355941772 -0.6122076511383057 -0.0052819992415606976 -0.4110181927680969 0.5371934175491333 -0.7365372180938721 0.45375126600265503 -0.580193817615509 -0.6763762831687927,64.31177520751953 23.28189468383789 736.371826171875,0.69
11,226,5,0.97705078125,-0.2692597508430481 -0.9238371849060059 -0.2720736265182495 -0.5899004936218262 0.3815181255340576 -0.7116609215736389 0.761259913444519 -0.031125299632549286 -0.6476994156837463,-2.126793384552002 45.807491302490234 700.771484375,0.69
11,242,5,0.9756088256835938,-0.9717285633087158 0.23603156208992004 0.005708495154976845 0.15210263431072235 0.6443241238594055 -0.7494738698005676 -0.18057763576507568 -0.7274168729782104 -0.6620092391967773,-93.07502746582031 -2.277501344680786 750.6065673828125,0.69
11,251,5,0.9634466171264648,-0.8607915043830872 -0.5087397694587708 0.014890964142978191 -0.3449479341506958 0.5616418719291687 -0.7520434260368347 0.3742310404777527 -0.652489185333252 -0.6589453220367432,-82.12705993652344 -47.183982849121094 806.887451171875,0.69
11,262,5,0.9653487205505371,-0.10504283010959625 -0.9892120957374573 0.10210559517145157 -0.6833231449127197 -0.0028004045598208904 -0.730110764503479 0.7225202918052673 -0.1464640200138092 -0.675657331943512,-10.801360130310059 -74.04840087890625 836.278076171875,0.69
11,281,5,0.9721813201904297,-0.9986473917961121 0.0263044610619545 0.0448489710688591 -0.015911981463432312 0.6665772199630737 -0.7452661395072937 -0.04949912428855896 -0.7449718117713928 -0.6652570962905884,81.76832580566406 -10.284167289733887 764.738525390625,0.69
11,293,5,0.9809660911560059,-0.43162184953689575 -0.9013788104057312 -0.03491123393177986 -0.45685186982154846 0.2518053948879242 -0.8531590700149536 0.7778103947639465 -0.3522928059101105 -0.520481288433075,31.70051383972168 21.32668113708496 708.6038818359375,0.69
11,312,5,0.9741883277893066,-0.9237270951271057 0.38252827525138855 0.020010553300380707 0.1893276572227478 0.5013524889945984 -0.8442752361297607 -0.33299151062965393 -0.7760913968086243 -0.535535991191864,-89.02601623535156 -7.643160343170166 744.0386352539062,0.69
11,331,5,0.9395112991333008,-0.3200399875640869 -0.9472689628601074 -0.016001010313630104 -0.5187022686004639 0.18932950496673584 -0.8337279558181763 0.7927940487861633 -0.2585265040397644 -0.5519435405731201,-30.176931381225586 -69.81465911865234 855.17333984375,0.69
11,354,5,0.9668283462524414,-0.9925370812416077 -0.12022742629051208 0.020380493253469467 -0.08088027685880661 0.5239769220352173 -0.8478835225105286 0.09125994890928268 -0.8432042598724365 -0.5297906398773193,81.09040832519531 -13.201411247253418 761.3355712890625,0.69
11,359,5,0.9814453125,-0.8244120478630066 -0.5657514929771423 0.016438113525509834 -0.3267124891281128 0.45196738839149475 -0.8300508856773376 0.4621730446815491 -0.689674437046051 -0.5574453473091125,67.73020935058594 5.519411087036133 736.1237182617188,0.69
11,368,5,0.9726693630218506,-0.23610885441303253 -0.9716984629631042 -0.007398499641567469 -0.35518911480903625 0.09338779002428055 -0.9301179647445679 0.9044851064682007 -0.21698123216629028 -0.36718636751174927,9.888043403625488 4.182378768920898 701.0408935546875,0.69
11,374,5,0.9746215343475342,-0.26761487126350403 0.9634769558906555 0.009715967811644077 0.3033658564090729 0.0938250795006752 -0.9482435584068298 -0.9145225882530212 -0.25081658363342285 -0.3173949718475342,-35.81724166870117 1.5632262229919434 705.9457397460938,0.69
11,397,5,0.9431490898132324,-0.7488235831260681 -0.6615868210792542 0.03957396000623703 -0.25008338689804077 0.22675399482250214 -0.9412974715232849 0.6137765049934387 -0.7147626280784607 -0.335250586271286,-69.3468246459961 -54.82939147949219 841.3370361328125,0.69
