scene_id,im_id,obj_id,score,R,t,time
7,21,3,0.9707307815551758,-0.8173319697380066 0.5752974152565002 0.03164491802453995 0.5617266893386841 0.8078637719154358 -0.1783798784017563 -0.12818628549575806 -0.1280197948217392 -0.9834527373313904,-28.416637420654297 94.05078125 731.7555541992188,0.69
7,30,3,0.96923828125,-0.8742755055427551 0.48441532254219055 0.031371597200632095 0.46636202931404114 0.8561127185821533 -0.2226601243019104 -0.13471759855747223 -0.1800357848405838 -0.9743912220001221,-82.1090316772461 57.227806091308594 743.0652465820312,0.69
7,39,3,0.9517722129821777,-0.9341452121734619 0.3565193712711334 0.016329767182469368 0.340465247631073 0.9039350152015686 -0.2588144540786743 -0.10703342407941818 -0.23621055483818054 -0.9657889604568481,-92.09989166259766 -4.798692226409912 762.0114135742188,0.69
7,54,3,0.9736328125,-0.9999480247497559 0.007212749682366848 -0.0071999491192400455 0.009031294845044613 0.9544912576675415 -0.2981022298336029 0.0047221495769917965 -0.29815179109573364 -0.9545068740844727,-10.39582633972168 -67.3270492553711 783.8334350585938,0.69
7,81,3,0.9682769775390625,-0.9177111983299255 -0.3972272574901581 -0.004069310147315264 -0.3473481237888336 0.8073622584342957 -0.47698572278022766 0.19275712966918945 -0.4363216757774353 -0.8789016008377075,57.787513732910156 55.705047607421875 730.5863647460938,0.69
7,87,3,0.962925910949707,-0.9965599179267883 -0.08287440985441208 -0.0002763399388641119 -0.0731801986694336 0.8815428018569946 -0.46639782190322876 0.03889605030417442 -0.46477314829826355 -0.8845750093460083,20.841976165771484 78.30024719238281 723.0739135742188,0.69
7,94,3,0.9746215343475342,-0.9988669753074646 0.039276424795389175 0.026873253285884857 0.022024380043148994 0.8820868134498596 -0.47057169675827026 -0.0421869195997715 -0.46944665908813477 -0.8819524049758911,-31.908805847167965 78.69486236572266 720.8762817382812,0.69
7,102,3,0.9741334915161133,-0.996472954750061 0.06876679509878159 0.04809198155999184 0.0394212044775486 0.8895434737205505 -0.455146461725235 -0.07407887279987335 -0.45164528489112854 -0.8891168832778931,-80.28675079345703 47.35332489013672 739.068359375,0.69
7,112,3,0.9692530632019043,-0.9990642070770264 -0.0003878831921610981 0.04324892908334732 -0.018829278647899628 0.9041246771812439 -0.42685362696647644 -0.03893685340881348 -0.42726853489875793 -0.9032859206199646,-91.2690200805664 -17.03260040283203 769.0783081054688,0.69
7,130,3,0.965836763381958,-0.8912308216094971 -0.45350581407546997 -0.006326424889266491 -0.40364620089530945 0.7994529604911804 -0.44490954279899597 0.20682676136493683 -0.39396345615386963 -0.8955531120300293,16.197988510131836 -69.36255645751953 796.508544921875,0.69
7,155,3,0.9682769775390625,-0.7252100706100464 -0.68852698802948 -0.0010220685508102179 -0.5362470149993896 0.5657469630241394 -0.6263941526412964 0.43186745047569275 -0.45371925830841064 -0.7795059084892273,44.407142639160156 50.149314880371094 718.3109741210938,0.69
7,166,3,0.9682769775390625,-0.9310243129730225 -0.36335501074790955 0.03415808826684952 -0.31076163053512573 0.7402125000953674 -0.5962487459182739 0.19136574864387512 -0.5657371282577515 -0.8020727038383484,-34.90888595581055 59.281517028808594 709.4384765625,0.69
7,185,3,0.97412109375,-0.9306895136833191 -0.36469703912734985 0.02851630002260208 -0.31219103932380676 0.7512243390083313 -0.5815485715866089 0.19066689908504486 -0.5501436591148376 -0.8130117058753967,-87.10871124267578 -34.098480224609375 785.3355712890625,0.69
7,198,3,0.97119140625,-0.770623505115509 -0.6372653245925903 0.005672462750226259 -0.5190739631652832 0.6224849820137024 -0.5857256650924683 0.36973169445991516 -0.4543183743953705 -0.8104894757270813,-9.724470138549805 -74.96160125732422 814.6253662109375,0.69
7,207,3,0.9716796875,-0.5992662906646729 -0.8005484938621521 0.001482125953771174 -0.6407684683799744 0.47854840755462646 -0.6003392934799194 0.4798913896083832 -0.36071279644966125 -0.7997441291809082,52.533103942871094 -55.53654861450195 802.8343505859375,0.69
7,219,3,0.97216796875,-0.36503323912620544 -0.9308512806892395 0.016330430284142494 -0.6091091632843018 0.2255229353904724 -0.7603455781936646 0.7040857672691345 -0.287498414516449 -0.6493133902549744,78.7513656616211 -3.319410800933838 759.4614868164062,0.69
7,229,3,0.974609375,-0.5382202863693237 -0.8425214290618896 0.021830245852470398 -0.5743144154548645 0.3476807475090027 -0.7411349415779114 0.6168321371078491 -0.41143131256103516 -0.6710010170936584,35.58509826660156 36.44056701660156 712.912841796875,0.69
7,239,3,0.97265625,-0.7336195111274719 -0.6780185699462891 0.04575124382972717 -0.4890083074569702 0.4799612760543823 -0.7283598184585571 0.471882700920105 -0.556711733341217 -0.6836656928062439,-38.0367546081543 38.591827392578125 704.7965087890625,0.69
7,251,3,0.97314453125,-0.8191865682601929 -0.5719245076179504 0.04284597560763359 -0.4243500530719757 0.5541620850563049 -0.716122567653656 0.38582441210746765 -0.604819655418396 -0.6966582536697388,-93.01436614990234 -7.51337194442749 758.261962890625,0.69
7,270,3,0.96826171875,-0.6471023559570312 -0.7624028921127319 0.0006816508248448372 -0.522473931312561 0.44280707836151123 -0.7286583185195923 0.5552293658256531 -0.4718726873397827 -0.6848770976066589,-12.740187644958496 -73.3460693359375 825.1030883789062,0.69
7,277,3,0.96875,-0.5074694752693176 -0.8616452813148499 0.006475249771028757 -0.5737094283103943 0.33226248621940613 -0.7486381530761719 0.642909049987793 -0.38362592458724976 -0.6629472374916077,37.23415756225586 -64.93476104736328 821.4130249023438,0.69
7,285,3,0.97265625,-0.4231325089931488 -0.9060677289962769 0.0004176445654593408 -0.6015193462371826 0.2805640399456024 -0.7479695081710815 0.6775938272476196 -0.3167414367198944 -0.6637330651283264,74.91585540771484 -33.90829849243164 789.1394653320312,0.69
7,289,3,0.95607590675354,-0.3289959728717804 -0.9443255066871643 0.0033143889158964157 -0.46261683106422424 0.15811052918434143 -0.872345507144928 0.8232540488243103 -0.28853148221969604 -0.48887863755226135,80.16523742675781 -19.175085067749023 768.2466430664062,0.69
7,295,3,0.970703125,-0.3291964530944824 -0.9439707398414612 0.023428838700056076 -0.48983389139175415 0.14950518310070038 -0.8589010238647461 0.8072746992111206 -0.2942233979701996 -0.511605441570282,66.44956970214844 2.843094825744629 735.5032348632812,0.69
7,306,3,0.97509765625,-0.49636930227279663 -0.8669143915176392 0.045573607087135315 -0.4915131628513336 0.23737773299217224 -0.8378942012786865 0.7155643701553345 -0.43830499053001404 -0.5439268350601196,-3.8103930950164795 22.71959114074707 701.8832397460938,0.69
7,314,3,0.97412109375,-0.6526049971580505 -0.7565640211105347 0.041442401707172394 -0.44820839166641235 0.34136438369750977 -0.8261837363243103 0.6109139323234558 -0.5577464699745178 -0.561874508857727,-60.58555221557617 11.707626342773438 717.1972045898438,0.69
7,328,3,0.97216796875,-0.6527703404426575 -0.7565968036651611 0.038108211010694504 -0.437810480594635 0.3357219099998474 -0.8340340256690979 0.6182337403297424 -0.5611168146133423 -0.5503952503204346,-88.2430191040039 -39.620601654052734 791.263427734375,0.69
7,354,3,0.97412109375,-0.35667046904563904 -0.9342043995857239 0.006946368608623743 -0.481277197599411 0.17736409604549408 -0.8584370613098145 0.800723671913147 -0.3095223009586334 -0.5128718018531799,67.51457214355469 -47.38825225830078 812.9869995117188,0.69
7,366,3,0.9624719619750977,-0.29220640659332275 -0.9562450647354126 0.014516291208565235 -0.3501899242401123 0.09286074340343475 -0.9320642948150635 0.8899339437484741 -0.27743861079216003 -0.3620019257068634,72.43120574951172 -15.129996299743652 746.1778564453125,0.69
7,385,3,0.970717191696167,-0.5113762021064758 -0.8582878708839417 0.042853228747844696 -0.36333364248275757 0.17074906826019287 -0.9158785343170166 0.7787702083587646 -0.48392850160598755 -0.3991618752479553,-50.31280517578125 -3.6139872074127197 715.1171264648438,0.69
7,393,3,0.970703125,-0.5810369849205017 -0.8128091096878052 0.04168052598834038 -0.3659886419773102 0.21519878506660461 -0.9053959250450134 0.7269445061683655 -0.5413230657577515 -0.4225173592567444,-89.11370849609375 -22.272884368896484 761.638427734375,0.69
7,399,3,0.9575600624084473,-0.5551168322563171 -0.8306399583816528 0.04338895529508591 -0.3611869812011719 0.19373486936092377 -0.912146270275116 0.7492591142654419 -0.5220193266868591 -0.4075618386268616,-91.30459594726562 -38.58526611328125 792.9964599609375,0.69
7,413,3,0.833932638168335,-0.46203309297561646 -0.8868199586868286 0.008694787509739399 -0.35507211089134216 0.17599080502986908 -0.9181236028671265 0.812680184841156 -0.42729073762893677 -0.39619868993759155,-20.283493041992188 -64.85912322998047 863.597412109375,0.69
9,0,3,0.9712052345275879,-0.7372564077377319 0.6748371720314026 0.03236754238605499 0.6618778109550476 0.7310498356819153 -0.16578255593776703 -0.1355385184288025 -0.10080090165138245 -0.985630989074707,21.93354034423828 85.61524963378906 736.2586059570312,0.69
9,0,3,0.97119140625,-0.29775571823120117 -0.9545470476150513 -0.01347225159406662 0.9233106970787048 -0.2915405333042145 0.25000303983688354 -0.24256739020347595 0.06200077757239342 0.968151330947876,-47.64387130737305 -56.211212158203125 775.8213500976562,0.69
9,0,3,0.9682769775390625,-0.9984313249588013 0.053298477083444595 -0.017151931300759315 0.05598946288228035 0.9487179517745972 -0.3111262321472168 -0.0003102087357547134 -0.3115985095500946 -0.9502138495445251,2.699819326400757 -38.30157470703125 772.8946533203125,0.69
9,11,3,0.97265625,-0.8469919562339783 0.5271766781806946 0.0684778094291687 0.5076517462730408 0.8403198719024658 -0.19013696908950806 -0.1577790528535843 -0.12628160417079926 -0.9793664813041687,-61.674625396728516 75.18993377685547 740.2046508789062,0.69
9,11,3,0.97119140625,-0.9929507970809937 0.11494090408086777 -0.02893773280084133 0.11842851340770721 0.9521151185035706 -0.2818717360496521 -0.00484653702005744 -0.2833118140697479 -0.9590156674385071,36.06739044189453 -11.038313865661621 762.854736328125,0.69
9,11,3,0.970703125,-0.31168031692504883 -0.9498932957649231 0.023627933114767075 0.9200190901756287 -0.2954750955104828 0.257409006357193 -0.23752960562705994 0.1019674763083458 0.9660136103630066,22.186370849609375 -60.61697769165039 781.8458251953125,0.69
9,21,3,0.9736328125,-0.8627212047576904 0.5055841207504272 0.009842632338404655 0.4957536458969116 0.8494637608528137 -0.1806645691394806 -0.09970209747552872 -0.15098361670970917 -0.9834955334663391,33.30389404296875 25.370866775512695 752.2660522460938,0.69
9,21,3,0.9716796875,-0.9326567053794861 0.35999128222465515 0.0236146692186594 0.3391873240470886 0.897291362285614 -0.28252479434013367 -0.12289569526910782 -0.2554888427257538 -0.9589693546295166,-99.03241729736328 13.759415626525879 761.070556640625,0.69
9,21,3,0.97021484375,-0.31342554092407227 -0.9490647912025452 0.032256580889225006 0.911442220211029 -0.29111963510513306 0.2907274067401886 -0.2665286362171173 0.12052140384912491 0.9562620520591736,64.30339050292969 -14.48507308959961 767.2125854492188,0.69
9,31,3,0.97509765625,-0.991409957408905 0.12906329333782196 0.02118878997862339 0.11595619469881058 0.9422898292541504 -0.3140764832496643 -0.06050172448158264 -0.30892157554626465 -0.9491612315177917,-72.54719543457031 -54.77410125732422 777.7626342773438,0.69
9,31,3,0.97412109375,-0.30087950825691223 -0.953439474105835 0.020606599748134613 0.9106212854385376 -0.28081485629081726 0.3031698167324066 -0.2832674980163574 0.10998240113258362 0.9527136087417603,55.20003128051758 46.645442962646484 751.9930419921875,0.69
9,31,3,0.9712052345275879,-0.8917393088340759 0.4524310827255249 -0.010345801711082458 0.4438670873641968 0.8699458837509155 -0.21488623321056366 -0.08822092413902283 -0.19621464610099792 -0.9765843152999878,1.649227261543274 48.68893051147461 744.800537109375,0.69
9,45,3,0.97607421875,-0.28002676367759705 -0.9594773054122925 -0.031439222395420074 0.9077102541923523 -0.2752944827079773 0.31666237115859985 -0.31248533725738525 0.06013623625040054 0.9480172395706177,-26.600191116333008 77.43171691894531 744.9011840820312,0.69
9,45,3,0.97216796875,-0.9894129037857056 -0.14392000436782837 -0.018683545291423798 -0.13153623044490814 0.9436866641044617 -0.3035682737827301 0.0613209530711174 -0.2978968024253845 -0.9526265263557434,29.401350021362305 -72.0321273803711 783.8716430664062,0.69
9,45,3,0.96875,-0.9301426410675049 0.36688533425331116 0.015154017135500908 0.3506428003311157 0.8997018933296204 -0.25997304916381836 -0.10901440680027008 -0.2364983707666397 -0.9654969573020935,-48.67108917236328 29.13043785095215 751.189453125,0.69
9,57,3,0.97607421875,-0.27719786763191223 -0.9602296352386475 -0.03347194939851761 0.9190419912338257 -0.27514609694480896 0.28223469853401184 -0.28021979331970215 0.04747271537780762 0.9587612748146057,-81.68890380859375 26.807544708251953 757.2335205078125,0.69
9,57,3,0.9721941947937012,-0.9684397578239441 0.24879126250743866 -0.015074362978339195 0.245433509349823 0.9413350224494934 -0.23162595927715302 -0.043436501175165176 -0.22801554203033447 -0.9726880788803101,81.83914184570312 -2.098700761795044 762.9910888671875,0.69
9,57,3,0.96826171875,-0.9762030839920044 0.21655941009521484 0.011380951851606369 0.20315101742744446 0.9316012263298035 -0.30141136050224304 -0.07587596774101257 -0.29192665219306946 -0.9534263014793396,-50.36351013183594 -15.777403831481934 765.0491943359375,0.69
9,64,3,0.9755859375,-0.9930139780044556 0.11799558252096176 0.0005580941797234118 0.11196708679199219 0.9437515139579773 -0.3111213147640228 -0.03723764419555664 -0.3088853359222412 -0.9503700137138367,-29.99869155883789 -34.36378479003906 772.8687744140625,0.69
9,64,3,0.9736328125,-0.28223249316215515 -0.9587409496307373 -0.03406810015439987 0.924252986907959 -0.2812538743019104 0.25817176699638367 -0.2571015954017639 0.04137692227959633 0.965498149394989,-80.58964538574219 -17.085948944091797 768.128662109375,0.69
9,64,3,0.9673161506652832,-0.9338411688804626 0.35572025179862976 -0.037468235939741135 0.3527976870536804 0.8987435698509216 -0.2603726387023926 -0.058945491909980774 -0.2563653886318207 -0.9647809267044067,71.0450668334961 49.11029815673828 748.5516967773438,0.69
9,70,3,0.97509765625,-0.29322150349617004 -0.9558148384094238 -0.020958304405212402 0.9242002367973328 -0.28899747133255005 0.24966852366924286 -0.24469377100467682 0.05383851006627083 0.9681045413017273,-58.72944641113281 -48.50136947631836 774.1223754882812,0.69
9,70,3,0.97265625,-0.9972327947616577 0.07356151193380356 -0.010746629908680916 0.07331069558858871 0.9490662217140198 -0.30642905831336975 -0.01234212052077055 -0.30636894702911377 -0.9518328309059143,-5.897006988525391 -39.63492965698242 775.382568359375,0.69
9,70,3,0.97021484375,-0.7289751172065735 0.6840730309486389 0.025284364819526672 0.6694936752319336 0.7201671600341797 -0.18203683197498322 -0.14273545145988464 -0.11577259749174118 -0.9829666018486023,36.54090118408203 79.2480239868164 739.309814453125,0.69
9,100,3,0.9687795639038086,-0.9705306887626648 -0.24097195267677307 -0.0016369962831959128 -0.2131437063217163 0.8615803718566895 -0.460705041885376 0.11242739111185074 -0.4467794895172119 -0.8875518441200256,15.439631462097168 31.742204666137695 746.3468017578125,0.69
9,100,3,0.96875,-0.33154770731925964 -0.9433735013008118 -0.011070062406361103 0.8239662051200867 -0.2952573597431183 0.483634889125824 -0.45951682329177856 0.1512266844511032 0.8751998543739319,65.82405853271484 15.079164505004883 763.6217651367188,0.69
9,100,3,0.96142578125,-0.9998220801353455 -0.018465064465999603 0.0038432395085692406 -0.018300633877515793 0.9004820585250854 -0.43450793623924255 0.004562440328299999 -0.43450096249580383 -0.9006598591804504,-88.55044555664062 -42.619449615478516 787.3952026367188,0.69
9,118,3,0.97802734375,-0.3004533052444458 -0.9533395171165466 -0.029524559155106544 0.8318073153495789 -0.27704715728759766 0.4809797406196594 -0.4667166471481323 0.1199532002210617 0.8762344717979431,-29.47834014892578 60.764305114746094 733.9149169921875,0.69
9,118,3,0.96826171875,-0.9955437779426575 -0.09244202077388763 0.018633276224136353 -0.09046082943677902 0.8803566098213196 -0.4656062424182892 0.02663765475153923 -0.4652169644832611 -0.8847957849502563,-49.7493896484375 15.89604663848877 756.4950561523438,0.69
9,118,3,0.965836763381958,-0.7858279943466187 -0.6184220314025879 0.005345991346985102 -0.5492287874221802 0.6938784122467041 -0.4657042622566223 0.2842922806739807 -0.3688996136188507 -0.8849242925643921,33.01070022583008 -76.09143829345703 801.1860961914062,0.69
9,136,3,0.974609375,-0.29387184977531433 -0.9549446702003479 -0.04147256910800934 0.8609417080879211 -0.2832934260368347 0.4225212633609772 -0.415233314037323 0.08846164494752884 0.9054036736488342,-81.11823272705078 -23.654354095458984 770.427978515625,0.69
9,136,3,0.97021484375,-0.861733078956604 -0.5072026252746582 -0.012713742442429066 -0.4484403729438782 0.7731389999389648 -0.4485057592391968 0.23731276392936707 -0.3807908892631531 -0.8936895728111267,72.9134521484375 32.62382888793945 747.2230834960938,0.69
9,136,3,0.96728515625,-0.973368227481842 -0.22923643887043 0.002226740587502718 -0.2052624225616455 0.8671636581420898 -0.4537559747695923 0.10208645462989807 -0.4421287178993225 -0.8911231756210327,-31.5296802520752 -41.721065521240234 782.352783203125,0.69
9,161,3,0.9697265625,-0.9804785251617432 -0.19539889693260193 0.021936841309070587 -0.17221717536449432 0.7995625734329224 -0.5753616690635681 0.09488515555858612 -0.5679076313972473 -0.8176048994064331,-85.9884033203125 21.625144958496094 742.5145263671875,0.69
9,161,3,0.9633965492248535,-0.6478070616722107 -0.761618971824646 0.01681026630103588 -0.6211572885513306 0.5153029561042786 -0.5904459953308105 0.4410324990749359 -0.39293694496154785 -0.8069020509719849,39.5164680480957 -12.529415130615234 769.3069458007812,0.69
9,161,3,0.9440035820007324,-0.38131797313690186 -0.9242910146713257 0.016817307099699974 0.7260399460792542 -0.2881690263748169 0.6243593692779541 -0.5722435116767883 0.2502894699573517 0.7809561491012573,50.275447845458984 -55.194122314453125 813.559326171875,0.69
9,167,3,0.9697265625,-0.688034176826477 -0.7253497242927551 0.021830705925822258 -0.595942497253418 0.547606885433197 -0.5873491764068604 0.4140789806842804 -0.4171261489391327 -0.8090390563011169,31.99201393127441 6.098419189453125 750.0317993164062,0.69
9,167,3,0.9648606777191162,-0.37839335203170776 -0.9256058931350708 0.008498280309140682 0.7266353368759155 -0.2913404405117035 0.6221911311149597 -0.5734279155731201 0.2416081428527832 0.7828192114830017,67.8654556274414 -26.17746353149414 787.1730346679688,0.69
9,167,3,0.960956335067749,-0.9689810276031494 -0.2463231384754181 0.020015481859445572 -0.2136753499507904 0.7943453788757324 -0.5686460137367249 0.12417149543762207 -0.5552840232849121 -0.8223388195037842,-99.08457946777344 -15.444113731384277 772.230224609375,0.69
9,227,3,0.970703125,-0.8119180798530579 -0.5832504034042358 0.024654436856508255 -0.41858023405075073 0.5522100925445557 -0.7210093140602112 0.4069145917892456 -0.5957203507423401 -0.6924865245819092,-55.92131805419922 27.696502685546875 717.4927978515625,0.69
9,227,3,0.9473161697387695,-0.5201921463012695 -0.8540230393409729 0.006683614570647478 -0.5877643823623657 0.352312296628952 -0.7282918095588684 0.6196232438087463 -0.3827801048755646 -0.685234546661377,36.40896224975586 -37.548946380615234 793.45947265625,0.69
9,227,3,0.9423079490661621,-0.3711002469062805 -0.928476870059967 -0.01467174757272005 0.6581079959869385 -0.27411842346191406 0.7012510299682617 -0.6551171541213989 0.2505788207054138 0.7127634286880493,20.358774185180664 -74.0925064086914 846.70703125,0.69
9,248,3,0.97509765625,-0.3949298560619354 -0.9186909794807434 -0.006116977892816067 0.5764198303222656 -0.25296682119369507 0.7770122289657593 -0.7153815627098083 0.3033393919467926 0.6294557452201843,54.654144287109375 8.118304252624512 746.6777954101562,0.69
9,248,3,0.96826171875,-0.5884631276130676 -0.807209849357605 0.0460803396999836 -0.5759864449501038 0.3785385489463806 -0.7245330810546875 0.5674070715904236 -0.4529026448726654 -0.6876978874206543,0.28151077032089233 7.917502880096435 755.6461791992188,0.69
9,248,3,0.951683521270752,-0.7239313721656799 -0.6896964907646179 0.015564089640974998 -0.47038695216178894 0.47698143124580383 -0.7424452900886536 0.5046380758285522 -0.5448005795478821 -0.6697259545326233,-68.34492492675781 -68.88676452636719 816.8431396484375,0.69
9,391,3,0.97265625,-0.4313546121120453 -0.9021304249763489 -0.009685021825134754 0.28310999274253845 -0.1455465704202652 0.9479793906211853 -0.8566107153892517 0.40617334842681885 0.31818434596061707,59.02286148071289 -21.404075622558594 753.3145751953125,0.69
9,391,3,0.9668433666229248,-0.4015040993690491 -0.9152871370315552 0.032309308648109436 -0.3624657094478607 0.1264057159423828 -0.9233851432800293 0.841078519821167 -0.38245394825935364 -0.3825125992298126,5.228718280792236 -20.009721755981445 745.113037109375,0.69
9,391,3,0.007476806640625,-0.5191832780838013 -0.8545464277267456 0.014112215489149094 -0.29975104331970215 0.1666022092103958 -0.9393577575683594 0.8003737330436707 -0.49192899465560913 -0.3426482677459717,-73.80774688720703 -61.59592056274414 843.1499633789062,0.69
9,495,3,0.9410877227783203,-0.2797051668167114 -0.9600573778152466 0.007399297319352627 -0.2939950227737427 0.07831136137247086 -0.9525933861732483 0.9139649868011475 -0.26862066984176636 -0.30415618419647217,79.15846252441406 -34.36501693725586 753.663330078125,0.69
9,495,3,0.916473388671875,-0.26272886991500854 -0.9630406498908997 -0.059382181614637375 0.21579210460186005 -0.1186329647898674 0.9692057967185974 -0.9404293298721313 0.24182415008544922 0.2389848381280899,-80.32471466064453 -46.633365631103516 794.9884643554688,0.69
9,495,3,0.011231601238250732,-0.4357592463493347 -0.8853743672370911 0.16194500029087067 0.4018814265727997 -0.030397994443774223 0.9151870608329773 -0.8053603172302246 0.4638839066028595 0.36906173825263977,-79.56103515625 -51.83827590942383 834.9779663085938,0.69
12,2,3,0.9716796875,0.549852728843689 -0.6566024422645569 -0.5162703990936279 -0.024255186319351196 -0.6303854584693909 0.7759032249450684 -0.8349093794822693 -0.41411030292510986 -0.3625451922416687,-82.23016357421875 68.89801788330078 766.5875244140625,0.69
12,2,3,0.970703125,-0.9231130480766296 0.38426095247268677 0.014345197007060051 0.3623448312282562 0.8817402720451355 -0.302060067653656 -0.12871862947940826 -0.27363768219947815 -0.9531809687614441,-135.1396942138672 19.211196899414062 775.3507080078125,0.69
12,7,3,0.970703125,-0.9607493877410889 0.27734124660491943 0.006514868699014187 0.2618691921234131 0.9144032597541809 -0.30869266390800476 -0.0915704146027565 -0.2948702275753021 -0.951139509677887,-123.78642272949219 -31.369659423828125 786.5339965820312,0.69
12,7,3,0.96484375,0.5693119168281555 -0.08905106782913208 -0.8172844648361206 0.6115462779998779 -0.6185274720191956 0.49339136481285095 -0.5494498610496521 -0.7807008624076843 -0.297676146030426,-97.65103912353516 34.74287033081055 780.7504272460938,0.69
12,14,3,0.96826171875,-0.9957711696624756 0.09185487031936646 0.0015771037433296442 0.08690450340509415 0.947394609451294 -0.308043897151947 -0.029789477586746216 -0.30660417675971985 -0.9513708353042603,-74.37812805175781 -86.44026184082031 804.7915649414062,0.69
12,14,3,0.96337890625,-0.0400860495865345 0.16420628130435944 -0.9856112003326416 0.9952609539031982 -0.08089650422334671 -0.05395616218447685 -0.08859243988990784 -0.9831032156944275 -0.160185307264328,-91.63883972167969 -17.397634506225586 801.91162109375,0.69
12,26,3,0.97314453125,-0.6368257403373718 -0.597102701663971 -0.4877716600894928 0.41293278336524963 0.2701195180416107 -0.8697826862335205 0.6511062979698181 -0.7553169131278992 0.07454423606395721,-16.488601684570312 -67.15794372558594 810.8453369140625,0.69
12,26,3,0.9677734375,-0.9783509373664856 -0.20132891833782196 -0.04791761562228203 -0.17650307714939117 0.9326215386390686 -0.3147437274456024 0.10805603861808777 -0.29947221279144287 -0.9479663372039795,52.1691780090332 -89.01922607421875 801.508544921875,0.69
12,43,3,0.967803955078125,0.4101911783218384 -0.40681225061416626 0.8162395358085632 0.570167601108551 -0.5841357111930847 -0.5776628851890564 0.7117949724197388 0.7023455500602722 -0.007656162604689598,80.21428680419922 4.6031341552734375 785.3499755859375,0.69
12,43,3,0.9673008918762207,-0.8187507390975952 0.5685133337974548 -0.08024913817644119 0.5722445845603943 0.7966493964195251 -0.19464333355426788 -0.046726882457733154 -0.20528651773929596 -0.9775858521461487,108.3576889038086 63.72755813598632 762.31298828125,0.69
12,49,3,0.9697265625,0.15899339318275452 0.04917413741350174 0.9860542416572571 0.9206318259239197 -0.36812302470207214 -0.13008639216423035 0.35659241676330566 0.9284757971763611 -0.10380040109157562,76.31382751464844 49.13383865356445 776.7487182617188,0.69
12,49,3,0.9697265625,-0.8489574193954468 0.5158674120903015 -0.11468292772769928 0.5278382897377014 0.8172141909599304 -0.2314038872718811 -0.025653203949332237 -0.2569861114025116 -0.9660745859146118,67.70097351074219 111.90413665771484 739.4583129882812,0.69
12,60,3,0.97509765625,-0.726473331451416 -0.2855505049228668 0.6250578761100769 0.351266086101532 0.6274656057357788 0.6949093341827393 -0.5906340479850769 0.7243947386741638 -0.35553282499313354,14.924871444702148 102.67972564697266 757.738037109375,0.69
12,60,3,0.9697265625,-0.8434330821037292 0.5371615290641785 0.008832274004817009 0.5172391533851624 0.8163756132125854 -0.25689366459846497 -0.1452038288116455 -0.2121042162179947 -0.9663993120193481,-48.267215728759766 130.07046508789062 738.9259033203125,0.69
12,66,3,0.9726693630218506,-0.9203851819038391 0.3893479108810425 0.03604515269398689 0.35130056738853455 0.8638656735420227 -0.36100417375564575 -0.17169439792633057 -0.3196002244949341 -0.9318673610687256,-103.37747192382812 97.03123474121094 746.931396484375,0.69
12,66,3,0.9716796875,-0.5471131205558777 -0.8232631087303162 0.1513441801071167 -0.27656760811805725 0.3484398424625397 0.8956003785133362 -0.790049135684967 0.4481378197669983 -0.41832390427589417,-31.393259048461914 103.16056060791016 759.6885375976562,0.69
12,73,3,0.97509765625,0.5823109745979309 -0.7073803544044495 -0.40065813064575195 -0.22926317155361176 -0.6157203316688538 0.7538745999336243 -0.7799694538116455 -0.3471333086490631 -0.5207169651985168,-75.53489685058594 64.94681549072266 760.6710205078125,0.69
12,73,3,0.97314453125,-0.9910252094268799 0.10736975818872452 0.07962966710329056 0.062310513108968735 0.8980619311332703 -0.4354332983493805 -0.11826474964618683 -0.426563560962677 -0.8966922163963318,-134.15489196777344 22.67628288269043 768.8880615234375,0.69
12,83,3,0.9658203125,0.23947496712207794 0.1928105354309082 -0.9515648484230042 0.938818633556366 -0.29585644602775574 0.17631936073303223 -0.24753040075302124 -0.9355709552764893 -0.25186434388160706,-99.25089263916016 0.08489291369915009 799.1849365234375,0.69
12,83,3,0.9614443778991699,-0.9992530345916748 -0.03711951524019241 0.010746090672910213 -0.03818283975124359 0.9055733680725098 -0.42246758937835693 0.0059504262171685696 -0.4225623309612274 -0.9063143134117126,-103.31082916259766 -69.05650329589844 814.2808837890625,0.69
12,100,3,0.970703125,-0.7337672114372253 -0.6794009208679199 0.000372962502297014 -0.6148111820220947 0.6637751460075378 -0.4259224236011505 0.2891245186328888 -0.3127572238445282 -0.9047595858573914,65.43314361572266 -85.68669128417969 819.9088134765625,0.69
12,100,3,0.9692530632019043,-0.5542627573013306 -0.748870849609375 -0.3632979393005371 0.41225019097328186 0.1321893185377121 -0.9014298915863037 0.7230786085128784 -0.649398684501648 0.2354544997215271,-5.1461310386657715 -71.78697204589844 833.8711547851562,0.69
12,108,3,0.97021484375,-0.6113359332084656 -0.7911632061004639 -0.018140189349651337 -0.7079306244850159 0.5569792985916138 -0.4342905282974243 0.35369840264320374 -0.25265538692474365 -0.900590181350708,115.46881103515625 -21.555513381958008 797.8720703125,0.69
12,108,3,0.965836763381958,0.04801856353878975 -0.9445152878761292 0.32493874430656433 0.2553451657295227 -0.3028967082500458 -0.9181788563728333 0.9656568169593811 0.1270611584186554 0.2266327291727066,52.61065673828125 -49.392066955566406 814.2071533203125,0.69
12,117,3,0.9716796875,-0.9127246737480164 -0.40823349356651306 -0.016706697642803192 -0.3637760579586029 0.830583393573761 -0.4216613173484802 0.18601258099079132 -0.3787831962108612 -0.9065995216369629,98.64808654785156 63.464561462402344 740.195068359375,0.69
12,117,3,0.9682769775390625,0.3286115527153015 -0.32237619161605835 0.8877431750297546 0.7086977958679199 -0.5371540784835815 -0.4573979675769806 0.6243091225624084 0.7794479131698608 0.05195228382945061,81.18011474609375 6.90806770324707 780.0780639648438,0.69
12,130,3,0.97314453125,-0.6250364780426025 0.07240255922079086 0.7772305011749268 0.6811820864677429 0.5368422269821167 0.4977865517139435 -0.3812091052532196 0.8405702710151672 -0.38486528396606445,33.10483169555664 81.91607666015625 748.6807250976562,0.69
12,130,3,0.9697411060333252,-0.9479165077209473 0.3181972801685333 -0.014309445396065712 0.2970050573348999 0.8667682409286499 -0.40062570571899414 -0.115075021982193 -0.3840097188949585 -0.9161301255226135,-21.526287078857422 116.92871856689453 721.1156005859375,0.69
12,137,3,0.9716796875,-0.9574873447418213 0.2884593904018402 -0.003010134445503354 0.26039835810661316 0.8597595691680908 -0.43932467699050903 -0.12413934618234634 -0.42143169045448303 -0.8983232975006104,-91.19490051269531 90.36553955078125 736.2828979492188,0.69
12,137,3,0.97119140625,-0.710902988910675 -0.6461019515991211 0.2777934670448303 -0.20861080288887024 0.570936918258667 0.7940481901168823 -0.6716386675834656 0.5065404772758484 -0.540664553642273,-20.19426727294922 90.19068908691406 742.8388671875,0.69
12,142,3,0.97314453125,-0.9842149019241333 0.16630780696868896 0.06052054464817047 0.12205034494400024 0.8854683637619019 -0.44838541746139526 -0.12815901637077332 -0.43392103910446167 -0.8917890787124634,-124.40767669677734 51.68230438232422 753.7578125,0.69
12,142,3,0.970703125,0.010011591948568821 -0.9919904470443726 -0.12591566145420074 -0.5754488110542297 -0.10869678109884262 0.8105822801589966 -0.8177765011787415 0.06434280425310135 -0.5719279646873474,-56.79184341430664 78.75045013427734 751.9425659179688,0.69
12,148,3,0.9755859375,0.765408456325531 -0.01208995096385479 -0.6434312462806702 0.42914754152297974 -0.7354720830917358 0.5243216156959534 -0.4795648157596588 -0.6774471402168274 -0.5577481389045715,-90.40049743652344 31.8279857635498 764.2006225585938,0.69
12,148,3,0.96826171875,-0.9728442430496216 -0.22927138209342957 0.03176279366016388 -0.20410412549972534 0.7850279211997986 -0.5848698616027832 0.10915923863649368 -0.5754702091217041 -0.8105049729347229,-132.9703826904297 -20.268749237060547 791.3826293945312,0.69
12,171,3,0.9687795639038086,-0.5196132659912109 -0.743842601776123 -0.4203571081161499 0.5807304382324219 0.0533968061208725 -0.8123428225517273 0.6267009377479553 -0.6662182807922363 0.4042263627052307,-8.189062118530273 -70.82405853271484 840.3551635742188,0.69
12,171,3,0.966796875,-0.5287953615188599 -0.8486782312393188 0.010986763052642345 -0.6854783296585083 0.4194037914276123 -0.5951637625694275 0.500494658946991 -0.3222510516643524 -0.8035293221473694,61.99171447753906 -87.69831085205078 838.7183837890625,0.69
12,177,3,0.9658203125,-0.4368036091327667 -0.8994940519332886 -0.01062251441180706 -0.7121376395225525 0.3529878556728363 -0.606843888759613 0.5496021509170532 -0.2575069069862366 -0.7947500348091125,104.34817504882812 -47.6490478515625 804.3263549804688,0.69
12,177,3,0.9610099792480469,-0.20382075011730194 -0.9730051755905151 0.10824936628341675 0.3972478210926056 -0.18325519561767578 -0.8992283344268799 0.8947911262512207 -0.1402795910835266 0.42387551069259644,37.75629806518555 -61.54609680175781 840.4164428710938,0.69
12,190,3,0.9692530632019043,0.2616541087627411 -0.22290857136249542 0.9390681385993958 0.7965518236160278 -0.49954867362976074 -0.34052351117134094 0.545015811920166 0.8371158242225647 0.04684927687048912,82.68329620361328 8.64630126953125 787.193359375,0.69
12,190,3,0.9663248062133789,-0.6103675365447998 -0.7920275330543518 -0.011997591704130173 -0.6375080347061157 0.5001657009124756 -0.5860186219215393 0.4701436758041382 -0.35003820061683655 -0.8102087378501892,89.73078155517578 58.31599426269531 729.5455322265625,0.69
12,199,3,0.97314453125,-0.3160659670829773 0.31798920035362244 0.8938596844673157 0.94718337059021 0.1596631556749344 0.27812114357948303 -0.05427694320678711 0.9345536231994629 -0.3516581952571869,49.158267974853516 57.81273651123047 745.2079467773438,0.69
12,199,3,0.970703125,-0.9515658020973206 -0.30732062458992004 0.008750288747251034 -0.25700587034225464 0.779509961605072 -0.5712374448776245 0.16873210668563843 -0.5458188652992249 -0.8207381963729858,5.0263352394104 95.35503387451172 703.9462890625,0.69
12,215,3,0.9755859375,0.5728415846824646 -0.7732163667678833 -0.2720092535018921 -0.4614912271499634 -0.5785036087036133 0.6725767850875854 -0.677405595779419 -0.2597500681877136 -0.6882234811782837,-66.48167419433594 57.88966369628906 752.8658447265625,0.69
12,215,3,0.96826171875,-0.9854541420936584 -0.16258664429187775 0.04945294186472893 -0.16070865094661713 0.7969751954078674 -0.5822398066520691 0.05525163561105728 -0.5817181468009949 -0.8115116953849792,-128.6719512939453 23.5384521484375 752.6180419921875,0.69
12,221,3,0.97119140625,0.6802862882614136 0.2508382797241211 -0.6886877417564392 0.6495533585548401 -0.641613781452179 0.40793663263320923 -0.3395453989505768 -0.7248531579971313 -0.5994138717651367,-91.185791015625 16.44895362854004 760.362060546875,0.69
12,221,3,0.9677734375,-0.8432927131652832 -0.5361900925636292 0.036844950169324875 -0.38528555631637573 0.5553131699562073 -0.7370089292526245 0.37471646070480347 -0.6357100605964661 -0.674877941608429,-132.14736938476562 -31.21063804626465 803.8759765625,0.69
12,239,3,0.9633965492248535,-0.48875418305397034 -0.4855008125305176 -0.7248504757881165 0.7943570017814636 0.0958746075630188 -0.5998374223709106 0.36071640253067017 -0.8689631223678589 0.33880186080932617,-42.47679901123047 -63.928298950195305 854.9246826171875,0.69
12,239,3,0.9463405609130859,-0.5444731116294861 -0.8387683033943176 0.004105988424271345 -0.5610726475715637 0.36056390404701233 -0.7451115250587463 0.6234953999519348 -0.4079969525337219 -0.6669272780418396,17.34122085571289 -96.17871856689453 867.853271484375,0.69
12,249,3,0.96923828125,-0.3550074100494385 -0.934862494468689 -0.0013825605856254697 -0.6371870040893555 0.24304886162281036 -0.7313822507858276 0.6840779185295105 -0.25876516103744507 -0.6819663047790527,103.57671356201172 -54.55360794067383 833.2667846679688,0.69
12,249,3,0.9482672214508057,-0.251205712556839 -0.9667052030563354 0.048752352595329285 0.588502049446106 -0.1925274282693863 -0.7852378487586975 0.7684797644615173 -0.16856537759304047 0.617271900177002,33.650413513183594 -59.29468536376953 837.9712524414062,0.69
12,260,3,0.9668855667114258,0.22470210492610931 -0.4527188837528229 0.8628758192062378 0.754730761051178 -0.4792575538158417 -0.4479885697364807 0.6163525581359863 0.7519029378890991 0.23399066925048828,82.83045196533203 -13.896806716918945 807.9769897460938,0.69
12,260,3,0.9668128490447998,-0.3410373330116272 -0.9400330781936646 0.005580247845500708 -0.6635107398033142 0.23650339245796204 -0.7098024487495422 0.6659181118011475 -0.24577170610427856 -0.704378604888916,105.42906188964844 25.466554641723633 744.2208862304688,0.69
12,284,3,0.9765625,-0.4759836494922638 -0.8784829378128052 0.0413210466504097 -0.713270366191864 0.4131001830101013 0.5662100315093994 -0.5144754648208618 0.24003365635871887 -0.8232247233390808,-42.99187088012695 52.00001907348633 735.9057006835938,0.69
12,284,3,0.97119140625,-0.9104563593864441 -0.4132235050201416 0.017761990427970886 -0.2949504554271698 0.6185608506202698 -0.7282764911651611 0.28995412588119507 -0.6683029532432556 -0.6850531101226807,-112.56803894042969 34.09772491455078 733.5755615234375,0.69
12,307,3,0.9439277648925781,-0.3270004391670227 -0.27446654438972473 -0.9042891263961792 0.9345645308494568 0.04805492237210274 -0.3525337278842926 0.14021426439285278 -0.9603952169418335 0.24079269170761108,-65.03301239013672 -49.63532257080078 841.0957641601562,0.69
12,307,3,0.24714279174804688,-0.5289278030395508 -0.8486519455909729 0.005034205969423056 -0.4455246329307556 0.2726176083087921 -0.8527529239654541 0.7223179340362549 -0.45328760147094727 -0.5222904086112976,-20.827728271484375 -86.9404296875 878.9334716796875,0.69
12,343,3,0.97216796875,-0.0959935262799263 0.431559294462204 0.8969625234603882 0.9854047894477844 -0.08606525510549545 0.14686763286590576 0.14057940244674683 0.8979694843292236 -0.4169989228248596,48.78868103027344 25.502212524414062 730.1780395507812,0.69
12,343,3,0.97216796875,-0.5461340546607971 -0.8375138640403748 0.01755351573228836 -0.45398038625717163 0.2782953381538391 -0.8464357852935791 0.7040166258811951 -0.4702363610267639 -0.5322014093399048,5.941472053527832 47.962127685546875 682.8059692382812,0.69
12,357,3,0.974609375,0.8294599056243896 -0.5573875308036804 -0.03626856952905655 -0.5048835277557373 -0.7759351134300232 0.3781763017177582 -0.23893281817436218 -0.2953706681728363 -0.9250228404998779,-52.74042892456055 30.98757553100586 733.6431884765625,0.69
12,357,3,0.97119140625,-0.7639410495758057 -0.6444476842880249 0.0328836627304554 -0.37338513135910034 0.39990657567977905 -0.8370533585548401 0.5262866616249084 -0.6517376899719238 -0.5461322069168091,-120.0696792602539 8.474123001098633 739.8074340820312,0.69
