scene_id,im_id,obj_id,score,R,t,time
5,7,4,0.96435546875,0.5465560555458069 -0.049418412148952484 0.8359631299972534 0.8061240315437317 -0.23931674659252167 -0.5411945581436157 0.2268049120903015 0.9696831107139587 -0.09096265584230423,-7.1735968589782715 75.82260131835938 694.1356811523438,0.69
5,20,4,0.96630859375,-0.3807770013809204 0.46504682302474976 0.7992123365402222 0.9039737582206726 0.005388917401432991 0.4275538921356201 0.19452570378780365 0.8852696418762207 -0.42244213819503784,-86.53789520263672 27.12510108947754 708.8048095703125,0.69
5,25,4,0.9677889347076416,-0.7345482110977173 0.4829150438308716 0.4766886830329895 0.6495852470397949 0.29736262559890747 0.6997246146202087 0.19615812599658966 0.8236314058303833 -0.5321215987205505,-96.54353332519531 -8.218953132629395 732.0654907226562,0.69
5,31,4,0.96923828125,-0.9674067497253418 0.24954278767108917 0.043041616678237915 0.1919056922197342 0.6115736365318298 0.7675610184669495 0.16521619260311127 0.7508035898208618 -0.6395291090011597,-82.779052734375 -48.5795783996582 729.15673828125,0.69
5,43,4,0.9624204635620117,-0.46094661951065063 -0.3339203894138336 -0.8222076892852783 -0.8761762380599976 0.3183152377605438 0.36192625761032104 0.14086666703224182 0.8872275352478027 -0.43929943442344666,-7.943448543548583 -90.65882110595703 742.0067749023438,0.69
5,56,4,0.9619846343994141,0.5766844153404236 -0.18289071321487427 -0.7962324619293213 -0.7977359890937805 0.08416157960891724 -0.5971048474311829 0.17621712386608124 0.9795243144035339 -0.09736383706331253,69.5086441040039 -42.61274337768555 717.977294921875,0.69
5,64,4,0.9585161209106445,0.9459150433540344 -0.1484060436487198 -0.2884792983531952 -0.2853865623474121 0.04219886288046837 -0.9574830532073975 0.1542697548866272 0.9880257844924927 -0.002436549635604024,76.07044219970703 13.818713188171387 711.9737548828125,0.69
5,70,4,0.9580078125,0.9598926305770874 -0.1693478524684906 0.22344446182250977 0.22599568963050842 -0.00430973619222641 -0.9741187691688538 0.16592790186405182 0.9855468273162842 0.03413500636816025,53.93648910522461 51.630645751953125 707.1846923828125,0.69
5,81,4,0.970703125,0.4336901605129242 -0.11475662887096405 0.8937246203422546 0.8619880676269531 -0.2360771894454956 -0.44860249757766724 0.262468159198761 0.9649344086647034 -0.0034655225463211536,-18.641273498535156 51.6550407409668 684.37255859375,0.69
5,86,4,0.9677734375,0.17224472761154175 0.18973200023174286 0.9666092991828918 0.9538195729255676 -0.2772698998451233 -0.11554139852523804 0.24608977138996124 0.941872239112854 -0.22872833907604218,-53.02522659301758 39.348976135253906 683.7001342773438,0.69
5,94,4,0.9658203125,-0.3941026031970978 0.5634008049964905 0.7261285781860352 0.8941424489021301 0.052291013300418854 0.4447188973426819 0.2125849574804306 0.8245272040367126 -0.5243685841560364,-89.96580505371094 -2.539764642715454 709.2457275390625,0.69
5,100,4,0.9190549850463867,-0.8094883561134338 0.5069395303726196 0.29621097445487976 0.5588687062263489 0.5106189250946045 0.6534019708633423 0.17998428642749786 0.6944643259048462 -0.6966527104377747,-93.6767349243164 -43.69355773925781 745.9154052734375,0.69
5,107,4,0.9643726348876953,-0.9655768871307373 -0.06804849207401276 -0.2510588765144348 -0.2240213006734848 0.7080630660057068 0.6696723103523254 0.1321953535079956 0.7028626799583435 -0.6989337801933289,-65.02828979492188 -81.41158294677734 741.534423828125,0.69
5,117,4,0.9339215755462646,-0.31071630120277405 -0.3972833454608917 -0.8634936213493347 -0.9446601867675781 0.22964422404766083 0.23426629602909088 0.10522623360157013 0.8884984254837036 -0.44665196537971497,3.102588653564453 -102.14173126220703 760.9329833984375,0.69
5,127,4,0.958984375,0.5093187689781189 -0.1236964762210846 -0.8516417145729065 -0.8430997133255005 0.12671436369419098 -0.5226148962974548 0.17256085574626923 0.9841964840888977 -0.03975045680999756,65.83751678466797 -66.80659484863281 743.9847412109375,0.69
5,138,4,0.9541237354278564,0.983921468257904 -0.10208902508020401 -0.14654821157455444 -0.12472151219844818 0.19457831978797913 -0.9729253649711609 0.12784011662006378 0.9755598902702332 0.17871709167957306,71.77299499511719 4.290672302246094 699.6373291015625,0.69
5,149,4,0.96826171875,0.6349454522132874 -0.28126993775367737 0.7195355892181396 0.7382720112800598 -0.05346917733550072 -0.6723805069923401 0.22759340703487396 0.9581379294395447 0.17370370030403137,8.010855674743652 25.246183395385742 671.9019165039062,0.69
5,171,4,0.09056508541107178,-0.7094191908836365 0.6214292645454407 0.33249086141586304 0.6804108619689941 0.4808805286884308 0.5529873967170715 0.18375419080257416 0.6185302734375 -0.7639729976654053,-94.28518676757812 -57.29558181762695 752.2197265625,0.69
5,195,4,0.8314933776855469,0.1701635867357254 -0.17360150814056396 -0.9700034856796265 -0.9767700433731079 0.10039374232292175 -0.18931804597377777 0.13024820387363434 0.979685366153717 -0.15248538553714752,48.5845832824707 -92.37842559814453 742.4362182617188,0.69
5,208,4,0.96240234375,0.9616351127624512 0.013303096406161785 -0.27400892972946167 -0.2600420415401459 0.36236336827278137 -0.8950256705284119 0.0873841866850853 0.9319419264793396 0.3519207537174225,74.35198211669922 -23.202335357666016 694.2409057617188,0.69
5,215,4,0.95458984375,0.9254002571105957 -0.23570501804351807 0.2967786192893982 0.34503012895584106 0.19996124505996704 -0.9170439839363098 0.15680764615535736 0.9510302543640137 0.266369491815567,48.47261047363281 9.689776420593262 684.1026000976562,0.69
5,221,4,0.9585161209106445,0.6209017634391785 -0.3396724760532379 0.706472635269165 0.7481566667556763 -0.012214562855660915 -0.6634095907211304 0.23397128283977509 0.9404643774032593 0.24654421210289001,12.401373863220215 -0.1170644611120224 667.1189575195312,0.69
5,239,4,0.4067399501800537,-0.12110316008329391 0.7474469542503357 0.6531899571418762 0.9609621167182922 -0.07663264125585556 0.2658558487892151 0.24876880645751953 0.6598867177963257 -0.7089877128601074,-89.19032287597656 -45.14632797241211 715.41943359375,0.69
5,254,4,0.9522380828857422,-0.6667128205299377 -0.5795180201530457 -0.46867141127586365 -0.7431092262268066 0.5652066469192505 0.35823187232017517 0.057294368743896484 0.5871118307113647 -0.807475745677948,-46.213661193847656 -107.0241928100586 777.9176635742188,0.69
5,280,4,0.9604682922363281,0.9460104703903198 0.08681046217679977 -0.3122948706150055 -0.3172224462032318 0.44588738679885864 -0.8369911909103394 0.06658875197172165 0.8908693790435791 0.4493523836135864,77.2145004272461 -43.47098159790039 717.2987060546875,0.69
5,290,4,0.97607421875,0.749648928642273 -0.46240493655204773 0.4735061526298523 0.6443431973457336 0.3465147316455841 -0.6817252039909363 0.1511562615633011 0.8161551356315613 0.5577119588851929,37.948055267333984 -28.48177146911621 684.9509887695312,0.69
5,293,4,0.96923828125,0.5882424116134644 -0.43977004289627075 0.6786553859710693 0.7739812731742859 0.06295958161354065 -0.6300707459449768 0.23435835540294647 0.8959009647369385 0.3774092495441437,17.349828720092773 -24.225460052490234 675.8075561523438,0.69
5,306,4,0.951195478439331,0.20800061523914337 0.3174753487110138 0.9251731038093567 0.9192440509796143 -0.38667505979537964 -0.07397915422916412 0.33425477147102356 0.8658475875854492 -0.37226593494415283,-70.76759338378906 -39.5831413269043 697.0640258789062,0.69
5,353,4,0.966796875,0.9542114734649658 0.18017572164535522 -0.23878264427185059 -0.2988361120223999 0.6097211837768555 -0.7341233491897583 0.013319642283022404 0.7718657851219177 0.6356459856033325,76.04872131347656 -55.23479461669922 718.1640014648438,0.69
5,364,4,0.9677734375,0.5147740244865417 -0.5758235454559326 0.635165274143219 0.8269858360290527 0.13816224038600922 -0.5449821949005127 0.2260577380657196 0.8058153986930847 0.5473203063011169,21.669971466064453 -46.3133430480957 678.3754272460938,0.69
5,423,4,0.9527254104614258,0.8367238640785217 0.3802289664745331 -0.39410537481307983 -0.5475807785987854 0.5900506377220154 -0.5932920575141907 0.006955319549888372 0.7122260928153992 0.7019156217575073,78.85343933105469 -72.3738784790039 743.1797485351562,0.69
5,436,4,0.95607590675354,0.38920170068740845 -0.7186301350593567 0.5762748718261719 0.8924800157546997 0.13930897414684296 -0.4290367066860199 0.2280384600162506 0.68129563331604 0.6955822706222534,25.497201919555664 -66.7957763671875 690.3333740234375,0.69
9,45,4,0.9736328125,0.5720810890197754 -0.056902073323726654 0.818220853805542 0.7970516681671143 -0.19674867391586304 -0.5709627866744995 0.19347283244132996 0.9788013100624084 -0.06720230728387833,33.058799743652344 76.2082748413086 738.3031616210938,0.69
9,45,4,0.96826171875,0.7601221203804016 -0.3283286690711975 0.5607268214225769 0.5129938125610352 -0.2264188528060913 -0.8279926180839539 0.3988128900527954 0.9170249104499817 -0.003675407962873578,-85.59278106689453 -64.90284729003906 782.6250610351562,0.69
9,45,4,0.9673161506652832,-0.9392907023429871 0.3096846342086792 0.14774401485919952 -0.25813522934913635 -0.9214510321617126 0.2903345823287964 0.22605101764202118 0.23457062244415283 0.945451021194458,34.488739013671875 -16.694093704223633 741.048095703125,0.69
9,45,4,0.001681733876466751,0.9311907887458801 0.36388081312179565 -0.021783582866191864 0.3447912037372589 -0.8985869884490967 -0.27140459418296814 -0.1183333545923233 0.2452186644077301 -0.9622188210487366,79.5978012084961 24.533573150634766 716.3771362304688,0.69
9,57,4,0.9716796875,-0.8088277578353882 0.5874039530754089 0.027467142790555954 -0.530388593673706 -0.7488977313041687 0.3972912132740021 0.25394052267074585 0.3067719042301178 0.917281448841095,33.03909683227539 29.372262954711914 728.8513793945312,0.69
9,57,4,0.97119140625,-0.2912142276763916 0.42255547642707825 0.8582780361175537 0.9421939253807068 -0.028734644874930382 0.33383384346961975 0.16572563350200653 0.9058815240859985 -0.3897612392902374,-48.15203094482422 77.44718933105469 741.365234375,0.69
9,57,4,0.9658203125,0.12894722819328308 0.24926722049713135 0.9598116874694824 0.9093926548957825 -0.41569578647613525 -0.014215617440640926 0.39544618129730225 0.8746787309646606 -0.280284583568573,19.761150360107422 -90.70004272460938 786.4185791015625,0.69
9,57,4,0.0010486487299203873,0.8980445265769958 0.4388541579246521 -0.030381638556718826 0.42041927576065063 -0.8765440583229065 -0.2343461513519287 -0.12947463989257812 0.1976802498102188 -0.9716783165931702,16.110586166381836 85.4826889038086 689.0489501953125,0.69
9,91,4,0.96630859375,-0.044122740626335144 -0.2980307340621948 -0.9535360336303711 -0.9282174706459045 0.3651648163795471 -0.0711822584271431 0.36941227316856384 0.8819480538368225 -0.29274943470954895,-13.359773635864258 97.4646224975586 710.9913940429688,0.69
9,91,4,0.96484375,-0.802858829498291 0.5890601873397827 -0.09179166704416275 -0.5846989154815674 -0.7479651570320129 0.31412628293037415 0.11638233065605164 0.30586954951286316 0.944933295249939,-54.38705825805664 -21.025480270385742 753.8139038085938,0.69
9,91,4,0.9501953125,0.34429556131362915 -0.19478198885917664 -0.9184337258338928 -0.9171515703201294 0.13937444984912872 -0.37337353825569153 0.20073261857032776 0.9708938002586365 -0.1306585967540741,15.927318572998047 -68.05320739746094 791.2538452148438,0.69
9,91,4,0.06886029243469238,0.9757200479507446 -0.21885773539543152 0.008471027947962284 -0.19763825833797455 -0.8964688777923584 -0.3965889513492584 0.09439057856798172 0.3852855861186981 -0.9179571866989136,-51.206058502197266 -81.86528015136719 777.6388549804688,0.69
9,118,4,0.97314453125,-0.9453189373016357 0.29502323269844055 0.13904458284378052 -0.19641432166099548 -0.8553134202957153 0.4794374406337738 0.2603718936443329 0.42591097950935364 0.8664907813072205,36.044097900390625 -24.9102725982666 753.6415405273438,0.69
9,118,4,0.96826171875,0.5423161387443542 -0.1288626343011856 0.8302334547042847 0.8135645985603333 -0.1661827713251114 -0.5572215914726257 0.20977553725242615 0.977638840675354 0.014714484103024006,30.02880859375 64.28988647460938 729.2750854492188,0.69
9,118,4,0.9590041637420654,0.7092851400375366 -0.37840232253074646 0.5947489142417908 0.5878928303718567 -0.14801549911499023 -0.7952819466590881 0.3889686167240143 0.913730263710022 0.11747482419013977,-81.52311706542969 -70.79106903076172 793.6544799804688,0.69
9,118,4,0.001348019577562809,0.9888027906417847 0.1491682380437851 0.004214712418615818 0.13409727811813354 -0.8757997751235962 -0.4636729061603546 -0.0654740184545517 0.45904624462127686 -0.8859964609146118,79.36669158935547 14.525197982788086 722.5029907226562,0.69
9,128,4,0.9677889347076416,-0.09917889535427094 0.40276333689689636 0.9099149703979492 0.9792509078979492 -0.12289519608020782 0.1611345261335373 0.17672327160835266 0.9070162177085876 -0.38221779465675354,-38.3025016784668 67.72852325439453 731.173583984375,0.69
9,128,4,0.96728515625,-0.8925303220748901 0.44996821880340576 0.030302098020911217 -0.3520732820034027 -0.7371890544891357 0.5767119526863098 0.281840443611145 0.5040643215179443 0.8163853287696838,36.03116226196289 11.582114219665527 728.3472290039062,0.69
9,128,4,0.9619140625,0.2459518164396286 0.13158659636974335 0.9603086113929749 0.8809502124786377 -0.44356775283813477 -0.16484671831130981 0.40427032113075256 0.8865284323692322 -0.22501753270626068,5.830826282501221 -94.14534759521484 800.7025146484375,0.69
9,128,4,0.0037876274436712265,0.9971640110015869 0.07524782419204712 -0.0013414188288152218 0.06683487445116043 -0.8935909271240234 -0.443879097700119 -0.03459961339831352 0.4425306022167206 -0.8960857391357422,28.225934982299805 64.5587387084961 689.1226806640625,0.69
9,147,4,0.97705078125,-0.8364980816841125 0.5240996479988098 -0.1599704772233963 -0.4953405261039734 -0.5983799695968628 0.6297453045845032 0.23432618379592896 0.6060206890106201 0.7601514458656311,-30.16284942626953 17.94507598876953 722.9503784179688,0.69
9,147,4,0.9566798210144043,-0.8160653114318848 0.5770336389541626 -0.03270314261317253 0.47728851437568665 0.7047501802444458 0.5249026417732239 0.3259339928627014 0.41274601221084595 -0.8505338430404663,99.84801483154297 9.751063346862793 756.767822265625,0.69
9,147,4,0.9300069808959961,-0.8929983973503113 -0.28970232605934143 -0.3444220721721649 -0.43671926856040955 0.7427286505699158 0.5075731873512268 0.10876703262329102 0.6036777496337891 -0.7897740006446838,-81.25055694580078 -33.94426345825195 774.220947265625,0.69
9,147,4,0.6860125064849854,0.9507355093955994 -0.3081187903881073 0.03412937372922897 -0.23655392229557037 -0.7922224402427673 -0.562517523765564 0.2003602534532547 0.5267319679260254 -0.8260806798934937,-94.06057739257812 4.432661533355713 728.4065551757812,0.69
9,161,4,0.965364933013916,-0.1933877319097519 -0.3724375367164612 -0.9076846837997437 -0.9234187006950378 0.3816905617713928 0.04012623429298401 0.33151015639305115 0.8459329009056091 -0.41773009300231934,11.295530319213867 77.92015075683594 697.2258911132812,0.69
9,161,4,0.96142578125,-0.8559438586235046 0.5007347464561462 -0.1289377212524414 -0.4932844936847687 -0.7160170674324036 0.4939534664154053 0.15501803159713745 0.48639941215515137 0.8598750233650208,-56.70934295654297 -21.061962127685547 751.78271484375,0.69
9,161,4,0.9424381256103516,0.1643614023923874 -0.2718956768512726 -0.9481866955757141 -0.9706943035125732 0.12626981735229492 -0.20447121560573578 0.17532220482826233 0.954006552696228 -0.24317370355129242,-2.0840001106262207 -71.55807495117188 808.401611328125,0.69
9,161,4,0.9381613731384277,0.9594097137451172 -0.2817394733428955 0.012485000304877758 -0.2307238131761551 -0.8096032738685608 -0.5397306084632874 0.16217131912708282 0.5149422287940979 -0.8417452573776245,-67.95670318603516 -76.02592468261719 787.408447265625,0.69
9,167,4,0.970703125,-0.9149199724197388 0.40041354298591614 -0.05089845135807991 -0.3749918043613434 -0.7965525388717651 0.4742208421230316 0.1493411362171173 0.4529606103897095 0.8789334297180176,-47.20952606201172 -39.997318267822266 769.2542724609375,0.69
9,167,4,0.96728515625,0.2585682272911072 -0.25835901498794556 -0.9308024048805237 -0.8804574012756348 0.33338484168052673 -0.33711913228034973 0.3974131643772125 0.9067001938819885 -0.14127136766910553,-44.67563247680664 73.14643096923828 695.143310546875,0.69
9,167,4,0.9461817741394043,0.978013813495636 -0.20851773023605347 0.0030672752764075994 -0.1708526611328125 -0.8096131086349487 -0.5615479350090027 0.11957599222660065 0.5486775636672974 -0.8274385929107666,-24.615680694580078 -91.35830688476562 795.4627075195312,0.69
9,167,4,0.9449529647827148,0.6011124849319458 -0.02844414673745632 -0.7986580729484558 -0.7719287872314453 0.23801128566265106 -0.5894713997840881 0.2068566232919693 0.9708457589149475 0.12111469358205795,37.97041702270508 -60.107139587402344 800.0768432617188,0.69
9,179,4,0.96923828125,0.9180300831794739 -0.2564975917339325 -0.3023735284805298 -0.1975652277469635 0.3652861714363098 -0.9096889495849609 0.3437859117984772 0.8948602676391602 0.2846686542034149,-115.00357818603516 6.483494281768799 748.6039428710938,0.69
9,179,4,0.96484375,-0.9645541310310364 0.2398410141468048 0.110052689909935 -0.13908331096172333 -0.8164759278297424 0.5603774189949036 0.22425687313079834 0.5252078175544739 0.8208931684494019,-1.7676409482955933 -55.563148498535156 788.0586547851562,0.69
9,179,4,0.9614443778991699,0.9918349981307983 -0.12262773513793945 0.03501071408390999 0.0658876970410347 0.2576918601989746 -0.9639780521392822 0.10918847471475601 0.9584139585494995 0.263667494058609,73.07614135742188 -2.362973928451538 761.3770141601562,0.69
9,179,4,0.95607590675354,0.9974285364151001 -0.06942702829837799 -0.017785144969820976 -0.06656929850578308 -0.8055433630943298 -0.588785707950592 0.026550931856036186 0.5884555578231812 -0.8080935478210449,62.63817977905274 -67.90237426757812 788.4104614257812,0.69
9,195,4,0.9697265625,-0.935419499874115 0.34138166904449463 0.09191832691431046 -0.19130472838878632 -0.707402229309082 0.6804297566413879 0.2973094582557678 0.618902862071991 0.7270257472991943,41.33406448364258 -18.021682739257812 752.4483032226562,0.69
9,195,4,0.96923828125,0.3006060719490051 0.061743780970573425 0.9517476558685303 0.9247704148292542 -0.26298508048057556 -0.27502453327178955 0.2333143949508667 0.9628221392631531 -0.13615375757217407,0.48374176025390625 56.44273376464844 706.6062622070312,0.69
9,195,4,0.9629085063934326,0.4545586407184601 -0.27327442169189453 0.8477602601051331 0.786867618560791 -0.3228026032447815 -0.5259636640548706 0.41739165782928467 0.9061564207077026 0.0682980865240097,-44.97745895385742 -88.0484390258789 819.9158935546875,0.69
9,195,4,0.02918228507041931,0.9997903108596802 0.02038225531578064 0.001977271866053343 0.017558922991156578 -0.8035863637924194 -0.5949290990829468 -0.010537078604102135 0.5948390960693359 -0.8037757873535156,64.30450439453125 26.6658992767334 714.5918579101562,0.69
9,204,4,0.9697551727294922,-0.22113122045993805 0.6043747663497925 0.7653967142105103 0.9595921635627747 -0.0052049546502530575 0.28134629130363464 0.17402246594429016 0.796683132648468 -0.5788023471832275,-59.51657485961914 42.71519088745117 729.9137573242188,0.69
9,204,4,0.966796875,-0.8989006280899048 0.43669939041137695 -0.03565714508295059 -0.31656718254089355 -0.5910414457321167 0.7419267296791077 0.30292409658432007 0.6782062649726868 0.6695321202278137,29.158248901367188 10.173209190368652 741.4019165039062,0.69
9,204,4,0.5508992671966553,0.14140759408473969 0.38760289549827576 0.9109159708023071 0.9273521900177002 -0.3738837242126465 0.015131773427128792 0.34644177556037903 0.8426001667976379 -0.41231435537338257,39.664669036865234 -86.03128051757812 826.6592407226562,0.69
9,204,4,0.030730023980140686,0.9941952228546143 -0.10758969932794571 0.000500382564496249 -0.08779974281787872 -0.8139944076538086 -0.574198842048645 0.06218518689274788 0.5708218216896057 -0.8187157511711121,1.9791880846023562 52.044212341308594 688.1410522460938,0.69
9,210,4,0.9716796875,-0.8897070288658142 0.4501020908355713 -0.07635065168142319 -0.3577846586704254 -0.5835649967193604 0.7290006279945374 0.28356918692588806 0.6759140491485596 0.680241584777832,7.523088455200195 20.7620849609375 723.087890625,0.69
9,210,4,0.8557465076446533,-0.1735139787197113 0.720862865447998 0.6710065007209778 0.9280909299850464 -0.10823929309844971 0.35627442598342896 0.329454243183136 0.6845736503601074 -0.6502452492713928,82.85845947265625 -57.28586196899414 814.1915893554688,0.69
9,210,4,0.852724552154541,0.976668119430542 -0.21418634057044983 0.015608174726366997 -0.16676564514636993 -0.8022104501724243 -0.57327800989151 0.1353093385696411 0.5572994351387024 -0.8192123174667358,-45.01232147216797 45.93604278564453 693.4699096679688,0.69
9,210,4,0.7270317077636719,-0.6882023811340332 0.6422569751739502 0.33746644854545593 0.7130192518234253 0.5127582550048828 0.4782077670097351 0.1340935230255127 0.5697237849235535 -0.8108230233192444,-83.625732421875 15.398001670837402 744.1376953125,0.69
9,227,4,0.9619846343994141,0.9492009282112122 -0.31222423911094666 0.039161961525678635 -0.19939777255058289 -0.6930829286575317 -0.6927313208580017 0.2434299886226654 0.6497323513031006 -0.7201317548751831,-92.95057678222656 -54.26677703857422 776.87548828125,0.69
9,227,4,0.9595298767089844,-0.5613970756530762 -0.5106927156448364 -0.651172935962677 -0.7726582884788513 0.6052675843238831 0.19144268333911896 0.29636549949645996 0.6106095314025879 -0.7343863844871521,58.97880935668945 45.219234466552734 709.6115112304688,0.69
9,227,4,0.9453389644622803,-0.8864692449569702 0.42647746205329895 -0.179692342877388 -0.416658878326416 -0.5665022134780884 0.7109646797180176 0.20141425728797913 0.7051186561584473 0.6798824071884155,-54.17066192626953 -14.414023399353027 751.4061889648438,0.69
9,227,4,0.9357271194458008,-0.13943611085414886 -0.5757936835289001 -0.8056172728538513 -0.9840173125267029 0.17156799137592316 0.047689858824014664 0.11075861752033234 0.7993910908699036 -0.5905137062072754,-40.52424621582031 -67.11650085449219 830.4708862304688,0.69
9,235,4,0.965836763381958,0.07552067190408707 -0.2923504412174225 -0.9533246755599976 -0.9395685791969299 0.29930415749549866 -0.16621676087379456 0.33392757177352905 0.9082667231559753 -0.2520796060562134,-12.667153358459473 58.618465423583984 681.8043823242188,0.69
9,235,4,0.9555878639221191,-0.9189245104789734 0.38102391362190247 -0.10197259485721588 -0.3535389006137848 -0.6810169219970703 0.6412691473960876 0.1748938113451004 0.6253292560577393 0.7605100274085999,-53.60643768310547 -37.31277847290039 766.6234130859375,0.69
9,235,4,0.9429526329040527,0.9652070999145508 -0.260872483253479 0.01790807954967022 -0.18761692941188812 -0.7386157512664795 -0.647492527961731 0.18214017152786255 0.6216045022010803 -0.7618613243103027,-51.367919921875 -87.8920669555664 820.703125,0.69
9,235,4,0.9273505210876465,0.36654847860336304 -0.09874258190393448 -0.9251443147659302 -0.9058036804199219 0.18924780189990997 -0.37908437848091125 0.21251331269741058 0.9769519567489624 -0.020072899758815765,15.738641738891602 -65.86815643310547 806.4024658203125,0.69
9,239,4,0.970703125,0.3480035364627838 -0.1954297125339508 -0.9168973565101624 -0.8515132665634155 0.34326454997062683 -0.3963516056537628 0.39219722151756287 0.9186819791793823 -0.0469537191092968,-49.389312744140625 52.444515228271484 688.140869140625,0.69
9,239,4,0.9658203125,-0.943176805973053 0.3281370997428894 -0.052378688007593155 -0.2788831889629364 -0.6959826350212097 0.6616888642311096 0.18067003786563873 0.6386972069740295 0.7479466199874878,-45.470577239990234 -47.182334899902344 780.2954711914062,0.69
9,239,4,0.9580280780792236,0.9749290943145752 -0.22216159105300903 0.01254566852003336 -0.1514478474855423 -0.7038047909736633 -0.6940621733665466 0.16302365064620972 0.6747614145278931 -0.7198057770729065,-20.087820053100586 -92.63795471191406 818.2695922851562,0.69
9,239,4,0.9199607372283936,0.6443089842796326 0.015530362725257874 -0.7646076083183289 -0.7359670996665955 0.2843708097934723 -0.6143985986709595 0.20789024233818054 0.9585886001586914 0.1946524977684021,40.575313568115234 -58.112422943115234 810.3169555664062,0.69
9,248,4,0.9697265625,0.8671520948410034 -0.12081621587276459 -0.4831673800945282 -0.3686665892601013 0.496560275554657 -0.7858198881149292 0.33486148715019226 0.8595530390739441 0.38605237007141113,-108.5581283569336 11.443547248840332 735.731689453125,0.69
9,248,4,0.9648606777191162,0.9842106103897095 0.024816328659653664 -0.1752534806728363 -0.1648060530424118 0.4896482229232788 -0.8562030792236328 0.06456473469734192 0.8715670108795166 0.4860067367553711,71.79195404052734 -21.425230026245117 768.0676879882812,0.69
9,248,4,0.9507074356079102,0.9892917275428772 -0.14501217007637024 -0.01653418317437172 -0.11378755420446396 -0.6953662037849426 -0.7095900774002075 0.09140188992023468 0.7038729786872864 -0.7044206261634827,48.664825439453125 -80.5776138305664 813.129638671875,0.69
9,248,4,0.9458270072937012,-0.9672591090202332 0.23871125280857086 0.08617841452360153 -0.10930130630731583 -0.6982820630073547 0.7074286937713623 0.22904802858829498 0.674847424030304 0.7015111446380615,-11.986659049987793 -57.49894714355469 787.9448852539062,0.69
9,254,4,0.97216796875,0.9369254112243652 -0.349467009305954 0.0065986053086817265 0.1720920205116272 0.44478467106819153 -0.8789487481117249 0.30422863364219666 0.8246449828147888 0.4768705666065216,-115.17632293701172 -26.612091064453125 775.9293212890625,0.69
9,254,4,0.970703125,0.9070770144462585 -0.2717398405075073 0.3215101957321167 0.4102446138858795 0.39936110377311707 -0.8198842406272888 0.09439653158187866 0.8755959272384644 0.47373107075691223,68.43685150146484 6.38260555267334 749.60205078125,0.69
9,254,4,0.9414346218109131,-0.9594969153404236 0.2523471713066101 0.12524573504924774 -0.09231789410114288 -0.7016698122024536 0.7064962387084961 0.2661634683609009 0.6663185954093933 0.6965462565422058,13.130233764648438 -56.23895263671875 794.4348754882812,0.69
9,254,4,0.9365234375,0.9947908520698547 -0.09893059730529785 -0.02457556128501892 -0.08584710955619812 -0.683056652545929 -0.7253026366233826 0.05496811494231224 0.7236341238021851 -0.6879913806915283,78.27436065673828 -54.48213577270508 785.022216796875,0.69
9,278,4,0.9648771286010742,-0.25827670097351074 0.7382833957672119 0.6230816841125488 0.9513394236564636 0.08216439187526703 0.29698869585990906 0.16806669533252716 0.6694674491882324 -0.7235792875289917,-70.88763427734375 18.855749130249023 732.02783203125,0.69
9,278,4,0.9595298767089844,0.9826444983482361 -0.18265382945537567 0.032363783568143845 -0.10103074461221695 -0.6733039617538452 -0.732430636882782 0.15557192265987396 0.7164492011070251 -0.680072009563446,-17.669048309326172 32.24583435058594 692.010498046875,0.69
9,278,4,0.95556640625,-0.9177458882331848 0.39445310831069946 -0.046359769999980927 -0.23866331577301025 -0.45441463589668274 0.8582233190536499 0.3174622356891632 0.7986952662467957 0.5111786723136902,22.502748489379883 2.1784780025482178 745.3203125,0.69
9,278,4,0.9349193572998047,0.1185016855597496 0.538623034954071 0.834171712398529 0.9383390545845032 -0.3355197608470917 0.08334486186504364 0.32477259635925293 0.7728594541549683 -0.5451706647872925,59.31000518798828 -72.64822387695312 828.7083740234375,0.69
9,437,4,0.9365200996398926,0.9307643175125122 -0.3623308837413788 0.04893045127391815 -0.03378448635339737 -0.21848826110363007 -0.9752546548843384 0.3640555739402771 0.906079113483429 -0.21560223400592804,-95.89578247070312 -49.768577575683594 759.830810546875,0.69
9,437,4,0.934145450592041,-0.9362797737121582 0.2992366552352905 -0.18394985795021057 -0.22622007131576538 -0.11307249218225479 0.9674911499023438 0.26870912313461304 0.9474554657936096 0.17356084287166595,-34.31576919555664 -37.72433853149414 739.423095703125,0.69
9,437,4,0.8237020969390869,-0.007489306386560202 -0.8935597538948059 -0.4488816559314728 -0.9958908557891846 0.04717941954731941 -0.07730122655630112 0.09025124460458755 0.44645822048187256 -0.8902413249015808,-73.86933898925781 -43.411293029785156 829.7866821289062,0.69
9,437,4,0.04121464490890503,0.05077959597110748 -0.8328021764755249 -0.551236629486084 -0.9916315674781799 0.02355378307402134 -0.126933291554451 0.11869405210018158 0.5530692934989929 -0.8246368765830994,-74.0587387084961 -43.83799743652344 852.6568603515625,0.69
9,484,4,0.96044921875,0.25480300188064575 -0.12205853313207626 0.9592586159706116 0.9065849781036377 -0.3149685263633728 -0.28088894486427307 0.3364211916923523 0.9412208199501038 0.030401501804590225,-4.299274444580078 -14.07697868347168 703.45849609375,0.69
9,484,4,0.9360661506652832,0.9857094287872314 -0.16362474858760834 0.04004805535078049 0.01020485907793045 -0.17929992079734802 -0.9837414622306824 0.168145090341568 0.9700919389724731 -0.17506785690784454,60.311683654785156 -35.57052230834961 702.3094482421875,0.69
9,484,4,0.01154925674200058,0.9938629269599915 -0.0939299613237381 0.0584259070456028 0.04376664012670517 -0.15117380023002625 -0.9875378608703613 0.10159186273813248 0.9840344190597534 -0.14613503217697144,64.71539306640625 -35.990318298339844 721.7755737304688,0.69
9,484,4,0.0028910525143146515,0.18809649348258972 -0.1779053509235382 0.9659033417701721 0.9347658157348633 -0.26935771107673645 -0.2316446453332901 0.3013843595981598 0.946465015411377 0.11563458293676376,-4.797690391540527 -13.523633003234863 694.5202026367188,0.69
17,3,4,0.9560966491699219,0.9469965100288391 -0.2970147430896759 0.12239181250333786 0.10354934632778168 -0.07842694967985153 -0.9915274977684021 0.30409708619117737 0.951646625995636 -0.04351436346769333,-47.813026428222656 9.598761558532715 756.9517822265625,0.69
17,3,4,0.0013262182474136353,0.8043457865715027 -0.556029736995697 -0.20942452549934387 -0.12007482349872589 0.19307897984981537 -0.973808228969574 0.5819019079208374 0.8084251284599304 0.08853708207607269,-226.77952575683594 -23.43938636779785 968.5452270507812,0.69
17,50,4,0.96044921875,-0.4721947908401489 -0.2628597617149353 -0.8413898348808289 -0.8263160586357117 0.4643939435482025 0.318653404712677 0.30697518587112427 0.8457204103469849 -0.43648967146873474,15.105229377746582 37.47502899169922 760.5703735351562,0.69
17,50,4,0.0010941876098513603,0.6954584121704102 -0.05393071100115776 -0.7165396213531494 -0.6088520884513855 0.48536577820777893 -0.6274704337120056 0.3816237449645996 0.8726462125778198 0.3047159016132355,-154.75973510742188 1.730664610862732 840.6005859375,0.69
17,60,4,0.9477791786193848,0.3613433539867401 -0.3554839789867401 -0.8620105385780334 -0.8770900964736938 0.18417097628116608 -0.4436146914958954 0.316455215215683 0.9163581132888794 -0.24524250626564026,-17.064939498901367 43.07160949707031 727.7525024414062,0.69
17,60,4,0.00230224896222353,0.44031205773353577 -0.2488194704055786 -0.8626785278320312 -0.3228450417518616 0.8526903986930847 -0.4107191264629364 0.8377925157546997 0.45935606956481934 0.2951197326183319,178.25465393066406 45.897823333740234 872.9710693359375,0.69
17,72,4,0.9580078125,0.9458456039428711 -0.2740020453929901 -0.1740662008523941 -0.1335747241973877 0.16020473837852478 -0.9780042171478271 0.2958613634109497 0.9482918381690979 0.11492919921875,-46.09297180175781 9.79292106628418 757.8885498046875,0.69
17,72,4,0.2464916706085205,0.9416260123252869 -0.336620956659317 0.005172706674784422 -0.3022431433200836 -0.8520295023918152 -0.4274279773235321 0.14828850328922272 0.40091395378112793 -0.9040346145629883,-97.47360229492188 -91.0264663696289 789.5311279296875,0.69
17,85,4,0.966796875,0.5922604203224182 -0.21813853085041046 0.7756565809249878 0.7267763614654541 -0.271003782749176 -0.6311520934104919 0.34788447618484497 0.937535285949707 -0.001966889249160886,-36.19389724731445 -26.870834350585938 769.5656127929688,0.69
17,85,4,0.7752323150634766,0.9964957237243652 -0.08085515350103378 -0.021417494863271713 -0.08215101808309555 -0.8979265093803406 -0.43241095542907715 0.0157313235104084 0.4326551854610443 -0.9014222621917725,36.93172073364258 -115.46050262451172 800.8016967773438,0.69
17,92,4,0.9658203125,0.25484293699264526 0.17998278141021729 0.9500848650932312 0.9048753380775452 -0.39083048701286316 -0.1686778962612152 0.3409630358219147 0.9026947021484375 -0.2624623775482178,-14.911811828613281 -35.7322883605957 760.3662719726562,0.69
17,92,4,0.34269189834594727,0.9958124756813049 0.09081071615219116 -0.01053067296743393 0.07702020555734634 -0.8954355716705322 -0.4384779632091522 -0.04924803599715233 0.4358307123184204 -0.8986802697181702,96.48540496826172 -72.36851501464844 775.6325073242188,0.69
17,107,4,0.9527254104614258,-0.7347632050514221 0.6353678107261658 0.23755168914794922 0.6136345863342285 0.47334569692611694 0.6319781541824341 0.2890945374965668 0.6101242303848267 -0.7376806735992432,26.89365005493164 -16.05607795715332 771.9337768554688,0.69
17,107,4,0.00911092758178711,0.45701274275779724 0.8696541786193848 -0.18665720522403717 -0.8850729465484619 0.4238147735595703 -0.19242380559444427 -0.088234081864357 0.25314536690711975 0.9633961319923401,30.536884307861328 -104.70650482177734 933.1141967773438,0.69
17,121,4,0.9541237354278564,-0.5326550006866455 -0.3834889531135559 -0.7544633746147156 -0.8008391261100769 0.5167186856269836 0.30275171995162964 0.2737433612346649 0.7654659748077393 -0.582345724105835,19.227262496948242 22.51388168334961 769.371826171875,0.69
17,121,4,0.002027371898293495,0.12216363102197647 0.07139601558446884 0.9899387359619141 0.9109746813774109 -0.4039665460586548 -0.08328430354595184 0.39395594596862793 0.9119833707809448 -0.11438997089862823,-153.95266723632812 10.011523246765137 839.8245239257812,0.69
17,128,4,0.9360661506652832,0.0828864648938179 -0.36006879806518555 -0.9292364120483398 -0.9582142233848572 0.2273702770471573 -0.17357471585273743 0.27377957105636597 0.9047945737838745 -0.3261771500110626,-1.9098999500274658 32.02598190307617 762.4486083984375,0.69
17,128,4,0.002394493669271469,-0.7876370549201965 0.5911683440208435 -0.17363177239894867 -0.15583929419517517 0.08150102943181992 0.9844144582748413 0.5961057543754578 0.8024199604988098 0.027934014797210693,198.9227752685547 -38.32390213012695 926.3627319335938,0.69
17,159,4,0.951195478439331,0.9958442449569702 -0.09064184874296188 -0.008849258534610271 -0.07816999405622482 -0.8008556962013245 -0.5937336683273315 0.04673014208674431 0.5919580459594727 -0.804612934589386,57.188846588134766 -107.17695617675781 819.8455200195312,0.69
17,159,4,0.9507074356079102,0.4712643623352051 -0.2392183393239975 0.8489313721656799 0.8047231435775757 -0.2773521840572357 -0.5248775482177734 0.3610133230686188 0.9305108189582825 0.06179831922054291,-31.090396881103516 -36.41065979003906 786.4189453125,0.69
17,224,4,0.96337890625,0.7843109965324402 -0.4505695402622223 0.42643091082572937 0.5578063130378723 0.2113734930753708 -0.802604079246521 0.27149274945259094 0.867357075214386 0.41711312532424927,-44.67724609375 -27.56553840637207 771.0172729492188,0.69
17,224,4,0.9502193927764893,0.9726234078407288 -0.2315344512462616 0.019886650145053864 -0.14410409331321716 -0.6680510640144348 -0.7300286293029785 0.18231207132339478 0.7071772217750549 -0.6831271648406982,-22.840015411376953 -116.75921630859375 849.2157592773438,0.69
17,240,4,0.96240234375,0.21722115576267242 0.31273889541625977 0.924667239189148 0.9185686111450195 -0.38595882058143616 -0.08525034785270691 0.33022233843803406 0.8678884506225586 -0.3711105287075043,-3.073030471801758 -46.25669860839844 805.5906372070312,0.69
17,240,4,0.9502193927764893,0.9999345541000366 -0.011216082610189915 -0.002249404089525342 -0.00958505179733038 -0.7141545414924622 -0.6999224424362183 0.0062439520843327045 0.6998981833457947 -0.7142152786254883,116.13501739501953 -55.56840133666992 795.8016967773438,0.69
17,256,4,0.9561367034912109,0.9991397857666016 -0.03870907053351402 0.01487642154097557 -0.017012054100632668 -0.7097564339637756 -0.7042416334152222 0.03781917691230774 0.7033827900886536 -0.7098044157028198,49.9500846862793 47.174171447753906 679.5839233398438,0.69
17,256,4,0.0010467111133038998,0.8927363753318787 -0.36359724402427673 0.26611796021461487 0.4216482937335968 0.46591952443122864 -0.7779021859169006 0.15885351598262787 0.8066698312759399 0.5692534446716309,-12.22968864440918 -119.57664489746094 974.4285278320312,0.69
17,268,4,0.9526820182800293,0.9598652124404907 -0.27516067028045654 0.05427063629031181 -0.16566166281700134 -0.7123932242393494 -0.6819472908973694 0.22630709409713745 0.6455869078636169 -0.7293850779533386,-77.8483657836914 40.494285583496094 677.7407836914062,0.69
17,268,4,0.9201478958129883,-0.139322429895401 -0.5842922925949097 -0.799494743347168 -0.9722367525100708 0.23399415612220764 -0.0015842559514567256 0.18800276517868042 0.7770774364471436 -0.6006710529327393,12.324804306030273 2.331493377685547 758.6595458984375,0.69
17,308,4,0.951195478439331,0.34068629145622253 0.06264127790927887 0.9380879998207092 0.8659765124320984 -0.4094202220439911 -0.2871583104133606 0.36608415842056274 0.9101930260658264 -0.1937297135591507,-11.985321998596191 -46.84735870361328 784.6770629882812,0.69
17,308,4,0.95068359375,0.9948629140853882 -0.09876751154661179 0.0221968162804842 -0.03127461299300194 -0.5084185600280762 -0.8605419397354126 0.09627886116504669 0.855427086353302 -0.5088956952095032,100.00044250488281 -75.27912139892578 825.6409301757812,0.69
18,139,4,0.9279375076293945,0.8914250731468201 -0.33896276354789734 0.30077511072158813 0.3350866138935089 0.046196602284908295 -0.941054105758667 0.30508750677108765 0.9396649599075317 0.15476268529891968,-62.68307495117187 38.51601028442383 725.2171630859375,0.69
18,139,4,0.001797189936041832,0.3979516327381134 -0.76115483045578 -0.5121307373046875 -0.9108607172966003 -0.26125064492225647 -0.31950098276138306 0.10939526557922363 0.5936257243156433 -0.7972710728645325,126.13509368896483 -54.887672424316406 995.3003540039062,0.69
18,491,4,0.0029766038060188293,0.8706825971603394 0.4266835153102875 -0.24464859068393707 -0.49153679609298706 0.7724705934524536 -0.40209540724754333 0.017416344955563545 0.4703512489795685 0.8823073506355286,-80.16624450683594 -80.15904235839844 827.2349853515625,0.69
18,491,4,0.0017430773004889488,0.24341030418872833 -0.019599689170718193 -0.9697253108024597 -0.8362786173820496 0.502204954624176 -0.22006426751613617 0.4913140833377838 0.8645265102386475 0.10585106164216995,52.66987228393555 -20.161239624023438 805.7156982421875,0.69
20,21,4,0.9682769775390625,0.798783540725708 -0.4276002049446106 0.4232054650783539 0.5570610165596008 0.26001232862472534 -0.7887184023857117 0.22721748054027557 0.8657665848731995 0.4458930194377899,9.478001594543457 -73.7627944946289 771.1032104492188,0.69
20,21,4,0.9663248062133789,0.5754750967025757 -0.14318202435970306 0.8051878213882446 0.7652531862258911 -0.25300806760787964 -0.5919244289398193 0.28847193717956543 0.9568102955818176 -0.03602934256196022,-71.88440704345703 66.01424407958984 730.9694213867188,0.69
20,21,4,0.9541237354278564,-0.8617340922355652 0.3619166612625122 -0.35557106137275696 -0.33919835090637207 0.11021476238965988 0.9342361688613892 0.3773048222064972 0.9256722331047058 0.02778572589159012,27.089759826660156 17.666805267333984 733.862060546875,0.69
20,21,4,0.006279855966567993,-0.536787211894989 0.8034633994102478 0.2574995458126068 0.8278402090072632 0.44262754917144775 0.34461790323257446 0.16291150450706482 0.39815497398376465 -0.9027360677719116,-27.74575424194336 1.961588144302368 719.705078125,0.69
20,58,4,0.9619140625,-0.8262457251548767 0.2850375771522522 -0.4858720302581787 -0.4410063326358795 0.20932696759700775 0.872751772403717 0.3504731357097626 0.9353801012039185 -0.047252118587493896,-32.90519714355469 74.3825454711914 717.29052734375,0.69
