scene_id,im_id,obj_id,score,R,t,time
2,3,2,0.8196859359741211,-0.6034453511238098 0.7966409921646118 -0.03488165885210037 -0.054686058312654495 -0.08498573303222656 -0.9948803186416626 -0.795526921749115 -0.5984483957290649 0.09484941512346268,606.6234741210938 38.65337371826172 1859.263916015625,0.69
2,44,2,0.9032399654388428,-0.6398465037345886 0.7675254940986633 -0.03874378278851509 0.08529874682426453 0.02082531526684761 -0.9961377382278442 -0.7637543082237244 -0.6406800150871277 -0.0787939727306366,539.3899536132812 21.573633193969727 1650.48046875,0.69
2,151,2,0.5275721549987793,-0.5280871987342834 0.8430863618850708 -0.10163295269012451 0.7786557078361511 0.43298691511154175 -0.45411184430122375 -0.3388497829437256 -0.3189477324485779 -0.8851288557052612,276.3667297363281 -88.20769500732422 1697.712158203125,0.69
2,207,2,0.8272132873535156,-0.15019872784614563 0.9773550629615784 -0.14905482530593872 0.9558173418045044 0.10501568019390106 -0.27456292510032654 -0.25269240140914917 -0.18370820581912994 -0.9499462246894836,165.5340118408203 -87.87799835205078 1676.2330322265625,0.69
2,309,2,0.8986001014709473,0.8763624429702759 0.4462670087814331 -0.1812034547328949 0.44172337651252747 -0.8946457505226135 -0.06700286269187927 -0.19201408326625824 -0.021323002874851227 -0.9811604619026184,95.42799377441406 -108.50102233886719 1653.6058349609375,0.69
2,329,2,0.8713970184326172,0.980968177318573 0.06920420378446579 -0.18141742050647736 0.06716670095920563 -0.9975907802581787 -0.01735818013548851 -0.18218159675598145 0.004842615220695734 -0.983253002166748,97.53880310058594 -93.77589416503906 1689.714111328125,0.69
2,351,2,0.5075109004974365,0.919965922832489 -0.32930874824523926 -0.21264642477035522 -0.3835102319717407 -0.8683839440345764 -0.3143712878227234 -0.08113351464271545 0.3707629144191742 -0.9251768589019775,92.77745819091797 -106.13555908203125 1741.2774658203125,0.69
2,407,2,0.8811635971069336,0.8975165486335754 -0.3546314835548401 -0.2621081471443176 -0.34937968850135803 -0.2091803103685379 -0.9133331179618835 0.2690688669681549 0.9113069176673889 -0.3116437792778015,93.58514404296875 -101.59346008300781 1606.61669921875,0.69
2,411,2,0.8589553833007812,0.87291419506073 -0.4276745915412903 -0.2347661554813385 -0.3186522424221039 -0.13540716469287872 -0.9381501078605652 0.3694339692592621 0.8937333822250366 -0.2544783353805542,90.81730651855469 -95.77314758300781 1609.0413818359375,0.69
2,430,2,0.927886962890625,0.6454797983169556 -0.7559815645217896 -0.10884734243154526 -0.28521206974983215 -0.10637404769659042 -0.9525432586669922 0.708526611328125 0.6458920240402222 -0.28427737951278687,62.21903991699219 -38.313270568847656 1612.8828125,0.69
2,475,2,0.8858880996704102,0.8783658146858215 -0.4556388556957245 -0.1444529891014099 -0.12853863835334778 0.06591611355543137 -0.9895113706588745 0.4603816568851471 0.8877207636833191 -0.0006687334389425814,41.29135513305664 -33.04194641113281 1652.2730712890625,0.69
2,488,2,0.7993412017822266,0.9977560043334961 0.049488093703985214 -0.04509910196065903 -0.04667773097753525 0.031220577657222748 -0.9984219670295715 -0.048001982271671295 0.9982866644859314 0.03346050903201103,45.858516693115234 -46.86862564086914 1702.2294921875,0.69
2,502,2,0.8886966705322266,0.6184512376785278 0.7855968475341797 0.01885916106402874 -0.08406885713338852 0.0900055319070816 -0.9923866987228394 -0.7813133597373962 0.6121572852134705 0.12170825153589249,58.67451858520508 -47.86904525756836 1641.0299072265625,0.69
2,563,2,0.9028816223144531,-0.35399460792541504 0.9329480528831482 0.0655432716012001 -0.0451505184173584 0.0529518760740757 -0.9975758790969849 -0.9341570138931274 -0.3560957908630371 0.02337840385735035,93.91840362548828 -35.22697448730469 1633.3372802734375,0.69
2,600,2,0.9063816070556641,-0.7063478231430054 0.7078536152839661 -0.0039927284233272076 0.11038412898778915 0.1045742779970169 -0.9883721470832825 -0.6992052793502808 -0.6985752582550049 -0.15200161933898926,86.65840911865234 -37.9368782043457 1585.5850830078125,0.69
2,644,2,0.9103696346282959,-0.6729918718338013 0.7364271879196167 -0.06897064298391342 0.22184138000011444 0.11201458424329758 -0.9686274528503418 -0.7055978775024414 -0.6671789884567261 -0.23875492811203003,33.74108123779297 -22.391769409179688 1450.308349609375,0.69
2,727,2,0.9145317077636719,-0.42895784974098206 0.9023815989494324 0.041263122111558914 0.3847596049308777 0.22384680807590485 -0.8954622745513916 -0.8172852396965027 -0.36823922395706177 -0.443220853805542,-149.4364776611328 -19.160991668701172 1368.3253173828125,0.69
2,793,2,0.9169936180114746,-0.42401471734046936 0.905655026435852 -0.0006090310052968562 0.2878662943840027 0.13413722813129425 -0.9482300281524658 -0.8586875796318054 -0.4022388458251953 -0.31758376955986023,-172.33680725097656 -11.8961820602417 1158.824951171875,0.69
2,832,2,0.9347240924835205,-0.4117162823677063 0.910792887210846 0.030760472640395164 -0.007528283167630434 0.03035367839038372 -0.9995108246803284 -0.9112810492515564 -0.4117465019226074 -0.005640395451337099,-206.5701141357422 26.771183013916016 1097.898681640625,0.69
2,845,2,0.9434137344360352,-0.3217807412147522 0.9458778500556946 0.04209815338253975 0.06105564162135124 0.06510002911090851 -0.996009111404419 -0.944843590259552 -0.31792622804641724 -0.07869911193847656,-198.0130615234375 32.23881912231445 1085.6390380859375,0.69
2,888,2,0.8990883827209473,-0.45401233434677124 0.8880346417427063 -0.07257704436779022 0.5180885791778564 0.1968480348587036 -0.8323672413825989 -0.7248841524124146 -0.4155063331127167 -0.549452006816864,-163.16505432128906 70.07117462158203 1049.39013671875,0.69
2,908,2,0.8969306945800781,-0.5051776170730591 0.8519289493560791 -0.13788607716560364 0.623885452747345 0.250115305185318 -0.7404115796089172 -0.596290647983551 -0.46006450057029724 -0.657858669757843,-128.81224060058594 78.0142822265625 1047.9774169921875,0.69
2,913,2,0.8923451900482178,-0.490470826625824 0.8619370460510254 -0.12846390902996063 0.657288670539856 0.269100546836853 -0.703957736492157 -0.5721975564956665 -0.4297086298465729 -0.6985273957252502,-115.5164794921875 84.0423583984375 1044.990478515625,0.69
2,955,2,0.8699798583984375,0.667336106300354 0.6860610246658325 -0.28979796171188354 0.5205633640289307 -0.707964301109314 -0.47728437185287476 -0.5326128602027893 0.16765090823173523 -0.8295882940292358,-29.957509994506836 118.38909912109375 1036.9822998046875,0.69
2,985,2,0.8795595169067383,0.9753209352493286 0.039796337485313416 -0.21717537939548492 -0.04551653563976288 -0.9262531399726868 -0.3741433620452881 -0.21604891121387482 0.37479493021965027 -0.9015827775001526,59.532989501953125 123.87440490722656 1056.0701904296875,0.69
2,989,2,0.9290943145751953,-0.26477548480033875 0.9597148895263672 -0.094028040766716 -0.024069122970104218 -0.1040550023317337 -0.994280219078064 -0.964009702205658 -0.26099786162376404 0.0506506972014904,126.5845718383789 67.05110931396484 549.6366577148438,0.69
2,1065,2,0.7900047302246094,0.24800483882427216 0.9560586214065552 -0.15634992718696594 -0.04434576630592346 -0.15001900494098663 -0.9876880049705505 -0.9677432179450989 0.2518848776817322 0.005191713105887175,109.21295928955078 89.07511138916016 666.3914184570312,0.69
2,1089,2,0.8596858978271484,0.6353930830955505 0.755742073059082 -0.15852326154708862 -0.1265464723110199 -0.10060478001832962 -0.986845850944519 -0.7617490291595459 0.6470956206321716 0.03171290457248688,121.34674835205078 100.29090118408203 694.2454833984375,0.69
2,1092,2,0.8969199657440186,0.6545146107673645 0.742167592048645 -0.14421503245830536 -0.09564923495054245 -0.10793200135231018 -0.9895463585853577 -0.7499745488166809 0.6614665985107422 0.0003446841728873551,124.11195373535156 107.2462387084961 691.7454833984375,0.69
2,1115,2,0.7963333129882812,0.158914715051651 0.6967315673828125 0.6995078325271606 0.6276512742042542 0.47561347484588623 -0.6163161993026733 -0.7621023058891296 0.5369886755943298 -0.361722469329834,261.9371032714844 184.34127807617188 1348.5653076171875,0.69
2,1164,2,0.8279657363891602,-0.0586676150560379 -0.9959709644317627 -0.06782323867082596 5.679989772033878e-05 0.06793693453073502 -0.9976896047592163 0.9982775449752808 -0.058535922318696976 -0.0039291284047067165,240.9980926513672 250.24520874023438 1323.2259521484375,0.69
2,1202,2,0.8869614601135254,0.5124175548553467 0.8586815595626831 0.009709597565233707 0.6566309332847595 -0.3845072388648987 -0.6488374471664429 -0.5534113049507141 0.33885130286216736 -0.7608650922775269,90.15998840332031 176.9315185546875 692.9722290039062,0.69
2,1227,2,0.9275150299072266,0.48422449827194214 0.8712108731269836 -0.08073587715625763 0.7752795219421387 -0.4700069725513458 -0.4219420552253723 -0.40554696321487427 0.14172182977199554 -0.9030207991600037,102.14185333251953 139.52394104003906 669.96875,0.69
2,1261,2,0.9164385795593262,0.6748455762863159 0.7344606518745422 -0.07177034020423889 0.6983193159103394 -0.6670147180557251 -0.2596948444843292 -0.23860754072666168 0.12513531744480133 -0.9630199670791626,89.4125747680664 56.73978042602539 686.0474243164062,0.69
2,1287,2,0.9289429187774658,0.6554517149925232 0.7476071119308472 -0.10708296298980713 0.7243028879165649 -0.6624179482460022 -0.19127953052520752 -0.21393559873104095 0.04781399294734001 -0.975676953792572,99.05860900878906 41.112945556640625 780.0654907226562,0.69
2,1341,2,0.8939290046691895,0.5921651124954224 0.7541353702545166 -0.2839373052120209 0.7169968485832214 -0.6539178490638733 -0.24146856367588043 -0.36777159571647644 -0.0605928897857666 -0.9279400110244751,94.96383666992188 -44.849308013916016 962.313720703125,0.69
2,1377,2,0.6794464588165283,0.5897117257118225 0.7800096869468689 -0.20934447646141052 0.6324266791343689 -0.6072179079055786 -0.4809604585170746 -0.5022714734077454 0.1512329876422882 -0.8513823747634888,93.58731842041016 -88.33758544921875 1161.97607421875,0.69
2,1464,2,0.9047403335571289,-0.3977593183517456 0.910416305065155 -0.1137092188000679 0.04073825106024742 -0.10628781467676163 -0.9935005307197571 -0.9165849089622498 -0.3998064398765564 0.005188207142055035,141.7559356689453 -133.8771514892578 1102.8546142578125,0.69
2,1493,2,0.8948969841003418,-0.5483188033103943 0.8253793120384216 -0.13451895117759705 -0.02144346572458744 -0.17467990517616272 -0.9843916296958923 -0.8359944224357605 -0.5368759036064148 0.11347929388284683,178.86636352539062 -111.50071716308594 1278.48193359375,0.69
2,1550,2,0.5076942443847656,-0.06312759965658188 -0.43764618039131165 0.8969285488128662 0.9975292086601257 9.274791227653623e-05 0.07025332003831863 -0.03082928992807865 0.8991473317146301 0.4365589916706085,268.83941650390625 23.979578018188477 1402.4014892578125,0.69
2,1566,2,0.8662147521972656,-0.7604020237922668 -0.6423493027687073 -0.0957929939031601 0.06506722420454025 0.07140617817640305 -0.9953227639198303 0.6461851000785828 -0.7630784511566162 -0.012501509860157967,177.7587890625 -117.86209869384766 1285.2086181640625,0.69
2,1582,2,0.8742108345031738,-0.19826418161392212 -0.9778872728347778 -0.06654172390699387 0.0024664225056767464 0.06739145517349243 -0.9977235794067383 0.9801455140113831 -0.1979769915342331 -0.010949426330626011,188.8109893798828 -125.43328094482423 1298.8048095703125,0.69
2,1647,2,0.9271824359893799,-0.03644228354096413 -0.9737734794616699 -0.22458195686340332 -0.4254833161830902 0.21846328675746918 -0.878201425075531 0.9042321443557739 0.06355221569538116 -0.42228570580482483,251.28051757812497 -192.12750244140625 1356.4254150390625,0.69
2,1669,2,0.9179296493530273,-0.05387607961893082 -0.9698947668075562 -0.2374899983406067 -0.6353974342346191 0.2167707085609436 -0.7411347031593323 0.7703034281730652 0.11097109317779541 -0.6279473900794983,297.34710693359375 -238.94647216796875 1341.648681640625,0.69
2,1694,2,0.8888039588928223,-0.09848879277706146 -0.9836419820785522 -0.1508258730173111 -0.8123239874839783 0.1670154184103012 -0.5587804317474365 0.5748301148414612 0.06748586148023605 -0.8154851794242859,334.1965026855469 -249.23098754882812 1231.309326171875,0.69
2,1746,2,0.8540239334106445,-0.7675507068634033 -0.6320000886917114 -0.10696562379598618 -0.6000779867172241 0.7671491503715515 -0.22669018805027008 0.22532683610916138 -0.10980850458145142 -0.9680753350257874,352.4762878417969 -146.45404052734375 1069.82177734375,0.69
2,1771,2,0.9186873435974121,-0.9923108220100403 -0.04716668277978897 -0.11443154513835907 -0.02259722910821438 0.978042483329773 -0.20717662572860718 0.1216907799243927 -0.20299777388572693 -0.9715879559516907,440.5000915527344 -101.82723999023438 1074.87744140625,0.69
2,1804,2,0.9096775054931641,-0.5985379219055176 0.8009940981864929 0.01267574168741703 0.6291197538375854 0.47978389263153076 -0.6115682721138 -0.49594423174858093 -0.3580722510814667 -0.7910900712013245,416.25927734375 -97.26648712158203 1027.7235107421875,0.69
2,1896,2,0.8701434135437012,-0.5411205291748047 0.839823842048645 -0.04341094568371773 0.3319656550884247 0.16589491069316864 -0.9285891056060791 -0.7726495862007141 -0.5168895721435547 -0.3685618042945862,23.70046615600586 -74.4979476928711 712.120849609375,0.69
2,1936,2,0.7596435546875,-0.5715243220329285 0.8203151822090149 -0.02104846201837063 0.2708504796028137 0.1643678843975067 -0.9484847187995911 -0.7745967507362366 -0.5477830171585083 -0.31612294912338257,-55.10731506347656 10.780623435974121 596.182373046875,0.69
2,1950,2,0.9255032539367676,-0.5169687867164612 0.8559886813163757 -0.005170641466975212 0.06637680530548096 0.03406412526965141 -0.9972130060195923 -0.8534269332885742 -0.5158711671829224 -0.07442788034677505,481.39178466796875 -246.3555145263672 1241.9437255859375,0.69
2,1958,2,0.9153556823730469,-0.4662068486213684 0.8845639824867249 -0.014066647738218307 0.057020265609025955 0.014177490025758743 -0.9982723593711853 -0.8828362822532654 -0.466203510761261 -0.057047709822654724,487.2103576660156 -232.2904510498047 1248.4681396484375,0.69
2,2000,2,0.9235901832580566,-0.46944817900657654 0.8811885714530945 -0.05590226128697395 0.5003875494003296 0.2133461833000183 -0.8391041159629822 -0.7274823784828186 -0.42188867926597595 -0.5410908460617065,464.7500915527344 -200.01156616210938 1216.299072265625,0.69
2,2085,2,0.8885622024536133,-0.32831552624702454 0.9329624176025391 -0.14761513471603394 0.9035768508911133 0.26467031240463257 -0.3368954658508301 -0.2752414345741272 -0.24398964643478394 -0.9298985004425049,159.89414978027344 -59.35581970214844 1208.290771484375,0.69
2,2135,2,0.9005818367004395,0.5173375606536865 0.8538296818733215 -0.057765893638134 0.8323873281478882 -0.5177226662635803 -0.19772380590438843 -0.19872915744781494 0.054206348955631256 -0.9785542488098145,181.74159240722656 -51.56316375732422 1215.006103515625,0.69
2,2152,2,0.9070336818695068,0.8374840617179871 0.5298408269882202 -0.13375051319599152 0.5069754719734192 -0.8446858525276184 -0.17170213162899017 -0.20395201444625854 0.07598957419395447 -0.9760271906852722,188.2211456298828 -52.429954528808594 1178.1292724609375,0.69
2,2209,2,0.5205142498016357,-0.7841507196426392 0.6104311347007751 0.11172033101320267 -0.5136597752571106 -0.7394750118255615 0.4351211488246918 0.3482258915901184 0.28381434082984924 0.893413782119751,-54.62550735473633 301.8692321777344 1554.4261474609375,0.69
2,2252,2,0.5971879959106445,-0.7370093464851379 0.5752238631248474 0.3548729419708252 -0.485750675201416 -0.8158804178237915 0.31366458535194397 0.4699611961841583 0.05879395827651024 0.8807268738746643,-44.20819854736328 292.22314453125 1523.85107421875,0.69
2,2273,2,0.8085050582885742,0.9294368028640747 0.3666285574436188 -0.04160219803452492 -0.07482919096946716 0.07688140869140625 -0.9942282438278198 -0.361314058303833 0.9271853566169739 0.09889091551303864,532.29736328125 -174.58905029296875 1109.39794921875,0.69
2,2305,2,0.8914518356323242,0.9377389550209045 0.3473392724990845 -0.0010560580994933844 -0.031220057979226112 0.08125834167003632 -0.9962039589881897 -0.34593498706817627 0.9342122077941895 0.08704305440187454,439.9736328125 -48.455772399902344 1052.8992919921875,0.69
2,2379,2,0.9162147045135498,0.9194918870925903 0.3926675319671631 0.01862506940960884 0.29265880584716797 -0.6521348357200623 -0.699336051940918 -0.26246052980422974 0.6484845876693726 -0.7145503163337708,340.1387939453125 63.798561096191406 1043.16455078125,0.69
2,2401,2,0.9135608673095703,0.9868269562721252 -0.15863576531410217 -0.03173501044511795 -0.1564570814371109 -0.8859226703643799 -0.4366486072540283 0.04115333408117294 0.4358617961406708 -0.8990722298622131,350.15057373046875 121.69454956054688 1065.724853515625,0.69
2,2422,2,0.9202194213867188,0.7848543524742126 -0.6177994608879089 -0.04824336990714073 -0.601284384727478 -0.7404153347015381 -0.3004031181335449 0.14986875653266907 0.2647806704044342 -0.9525914788246155,330.1739501953125 129.1505889892578 1044.594970703125,0.69
2,2457,2,0.886406421661377,0.48222193121910095 -0.8688615560531616 -0.11198947578668594 -0.6091457605361938 -0.2406805455684662 -0.7556548714637756 0.6296058297157288 0.43261125683784485 -0.6453247666358948,359.12896728515625 89.71434020996094 973.2022094726562,0.69
2,2510,2,0.9223623275756836,0.2674826979637146 -0.956559956073761 -0.1159573569893837 -0.14713001251220703 0.07838500291109085 -0.9860063791275024 0.9522634744644165 0.280800461769104 -0.1197720617055893,229.19314575195312 84.67772674560547 839.1264038085938,0.69
2,2586,2,0.7577927112579346,0.4982726275920868 -0.23633942008018494 -0.8341870903968811 0.7049837708473206 -0.4496254622936249 0.5484841465950012 -0.5047001242637634 -0.8613830208778381 -0.05742061138153076,321.4322509765625 201.33981323242188 533.715576171875,0.69
2,2630,2,0.9008474349975586,0.1177864521741867 -0.9930323958396912 -0.003611699678003788 -0.1886303573846817 -0.01880289800465107 -0.9818681478500366 0.9749589562416077 0.1163320392370224 -0.18953077495098114,-77.51974487304688 40.248558044433594 837.8605346679688,0.69
2,2691,2,0.9169235229492188,-0.423633873462677 -0.9058088660240173 0.0066781179048120975 -0.19469846785068512 0.08385270088911057 -0.9772723317146301 0.8846619725227356 -0.41530585289001465 -0.21188245713710785,-169.12078857421875 24.039936065673828 852.7445678710938,0.69
2,2741,2,0.9207406044006348,-0.982510507106781 -0.18620291352272034 0.001202680985443294 -0.024127962067723274 0.12090292572975159 -0.9923710823059082 0.1846369504928589 -0.9750440120697021 -0.12328110635280609,-144.81497192382812 25.398420333862305 881.6337890625,0.69
2,2764,2,0.7927708625793457,-0.8268210887908936 0.5624350905418396 0.0057919882237911224 -0.0249111820012331 -0.02632998302578926 -0.9993428587913513 -0.561913013458252 -0.8264220356941223 0.03578111156821251,-152.67662048339844 26.577486038208008 905.6349487304688,0.69
2,2821,2,0.48377275466918945,0.5481228232383728 0.8298643827438354 -0.10433821380138397 0.8043465614318848 -0.5572035908699036 -0.20627836883068085 -0.2293207049369812 0.02914179489016533 -0.9729145765304565,-0.7495253682136536 1.5069199800491333 1609.650146484375,0.69
2,2834,2,0.9153177738189697,-0.7285436987876892 0.6849918961524963 0.0031950564589351416 0.6288854479789734 0.6707043051719666 -0.3932669162750244 -0.27152758836746216 -0.2845028042793274 -0.9194188117980957,-172.8478546142578 81.52025604248047 954.9599609375,0.69
2,2846,2,0.9233009815216064,-0.37124231457710266 0.9269461035728455 0.054314084351062775 0.8309364318847656 0.3577570915222168 -0.4260920584201813 -0.41439566016197205 -0.11305185407400131 -0.9030478596687317,-163.48670959472656 88.41057586669922 959.2955322265625,0.69
2,2861,2,0.9366436004638672,0.37810713052749634 0.9060893654823303 0.18983392417430878 0.8900786638259888 -0.2994253933429718 -0.34366315603256226 -0.25454843044281006 0.29890862107276917 -0.9197057485580444,-150.109619140625 90.91506958007812 985.8941650390625,0.69
2,2890,2,0.7513751983642578,0.6238589286804199 0.7739517092704773 -0.10862334072589874 0.23503242433071136 -0.3183457851409912 -0.9183767437934875 -0.745358943939209 0.5474075078964233 -0.38050657510757446,-106.15169525146484 60.12089538574219 949.2354736328125,0.69
2,2914,2,0.8858420848846436,-0.5497933626174927 0.8319509029388428 -0.07473254203796387 0.03224841505289078 -0.06826040148735046 -0.9971461892127991 -0.8346779346466064 -0.5506343841552734 0.010700014419853687,219.41812133789062 -177.67567443847656 1648.663818359375,0.69
2,2922,2,0.8892409801483154,-0.5428387522697449 0.833141565322876 -0.1058369055390358 0.09527958184480667 -0.06411302089691162 -0.9933838248252869 -0.8344147801399231 -0.5493313670158386 -0.04457833617925644,209.68157958984375 -162.16900634765625 1614.0157470703125,0.69
2,2935,2,0.8698396682739258,-0.5624699592590332 0.8191250562667847 -0.11252404749393463 0.14905746281147003 -0.03340532258152962 -0.9882640838623047 -0.8132708668708801 -0.5726414322853088 -0.10330720990896225,189.69117736816406 -151.97732543945312 1574.333251953125,0.69
2,2977,2,0.9016351699829102,-0.4680199921131134 0.8666819930076599 -0.1726832091808319 0.44468817114830017 0.06210511922836304 -0.8935297131538391 -0.7636816501617432 -0.49497994780540466 -0.41446971893310547,155.4717559814453 -161.1024169921875 1472.24560546875,0.69
2,3030,2,0.8648557662963867,-0.3387499451637268 0.9292823672294617 -0.14725029468536377 0.8532921075820923 0.23749269545078278 -0.46420878171920776 -0.39641013741493225 -0.2828982174396515 -0.8734000325202942,117.58058166503906 -93.13116455078125 1342.67333984375,0.69
2,3137,2,0.8792707920074463,0.48861777782440186 0.8699159622192383 -0.0670730471611023 0.8557457327842712 -0.4928099513053894 -0.15759925544261932 -0.17015236616134644 0.019608311355113983 -0.9852226376533508,-142.16448974609375 -252.12243652343753 1200.2950439453125,0.69
2,3150,2,0.8578524589538574,0.3484703302383423 0.9299319386482239 -0.11745233088731766 0.8994683027267456 -0.36701229214668274 -0.2371891885995865 -0.263676255941391 -0.022991258651018143 -0.9643372297286987,-153.39834594726562 -264.36376953125 1187.8250732421875,0.69
2,3201,2,0.9430298805236816,0.07663977146148682 0.9637227058410645 -0.2556656301021576 0.5455772876739502 -0.25516021251678467 -0.7982723116874695 -0.8345487713813782 -0.07830595970153809 -0.5453406572341919,-166.60504150390625 -327.6181945800781 1208.7821044921875,0.69
2,3237,2,0.9211215972900391,-0.3114091455936432 0.9478749632835388 -0.06750746816396713 0.19004279375076294 -0.007484316825866699 -0.9817472696304321 -0.9310789108276367 -0.3185544013977051 -0.17780613899230957,-153.8223876953125 -330.7376708984375 1225.943115234375,0.69
2,3253,2,0.9245295524597168,-0.3213294744491577 0.941584587097168 -0.10082566738128662 0.27200382947921753 -0.010212409310042858 -0.9622419476509094 -0.9070619344711304 -0.3366216719150543 -0.2528330683708191,-128.92796325683594 -308.0285949707031 1235.8248291015625,0.69
2,3377,2,0.8968603610992432,0.8017926216125488 0.5895620584487915 -0.0976991355419159 0.4752524793148041 -0.7281737923622131 -0.49386027455329895 -0.362303227186203 0.3495417833328247 -0.8640352487564087,-124.12437438964844 -262.35247802734375 1245.9149169921875,0.69
2,3398,2,0.8511028289794922,0.9786423444747925 0.1762574464082718 -0.10579478740692139 0.10858318209648132 -0.8802027106285095 -0.462009459733963 -0.17455348372459412 0.440654456615448 -0.8805422186851501,-184.56192016601562 -255.10597229003906 1237.0980224609375,0.69
2,3409,2,0.8741140365600586,0.9976315498352051 -0.012943757697939873 -0.06755508482456207 -0.039213877171278 -0.9139236211776733 -0.40398749709129333 -0.05651106685400009 0.4056798219680786 -0.9122666716575623,-191.27236938476562 -254.6516418457031 1230.2362060546875,0.69
2,3459,2,0.8977997303009033,0.9851330518722534 -0.11614556610584259 -0.12658154964447021 -0.1561063677072525 -0.9128175973892212 -0.37735217809677124 -0.07171810418367386 0.3915022611618042 -0.9173780083656311,-81.72499084472656 -232.15496826171875 1114.727294921875,0.69
2,3510,2,0.8695716857910156,0.9439345598220825 -0.3210977613925934 -0.07670501619577408 -0.3267155885696411 -0.8752574324607849 -0.3566247522830963 0.04737478122115135 0.3616911768913269 -0.9310935139656067,-1.0052275657653809 -145.7090301513672 918.1002807617188,0.69
2,3538,2,0.8926506042480469,0.8150273561477661 -0.5670393705368042 -0.11915045976638794 -0.5221803188323975 -0.6296915411949158 -0.5751664042472839 0.25111398100852966 0.5309943556785583 -0.8093125224113464,14.793956756591797 -96.4666519165039 892.041748046875,0.69
2,3631,2,0.934295654296875,0.6431858539581299 -0.7657055854797363 -0.002630894538015127 -0.03609263524413109 -0.02688506431877613 -0.9989867806434631 0.7648589611053467 0.642629086971283 -0.04492843151092529,62.98545837402343 -39.11280822753906 890.1554565429688,0.69
2,3673,2,0.9386751651763916,0.17853721976280212 -0.9835776090621948 -0.026450416073203087 0.01894231140613556 0.030313236638903618 -0.9993609189987183 0.9837508797645569 0.1779220998287201 0.02404327318072319,62.95513534545899 -55.022254943847656 856.1746826171875,0.69
2,3709,2,0.9317703247070312,-0.6484622955322266 -0.7612372040748596 0.0038101577665656805 -0.010952063836157322 0.004324682988226414 -0.9999306797981262 0.7611679434776306 -0.6484590768814087 -0.011141511611640453,74.35810852050781 -60.81045913696289 861.3410034179688,0.69
2,3761,2,0.7350568771362305,-0.9951072335243225 0.0972636267542839 0.017360171303153038 -0.013558727689087391 0.039609506726264954 -0.999123215675354 -0.09786597639322281 -0.9944701194763184 -0.03809693828225136,83.87266540527344 -70.35664367675781 880.462158203125,0.69
2,3784,2,0.9154665470123291,-0.8757299780845642 0.48136505484580994 0.037212442606687546 -0.02353922463953495 0.03441480174660683 -0.999130368232727 -0.482227087020874 -0.8758443593978882 -0.01880711503326893,76.4704360961914 -60.706912994384766 863.7635498046875,0.69
2,3852,2,0.8920514583587646,-0.5419087409973145 0.8380714058876038 -0.06301844865083694 0.707811176776886 0.41467851400375366 -0.5718786120414734 -0.4531426727771759 -0.35451120138168335 -0.8179141879081726,98.28270721435547 80.90601348876953 834.6439819335938,0.69
2,3935,2,0.9419775009155273,-0.582875669002533 0.8079303503036499 -0.08662787824869156 0.7875601053237915 0.5354795455932617 -0.30497634410858154 -0.2000121921300888 -0.24598796665668488 -0.9484118223190308,-64.87026977539062 230.4771728515625 910.3204345703125,0.69
2,3980,2,0.9284877777099609,-0.6091468334197998 0.7904407382011414 -0.0643705278635025 0.7793931365013123 0.5816735625267029 -0.23281371593475342 -0.14658281207084656 -0.19198766350746155 -0.9703887104988098,-268.7395935058594 170.94024658203125 967.0499267578125,0.69
2,3992,2,0.8668146133422852,-0.9113970398902893 0.31908541917800903 -0.25988462567329407 0.4098628759384155 0.6470514535903931 -0.6429128646850586 -0.0369853638112545 -0.6924659609794617 -0.7205020189285278,-355.5912780761719 161.3356475830078 1268.683349609375,0.69
2,4013,2,0.9047403335571289,-0.5343535542488098 0.8447331190109253 0.02986811101436615 -0.07824139297008514 -0.014247176237404346 -0.9968326091766357 -0.8416320085525513 -0.5349979400634766 0.07370613515377045,106.47453308105469 -201.72471618652344 1273.707763671875,0.69
2,4051,2,0.9095993041992188,-0.436694473028183 0.8987537622451782 0.03923840820789337 -0.0156321469694376 0.03602951392531395 -0.9992284774780273 -0.899474024772644 -0.43697091937065125 -0.0016844396013766527,59.63658905029297 -145.72836303710938 1198.998291015625,0.69
2,4165,2,0.9434401988983154,-0.20146331191062927 0.9772319197654724 -0.06655921787023544 0.678075909614563 0.09010753035545349 -0.7294474840164185 -0.7068418860435486 -0.19208911061286926 -0.6807908415794373,80.32386016845703 -13.903278350830078 889.0679931640625,0.69
2,4204,2,0.9356689453125,0.04555712267756462 0.9938386082649231 -0.1010417714715004 0.8409019708633423 -0.09275399148464203 -0.5331797003746033 -0.5392665266990662 -0.06067609414458275 -0.839946448802948,24.839624404907227 -2.3983469009399414 834.6655883789062,0.69
2,4268,2,0.913388729095459,0.7588794827461243 0.5996601581573486 -0.2539873719215393 0.49046340584754944 -0.7828531265258789 -0.38286635279655457 -0.42842450737953186 0.16597791016101837 -0.8882025480270386,-183.6665496826172 17.7691650390625 830.75146484375,0.69
2,4279,2,0.9115781784057617,0.7779611349105835 0.5797601938247681 -0.242187038064003 0.4503975510597229 -0.7833338379859924 -0.42840415239334106 -0.4380849599838257 0.22420133650302887 -0.8705258965492249,-213.82623291015625 28.19116973876953 847.1142578125,0.69
2,4316,2,0.9303741455078125,0.8054829239845276 0.5776552557945251 -0.13233144581317902 0.20078985393047333 -0.4761125445365906 -0.8561543822288513 -0.5575667023658752 0.6630469560623169 -0.49948787689208984,-304.16131591796875 38.145790100097656 868.06201171875,0.69
2,4399,2,0.9203231334686279,0.6660624146461487 0.7455312013626099 0.02332259528338909 0.20410333573818207 -0.15209443867206573 -0.9670621156692505 -0.7174277305603027 0.6488839387893677 -0.2534698247909546,-403.80230712890625 -23.822277069091797 835.921142578125,0.69
2,4450,2,0.9517507553100586,0.9256715774536133 0.3537708520889282 0.13408374786376953 0.1658381074666977 -0.06087759509682655 -0.9842721819877625 -0.3400440514087677 0.9333490133285522 -0.11502133309841156,-286.4657897949219 -30.529708862304688 845.3705444335938,0.69
2,4486,2,0.9283919334411621,0.9927031993865967 -0.027642255648970604 0.11737231910228729 0.11588934063911438 -0.05023369938135147 -0.9919910430908203 0.03331691026687622 0.9983548521995544 -0.046663712710142136,-140.8600616455078 -49.00009536743164 899.5673217773438,0.69
2,4508,2,0.9167776107788086,0.969219446182251 -0.20859003067016602 0.13078144192695618 0.11431331932544708 -0.08919289708137512 -0.989432692527771 0.21805056929588318 0.9739274978637695 -0.06260287761688232,-74.56546020507812 -55.93598556518555 912.8931884765625,0.69
2,4611,2,0.9118711948394775,0.2257276326417923 -0.9631742238998413 0.14609049260616302 0.04155992344021797 -0.14030352234840393 -0.9892359375953674 0.9733035564422607 0.2293693870306015 0.008359061554074287,245.5573272705078 -86.43208312988281 1103.4853515625,0.69
2,4671,2,0.868527889251709,-0.6852133274078369 -0.7270830273628235 0.04281417280435562 -0.4749451279640198 0.40148258209228516 -0.78309565782547 0.5521864295005798 -0.5569220185279846 -0.6204257011413574,316.1083068847656 -66.52954864501953 1067.6517333984375,0.69
2,4707,2,0.9346640110015869,-0.8108174800872803 -0.5814328193664551 -0.06716396659612656 -0.4778113067150116 0.7238166332244873 -0.49778106808662415 0.33804062008857727 -0.3715178966522217 -0.8646982312202454,312.4090881347656 -73.73584747314453 1069.232177734375,0.69
2,4754,2,0.9444904327392578,-0.8943811058998108 -0.44004833698272705 -0.08024808764457703 -0.4208698272705078 0.8886311054229736 -0.18221747875213623 0.15149544179439545 -0.1291978657245636 -0.979978084564209,372.1419372558594 -78.5149154663086 1044.248046875,0.69
2,4770,2,0.9517288208007812,-0.9983438849449158 -0.04967675730586052 -0.02901056967675686 -0.042689207941293716 0.9777784943580627 -0.20524778962135315 0.03856198862195015 -0.2036694437265396 -0.9782799482345581,380.2017822265625 -85.77286529541016 1047.24658203125,0.69
2,4795,2,0.9425175189971924,-0.8757120370864868 0.48272189497947693 0.01039423979818821 0.45123788714408875 0.8258767127990723 -0.3381006717681885 -0.17179295420646667 -0.29138854146003723 -0.9410525560379028,408.1974792480469 -127.19582366943361 1025.499755859375,0.69
2,4820,2,0.9283919334411621,-0.7496739029884338 0.6424465179443359 0.15890757739543915 0.5032073259353638 0.709295928478241 -0.4936412274837494 -0.42985063791275024 -0.29010647535324097 -0.8550242781639099,443.0089111328125 -147.845703125 1025.521728515625,0.69
2,4841,2,0.9478282928466797,-0.6965070366859436 0.6617240905761719 0.2774873673915863 0.1753758043050766 0.531975269317627 -0.8283994197845459 -0.6957882046699524 -0.5283214449882507 -0.4865749180316925,431.402587890625 -190.9715576171875 963.88623046875,0.69
2,4878,2,0.9329776763916016,-0.5987750291824341 0.7844967842102051 0.16134808957576752 -0.13062115013599396 0.10310513526201248 -0.9860565662384033 -0.7901939749717712 -0.6115014553070068 0.04073510318994522,406.1214294433594 -208.8766326904297 1007.4740600585939,0.69
2,4894,2,0.9449028968811035,-0.6186232566833496 0.7506824135780334 0.23190759122371674 -0.11456754803657532 0.20582270622253418 -0.9718597531318665 -0.7772898077964783 -0.6277841329574585 -0.04132288321852684,365.74298095703125 -158.43019104003906 1054.637451171875,0.69
2,4930,2,0.9382152557373047,-0.5457512140274048 0.8032111525535583 0.2387627214193344 -0.20103532075881958 0.15111012756824493 -0.9678587913513184 -0.8134743571281433 -0.5762098431587219 0.07900525629520416,276.6911926269531 -119.34674835205078 1191.162109375,0.69
2,4973,2,0.9042065143585205,-0.6496567726135254 0.7491652369499207 0.1292189359664917 0.3123159408569336 0.4179758131504059 -0.8530855178833008 -0.6931124329566956 -0.5138556361198425 -0.5055170655250549,106.1986312866211 -114.9166030883789 1150.482421875,0.69
2,5001,2,0.9348659515380859,-0.8372911810874939 0.5446299314498901 0.048184145241975784 0.48679468035697937 0.7826910614967346 -0.38784751296043396 -0.24894669651985168 -0.3012855052947998 -0.9204632639884949,64.51397705078125 -79.26995086669922 1136.7552490234375,0.69
2,5024,2,0.9280014038085938,-0.9996820688247681 0.024478649720549583 0.0060384031385183334 0.021765274927020073 0.9587685465812683 -0.2833532989025116 -0.012725533917546272 -0.28313180804252625 -0.9589966535568237,40.1058349609375 -64.52340698242188 1117.3941650390625,0.69
2,5037,2,0.7313628196716309,-0.6162030696868896 0.7858067750930786 -0.05292997509241104 -0.12367628514766693 -0.1629161834716797 -0.9788577556610107 -0.7778161764144897 -0.5966289639472961 0.19757512211799622,216.0386199951172 -207.7487335205078 1435.9151611328125,0.69
2,5048,2,0.8012521266937256,-0.47824516892433167 0.8734807968139648 -0.09117438644170761 0.013821788132190704 -0.09631754457950592 -0.9952546954154968 -0.878117561340332 -0.47723594307899475 0.03399033844470978,207.32460021972656 -204.37405395507812 1400.359619140625,0.69
2,5097,2,0.8631854057312012,-0.3662876486778259 0.9180537462234497 -0.15169286727905273 0.05489898473024368 -0.14141708612442017 -0.9884266257286072 -0.9288808107376099 -0.37037622928619385 0.001399112050421536,114.47476959228516 -170.0333709716797 1278.2479248046875,0.69
2,5162,2,0.8152270317077637,-0.21278904378414154 0.9712110161781311 -0.10709846764802933 0.5972423553466797 0.042532484978437424 -0.8009322881698608 -0.7733190655708313 -0.23439337313175201 -0.5890988111495972,-53.53108215332031 -107.8736801147461 1175.212646484375,0.69
2,5210,2,0.9090042114257812,-0.2637215554714203 0.9620413780212402 -0.0701950192451477 0.877670407295227 0.20912855863571167 -0.4312306344509125 -0.40018194913864136 -0.1753329038619995 -0.8995069265365601,-35.89111328125 -39.854557037353516 1095.9400634765625,0.69
2,5229,2,0.9182374477386475,-0.005812752991914749 0.9930016398429871 -0.11795826256275177 0.932895302772522 -0.03709337115287781 -0.3582323491573334 -0.36010074615478516 -0.11212502419948578 -0.926150918006897,8.735851287841797 -10.33956241607666 1073.0107421875,0.69
2,5357,2,0.9357833862304688,0.9989926218986511 -0.022397225722670555 -0.03888533636927605 -0.022900046780705452 -0.9996592402458191 -0.012533925473690033 -0.03859134390950203 0.013411779887974262 -0.9991651177406311,251.66827392578122 84.12663269042969 1017.1829223632814,0.69
2,5373,2,0.9270603656768799,0.9399524331092834 -0.3378502428531647 -0.048441331833601 -0.33947494626045227 -0.9401265382766724 -0.030310872942209244 -0.035300444811582565 0.04493539407849312 -0.9983659386634827,253.5633392333984 82.68877410888672 986.749267578125,0.69
2,5389,2,0.9362969398498535,0.7567712664604187 -0.6530628800392151 -0.02839091420173645 -0.6493246555328369 -0.7460148334503174 -0.14778149127960205 0.07533057779073715 0.13027171790599823 -0.9886124730110168,253.29864501953125 70.97569274902344 974.3197631835938,0.69
2,5451,2,0.9439277648925781,0.4821895360946655 -0.8449242115020752 -0.23150897026062012 -0.5890865325927734 -0.11711234599351883 -0.7995384931564331 0.6484367847442627 0.5219079256057739 -0.5542038083076477,185.72731018066406 83.57048797607422 886.70703125,0.69
2,5496,2,0.91827392578125,0.47973403334617615 -0.8579546809196472 -0.1837635338306427 -0.256926953792572 0.06289567053318024 -0.9643820524215698 0.8389539122581482 0.5098606944084167 -0.19025850296020508,161.09547424316406 71.65940856933594 825.8689575195312,0.69
2,5560,2,0.9212267398834229,-0.3220372200012207 -0.9467267990112305 -0.0006296276114881039 -0.7926942110061646 0.2700051963329315 -0.5465647578239441 0.5176175236701965 -0.1755151003599167 -0.8374165892601013,105.11643981933594 93.43156433105469 878.287841796875,0.69
2,5584,2,0.9328060150146484,-0.5674407482147217 -0.8068702816963196 0.1642296314239502 -0.8213015198707581 0.5403345823287964 -0.18303626775741577 0.05894758552312851 -0.23874428868293762 -0.969291627407074,83.79454803466797 82.36284637451172 868.6715698242188,0.69
2,5609,2,0.9375894069671631,-0.5070868134498596 -0.838100254535675 0.2011241316795349 -0.8598777055740356 0.5078893899917603 -0.05156217887997627 -0.0589345283806324 -0.1990886777639389 -0.9782077670097351,68.93827056884766 -30.63096046447754 913.5303955078125,0.69
2,5681,2,0.9037258625030518,0.7574077844619751 -0.6448952555656433 -0.10219424962997437 -0.6529320478439331 -0.7489337921142578 -0.11303997784852982 -0.0036377795040607452 0.1523432582616806 -0.9883210062980652,29.292407989501953 -266.75390625 1090.6224365234375,0.69
2,5707,2,0.9168148040771484,0.995293915271759 0.08688081800937653 -0.04291706159710884 0.07804503291845322 -0.9812170267105103 -0.17641466856002808 -0.05743800476193428 0.17223496735095978 -0.9833799004554749,32.4051513671875 -299.01318359375 1085.5572509765625,0.69
2,5747,2,0.9120287895202637,0.6728293895721436 0.7382689714431763 -0.04753434658050537 0.705893337726593 -0.6598961353302002 -0.2573939859867096 -0.22139371931552887 0.13962805271148682 -0.9651366472244263,53.74809646606445 -370.0831298828125 1077.6427001953125,0.69
2,5764,2,0.9158670902252197,0.5698429346084595 0.8200647234916687 -0.052656810730695724 0.790029764175415 -0.5643509030342102 -0.23950150609016418 -0.2261236608028412 0.09487778693437576 -0.9694669842720032,56.61189270019531 -360.3421630859375 1088.0604248046875,0.69
2,5809,2,0.9037685394287109,-0.23095166683197021 0.9729647040367126 0.0009879764402285218 0.5640172958374023 0.134707510471344 -0.8147013783454895 -0.7928087115287781 -0.18759940564632416 -0.579879879951477,135.20265197753906 -376.4769287109375 1107.81298828125,0.69
2,5860,2,0.7989635467529297,-0.5506213903427124 0.8346067070960999 0.015740925446152687 -0.06961707025766373 -0.02712142840027809 -0.9972050189971924 -0.831847071647644 -0.5501782894134521 0.07303652912378311,163.6433563232422 -307.26995849609375 1180.88037109375,0.69
2,5877,2,0.8584599494934082,-0.4142443537712097 0.9000533819198608 -0.13529814779758453 0.040244851261377335 -0.13039366900920868 -0.990645170211792 -0.9092755317687988 -0.41581422090530396 0.017792334780097008,136.84085083007812 -265.712646484375 1155.5361328125,0.69
2,5900,2,0.9050354957580566,-0.37610650062561035 0.9236513376235962 -0.07356686890125275 0.2704637944698334 0.033498615026474 -0.9621471762657166 -0.886224091053009 -0.3817669749259949 -0.2624133229255676,166.38653564453125 -206.735107421875 1158.842041015625,0.69
2,5941,2,0.9011883735656738,-0.4190686047077179 0.8928563594818115 -0.1648908108472824 0.36651715636253357 0.00020108262833673507 -0.9304112195968628 -0.8306905031204224 -0.45034143328666687 -0.32733142375946045,273.5218811035156 -169.324462890625 1107.7437744140625,0.69
2,5954,2,0.873276948928833,-0.24319109320640564 0.9544866681098938 -0.17266488075256348 0.6729366183280945 0.03782034292817116 -0.7387325763702393 -0.698580265045166 -0.29584571719169617 -0.6515066623687744,285.28411865234375 -188.9940948486328 1111.487548828125,0.69
