scene_id,im_id,obj_id,score,R,t,time
55,22,16,0.9405148029327393,0.5522361397743225 -0.1408827155828476 -0.8216978311538696 -0.19853340089321136 0.935039758682251 -0.2937433123588562 0.8097034692764282 0.3253501355648041 0.48839277029037476,34.4520149230957 29.468412399291992 1099.80908203125,0.69
55,42,16,0.9419775009155273,0.549321711063385 -0.11738681048154831 -0.827324628829956 -0.20931808650493622 0.9391865134239197 -0.2722402513027191 0.8089694976806641 0.3227214813232422 0.49134430289268494,61.10399627685547 39.8436393737793 1084.715576171875,0.69
55,49,16,0.9410562515258789,0.5488028526306152 -0.13381601870059967 -0.825171947479248 -0.2077329307794571 0.9343107342720032 -0.2896731197834015 0.8097299337387085 0.3303888440132141 0.4849543571472168,67.68998718261719 32.145755767822266 1098.5443115234375,0.69
55,62,16,0.941922664642334,0.5320579409599304 -0.14970354735851288 -0.8333686590194702 -0.20864836871623993 0.9307125806808472 -0.3004000186920166 0.8205975294113159 0.3337112367153168 0.46395745873451233,62.3697395324707 10.852572441101074 1088.3380126953125,0.69
55,89,16,0.9409747123718262,0.4844530522823334 -0.14162535965442657 -0.8632771372795105 -0.2076273113489151 0.9399985074996948 -0.2707279920578003 0.8498212695121765 0.31039491295814514 0.4259798526763916,26.81328010559082 24.95269775390625 1092.9984130859375,0.69
55,100,16,0.9400548934936523,0.5303471684455872 -0.1364477127790451 -0.836728036403656 -0.20846571028232574 0.9356704950332642 -0.28471532464027405 0.8217505216598511 0.3254270553588867 0.4677855372428894,16.318143844604492 29.902677536010742 1103.24365234375,0.69
55,128,16,0.9372153282165527,0.4084148108959198 -0.11422163993120193 -0.9056217670440674 -0.2152768224477768 0.9520995616912842 -0.2171686291694641 0.8870474100112915 0.28365424275398254 0.36426231265068054,-54.13135528564453 15.87082290649414 1067.2359619140625,0.69
55,205,16,0.9410824775695801,0.48719945549964905 -0.12351731956005096 -0.8645115494728088 -0.20943497121334076 0.9445310831069946 -0.2529781758785248 0.8478052020072937 0.30430978536605835 0.43430617451667786,-26.021366119384766 18.490873336791992 1076.2357177734375,0.69
55,360,16,0.9332013130187988,0.4971003830432892 -0.10363475233316422 -0.8614819645881653 -0.17867200076580048 0.9593392014503479 -0.21850578486919403 0.8490981459617615 0.2625420391559601 0.45837119221687317,27.750930786132812 25.54515838623047 1105.3831787109375,0.69
55,454,16,0.9186124801635742,0.4642152786254883 -0.08206135034561157 -0.8819127678871155 -0.1689203381538391 0.9692208766937256 -0.17910043895244598 0.8694654703140259 0.23211415112018585 0.4360652565956116,54.40449523925781 56.527435302734375 1134.7259521484375,0.69
55,512,16,0.9229624271392822,0.39894402027130127 -0.08305563032627106 -0.913206160068512 -0.1666802018880844 0.9727306962013245 -0.1612853854894638 0.9016992449760437 0.21655723452568054 0.3742212951183319,31.09197235107422 43.60310363769531 1144.3450927734375,0.69
55,513,16,0.9161365032196045,0.39012306928634644 -0.07915493100881577 -0.9173541069030762 -0.1734611690044403 0.9721408486366272 -0.15765008330345154 0.9042760729789734 0.22062824666500092 0.3655242323875427,32.546661376953125 43.20584487915039 1136.359375,0.69
55,526,16,0.915952205657959,0.39653119444847107 -0.0811237022280693 -0.9144298434257507 -0.18333281576633453 0.9690250754356384 -0.16546714305877686 0.8995287418365479 0.23325788974761963 0.3693760633468628,32.035743713378906 40.26122283935547 1144.8670654296875,0.69
55,530,16,0.9187602996826172,0.3929610550403595 -0.08775115013122559 -0.9153585433959961 -0.16901159286499023 0.9715859889984131 -0.16569764912128448 0.9038897752761841 0.21981893479824066 0.36696451902389526,26.644222259521484 37.980735778808594 1134.2264404296875,0.69
55,546,16,0.9167733192443848,0.34882497787475586 -0.09281003475189209 -0.9325810670852661 -0.17609621584415436 0.9708696007728577 -0.1624879688024521 0.9204950928688049 0.22090385854244232 0.3223200738430023,1.9304581880569458 29.9613094329834 1144.3546142578125,0.69
55,562,16,0.9177074432373047,0.35644519329071045 -0.08806544542312622 -0.9301565289497375 -0.17136090993881226 0.9724982976913452 -0.1577414721250534 0.9184674024581909 0.21561865508556366 0.33155137300491333,12.78193187713623 35.866737365722656 1138.5284423828125,0.69
55,563,16,0.9125819206237793,0.37862539291381836 -0.0874863713979721 -0.9214059710502625 -0.1801556795835495 0.9695154428482056 -0.16608409583568573 0.9078474044799805 0.2288801670074463 0.3513219356536865,15.50142765045166 33.8297119140625 1150.5174560546875,0.69
55,588,16,0.9170722961425781,0.34238967299461365 -0.10407198965549469 -0.9337763786315918 -0.1523543745279312 0.9745432138442993 -0.16447968780994415 0.9271231293678284 0.19858106970787048 0.3178177773952484,-12.53441047668457 45.35246658325195 1141.138916015625,0.69
55,598,16,0.9164018630981445,0.33926495909690857 -0.10056334733963013 -0.9353001117706299 -0.15993498265743256 0.9736273288726807 -0.16269809007644653 0.9269952178001404 0.20478497445583344 0.3142339885234833,-5.775821208953857 40.82321548461914 1147.3779296875,0.69
55,603,16,0.9109382629394531,0.3179563879966736 -0.10990288853645325 -0.9417138695716858 -0.14761154353618622 0.9754083752632141 -0.16367416083812714 0.9365439414978027 0.19104908406734467 0.29391440749168396,-5.5965704917907715 40.368499755859375 1142.6728515625,0.69
55,610,16,0.9128046035766602,0.35849401354789734 -0.10124311596155167 -0.9280257821083069 -0.15885505080223083 0.9729872941970825 -0.16751350462436676 0.9199169278144836 0.20747415721416473 0.3327271044254303,-1.4211225509643555 41.11177444458008 1159.4317626953125,0.69
55,612,16,0.9183101654052734,0.35547977685928345 -0.10281922668218613 -0.9290114641189575 -0.1619303971529007 0.9721266627311707 -0.16955260932445526 0.9205501675605774 0.21070772409439087 0.3289218842983246,0.25721243023872375 40.91301345825195 1148.8836669921875,0.69
55,618,16,0.9200334548950195,0.3255738914012909 -0.10649985074996948 -0.93949955701828 -0.1481316089630127 0.9756211042404175 -0.1619279831647873 0.9338408708572388 0.19188910722732544 0.3018607199192047,-0.8497787117958069 50.89617156982422 1144.4373779296875,0.69
55,621,16,0.9256653785705566,0.3321954309940338 -0.10586429387331009 -0.9372507333755493 -0.15887318551540375 0.9732035994529724 -0.16623558104038239 0.9297341704368591 0.20412670075893402 0.3064747154712677,-5.182713031768799 55.740760803222656 1157.3853759765625,0.69
55,622,16,0.9281234741210938,0.32629287242889404 -0.10756216198205948 -0.939129114151001 -0.1497834026813507 0.9750697016716003 -0.16371963918209076 0.933326244354248 0.19408650696277618 0.3020472824573517,-5.818022727966309 56.67522048950195 1159.9273681640625,0.69
55,638,16,0.9232370853424072,0.31080809235572815 -0.11029915511608124 -0.9440510869026184 -0.13929879665374756 0.9772328734397888 -0.1600370556116104 0.940209686756134 0.18124598264694214 0.2883673310279846,-19.65860366821289 55.75537872314453 1140.234375,0.69
55,641,16,0.9269964694976807,0.31973427534103394 -0.11072412133216858 -0.9410154223442078 -0.1396767944097519 0.9767901301383972 -0.16239233314990997 0.9371554851531982 0.18336041271686554 0.29684770107269287,-24.83824920654297 54.5100212097168 1152.646240234375,0.69
55,649,16,0.9256339073181152,0.29770001769065857 -0.1129918321967125 -0.9479491114616394 -0.12825514376163483 0.9792353510856628 -0.15699909627437592 0.9460049271583557 0.1683179885149002 0.27702662348747253,-22.181386947631836 58.59598159790039 1141.3724365234375,0.69
55,654,16,0.9244604110717773,0.30982911586761475 -0.11397891491651535 -0.9439356923103333 -0.1262429803609848 0.9790668487548828 -0.15965785086154938 0.9423738718032837 0.168631911277771 0.28895440697669983,-19.64272689819336 63.100933074951165 1143.56591796875,0.69
55,663,16,0.9331698417663574,0.3159101605415344 -0.12277710437774658 -0.9408116340637207 -0.11117410659790039 0.9799710512161255 -0.16521801054477692 0.9422532320022583 0.1567879468202591 0.29593318700790405,-8.556559562683105 60.095069885253906 1136.1611328125,0.69
55,793,16,0.9438748359680176,0.3894439935684204 -0.13021434843540192 -0.9117990136146545 -0.11420737206935883 0.9754890203475952 -0.1880897432565689 0.9139419794082642 0.17738460004329681 0.36502689123153687,66.48949432373047 67.12755584716797 1181.8311767578125,0.69
55,920,16,0.9502193927764893,0.3912322521209717 -0.14187438786029816 -0.9092903137207031 -0.11960117518901825 0.9718277454376221 -0.20309169590473175 0.9124872088432312 0.18820820748806 0.3632420003414154,57.687747955322266 48.99676513671875 1078.956298828125,0.69
55,1025,16,0.9472911357879639,0.25075051188468933 -0.14195530116558075 -0.957586944103241 -0.13205941021442413 0.9749261736869812 -0.17910635471343994 0.9590018391609192 0.17136937379837036 0.225716695189476,11.991143226623535 37.266624450683594 1127.080322265625,0.69
55,1038,16,0.9482672214508057,0.26982581615448 -0.13870300352573395 -0.9528670310974121 -0.1295715719461441 0.9753409624099731 -0.17866550385951996 0.9541515707969666 0.17167304456233978 0.24520020186901093,24.201122283935547 33.139034271240234 1124.23779296875,0.69
55,1040,16,0.9521484375,0.26479053497314453 -0.13421757519245148 -0.9549196362495422 -0.12890265882015228 0.9764523506164551 -0.17298763990402222 0.955651581287384 0.16889718174934387 0.24125435948371887,27.71371078491211 33.450531005859375 1122.9783935546875,0.69
55,1041,16,0.9541237354278564,0.2573302686214447 -0.1278184950351715 -0.9578327536582947 -0.13216692209243774 0.9772428870201111 -0.16591651737689972 0.9572423696517944 0.16928915679454803 0.23458079993724823,28.938039779663086 33.51914596557617 1123.1829833984375,0.69
55,1042,16,0.951683521270752,0.24544386565685272 -0.13375350832939148 -0.9601392149925232 -0.1450357884168625 0.9742216467857361 -0.17279130220413208 0.9584998488426208 0.1816651076078415 0.21971769630908966,28.912010192871094 33.75950622558594 1131.67724609375,0.69
55,1044,16,0.9526596069335938,0.257678747177124 -0.128828227519989 -0.9576037526130676 -0.13441014289855957 0.976656436920166 -0.1675594300031662 0.9568362832069397 0.17188815772533417 0.23434777557849884,29.750036239624023 34.67042922973633 1124.3248291015625,0.69
55,1046,16,0.9492909908294678,0.2519944906234741 -0.12878091633319855 -0.9591216444969177 -0.13228455185890198 0.977218508720398 -0.16596652567386627 0.9586446285247803 0.16869963705539703 0.22921794652938843,29.079753875732422 37.182334899902344 1122.92431640625,0.69
55,1048,16,0.9521942138671875,0.24301397800445557 -0.12864787876605988 -0.9614540338516235 -0.12862493097782135 0.9781405329704285 -0.16339144110679626 0.9614571332931519 0.16337336599826813 0.22115451097488403,30.82583236694336 38.1013298034668 1122.169677734375,0.69
55,1049,16,0.947340726852417,0.2555706799030304 -0.13083328306674957 -0.9578968286514282 -0.13269434869289398 0.9766771197319031 -0.16880176961421967 0.9576407074928284 0.17024827003479004 0.2322492003440857,30.22054100036621 38.76683044433594 1126.9627685546875,0.69
55,1053,16,0.9521942138671875,0.2483588308095932 -0.13067875802516937 -0.9598130583763123 -0.12634126842021942 0.9780244827270508 -0.16584999859333038 0.9603935480117798 0.16245430707931519 0.22639088332653046,28.872783660888672 38.75861358642578 1120.9166259765625,0.69
55,1055,16,0.9492909908294678,0.25501856207847595 -0.1285284012556076 -0.9583559036254883 -0.12510034441947937 0.9784106016159058 -0.1645072102546692 0.9588093757629395 0.16184303164482117 0.23343391716480255,31.268905639648438 37.39318084716797 1123.478759765625,0.69
55,1064,16,0.9449028968811035,0.24088186025619507 -0.12975066900253296 -0.9618423581123352 -0.13671214878559113 0.9766064882278442 -0.165980264544487 0.960877537727356 0.17147716879844666 0.21750828623771667,34.53590393066406 34.38763427734375 1118.489990234375,0.69
55,1068,16,0.94970703125,0.24137327075004578 -0.13072849810123444 -0.9615867137908936 -0.13360893726348877 0.9769716858863831 -0.16635802388191223 0.9611907601356506 0.1686309576034546 0.21834833920001984,34.41215896606445 32.71578598022461 1121.1363525390625,0.69
55,1088,16,0.94775390625,0.18849992752075195 -0.11672642081975937 -0.9751116037368774 -0.15516763925552368 0.9768996834754944 -0.1469360738992691 0.9697375893592834 0.17900320887565613 0.1660333126783371,32.921321868896484 30.72892951965332 1124.3685302734375,0.69
55,1100,16,0.9433867931365967,0.18483243882656097 -0.1252729892730713 -0.974753201007843 -0.1578860729932785 0.9751743078231812 -0.15526540577411652 0.970004677772522 0.1825980395078659 0.16046497225761414,27.814849853515625 25.62834930419922 1129.7850341796875,0.69
55,1103,16,0.9483158588409424,0.1975121945142746 -0.12107991427183151 -0.972794234752655 -0.1605011373758316 0.9749578833580017 -0.1539367139339447 0.9670720100402832 0.1865389496088028 0.17313259840011597,26.941402435302734 25.42921257019043 1130.5540771484375,0.69
55,1115,16,0.9453389644622803,0.14884576201438904 -0.11671198904514313 -0.981948733329773 -0.16219179332256317 0.9766808748245239 -0.14067122340202332 0.9754684567451477 0.18020235002040863 0.12644506990909576,25.273237228393555 19.46490478515625 1128.288818359375,0.69
55,1120,16,0.9492433071136475,0.18287834525108337 -0.11478795856237411 -0.9764114022254944 -0.16287989914417267 0.9758980870246887 -0.14523443579673767 0.9695492386817932 0.18559801578521729 0.15977397561073303,24.021013259887695 19.631200790405273 1130.4947509765625,0.69
55,1132,16,0.9522380828857422,0.13462591171264648 -0.11251606047153473 -0.9844877123832703 -0.17415396869182587 0.9753804206848145 -0.135290265083313 0.9754722118377686 0.1896660178899765 0.1117163673043251,20.732585906982422 20.123966217041016 1133.951171875,0.69
55,1136,16,0.9469246864318848,0.13268162310123444 -0.10901990532875061 -0.9851447939872742 -0.17813421785831451 0.9751255512237549 -0.13190267980098724 0.9750198721885681 0.1929890662431717 0.10996106266975403,21.364120483398438 17.72696304321289 1129.3985595703125,0.69
55,1147,16,0.9424381256103516,0.08883720636367798 -0.11137457191944122 -0.9897997975349426 -0.17231836915016174 0.9770263433456421 -0.1254032999277115 0.9810272455215454 0.1817011684179306 0.06760440021753311,15.08983039855957 11.982475280761719 1125.3182373046875,0.69
55,1151,16,0.94775390625,0.11429662257432938 -0.11060024797916412 -0.9872708916664124 -0.18922662734985352 0.9731656312942505 -0.13092690706253052 0.9752587080001831 0.2017824351787567 0.0903010368347168,13.962565422058105 11.33531379699707 1129.9591064453125,0.69
55,1161,16,0.9443628787994385,0.0957457423210144 -0.11056249588727951 -0.9892465472221375 -0.1736341267824173 0.9767206907272339 -0.12596799433231354 0.9801448583602905 0.18382784724235535 0.07431942224502563,8.941888809204102 12.84423828125 1123.4949951171875,0.69
55,1164,16,0.9463150501251221,0.06906645745038986 -0.11410693824291229 -0.9910647869110107 -0.17779895663261414 0.9761240482330322 -0.12477738410234451 0.981640100479126 0.18482822179794312 0.04712933301925659,8.295116424560547 14.900984764099121 1136.0550537109375,0.69
55,1176,16,0.9409747123718262,0.05325574427843094 -0.10846447199583054 -0.9926727414131165 -0.1940937638282776 0.9740003347396851 -0.11683712899684906 0.9795363545417786 0.19889383018016815 0.030818834900856018,5.664446830749512 12.773340225219727 1140.740234375,0.69
55,1177,16,0.9380478858947754,0.009688330814242363 -0.11563427001237869 -0.9932445883750916 -0.18507884442806244 0.9759219288825989 -0.11542282998561859 0.9826759696006775 0.18494682013988495 -0.011946404352784157,7.43668270111084 13.658903121948242 1126.8912353515625,0.69
55,1189,16,0.9443893432617188,-0.02172837220132351 -0.1074540913105011 -0.9939725399017334 -0.16914373636245728 0.9802704453468323 -0.1022753044962883 0.9853518605232239 0.16590195894241333 -0.03947486728429794,0.15919187664985657 13.033149719238281 1138.44921875,0.69
55,1347,16,0.9477791786193848,0.13538621366024017 0.03368949890136719 0.9902200102806091 -0.756288468837738 -0.642137348651886 0.12524926662445068 0.6400768160820007 -0.7658490538597107 -0.0614575631916523,-7.06348991394043 13.796838760375977 1162.19873046875,0.69
55,1520,16,0.9458270072937012,-0.20887687802314758 0.053302112966775894 0.9764882922172546 -0.598304033279419 -0.7968025803565979 -0.08448704332113266 0.7735649943351746 -0.6018842458724976 0.19832447171211243,5.225743293762207 10.020352363586426 1132.5406494140625,0.69
55,1543,16,0.946803092956543,-0.2351890206336975 0.025503836572170258 0.9716150164604187 -0.6459546089172363 -0.7510464191436768 -0.13664555549621582 0.7262429594993591 -0.6597567200660706 0.19311219453811646,-23.838882446289062 29.073360443115234 1147.6763916015625,0.69
55,1563,16,0.9502429962158203,-0.29046154022216797 0.03613736107945442 0.9562039971351624 -0.522539496421814 -0.8431236743927002 -0.12686555087566376 0.8016137480735779 -0.5365039110183716 0.2637782096862793,-20.31304931640625 24.56471824645996 1129.1329345703125,0.69
55,1567,16,0.9497551918029785,-0.296443372964859 0.03694413974881172 0.9543355703353882 -0.5090939402580261 -0.8515602946281433 -0.12517333030700684 0.8080499172210693 -0.5229532718658447 0.2712474763393402,-18.8419189453125 29.439292907714844 1143.206787109375,0.69
55,1585,16,0.9474992752075195,-0.30598416924476624 0.10819143801927567 0.9458690881729126 -0.5554086565971375 -0.8272165656089783 -0.08505246043205261 0.7732366919517517 -0.5513685941696167 0.31320562958717346,-13.905562400817871 22.228185653686523 1111.0294189453125,0.69
55,1592,16,0.9378318786621094,-0.19221097230911255 0.1436852067708969 0.970777690410614 -0.7059869766235352 -0.7073550820350647 -0.03508729487657547 0.6816431283950806 -0.6921005845069885 0.23740127682685852,-8.47423267364502 14.966116905212402 1108.990234375,0.69
55,1603,16,0.9453649520874023,-0.2344551384449005 0.011841234751045704 0.9720548391342163 -0.759036123752594 -0.6269652247428894 -0.1754385381937027 0.6073671579360962 -0.7789572477340698 0.15598315000534058,7.976677417755127 10.229379653930664 1103.77783203125,0.69
55,1604,16,0.9424107074737549,0.1986343413591385 -0.38066932559013367 0.9031252861022949 -0.5373669862747192 0.7283259034156799 0.4251800775527954 -0.8196225166320801 -0.5697650909423828 -0.059888605028390884,8.366289138793945 13.456056594848633 1115.0303955078125,0.69
55,1609,16,0.9405148029327393,-0.2505192160606384 -0.019977116957306862 0.9679054617881775 -0.6695446372032166 -0.7185531258583069 -0.18812622129917145 0.6992497444152832 -0.695185124874115 0.16663579642772675,23.220468521118164 15.739409446716309 1129.5401611328125,0.69
55,1612,16,0.9410562515258789,0.27329811453819275 -0.12859505414962769 0.9532950520515442 -0.8485997915267944 0.43444451689720154 0.3018878400325775 -0.4529750943183899 -0.8914713263511658 0.009607130661606789,20.688152313232422 15.200142860412598 1116.1888427734375,0.69
55,1625,16,0.9492433071136475,0.06273652613162994 -0.23591774702072144 0.9697457551956177 0.03248964622616768 0.9716275930404663 0.23427368700504303 -0.9975011348724365 0.01680918037891388 0.068621426820755,14.538724899291992 24.41935920715332 1141.0198974609375,0.69
55,1632,16,0.9512186050415039,0.16126646101474762 -0.35882899165153503 0.9193665385246277 0.17738372087478638 0.9269280433654785 0.33066526055336 -0.9708389639854431 0.10975544899702072 0.2131327986717224,21.663787841796875 25.636995315551758 1125.001220703125,0.69
55,1643,16,0.9507074356079102,0.267052561044693 -0.558914303779602 0.7850463390350342 -0.6538037657737732 0.4933912456035614 0.5736774206161499 -0.7079715132713318 -0.6664682626724243 -0.23365886509418488,11.328690528869629 25.908864974975586 1122.505859375,0.69
55,1666,16,0.9439277648925781,-0.1825871765613556 0.21771582961082458 -0.958781361579895 0.030748635530471802 -0.9734328389167786 -0.22689850628376007 -0.9827086925506592 -0.07090997695922852 0.17104190587997437,6.190173149108887 50.532588958740234 1148.185791015625,0.69
55,1717,16,0.9463405609130859,-0.1262809783220291 0.12992584705352783 -0.9834492206573486 0.06542368978261948 -0.9881365299224854 -0.13894589245319366 -0.9898348450660706 -0.08188711106777191 0.11628260463476181,7.295433044433594 54.27384567260742 1098.5869140625,0.69
