scene_id,im_id,obj_id,score,R,t,time
50,620,10,0.9469919204711914,0.3659052550792694 -0.929593026638031 -0.044384732842445374 -0.4094223380088806 -0.11796072870492935 -0.9046870470046997 0.8357551693916321 0.3492017984390259 -0.4237585961818695,-10.351292610168457 85.2719497680664 845.9561157226562,0.69
50,623,10,0.9497313499450684,0.3681384027004242 -0.9282596111297607 -0.05298943817615509 -0.4264233708381653 -0.1179213747382164 -0.8968040347099304 0.8262185454368591 0.3527439534664154 -0.43924304842948914,-9.152084350585938 80.41059112548828 837.7857666015625,0.69
50,629,10,0.94873046875,0.3826615810394287 -0.9228781461715698 -0.04319743812084198 -0.41079768538475037 -0.12808063626289368 -0.902685284614563 0.8275356888771057 0.3631683588027954 -0.42812779545783997,-5.5878705978393555 76.12821960449219 832.37353515625,0.69
50,633,10,0.94677734375,0.37743449211120605 -0.9247196912765503 -0.0493638850748539 -0.41645485162734985 -0.12188569456338882 -0.9009491205215454 0.8271085023880005 0.3606071174144745 -0.43110787868499756,-0.9006363153457642 73.99603271484375 829.0621337890625,0.69
50,640,10,0.94775390625,0.38754308223724365 -0.9206659197807312 -0.04674208536744118 -0.408782035112381 -0.12618261575698853 -0.9038668274879456 0.8262612819671631 0.3693946301937103 -0.4252528250217438,8.71532917022705 74.83472442626953 829.080078125,0.69
50,642,10,0.95068359375,0.3781560957431793 -0.9244481921195984 -0.0489228330552578 -0.410928875207901 -0.12027037888765335 -0.9036993384361267 0.8295392990112305 0.3618432283401489 -0.4253634512424469,9.196985244750977 74.88093566894531 832.1357421875,0.69
50,644,10,0.94775390625,0.3785681128501892 -0.9244495034217834 -0.04559936374425888 -0.411959171295166 -0.1241733580827713 -0.9027018547058105 0.8288400173187256 0.3605192303657532 -0.42784354090690613,9.231486320495605 73.79495239257812 830.9813842773438,0.69
50,651,10,0.9415948390960693,0.37205636501312256 -0.9267188906669617 -0.05259375646710396 -0.4346602261066437 -0.1238807961344719 -0.8920336365699768 0.8201491236686707 0.3547472059726715 -0.44889846444129944,14.755288124084473 70.1308822631836 829.4193115234375,0.69
50,653,10,0.9492909908294678,0.38703644275665283 -0.9204660058021545 -0.05426894128322601 -0.42877471446990967 -0.12756085395812988 -0.894360363483429 0.8163056969642639 0.3694191873073578 -0.44404324889183044,16.699047088623047 70.03409576416016 824.5473022460938,0.69
50,660,10,0.94677734375,0.3869342505931854 -0.9206980466842651 -0.050961244851350784 -0.417850524187088 -0.1258041262626648 -0.8997634649276733 0.8219992518424988 0.36944350600242615 -0.43339207768440247,22.23928451538086 72.87144470214844 822.31787109375,0.69
50,662,10,0.951171875,0.3664563298225403 -0.9295513033866882 -0.04055042564868927 -0.4207991063594818 -0.12670587003231049 -0.898261547088623 0.8298421502113342 0.3462372124195099 -0.4375864565372467,22.437042236328125 74.73831176757812 828.3727416992188,0.69
50,671,10,0.9448771476745605,0.3691927492618561 -0.9281681180000305 -0.04691022261977196 -0.4217989146709442 -0.12237141281366348 -0.898393452167511 0.8281198143959045 0.3514670133590698 -0.436678946018219,28.789020538330078 73.39867401123047 826.4093627929688,0.69
50,681,10,0.9472911357879639,0.35746678709983826 -0.9319398403167725 -0.06087285280227661 -0.4414532780647278 -0.11117184162139893 -0.8903705477714539 0.8230045437812805 0.3451504111289978 -0.4511481523513794,35.916175842285156 73.73626708984375 822.5292358398438,0.69
50,682,10,0.9492433071136475,0.3737383186817169 -0.9257909655570984 -0.05683968961238861 -0.4263084828853607 -0.11702857911586761 -0.8969756960868835 0.8237601518630981 0.35946545004844666 -0.43841060996055603,37.0692138671875 74.52538299560547 818.5960083007812,0.69
50,701,10,0.9487552642822266,0.34215375781059265 -0.9380480051040649 -0.0547427274286747 -0.417922705411911 -0.09974076598882675 -0.9029907584190369 0.8415886163711548 0.331839919090271 -0.42615818977355957,39.626182556152344 86.06468963623047 824.28759765625,0.69
50,712,10,0.9443628787994385,0.3480341136455536 -0.9354700446128845 -0.0613841637969017 -0.41955170035362244 -0.09686696529388428 -0.9025481343269348 0.8383606672286987 0.3398713767528534 -0.4261910617351532,49.19816970825195 92.05654907226562 823.0325927734375,0.69
50,721,10,0.9448509216308594,0.34035295248031616 -0.9383434653282166 -0.06059269234538078 -0.4259052276611328 -0.09639091044664383 -0.8996185660362244 0.8383105993270874 0.33199459314346313 -0.4324522614479065,59.88114929199219 90.6658706665039 822.6431274414062,0.69
50,722,10,0.9443628787994385,0.3466857075691223 -0.9358612298965454 -0.06302952766418457 -0.43722501397132874 -0.10178660601377487 -0.8935735821723938 0.8298453092575073 0.3373472988605499 -0.4444698989391327,61.20741653442383 90.6888198852539 816.5228881835938,0.69
50,735,10,0.94580078125,0.3625583350658417 -0.9294757843017578 -0.06801683455705643 -0.4258421063423157 -0.10030434280633926 -0.8992205262184143 0.828981339931488 0.354984313249588 -0.43217605352401733,69.23760223388672 90.63636779785156 814.1820678710938,0.69
50,737,10,0.9478521347045898,0.35279446840286255 -0.933769166469574 -0.06009313836693764 -0.4209139347076416 -0.10101492702960968 -0.9014584422111511 0.8356838822364807 0.34332358837127686 -0.4286739230155945,69.69073486328125 90.92417907714844 817.6661376953125,0.69
50,751,10,0.94246506690979,0.33605068922042847 -0.9393439888954163 -0.06857828050851822 -0.4397696554660797 -0.09210553020238876 -0.8933752775192261 0.8328700661659241 0.330377995967865 -0.44404709339141846,76.31355285644531 93.28299713134766 814.0181274414062,0.69
50,757,10,0.9448771476745605,0.33737117052078247 -0.9387674331665039 -0.06997564435005188 -0.4383375644683838 -0.09087439626455307 -0.8942046761512756 0.8330911993980408 0.33235183358192444 -0.4421553909778595,76.85195922851562 92.81584930419922 810.1697387695312,0.69
50,769,10,0.941462516784668,0.32432419061660767 -0.9433714151382446 -0.0697438195347786 -0.44457340240478516 -0.08693110197782516 -0.8915141820907593 0.8349660634994507 0.3201458752155304 -0.4475916922092438,80.6907958984375 93.47724914550781 805.4420776367188,0.69
50,923,10,0.939453125,0.20029263198375702 -0.9767531156539917 -0.07639514654874802 -0.4686531126499176 -0.027041921392083168 -0.8829682469367981 0.8603761196136475 0.21265485882759094 -0.4631747305393219,98.66187286376953 79.06070709228516 772.7221069335938,0.69
50,1026,10,0.9248411655426025,0.0727766752243042 -0.9943521618843079 -0.07724826037883759 -0.49853217601776123 0.03081449307501316 -0.8663233518600464 0.8638108968734741 0.1015588790178299 -0.49347397685050964,81.79582214355469 87.1637954711914 750.9478149414062,0.69
50,1044,10,0.9238650798797607,-0.008014737628400326 -0.9983007907867432 -0.05771917849779129 -0.5335723757743835 0.053086645901203156 -0.8440867066383362 0.8457164764404297 0.0240322258323431 -0.533091127872467,74.86795806884766 89.91191864013672 756.8654174804688,0.69
50,1052,10,0.9238650798797607,-0.010311673395335674 -0.9983212947845459 -0.056992605328559875 -0.5340332984924316 0.053684819489717484 -0.8437572717666626 0.8454005718231201 0.02173539437353611 -0.5336903929710388,72.03843688964844 88.44889068603516 749.5713500976562,0.69
50,1058,10,0.9233770370483398,-0.006992945447564125 -0.998304009437561 -0.05779466778039932 -0.5235823392868042 0.052895717322826385 -0.8503314256668091 0.8519464135169983 0.024313949048519135 -0.5230642557144165,71.88726043701172 88.03352355957031 748.40771484375,0.69
50,1066,10,0.9258172512054443,-0.0397484190762043 -0.9978428483009338 -0.0522482693195343 -0.5454936027526855 0.06547997146844864 -0.8355531692504883 0.8371719717979431 -0.004710816312581301 -0.546919584274292,72.07693481445312 86.15800476074219 746.2299194335938,0.69
50,1077,10,0.9175205230712891,-0.0566592738032341 -0.9974352717399597 -0.04373316094279289 -0.5423860549926758 0.06752701848745346 -0.8374112248420715 0.8382165431976318 -0.023726852610707283 -0.54482102394104,73.51206970214844 90.307373046875 745.6155395507812,0.69
50,1094,10,0.9214248657226562,-0.0592067576944828 -0.9970431327819824 -0.0489850714802742 -0.5388339161872864 0.07322853803634644 -0.8392232060432434 0.8403288722038269 -0.023292867466807365 -0.5415762662887573,74.82623291015625 100.32940673828125 744.826904296875,0.69
50,1098,10,0.9254002571105957,-0.03979350998997688 -0.9973266124725342 -0.06128603219985962 -0.5328360795974731 0.07306643575429916 -0.8430581092834473 0.845282256603241 -0.0008928287425078452 -0.5343192219734192,73.38021087646484 99.95614624023438 740.941162109375,0.69
50,1105,10,0.9177136421203613,-0.03715306147933006 -0.9980425834655762 -0.05030379816889763 -0.5385885238647461 0.062400370836257935 -0.8402550220489502 0.841749370098114 -0.0041250018402934074 -0.5398526787757874,75.83573913574219 102.16443634033203 742.7709350585938,0.69
50,1113,10,0.9170324802398682,-0.06569839268922806 -0.9971849918365479 -0.03614034131169319 -0.5364264249801636 0.06583528220653534 -0.8413754105567932 0.841386079788208 -0.03589038550853729 -0.5392415523529053,77.05175018310547 107.44651794433594 741.9906005859375,0.69
50,1125,10,0.912682056427002,-0.06956492364406586 -0.9968301653862 -0.038604963570833206 -0.5444491505622864 0.0703650712966919 -0.835837185382843 0.8359042406082153 -0.03712651506066322 -0.5476182103157043,74.87085723876953 105.25309753417969 736.8912963867188,0.69
50,1130,10,0.9107308387756348,-0.05528748035430908 -0.9975031018257141 -0.043939828872680664 -0.5315927267074585 0.06665845960378647 -0.8443729877471924 0.8451937437057495 -0.023325160145759583 -0.5339508056640625,73.13841247558594 104.96795654296875 733.7617797851562,0.69
50,1145,10,0.9146738052368164,-0.07227666676044464 -0.996483564376831 -0.0423879474401474 -0.5364238023757935 0.07466646283864975 -0.8406393527984619 0.8408482074737549 -0.038020700216293335 -0.5399340391159058,73.15066528320312 100.66104125976562 729.4391479492188,0.69
50,1150,10,0.9161365032196045,-0.08492715656757355 -0.995677649974823 -0.03759659081697464 -0.5389543771743774 0.0776415690779686 -0.8387490510940552 0.8380427360534668 -0.05096972733736038 -0.5432186722755432,73.84596252441406 99.09506225585938 731.0210571289062,0.69
50,1169,10,0.9107308387756348,-0.099451445043087 -0.9943324327468872 -0.037581756711006165 -0.5315540432929993 0.08501756936311722 -0.8427468538284302 0.8411656618118286 -0.06383565068244934 -0.5369964838027954,74.5602035522461 94.86859130859375 733.6439208984375,0.69
50,1189,10,0.905184268951416,-0.11202389001846313 -0.9932429790496826 -0.030311929062008858 -0.5350943803787231 0.08599869161844254 -0.8404035568237305 0.8373318314552307 -0.07792552560567856 -0.5411127209663391,77.10382080078125 97.26092529296875 738.6466674804688,0.69
50,1192,10,0.9167017936706543,-0.07648174464702606 -0.9959946870803833 -0.04631645232439041 -0.5164937376976013 0.07930989563465118 -0.8526102304458618 0.8528686165809631 -0.04128696024417877 -0.5204907655715942,77.00114440917969 99.86076354980469 734.9730224609375,0.69
50,1209,10,0.9039015769958496,-0.1628226339817047 -0.9864367246627808 -0.02077115885913372 -0.5367337465286255 0.10621936619281769 -0.8370391130447388 0.8278923034667969 -0.12514032423496246 -0.5467488169670105,75.53010559082031 107.41092681884766 740.69677734375,0.69
50,1216,10,0.9034597873687744,-0.13600577414035797 -0.99015212059021 -0.03318348154425621 -0.5316263437271118 0.1012052595615387 -0.8409107327461243 0.8359878063201904 -0.09672749042510986 -0.5401555299758911,75.70399475097656 105.75975799560547 737.0833740234375,0.69
50,1242,10,0.9117898941040039,-0.1748742014169693 -0.9843407869338989 -0.022182680666446686 -0.5363524556159973 0.11413149535655975 -0.8362415432929993 0.8256785273551941 -0.1343393474817276 -0.5479122996330261,69.14091491699219 110.16114807128906 735.2957153320312,0.69
50,1246,10,0.9041256904602051,-0.1894335150718689 -0.9818214178085327 -0.011902868747711182 -0.5237844586372375 0.11129813641309738 -0.844548761844635 0.830520749092102 -0.15375131368637085 -0.5353463888168335,66.73435974121094 110.27790069580078 733.5363159179688,0.69
50,1263,10,0.9016327857971191,-0.17776349186897278 -0.9838377237319946 -0.021525492891669273 -0.5315159559249878 0.11439915746450424 -0.839287519454956 0.8281853199005127 -0.13775354623794556 -0.5432614684104919,67.01929473876953 102.65628051757812 729.4028930664062,0.69
50,1266,10,0.9037685394287109,-0.20212431252002716 -0.9793073534965515 -0.010141182690858841 -0.5398064851760864 0.12004147469997406 -0.8331860899925232 0.8171625733375549 -0.1629328727722168 -0.5528997778892517,67.26372528076172 100.98797607421875 733.4039306640625,0.69
50,1280,10,0.8857903480529785,-0.19576376676559448 -0.9803301692008972 -0.025087429210543633 -0.5316252112388611 0.1275886595249176 -0.8373146653175354 0.8240456581115723 -0.15057876706123352 -0.5461453795433044,68.31552124023438 97.6502456665039 729.26171875,0.69
50,1284,10,0.8832013607025146,-0.16694064438343048 -0.9852715730667114 -0.03702259808778763 -0.534030020236969 0.12192117422819138 -0.8366284370422363 0.8288200497627258 -0.11989610642194748 -0.5465182662010193,69.129638671875 95.99007415771484 726.7872924804688,0.69
50,1324,10,0.8910863399505615,-0.2402617335319519 -0.9703241586685181 -0.02730134129524231 -0.5421154499053955 0.1574573516845703 -0.8254199028015137 0.8052237033843994 -0.18351632356643677 -0.563858687877655,59.2803955078125 88.55406951904297 727.4078369140625,0.69
50,1480,10,0.9029722213745117,-0.279019296169281 -0.9590083956718445 -0.049509380012750626 -0.49017488956451416 0.1865694522857666 -0.8514226078987122 0.8257583379745483 -0.21329505741596222 -0.5221382975578308,80.85208129882812 118.80972290039062 819.9923706054688,0.69
50,1542,10,0.8914237022399902,-0.2135060429573059 -0.9739086031913757 -0.07692348212003708 -0.4627622365951538 0.17016558349132538 -0.869996964931488 0.8603873252868652 -0.15015234053134918 -0.48701947927474976,79.50834655761719 67.14024353027344 796.3529052734375,0.69
50,1564,10,0.9006738662719727,-0.25777846574783325 -0.9646468162536621 -0.054833199828863144 -0.47371479868888855 0.17564326524734497 -0.8629853129386902 0.8421071767807007 -0.1964837610721588 -0.5022445917129517,79.67257690429688 63.262516021728516 794.4022216796875,0.69
50,1592,10,0.8934688568115234,-0.30001723766326904 -0.9524765610694885 -0.05270834639668465 -0.46024754643440247 0.19292643666267395 -0.8665746450424194 0.8355608582496643 -0.2357284277677536 -0.4962562024593353,84.24483489990234 67.26618957519531 793.2039794921875,0.69
50,1593,10,0.8938579559326172,-0.31341034173965454 -0.9486744403839111 -0.04232015460729599 -0.4505614936351776 0.18778465688228607 -0.872772216796875 0.8359236717224121 -0.25446799397468567 -0.4862897992134094,84.51943969726562 67.36509704589844 791.0743408203125,0.69
50,1613,10,0.897758960723877,-0.3300774097442627 -0.9430692195892334 -0.04085772857069969 -0.4519318640232086 0.1958818882703781 -0.8702803254127502 0.8287378549575806 -0.2687949538230896 -0.4908592104911804,81.50700378417969 72.12710571289062 792.5430908203125,0.69
50,1629,10,0.8923344612121582,-0.28830817341804504 -0.955975353717804 -0.05467528849840164 -0.45442095398902893 0.18686014413833618 -0.8709678053855896 0.8428403735160828 -0.22626155614852905 -0.48828861117362976,78.49263000488281 71.6911849975586 779.9873046875,0.69
50,1656,10,0.905498743057251,-0.3555152118206024 -0.9343439936637878 -0.02470381371676922 -0.47042688727378845 0.2017098069190979 -0.8590760827064514 0.8076555728912354 -0.29379329085350037 -0.5112513899803162,80.56999206542969 62.93017578125 781.8032836914062,0.69
50,1658,10,0.9045686721801758,-0.30347922444343567 -0.9514476656913757 -0.0514545738697052 -0.46278420090675354 0.19438612461090088 -0.8648958206176758 0.8329052329063416 -0.23866553604602814 -0.4993070960044861,79.76929473876953 61.17943572998047 774.1281127929688,0.69
50,1669,10,0.9012060165405273,-0.35433536767959595 -0.9346312880516052 -0.030180323868989944 -0.45136362314224243 0.19920749962329865 -0.869820237159729 0.8189733028411865 -0.2945857644081116 -0.49244484305381775,76.1864013671875 64.7531509399414 766.2646484375,0.69
50,1678,10,0.8927183151245117,-0.41172465682029724 -0.911306619644165 0.0017483009723946452 -0.46877050399780273 0.21014267206192017 -0.8579593896865845 0.7814966440200806 -0.35406258702278137 -0.513714611530304,69.14395141601562 70.37736511230469 765.0782470703125,0.69
50,1695,10,0.8982863426208496,-0.34675538539886475 -0.9375318288803101 -0.028191251680254936 -0.47228753566741943 0.20049022138118744 -0.858340322971344 0.8103734254837036 -0.28431975841522217 -0.512305736541748,62.395084381103516 65.45984649658203 754.4818725585938,0.69
50,1708,10,0.8862791061401367,-0.3527451157569885 -0.9354029893875122 -0.024333469569683075 -0.465739905834198 0.1980690360069275 -0.862470269203186 0.8115769624710083 -0.29289910197257996 -0.5055223703384399,56.83159255981445 66.74178314208984 744.6611938476562,0.69
50,1711,10,0.8849220275878906,-0.36162111163139343 -0.9322105646133423 -0.014619961380958557 -0.4738492965698242 0.19727423787117004 -0.8582247495651245 0.8029302954673767 -0.30342450737953186 -0.5130658149719238,56.528419494628906 67.0600814819336 742.7990112304688,0.69
50,1713,10,0.8900113105773926,-0.35394981503486633 -0.9351544976234436 -0.01433867309242487 -0.47453269362449646 0.19277650117874146 -0.8588690161705017 0.8059393763542175 -0.29719236493110657 -0.5119946002960205,58.37834167480469 66.21448516845703 743.625732421875,0.69
50,1714,10,0.8883678913116455,-0.3421066403388977 -0.9393275380134583 -0.02503165602684021 -0.47257789969444275 0.19501742720603943 -0.8594406843185425 0.8121779561042786 -0.2821909785270691 -0.5106222629547119,59.03755187988281 65.52267456054688 744.9066162109375,0.69
50,1718,10,0.8984863758087158,-0.33180004358291626 -0.9427797198295593 -0.03278791159391403 -0.4721907079219818 0.19607047736644745 -0.8594139218330383 0.816666841506958 -0.2696714401245117 -0.5102279782295227,61.813026428222656 59.817508697509766 739.7485961914062,0.69
50,1719,10,0.9045686721801758,-0.3345797061920166 -0.9418856501579285 -0.030133355408906937 -0.4727458357810974 0.19542019069194794 -0.8592569231987 0.8152102828025818 -0.2732445001602173 -0.5106561183929443,60.83879089355469 58.366371154785156 734.2975463867188,0.69
50,1733,10,0.8822636604309082,-0.4002341330051422 -0.9162740111351013 0.015956273302435875 -0.4776186943054199 0.19370365142822266 -0.856947660446167 0.7821080684661865 -0.3506007492542267 -0.5151564478874207,59.8292236328125 71.6771011352539 728.6375732421875,0.69
50,1743,10,0.8902606964111328,-0.3407246768474579 -0.9398903250694275 -0.02265174314379692 -0.4799901247024536 0.19461964070796967 -0.8554137945175171 0.8084035515785217 -0.28058797121047974 -0.5174497365951538,69.43000793457031 69.24970245361328 728.695556640625,0.69
50,1745,10,0.8820605278015137,-0.3027574419975281 -0.9522747993469238 -0.038865428417921066 -0.47177088260650635 0.18517383933067322 -0.8620572686195374 0.8281124234199524 -0.24265868961811066 -0.5053183436393738,70.71066284179688 67.44576263427734 730.6015014648438,0.69
50,1756,10,0.8910250663757324,-0.3362458348274231 -0.9417171478271484 -0.010362915694713593 -0.47873955965042114 0.18039199709892273 -0.8592246770858765 0.8110160827636719 -0.2839495837688446 -0.5114933252334595,70.46733093261719 66.57598114013672 724.7491455078125,0.69
50,1778,10,0.8953378200531006,-0.35460707545280457 -0.9350062608718872 0.004131781868636608 -0.4888266324996948 0.1816200464963913 -0.8532658815383911 0.7970585227012634 -0.30459386110305786 -0.5214597582817078,80.1520767211914 61.492488861083984 728.8148193359375,0.69
50,1782,10,0.8967041969299316,-0.3352264165878296 -0.9421327114105225 -0.003004562109708786 -0.4786873161792755 0.17306992411613464 -0.8607584834098816 0.811468780040741 -0.28711074590682983 -0.5090046525001526,78.5575942993164 59.403724670410156 725.6775512695312,0.69
50,1874,10,0.8797237873077393,-0.4623275399208069 -0.8845729827880859 0.061511218547821045 -0.4864170253276825 0.195004403591156 -0.8516875505447388 0.7413849234580994 -0.4236787259578705 -0.5204273462295532,74.51251220703125 71.4361572265625 704.931396484375,0.69
56,1,10,0.8631384372711182,0.9197419881820679 0.3334841728210449 0.20703361928462982 0.316677987575531 -0.31877291202545166 -0.8933638334274292 -0.23192597925662994 0.8872272372245789 -0.3987959623336792,-6.967532157897949 96.14639282226562 804.2208862304688,0.69
56,24,10,0.8570213317871094,0.905616044998169 0.3606003224849701 0.22321949899196625 0.3411004841327667 -0.3065594434738159 -0.8886347413063049 -0.2520119845867157 0.8809021711349487 -0.4006260931491852,1.9656126499176025 100.09809112548828 795.7648315429688,0.69
56,32,10,0.8662319183349609,0.9199996590614319 0.323163777589798 0.22173354029655457 0.32021960616111755 -0.2936234474182129 -0.9006912112236023 -0.22596462070941925 0.8996389508247375 -0.37361687421798706,9.580121040344238 100.177001953125 790.1758422851562,0.69
56,39,10,0.8696365356445312,0.9170786738395691 0.3321376442909241 0.22057032585144043 0.32626891136169434 -0.30719608068466187 -0.8939681649208069 -0.22916215658187866 0.8918043971061707 -0.39008915424346924,12.228663444519043 103.11083984375 802.056640625,0.69
56,46,10,0.8486518859863281,0.9187385439872742 0.3450271189212799 0.192030668258667 0.3061918020248413 -0.31542181968688965 -0.8981958031654358 -0.24933122098445892 0.8840053081512451 -0.3954346477985382,12.66225814819336 104.54927062988281 808.8433837890625,0.69
56,53,10,0.8670186996459961,0.9167011380195618 0.33206412196159363 0.222243994474411 0.33155953884124756 -0.32173794507980347 -0.8868781924247742 -0.22299613058567047 0.8866893649101257 -0.405036598443985,14.912994384765625 100.38118743896484 806.24658203125,0.69
56,62,10,0.8573441505432129,0.9366207122802734 0.30019864439964294 0.1806173026561737 0.2779265344142914 -0.3227814733982086 -0.9047479629516602 -0.21330420672893524 0.8976040482521057 -0.3857569098472595,14.624335289001465 101.34300231933594 812.09423828125,0.69
56,75,10,0.8537979125976562,0.9374407529830933 0.30199164152145386 0.17322193086147308 0.2706564962863922 -0.3192240595817566 -0.9082076549530029 -0.21897448599338531 0.8982744812965393 -0.380989670753479,8.259003639221191 99.31208038330078 805.230224609375,0.69
56,85,10,0.8712804317474365,0.9382306933403015 0.29024600982666016 0.18836286664009094 0.2836816906929016 -0.33355873823165894 -0.8990346193313599 -0.1981111466884613 0.8969370126724243 -0.3952924609184265,9.707868576049805 101.2979507446289 816.3573608398438,0.69
56,98,10,0.8606865406036377,0.9373806715011597 0.3013821244239807 0.17460352182388306 0.2762537896633148 -0.33799564838409424 -0.8996904492378235 -0.21213537454605103 0.8915873169898987 -0.40008848905563354,15.265844345092773 90.50605010986328 810.4310913085938,0.69
56,104,10,0.8684799671173096,0.9394441246986389 0.29853564500808716 0.16828890144824982 0.27064019441604614 -0.345038503408432 -0.8987225890159607 -0.21023458242416382 0.8898454308509827 -0.4049401581287384,24.417325973510742 89.67280578613281 814.5853881835938,0.69
56,107,10,0.8675057888031006,0.9428964853286743 0.3011302649974823 0.14236141741275787 0.24602046608924866 -0.3414924442768097 -0.9071146249771118 -0.22454430162906647 0.8903390169143677 -0.3960762023925781,26.143089294433594 87.41275024414062 815.2847900390625,0.69
56,116,10,0.8780479431152344,0.9463067054748535 0.28869518637657166 0.14546005427837372 0.24586054682731628 -0.3505743443965912 -0.9036870002746582 -0.2098955661058426 0.8909279704093933 -0.4027296304702759,33.302066802978516 83.56208038330078 820.025390625,0.69
56,119,10,0.8671431541442871,0.9398972392082214 0.3076009452342987 0.1482391357421875 0.2567399740219116 -0.3504127562046051 -0.900719404220581 -0.2251172810792923 0.8846425414085388 -0.4083254337310791,38.31214141845703 83.8235855102539 814.58544921875,0.69
56,128,10,0.8679928779602051,0.9497894644737244 0.2802160680294037 0.13920851051807404 0.23715730011463165 -0.35450616478919983 -0.9044787287712097 -0.20409922301769257 0.8920786380767822 -0.4031614661216736,38.92036056518555 82.0799560546875 821.0565185546875,0.69
56,132,10,0.8669557571411133,0.9502200484275818 0.2832290232181549 0.12985792756080627 0.2319030612707138 -0.3645329177379608 -0.9018517732620239 -0.20809313654899597 0.8870720863342285 -0.4120682179927826,38.607303619384766 79.87494659423828 822.6078491210938,0.69
56,140,10,0.8755488395690918,0.9463305473327637 0.2935824394226074 0.13515876233577728 0.24303971230983734 -0.37074241042137146 -0.8963714838027954 -0.21304982900619507 0.8811126351356506 -0.42219704389572144,44.81365966796875 83.89144134521484 823.1806030273438,0.69
56,143,10,0.8683550357818604,0.9451669454574585 0.29758328199386597 0.13454997539520264 0.2414734661579132 -0.3593915104866028 -0.901403546333313 -0.21988649666309357 0.8844670057296753 -0.41154342889785767,48.17770004272461 85.5727767944336 815.9601440429688,0.69
56,254,10,0.8927841186523438,0.983894407749176 0.16966989636421204 0.0562485009431839 0.11861950904130936 -0.3843430280685425 -0.9155380129814148 -0.1337205171585083 0.9074649214744568 -0.3982791006565094,34.804752349853516 95.85323333740234 832.7444458007812,0.69
56,357,10,0.9136576652526855,0.998440146446228 0.014003826305270195 0.0540478453040123 0.05495705083012581 -0.4172603487968445 -0.9071237444877625 0.0098488200455904 0.9086790680885315 -0.41737911105155945,9.227937698364258 96.35140228271484 788.352783203125,0.69
56,498,10,0.9204487800598145,0.9913204908370972 -0.11780058592557907 0.05836687237024307 0.007767714560031891 -0.39070603251457214 -0.9204826951026917 0.1312376856803894 0.9129467606544495 -0.38639986515045166,8.649419784545898 93.19637298583984 802.2827758789062,0.69
56,515,10,0.92529296875,0.9899314641952515 -0.12927034497261047 0.05766277015209198 0.0002441804972477257 -0.4058125615119934 -0.9139562845230103 0.14154772460460663 0.904768168926239 -0.40169504284858704,10.852599143981934 88.27062225341797 803.3352661132812,0.69
56,517,10,0.923828125,0.9896236062049866 -0.1331186294555664 0.05407893657684326 -0.00503302738070488 -0.4082590341567993 -0.9128521680831909 0.1435958743095398 0.9031078815460205 -0.40469273924827576,11.660306930541992 88.35408782958984 799.7076416015625,0.69
56,522,10,0.9345703125,0.9882644414901733 -0.142435684800148 0.05518576130270958 -0.007927845232188702 -0.4086149036884308 -0.9126725196838379 0.15254683792591095 0.9015243053436279 -0.40494880080223083,5.484128952026367 87.3280029296875 801.12744140625,0.69
56,527,10,0.9170324802398682,0.9904381036758423 -0.12359695881605148 0.06128749996423721 0.005867842119187117 -0.4061044156551361 -0.9138078689575195 0.13783298432826996 0.9054297804832458 -0.4014960527420044,17.788999557495117 89.46707916259766 800.7203369140625,0.69
56,535,10,0.9243893623352051,0.9912964701652527 -0.12441793084144592 0.043028898537158966 -0.008458245545625687 -0.38636329770088196 -0.9223079681396484 0.13137641549110413 0.9139167070388794 -0.38405296206474304,31.34309577941895 99.63983917236328 803.9934692382812,0.69
56,538,10,0.9175205230712891,0.9932546615600586 -0.1062847152352333 0.04635551571846008 0.00270719057880342 -0.3784109652042389 -0.9256337285041809 0.11592216044664383 0.9195155501365662 -0.375570684671402,30.892759323120117 102.21687316894531 796.9271240234375,0.69
56,551,10,0.92431640625,0.9931036829948425 -0.11245665699243546 0.03314744308590889 -0.012459365651011467 -0.3823632299900055 -0.9239280223846436 0.11657623946666718 0.9171432852745056 -0.38112741708755493,30.456016540527344 103.0361328125 814.8038940429688,0.69
56,553,10,0.92529296875,0.9930042624473572 -0.11292710900306702 0.03449384495615959 -0.01188371330499649 -0.38622450828552246 -0.9223281741142273 0.11747823655605316 0.9154659509658813 -0.3848646283149719,33.689002990722656 101.35853576660156 820.6399536132812,0.69
56,559,10,0.9296875,0.9931132197380066 -0.11270870268344879 0.03198299556970596 -0.01435499545186758 -0.3879922330379486 -0.9215508699417114 0.11627595126628876 0.9147452712059021 -0.3869381248950958,42.90464401245117 95.35101318359375 822.8013305664062,0.69
56,563,10,0.9322576522827148,0.9940363764762878 -0.10550063103437424 0.0275920107960701 -0.01577088050544262 -0.3894451856613159 -0.9209145903587341 0.1079026535153389 0.9149874448776245 -0.38878652453422546,45.95974349975586 89.80953979492188 818.34033203125,0.69
56,567,10,0.9287109375,0.9936967492103577 -0.1056976392865181 0.03734547644853592 -0.00738050090149045 -0.39410364627838135 -0.9190364480018616 0.11185795068740845 0.9129678606987 -0.3923996686935425,51.77534484863281 90.30774688720703 829.5523071289062,0.69
56,570,10,0.93310546875,0.9935362339019775 -0.1089320108294487 0.0319293737411499 -0.01350319292396307 -0.3926960527896881 -0.9195691347122192 0.11270906031131744 0.9131941795349121 -0.3916287422180176,56.79958724975586 89.0384292602539 831.6919555664062,0.69
56,575,10,0.9317386150360107,0.9941096305847168 -0.10415399074554443 0.029968388378620148 -0.012287660501897335 -0.3830437660217285 -0.9236484169960022 0.10768087953329086 0.9178394675254822 -0.3820672929286957,59.84648895263672 94.06409454345703 825.404052734375,0.69
56,578,10,0.934145450592041,0.9933708906173706 -0.11288362741470337 0.021715180948376656 -0.023055871948599815 -0.3807162940502167 -0.9244043231010437 0.11261745542287827 0.9177756905555725 -0.38079512119293213,60.786651611328125 94.243408203125 828.1604614257812,0.69
56,587,10,0.93212890625,0.9928022623062134 -0.11230648308992386 0.041603006422519684 -0.004089921712875366 -0.37896305322647095 -0.9254027605056763 0.11969473212957382 0.9185717701911926 -0.37669476866722107,60.14133834838867 100.95142364501953 832.975341796875,0.69
56,589,10,0.93701171875,0.9916858077049255 -0.1218157559633255 0.04147516191005707 -0.00820687785744667 -0.38152000308036804 -0.9243241548538208 0.1284208446741104 0.9162987470626831 -0.37934768199920654,57.07855987548828 102.4530258178711 841.437744140625,0.69
56,596,10,0.935546875,0.9910093545913696 -0.12476558238267899 0.04831087589263916 -0.0019619895610958338 -0.374601811170578 -0.9271837472915649 0.13377796113491058 0.9187529683113098 -0.37147870659828186,60.75090789794922 101.83702087402344 844.8422241210938,0.69
56,598,10,0.9355781078338623,0.9906070828437805 -0.12463611364364624 0.05624561384320259 0.005182598251849413 -0.3768163025379181 -0.9262735247612 0.13664139807224274 0.9178646206855774 -0.37263089418411255,63.44194793701172 99.7398681640625 850.1559448242188,0.69
56,601,10,0.93505859375,0.9915496110916138 -0.12280111759901047 0.04182269051671028 -0.007001344580203295 -0.37257498502731323 -0.9279756546020508 0.12953853607177734 0.9198410511016846 -0.37028637528419495,63.690185546875 99.36453247070312 847.9712524414062,0.69
56,603,10,0.9346332550048828,0.9906634092330933 -0.13024356961250305 0.04028204828500748 -0.011976187117397785 -0.3774718642234802 -0.9259436130523682 0.13580355048179626 0.9168161153793335 -0.3755073547363281,63.301273345947266 99.74542999267578 854.0687255859375,0.69
56,604,10,0.9360661506652832,0.9902217984199524 -0.1317867785692215 0.045749641954898834 -0.006960071623325348 -0.37421369552612305 -0.9273163676261902 0.13932816684246063 0.9179304242134094 -0.3714717924594879,61.366947174072266 99.36359405517578 849.8173828125,0.69
56,608,10,0.931640625,0.9886755347251892 -0.14242711663246155 0.04727770760655403 -0.009585139341652393 -0.37432950735092163 -0.9272462129592896 0.14976243674755096 0.9162924289703369 -0.371455579996109,55.42951965332031 98.36885070800781 858.1444091796875,0.69
56,628,10,0.93359375,0.9835833311080933 -0.1759471446275711 0.040080610662698746 -0.028490453958511353 -0.370734304189682 -0.9283019304275513 0.17819131910800934 0.911920428276062 -0.369660884141922,42.85557174682617 90.4669418334961 856.2913818359375,0.69
56,631,10,0.9385645389556885,0.9840257167816162 -0.1731548011302948 0.041361793875694275 -0.025694362819194794 -0.36803972721099854 -0.929455041885376 0.17616236209869385 0.9135448932647705 -0.366609662771225,46.435821533203125 89.801025390625 854.3230590820312,0.69
56,634,10,0.93896484375,0.9839572906494141 -0.17332999408245087 0.042245037853717804 -0.026516437530517578 -0.37625205516815186 -0.9261378049850464 0.17642225325107574 0.9101598262786865 -0.3748120665550232,47.77799606323242 90.09298706054688 858.548095703125,0.69
56,644,10,0.9375,0.9831328988075256 -0.1778017282485962 0.042851027101278305 -0.027633463963866234 -0.3760146498680115 -0.926201581954956 0.18079285323619843 0.909395158290863 -0.37458568811416626,53.909420013427734 92.80696868896484 858.4733276367188,0.69
56,653,10,0.93115234375,0.9839224815368652 -0.17441631853580475 0.03841127082705498 -0.029867883771657944 -0.37274250388145447 -0.9274539947509766 0.1760806292295456 0.9113955497741699 -0.37195920944213867,52.325382232666016 94.3113784790039 848.9868774414062,0.69
56,753,10,0.93701171875,0.9692092537879944 -0.24602222442626953 0.010319173336029053 -0.0847327709197998 -0.3725680112838745 -0.9241284728050232 0.23120073974132538 0.8947994709014893 -0.3819425106048584,54.12184143066406 103.14519500732422 803.1649780273438,0.69
56,956,10,0.951195478439331,0.8873875737190247 -0.45983123779296875 -0.03314291685819626 -0.21357260644435883 -0.34631434082984924 -0.9134840965270996 0.40857064723968506 0.8176928162574768 -0.4055224061012268,40.20603561401367 83.28211975097656 777.19775390625,0.69
56,1025,10,0.9472911357879639,0.8273463249206543 -0.5605925917625427 -0.03512965142726898 -0.2549872100353241 -0.31912222504615784 -0.9127663969993591 0.5004794597625732 0.764131486415863 -0.40696853399276733,48.064720153808594 76.31990051269531 781.011962890625,0.69
56,1028,10,0.9482672214508057,0.8216087818145752 -0.5692689418792725 -0.029864601790905 -0.2512323558330536 -0.3145739436149597 -0.9153826832771301 0.5117043852806091 0.7595894932746887 -0.4014754891395569,45.099395751953125 79.38359069824219 782.5551147460938,0.69
56,1036,10,0.9453389644622803,0.8129351735115051 -0.5816171765327454 -0.02928943745791912 -0.2593598961830139 -0.3165627419948578 -0.9124255776405334 0.5214104652404785 0.7493393421173096 -0.4081931412220001,36.140995025634766 78.1156997680664 784.8338623046875,0.69
56,1037,10,0.9463150501251221,0.8115378618240356 -0.5835922360420227 -0.028747469186782837 -0.25964638590812683 -0.3161124289035797 -0.912500262260437 0.5234406590461731 0.7479926347732544 -0.4080648124217987,36.01652908325195 76.65727233886719 782.6449584960938,0.69
56,1044,10,0.9434401988983154,0.8102787733078003 -0.5854296088218689 -0.02684331312775612 -0.25425437092781067 -0.3098999559879303 -0.9161422848701477 0.528018057346344 0.7491557598114014 -0.39995336532592773,40.47588348388672 80.25669860839844 777.0342407226562,0.69
56,1046,10,0.9492673873901367,0.8075859546661377 -0.5891070365905762 -0.02753087691962719 -0.2548927962779999 -0.30656513571739197 -0.9170864224433899 0.5318220257759094 0.7476435303688049 -0.3977367877960205,42.92298889160156 83.44937896728516 777.8702392578125,0.69
56,1047,10,0.9478039741516113,0.8125271797180176 -0.5824825167655945 -0.02266484685242176 -0.2418658286333084 -0.3015013039112091 -0.9222785830497742 0.5303776860237122 0.7548582553863525 -0.3858606219291687,44.37670135498047 84.49662017822266 774.7859497070312,0.69
56,1048,10,0.9468283653259277,0.814223051071167 -0.580037534236908 -0.02443986013531685 -0.24341408908367157 -0.3028663992881775 -0.9214236736297607 0.5270583033561707 0.7561933994293213 -0.38779008388519287,45.336456298828125 86.0587387084961 779.2935180664062,0.69
56,1049,10,0.9492433071136475,0.8155403137207031 -0.5779070854187012 -0.030286550521850586 -0.24520470201969147 -0.29767894744873047 -0.922638475894928 0.5241836905479431 0.7598752975463867 -0.3844747543334961,46.173404693603516 86.33206939697266 780.301513671875,0.69
56,1054,10,0.9443628787994385,0.8154017925262451 -0.5778297781944275 -0.0351116806268692 -0.25433090329170227 -0.303091824054718 -0.91839599609375 0.5200344324111938 0.7577917575836182 -0.3941015601158142,53.14084243774414 85.91785430908203 783.774658203125,0.69
56,1062,10,0.9414346218109131,0.8283290863037109 -0.5587410926818848 -0.040980029851198196 -0.24414664506912231 -0.2941729426383972 -0.9240425825119019 0.5042453408241272 0.7754164934158325 -0.380086749792099,64.48421478271484 83.87018585205078 783.072021484375,0.69
56,1064,10,0.9453649520874023,0.8221138119697571 -0.567699134349823 -0.042971380054950714 -0.2501862943172455 -0.29244378209114075 -0.9229753017425537 0.5114055871963501 0.7695416212081909 -0.3824526071548462,67.1972427368164 84.58746337890625 786.60986328125,0.69
56,1070,10,0.9433867931365967,0.82401043176651 -0.5652812123298645 -0.03826247900724411 -0.24285045266151428 -0.29137393832206726 -0.9252701997756958 0.5118891000747681 0.771724283695221 -0.37737396359443665,67.147705078125 89.33423614501953 792.9650268554688,0.69
56,1071,10,0.94189453125,0.8211402893066406 -0.5693820714950562 -0.03915004804730415 -0.24586480855941772 -0.2910027503967285 -0.9245907068252563 0.5150525569915771 0.7688443064689636 -0.3789450526237488,65.94143676757812 90.87361145019531 798.9684448242188,0.69
56,1078,10,0.94091796875,0.8238236308097839 -0.5655114650726318 -0.03887711465358734 -0.2375536561012268 -0.2821630835533142 -0.9294903874397278 0.5146676898002625 0.7749714851379395 -0.36679190397262573,65.15784454345703 91.9017105102539 799.841552734375,0.69
56,1087,10,0.9434137344360352,0.811748206615448 -0.581295371055603 -0.05621907114982605 -0.27066662907600403 -0.28916773200035095 -0.9182165265083313 0.517498254776001 0.7605772614479065 -0.3920685946941376,69.4894790649414 86.95321655273438 816.300537109375,0.69
56,1097,10,0.9433867931365967,0.8092049360275269 -0.5857065916061401 -0.046209823340177536 -0.25900211930274963 -0.28502392768859863 -0.9228647351264954 0.5273570418357849 0.7587552070617676 -0.3823419213294983,65.06269836425781 78.31184387207031 813.4898071289062,0.69
56,1108,10,0.9399704933166504,0.820101261138916 -0.5700803399085999 -0.049420926719903946 -0.2520065903663635 -0.28228476643562317 -0.925639271736145 0.5137379765510559 0.7715723514556885 -0.37516605854034424,72.84989166259766 74.92915344238281 807.2517700195312,0.69
56,1116,10,0.93798828125,0.799296498298645 -0.5982521772384644 -0.05674079433083534 -0.2762010395526886 -0.2818727493286133 -0.9188366532325745 0.5337022542953491 0.7500947713851929 -0.39053773880004883,76.25689697265625 79.56038665771484 831.10009765625,0.69
56,1124,10,0.9371018409729004,0.8100013136863708 -0.5840304493904114 -0.052975136786699295 -0.2638375163078308 -0.2822582423686981 -0.9223449230194092 0.5237247943878174 0.7610774636268616 -0.38271865248680115,78.75254821777344 74.51166534423828 827.8902587890625,0.69
56,1135,10,0.939453125,0.794754683971405 -0.6055836081504822 -0.04041583463549614 -0.26457205414772034 -0.28574830293655396 -0.9210588932037354 0.5462294220924377 0.7427087426185608 -0.387320339679718,53.16135787963867 68.55415344238281 822.1812744140625,0.69
56,1146,10,0.9375600814819336,0.7941538691520691 -0.6058602929115295 -0.04746589809656143 -0.2695177495479584 -0.2811211943626404 -0.9210489392280579 0.5446832180023193 0.7442474365234375 -0.3865436017513275,56.93081283569336 73.98065948486328 830.0263671875,0.69
56,1158,10,0.9356088638305664,0.7895152568817139 -0.6108840703964233 -0.05904511734843254 -0.27971768379211426 -0.2725313901901245 -0.92058926820755 0.5462816953659058 0.7433351874351501 -0.3860427737236023,66.83959197998047 69.80027770996094 826.3745727539062,0.69
56,1171,10,0.9280014038085938,0.783588171005249 -0.6187726855278015 -0.05576539412140846 -0.2746763527393341 -0.2645263671875 -0.9244341850280762 0.5572632551193237 0.7396931052207947 -0.37724199891090393,67.90217590332031 76.11113739013672 828.3755493164062,0.69
