scene_id,im_id,obj_id,score,R,t,time
50,620,5,0.941922664642334,-0.4500679075717926 -0.891363263130188 -0.05394767224788666 -0.4107542037963867 0.26028329133987427 -0.8738040328025818 0.7929185032844543 -0.3711119294166565 -0.4832763671875,91.02566528320312 -8.117785453796387 829.9525756835938,0.69
50,623,5,0.93359375,-0.4549059569835663 -0.8886528611183167 -0.05793624743819237 -0.41828542947769165 0.2706506550312042 -0.8670556545257568 0.786191999912262 -0.3701949119567871 -0.4948311150074005,91.75800323486328 -11.402124404907227 827.75927734375,0.69
50,629,5,0.93603515625,-0.4619991183280945 -0.8854449391365051 -0.050437744706869125 -0.40933582186698914 0.2633397877216339 -0.8735538721084595 0.7867661714553833 -0.38293513655662537 -0.4841071367263794,95.4698257446289 -15.62480354309082 825.9214477539062,0.69
50,633,5,0.93798828125,-0.4601355791091919 -0.8866366147994995 -0.04637633636593819 -0.4001612067222595 0.25373226404190063 -0.8806196451187134 0.7925568222999573 -0.38664641976356506 -0.47154876589775085,100.21012115478516 -17.4616756439209 825.9971313476562,0.69
50,640,5,0.939453125,-0.47306233644485474 -0.8794713616371155 -0.05236510932445526 -0.3911549150943756 0.2629138231277466 -0.8819717168807983 0.789436399936676 -0.39674466848373413 -0.46838417649269104,109.93468475341797 -17.333473205566406 828.4285278320312,0.69
50,642,5,0.94091796875,-0.4779298007488251 -0.87698894739151 -0.049734435975551605 -0.3865492641925812 0.26082366704940796 -0.8846189379692078 0.7887729406356812 -0.40356093645095825 -0.46365487575531006,110.29031372070312 -17.655527114868164 827.6533813476562,0.69
50,644,5,0.93896484375,-0.47630372643470764 -0.8777276873588562 -0.05223837122321129 -0.40039002895355225 0.26940035820007324 -0.8758488297462463 0.7828299403190613 -0.3962543308734894 -0.47974976897239685,109.89340209960938 -19.036457061767578 823.7561645507812,0.69
50,651,5,0.9375,-0.4992853105068207 -0.8656841516494751 -0.03612559288740158 -0.3798198401927948 0.2561558187007904 -0.8888875246047974 0.7787497043609619 -0.43008729815483093 -0.45669886469841003,116.22569274902344 -21.032886505126953 828.3223876953125,0.69
50,653,5,0.94287109375,-0.4909619390964508 -0.8700687289237976 -0.04400700330734253 -0.3755247890949249 0.2569405138492584 -0.8904844522476196 0.7860900163650513 -0.42066824436187744 -0.4528804123401642,118.47151184082031 -20.647686004638672 826.4522094726562,0.69
50,660,5,0.9414346218109131,-0.48591238260269165 -0.873251736164093 -0.03633890673518181 -0.37443414330482483 0.24555863440036774 -0.8941476345062256 0.7897393107414246 -0.4208708703517914 -0.44629523158073425,124.20055389404297 -18.765342712402344 828.2528686523438,0.69
50,662,5,0.941462516784668,-0.48788967728614807 -0.8722519278526306 -0.033770013600587845 -0.372501939535141 0.24303273856639862 -0.8956435918807983 0.789434015750885 -0.424395889043808 -0.4434886574745178,124.60718536376953 -17.119510650634766 830.1304931640625,0.69
50,671,5,0.9453125,-0.506856381893158 -0.8615341782569885 -0.029248103499412537 -0.36948999762535095 0.24778200685977936 -0.8955899477005005 0.7788283824920654 -0.4431285560131073 -0.4439181983470917,130.91114807128906 -18.534194946289062 830.0135498046875,0.69
50,681,5,0.9453649520874023,-0.5097368955612183 -0.8594409227371216 -0.039110176265239716 -0.368344247341156 0.25909683108329773 -0.892855703830719 0.7774900794029236 -0.4407155215740204 -0.4486413300037384,137.58860778808594 -19.00815773010254 827.3651733398438,0.69
50,682,5,0.9438748359680176,-0.503783643245697 -0.8628994822502136 -0.04008247330784798 -0.36160263419151306 0.25279855728149414 -0.8974053859710693 0.7845034003257751 -0.43760427832603455 -0.43938249349594116,138.5509490966797 -18.19688606262207 828.3978271484375,0.69
50,701,5,0.9448509216308594,-0.5358285903930664 -0.8430864214897156 -0.045748576521873474 -0.33785662055015564 0.263752818107605 -0.9034861922264099 0.7737833261489868 -0.4686572551727295 -0.42616862058639526,140.4625701904297 -8.833287239074707 831.4705810546875,0.69
50,712,5,0.946803092956543,-0.5426984429359436 -0.8387134671211243 -0.045145004987716675 -0.3371446430683136 0.26675140857696533 -0.9028716087341309 0.7692930698394775 -0.4747666120529175 -0.427533358335495,150.7412567138672 -1.5911141633987427 833.4143676757812,0.69
50,721,5,0.9472911357879639,-0.5414823889732361 -0.839812159538269 -0.038889385759830475 -0.33688512444496155 0.25912877917289734 -0.9051854014396667 0.7702630758285522 -0.47704070806503296 -0.42323389649391174,161.74893188476562 -2.690509080886841 831.2644653320312,0.69
50,722,5,0.9458270072937012,-0.5541507601737976 -0.8315340280532837 -0.038317400962114334 -0.33835268020629883 0.26706454157829285 -0.9023270606994629 0.7605487704277039 -0.48706039786338806 -0.4293457567691803,161.184326171875 -2.417825222015381 826.56884765625,0.69
50,735,5,0.9487552642822266,-0.5627040863037109 -0.8255579471588135 -0.04263948276638985 -0.32987117767333984 0.2715393900871277 -0.9041301608085632 0.7579901814460754 -0.49469220638275146 -0.4251241087913513,170.17115783691406 -2.3428900241851807 829.9407958984375,0.69
50,737,5,0.9492433071136475,-0.5533196926116943 -0.8319374918937683 -0.04143939167261124 -0.3294682502746582 0.26427826285362244 -0.9064257740974426 0.765041172504425 -0.4878902733325958 -0.42032739520072937,170.57568359375 -2.8801627159118652 827.0511474609375,0.69
50,751,5,0.9482421875,-0.5613002181053162 -0.8268149495124817 -0.03632025793194771 -0.32356324791908264 0.259627103805542 -0.9098904132843018 0.7617407441139221 -0.4989697337150574 -0.4132556617259979,176.4275665283203 -0.7729304432868958 827.7202758789062,0.69
50,757,5,0.951195478439331,-0.5541487336158752 -0.8311977386474609 -0.045050475746393204 -0.318857878446579 0.2619479298591614 -0.9108858704566956 0.7689270377159119 -0.4904015362262726 -0.41019207239151,177.84561157226562 -1.054304838180542 826.9105224609375,0.69
50,769,5,0.95166015625,-0.5726884603500366 -0.8183749914169312 -0.0478573814034462 -0.31328830122947693 0.2724355459213257 -0.9097413420677185 0.7575476169586182 -0.5060051679611206 -0.4124079942703247,180.09132385253906 -1.7135006189346313 823.7098999023438,0.69
50,923,5,0.95556640625,-0.6377199292182922 -0.7684862017631531 -0.05236779898405075 -0.32276469469070435 0.32833465933799744 -0.8877045512199402 0.6993827819824219 -0.5492044687271118 -0.4574257433414459,189.64967346191406 -23.9849910736084 793.9843139648438,0.69
50,1026,5,0.96142578125,-0.7143189311027527 -0.6973891854286194 -0.05828341469168663 -0.281654953956604 0.3627318739891052 -0.8883108496665955 0.6406395435333252 -0.6181215047836304 -0.4555293321609497,165.10874938964844 -21.50960922241211 773.5999145507812,0.69
50,1044,5,0.9609375,-0.7301393151283264 -0.6802607774734497 -0.06435718387365341 -0.2709648013114929 0.37471655011177063 -0.8866597414016724 0.6272755861282349 -0.6299465894699097 -0.4579220116138458,155.68896484375 -21.86127471923828 772.1898803710938,0.69
50,1052,5,0.9609375,-0.7348902225494385 -0.6747820377349854 -0.0678645670413971 -0.26618340611457825 0.3790294826030731 -0.8862748742103577 0.6237649917602539 -0.63325035572052 -0.4581608474254608,152.54136657714844 -23.195884704589844 766.2523193359375,0.69
50,1058,5,0.9619140625,-0.7295597791671753 -0.6810476779937744 -0.06258297711610794 -0.2734587490558624 0.37435832619667053 -0.8860452771186829 0.6268674731254578 -0.6293091177940369 -0.4593552052974701,152.79478454589844 -23.695096969604492 764.4297485351562,0.69
50,1066,5,0.9619324207305908,-0.7409600019454956 -0.6684662103652954 -0.06427498161792755 -0.2759260833263397 0.39030709862709045 -0.8783650994300842 0.6122443079948425 -0.6330982446670532 -0.47364920377731323,151.04217529296875 -25.78238868713379 760.523681640625,0.69
50,1077,5,0.95947265625,-0.7295451164245605 -0.6809894442558289 -0.06338144093751907 -0.26769208908081055 0.3695947527885437 -0.8897980451583862 0.6293686032295227 -0.6321811676025391 -0.45193153619766235,152.90188598632812 -23.04304313659668 759.5450439453125,0.69
50,1094,5,0.958984375,-0.7444247007369995 -0.6644028425216675 -0.06633912026882172 -0.2543831765651703 0.37406885623931885 -0.891830563545227 0.6173501014709473 -0.6470251679420471 -0.4474789798259735,152.81187438964844 -13.099237442016602 761.3310546875,0.69
50,1098,5,0.958984375,-0.7487549185752869 -0.6596282720565796 -0.06524254381656647 -0.25489503145217896 0.3773917257785797 -0.8902831077575684 0.6118778586387634 -0.6499738693237305 -0.45070990920066833,151.2616424560547 -13.065096855163574 760.0906982421875,0.69
50,1105,5,0.95751953125,-0.7499863505363464 -0.6585041880607605 -0.062390945851802826 -0.25147250294685364 0.3711013197898865 -0.8938933610916138 0.6117859482765198 -0.6547181606292725 -0.4439166188240051,152.30287170410156 -11.460803985595703 758.5645141601562,0.69
50,1113,5,0.9619140625,-0.7510817646980286 -0.6577382683753967 -0.05706668272614479 -0.2504434287548065 0.36382538080215454 -0.8971673250198364 0.6108635067939758 -0.6595540642738342 -0.437988817691803,153.4063720703125 -6.097789764404297 756.3057250976562,0.69
50,1125,5,0.962890625,-0.7564008831977844 -0.6522713303565979 -0.048987582325935364 -0.2534728944301605 0.361329585313797 -0.8973251581192017 0.6030001044273376 -0.6663204431533813 -0.4386431574821472,151.8919677734375 -7.374141216278076 755.5696411132812,0.69
50,1130,5,0.96044921875,-0.763933539390564 -0.6432653069496155 -0.05113966763019562 -0.24855029582977295 0.36645665764808655 -0.8966226577758789 0.5955067873001099 -0.6722493171691895 -0.43983229994773865,149.6448974609375 -8.5963134765625 754.8165893554688,0.69
50,1145,5,0.9609375,-0.7609632611274719 -0.6467428207397461 -0.05156145244836807 -0.2526409924030304 0.3685819208621979 -0.8946059942245483 0.59758460521698 -0.667735755443573 -0.44387108087539673,148.85153198242188 -12.405057907104492 748.4808349609375,0.69
50,1150,5,0.9599609375,-0.7618958950042725 -0.645476222038269 -0.053618963807821274 -0.25997811555862427 0.3805876672267914 -0.8874481916427612 0.5932334065437317 -0.6622033715248108 -0.4577779173851013,148.6307373046875 -15.031645774841309 745.3827514648438,0.69
50,1169,5,0.95751953125,-0.781140923500061 -0.6225980520248413 -0.046803057193756104 -0.2512300908565521 0.3820597231388092 -0.8893333077430725 0.5715787410736084 -0.6829363107681274 -0.45485788583755493,148.89816284179688 -19.199954986572266 750.2781372070312,0.69
50,1189,5,0.96142578125,-0.7760728597640991 -0.6291534304618835 -0.04332171753048897 -0.25537773966789246 0.376336932182312 -0.8905912041664124 0.5766220688819885 -0.6801002621650696 -0.4527367055416107,149.6924285888672 -17.31090545654297 750.5946655273438,0.69
50,1192,5,0.962890625,-0.7768997550010681 -0.6283106207847595 -0.04065172001719475 -0.25083744525909424 0.3680851459503174 -0.895317792892456 0.5775008797645569 -0.6853752136230469 -0.4435690939426422,150.94100952148438 -14.350104331970215 753.2646484375,0.69
50,1209,5,0.9609375,-0.794111430644989 -0.6062506437301636 -0.04297935590147972 -0.2366660237312317 0.3735866844654083 -0.8968958258628845 0.5598002672195435 -0.7020633816719055 -0.44014835357666016,145.4342041015625 -8.160680770874023 754.2822265625,0.69
50,1216,5,0.9599609375,-0.8042958378791809 -0.59218430519104 -0.04925413802266121 -0.22207991778850555 0.3764345943927765 -0.8994317650794983 0.5511704087257385 -0.7124708294868469 -0.4342769980430603,146.70347595214844 -9.577991485595703 758.1586303710938,0.69
50,1242,5,0.9599609375,-0.8133869171142578 -0.5796616673469543 -0.04892944544553757 -0.21483241021633148 0.37748757004737854 -0.9007497429847717 0.5406003594398499 -0.7221464514732361 -0.4315735697746277,138.2713623046875 -5.792413234710693 753.7811279296875,0.69
50,1246,5,0.9599609375,-0.8136178851127625 -0.5793360471725464 -0.04894443601369858 -0.21453693509101868 0.377402663230896 -0.9008557796478271 0.540369987487793 -0.72245192527771 -0.43135061860084534,136.39019775390625 -5.633071422576904 751.966552734375,0.69
50,1263,5,0.9624204635620117,-0.8169627785682678 -0.5747765898704529 -0.04694217070937157 -0.21748824417591095 0.38246890902519226 -0.8980069160461426 0.5341072678565979 -0.7234288454055786 -0.43747007846832275,135.7417755126953 -14.13106632232666 751.8136596679688,0.69
50,1266,5,0.96142578125,-0.8278101682662964 -0.5587007999420166 -0.05083093047142029 -0.208416149020195 0.39039063453674316 -0.8967484831809998 0.5208580493927002 -0.7317434549331665 -0.4396115839481354,135.7916259765625 -16.68036651611328 751.7139892578125,0.69
50,1280,5,0.95849609375,-0.8364925384521484 -0.5447033047676086 -0.05982097238302231 -0.20414212346076965 0.41107040643692017 -0.8884520530700684 0.5085334777832031 -0.7309715151786804 -0.4550541937351227,135.78518676757812 -20.687047958374023 752.1803588867188,0.69
50,1284,5,0.95556640625,-0.8328444361686707 -0.5508565306663513 -0.05410340428352356 -0.21030652523040771 0.40534234046936035 -0.8896453380584717 0.5119972825050354 -0.7295579314231873 -0.45343586802482605,136.60130310058594 -22.064899444580078 752.8695068359375,0.69
50,1324,5,0.96044921875,-0.8617616295814514 -0.5043101906776428 -0.05512063205242157 -0.19537325203418732 0.4301827847957611 -0.8813467025756836 0.46818414330482483 -0.7487417459487915 -0.4692436456680298,123.01493835449219 -31.875102996826172 752.7459106445312,0.69
50,1480,5,0.9624204635620117,-0.8842064738273621 -0.4639911353588104 -0.05376942455768585 -0.13936641812324524 0.3719356656074524 -0.9177367687225342 0.44582051038742065 -0.8039751052856445 -0.3935326933860779,138.98434448242188 0.8147543668746948 851.0781860351562,0.69
50,1542,5,0.9629085063934326,-0.8950129151344299 -0.4451131522655487 -0.028745902702212334 -0.1584634929895401 0.37755030393600464 -0.9123294949531555 0.41694286465644836 -0.8119914531707764 -0.4084465503692627,137.47499084472656 -49.36076736450195 841.9470825195312,0.69
50,1564,5,0.9619140625,-0.8990703225135803 -0.4365856349468231 -0.03264323249459267 -0.15608030557632446 0.38929474353790283 -0.9077932834625244 0.4090372920036316 -0.81107497215271 -0.4181457459926605,137.0990753173828 -53.41564178466797 839.9900512695312,0.69
50,1592,5,0.962890625,-0.9042025208473206 -0.4258679449558258 -0.032471127808094025 -0.1517110913991928 0.39131948351860046 -0.9076634049415588 0.3992513120174408 -0.8157853484153748 -0.41844090819358826,138.96871948242188 -50.33241271972656 837.329345703125,0.69
50,1593,5,0.962890625,-0.9064270853996277 -0.42108413577079773 -0.03283441439270973 -0.15047134459018707 0.3945866823196411 -0.9064544439315796 0.3946496546268463 -0.8166942000389099 -0.4210251569747925,139.40557861328125 -49.92433166503906 837.461669921875,0.69
50,1613,5,0.96337890625,-0.9113442301750183 -0.4106929302215576 -0.027985060587525368 -0.14403758943080902 0.38183385133743286 -0.9129381775856018 0.38562288880348206 -0.827970027923584 -0.4071372449398041,134.9344024658203 -45.18149948120117 836.806884765625,0.69
50,1629,5,0.96484375,-0.9224858283996582 -0.38527151942253113 -0.024201666936278343 -0.13704229891300201 0.38545146584510803 -0.9124947190284729 0.36088675260543823 -0.838446855545044 -0.40837204456329346,131.9339141845703 -45.592342376708984 831.429443359375,0.69
50,1656,5,0.96630859375,-0.9202138185501099 -0.39037570357322693 -0.028517788276076317 -0.14252908527851105 0.4020494222640991 -0.9044565558433533 0.36454343795776367 -0.8282288312911987 -0.42561131715774536,130.9063262939453 -55.48788070678711 823.0023193359375,0.69
50,1658,5,0.9648606777191162,-0.9196820259094238 -0.39166590571403503 -0.02797762118279934 -0.14458106458187103 0.40401649475097656 -0.9032534956932068 0.36507707834243774 -0.8266610503196716 -0.42819416522979736,132.41738891601562 -57.063392639160156 822.044189453125,0.69
50,1669,5,0.96435546875,-0.9265974164009094 -0.37478160858154297 -0.030918197706341743 -0.13587228953838348 0.4103184640407562 -0.9017635583877563 0.35065069794654846 -0.8313708305358887 -0.43112248182296753,126.69383239746094 -53.53196716308594 812.3749389648438,0.69
50,1678,5,0.96435546875,-0.9255291819572449 -0.3778209984302521 -0.025438325479626656 -0.1399616003036499 0.40372973680496216 -0.9041089415550232 0.3518615663051605 -0.8332188725471497 -0.42654404044151306,118.3429946899414 -48.69986343383789 805.9541015625,0.69
50,1695,5,0.9677734375,-0.9238361120223999 -0.3822673261165619 -0.019965847954154015 -0.1486029475927353 0.40622401237487793 -0.9016092419624329 0.35276636481285095 -0.8299721479415894 -0.4320904016494751,113.1190414428711 -52.94633865356445 795.48681640625,0.69
50,1708,5,0.96484375,-0.9286339282989502 -0.3707139492034912 -0.014499963261187077 -0.14803284406661987 0.40609169006347656 -0.9017626047134399 0.3401843011379242 -0.8352609276771545 -0.43198832869529724,107.54531860351562 -52.02109909057617 786.5286865234375,0.69
50,1711,5,0.96484375,-0.929451584815979 -0.36862000823020935 -0.015463770367205143 -0.14582446217536926 0.40554171800613403 -0.9023697376251221 0.3389027714729309 -0.8364539742469788 -0.4306851923465729,107.11261749267578 -52.068199157714844 785.393310546875,0.69
50,1713,5,0.96435546875,-0.9269599318504333 -0.3749109208583832 -0.013677600771188736 -0.14924219250679016 0.4019569754600525 -0.903414249420166 0.34419769048690796 -0.8353875279426575 -0.4285505414009094,108.42605590820312 -52.36931228637695 784.2796630859375,0.69
50,1714,5,0.96435546875,-0.9287976026535034 -0.3702884018421173 -0.014883509837090969 -0.14634966850280762 0.40339553356170654 -0.903246283531189 0.3404655456542969 -0.8367547988891602 -0.42886441946029663,109.69247436523438 -53.356719970703125 786.6841430664062,0.69
50,1718,5,0.9677889347076416,-0.9267537593841553 -0.37548547983169556 -0.011746439151465893 -0.15280574560165405 0.4053429663181305 -0.9013031721115112 0.3431876003742218 -0.8334912061691284 -0.43302953243255615,112.6529312133789 -59.022216796875 780.0175170898438,0.69
50,1719,5,0.9663405418395996,-0.9251782894134521 -0.37939533591270447 -0.010213793255388737 -0.15673144161701202 0.4064318835735321 -0.9001379609107971 0.34565937519073486 -0.8311873078346252 -0.4354851245880127,112.59002685546875 -59.65782928466797 780.5242919921875,0.69
50,1733,5,0.96435546875,-0.931795060634613 -0.36290180683135986 -0.007762803230434656 -0.14460428059101105 0.3907351791858673 -0.9090740084648132 0.3329378068447113 -0.8459481000900269 -0.4165622889995575,110.36212158203125 -46.7336540222168 775.2083740234375,0.69
50,1743,5,0.96435546875,-0.9282941222190857 -0.3715797960758209 -0.014093482866883278 -0.14143536984920502 0.3878840506076813 -0.9107919931411743 0.3438985347747803 -0.8434895277023315 -0.41262492537498474,120.52685546875 -47.626800537109375 776.90380859375,0.69
50,1745,5,0.96484375,-0.9263588786125183 -0.37654146552085876 -0.008700987324118614 -0.15137149393558502 0.39335569739341736 -0.9068395495414734 0.34488528966903687 -0.8387417793273926 -0.4213862121105194,122.98159790039062 -49.05358123779297 778.599365234375,0.69
50,1756,5,0.96728515625,-0.9286525845527649 -0.37094318866729736 0.0023408837150782347 -0.1536387950181961 0.3788740038871765 -0.912605881690979 0.33763808012008667 -0.847853422164917 -0.4088335931301117,121.78260040283203 -50.07179641723633 773.6312866210938,0.69
50,1778,5,0.96826171875,-0.9295201897621155 -0.36864185333251953 0.009763285517692566 -0.15923810005187988 0.377353310585022 -0.9122761487960815 0.33261892199516296 -0.8495337963104248 -0.4094593822956085,132.91650390625 -53.3843994140625 780.5095825195312,0.69
50,1782,5,0.96435546875,-0.93572998046875 -0.35243478417396545 0.014114966616034508 -0.1554972231388092 0.3762717843055725 -0.913367509841919 0.31659138202667236 -0.8568602204322815 -0.4068913757801056,129.89144897460938 -55.22164535522461 776.6654663085938,0.69
50,1874,5,0.96728515625,-0.9527755379676819 -0.30342715978622437 0.01227355282753706 -0.1222318634390831 0.3461887240409851 -0.9301680326461792 0.27798929810523987 -0.8877415657043457 -0.3669286370277405,118.96994018554688 -40.54006576538086 763.1329956054688,0.69
52,1,5,0.9570519924163818,0.5698813199996948 0.797370433807373 0.1985841542482376 0.6075387001037598 -0.24612829089164734 -0.7551937699317932 -0.5532920360565186 0.5510184168815613 -0.6246972680091858,68.24852752685547 77.00006103515625 883.1594848632812,0.69
52,21,5,0.9585161209106445,0.5697509050369263 0.7942556738853455 0.21104972064495087 0.6067022085189819 -0.23328304290771484 -0.7599286437034607 -0.5543432831764221 0.5610143542289734 -0.6147897839546204,58.51176452636719 82.11727905273438 877.8862915039062,0.69
52,34,5,0.9560966491699219,0.5583891272544861 0.8054238557815552 0.19873106479644775 0.5983220934867859 -0.22506530582904816 -0.7689969539642334 -0.5746409893035889 0.5483046770095825 -0.6075769066810608,67.39759826660156 79.29936218261719 880.54736328125,0.69
52,39,5,0.9580078125,0.5461115837097168 0.8174316883087158 0.18321460485458374 0.5988481044769287 -0.22800734639167786 -0.7677198052406311 -0.5857841372489929 0.5289783477783203 -0.61403489112854,73.13255310058594 81.14679718017578 875.3939208984375,0.69
52,48,5,0.9619324207305908,0.5446227788925171 0.8245154619216919 0.1534942239522934 0.5861610770225525 -0.24331504106521606 -0.7727956175804138 -0.5998344421386719 0.5108544230461121 -0.6158137321472168,76.60037994384766 107.22989654541016 872.6915893554688,0.69
52,52,5,0.9590041637420654,0.5238210558891296 0.8321520686149597 0.18202832341194153 0.6048365235328674 -0.21287326514720917 -0.7673706412315369 -0.599820077419281 0.5120623111724854 -0.6148235201835632,65.34941864013672 100.57997131347656 868.3573608398438,0.69
52,57,5,0.9580280780792236,0.5051993727684021 0.8416550159454346 0.1907626986503601 0.6149526834487915 -0.1960018128156662 -0.7638170719146729 -0.6054806113243103 0.5031899213790894 -0.6165980100631714,70.4983901977539 86.04869079589844 860.8617553710938,0.69
52,61,5,0.9599802494049072,0.49565500020980835 0.8496965765953064 0.1798381507396698 0.6125785708427429 -0.19522979855537415 -0.76591956615448 -0.6156894564628601 0.48979687690734863 -0.6172726154327393,72.15929412841797 83.538330078125 856.3364868164062,0.69
52,65,5,0.9585161209106445,0.5009269714355469 0.8478814363479614 0.17369268834590912 0.6063176989555359 -0.20057313144207 -0.7695123553276062 -0.617617130279541 0.4907824993133545 -0.6145580410957336,67.14786529541016 83.05116271972656 862.2369384765625,0.69
52,71,5,0.9570519924163818,0.49436625838279724 0.8530102372169495 0.16725851595401764 0.6001167893409729 -0.19572103023529053 -0.7755985260009766 -0.6288574934005737 0.4838044047355652 -0.6086636781692505,65.31621551513672 75.45978546142578 858.9290161132812,0.69
52,80,5,0.9570519924163818,0.4812406301498413 0.8597366809844971 0.17105653882026672 0.5823705792427063 -0.16772152483463287 -0.7954332232475281 -0.6551732420921326 0.48241305351257324 -0.5813997387886047,47.79140090942383 84.75157165527344 859.3712158203125,0.69
52,81,5,0.9590041637420654,0.4761437177658081 0.8631347417831421 0.1681833267211914 0.5791254043579102 -0.16386276483535767 -0.7986004948616028 -0.6617408990859985 0.4776478409767151 -0.5778854489326477,46.60960388183594 84.64588165283203 862.4187622070312,0.69
52,84,5,0.9586591720581055,0.48946574330329895 0.8536911010742188 0.17786191403865814 0.5771032571792603 -0.1642094850540161 -0.7999919652938843 -0.6537393927574158 0.494213342666626 -0.5730428099632263,44.501487731933594 78.04946899414062 863.9502563476562,0.69
52,88,5,0.9619324207305908,0.4903552830219269 0.8543320298194885 0.17224547266960144 0.5829256176948547 -0.17458759248256683 -0.7935470342636108 -0.6478806734085083 0.48952627182006836 -0.5836219787597656,42.46754455566406 73.54107666015625 854.0477294921875,0.69
52,92,5,0.9600527286529541,0.48254504799842834 0.857913613319397 0.17644992470741272 0.5617053508758545 -0.1485425978899002 -0.8138932585716248 -0.6720397472381592 0.4918529987335205 -0.5535731315612793,30.52379035949707 81.48925018310547 850.4629516601562,0.69
52,97,5,0.95607590675354,0.5010582208633423 0.850557804107666 0.15966270864009857 0.5398297905921936 -0.1629866659641266 -0.8258445262908936 -0.6764056086540222 0.49998682737350464 -0.5408222079277039,20.775800704956055 88.46826171875 855.4476928710938,0.69
52,98,5,0.9610433578491211,0.5049844980239868 0.8473327159881592 0.16437159478664398 0.5387501120567322 -0.1606500893831253 -0.8270066380500793 -0.6743433475494385 0.5061807036399841 -0.5376263856887817,17.60478401184082 90.03038024902344 850.3880004882812,0.69
52,114,5,0.96337890625,0.5241333246231079 0.8342046141624451 0.1714262068271637 0.5307385325431824 -0.16253149509429932 -0.8318053483963013 -0.6660336852073669 0.5269594192504883 -0.5279327034950256,-8.755187034606934 94.42430877685547 853.4091186523438,0.69
52,116,5,0.9575400352478027,0.5273994207382202 0.8330826163291931 0.16680267453193665 0.5233278870582581 -0.16387100517749786 -0.836226224899292 -0.6693114042282104 0.5283176302909851 -0.5224009156227112,-13.806256294250488 93.98033905029297 850.7764282226562,0.69
52,121,5,0.951195478439331,0.5468564629554749 0.8216113448143005 0.16094309091567993 0.509361743927002 -0.17393416166305542 -0.8427914977073669 -0.6644535064697266 0.5428642630577087 -0.5136144161224365,-17.587268829345703 85.12525177001953 857.3302001953125,0.69
52,127,5,0.9483158588409424,0.5823859572410583 0.7982803583145142 0.15354140102863312 0.49885526299476624 -0.20182466506958008 -0.8428583145141602 -0.6418488621711731 0.5674638152122498 -0.5157662630081177,-28.428668975830078 69.71046447753906 863.217529296875,0.69
52,132,5,0.951683521270752,0.6041463613510132 0.78373122215271 0.14412695169448853 0.4762685298919678 -0.21011871099472046 -0.8538257479667664 -0.6388860940933228 0.5844788551330566 -0.5002089738845825,-35.401275634765625 67.83584594726562 869.40478515625,0.69
52,136,5,0.9448771476745605,0.6298679113388062 0.7649993300437927 0.13432203233242035 0.4680987596511841 -0.2358827143907547 -0.851611852645874 -0.6197983622550964 0.5992789268493652 -0.5066701769828796,-42.269615173339844 64.666259765625 875.9065551757812,0.69
52,143,5,0.9507308006286621,0.6462097764015198 0.7515750527381897 0.13246792554855347 0.45698052644729614 -0.2420583963394165 -0.8559068441390991 -0.6112132668495178 0.6136306524276733 -0.49987566471099854,-50.06641387939453 55.937469482421875 884.4942626953125,0.69
52,150,5,0.9507074356079102,0.6458476781845093 0.7531228065490723 0.12524640560150146 0.46554991602897644 -0.2584719657897949 -0.8464368581771851 -0.605098307132721 0.6049777269363403 -0.5175498723983765,-30.719343185424805 45.34894943237305 884.981201171875,0.69
52,156,5,0.9473161697387695,0.6552671790122986 0.7454594373703003 0.1221277192234993 0.45561128854751587 -0.26106297969818115 -0.8510372638702393 -0.6025307774543762 0.613299548625946 -0.5107057094573975,-27.470151901245117 37.580963134765625 893.6455078125,0.69
52,164,5,0.9526596069335938,0.6627312898635864 0.7392913103103638 0.11931339651346207 0.44631636142730713 -0.262002170085907 -0.8556614518165588 -0.6013227105140686 0.6203250885009766 -0.5035948157310486,-23.057435989379883 27.963836669921875 895.1893920898438,0.69
52,165,5,0.9556293487548828,0.6608117818832397 0.7413344383239746 0.1172650158405304 0.4468594789505005 -0.2630695104598999 -0.8550503253936768 -0.6030294299125671 0.6174283027648926 -0.5051117539405823,-22.441308975219727 27.16008758544922 901.0285034179688,0.69
52,167,5,0.95607590675354,0.6631726026535034 0.7389770746231079 0.11880680173635483 0.4569337069988251 -0.2740088105201721 -0.8462451100349426 -0.5928016304969788 0.6154934167861938 -0.519378662109375,-20.35449981689453 25.08440399169922 894.3558959960938,0.69
52,169,5,0.9536356925964355,0.6615995764732361 0.7411973476409912 0.11363331228494644 0.4519985616207123 -0.2732780873775482 -0.8491268157958984 -0.59831702709198 0.613144040107727 -0.5158208012580872,-18.24855613708496 23.531042098999023 893.5685424804688,0.69
52,170,5,0.9521715641021729,0.6705918908119202 0.7328789830207825 0.11486928910017014 0.4538004994392395 -0.2827824652194977 -0.8450438976287842 -0.5868318676948547 0.6188073754310608 -0.5222124457359314,-16.67008399963379 21.193769454956055 893.7803344726562,0.69
52,171,5,0.9531476497650146,0.6737416386604309 0.7303923964500427 0.11224551498889923 0.44786331057548523 -0.28277480602264404 -0.8482080101966858 -0.5877845287322998 0.6217436194419861 -0.5176330804824829,-16.387104034423828 20.42743492126465 896.3010864257812,0.69
52,173,5,0.9502429962158203,0.6688761115074158 0.7344685792922974 0.11472004652023315 0.4476346969604492 -0.2747422754764557 -0.8509641289710999 -0.5934878587722778 0.6205422878265381 -0.512542188167572,-15.18348503112793 20.08279037475586 893.356689453125,0.69
52,175,5,0.9502193927764893,0.6732360124588013 0.7305712699890137 0.11410094797611237 0.45271578431129456 -0.28524574637413025 -0.8447977900505066 -0.5846381187438965 0.6204035878181458 -0.5227788090705872,-14.312516212463379 20.460153579711914 892.9705810546875,0.69
52,259,5,0.95361328125,0.7479130029678345 0.6566413640975952 0.09720151126384735 0.35633039474487305 -0.2736108601093292 -0.8934012055397034 -0.5600488185882568 0.7028222680091858 -0.4386184513568878,-13.804803848266602 40.03078842163086 858.9804077148438,0.69
52,388,5,0.9594922065734863,0.7496949434280396 0.6433497667312622 0.1551085114479065 0.35352393984794617 -0.19119569659233093 -0.9156773686408997 -0.5594447255134583 0.7413132786750793 -0.3707779049873352,46.53562545776367 67.6874008178711 806.658203125,0.69
52,516,5,0.9633965492248535,0.8520749807357788 0.5088521838188171 0.12262830883264542 0.3068371117115021 -0.2957928776741028 -0.9046311974525452 -0.4240509867668152 0.8084405660629272 -0.4081723988056183,4.538851261138916 7.55455207824707 799.758544921875,0.69
52,520,5,0.9609375,0.8611699938774109 0.4940906763076782 0.11941790580749512 0.3022090196609497 -0.3087612986564636 -0.9018514752388 -0.408724844455719 0.8127365708351135 -0.4152146279811859,9.606481552124023 4.868859767913818 806.4735717773438,0.69
52,524,5,0.96044921875,0.8553947806358337 0.503589928150177 0.12123111635446548 0.3114309310913086 -0.3129982352256775 -0.8972418904304504 -0.4138967990875244 0.8052511811256409 -0.4245705306529999,21.396642684936523 4.532541275024414 799.616943359375,0.69
52,526,5,0.9633965492248535,0.8429269194602966 0.5220322012901306 0.13021743297576904 0.3242424428462982 -0.29974767565727234 -0.8972280621528625 -0.4293495714664459 0.7985196709632874 -0.4219304025173187,29.792545318603516 7.714935779571533 795.1944580078125,0.69
52,527,5,0.96142578125,0.8381016850471497 0.5290371775627136 0.13306064903736115 0.3227209448814392 -0.2841814458370209 -0.9028244614601135 -0.43981435894966125 0.7996002435684204 -0.4089043438434601,31.183757781982422 9.567924499511719 797.083984375,0.69
52,532,5,0.9635467529296875,0.8478015065193176 0.5143249034881592 0.12923814356327057 0.31640660762786865 -0.2950096130371094 -0.9015854001045227 -0.42558127641677856 0.805257260799408 -0.4128453731536865,32.05243682861328 16.99710464477539 801.4445190429688,0.69
52,537,5,0.9614443778991699,0.8437297344207764 0.5185867547988892 0.13852065801620483 0.32376864552497864 -0.28585076332092285 -0.9019219875335693 -0.42812854051589966 0.8058270812034607 -0.40908291935920715,25.93668556213379 17.36774444580078 808.6719360351562,0.69
52,539,5,0.9599609375,0.8452000021934509 0.5127534866333008 0.15073451399803162 0.33455690741539 -0.28765976428985596 -0.8973981738090515 -0.4167838394641876 0.8089102506637573 -0.41467520594596863,21.86443519592285 16.42950439453125 809.6119384765625,0.69
52,543,5,0.96240234375,0.8620152473449707 0.48911285400390625 0.13303528726100922 0.3132108151912689 -0.30762413144111633 -0.8984799981117249 -0.39853328466415405 0.8161715269088745 -0.41837209463119507,12.652095794677734 11.787932395935059 817.833740234375,0.69
52,544,5,0.9619140625,0.8623993992805481 0.48895084857940674 0.13112741708755493 0.30817216634750366 -0.30157598853111267 -0.9022648930549622 -0.40161827206611633 0.8185225129127502 -0.41075998544692993,11.755627632141113 11.878355026245117 818.6594848632812,0.69
52,550,5,0.9624204635620117,0.871377170085907 0.47535860538482666 0.12139277160167694 0.29172325134277344 -0.3030796945095062 -0.9072156548500061 -0.39446109533309937 0.8259401321411133 -0.4027698040008545,5.930470943450928 21.193111419677734 828.5967407226562,0.69
52,556,5,0.9614443778991699,0.8841382265090942 0.4531654715538025 0.11375705152750015 0.28299590945243835 -0.32567140460014343 -0.9021371603012085 -0.3717699944972992 0.8298067450523376 -0.4161825180053711,5.952315807342529 21.99225616455078 841.25537109375,0.69
52,561,5,0.9619324207305908,0.8855682015419006 0.45201656222343445 0.1070038378238678 0.2686987519264221 -0.3105798065662384 -0.9117790460586548 -0.3789060413837433 0.8361943364143372 -0.3964959383010864,4.004356861114502 20.497072219848633 851.4830932617188,0.69
52,567,5,0.9619324207305908,0.8980662822723389 0.42801839113235474 0.10137677937746048 0.2579350173473358 -0.32576102018356323 -0.9095874428749084 -0.35629555583000183 0.8430184125900269 -0.40295588970184326,5.485143661499023 22.78887939453125 858.75244140625,0.69
52,574,5,0.9619140625,0.8938419818878174 0.4371286630630493 0.09982514381408691 0.25705549120903015 -0.3171597123146057 -0.9128704071044922 -0.3673812448978424 0.8416224718093872 -0.3958570063114166,12.485879898071289 25.485515594482422 867.2179565429688,0.69
52,575,5,0.9609375,0.8888360857963562 0.4469042420387268 0.1012272834777832 0.25751054286956787 -0.30443358421325684 -0.9170651435852051 -0.37902334332466125 0.8411876559257507 -0.3856741189956665,13.462108612060547 25.351295471191406 868.12060546875,0.69
52,582,5,0.96435546875,0.8996145129203796 0.42477208375930786 0.10130371898412704 0.25218287110328674 -0.3159589171409607 -0.9146440625190735 -0.35650745034217834 0.8483741283416748 -0.3913614749908447,18.25023651123047 33.87893295288086 876.8165893554688,0.69
52,587,5,0.9624204635620117,0.9086881279945374 0.4078359305858612 0.08919458836317062 0.23642198741436005 -0.3266298770904541 -0.9151051640510559 -0.3440791964530945 0.8526328206062317 -0.39322608709335327,25.125877380371094 25.86032485961914 881.9426879882812,0.69
52,589,5,0.9658203125,0.9064137935638428 0.4120669364929199 0.0928168073296547 0.2451694905757904 -0.334315687417984 -0.910013735294342 -0.34395647048950195 0.8476048111915588 -0.40405455231666565,27.58189582824707 25.910493850708008 876.3771362304688,0.69
52,593,5,0.9629085063934326,0.9053184390068054 0.4150163233280182 0.0903322696685791 0.24148981273174286 -0.3280006945133209 -0.9132897853851318 -0.3494011163711548 0.8486324548721313 -0.39716729521751404,28.465255737304688 28.3582706451416 880.12255859375,0.69
52,594,5,0.9643893241882324,0.9121668934822083 0.3994012773036957 0.09181623160839081 0.23853160440921783 -0.33524179458618164 -0.9114359617233276 -0.3332480788230896 0.8532828092575073 -0.40106627345085144,25.713741302490234 29.167699813842773 881.3479614257812,0.69
52,604,5,0.96484375,0.9226048588752747 0.3773418068885803 0.08008429408073425 0.22030168771743774 -0.3450027108192444 -0.912381649017334 -0.3166504502296448 0.8594104051589966 -0.4014301896095276,19.807445526123047 28.425485610961914 885.172607421875,0.69
52,608,5,0.96435546875,0.9288079738616943 0.3619621992111206 0.0793675035238266 0.2101539820432663 -0.33811745047569275 -0.917339563369751 -0.3052067160606384 0.8687116503715515 -0.3901139795780182,10.69342041015625 41.43817901611328 907.7007446289062,0.69
52,622,5,0.9624204635620117,0.9252915382385254 0.3727070689201355 0.07017943263053894 0.19995029270648956 -0.32216569781303406 -0.9253265857696533 -0.3222663104534149 0.870229184627533 -0.3726200461387634,17.90342140197754 49.27314758300781 915.3772583007812,0.69
52,625,5,0.96630859375,0.9306985139846802 0.35867342352867126 0.07178911566734314 0.19878581166267395 -0.3311997950077057 -0.922383189201355 -0.30705782771110535 0.8727313280105591 -0.3795463442802429,21.428571701049805 54.18987274169922 912.892333984375,0.69
52,632,5,0.9624204635620117,0.9273475408554077 0.36698368191719055 0.07314129173755646 0.20302458107471466 -0.32924163341522217 -0.9221610426902771 -0.314336895942688 0.8700132369995117 -0.3798280954360962,28.724395751953125 61.329959869384766 912.1213989257812,0.69
52,638,5,0.9614443778991699,0.9349281191825867 0.3465798795223236 0.07610352337360382 0.1922042816877365 -0.31435146927833557 -0.9296454191207886 -0.2982731759548187 0.8837790489196777 -0.3605101704597473,30.853750228881836 74.71005249023438 911.42724609375,0.69
52,643,5,0.96142578125,0.9377090334892273 0.33858633041381836 0.07785326987504959 0.19834649562835693 -0.33775320649147034 -0.920098602771759 -0.2852376103401184 0.8782266974449158 -0.3838716447353363,18.948394775390625 68.36457061767578 900.3063354492188,0.69
52,650,5,0.96435546875,0.9459763169288635 0.31402647495269775 0.0807231068611145 0.19364452362060547 -0.34749338030815125 -0.9174693822860718 -0.2600589692592621 0.8835359215736389 -0.3895300030708313,0.09852349758148193 67.07390594482422 886.716064453125,0.69
52,653,5,0.96728515625,0.9488852024078369 0.3057175874710083 0.07844534516334534 0.18883144855499268 -0.3507363498210907 -0.9172386527061462 -0.2529023289680481 0.885167121887207 -0.39053764939308167,-1.8251174688339233 64.89093017578125 879.5028076171875,0.69
52,656,5,0.9629085063934326,0.9384850263595581 0.3353709280490875 0.08229328691959381 0.2084278166294098 -0.36012428998947144 -0.9093230366706848 -0.2753247022628784 0.8705382347106934 -0.40787187218666077,5.6925435066223145 57.090518951416016 868.5215454101562,0.69
52,662,5,0.96435546875,0.9220463633537292 0.3767000138759613 0.08903714269399643 0.2281578779220581 -0.343095988035202 -0.9111691117286682 -0.3126890957355499 0.8604546785354614 -0.4022975265979767,35.74220657348633 57.55425262451172 860.7943115234375,0.69
52,666,5,0.96630859375,0.9118914604187012 0.4002576470375061 0.09081779420375824 0.24025489389896393 -0.3411620855331421 -0.9087827205657959 -0.3327636420726776 0.8505306243896484 -0.40726661682128906,49.082725524902344 57.12174987792969 851.0333862304688,0.69
52,669,5,0.96484375,0.902816891670227 0.41805124282836914 0.1007712185382843 0.2573631703853607 -0.33754000067710876 -0.9054451584815979 -0.34450817108154297 0.8433859348297119 -0.4123277962207794,65.290771484375 56.566932678222656 837.6504516601562,0.69
52,678,5,0.9639644622802734,0.8852077126502991 0.45137569308280945 0.11254865676164627 0.29231542348861694 -0.3515065312385559 -0.8893789649009705 -0.36188244819641113 0.8201848268508911 -0.4431004226207733,80.60096740722656 54.94031524658203 828.593017578125,0.69
52,688,5,0.962890625,0.8967651128768921 0.4225185811519623 0.13149307668209076 0.28810468316078186 -0.3319421112537384 -0.8982261419296265 -0.3358691334724426 0.8433815836906433 -0.41940367221832275,47.69175720214844 60.76057052612305 832.6121215820312,0.69
52,742,5,0.9591608047485352,0.9522461295127869 0.2730347812175751 0.13667213916778564 0.23642104864120483 -0.37608498334884644 -0.8959157466888428 -0.19321587681770325 0.8854445219039917 -0.4226766526699066,-19.29387855529785 7.428218841552734 869.1375122070312,0.69
52,820,5,0.9629592895507812,0.9669108986854553 0.2095375955104828 0.1455243080854416 0.21459002792835236 -0.35953184962272644 -0.9081233739852905 -0.1379653662443161 0.9093024134635925 -0.3925999402999878,26.005107879638672 10.34423828125 885.2361450195312,0.69
52,886,5,0.9633965492248535,0.9832350015640259 0.12739920616149902 0.1304543912410736 0.16521388292312622 -0.31970107555389404 -0.9330035448074341 -0.07715749740600586 0.9389145970344543 -0.3353894054889679,55.16118240356445 22.605100631713867 839.1475219726562,0.69
