scene_id,im_id,obj_id,score,R,t,time
48,1,6,0.9157276153564453,-0.8493830561637878 0.527773380279541 -0.0018849157495424151 0.11525233834981918 0.18199612200260162 -0.9765215516090393 -0.5150390267372131 -0.829658031463623 -0.21541155874729156,19.897584915161133 57.73063278198242 820.7294311523438,0.69
48,36,6,0.9240081310272217,-0.8418090343475342 0.5396350026130676 0.012313179671764374 0.10552128404378891 0.18689483404159546 -0.976696252822876 -0.5293607711791992 -0.8208924531936646 -0.21427273750305176,3.546818971633911 54.31366729736328 810.5439453125,0.69
48,47,6,0.9195113182067871,-0.8535072803497314 0.5208773612976074 0.0145637271925807 0.09939268976449966 0.19017311930656433 -0.976706326007843 -0.5115138292312622 -0.8321784138679504 -0.21408554911613464,26.29266357421875 53.10531234741211 821.4971923828125,0.69
48,83,6,0.9187602996826172,-0.8684307336807251 0.4957168698310852 0.009629213251173496 0.0940801352262497 0.1838221698999405 -0.978446900844574 -0.48680272698402405 -0.8488075137138367 -0.20627395808696747,44.532840728759766 61.49781036376953 825.2535400390625,0.69
48,112,6,0.9171116352081299,-0.875150203704834 0.4837435781955719 0.010207423008978367 0.09584703296422958 0.1939997375011444 -0.9763079881668091 -0.4742630422115326 -0.8534377813339233 -0.21614430844783783,54.670040130615234 50.791969299316406 829.27783203125,0.69
48,1024,6,0.9293007850646973,-0.9886423349380493 -0.14330554008483887 0.04527551308274269 -0.07765224575996399 0.22916138172149658 -0.9702861309051514 0.12867197394371033 -0.9627817273139954 -0.2376866638660431,70.26530456542969 77.20852661132812 943.6949462890625,0.69
48,1027,6,0.9288132190704346,-0.9870539903640747 -0.1537809520959854 0.04556199163198471 -0.07943487912416458 0.22192847728729248 -0.9718219637870789 0.13933618366718292 -0.9628599882125854 -0.2312709540128708,81.17845153808594 82.54873657226562 939.35107421875,0.69
48,1059,6,0.9274506568908691,-0.9837389588356018 -0.1708432286977768 0.05540889874100685 -0.09547646343708038 0.2361377477645874 -0.967017650604248 0.152124285697937 -0.9565831422805786 -0.24860943853855133,85.55399322509766 66.02497100830078 945.0834350585938,0.69
48,1074,6,0.9239730834960938,-0.9874922037124634 -0.14601922035217285 0.0594760999083519 -0.08866237848997116 0.20234915614128113 -0.9752916097640991 0.13037638366222382 -0.9683661460876465 -0.2127646654844284,64.21366119384766 89.65280151367188 962.1355590820312,0.69
48,1075,6,0.9259223937988281,-0.9847283363342285 -0.16279178857803345 0.06171663478016853 -0.09523320198059082 0.20691819489002228 -0.9737122058868408 0.14574205875396729 -0.9647194147109985 -0.21926137804985046,64.58482360839844 87.80725860595703 962.7235717773438,0.69
48,1083,6,0.9254350662231445,-0.9835878014564514 -0.16795861721038818 0.06591629981994629 -0.10069320350885391 0.2078254073858261 -0.9729694128036499 0.1497195065021515 -0.9636381268501282 -0.2213268280029297,71.93135070800781 88.50794982910156 968.5992431640625,0.69
48,1087,6,0.9268629550933838,-0.9813344478607178 -0.18237970769405365 0.060994770377874374 -0.09830217063426971 0.2031247615814209 -0.9742058515548706 0.16528582572937012 -0.9620176553726196 -0.2172616571187973,69.01605987548828 91.93889617919922 968.874755859375,0.69
48,1090,6,0.9288463592529297,-0.9811062812805176 -0.18430832028388977 0.05882875248789787 -0.09614010155200958 0.20058049261569977 -0.9749484658241272 0.16789120435714722 -0.9621838927268982 -0.21451020240783691,63.40417098999024 92.20732879638672 978.0999755859375,0.69
48,1094,6,0.9250164031982422,-0.9835679531097412 -0.1708272397518158 0.05841218680143356 -0.09292848408222198 0.2016499936580658 -0.9750392436981201 0.1547844558954239 -0.9644454717636108 -0.21421121060848236,55.09422302246094 89.76712799072266 979.1138305664062,0.69
48,1097,6,0.9230339527130127,-0.9820687770843506 -0.1798100769519806 0.05664953961968422 -0.09275346994400024 0.19924244284629822 -0.9755507707595825 0.16412685811519623 -0.9633124470710754 -0.21234780550003052,58.63328552246094 89.166015625 980.8532104492188,0.69
48,1103,6,0.9273843765258789,-0.9791231751441956 -0.19618402421474457 0.05319458618760109 -0.09408701211214066 0.20543965697288513 -0.9741366505622864 0.18018177151679993 -0.958804726600647 -0.2196090966463089,68.56088256835938 82.89051818847656 983.5675048828125,0.69
48,1104,6,0.9337196350097656,-0.9780454039573669 -0.2019239068031311 0.051516953855752945 -0.09440724551677704 0.2089400440454483 -0.9733608961105347 0.185780867934227 -0.9568547010421753 -0.22341591119766235,67.03164672851562 81.7544937133789 989.8279418945312,0.69
48,1107,6,0.9322261810302734,-0.9778538942337036 -0.20176325738430023 0.05561744421720505 -0.09853760153055191 0.20939254760742188 -0.9728540778160095 0.18464034795761108 -0.9567896127700806 -0.22463658452033997,66.28137969970703 79.13288879394531 986.625,0.69
48,1113,6,0.9327449798583984,-0.9718914031982422 -0.2271026074886322 0.06206078082323074 -0.10805684328079224 0.19609765708446503 -0.9746124744415283 0.20916704833507538 -0.9539235830307007 -0.21512562036514282,78.47547912597656 85.27574920654297 990.4432983398438,0.69
48,1119,6,0.9366142749786377,-0.9716936945915222 -0.22872507572174072 0.059129007160663605 -0.10500308871269226 0.19393441081047058 -0.9753787517547607 0.21162645518779755 -0.9539781212806702 -0.2124616652727127,81.49259948730469 81.9770736694336 995.3828125,0.69
48,1120,6,0.9366142749786377,-0.9702486395835876 -0.23400653898715973 0.06211716681718826 -0.10999662429094315 0.19749413430690765 -0.974113404750824 0.21568110585212708 -0.9519648551940918 -0.21735833585262299,81.97087860107422 82.11614990234375 1002.4256591796874,0.69
48,1122,6,0.9341764450073242,-0.9694166779518127 -0.23838983476161957 0.058322686702013016 -0.10567948967218399 0.19099463522434235 -0.9758856892585754 0.2215019166469574 -0.9522033929824829 -0.2103463113307953,82.04012298583984 82.65347290039062 1002.8525390625,0.69
48,1124,6,0.9288132190704346,-0.9670906066894531 -0.249370738863945 0.05049816891551018 -0.10174364596605301 0.1971171498298645 -0.9750861525535583 0.23320390284061432 -0.9481345415115356 -0.21600203216075897,81.83633422851562 79.19901275634766 1006.3482666015624,0.69
48,1126,6,0.9317386150360107,-0.9696765542030334 -0.23941269516944885 0.04908018931746483 -0.0986536368727684 0.19971831142902374 -0.9748744368553162 0.22359508275985718 -0.9501548409461975 -0.21728111803531647,80.57952117919922 79.72373962402344 1009.1051025390625,0.69
48,1128,6,0.9347240924835205,-0.9667935967445374 -0.2508399486541748 0.04888099804520607 -0.0994158610701561 0.19294755160808563 -0.9761596918106079 0.23542839288711548 -0.9486045241355896 -0.21147795021533966,80.4941635131836 83.87602233886719 1009.29150390625,0.69
48,1132,6,0.9273843765258789,-0.9671667218208313 -0.2504851520061493 0.04296182096004486 -0.0914948508143425 0.1854710578918457 -0.9783808588981628 0.2371017336845398 -0.9501882195472717 -0.20229953527450562,78.49177551269531 86.40821075439453 1020.9462890625001,0.69
48,1133,6,0.9268970489501953,-0.9643969535827637 -0.2613542675971985 0.04040344059467316 -0.092985600233078 0.19208551943302155 -0.9769631028175354 0.24757252633571625 -0.9459372162818909 -0.20954887568950653,77.27029418945312 85.64712524414062 1020.8944091796874,0.69
48,1137,6,0.9195871353149414,-0.9681638479232788 -0.24680903553962708 0.041762057691812515 -0.089352086186409 0.18490198254585266 -0.9786865711212158 0.23382681608200073 -0.951260507106781 -0.20106831192970276,71.38672637939453 88.92286682128906 1027.3726806640625,0.69
48,1540,6,0.9385356903076172,-0.9084973335266113 -0.39813297986984253 0.12697525322437286 -0.19571873545646667 0.13691388070583344 -0.9710554480552673 0.36922454833984375 -0.907052755355835 -0.20230798423290253,59.48189926147461 97.6186294555664 974.0889282226562,0.69
48,1542,6,0.9246296882629395,-0.8962487578392029 -0.42450833320617676 0.1285722255706787 -0.19745612144470215 0.12229091674089432 -0.9726541042327881 0.397176593542099 -0.8971273303031921 -0.19342486560344696,58.95475769042969 99.62770080566406 972.325439453125,0.69
48,1543,6,0.9293007850646973,-0.9042341113090515 -0.40833714604377747 0.12498588860034943 -0.19174236059188843 0.12670843303203583 -0.9732316136360168 0.38156986236572266 -0.9039942622184753 -0.1928696185350418,55.14451599121094 102.18685150146484 972.008544921875,0.69
48,1568,6,0.9269306659698486,-0.9067999124526978 -0.3969992995262146 0.14179357886314392 -0.1968856155872345 0.10141955316066742 -0.9751667380332947 0.3727598488330841 -0.9121982455253601 -0.17013069987297058,45.69106674194336 118.13795471191406 974.671875,0.69
48,1569,6,0.9360966682434082,-0.9097758531570435 -0.3892887532711029 0.14409029483795166 -0.19836480915546417 0.1028016209602356 -0.9747220873832703 0.3646356463432312 -0.9153611063957214 -0.17074763774871826,46.78489685058594 118.837890625 974.8367919921875,0.69
48,1571,6,0.9361562728881836,-0.9032441973686218 -0.4052577018737793 0.14112438261508942 -0.19717560708522797 0.09984578937292099 -0.9752705693244934 0.381145179271698 -0.9087338447570801 -0.17009207606315613,48.70277786254883 120.73470306396484 982.477783203125,0.69
48,1572,6,0.9268970489501953,-0.9034332633018494 -0.40309277176856995 0.14602899551391602 -0.20062857866287231 0.09647932648658752 -0.9749050140380859 0.37888842821121216 -0.9100592732429504 -0.16803456842899323,51.031829833984375 121.59088134765625 976.796630859375,0.69
48,1576,6,0.9205617904663086,-0.9034053683280945 -0.40343645215034485 0.14525027573108673 -0.19819791615009308 0.09250456094741821 -0.9757871031761169 0.3802318274974823 -0.9103195667266846 -0.1635293960571289,54.6214599609375 129.8653106689453 979.1251220703125,0.69
48,1577,6,0.9263405799865723,-0.9059828519821167 -0.39637401700019836 0.14860209822654724 -0.1984759122133255 0.08767972141504288 -0.9761759638786316 0.3739014267921448 -0.9138926267623901 -0.15810702741146088,53.90159225463867 129.91139221191406 979.2628173828125,0.69
48,1579,6,0.9297552108764648,-0.9052533507347107 -0.39851921796798706 0.14730557799339294 -0.19749781489372253 0.08772672712802887 -0.9763701558113098 0.376179575920105 -0.9129548668861389 -0.15812157094478607,53.70317840576172 130.23635864257812 977.6829833984375,0.69
48,1580,6,0.9297552108764648,-0.9004656076431274 -0.410826712846756 0.1427697092294693 -0.19479496777057648 0.087455615401268 -0.9769372344017029 0.38886594772338867 -0.9075092077255249 -0.15877774357795715,53.764278411865234 130.9697265625 978.9345703125,0.69
48,1583,6,0.9239375591278076,-0.9034702181816101 -0.4029308259487152 0.14624731242656708 -0.1950453519821167 0.08261705935001373 -0.9773083925247192 0.3817051351070404 -0.9114938378334045 -0.15323184430599213,54.633888244628906 132.01075744628906 976.0225219726562,0.69
48,1586,6,0.9302759170532227,-0.8984792828559875 -0.41386285424232483 0.14646665751934052 -0.196977898478508 0.08187522739171982 -0.9769831895828247 0.39234504103660583 -0.9066498875617981 -0.15508504211902618,56.309749603271484 130.9024200439453 978.890625,0.69
48,1587,6,0.9312186241149902,-0.8990708589553833 -0.4115035831928253 0.14945359528064728 -0.1993534415960312 0.0808711051940918 -0.9765849709510803 0.3897816836833954 -0.9078131318092346 -0.154743492603302,55.13106918334961 131.629150390625 976.9356079101562,0.69
48,1588,6,0.9317386150360107,-0.9021633267402649 -0.4054594337940216 0.14732259511947632 -0.19425491988658905 0.07689575850963593 -0.9779325723648071 0.38518351316452026 -0.9108730554580688 -0.1481350213289261,53.967166900634766 132.58665466308594 977.8759765625,0.69
48,1589,6,0.9327449798583984,-0.8993805050849915 -0.4109208583831787 0.14919379353523254 -0.19631312787532806 0.07469720393419266 -0.9776919484138489 0.39060962200164795 -0.9086058139801025 -0.14785036444664001,54.09556198120117 135.15231323242188 978.596435546875,0.69
48,1597,6,0.9336888790130615,-0.9026492834091187 -0.40217000246047974 0.15324313938617706 -0.1944204866886139 0.0633777305483818 -0.9788687229156494 0.38395941257476807 -0.9133687615394592 -0.13539795577526093,47.69152069091797 149.0143280029297 982.798583984375,0.69
48,1605,6,0.9327449798583984,-0.8965016007423401 -0.42085880041122437 0.1384296417236328 -0.18644215166568756 0.07494083046913147 -0.9796035885810852 0.4019007682800293 -0.9040253162384033 -0.14565040171146393,63.21918106079101 133.22500610351562 980.6484375,0.69
48,1608,6,0.9360966682434082,-0.8987133502960205 -0.41668158769607544 0.13671427965164185 -0.1876668781042099 0.08366460353136063 -0.9786630272865295 0.39635273814201355 -0.9051942825317383 -0.15338782966136932,63.566936492919915 130.0136260986328 981.040283203125,0.69
48,1609,6,0.931251049041748,-0.8948261737823486 -0.4278187155723572 0.12750422954559326 -0.18011489510536194 0.08465714007616043 -0.979995846748352 0.4084663987159729 -0.8998913168907166 -0.15280993282794952,63.350685119628906 129.82122802734375 982.31787109375,0.69
48,1611,6,0.9259564876556396,-0.89997798204422 -0.41609811782836914 0.13000734150409698 -0.1786331683397293 0.07996383309364319 -0.9806609749794006 0.39765530824661255 -0.905797004699707 -0.14629462361335754,61.06683349609375 129.09048461914062 979.9548950195312,0.69
48,1619,6,0.9317386150360107,-0.8929728865623474 -0.43345558643341064 0.12130837887525558 -0.17549419403076172 0.08710040897130966 -0.9806199073791504 0.41448912024497986 -0.8969559073448181 -0.15384724736213684,56.60331344604492 124.20391845703125 981.4777221679688,0.69
48,1622,6,0.9342069625854492,-0.8958272933959961 -0.4296450912952423 0.11357194185256958 -0.1683558225631714 0.0915900245308876 -0.9814620018005371 0.41127824783325195 -0.8983409404754639 -0.15438209474086761,57.611122131347656 123.37006378173828 977.8981323242188,0.69
48,1624,6,0.9370722770690918,-0.8989529609680176 -0.42202889919281006 0.1173676997423172 -0.1698734164237976 0.08889898657798767 -0.9814479351043701 0.4037654995918274 -0.9022131562232971 -0.15160749852657318,59.14170837402344 122.75749206542969 979.5511474609375,0.69
48,1626,6,0.9331698417663574,-0.8919489979743958 -0.4366603195667267 0.11728067696094513 -0.1711139678955078 0.08591142296791077 -0.9814984798431396 0.4185056686401367 -0.895514965057373 -0.15134727954864502,60.923973083496094 122.50433349609375 979.3677978515625,0.69
48,1631,6,0.9371018409729004,-0.8913339376449585 -0.43624353408813477 0.12335067242383957 -0.1788252592086792 0.08830025792121887 -0.9799105525016785 0.4165877103805542 -0.8954857587814331 -0.15671640634536743,63.38045120239258 120.57366943359375 978.9423217773438,0.69
48,1639,6,0.9356391429901123,-0.8910195231437683 -0.43745142221450806 0.1213281899690628 -0.1733991950750351 0.08096039295196533 -0.9815183281898499 0.4195437729358673 -0.8955901861190796 -0.14799101650714874,67.2596664428711 124.60875701904297 972.6000366210938,0.69
48,1641,6,0.9307634830474854,-0.8899722695350647 -0.4385082721710205 0.12513965368270874 -0.17754264175891876 0.08042816817760468 -0.9808210730552673 0.42003336548805237 -0.895121157169342 -0.14943274855613708,65.83751678466797 125.38096618652345 970.3583374023438,0.69
48,1643,6,0.9299161434173584,-0.8893309235572815 -0.44078609347343445 0.12164729833602905 -0.1740695983171463 0.08034445345401764 -0.9814502596855164 0.4228358864784241 -0.8940091729164124 -0.1481802612543106,63.901378631591804 127.6261215209961 978.6732177734375,0.69
48,1644,6,0.9317386150360107,-0.8895848989486694 -0.43943580985069275 0.12463906407356262 -0.1778077334165573 0.08180176466703415 -0.9806594252586365 0.42074114084243774 -0.8945416212081909 -0.15090470016002655,62.42320251464844 127.10535430908205 977.1405029296875,0.69
48,1645,6,0.9293336868286133,-0.8912085294723511 -0.4373949468135834 0.12013783305883408 -0.16916106641292572 0.07474320381879807 -0.9827502369880676 0.42087048292160034 -0.8961580395698547 -0.1406019777059555,61.26115417480469 127.4167709350586 976.4724731445312,0.69
48,1648,6,0.9283590316772461,-0.8868296146392822 -0.4469071924686432 0.11750416457653046 -0.1701270043849945 0.07934169471263885 -0.982222855091095 0.4296394884586334 -0.8910549283027649 -0.1463935524225235,59.03409194946289 124.82266998291016 975.5665893554688,0.69
48,1649,6,0.9366142749786377,-0.8891273736953735 -0.4418576657772064 0.11922413110733032 -0.16986243426799774 0.07670857757329941 -0.9824777245521545 0.4249698221683502 -0.8937994837760925 -0.1432587057352066,58.105838775634766 122.67288208007812 971.9390258789062,0.69
48,1724,6,0.9279048442840576,-0.8672595620155334 -0.4945598244667053 0.05719691142439842 -0.12663009762763977 0.10801946371793747 -0.9860510230064392 0.4814828336238861 -0.862405002117157 -0.15630707144737244,52.09396743774414 101.92134857177734 957.1900024414062,0.69
48,1874,6,0.9380478858947754,-0.8543788194656372 -0.5196198225021362 0.005664863158017397 -0.09134520590305328 0.13944388926029205 -0.986007809638977 0.5115593075752258 -0.8429416418075562 -0.16660268604755402,16.23138427734375 72.2797622680664 896.3802490234375,0.69
48,2040,6,0.9355781078338623,-0.814033567905426 -0.5806825757026672 0.012536910362541676 -0.11172356456518173 0.1353655904531479 -0.9844765067100525 0.5699713230133057 -0.8027976155281067 -0.17506803572177887,29.303285598754883 71.2278823852539 803.272705078125,0.69
48,2050,6,0.9399991035461426,-0.8194314241409302 -0.5729557275772095 0.01593792252242565 -0.10972139239311218 0.12950828671455383 -0.9854891300201416 0.562577486038208 -0.8092895150184631 -0.1689886450767517,29.078567504882812 77.82482147216797 803.4891357421875,0.69
48,2051,6,0.941922664642334,-0.8141001462936401 -0.5805620551109314 0.01373179443180561 -0.10938230901956558 0.1300741732120514 -0.9854523539543152 0.5703300833702087 -0.8037588596343994 -0.16939662396907806,29.447704315185547 77.60137939453125 804.728759765625,0.69
48,2066,6,0.9337196350097656,-0.8165717720985413 -0.5769475698471069 0.018496103584766388 -0.11686300486326218 0.13385142385959625 -0.9840868711471558 0.5652907490730286 -0.8057390451431274 -0.17672310769557953,26.086997985839844 72.81659698486328 798.72412109375,0.69
48,2069,6,0.9394824504852295,-0.8189451098442078 -0.5735259056091309 0.019922172650694847 -0.11923293769359589 0.13609127700328827 -0.9834951162338257 0.5613486766815186 -0.8078038692474365 -0.17983445525169373,24.99093246459961 70.7428970336914 797.9849243164062,0.69
48,2070,6,0.9350900650024414,-0.8152943253517151 -0.578926146030426 0.01181634422391653 -0.11283774673938751 0.1388264298439026 -0.9838672876358032 0.5679460763931274 -0.8034747242927551 -0.17850913107395172,25.239212036132812 70.89424133300781 797.1866455078125,0.69
48,2083,6,0.9360966682434082,-0.8102405667304993 -0.5859030485153198 0.015095355920493603 -0.11878207325935364 0.13893261551856995 -0.9831523895263672 0.5739346742630005 -0.7983830571174622 -0.18216361105442047,26.908931732177734 69.48440551757812 788.2894897460938,0.69
48,2090,6,0.9409747123718262,-0.8159818053245544 -0.578036904335022 0.006861541420221329 -0.1122191771864891 0.14674732089042664 -0.9827879071235657 0.5670807361602783 -0.8027070164680481 -0.18460996448993683,20.758073806762695 66.39213562011719 788.93408203125,0.69
48,2104,6,0.9385356903076172,-0.8075578808784485 -0.5894454121589661 0.02010904625058174 -0.12403789162635803 0.13640524446964264 -0.9828571677207947 0.5765977501869202 -0.7962083220481873 -0.1832686811685562,22.940824508666992 63.919239044189446 778.4834594726562,0.69
48,2133,6,0.9424107074737549,-0.7989014983177185 -0.601356029510498 0.011285115033388138 -0.1208798736333847 0.14215244352817535 -0.9824361801147461 0.5891896486282349 -0.7862338423728943 -0.18625764548778534,28.416210174560547 65.68924713134766 764.2627563476562,0.69
48,2144,6,0.941922664642334,-0.8052068948745728 -0.5928773880004883 0.011757373809814453 -0.11897258460521698 0.1420932114124298 -0.9826774597167969 0.5809366106987 -0.7926574349403381 -0.184950590133667,25.982440948486328 68.96476745605469 759.59423828125,0.69
48,2160,6,0.9434401988983154,-0.7952760457992554 -0.606204628944397 0.007211949676275253 -0.11972815543413162 0.14538662135601044 -0.9821038246154785 0.5943073630332947 -0.7819070816040039 -0.18820224702358246,29.32459259033203 64.14362335205078 753.1451416015625,0.69
49,1,6,0.9137191772460938,0.6162347793579102 0.7762898802757263 0.13277292251586914 -0.5711930990219116 0.3244708776473999 0.7539609670639038 0.5422112941741943 -0.5404559373855591 0.6433617472648621,145.48976135253906 -94.47760009765625 923.7374267578125,0.69
49,36,6,0.928828239440918,0.6063162088394165 0.7768616676330566 0.16990190744400024 -0.5830425024032593 0.28898337483406067 0.759308934211731 0.5407791137695312 -0.559441328048706 0.628158688545227,142.2914276123047 -91.97806549072266 930.1123046875,0.69
49,47,6,0.9204239845275879,0.5913421511650085 0.7860936522483826 0.1799202710390091 -0.5871950387954712 0.2668085992336273 0.7642088532447815 0.552735447883606 -0.557557225227356 0.619365394115448,136.98507690429688 -90.17594146728516 938.9645385742188,0.69
49,58,6,0.8774762153625488,0.5740807056427002 0.799625039100647 0.17615681886672974 -0.580971360206604 0.24619349837303162 0.7757970690727234 0.5769780874252319 -0.5477122068405151 0.605894148349762,128.21060180664062 -83.44855499267578 950.0742797851562,0.69
49,65,6,0.89495849609375,0.5838513374328613 0.7894993424415588 0.1892310380935669 -0.5813946723937988 0.24390989542007446 0.7762011289596558 0.5666549801826477 -0.5632039904594421 0.6014178395271301,135.72715759277344 -76.47119140625 964.4891967773438,0.69
49,73,6,0.7823405265808105,0.5821881890296936 0.7877859473228455 0.20112240314483643 -0.5814730525016785 0.23052796721458435 0.780221700668335 0.5682833790779114 -0.5711831450462341 0.592287003993988,126.53574371337892 -70.93695831298828 967.784912109375,0.69
49,91,6,0.8439545631408691,0.5786104202270508 0.7829633355140686 0.22842594981193542 -0.5916451215744019 0.21015305817127228 0.7783262729644775 0.5613965392112732 -0.5854947566986084 0.5848332047462463,121.23980712890625 -75.04850006103516 970.1220703125,0.69
49,109,6,0.8907713890075684,0.5763907432556152 0.783935546875 0.2306918352842331 -0.5809704661369324 0.19458897411823273 0.7903217673301697 0.57467120885849 -0.5895593166351318 0.5676026940345764,120.00736236572266 -61.93363571166992 975.480224609375,0.69
49,125,6,0.40077638626098633,0.5701478719711304 0.796322762966156 0.2019936442375183 -0.559863805770874 0.19667869806289673 0.8049037456512451 0.6012352705001831 -0.5720030665397644 0.557968258857727,100.94095611572266 -48.99016571044922 970.4824829101562,0.69
49,148,6,0.7503209114074707,0.5816968083381653 0.7885559797286987 0.19952037930488586 -0.5676392316818237 0.21785205602645874 0.7939308285713196 0.5825930237770081 -0.5750826001167297 0.5743391513824463,107.37687683105469 -64.00189971923828 969.4564208984375,0.69
49,231,6,0.7616229057312012,0.6695271730422974 0.7288349866867065 0.14329291880130768 -0.471855103969574 0.26833975315093994 0.839849054813385 0.5736602544784546 -0.6299152374267578 0.5235652923583984,119.15886688232422 -36.80160140991211 926.7301635742188,0.69
49,357,6,0.8911502361297607,0.7825721502304077 0.6216602325439453 -0.03345520794391632 -0.25550946593284607 0.3697209060192108 0.8933203816413879 0.5677108764648438 -0.690539538860321 0.4481734037399292,131.64463806152344 7.265141010284424 926.3049926757812,0.69
49,521,6,0.8825032711029053,0.8572167158126831 0.514809250831604 -0.012287562713027 -0.19954997301101685 0.35408148169517517 0.9136772155761719 0.474720299243927 -0.7807673215866089 0.40625473856925964,179.9084930419922 4.845728397369385 905.9317626953125,0.69
49,526,6,0.8647513389587402,0.8577911853790283 0.5130444765090942 -0.031298890709877014 -0.18383291363716125 0.3630872070789337 0.9134402275085449 0.47999972105026245 -0.7777872085571289 0.4057675004005432,175.4425811767578 10.050048828125 906.7000732421875,0.69
49,537,6,0.46588897705078125,0.8610575199127197 0.5078076124191284 -0.02667122893035412 -0.18141590058803558 0.3557678461074829 0.916797399520874 0.47504547238349915 -0.7845767140388489 0.3984609842300415,174.76202392578125 14.596176147460938 903.9993286132812,0.69
49,542,6,0.8849639892578125,0.8619496822357178 0.5061675310134888 -0.028935261070728302 -0.17919419705867767 0.35754328966140747 0.9165436029434204 0.4742702543735504 -0.7848294377326965 0.3988865911960602,176.26405334472656 16.341882705688477 907.2584228515625,0.69
49,552,6,0.8426129817962646,0.8658906817436218 0.4987771511077881 -0.03813944011926651 -0.1668260097503662 0.35980942845344543 0.9179903864860535 0.47159552574157715 -0.788516640663147 0.39476466178894043,180.70181274414062 17.152244567871094 901.7666015625,0.69
49,558,6,0.8321371078491211,0.8728660345077515 0.48649919033050537 -0.03772854059934616 -0.1570884734392166 0.35336247086524963 0.9222028851509094 0.461982786655426 -0.7990328669548035 0.3848614990711212,180.4486541748047 22.034608840942383 903.02099609375,0.69
49,564,6,0.8883090019226074,0.8735439777374268 0.48508861660957336 -0.04012322053313255 -0.15264102816581726 0.35128065943717957 0.9237438440322876 0.4621920883655548 -0.8008064031600952 0.38090354204177856,179.2316131591797 21.89790916442871 904.3363647460938,0.69
49,570,6,0.9041554927825928,0.8692688941955566 0.4931068420410156 -0.03488978371024132 -0.16126002371311188 0.3495773673057556 0.9229251146316528 0.46729740500450134 -0.7966437339782715 0.38339510560035706,177.85421752929688 19.982088088989258 903.1755981445312,0.69
49,576,6,0.8665728569030762,0.8789184093475342 0.475902259349823 -0.03192977234721184 -0.15498358011245728 0.34825828671455383 0.9244978427886963 0.4510904550552368 -0.8076096177101135 0.37984761595726013,180.86138916015625 20.704172134399414 901.5307006835938,0.69
49,591,6,0.6984524726867676,0.8731241822242737 0.4857010841369629 -0.04181460663676262 -0.14202818274497986 0.3354926109313965 0.9312747716903687 0.46634963154792786 -0.8071796298027039 0.36191001534461975,179.2958221435547 26.727367401123047 898.10302734375,0.69
49,594,6,0.9085021018981934,0.8824493885040283 0.46840012073516846 -0.043409790843725204 -0.1357780545949936 0.3419763445854187 0.9298475980758667 0.45038583874702454 -0.8146493434906006 0.365375280380249,184.46836853027344 28.591171264648438 897.3677368164062,0.69
49,617,6,0.8725082874298096,0.8868240714073181 0.4594672918319702 -0.04932425171136856 -0.12347619235515594 0.338464617729187 0.9328425526618958 0.445305198431015 -0.8211768269538879 0.35689181089401245,178.85577392578125 33.20695495605469 896.2221069335938,0.69
49,629,6,0.9010286331176758,0.878903329372406 0.47301459312438965 -0.06153220683336258 -0.1190728023648262 0.3424806594848633 0.9319488406181335 0.4618990123271942 -0.8117660880088806 0.3573305308818817,170.5500946044922 29.45482063293457 891.4005126953125,0.69
49,631,6,0.9059169292449951,0.8764767050743103 0.4779106378555298 -0.05822324752807617 -0.12633831799030304 0.3450091779232025 0.9300577044487 0.4645720422267914 -0.8078180551528931 0.3627709448337555,170.06939697265625 31.178112030029297 894.0778198242188,0.69
49,651,6,0.9072995185852051,0.8856905102729797 0.4604724943637848 -0.05930716544389725 -0.10830190032720566 0.32912978529930115 0.9380534291267395 0.4514675736427307 -0.8244019746780396 0.3413771986961365,170.90756225585938 38.42000961303711 892.8263549804688,0.69
49,669,6,0.9109468460083008,0.8848987221717834 0.4617311656475067 -0.06130595505237579 -0.10520093888044357 0.32634082436561584 0.9393797516822815 0.45374760031700134 -0.8248065114021301 0.3373531699180603,170.6774444580078 32.78303909301758 883.6812133789062,0.69
49,762,6,0.9239072799682617,0.9147450923919678 0.40162742137908936 -0.04400816187262535 -0.08870722353458405 0.30590710043907166 0.9479197263717651 0.3941729962825775 -0.8632010221481323 0.3154543340206146,174.8270721435547 46.545902252197266 864.1827392578125,0.69
49,1024,6,0.9387781620025635,0.9647186994552612 0.2631743550300598 -0.007560355123132467 -0.07476413249969482 0.30137062072753906 0.9505714178085327 0.2524445056915283 -0.9164687395095825 0.3104138672351837,183.91455078125 40.80365753173828 835.8696899414062,0.69
49,1036,6,0.932436466217041,0.9610313177108765 0.2764008641242981 -0.004626643378287554 -0.07863540947437286 0.2893797755241394 0.9539790153503418 0.2650194466114044 -0.9164398908615112 0.2998378872871399,176.73898315429688 43.33549118041992 836.0914306640625,0.69
49,1052,6,0.933894157409668,0.9648417830467224 0.2626301646232605 -0.010276973247528076 -0.0694223940372467 0.2923640310764313 0.9537838697433472 0.25349706411361694 -0.9195370674133301 0.3003174960613251,172.93995666503906 43.10727310180664 834.3340454101562,0.69
49,1067,6,0.9307866096496582,0.9576348066329956 0.28755462169647217 -0.01574557274580002 -0.07335173338651657 0.2964225113391876 0.9522358775138855 0.2784871757030487 -0.9107393026351929 0.3049571216106415,164.54562377929688 46.08628463745117 834.377197265625,0.69
49,1095,6,0.9279375076293945,0.9570884108543396 0.28956127166748047 -0.011667277663946152 -0.08078423142433167 0.30524811148643494 0.9488400816917419 0.2783087491989136 -0.9071812629699707 0.3155413866043091,155.52804565429688 43.53781509399414 843.0247802734375,0.69
49,1102,6,0.9337797164916992,0.9583736062049866 0.2852635383605957 -0.012027313001453876 -0.07738026231527328 0.3000541031360626 0.9507785439491272 0.27483129501342773 -0.9102703928947449 0.30963775515556335,152.2835693359375 43.330039978027344 840.0917358398438,0.69
49,1130,6,0.9293367862701416,0.9604434967041016 0.2777634859085083 -0.01989474520087242 -0.06611528992652893 0.2968440055847168 0.9526344537734985 0.2705126702785492 -0.9136362671852112 0.303466260433197,155.5604248046875 45.218631744384766 833.1148071289062,0.69
49,1144,6,0.9316549301147461,0.9628353714942932 0.2696058750152588 -0.01614418439567089 -0.06873249262571335 0.30239102244377136 0.9507026672363281 0.26119688153266907 -0.9142605066299438 0.3096834719181061,158.47642517089844 50.128868103027344 829.7283935546875,0.69
49,1150,6,0.9396219253540039,0.9639029502868652 0.2660023868083954 -0.011569865047931671 -0.07041016966104507 0.29656821489334106 0.9524125456809998 0.25677525997161865 -0.9172186255455017 0.30459222197532654,158.0645294189453 52.173179626464844 829.19580078125,0.69
49,1157,6,0.9349708557128906,0.9668879508972168 0.25474774837493896 -0.015210832469165325 -0.06490573287010193 0.3031160831451416 0.9507407546043396 0.2468097060918808 -0.9182724952697754 0.30961382389068604,154.6549530029297 52.16744613647461 823.2782592773438,0.69
49,1168,6,0.9391350746154785,0.9676805138587952 0.2518584728240967 -0.012726920656859875 -0.06640084087848663 0.3031596541404724 0.950623631477356 0.24328088760375977 -0.9190548062324524 0.3100852370262146,151.37294006347656 58.64744186401367 820.0340576171875,0.69
49,1172,6,0.9306864738464355,0.9643348455429077 0.2646842300891876 -0.0007321047014556825 -0.08017642050981522 0.2947438061237335 0.9522069096565247 0.25224992632865906 -0.9181876182556152 0.3054531514644623,148.62185668945312 58.34668731689453 818.7740478515625,0.69
49,1179,6,0.9334897994995117,0.9695610404014587 0.24475184082984924 -0.006930261384695768 -0.07001534104347229 0.3042590916156769 0.9500128030776978 0.23462596535682678 -0.9206101298332214 0.31213411688804626,149.2508544921875 58.68378829956055 814.902587890625,0.69
49,1269,6,0.943901538848877,0.9793891906738281 0.20120833814144135 -0.01766461879014969 -0.05206666886806488 0.3359987139701843 0.9404221773147583 0.195156067609787 -0.9201196432113647 0.3395497500896454,152.2924041748047 52.04634094238281 781.6106567382812,0.69
49,1491,6,0.9465274810791016,0.9987467527389526 0.02955365739762783 -0.040392402559518814 0.02749718725681305 0.35033050179481506 0.9362224340438843 0.0418194942176342 -0.9361597299575806 0.34907883405685425,158.3704071044922 70.84661102294922 776.5328369140625,0.69
49,1554,6,0.9419503211975098,0.9996599555015564 0.018517009913921356 -0.01836218871176243 0.010406429879367352 0.36237865686416626 0.931972861289978 0.023911423981189728 -0.931847095489502 0.3620627224445343,155.5135498046875 56.08757019042969 769.9525756835938,0.69
49,1557,6,0.943901538848877,0.9997586011886597 0.002296110847964883 -0.021852007135748863 0.01945979706943035 0.36928170919418335 0.9291136860847473 0.010202902369201183 -0.9293146133422852 0.3691478669643402,153.22763061523438 52.39277648925781 774.6781005859375,0.69
49,1565,6,0.9512412548065186,0.9998657703399658 -0.0030757952481508255 -0.016095567494630814 0.016080224886536598 0.37327635288238525 0.9275807738304138 0.003155043348670006 -0.9277151226997375 0.3732756972312927,144.6791229248047 46.52651596069336 777.3529052734375,0.69
49,1568,6,0.9444153308868408,0.9999752044677734 -0.0035431752912700176 -0.006086318753659725 0.006977795157581568 0.38155534863471985 0.9243196845054626 -0.0009527677320875227 -0.9243391752243042 0.38157063722610474,140.7843017578125 45.97834777832031 779.5947265625,0.69
49,1575,6,0.947340726852417,0.999889075756073 -0.0022483160719275475 -0.01472227182239294 0.014476446434855461 0.37887948751449585 0.92533278465271 0.0034975316375494003 -0.9254432916641235 0.37887004017829895,134.4532928466797 48.10868835449219 779.8648681640625,0.69
49,1582,6,0.9414899349212646,0.9996212124824524 -0.015073910355567932 -0.023027686402201653 0.027019841596484184 0.37828052043914795 0.9252965450286865 -0.005236912053078413 -0.9255682826042175 0.37854447960853577,137.9882049560547 53.19552993774414 781.4404907226562,0.69
49,1587,6,0.9426403045654297,0.9999663829803467 -0.006393188610672951 -0.0051245312206447124 0.007142799440771341 0.37377142906188965 0.9274933338165283 -0.004014233592897654 -0.9274988174438477 0.37380456924438477,139.04443359375 54.23750686645508 781.8519897460938,0.69
49,1592,6,0.943901538848877,0.9999723434448242 -0.005245641339570284 -0.005273894406855106 0.006850706413388252 0.373235821723938 0.9277111887931824 -0.0028980402275919914 -0.9277216792106628 0.373261421918869,138.48011779785156 53.951751708984375 781.4539794921875,0.69
49,1595,6,0.9424107074737549,0.9999811053276062 -0.001440919586457312 -0.005981954280287027 0.006082635372877121 0.3781580924987793 0.9257210493087769 0.0009282469400204718 -0.9257400035858154 0.37815970182418823,137.82847595214844 52.732112884521484 781.38427734375,0.69
49,1614,6,0.9399991035461426,0.9995403289794922 -0.030003029853105545 0.004330331925302744 0.007423857226967812 0.3807760179042816 0.924637496471405 -0.029390806332230568 -0.9241803288459778 0.3808238208293915,152.61988830566406 43.987266540527344 772.5985107421875,0.69
49,1615,6,0.9385356903076172,0.9994167685508728 -0.034056179225444794 0.002497998997569084 0.010830692015588284 0.38551369309425354 0.9226385354995728 -0.03238454833626747 -0.9220734238624573 0.38565772771835327,152.40560913085938 43.43565368652344 772.1150512695312,0.69
49,1618,6,0.943901538848877,0.9994624853134155 -0.03193630278110504 0.0074101765640079975 0.005417161621153355 0.3837902843952179 0.9234043955802917 -0.03233407437801361 -0.9228679537773132 0.38375699520111084,153.390869140625 44.39887237548828 775.6017456054688,0.69
49,1631,6,0.9443628787994385,0.9989214539527893 -0.04626529663801193 -0.003926679491996765 0.02169976942241192 0.390406996011734 0.920386552810669 -0.04104895517230034 -0.9194790720939636 0.39098989963531494,151.52914428710938 50.584129333496094 775.16796875,0.69
49,1641,6,0.9487795829772949,0.9970773458480835 -0.07638157904148102 -0.0016019759932532907 0.03052046336233616 0.3790130615234375 0.9248879551887512 -0.07003723084926605 -0.9222336411476135 0.38023656606674194,154.48007202148438 57.2908935546875 774.738037109375,0.69
49,1644,6,0.9424915313720703,0.9974455833435059 -0.07109756022691727 0.006891954690217972 0.02041151188313961 0.3761536478996277 0.926332414150238 -0.06845241785049438 -0.9238255023956299 0.37664398550987244,155.55148315429688 59.68793487548828 776.6661376953125,0.69
49,1655,6,0.9453389644622803,0.997105598449707 -0.07585339993238449 -0.005155376624315977 0.0342036597430706 0.3869863748550415 0.9214507937431335 -0.06790010631084442 -0.9189601540565491 0.38846078515052795,148.6381378173828 53.191707611083984 781.0147705078125,0.69
49,1671,6,0.9477791786193848,0.9949055910110474 -0.09898781031370163 -0.019088828936219215 0.056536998599767685 0.3910961449146271 0.9186116456985474 -0.08346579223871231 -0.9150111079216003 0.39470016956329346,152.88648986816406 58.81781768798828 782.9676513671875,0.69
49,1677,6,0.9453389644622803,0.9955686330795288 -0.09367836266756058 -0.008216937072575092 0.0441875122487545 0.3888867497444153 0.9202252626419067 -0.0830097422003746 -0.9165105223655701 0.39130282402038574,145.91786193847656 57.025421142578125 786.9159545898438,0.69
49,1682,6,0.943901538848877,0.9959238767623901 -0.08973785489797592 -0.009102925658226013 0.043440081179142 0.3887479901313782 0.9203195571899414 -0.079048752784729 -0.9169635772705078 0.39106157422065735,136.29864501953125 55.40125274658203 794.4674682617188,0.69
49,1688,6,0.943901538848877,0.9964849948883057 -0.08189769834280014 -0.017617933452129364 0.048289645463228226 0.3897215723991394 0.9196658134460449 -0.06845242530107498 -0.9172838926315308 0.39230653643608093,131.2600555419922 55.98919677734375 797.4284057617188,0.69
49,1881,6,0.9531476497650146,0.9829277396202087 -0.18320004642009735 0.01705368235707283 0.0590684600174427 0.4019796550273895 0.913741409778595 -0.1742526888847351 -0.8971344828605652 0.4059382975101471,138.48609924316406 59.198909759521484 732.4188232421875,0.69
49,2061,6,0.95654296875,0.9664487242698669 -0.2520756423473358 0.04934243857860565 0.050821900367736816 0.3759601414203644 0.9252410531044006 -0.25178155303001404 -0.8916903734207153 0.3761571943759918,126.44195556640625 44.82737731933594 695.5621948242188,0.69
49,2064,6,0.9521715641021729,0.9662525057792664 -0.2526068091392517 0.05045760050415993 0.05152080953121185 0.38143250346183777 0.9229598641395569 -0.25239211320877075 -0.8892126083374023 0.3815746009349823,126.16942596435545 44.17060470581055 696.1661987304688,0.69
49,2089,6,0.9585161209106445,0.9617084860801697 -0.271991491317749 0.033726271241903305 0.07282807677984238 0.3722376525402069 0.9252756834030151 -0.26422134041786194 -0.8873892426490784 0.37779268622398376,123.26765441894531 48.878292083740234 697.7377319335938,0.69
49,2097,6,0.9492433071136475,0.9579572677612305 -0.2838889956474304 0.04153286665678024 0.06638889014720917 0.360158771276474 0.9305257201194763 -0.2791244685649872 -0.8886465430259705 0.3638637661933899,125.39464569091795 54.20661544799805 695.6130981445312,0.69
49,2119,6,0.9570722579956055,0.9519011378288269 -0.30420294404029846 0.036672163754701614 0.08040040731430054 0.3634735941886902 0.9281286597251892 -0.2956688106060028 -0.8805383443832397 0.3704489469528198,132.89906311035156 51.18812942504883 689.2869873046875,0.69
49,2123,6,0.9556493759155273,0.9536463618278503 -0.2983279824256897 0.03948374465107918 0.07419314980506897 0.36024153232574463 0.929904043674469 -0.291640043258667 -0.8838702440261841 0.3656769394874573,132.34957885742188 51.554752349853516 689.782958984375,0.69
49,2146,6,0.9580078125,0.9464190602302551 -0.3202070891857147 0.041931722313165665 0.08149033784866333 0.3624374568462372 0.9284387230873108 -0.3124902844429016 -0.8752750754356384 0.3691115379333496,128.54708862304688 53.08711242675781 694.482177734375,0.69
49,2151,6,0.9541237354278564,0.9506878852844238 -0.3074969947338104 0.040473297238349915 0.07902573049068451 0.3663521111011505 0.9271143674850464 -0.29991239309310913 -0.8781979084014893 0.3725866973400116,124.25933074951172 49.98161315917969 699.2680053710938,0.69
49,2173,6,0.955078125,0.949393630027771 -0.3108917772769928 0.044700223952531815 0.07734128087759018 0.3693341910839081 0.9260725975036621 -0.3044177293777466 -0.8757503032684326 0.3746882379055023,123.86881256103516 44.6540412902832 697.0708618164062,0.69
