scene_id,im_id,obj_id,score,R,t,time
48,1,20,0.9575400352478027,-0.9677324295043945 -0.2519789934158325 0.0006938684382475913 -0.07673662155866623 0.2920840084552765 -0.953309178352356 0.24001123011112213 -0.9226014614105225 -0.301995187997818,-22.150257110595703 91.45064544677734 679.8067626953125,0.69
48,36,20,0.9609746932983398,-0.9737156629562378 -0.2273913025856018 0.013074928894639015 -0.07852490246295929 0.28125911951065063 -0.9564136862754822 0.2138027399778366 -0.9323016405105591 -0.29172226786613464,-36.34305191040039 86.7967529296875 667.7359008789062,0.69
48,47,20,0.9599802494049072,-0.9666169285774231 -0.2555408775806427 0.01872197911143303 -0.08985438942909241 0.2696433663368225 -0.9587588310241699 0.23995383083820343 -0.9284348487854004 -0.28360334038734436,-17.87648582458496 86.24884033203125 678.2494506835938,0.69
48,83,20,0.9580280780792236,-0.9620530605316162 -0.272687703371048 0.00976447481662035 -0.08410166203975677 0.2622908651828766 -0.9613170027732849 0.2595781981945038 -0.9256591796875 -0.2752712070941925,-3.2747514247894287 92.30980682373047 686.2918701171875,0.69
48,112,20,0.9594922065734863,-0.9602171778678894 -0.2792542576789856 -0.00012102494656573981 -0.0857611820101738 0.2953026592731476 -0.951546847820282 0.2657592296600342 -0.9136812090873718 -0.307503879070282,3.565572500228882 82.34095764160156 691.7958984375,0.69
48,1024,20,0.2369009256362915,-0.6219150424003601 -0.7822620868682861 0.03588514029979706 -0.2913568615913391 0.18861301243305206 -0.9378359317779541 0.7268651723861694 -0.5937096476554871 -0.3452186584472656,-54.50476837158203 98.26517486572266 857.5731811523438,0.69
48,1027,20,0.27771806716918945,-0.6109605431556702 -0.7908633947372437 0.03552990034222603 -0.2867777347564697 0.17926427721977234 -0.941075325012207 0.7378928065299988 -0.5851491689682007 -0.33632537722587585,-45.66368865966797 102.811767578125 854.3997802734375,0.69
48,1059,20,0.9111557006835938,-0.5744181275367737 -0.8179875016212463 0.030662592500448227 -0.3083726167678833 0.1815463900566101 -0.9337811470031738 0.7582546472549438 -0.545836329460144 -0.35652849078178406,-43.35847854614258 85.41178894042969 865.619873046875,0.69
48,1074,20,0.831634521484375,-0.6135036945343018 -0.7887127995491028 0.039310354739427567 -0.2941144108772278 0.18201327323913574 -0.9382792115211487 0.7328778505325317 -0.5871994495391846 -0.3436376452445984,-62.04035949707031 106.70619201660156 881.660888671875,0.69
48,1075,20,0.8963863849639893,-0.6065134406089783 -0.7943552732467651 0.033779293298721313 -0.2881729006767273 0.18003438413143158 -0.9405020475387573 0.7410112619400024 -0.5801613926887512 -0.3381049633026123,-61.29096603393555 105.38994598388672 882.0448608398438,0.69
48,1083,20,0.4526100158691406,-0.5951929092407227 -0.8022564053535461 0.0461512915790081 -0.2981962561607361 0.167170450091362 -0.9397515654563904 0.7462065815925598 -0.5730955600738525 -0.33872857689857483,-57.741676330566406 104.6739501953125 886.6898193359375,0.69
48,1087,20,0.10968965291976929,-0.5962205529212952 -0.8017962574958801 0.040545910596847534 -0.29652249813079834 0.17300038039684296 -0.9392259120941162 0.7460533380508423 -0.5720085501670837 -0.34089699387550354,-60.66880798339844 108.15985870361328 892.2552490234375,0.69
48,1090,20,0.008286871016025543,-0.5956941843032837 -0.8023607134819031 0.03695469722151756 -0.2864832282066345 0.1692599654197693 -0.9430156350135803 0.750383734703064 -0.5723358392715454 -0.33069008588790894,-64.84483337402344 108.21747589111328 894.9663696289062,0.69
48,1094,20,0.03910079598426819,-0.6010094285011292 -0.7986066341400146 0.03185773268342018 -0.27835363149642944 0.17178399860858917 -0.9449917674064636 0.7492040991783142 -0.5768166780471802 -0.32553887367248535,-73.0600814819336 106.6863784790039 900.4630126953125,0.69
48,1097,20,0.06561639904975891,-0.5910419821739197 -0.8060191869735718 0.0316610261797905 -0.28702306747436523 0.17346394062042236 -0.9420871138572693 0.753848135471344 -0.565900444984436 -0.3338705897331238,-70.16694641113281 105.46617126464844 901.5965576171875,0.69
48,1103,20,0.9343335628509521,-0.5658984780311584 -0.8236356973648071 0.03719063103199005 -0.28880032896995544 0.15577301383018494 -0.9446317553520203 0.772239089012146 -0.545306384563446 -0.32601794600486755,-60.28542709350586 98.74041748046875 900.9970092773438,0.69
48,1104,20,0.8271517753601074,-0.5644481778144836 -0.8247635960578918 0.03410724177956581 -0.29511526226997375 0.16303712129592896 -0.9414488673210144 0.7709118723869324 -0.5414646863937378 -0.33542636036872864,-62.4945182800293 97.47545623779297 903.5204467773438,0.69
48,1107,20,0.8747410774230957,-0.5559365153312683 -0.8305941820144653 0.03237025812268257 -0.289915531873703 0.15725572407245636 -0.944044291973114 0.7790273427963257 -0.5342133045196533 -0.32822638750076294,-64.14554595947266 96.24761199951172 909.9949951171875,0.69
48,1113,20,0.6416959762573242,-0.5460259914398193 -0.8366430997848511 0.04340336099267006 -0.30132120847702026 0.14778490364551544 -0.9420006275177002 0.7817039489746094 -0.5274351835250854 -0.332792729139328,-52.630008697509766 98.14285278320312 907.9844360351562,0.69
48,1119,20,0.21335291862487793,-0.5419244170188904 -0.8387255072593689 0.05345440283417702 -0.3111344277858734 0.1411348432302475 -0.9398277401924133 0.7807133197784424 -0.525947093963623 -0.3374408185482025,-50.837154388427734 96.84429931640625 924.6566772460938,0.69
48,1120,20,0.7123880386352539,-0.5501819849014282 -0.8335129618644714 0.05055632069706917 -0.3124051094055176 0.14930862188339233 -0.9381417632102966 0.7744048237800598 -0.5319427847862244 -0.3425406217575073,-52.444053649902344 96.51215362548828 926.0055541992188,0.69
48,1122,20,0.9005265235900879,-0.551079273223877 -0.833130955696106 0.046950895339250565 -0.30810385942459106 0.15086223185062408 -0.9393149614334106 0.7754892110824585 -0.5321027636528015 -0.3398279547691345,-52.740360260009766 97.1099853515625 933.3439331054688,0.69
48,1124,20,0.8889656066894531,-0.5407149791717529 -0.8401457071304321 0.04221857339143753 -0.30799734592437744 0.15102362632751465 -0.939323902130127 0.7827931046485901 -0.5209097266197205 -0.3404233753681183,-50.80841064453125 93.89575958251953 932.1251220703125,0.69
48,1126,20,0.8627209663391113,-0.5278223752975464 -0.8486039042472839 0.03570518270134926 -0.2970968782901764 0.14508207142353058 -0.943760871887207 0.7956990599632263 -0.5087460279464722 -0.328695148229599,-52.157508850097656 94.55519104003906 931.0717163085938,0.69
48,1128,20,0.5857813358306885,-0.519292414188385 -0.854353666305542 0.02037978731095791 -0.2806161046028137 0.14794184267520905 -0.9483501315116882 0.8072113394737244 -0.49818992614746094 -0.3165704309940338,-52.987911224365234 98.51805114746094 933.4847412109375,0.69
48,1132,20,0.5493192672729492,-0.5335224270820618 -0.8455862998962402 0.018371734768152237 -0.2804665267467499 0.15638427436351776 -0.9470387697219849 0.7979300022125244 -0.5104190707206726 -0.3205931782722473,-56.20625686645508 101.13665771484375 938.7401733398438,0.69
48,1133,20,0.20963668823242188,-0.5353332757949829 -0.8444406986236572 0.018388640135526657 -0.27994683384895325 0.1568477898836136 -0.9471158385276794 0.7968990206718445 -0.5121704339981079 -0.3203643262386322,-56.380470275878906 100.97549438476562 941.0451049804688,0.69
48,1137,20,0.49663543701171875,-0.5386925339698792 -0.8423035144805908 0.018311774358153343 -0.2787637412548065 0.1576875001192093 -0.9473254084587097 0.7950479984283447 -0.5154218077659607 -0.3197486996650696,-62.87673950195312 105.2014389038086 950.7880249023438,0.69
48,1540,20,0.9393582344055176,-0.4205697774887085 -0.9068343639373779 0.027792716398835182 -0.3011339008808136 0.11063120514154434 -0.9471426010131836 0.8558266758918762 -0.40670889616012573 -0.3196067810058594,-85.51715850830078 94.65814208984375 906.8385620117188,0.69
48,1542,20,0.9324462413787842,-0.40782737731933594 -0.9123108983039856 0.0369550846517086 -0.2900317907333374 0.09106186032295227 -0.9526748061180115 0.8657704591751099 -0.399245023727417 -0.30173665285110474,-86.65399169921875 95.23351287841797 899.7080078125,0.69
48,1543,20,0.922480583190918,-0.4186314344406128 -0.9073193669319153 0.03897841274738312 -0.2933241128921509 0.0944686084985733 -0.9513341188430786 0.8594816327095032 -0.4096916615962982 -0.3056861460208893,-90.76954650878906 97.13029479980469 899.33447265625,0.69
48,1568,20,0.9411334991455078,-0.41906219720840454 -0.9068318605422974 0.04519663751125336 -0.28390634059906006 0.08359048515558243 -0.9552013874053955 0.862429141998291 -0.41312041878700256 -0.29248496890068054,-98.49821472167969 109.67498016357422 899.2230834960938,0.69
48,1569,20,0.9378805160522461,-0.4236817955970764 -0.9040916562080383 0.055784884840250015 -0.2785038352012634 0.07141707092523575 -0.9577762484550476 0.8619334101676941 -0.42132866382598877 -0.28205111622810364,-98.6755599975586 110.05198669433594 898.4755859375,0.69
48,1571,20,0.8976540565490723,-0.40495797991752625 -0.9130722284317017 0.048042427748441696 -0.28518146276474 0.07620961964130402 -0.9554389715194702 0.8687235116958618 -0.4006134271621704 -0.2912529706954956,-96.32500457763672 111.19931030273438 902.1495971679688,0.69
48,1572,20,0.8944988250732422,-0.4114888906478882 -0.9101295471191406 0.04838397353887558 -0.27840784192085266 0.07497010380029678 -0.957532525062561 0.8678513169288635 -0.4074845016002655 -0.2842365801334381,-93.68916320800781 111.68190002441406 899.0619506835938,0.69
48,1576,20,0.6803989410400391,-0.4152897298336029 -0.9087679386138916 0.04092996194958687 -0.26711806654930115 0.07881088554859161 -0.9604357481002808 0.8695874214172363 -0.4097922146320343 -0.27547770738601685,-91.04336547851562 119.65140533447266 901.3862915039062,0.69
48,1577,20,0.730513334274292,-0.4165710508823395 -0.9082033038139343 0.04044025018811226 -0.2729431390762329 0.08251327276229858 -0.9584851264953613 0.8671623468399048 -0.41031500697135925 -0.2822604775428772,-92.2804946899414 120.17169189453125 902.73876953125,0.69
48,1579,20,0.9240474700927734,-0.4209269881248474 -0.906221330165863 0.0397924967110157 -0.2696788012981415 0.08313637226819992 -0.959354817867279 0.8660796284675598 -0.4145495295524597 -0.27938300371170044,-90.86434936523438 121.63972473144531 908.1808471679688,0.69
48,1580,20,0.935661792755127,-0.41267287731170654 -0.9101792573928833 0.03570632264018059 -0.27374181151390076 0.08653531968593597 -0.9579024910926819 0.8687729835510254 -0.40507468581199646 -0.2848648726940155,-91.85887145996094 121.34369659423828 905.0240478515625,0.69
48,1583,20,0.8706705570220947,-0.4075295329093933 -0.9119800925254822 0.04703007638454437 -0.26625922322273254 0.06940262764692307 -0.9613996148109436 0.873513400554657 -0.40432095527648926 -0.2711067795753479,-91.04591369628906 122.77031707763672 908.7684326171875,0.69
48,1586,20,0.9240305423736572,-0.42615827918052673 -0.9030079245567322 0.054459717124700546 -0.2667354941368103 0.06790120899677277 -0.9613748788833618 0.8644312024116516 -0.42422419786453247 -0.26980093121528625,-90.84709167480469 119.93073272705078 901.9725341796875,0.69
48,1587,20,0.9288909435272217,-0.40872520208358765 -0.9120060801506042 0.03447813540697098 -0.260865181684494 0.0805409848690033 -0.9620096683502197 0.8745817542076111 -0.40219172835350037 -0.2708297371864319,-89.92976379394531 120.30216217041016 900.6991577148438,0.69
48,1588,20,0.9309639930725098,-0.41255661845207214 -0.910102903842926 0.03885650634765625 -0.27143394947052 0.08210112154483795 -0.9589489102363586 0.8695520162582397 -0.4061677157878876 -0.2809041738510132,-91.95419311523438 121.086669921875 905.2418212890625,0.69
48,1589,20,0.8834896087646484,-0.40739965438842773 -0.9119440913200378 0.04881910979747772 -0.2667549252510071 0.06770370155572891 -0.9613833427429199 0.8734226822853088 -0.4046899676322937 -0.2708481252193451,-91.509765625 123.98394012451172 909.3822021484375,0.69
48,1597,20,0.7535305023193359,-0.4222242534160614 -0.9041178226470947 0.06555746495723724 -0.2637268006801605 0.05332488566637039 -0.9631223678588867 0.8672801852226257 -0.423942893743515 -0.2609550952911377,-99.38444519042969 135.29859924316406 907.6156616210938,0.69
48,1605,20,0.8798198699951172,-0.4171195328235626 -0.9078603982925415 0.042436424642801285 -0.25755834579467773 0.07329986244440079 -0.9634785652160645 0.8715933561325073 -0.41281557083129883 -0.2644018232822418,-84.7137451171875 123.05120849609375 909.6145629882812,0.69
48,1608,20,0.9313392639160156,-0.43787485361099243 -0.8979470729827881 0.04423192888498306 -0.26318100094795227 0.08098287135362625 -0.9613415002822876 0.8596518039703369 -0.43258827924728394 -0.2717829644680023,-85.76058197021484 121.15084838867188 909.5418701171875,0.69
48,1609,20,0.8606138229370117,-0.42455849051475525 -0.9048816561698914 0.03064691834151745 -0.25639235973358154 0.08769460022449493 -0.9625864624977112 0.8683392405509949 -0.41653189063072205 -0.2692362070083618,-85.74159240722656 121.0132064819336 907.694580078125,0.69
48,1611,20,0.819727897644043,-0.41489389538764954 -0.9093680381774902 0.03021322563290596 -0.2515008747577667 0.08270695805549622 -0.9643167853355408 0.8744200468063354 -0.407687783241272 -0.26302146911621094,-86.35055541992188 120.5229263305664 907.3478393554688,0.69
48,1619,20,0.8614482879638672,-0.4229501485824585 -0.9058873057365417 0.021936655044555664 -0.24789342284202576 0.0923861563205719 -0.9643720984458923 0.8715859055519104 -0.41331925988197327 -0.2636382579803467,-90.9874267578125 116.29661560058594 907.2402954101562,0.69
48,1622,20,0.9325647354125977,-0.4164108633995056 -0.909052848815918 0.014997643418610096 -0.24422886967658997 0.09595420956611633 -0.9649586081504822 0.8757592439651489 -0.40548211336135864 -0.2619732916355133,-89.60155487060547 116.3634262084961 908.459228515625,0.69
48,1624,20,0.9247293472290039,-0.4056014120578766 -0.9138695597648621 0.018162108957767487 -0.25343260169029236 0.09334531426429749 -0.9628388285636902 0.8782137036323547 -0.3951316475868225 -0.2694653570652008,-88.03083801269531 115.8954086303711 911.0768432617188,0.69
48,1626,20,0.9248971939086914,-0.4030366539955139 -0.915021538734436 0.017237355932593346 -0.24747179448604584 0.09083127230405807 -0.9646281599998474 0.8810897469520569 -0.3930462598800659 -0.2630503475666046,-87.2680892944336 115.05753326416016 908.0445556640625,0.69
48,1631,20,0.9176626205444336,-0.4158388674259186 -0.9089791178703308 0.028898974880576134 -0.256266713142395 0.08662919700145721 -0.9627164006233215 0.8725855350494385 -0.4077407419681549 -0.26896485686302185,-85.36357879638672 112.39144897460938 906.8668823242188,0.69
48,1639,20,0.9376125335693359,-0.378334641456604 -0.9256263375282288 0.008884413167834282 -0.24796989560127258 0.09209725260734558 -0.9643802046775818 0.8918373584747314 -0.3670614957809448 -0.26437100768089294,-80.05284881591797 115.55274963378906 904.3379516601562,0.69
48,1641,20,0.9243984222412109,-0.3896598219871521 -0.9209162592887878 0.008858401328325272 -0.24470950663089752 0.09425945580005646 -0.9650038480758667 0.8878527879714966 -0.37819093465805054 -0.26208606362342834,-81.74755859375 116.80260467529297 904.15576171875,0.69
48,1643,20,0.9169578552246094,-0.39204898476600647 -0.9198734164237976 0.011418546549975872 -0.24009500443935394 0.09033039957284927 -0.9665375351905823 0.8880607485771179 -0.38167157769203186 -0.2562709450721741,-83.39726257324219 117.23089599609375 903.7539672851562,0.69
48,1644,20,0.8871116638183594,-0.4133060574531555 -0.910498321056366 0.013080760836601257 -0.2431028038263321 0.09648612141609192 -0.9651898741722107 0.8775415420532227 -0.4020988345146179 -0.2612229585647583,-87.10124206542969 117.93379211425781 907.66162109375,0.69
48,1645,20,0.9065713882446289,-0.4053844213485718 -0.9140028953552246 0.016194384545087814 -0.2461981177330017 0.0921003445982933 -0.964833676815033 0.880369246006012 -0.39511555433273315 -0.2623618245124817,-87.42214965820312 118.68340301513672 910.6881713867188,0.69
48,1648,20,0.9303967952728271,-0.3869795501232147 -0.9220141768455505 0.011692307889461517 -0.24893289804458618 0.0922536626458168 -0.9641170501708984 0.8878509402275085 -0.376004159450531 -0.26521995663642883,-87.39662170410156 115.86197662353516 909.0014038085938,0.69
48,1649,20,0.9264631271362305,-0.3947843015193939 -0.9186895489692688 0.012445932254195213 -0.25333932042121887 0.09582529962062836 -0.9626196622848511 0.8831560015678406 -0.3831802010536194 -0.2705705165863037,-89.83524322509766 115.06806945800781 913.4956665039062,0.69
48,1724,20,0.8834431171417236,-0.37534040212631226 -0.9259395003318787 -0.04189762473106384 -0.20703163743019104 0.1278117150068283 -0.96994948387146 0.9034696221351624 -0.3553870916366577 -0.2396717071533203,-96.06185150146484 97.14002990722656 874.7320556640625,0.69
48,1874,20,0.9150309562683105,-0.33380940556526184 -0.9348312020301819 -0.12108646333217621 -0.214024618268013 0.20026259124279022 -0.9560796618461609 0.9180222153663635 -0.29323291778564453 -0.2669264078140259,-135.24342346191406 76.43803405761719 832.3933715820312,0.69
48,2040,20,0.9303967952728271,-0.2334621101617813 -0.9686939120292664 -0.08442536741495132 -0.24507123231887817 0.14264045655727386 -0.9589545130729675 0.9409759044647217 -0.20318931341171265 -0.2707001566886902,-127.16312408447267 75.11284637451172 771.385986328125,0.69
48,2050,20,0.9370040893554688,-0.22945953905582428 -0.9702020883560181 -0.07782184332609177 -0.23814250528812408 0.13348734378814697 -0.9620131254196167 0.9437354207038879 -0.20221039652824402 -0.2616763114929199,-127.08185577392578 80.70702362060547 766.8854370117188,0.69
48,2051,20,0.9360809326171875,-0.22749198973178864 -0.9707757234573364 -0.07643301784992218 -0.24045032262802124 0.13206064701080322 -0.9616358876228333 0.9436265826225281 -0.2003861367702484 -0.2634660303592682,-127.07960510253908 80.16085815429688 766.7124633789062,0.69
48,2066,20,0.9203436374664307,-0.22124725580215454 -0.9718608856201172 -0.08084488660097122 -0.23936426639556885 0.13448098301887512 -0.9615713953971863 0.9453858733177185 -0.19339364767074585 -0.26238229870796204,-129.85000610351562 75.57843017578125 762.6502685546875,0.69
48,2069,20,0.9449529647827148,-0.2226463109254837 -0.9719722270965576 -0.07548871636390686 -0.24158692359924316 0.13002483546733856 -0.9616284370422363 0.9444915652275085 -0.1958659291267395 -0.2637653648853302,-130.93971252441406 73.64756774902344 760.0194702148438,0.69
48,2070,20,0.9406721591949463,-0.22121082246303558 -0.9718685150146484 -0.0808531790971756 -0.24090778827667236 0.13479475677013397 -0.9611419439315796 0.9450021386146545 -0.19313684105873108 -0.2639487683773041,-130.7801971435547 73.55943298339844 760.7416381835938,0.69
48,2083,20,0.939213752746582,-0.21392522752285004 -0.9734393358230591 -0.08155856281518936 -0.24298012256622314 0.1338929384946823 -0.9607462286949158 0.9461483359336853 -0.18571072816848755 -0.26516950130462646,-129.95860290527344 72.86863708496094 757.555419921875,0.69
48,2090,20,0.9445145130157471,-0.20942221581935883 -0.9738636016845703 -0.08793298900127411 -0.23731286823749542 0.13785822689533234 -0.9616016745567322 0.9485910534858704 -0.18051312863826752 -0.2599809169769287,-134.70155334472656 69.78750610351562 753.158447265625,0.69
48,2104,20,0.9430046081542969,-0.2044806331396103 -0.9756068587303162 -0.07986817508935928 -0.24640657007694244 0.13026612997055054 -0.9603720903396606 0.9473497271537781 -0.17669744789600372 -0.26703283190727234,-133.60675048828125 67.33152770996094 752.8701171875,0.69
48,2133,20,0.8036389350891113,-0.19698654115200043 -0.9760443568229675 -0.09237892925739288 -0.2139325737953186 0.13474737107753754 -0.9675102233886719 0.9567806124687195 -0.17082363367080688 -0.2353510856628418,-127.40424346923828 69.98904418945312 743.8395385742188,0.69
48,2144,20,0.8884954452514648,-0.20518097281455994 -0.9757998585700989 -0.0756010040640831 -0.22544217109680176 0.12228808552026749 -0.9665513634681702 0.9524056911468506 -0.18127429485321045 -0.24507758021354675,-130.59036254882812 73.91815948486328 740.5479736328125,0.69
48,2160,20,0.9246416091918945,-0.1650543063879013 -0.9827828407287598 -0.0830371081829071 -0.2207564115524292 0.1188681423664093 -0.9680584073066711 0.9612615704536438 -0.14145122468471527 -0.23657529056072235,-127.07561492919922 69.0458755493164 737.1934204101562,0.69
57,1,20,0.8896348476409912,0.35955265164375305 -0.9295229911804199 0.08190776407718658 -0.48366037011146545 -0.26071155071258545 -0.8355250358581543 0.7979940176010132 0.26079967617988586 -0.5433130264282227,-93.53749084472656 -6.056529998779297 1032.9522705078125,0.69
57,24,20,0.23925304412841797,0.36931899189949036 -0.9266461730003357 0.07021826505661011 -0.4905075430870056 -0.25855520367622375 -0.8321968913078308 0.7893072366714478 0.27290353178977966 -0.5500161647796631,-93.3106918334961 0.6880477666854858 1037.8624267578125,0.69
57,38,20,0.9464035034179688,0.3651793301105499 -0.9289196133613586 0.0612570196390152 -0.47094908356666565 -0.24109940230846405 -0.8485741019248962 0.8030261993408203 0.2810327708721161 -0.5255182981491089,-90.93048095703125 4.8975138664245605 1031.1375732421875,0.69
57,49,20,0.3745962381362915,0.381674200296402 -0.9226600527763367 0.054983433336019516 -0.47267985343933105 -0.24595998227596283 -0.8462135791778564 0.7942911982536316 0.2969883382320404 -0.5299994349479675,-104.49774169921875 16.506065368652344 1038.829345703125,0.69
57,61,20,0.8855023384094238,0.3827330470085144 -0.921689510345459 0.06327714025974274 -0.4608609676361084 -0.24983716011047363 -0.8515800833702087 0.8007012605667114 0.29676583409309387 -0.5203916430473328,-100.80574035644531 18.671485900878906 1035.0592041015625,0.69
57,74,20,0.7741508483886719,0.4034656882286072 -0.9131909012794495 0.05742638558149338 -0.45056048035621643 -0.25290730595588684 -0.856173574924469 0.7963734865188599 0.3195625841617584 -0.5134871602058411,-104.18375396728516 28.7782039642334 1035.728515625,0.69
57,81,20,0.6294586658477783,0.399728000164032 -0.914669394493103 0.05997901409864426 -0.46947935223579407 -0.2604929208755493 -0.8436424732208252 0.7872780561447144 0.30906856060028076 -0.5335447192192078,-117.35202026367188 11.74215030670166 1042.6549072265625,0.69
57,88,20,0.05524522066116333,0.3846130669116974 -0.9213221073150635 0.056906938552856445 -0.46640586853027344 -0.2471654862165451 -0.8493378758430481 0.7965791821479797 0.3001247048377991 -0.524773120880127,-127.20114135742189 11.684616088867188 1032.10302734375,0.69
57,119,20,0.07111668586730957,0.4066605865955353 -0.9116611480712891 0.05917109176516533 -0.46462535858154297 -0.2621506154537201 -0.8458133935928345 0.7866069674491882 0.3164665699005127 -0.5301871299743652,-127.85192108154297 3.154226779937744 1023.0797729492188,0.69
57,246,20,0.9588165283203125,0.5338648557662964 -0.8439039587974548 0.05305063724517822 -0.42487236857414246 -0.3219662308692932 -0.846062183380127 0.7310757637023926 0.42914310097694397 -0.5304379463195801,-123.54254913330078 -31.17318344116211 996.1340942382812,0.69
57,483,20,0.944127082824707,0.6210427284240723 -0.7832962274551392 0.027437584474682808 -0.3374086022377014 -0.29878631234169006 -0.8926825523376465 0.7074328660964966 0.5451363325119019 -0.4498499631881714,-110.47246551513672 23.614511489868164 973.8440551757812,0.69
57,518,20,0.9351511001586914,0.6271727681159973 -0.7788094878196716 0.010487623512744904 -0.3328509032726288 -0.28016865253448486 -0.900397539138794 0.7041764855384827 0.5612139701843262 -0.4349416196346283,-125.93604278564452 33.21860122680664 959.2218017578125,0.69
57,526,20,0.9430389404296875,0.6189202666282654 -0.7852228283882141 0.019046993926167488 -0.3239760994911194 -0.27730169892311096 -0.9045127034187317 0.7155258059501648 0.553650438785553 -0.4260210692882538,-132.67361450195312 35.42647933959961 949.6417846679688,0.69
57,528,20,0.9640066623687744,0.623319685459137 -0.7817797660827637 0.017111949622631073 -0.3308333456516266 -0.2834782004356384 -0.9001052379608154 0.7085348963737488 0.5553921461105347 -0.4353364408016205,-136.46705627441406 37.77731704711914 963.4004516601562,0.69
57,537,20,0.9597516059875488,0.6262044310569763 -0.7796540260314941 0.002765025245025754 -0.3353367745876312 -0.27253487706184387 -0.9018170237541199 0.7038588523864746 0.5637946128845215 -0.4321092367172241,-139.3421173095703 32.7966423034668 955.2814331054688,0.69
57,541,20,0.902836799621582,0.6299310922622681 -0.7766246199607849 0.006405720487236977 -0.33834904432296753 -0.28184500336647034 -0.8978214263916016 0.6990756988525391 0.5633983016014099 -0.4403131306171417,-133.78384399414062 29.26876449584961 953.6681518554688,0.69
57,553,20,0.8836312294006348,0.6361132860183716 -0.7715839743614197 0.004253797233104706 -0.34877344965934753 -0.292446494102478 -0.8904111981391907 0.6882710456848145 0.5649187564849854 -0.45513707399368286,-131.5027313232422 18.368568420410156 956.428955078125,0.69
57,554,20,0.062095463275909424,0.6402084827423096 -0.7681585550308228 -0.008103163912892342 -0.3446621000766754 -0.2777937650680542 -0.8966820240020752 0.6865429878234863 0.5768563151359558 -0.4426009953022003,-131.90771484375 18.407381057739258 951.5166015625,0.69
57,565,20,0.8591518402099609,0.6412360668182373 -0.7673160433769226 0.0065090712159872055 -0.3478845953941345 -0.29826247692108154 -0.8888282775878906 0.6839536428451538 0.5676843523979187 -0.4581940770149231,-133.16928100585938 17.28073501586914 943.1028442382812,0.69
57,574,20,0.5289173126220703,0.6554901599884033 -0.7551507949829102 -0.008928618393838406 -0.36583131551742554 -0.3071634769439697 -0.8785316944122314 0.660681426525116 0.5791352391242981 -0.47760048508644104,-129.2913818359375 11.54055118560791 943.1055908203125,0.69
57,575,20,0.35040557384490967,0.653561532497406 -0.7568693161010742 -0.002479143440723419 -0.3640953302383423 -0.3115237057209015 -0.8777173161506653 0.6635449528694153 0.5745449066162109 -0.4791724979877472,-128.09515380859375 10.121868133544922 939.999755859375,0.69
57,584,20,0.5159921646118164,0.6612914800643921 -0.749984860420227 0.014704989269375801 -0.36146214604377747 -0.33577027916908264 -0.8698294758796692 0.6572965383529663 0.5698955059051514 -0.49313315749168396,-128.36241149902344 10.966326713562012 927.3369750976562,0.69
57,592,20,0.9304475784301758,0.6622374057769775 -0.7492939829826355 -0.0004098198260180652 -0.35386914014816284 -0.3122727572917938 -0.8816248774528503 0.6604681611061096 0.5839899778366089 -0.4719507396221161,-131.1477508544922 22.661521911621094 926.7684326171875,0.69
57,597,20,0.926671028137207,0.6597968935966492 -0.7514122724533081 -0.006903092842549086 -0.35503846406936646 -0.3036279082298279 -0.8841705918312073 0.662280797958374 0.5858238935470581 -0.4671129882335663,-130.7075958251953 22.903640747070312 922.7871704101562,0.69
57,606,20,0.914959192276001,0.6562559604644775 -0.7544807195663452 0.009314712136983871 -0.35621780157089233 -0.32067766785621643 -0.8776528835296631 0.665159285068512 0.5726468563079834 -0.4792061746120453,-127.89353942871092 18.72661781311035 913.678955078125,0.69
57,610,20,0.5127770900726318,0.6592187285423279 -0.7517039179801941 0.01928800344467163 -0.359523743391037 -0.33761149644851685 -0.8699202537536621 0.6604341864585876 0.5665332674980164 -0.492815226316452,-123.23263549804688 14.664697647094727 911.45458984375,0.69
57,613,20,0.9654521942138672,0.6577404141426086 -0.7529706954956055 0.020314250141382217 -0.3532603979110718 -0.3321773409843445 -0.874565839767456 0.6652703285217285 0.568061113357544 -0.48448118567466736,-122.3629150390625 14.739665031433105 898.8555297851562,0.69
57,621,20,0.9664249420166016,0.6644840836524963 -0.7469640970230103 0.022486547008156776 -0.35535675287246704 -0.342302531003952 -0.8697991371154785 0.6574059724807739 0.5699769258499146 -0.492893248796463,-117.5321273803711 15.676795959472658 897.1774291992188,0.69
57,790,20,0.9323368072509766,0.7620981931686401 -0.6474233269691467 0.007037163712084293 -0.31929337978363037 -0.3852591812610626 -0.8658100962638855 0.5632568001747131 0.6575853824615479 -0.5003232359886169,-76.1733627319336 17.2734375 846.9087524414062,0.69
57,978,20,0.09492552280426025,0.8865658640861511 -0.46257755160331726 0.0047982968389987946 -0.21415114402770996 -0.4195871949195862 -0.8820917010307312 0.410049170255661 0.7810048460960388 -0.47105318307876587,-42.039695739746094 -11.619336128234863 885.3894653320312,0.69
57,1026,20,0.02866450697183609,0.8846031427383423 -0.46539533138275146 -0.029739271849393845 -0.22624844312667847 -0.3725309371948242 -0.9000179171562195 0.40778541564941406 0.8028871417045593 -0.4348369836807251,-63.164196014404304 5.515766143798828 882.2516479492188,0.69
57,1028,20,0.0027229441329836845,0.8830758929252625 -0.46797603368759155 -0.03428575396537781 -0.23289614915847778 -0.3736986219882965 -0.8978356122970581 0.4073529839515686 0.8008419275283813 -0.43899402022361755,-63.65173339843749 4.293662071228027 886.3264770507812,0.69
57,1035,20,0.05696386098861694,0.876416802406311 -0.4797140955924988 -0.04204878956079483 -0.24749921262264252 -0.37381911277770996 -0.893869936466217 0.41308337450027466 0.7938096523284912 -0.4463501572608948,-74.05549621582031 2.303269386291504 883.1973266601562,0.69
57,1040,20,0.8889656066894531,0.8754000663757324 -0.48197701573371887 -0.037052761763334274 -0.24816101789474487 -0.3823000490665436 -0.8900914788246155 0.41483834385871887 0.7883812189102173 -0.45427340269088745,-79.17045593261719 0.19775664806365967 880.58203125,0.69
57,1046,20,0.4560282230377197,0.882595419883728 -0.4681738615036011 -0.04287822172045708 -0.25156018137931824 -0.3932437598705292 -0.8843510150909424 0.39716848731040955 0.7913106083869934 -0.4648490250110626,-75.63126373291016 -2.091273546218872 878.2169799804688,0.69
57,1054,20,0.14401531219482422,0.8797725439071655 -0.4737647473812103 -0.03933486342430115 -0.24946202337741852 -0.38964059948921204 -0.8865375518798828 0.40468382835388184 0.7897639870643616 -0.4609813988208771,-70.79027557373047 -3.8261091709136963 875.4685668945312,0.69
57,1057,20,0.5499308109283447,0.878337562084198 -0.4764363467693329 -0.03913600370287895 -0.25599154829978943 -0.3996320962905884 -0.8802060484886169 0.4037220776081085 0.7831364870071411 -0.47297555208206177,-70.18008422851562 -5.4008331298828125 869.7300415039062,0.69
57,1066,20,0.7078685760498047,0.9046790599822998 -0.4237901270389557 -0.04424753040075302 -0.23391763865947723 -0.40717020630836487 -0.8828902244567871 0.3561438322067261 0.8090825080871582 -0.4674903154373169,-49.4736328125 -6.973163604736328 875.7005615234375,0.69
57,1071,20,0.061842262744903564,0.9037632346153259 -0.4268769919872284 -0.03143257647752762 -0.22143597900867462 -0.4034408926963806 -0.8878071904182434 0.3663032352924347 0.8093278408050537 -0.45914098620414734,-44.51374816894531 -4.252260208129883 878.8744506835938,0.69
57,1073,20,0.887603759765625,0.909529983997345 -0.4147750437259674 -0.026773178949952126 -0.2048519104719162 -0.39129334688186646 -0.8971763253211975 0.36165010929107666 0.8214932680130005 -0.4408605396747589,-44.92477035522461 -0.4527619183063507 872.004638671875,0.69
57,1076,20,0.6738972663879395,0.9145939350128174 -0.4024672210216522 -0.03921867907047272 -0.21106022596359253 -0.39238879084587097 -0.895256757736206 0.3449225127696991 0.827073872089386 -0.4438212215900421,-43.91938018798828 3.3401827812194824 883.3201904296875,0.69
57,1078,20,0.9028594493865967,0.9164822697639465 -0.39785218238830566 -0.04211773723363876 -0.20781397819519043 -0.38345155119895935 -0.8998767733573914 0.3418678939342499 0.8334737420082092 -0.4341057538986206,-46.13394546508789 6.339741230010986 890.1055297851562,0.69
57,1081,20,0.9287803173065186,0.9127892255783081 -0.40666458010673523 -0.03794332221150398 -0.20841571688652039 -0.3838725984096527 -0.8995580673217773 0.3512530028820038 0.8290148973464966 -0.4351500868797302,-52.15988540649414 7.683898448944092 881.6753540039062,0.69
57,1082,20,0.9221706390380859,0.9237788319587708 -0.38122761249542236 -0.03602943941950798 -0.20080633461475372 -0.40216517448425293 -0.8932749032974243 0.3260512351989746 0.8324233293533325 -0.4480646252632141,-54.593284606933594 7.350392818450928 898.48876953125,0.69
57,1083,20,0.9461441040039062,0.9233283400535583 -0.3821137547492981 -0.03813032805919647 -0.2020217478275299 -0.3989028036594391 -0.8944628238677979 0.32657626271247864 0.8335860967636108 -0.445513516664505,-56.95998001098633 7.811676025390625 895.5291137695312,0.69
57,1086,20,0.8784456253051758,0.916452169418335 -0.3993903398513794 -0.024552801623940468 -0.19243906438350677 -0.3861154019832611 -0.9021540880203247 0.35083144903182983 0.8315060138702393 -0.43071454763412476,-62.03965759277344 7.793720245361328 885.0415649414062,0.69
57,1087,20,0.9246416091918945,0.9149106740951538 -0.40275877714157104 -0.026905398815870285 -0.19746096432209015 -0.3884267210960388 -0.9000743627548218 0.35206207633018494 0.82880038022995 -0.43490487337112427,-63.09997177124023 7.542084693908691 887.0983276367188,0.69
57,1092,20,0.9532735347747803,0.9261809587478638 -0.3761630356311798 -0.026272397488355637 -0.18975697457790375 -0.4047391712665558 -0.8945269584655762 0.32585451006889343 0.8334792852401733 -0.44624125957489014,-63.95917510986328 7.2342987060546875 897.1279907226562,0.69
57,1093,20,0.942004919052124,0.9208440184593201 -0.3891948163509369 -0.023950079455971718 -0.18748503923416138 -0.388064980506897 -0.9023607969284058 0.34189996123313904 0.8354238271713257 -0.4303155541419983,-62.87363052368164 7.483991622924805 887.5684814453125,0.69
57,1099,20,0.8894662857055664,0.9314272403717041 -0.3623991906642914 -0.03331994265317917 -0.18116413056850433 -0.3823133111000061 -0.9060993790626526 0.31563103199005127 0.8500020503997803 -0.4217507243156433,-56.29780197143555 12.37286376953125 906.5166625976562,0.69
57,1101,20,0.9334080219268799,0.9387306571006775 -0.3430480360984802 -0.03320973739027977 -0.17095084488391876 -0.37978479266166687 -0.909142017364502 0.29926684498786926 0.8591167330741882 -0.4151599407196045,-52.12704086303711 13.406683921813965 901.2694091796875,0.69
57,1108,20,0.9396743774414062,0.9399144649505615 -0.34046584367752075 -0.0253737922757864 -0.1611638218164444 -0.37694406509399414 -0.9121071100234985 0.30097684264183044 0.8613920211791992 -0.4091659486293793,-47.19914627075195 16.893333435058594 903.8284301757812,0.69
57,1116,20,0.9180665016174316,0.9502536654472351 -0.3110949397087097 -0.015421918593347073 -0.14152751863002777 -0.3871365487575531 -0.9110956788063049 0.2774668335914612 0.8679546117782593 -0.4119064509868622,-44.575347900390625 15.922091484069826 900.0797729492188,0.69
57,1118,20,0.9494225978851318,0.9520503878593445 -0.3055472671985626 -0.0155193991959095 -0.13988830149173737 -0.38964083790779114 -0.9102808833122253 0.27208682894706726 0.8688042759895325 -0.4137002229690552,-43.1865348815918 15.150532722473145 893.4111938476562,0.69
57,1159,20,0.9560966491699219,0.9766455888748169 -0.21484903991222382 0.0018226767424494028 -0.08754999190568924 -0.40569689869880676 -0.9098049402236938 0.19621017575263977 0.8883973956108093 -0.4150320887565613,-29.1911678314209 21.0573673248291 909.1507568359375,0.69
57,1290,20,0.9619503021240234,0.9926460385322571 -0.1081242486834526 0.05443328246474266 0.005358587019145489 -0.40997612476348877 -0.9120805859565735 0.12093435972929001 0.90566486120224 -0.406381756067276,-40.446624755859375 -10.0526762008667 908.1726684570312,0.69
57,1440,20,0.9585161209106445,0.9975829720497131 -0.002050509676337242 0.06945531815290451 0.06131415814161301 -0.4443161189556122 -0.8937694430351257 0.0326927974820137 0.8958677649497986 -0.4431164562702179,-52.3582763671875 -33.91977310180664 922.0607299804688,0.69
57,1527,20,0.9052455425262451,0.9778773188591003 0.20324496924877167 0.04947054386138916 0.1313498318195343 -0.41255995631217957 -0.9014108180999756 -0.16279764473438263 0.8879671692848206 -0.4301292598247528,16.082801818847656 -7.803743362426758 963.9721069335938,0.69
57,1538,20,0.9239649772644043,0.9797806739807129 0.19447574019432068 0.047001276165246964 0.1227249801158905 -0.3986412286758423 -0.9088585376739502 -0.15801428258419037 0.8962502479553223 -0.41444796323776245,12.21168327331543 -16.316442489624023 964.4968872070312,0.69
57,1539,20,0.9239072799682617,0.9809916019439697 0.18805797398090363 0.04784981161355972 0.11991047859191895 -0.39359936118125916 -0.911427915096283 -0.15256765484809875 0.8998408317565918 -0.40866780281066895,12.182162284851074 -16.429445266723633 965.5620727539062,0.69
57,1549,20,0.9146804809570312,0.98151695728302 0.18462806940078735 0.05036984384059906 0.12290982902050018 -0.4064050614833832 -0.9053882956504822 -0.14668956398963928 0.8948448896408081 -0.4215860068798065,16.603622436523438 -19.25741195678711 975.1823120117188,0.69
57,1560,20,0.9201114177703857,0.9737319350242615 0.21686135232448578 0.0694061666727066 0.152441143989563 -0.39445552229881287 -0.9061823487281799 -0.16913828253746033 0.8929590582847595 -0.4171525835990906,22.061851501464844 -22.798084259033203 977.5228271484375,0.69
57,1563,20,0.9172642230987549,0.9767737984657288 0.20086032152175903 0.07461962103843689 0.14956200122833252 -0.38972902297973633 -0.9087036848068237 -0.15344108641147614 0.8987581729888916 -0.4107181429862976,28.753198623657227 -21.824655532836914 985.8068237304688,0.69
57,1566,20,0.9241762161254883,0.9756804704666138 0.20898529887199402 0.06612658500671387 0.14336442947387695 -0.38020074367523193 -0.9137254357337952 -0.16581378877162933 0.9009842872619629 -0.4009155035018921,33.36608123779297 -18.4626407623291 990.5684204101562,0.69
57,1570,20,0.8948063850402832,0.9620308876037598 0.2674484848976135 0.05447697266936302 0.16110827028751373 -0.39531856775283813 -0.9043049216270447 -0.22031919658184052 0.878745973110199 -0.42339688539505005,39.37545394897461 -15.301346778869629 975.112060546875,0.69
57,1585,20,0.9150528907775879,0.9555519223213196 0.28972432017326355 0.05459364503622055 0.17404748499393463 -0.4048864543437958 -0.8976494669914246 -0.2379666268825531 0.8672525882720947 -0.43731576204299927,46.47620391845703 -16.202234268188477 985.2814331054688,0.69
57,1589,20,0.9155025482177734,0.9536857008934021 0.29772496223449707 0.0429362989962101 0.1688644140958786 -0.41176876425743103 -0.8955061435699463 -0.24893471598625183 0.8612817525863647 -0.4429731070995331,39.8669319152832 -16.69780921936035 981.4039916992188,0.69
57,1593,20,0.9229984283447266,0.9508962631225586 0.30643174052238464 0.04354119673371315 0.1667819768190384 -0.3887964189052582 -0.9061020612716675 -0.2607297897338867 0.8688709735870361 -0.42081236839294434,32.65931701660156 -17.116567611694336 978.212158203125,0.69
57,1602,20,0.9083371162414551,0.9384022951126099 0.3435245752334595 0.03730755299329758 0.18077580630779266 -0.39605334401130676 -0.9002565145492554 -0.2944844663143158 0.8515470623970032 -0.43375834822654724,29.480894088745117 -22.24762725830078 979.38427734375,0.69
57,1612,20,0.9134485721588135,0.9309482574462891 0.36271846294403076 0.04207783564925194 0.19876426458358765 -0.4067053198814392 -0.8916745781898499 -0.30631354451179504 0.838466465473175 -0.45071715116500854,53.67017364501953 -37.527217864990234 964.8955688476562,0.69
57,1621,20,0.8686623573303223,0.9148225784301758 0.4019840955734253 0.03883747756481171 0.21565210819244385 -0.4049270451068878 -0.888554036617279 -0.3414582312107086 0.8212446570396423 -0.457125186920166,92.85717010498047 -43.26551818847656 981.7105712890625,0.69
57,1628,20,0.9195492267608643,0.9055017232894897 0.42306068539619446 0.03295968845486641 0.22196422517299652 -0.4060179889202118 -0.8864994049072266 -0.36166083812713623 0.8100426197052002 -0.46155428886413574,118.53060913085938 -46.243919372558594 988.0745849609375,0.69
57,1712,20,0.9107465744018555,0.872280478477478 0.48756980895996094 -0.03744931519031525 0.23991121351718903 -0.493425190448761 -0.8360467553138733 -0.4261096119880676 0.7202827334403992 -0.5473785996437073,115.63126373291016 -82.54066467285156 932.7315063476562,0.69
