scene_id,im_id,obj_id,score,R,t,time
50,620,2,0.96435546875,0.9676705598831177 0.042178235948085785 0.24866588413715363 0.08694057166576385 0.8697111010551453 -0.4858435392379761 -0.2367594987154007 0.4917556047439575 0.8379268050193787,52.71044921875 -85.53633880615234 1055.7589111328125,0.69
50,623,2,0.962890625,0.9667340517044067 0.05095779523253441 0.2506563067436218 0.08082176744937897 0.8688926100730896 -0.48835793137550354 -0.24267905950546265 0.49237075448036194 0.835869550704956,53.54303741455078 -89.24117279052734 1054.360107421875,0.69
50,629,2,0.9634137153625488,0.9673389196395874 0.04894294589757919 0.2487165927886963 0.08278176188468933 0.8663918972015381 -0.49245527386665344 -0.23958824574947357 0.4969603419303894 0.8340430855751038,56.74494552612305 -95.0376205444336 1053.629150390625,0.69
50,633,2,0.9629085063934326,0.9670782685279846 0.05428003892302513 0.24862295389175415 0.07878102362155914 0.8651334047317505 -0.4953158497810364 -0.2419777810573578 0.4985959529876709 0.8323754072189331,61.459712982177734 -97.67870330810547 1048.798095703125,0.69
50,640,2,0.9643726348876953,0.966151773929596 0.06212377920746803 0.25038251280784607 0.07190411537885666 0.86725914478302 -0.4926370084285736 -0.24775104224681854 0.49396562576293945 0.8334370255470276,71.9253158569336 -96.88870239257812 1048.255859375,0.69
50,642,2,0.96337890625,0.9665531516075134 0.05983980372548103 0.2493876814842224 0.07317893207073212 0.8676254153251648 -0.49180400371551514 -0.24580450356006622 0.4936046600341797 0.8342270255088806,72.21141815185547 -97.27171325683594 1049.028564453125,0.69
50,644,2,0.962890625,0.9670227766036987 0.05796722695231438 0.24800553917884827 0.0744643360376358 0.8668568730354309 -0.4929647743701935 -0.24356110394001007 0.4951757490634918 0.833953857421875,71.94676971435547 -98.24763488769531 1049.0264892578125,0.69
50,651,2,0.9619140625,0.9668208360671997 0.05731961876153946 0.2489418238401413 0.07734490931034088 0.8630785346031189 -0.499112606048584 -0.24346525967121124 0.5018068552017212 0.830008864402771,77.58373260498047 -102.48985290527344 1044.714111328125,0.69
50,653,2,0.96044921875,0.966153085231781 0.058031268417835236 0.25135740637779236 0.07749219238758087 0.864081084728241 -0.4973517656326294 -0.24605512619018555 0.4999961853027344 0.830337643623352,80.4728775024414 -102.30628967285156 1043.736572265625,0.69
50,660,2,0.9594922065734863,0.9654790163040161 0.059951189905405045 0.25348803400993347 0.07551173120737076 0.8669481873512268 -0.4926448464393616 -0.24929560720920563 0.4947795271873474 0.832493245601654,86.2449951171875 -99.43470001220703 1039.9306640625,0.69
50,662,2,0.9614443778991699,0.96519535779953 0.061553411185741425 0.254183292388916 0.07410278916358948 0.8677120208740234 -0.49151256680488586 -0.25081220269203186 0.4932413101196289 0.8329502940177917,86.33171844482422 -97.63751983642578 1042.7333984375,0.69
50,671,2,0.96142578125,0.9673981070518494 0.05632559955120087 0.24691787362098694 0.0744582787156105 0.8686138391494751 -0.48986321687698364 -0.2420681267976761 0.4922778308391571 0.8361014127731323,92.04207611083984 -99.15026092529297 1043.814208984375,0.69
50,681,2,0.9594922065734863,0.9662121534347534 0.0635870024561882 0.2497815489768982 0.06796914339065552 0.8719310164451599 -0.4848880171775818 -0.24862489104270935 0.4854821264743805 0.8381483554840088,98.62478637695312 -98.1268081665039 1038.2701416015625,0.69
50,682,2,0.9599609375,0.9666025638580322 0.06525959819555283 0.247831791639328 0.06580155342817307 0.8714192509651184 -0.48610565066337585 -0.247688427567482 0.4861786961555481 0.8380219340324402,99.39422607421875 -97.3080825805664 1038.024169921875,0.69
50,701,2,0.9599609375,0.9686493277549744 0.07053873687982559 0.23820726573467255 0.054656244814395905 0.8748414516448975 -0.481315940618515 -0.24234502017498016 0.4792458713054657 0.8435592651367188,98.14950561523438 -85.77982330322266 1037.5574951171875,0.69
50,712,2,0.9614443778991699,0.968505859375 0.07154068350791931 0.23849190771579742 0.050528790801763535 0.8814324736595154 -0.4695996344089508 -0.24380995333194733 0.46686068177223206 0.8500576019287109,108.41868591308594 -76.6799087524414 1038.0992431640625,0.69
50,721,2,0.95751953125,0.9672959446907043 0.07343003153800964 0.24278925359249115 0.04941624402999878 0.8842849731445312 -0.46432533860206604 -0.24879033863544464 0.4611377716064453 0.8517366051673889,119.88653564453125 -78.27304077148438 1036.833740234375,0.69
50,722,2,0.9585356712341309,0.9658302664756775 0.07599426060914993 0.2477838695049286 0.050534289330244064 0.882479190826416 -0.4676288962364197 -0.254201203584671 0.46417170763015747 0.8484847545623779,120.6976089477539 -78.48737335205078 1035.6380615234375,0.69
50,735,2,0.960956335067749,0.9654466509819031 0.07919533550739288 0.24827569723129272 0.04823223501443863 0.8819440603256226 -0.46887996792793274 -0.25609835982322693 0.46465349197387695 0.8476501703262329,128.63385009765625 -77.93435668945312 1034.5565185546875,0.69
50,737,2,0.9619324207305908,0.965103805065155 0.08041105419397354 0.2492162436246872 0.04834312945604324 0.8806209564208984 -0.4713488817214966 -0.25736668705940247 0.4669485092163086 0.8460032939910889,129.35670471191406 -79.05247497558594 1031.3787841796875,0.69
50,751,2,0.9570920467376709,0.96485435962677 0.08025525510311127 0.25023022294044495 0.047802045941352844 0.8827345967292786 -0.46743395924568176 -0.25840091705322266 0.4629672169685364 0.8478739857673645,135.00941467285156 -75.63522338867188 1034.6529541015625,0.69
50,757,2,0.9585733413696289,0.966167151927948 0.07989451289176941 0.24523018300533295 0.04560099169611931 0.8829169273376465 -0.46730953454971313 -0.25385335087776184 0.4626818299293518 0.8494020700454712,134.84922790527344 -75.73989868164062 1030.7476806640625,0.69
50,769,2,0.9541454315185547,0.966210126876831 0.08693232387304306 0.24265339970588684 0.038049373775720596 0.8829911351203918 -0.46784496307373047 -0.25493162870407104 0.461269348859787 0.8498473167419434,136.039794921875 -76.04191589355469 1027.53759765625,0.69
50,923,2,0.9399704933166504,0.9831051826477051 0.08793611824512482 0.16053523123264313 -0.007192784920334816 0.8949230909347534 -0.44616246223449707 -0.18290047347545624 0.4374699294567108 0.8804360032081604,119.98603057861328 -97.49568176269531 991.1033325195312,0.69
50,1026,2,0.9326171875,0.9929897785186768 0.09447693824768066 0.07103152573108673 -0.05136450380086899 0.886135995388031 -0.46056997776031494 -0.10645683854818344 0.453692764043808 0.8847767114639282,74.36663055419922 -91.17383575439453 959.1151733398438,0.69
50,1044,2,0.93658447265625,0.9957534074783325 0.08334120362997055 0.039106350392103195 -0.0551609992980957 0.8802258372306824 -0.4713383615016937 -0.0737043172121048 0.46717965602874756 0.8810850977897644,59.29304885864258 -90.736572265625 954.3817749023438,0.69
50,1052,2,0.9385063648223877,0.9951540231704712 0.09129676967859268 0.036515023559331894 -0.06320209801197052 0.8783934712409973 -0.47374093532562256 -0.07532556354999542 0.46913737058639526 0.8799070119857788,55.02788162231445 -92.28401184082031 947.7620849609375,0.69
50,1058,2,0.9404585361480713,0.9955806136131287 0.0877852737903595 0.03336179628968239 -0.061845313757658005 0.8802133798599243 -0.47053128480911255 -0.0706712082028389 0.4663885533809662 0.8817524313926697,54.20252990722656 -92.3936996459961 942.016845703125,0.69
50,1066,2,0.9404585361480713,0.9959492087364197 0.08582304418087006 0.026824243366718292 -0.062230125069618225 0.8732258677482605 -0.4833259880542755 -0.06490413099527359 0.47969889640808105 0.8750293850898743,51.588890075683594 -95.2056655883789 939.2930297851562,0.69
50,1077,2,0.9424107074737549,0.9966292381286621 0.07897771894931793 0.022196298465132713 -0.05869317427277565 0.8754714131355286 -0.4796925485134125 -0.05731724575161934 0.47677284479141235 0.8771558403968811,52.264305114746094 -91.74699401855469 936.69677734375,0.69
50,1094,2,0.9409465789794922,0.9978687763214111 0.06457281857728958 0.009389132261276245 -0.05280991643667221 0.8837110996246338 -0.4650437533855438 -0.03832647204399109 0.46355679631233215 0.8852378726005554,50.54087829589844 -78.61317443847656 936.9154663085938,0.69
50,1098,2,0.9453649520874023,0.9982208609580994 0.05949963256716728 0.0038625034503638744 -0.050694916397333145 0.881036639213562 -0.4703238904476166 -0.03138710558414459 0.4692913293838501 0.8824854493141174,48.46513748168945 -79.0667953491211 936.9969482421875,0.69
50,1105,2,0.9356689453125,0.9979487657546997 0.0639927014708519 0.0018148917006328702 -0.055757779628038406 0.8827579617500305 -0.46650776267051697 -0.03145520016551018 0.46544963121414185 0.8845152258872986,47.45686340332031 -75.83888244628906 927.1397094726562,0.69
50,1113,2,0.9399704933166504,0.9991834163665771 0.04029011353850365 -0.0030348722357302904 -0.03704389929771423 0.8835046887397766 -0.4669553339481354 -0.016132358461618423 0.4666864573955536 0.8842757344245911,49.60621643066406 -70.87786102294922 931.1407470703125,0.69
50,1125,2,0.938133716583252,0.9994157552719116 0.03361640125513077 -0.00616661598905921 -0.03257005289196968 0.8821039795875549 -0.4699274003505707 -0.010357669554650784 0.4698536992073059 0.882683515548706,46.32228088378906 -73.03369140625 927.3439331054688,0.69
50,1130,2,0.9385063648223877,0.9995242357254028 0.02823776565492153 -0.01240849681198597 -0.030761798843741417 0.88331538438797 -0.4677686095237732 -0.002248124685138464 0.4679277837276459 0.8837637901306152,42.98664855957031 -74.19524383544922 929.0591430664062,0.69
50,1145,2,0.9409465789794922,0.9994434118270874 0.02613663859665394 -0.020729299634695053 -0.0328020378947258 0.883065938949585 -0.4681009352207184 0.006070754490792751 0.4685203731060028 0.8834317922592163,40.210819244384766 -77.98792266845703 918.3934326171875,0.69
50,1150,2,0.9419503211975098,0.9996752738952637 0.021410686895251274 -0.01382117997854948 -0.025398356840014458 0.8815233707427979 -0.4714568257331848 0.0020894764456897974 0.4716547131538391 0.8817808628082275,41.28889083862305 -80.59817504882812 925.0150146484375,0.69
50,1169,2,0.9394824504852295,0.9994297623634338 0.02454160340130329 -0.023190956562757492 -0.03267686814069748 0.8759869337081909 -0.48122674226760864 0.008504902943968773 0.48171013593673706 0.8762893080711365,38.10087585449219 -84.46279907226562 923.1502075195312,0.69
50,1189,2,0.9458527565002441,0.9987888336181641 0.02397938445210457 -0.042963966727256775 -0.04178810864686966 0.8743811845779419 -0.4834368824958801 0.025974376127123833 0.484646737575531 0.8743242025375366,36.6306266784668 -81.77994537353516 923.6470947265625,0.69
50,1192,2,0.943901538848877,0.9987444877624512 0.01787382736802101 -0.046796299517154694 -0.038388002663850784 0.8732527494430542 -0.48575296998023987 0.0321827307343483 0.48693951964378357 0.8728426098823547,37.02659225463867 -78.33714294433594 929.0829467773438,0.69
50,1209,2,0.943901538848877,0.9981300830841064 0.021865718066692352 -0.057079631835222244 -0.04672060161828995 0.8750468492507935 -0.481778085231781 0.03941292315721512 0.4835440218448639 0.8744322657585144,28.805484771728516 -69.82208251953125 922.5767211914062,0.69
50,1216,2,0.94580078125,0.9975277185440063 0.022276870906352997 -0.06665010005235672 -0.05167617276310921 0.8752662539482117 -0.4808727502822876 0.047624241560697556 0.4831281006336212 0.8742534518241882,28.067764282226562 -70.56221771240234 922.5818481445312,0.69
50,1242,2,0.9424107074737549,0.9964435696601868 0.017541447654366493 -0.0824160948395729 -0.05444373935461044 0.880541205406189 -0.4708322584629059 0.064311683177948 0.47364485263824463 0.8783647418022156,16.274351119995117 -63.91944122314454 919.2757568359375,0.69
50,1246,2,0.94873046875,0.9961754083633423 0.019786087796092033 -0.08510609716176987 -0.05785218998789787 0.8793012499809265 -0.4727393090724945 0.06548023223876953 0.47585487365722656 0.8770829439163208,13.158689498901367 -63.784202575683594 917.0406494140625,0.69
50,1263,2,0.9472911357879639,0.9951326847076416 0.018681053072214127 -0.09675686061382294 -0.06357558816671371 0.8719072341918945 -0.4855263829231262 0.07529285550117493 0.48931455612182617 0.8688511252403259,10.374604225158691 -73.07133483886719 911.556884765625,0.69
50,1266,2,0.9409465789794922,0.9948486685752869 0.02269093319773674 -0.09879893809556961 -0.06790906935930252 0.872786819934845 -0.4833543598651886 0.075262650847435 0.4875737726688385 0.8698318004608154,10.112112998962402 -75.40725708007812 911.2232666015625,0.69
50,1280,2,0.9468283653259277,0.9934597015380859 0.029371272772550583 -0.11034107208251953 -0.07961375266313553 0.8708903193473816 -0.48498618602752686 0.0818503126502037 0.4905988872051239 0.8675328493118286,7.623104095458984 -79.2832260131836 909.4075317382812,0.69
50,1284,2,0.9385063648223877,0.9927545785903931 0.027278445661067963 -0.11702252179384232 -0.08106739819049835 0.8709047436714172 -0.484719455242157 0.08869308233261108 0.49069416522979736 0.8668059706687927,8.419173240661621 -81.59097290039062 912.7911987304688,0.69
50,1324,2,0.9560966491699219,0.9873466491699219 0.03585119917988777 -0.15447114408016205 -0.10832801461219788 0.8638795614242554 -0.4919118583202362 0.11580882221460342 0.5024210214614868 0.8568322062492371,-12.983257293701172 -89.25922393798828 905.3597412109375,0.69
50,1480,2,0.9468283653259277,0.9769778251647949 0.033051587641239166 -0.21076525747776031 -0.11522208899259567 0.9131953716278076 -0.39089396595954895 0.1795501857995987 0.4061795175075531 0.8959798812866211,-6.335020065307617 -39.03135681152344 994.293701171875,0.69
50,1542,2,0.9391078948974609,0.967150866985321 0.008608324453234673 -0.25405746698379517 -0.11535651236772537 0.9054569005966187 -0.40846142172813416 0.22652193903923035 0.4243510067462921 0.8767063617706299,-12.153916358947754 -91.9332275390625 980.8370361328125,0.69
50,1564,2,0.9359407424926758,0.9622701406478882 0.0015137989539653063 -0.2720918655395508 -0.11604559421539307 0.9067627191543579 -0.4053577482700348 0.24610912799835205 0.42163869738578796 0.8727262616157532,-14.885716438293457 -94.2930908203125 974.4048461914062,0.69
50,1592,2,0.9227185249328613,0.9602141380310059 0.01544084120541811 -0.2788375914096832 -0.1320257931947708 0.9049416780471802 -0.4045364558696747 0.24608539044857025 0.42525535821914673 0.8709763884544373,-14.806610107421875 -89.49210357666016 970.5133666992188,0.69
50,1593,2,0.9478282928466797,0.9575397968292236 0.018803978338837624 -0.28768715262413025 -0.14044223725795746 0.901889443397522 -0.4084990918636322 0.25178056955337524 0.4315575659275055 0.8662359118461609,-14.078485488891602 -91.85163879394531 982.2387084960938,0.69
50,1613,2,0.9497785568237305,0.9557914733886719 0.02745784819126129 -0.29276055097579956 -0.14929398894309998 0.9030703902244568 -0.4027097821235657 0.253325879573822 0.42861393094062805 0.8672462701797485,-21.84251594543457 -85.01673889160156 972.1752319335938,0.69
50,1629,2,0.9488034248352051,0.9532424807548523 0.02174171805381775 -0.3014233112335205 -0.14793813228607178 0.9033000469207764 -0.4026948809623718 0.2635204493999481 0.4284578561782837 0.8642805218696594,-26.154043197631836 -84.8626480102539 961.291015625,0.69
50,1656,2,0.9426167011260986,0.9522128105163574 0.013340331614017487 -0.3051437735557556 -0.14304977655410767 0.9021795392036438 -0.40695062279701233 0.26986563205718994 0.43115437030792236 0.8609752655029297,-27.543001174926758 -93.79676055908203 943.1781005859375,0.69
50,1658,2,0.9440517425537109,0.9500550627708435 0.014831924811005592 -0.3117294907569885 -0.1495169848203659 0.8984032273292542 -0.4129360020160675 0.27393415570259094 0.438920795917511 0.8557502627372742,-26.906620025634766 -96.99337768554688 949.4595336914062,0.69
50,1669,2,0.9541873931884766,0.9485853314399719 0.019400978460907936 -0.31592628359794617 -0.1543572098016739 0.8997423648834229 -0.4082126319408417 0.2763325572013855 0.43599003553390503 0.8564771413803101,-33.217979431152344 -92.22025299072266 937.5607299804688,0.69
50,1678,2,0.9410562515258789,0.9455158114433289 0.015683099627494812 -0.325198233127594 -0.15362390875816345 0.9021449089050293 -0.4031553268432617 0.2870531976222992 0.4311479330062866 0.8554015755653381,-41.962703704833984 -86.81886291503906 927.7168579101562,0.69
50,1695,2,0.9551417827606201,0.9464258551597595 0.012856532819569111 -0.3226653039455414 -0.15260031819343567 0.8984050154685974 -0.4118029475212097 0.2845897376537323 0.43897977471351624 0.8522355556488037,-48.24187469482422 -92.37498474121094 918.7559204101562,0.69
50,1708,2,0.9502887725830078,0.9457466006278992 0.010411519557237625 -0.3247382938861847 -0.1520969271659851 0.8973944187164307 -0.4141855239868164 0.28710606694221497 0.44110625982284546 0.8502913117408752,-54.07283020019531 -92.03951263427734 911.1424560546875,0.69
50,1711,2,0.9614624977111816,0.945685625076294 0.018073851242661476 -0.3245795965194702 -0.15989606082439423 0.8951869010925293 -0.4160210192203522 0.283040314912796 0.4453240931034088 0.8494554162025452,-55.14841079711914 -92.39410400390625 908.5367431640625,0.69
50,1713,2,0.9449772834777832,0.9452177882194519 0.013426032848656178 -0.3261640667915344 -0.15541571378707886 0.8971595168113708 -0.4134618639945984 0.28707003593444824 0.44150254130363464 0.8500978350639343,-53.728519439697266 -91.96432495117188 903.5912475585938,0.69
50,1714,2,0.9474115371704102,0.9462521076202393 0.01420812401920557 -0.3231176733970642 -0.15330089628696442 0.8993857502937317 -0.4093948304653168 0.2847907245159149 0.43692493438720703 0.8532238006591797,-52.05906295776367 -91.86488342285156 898.9107666015625,0.69
50,1718,2,0.9389612674713135,0.9455156922340393 0.013653128407895565 -0.3252902328968048 -0.1588791310787201 0.8914288282394409 -0.4243960976600647 0.284178763628006 0.4529550075531006 0.8450290560722351,-50.29389953613281 -101.53372955322266 906.805419921875,0.69
50,1719,2,0.958554744720459,0.9450253248214722 0.020242733880877495 -0.3263700008392334 -0.16524332761764526 0.890830934047699 -0.4232199192047119 0.2821733355522156 0.4538840055465698 0.8452026844024658,-50.46402359008789 -103.73551177978516 911.6363525390625,0.69
50,1733,2,0.9521942138671875,0.9455461502075195 0.014634582214057446 -0.3251588046550751 -0.15575610101222992 0.8975266814231873 -0.4125359058380127 0.28580138087272644 0.4407171607017517 0.8509323596954346,-52.76558303833008 -85.81348419189453 893.5352172851562,0.69
50,1743,2,0.958554744720459,0.9427903294563293 0.01025515515357256 -0.3332286775112152 -0.15123432874679565 0.903923749923706 -0.4000627398490906 0.29711058735847473 0.4275708794593811 0.8537614345550537,-42.9276123046875 -87.9812240600586 906.1883544921875,0.69
50,1745,2,0.9396219253540039,0.9445198774337769 0.009675471112132072 -0.3283115327358246 -0.15112370252609253 0.900280237197876 -0.4082363545894623 0.2916225492954254 0.43520301580429077 0.8517948985099792,-40.43818664550781 -88.95523071289062 903.8667602539062,0.69
50,1756,2,0.9542076587677002,0.9420425891876221 0.004387529566884041 -0.33546456694602966 -0.14547042548656464 0.9063695073127747 -0.3966517746448517 0.30231454968452454 0.4224630296230316 0.8544769883155823,-42.268699645996094 -90.18754577636719 903.9793090820312,0.69
50,1778,2,0.9385929107666016,0.9418013095855713 0.009604857303202152 -0.33603283762931824 -0.1468871682882309 0.9108795523643494 -0.3856457769870758 0.30238136649131775 0.4125606119632721 0.8592783212661743,-32.41279220581055 -92.87479400634766 905.423828125,0.69
50,1782,2,0.9498014450073242,0.9421170353889465 0.009013496339321136 -0.3351629972457886 -0.14255116879940033 0.9155568480491638 -0.3760782778263092 0.3034709692001343 0.40208762884140015 0.8638466000556946,-35.482994079589844 -96.21957397460938 908.4557495117188,0.69
50,1874,2,0.9404869079589844,0.9090549945831299 0.008908219635486603 -0.41658100485801697 -0.16704688966274261 0.9237025380134583 -0.34477388858795166 0.38172557950019836 0.3830070197582245 0.8411844372749329,-55.785484313964844 -72.58606719970703 881.9039306640625,0.69
54,1,2,0.97216796875,0.7637982368469238 -0.638495922088623 -0.09452597796916962 -0.422143816947937 -0.3833729922771454 -0.8214741945266724 0.488269180059433 0.6673440933227539 -0.5623567700386047,-121.43077850341797 -67.09916687011719 1049.2501220703125,0.69
54,22,2,0.9697265625,0.740679144859314 -0.6703205108642578 -0.04543818160891533 -0.38491636514663696 -0.3679417371749878 -0.8464385271072388 0.5506665706634521 0.6444292664527893 -0.5305442214012146,-99.93798065185547 -70.02862548828125 1054.6474609375,0.69
54,32,2,0.9702291488647461,0.7169116735458374 -0.6956483125686646 -0.04594540596008301 -0.34987354278564453 -0.3019985854625702 -0.8867837190628052 0.6030141115188599 0.6518206596374512 -0.4598953127861023,-93.62860870361328 -48.31004333496094 1064.3980712890625,0.69
54,38,2,0.96875,0.7345170974731445 -0.6758641600608826 -0.06076423451304436 -0.36344075202941895 -0.3161947727203369 -0.8763170838356018 0.5730579495429993 0.6657540798187256 -0.4778870642185211,-102.42666625976562 -70.55854034423828 1067.7904052734375,0.69
54,43,2,0.9716796875,0.8073872327804565 -0.5844800472259521 -0.08067795634269714 -0.394181489944458 -0.432587593793869 -0.8108569383621216 0.43902942538261414 0.6864773035049438 -0.5796568989753723,-103.63666534423828 -102.60877990722656 1061.2431640625,0.69
54,50,2,0.9736328125,0.8055353760719299 -0.5895507335662842 -0.059520162642002106 -0.369614839553833 -0.4214186668395996 -0.8281251192092896 0.4631388783454895 0.6890836358070374 -0.5573743581771851,-109.71337127685547 -101.1955795288086 1058.98681640625,0.69
54,56,2,0.9721813201904297,0.7608274817466736 -0.645590603351593 -0.06598557531833649 -0.3603600561618805 -0.33573052287101746 -0.8703020215034485 0.5397054553031921 0.6859282851219177 -0.48807814717292786,-125.3301467895508 -90.56513977050781 1069.300537109375,0.69
54,63,2,0.9648606777191162,0.8309968113899231 -0.5486591458320618 -0.09174604713916779 -0.35476210713386536 -0.3956691324710846 -0.8471066951751709 0.42847177386283875 0.7364909648895264 -0.5234432816505432,-105.1724853515625 -106.87811279296875 1075.448486328125,0.69
54,69,2,0.96875,0.8652935028076172 -0.4825695753097534 -0.13562311232089996 -0.34345850348472595 -0.3737022280693054 -0.8616164326667786 0.3651072084903717 0.7921320199966431 -0.4891047775745392,-90.70610046386719 -107.6634292602539 1062.0234375,0.69
54,81,2,0.96630859375,0.9129238724708557 -0.39652442932128906 -0.09663545340299606 -0.2636072635650635 -0.39211970567703247 -0.8813361525535583 0.311578631401062 0.8300666213035583 -0.4625021517276764,-40.69432067871094 -81.35945892333984 1064.8577880859375,0.69
54,86,2,0.9629085063934326,0.9432277679443359 -0.31501027941703796 -0.10530847311019897 -0.24594315886497498 -0.44930386543273926 -0.858858585357666 0.22323375940322876 0.8359991312026978 -0.5012705326080322,-45.74956512451172 -79.50010681152344 1071.7916259765625,0.69
54,90,2,0.9599990844726562,0.957486093044281 -0.2684811055660248 -0.10553786158561707 -0.22165031731128693 -0.45052191615104675 -0.8648127913475037 0.18463875353336334 0.8514387607574463 -0.4908773899078369,-46.55720901489258 -87.43768310546875 1058.005615234375,0.69
54,135,2,0.96630859375,0.8689845204353333 -0.49174946546554565 -0.05521305650472641 -0.27038368582725525 -0.37840571999549866 -0.8852693438529968 0.41443777084350586 0.7842140793800354 -0.46178969740867615,-43.561153411865234 -93.61019897460938 1153.0560302734375,0.69
54,202,2,0.9585161209106445,0.9392995238304138 -0.27096158266067505 -0.21046669781208038 -0.3313423693180084 -0.5571928024291992 -0.7614121437072754 0.08904289454221725 0.7849305868148804 -0.613152027130127,-41.32566452026367 -78.65132141113281 1260.1746826171875,0.69
54,390,2,0.95607590675354,0.539191484451294 -0.6735107898712158 -0.5056242942810059 -0.7892773151397705 -0.613551914691925 -0.024401109665632248 -0.29379236698150635 0.41223469376564026 -0.8624086380004883,-38.45556640625 -76.76882934570312 1197.008544921875,0.69
54,479,2,0.9431262016296387,-0.6936017274856567 0.7195245623588562 0.03465384244918823 0.31188854575157166 0.34331977367401123 -0.8859215378761292 -0.6493397951126099 -0.6036685705184937 -0.4625386893749237,-0.6238503456115723 -124.99525451660156 1129.2747802734375,0.69
54,514,2,0.9385929107666016,-0.7235039472579956 0.6899333596229553 0.023108957335352898 0.3309125304222107 0.3760038912296295 -0.865515947341919 -0.6058374643325806 -0.6185571551322937 -0.5003478527069092,24.20677375793457 -135.23597717285156 1090.7286376953125,0.69
54,520,2,0.9395396709442139,-0.712616503238678 0.7003892660140991 0.04040675237774849 0.316554456949234 0.372411847114563 -0.8724119663238525 -0.6260759234428406 -0.6089041829109192 -0.4870981276035309,25.582605361938477 -131.64183044433594 1079.4029541015625,0.69
54,524,2,0.9366436004638672,-0.7168325185775757 0.6958527565002441 0.04404482990503311 0.3013678789138794 0.3661794662475586 -0.8803918957710266 -0.6287515163421631 -0.6178198456764221 -0.4721970558166504,21.578954696655273 -129.31080627441406 1071.2353515625,0.69
54,530,2,0.92978835105896,-0.7334218621253967 0.6794835925102234 0.019855160266160965 0.335933119058609 0.38768312335014343 -0.8584000468254089 -0.5909663438796997 -0.6228993535041809 -0.5125963687896729,19.46734619140625 -132.52203369140625 1093.6728515625,0.69
54,537,2,0.9394824504852295,-0.7131933569908142 0.7000761032104492 0.035336170345544815 0.29595351219177246 0.346429705619812 -0.8901674151420593 -0.63542640209198 -0.6244035959243774 -0.4542613625526428,16.746259689331055 -110.15327453613281 1074.4031982421875,0.69
54,543,2,0.9448509216308594,-0.7218281626701355 0.6909303069114685 0.039741676300764084 0.2831834554672241 0.3472684323787689 -0.8939864635467529 -0.6314833760261536 -0.6340504288673401 -0.44632816314697266,20.73444938659668 -103.89683532714844 1079.077880859375,0.69
54,560,2,0.9414899349212646,-0.7216969132423401 0.6903854012489319 0.050215426832437515 0.26546791195869446 0.343044251203537 -0.9010257720947266 -0.639281153678894 -0.6369369029998779 -0.4308491349220276,26.8165225982666 -94.57447814941406 1050.25634765625,0.69
54,561,2,0.9380769729614258,-0.7050921320915222 0.7065011262893677 0.06083716079592705 0.25624778866767883 0.3338499963283539 -0.9071280360221863 -0.6611974239349365 -0.6240195035934448 -0.4164343774318695,25.10540008544922 -92.81071472167969 1046.6014404296875,0.69
54,568,2,0.9360661506652832,-0.7088895440101624 0.7028496265411377 0.05897503346204758 0.28057050704956055 0.35771748423576355 -0.8906842470169067 -0.6471135020256042 -0.6148501038551331 -0.4507810175418854,13.247589111328125 -97.26829528808594 1058.451171875,0.69
54,577,2,0.9409747123718262,-0.7116116285324097 0.7009362578392029 0.047930169850587845 0.27758416533470154 0.3431706726551056 -0.8973188400268555 -0.6454114317893982 -0.6252378225326538 -0.4387730062007904,5.22268009185791 -93.96715545654297 1045.851806640625,0.69
54,583,2,0.9478039741516113,-0.6921193599700928 0.7203137874603271 0.04603014513850212 0.2867189049720764 0.3329010605812073 -0.8983145952224731 -0.6623919010162354 -0.6085431575775146 -0.4369348883628845,-0.6885864734649658 -95.47663879394531 1048.6800537109375,0.69
54,588,2,0.9556879997253418,-0.6857267618179321 0.7263303399085999 0.04715076833963394 0.2905651926994324 0.3325651288032532 -0.8972025513648987 -0.6673461198806763 -0.6015353798866272 -0.4390951097011566,-1.8811299800872803 -91.14054107666016 1043.068359375,0.69
54,589,2,0.9510550498962402,-0.6817429661750793 0.7295913100242615 0.05406559631228447 0.2947748005390167 0.3415754437446594 -0.8924314975738525 -0.6695777177810669 -0.5924716591835022 -0.44793179631233215,-2.4101955890655518 -91.82687377929688 1048.9053955078125,0.69
54,595,2,0.9529757499694824,-0.6757464408874512 0.7357035875320435 0.04590125009417534 0.303852379322052 0.3347408175468445 -0.8919766545295715 -0.6715953946113586 -0.5888028740882874 -0.4497452676296234,-1.9314260482788086 -88.70358276367188 1055.4373779296875,0.69
54,598,2,0.95263671875,-0.6813132762908936 0.7299540042877197 0.0545828640460968 0.2861413061618805 0.3342233896255493 -0.8980077505111694 -0.673747181892395 -0.5962061882019043 -0.4365808367729187,-3.613104820251465 -87.4029312133789 1056.5087890625,0.69
54,604,2,0.95607590675354,-0.6852403283119202 0.7272898554801941 0.03866828605532646 0.2919735610485077 0.32295677065849304 -0.9002501368522644 -0.667231023311615 -0.6055976152420044 -0.4336523413658142,-6.450569152832031 -80.72225189208984 1049.3245849609375,0.69
54,681,2,0.9648606777191162,0.9140207171440125 -0.3879900574684143 -0.1184472143650055 -0.26658394932746887 -0.3543901741504669 -0.8962926268577576 0.3057761490345001 0.8508061766624451 -0.4273519217967987,-78.26851654052734 -58.020606994628906 1046.902587890625,0.69
54,741,2,0.9736454486846924,0.7225914001464844 -0.6899260878562927 0.04316991567611694 -0.20679360628128052 -0.27532967925071716 -0.9388450384140015 0.6596196293830872 0.6694740653038025 -0.3416231870651245,-89.6135482788086 -26.528409957885742 1034.4669189453125,0.69
54,866,2,0.9712438583374023,0.5056005120277405 -0.8627128601074219 -0.009735426865518093 -0.24250668287277222 -0.13127607107162476 -0.9612268805503845 0.8279847502708435 0.4883577227592468 -0.275586873292923,-74.51946258544922 -15.244817733764648 1049.4971923828125,0.69
54,1012,2,0.9609746932983398,0.028809284791350365 -0.9907387495040894 -0.13268984854221344 -0.37585312128067017 0.11226688325405121 -0.9198535084724426 0.926231324672699 0.07637221366167068 -0.3691379427909851,-60.29485321044922 -18.642086029052734 1016.5189208984375,0.69
54,1024,2,0.9639179706573486,-0.09127800911664963 -0.9897657036781311 -0.10969118028879166 -0.4354304075241089 0.13873188197612762 -0.8894683122634888 0.8955828547477722 -0.03342602401971817 -0.44363728165626526,-30.12855339050293 -26.543834686279297 1009.8785400390624,0.69
54,1025,2,0.9673161506652832,-0.12382298707962036 -0.9873811602592468 -0.0987238734960556 -0.43429362773895264 0.14337867498397827 -0.8892871737480164 0.8922202587127686 -0.06723903864622116 -0.4465668797492981,-26.445173263549805 -24.867919921875 1015.3230590820312,0.69
54,1028,2,0.9580280780792236,-0.08492809534072876 -0.9898406267166138 -0.11402938514947891 -0.43484553694725037 0.13979002833366394 -0.8895887136459351 0.8964912295341492 -0.02596590667963028 -0.44229990243911743,-21.35021209716797 -19.418212890625 1017.4665527343749,0.69
54,1029,2,0.9580671787261963,-0.030726555734872818 -0.9909726977348328 -0.13049517571926117 -0.44404637813568115 0.1304994523525238 -0.8864494562149048 0.8954768180847168 0.030708368867635727 -0.44404762983322144,-19.12909698486328 -18.866859436035156 1013.7032470703125,0.69
54,1032,2,0.96240234375,-0.14748556911945343 -0.9839351177215576 -0.10059605538845062 -0.4976668059825897 0.16172048449516296 -0.8521585464477539 0.8547372221946716 -0.07561777532100677 -0.5135233402252197,-26.41754722595215 -20.689552307128906 1017.2467041015625,0.69
54,1033,2,0.9541237354278564,-0.16885113716125488 -0.9807451367378235 -0.09812404215335846 -0.4721892476081848 0.16787515580654144 -0.8653642535209656 0.8651743531227112 -0.09978461265563965 -0.4914431571960449,-25.06748390197754 -19.89139747619629 1014.28662109375,0.69
54,1039,2,0.9668283462524414,-0.14044153690338135 -0.9864808320999146 -0.08444808423519135 -0.47057634592056274 0.14155057072639465 -0.8709312677383423 0.871110737323761 -0.08257564902305603 -0.4840942323207855,-34.713993072509766 -27.036781311035156 1009.2079467773439,0.69
54,1042,2,0.962890625,-0.20251606404781342 -0.9768025279045105 -0.06960013508796692 -0.5113033056259155 0.16608667373657227 -0.843198835849762 0.8351982831954956 -0.13517452776432037 -0.5330775380134583,-45.09703826904297 -32.100425720214844 1008.0140991210938,0.69
54,1063,2,0.9594922065734863,-0.4341696500778198 -0.9007050395011902 -0.015064645558595657 -0.5184824466705322 0.26353123784065247 -0.8134661316871643 0.7366631031036377 -0.3453715443611145 -0.5814170837402344,-82.2424087524414 -45.037506103515625 1012.8864135742189,0.69
54,1068,2,0.9654388427734375,-0.3990616202354431 -0.914604663848877 -0.06517765671014786 -0.49811381101608276 0.27591902017593384 -0.8220409750938416 0.7698262333869934 -0.29557910561561584 -0.5656859278678894,-83.48827362060547 -50.034019470214844 1007.3258666992186,0.69
54,1080,2,0.9726693630218506,-0.38856232166290283 -0.9190598130226135 -0.0659424364566803 -0.47915613651275635 0.2626696527004242 -0.8375046253204346 0.7870379686355591 -0.29382601380348206 -0.5424366593360901,-88.55443572998047 -53.47986602783203 1003.3715820312501,0.69
54,1083,2,0.9760856628417969,-0.4264475405216217 -0.9035696983337402 -0.041282832622528076 -0.5056014060974121 0.2759706676006317 -0.8174395561218262 0.7500064969062805 -0.327722430229187 -0.5745331645011902,-91.53886413574219 -55.547245025634766 1003.98681640625,0.69
54,1089,2,0.970717191696167,-0.41030213236808777 -0.911350429058075 -0.033053189516067505 -0.5021562576293945 0.25603529810905457 -0.8260054588317871 0.7612431645393372 -0.32231393456459045 -0.5626921653747559,-83.4796371459961 -55.820167541503906 1007.5299682617188,0.69
54,1096,2,0.9638671875,-0.5383619070053101 -0.8418300151824951 0.038584448397159576 -0.5188608169555664 0.2950447201728821 -0.8023291230201721 0.6640406250953674 -0.4519633948802948 -0.5956334471702576,-79.83870697021484 -53.54966735839844 1004.5111083984375,0.69
54,1106,2,0.9648771286010742,-0.630203902721405 -0.7676409482955933 0.11649250239133835 -0.5337113738059998 0.3193240761756897 -0.7830608487129211 0.563910722732544 -0.5556613802909851 -0.6109378933906555,-75.3341293334961 -34.508819580078125 1011.0628662109375,0.69
54,1110,2,0.9702291488647461,-0.7481635808944702 -0.6292767524719238 0.21038539707660675 -0.5200337767601013 0.35919421911239624 -0.7749479413032532 0.4120875298976898 -0.6891952753067017 -0.595981240272522,-65.84823608398438 -20.375125885009766 1018.9439086914062,0.69
54,1111,2,0.9673161506652832,-0.6585273742675781 -0.7484645247459412 0.07837455719709396 -0.4818418622016907 0.33934637904167175 -0.8078814744949341 0.5780744552612305 -0.569776177406311 -0.5841104388237,-61.62333297729492 -17.534414291381836 1015.4098510742186,0.69
54,1134,2,0.9633965492248535,-0.6326993703842163 -0.7167370915412903 0.2932225167751312 -0.6377124786376953 0.26741525530815125 -0.7223654985427856 0.439333975315094 -0.644031822681427 -0.6262655854225159,-155.46893310546875 -43.34282684326172 1045.54736328125,0.69
54,1178,2,0.960486888885498,-0.8117976188659668 -0.15093694627285004 0.5640946626663208 -0.5838944911956787 0.1978893280029297 -0.7873417735099792 0.007210667245090008 -0.9685339331626892 -0.24877731502056122,-171.9373321533203 -26.31957244873047 1098.908203125,0.69
54,1355,2,0.9614443778991699,-0.11392346024513245 0.9901391863822937 0.08152145892381668 0.05428791418671608 0.08813728392124176 -0.994627833366394 -0.9920051693916321 -0.10888581722974777 -0.06379350274801254,-140.1887664794922 -13.84949779510498 1053.01025390625,0.69
54,1531,2,0.9526596069335938,0.41140082478523254 0.9076612591743469 0.08306863903999329 0.340498685836792 -0.06851036101579666 -0.9377456903457642 -0.8454643487930298 0.4140741527080536 -0.3372427225112915,-128.64413452148438 -16.92057228088379 984.2310180664062,0.69
54,1539,2,0.9550998210906982,0.42064616084098816 0.9044046401977539 0.07147759199142456 0.3233954608440399 -0.07586883753538132 -0.9432174563407898 -0.8476274013519287 0.4198763370513916 -0.3243942856788635,-127.63007354736328 -14.702522277832031 986.1055908203125,0.69
54,1543,2,0.9585161209106445,0.4294050633907318 0.8999057412147522 0.07603270560503006 0.3172608017921448 -0.07148950546979904 -0.9456399083137512 -0.8455512523651123 0.4301847517490387 -0.31620272994041443,-120.74663543701172 -10.985681533813477 981.2174682617188,0.69
54,1547,2,0.9546117782592773,0.40937334299087524 0.909037709236145 0.07787089794874191 0.328274667263031 -0.06712303310632706 -0.942194402217865 -0.8512633442878723 0.4112723171710968 -0.3258924186229706,-114.50959777832031 -5.285067081451416 984.042236328125,0.69
54,1550,2,0.95607590675354,0.4159186780452728 0.905734658241272 0.08158621191978455 0.32186850905418396 -0.0627073124051094 -0.9447054862976074 -0.8505364656448364 0.41918066143989563 -0.31760862469673157,-113.63285064697266 -2.811326742172241 983.0955810546875,0.69
54,1557,2,0.960956335067749,0.4153360426425934 0.9061896204948425 0.07947538793087006 0.32015469670295715 -0.06383952498435974 -0.9452118873596191 -0.851467490196228 0.4180249869823456 -0.31663575768470764,-113.89857482910156 -8.139339447021484 985.13134765625,0.69
54,1559,2,0.9590041637420654,0.43786725401878357 0.8960310220718384 0.07348870486021042 0.3136518597602844 -0.07564396411180496 -0.9465201497077942 -0.8425525426864624 0.4375000298023224 -0.31416383385658264,-113.31603240966797 -10.786185264587402 990.3599243164062,0.69
54,1568,2,0.9643726348876953,0.44458433985710144 0.891109824180603 0.09092918038368225 0.3136337995529175 -0.059775665402412415 -0.9476606845855713 -0.8390343189239502 0.44983357191085815 -0.30605748295783997,-123.06697845458984 -11.363927841186523 977.3900756835938,0.69
54,1573,2,0.9580280780792236,0.45347025990486145 0.8866370916366577 0.09077087789773941 0.3132440447807312 -0.06319986283779144 -0.9475674033164978 -0.8344116806983948 0.4581270217895508 -0.3063930571079254,-133.30271911621094 -13.093836784362793 973.4917602539062,0.69
54,1580,2,0.9677889347076416,0.46543872356414795 0.8789111375808716 0.10431739687919617 0.32772496342658997 -0.06165548041462898 -0.9427592158317566 -0.822169840335846 0.47298404574394226 -0.31673792004585266,-141.13995361328125 -15.731225013732908 966.5204467773438,0.69
54,1585,2,0.9629085063934326,0.45843735337257385 0.8819990754127502 0.10914642363786697 0.3318667709827423 -0.05596468597650528 -0.9416647553443909 -0.8244389891624451 0.467916339635849 -0.3183624744415283,-142.78330993652344 -14.917719841003418 963.8253173828125,0.69
54,1595,2,0.9575400352478027,0.4500247538089752 0.8865236639976501 0.10748684406280518 0.3390478491783142 -0.05826551094651222 -0.9389630556106567 -0.8261501789093018 0.4589998424053192 -0.32679489254951477,-129.61810302734375 -27.362916946411133 968.8792724609375,0.69
54,1597,2,0.9555878639221191,0.4506622552871704 0.8860976696014404 0.10832563042640686 0.33569419384002686 -0.055777326226234436 -0.9403181672096252 -0.8271716237068176 0.4601302146911621 -0.32259461283683777,-126.8192367553711 -27.54962921142578 964.1708984375,0.69
54,1605,2,0.9570519924163818,0.45432794094085693 0.8841073513031006 0.1092718318104744 0.33483171463012695 -0.055807340890169144 -0.9406238198280334 -0.8255143165588379 0.4639393389225006 -0.32138195633888245,-115.58765411376953 -31.027057647705078 970.363037109375,0.69
54,1613,2,0.9492433071136475,0.45236724615097046 0.8857396841049194 0.10406342148780823 0.34271830320358276 -0.06492552906274796 -0.9371920228004456 -0.8233517408370972 0.459619402885437 -0.3329293429851532,-110.2861328125 -24.79433250427246 963.7468872070312,0.69
54,1619,2,0.9521715641021729,0.45209795236587524 0.8865066170692444 0.0985565260052681 0.3253169059753418 -0.06099632382392883 -0.9436357021331787 -0.8305277228355408 0.45867788791656494 -0.31597188115119934,-107.5945053100586 -17.903732299804688 962.1110229492188,0.69
54,1625,2,0.9492433071136475,0.4704466164112091 0.8770854473114014 0.09695930033922195 0.33157843351364136 -0.07387737929821014 -0.9405306577682495 -0.8177626132965088 0.4746190905570984 -0.3255780041217804,-101.92407989501953 -19.31199073791504 968.4439697265625,0.69
54,1663,2,0.9376182556152344,0.45700764656066895 0.8834772706031799 0.10301408916711807 0.3485937714576721 -0.07135192304849625 -0.9345541000366211 -0.8183069825172424 0.46300843358039856 -0.34058305621147156,-103.8699951171875 -34.65239715576172 955.8651733398438,0.69
