scene_id,im_id,obj_id,score,R,t,time
2,3,10,0.8155460357666016,-0.08166459202766418 -0.9958595633506775 0.03993043676018715 -0.920078456401825 0.05992797389626503 -0.3871229290962219 0.3831271529197693 -0.06835337728261948 -0.9211630821228027,333.6792907714844 -151.68325805664062 1013.4002075195312,0.69
2,8,10,0.004445208236575127,-0.10057754069566727 -0.9835062026977539 0.15033195912837982 -0.8690918684005737 0.013295435346662998 -0.4944721460342407 0.48431771993637085 -0.1803850680589676 -0.8560943007469177,161.355224609375 -55.96000289916992 1052.9881591796875,0.69
2,17,10,0.5892724990844727,0.12907537817955017 -0.9895521998405457 -0.06423358619213104 -0.5521384477615356 -0.017912063747644424 -0.8335599899291992 0.8237006068229675 0.1430579125881195 -0.5486817955970764,327.3069763183594 -23.336563110351562 1113.5880126953125,0.69
2,27,10,0.19622647762298584,0.04057043045759201 -0.9980220198631287 0.0480225645005703 -0.46904507279396057 -0.061460405588150024 -0.881033182144165 0.8822419047355652 0.01321913581341505 -0.47061076760292053,468.88702392578125 77.36665344238281 1183.9014892578125,0.69
2,36,10,0.08713150024414062,-0.0763200893998146 -0.9913644194602966 0.10663814842700958 -0.8922044038772583 0.020153939723968506 -0.45118197798728943 0.4451366364955902 -0.12957727909088135 -0.8860378265380859,325.68267822265625 -41.50275421142578 1014.7881469726562,0.69
2,38,10,0.014209285378456116,-0.9252203106880188 0.37276485562324524 0.07080759108066559 0.21999748051166534 0.6790735125541687 -0.7003287076950073 -0.3091414272785187 -0.6323808431625366 -0.7102999687194824,380.3632507324219 -321.2724609375 931.1104736328125,0.69
2,39,10,0.0862903892993927,-0.36811134219169617 -0.8895549774169922 0.270529180765152 -0.8406209945678711 0.19408288598060608 -0.5056561827659607 0.39730387926101685 -0.4135502874851227 -0.8192226886749268,-475.26641845703125 -400.3573303222656 945.3649291992188,0.69
2,41,10,0.041244685649871826,-0.38170021772384644 -0.9234334230422974 0.0396936759352684 -0.6459073424339294 0.23577401041984558 -0.7260952591896057 0.6611418724060059 -0.3027891516685486 -0.6864475011825562,381.1776428222656 -109.53848266601562 1142.310791015625,0.69
2,47,10,0.06786343455314636,0.6434251070022583 -0.7655031681060791 0.003010471584275365 -0.6730125546455383 -0.5675495862960815 -0.47428014874458313 0.3647715449333191 0.3031376600265503 -0.8803688883781433,455.7017822265625 -306.9237976074219 926.2367553710938,0.69
2,58,10,0.4856886863708496,-0.387776643037796 -0.8437592387199402 -0.3710787892341614 -0.32291027903556824 0.5014195442199707 -0.8026875853538513 0.8633412718772888 -0.19143836200237274 -0.4668973684310913,302.6833190917969 -126.97318267822266 1263.5445556640625,0.69
2,61,10,0.10592412948608398,0.2973858416080475 0.9368761777877808 -0.1839148849248886 0.9365156292915344 -0.3237157166004181 -0.13470928370952606 -0.18574203550815582 -0.13217850029468536 -0.9736676812171936,-389.80743408203125 168.73463439941406 671.613525390625,0.69
2,62,10,0.005368553102016449,-0.6752974390983582 0.7255179286003113 0.13265419006347656 0.6044658422470093 0.6474810242652893 -0.46410053968429565 -0.42260435223579407 -0.23322097957134247 -0.8757930994033813,280.0120544433594 -287.2900390625 763.1224365234375,0.69
2,64,10,0.11532878875732422,-0.45737117528915405 -0.8846238255500793 -0.09084194898605347 -0.13004766404628754 0.16759052872657776 -0.9772415161132812 0.8797154426574707 -0.43514835834503174 -0.19169433414936066,106.63125610351562 -134.1373748779297 1349.4725341796875,0.69
2,65,10,0.3191828727722168,-0.7539239525794983 -0.23119311034679413 -0.6149377822875977 0.5981833934783936 0.14541862905025482 -0.7880545854568481 0.2716161906719208 -0.9619787931442261 0.028661303222179413,59.912933349609375 123.73371124267578 1341.1048583984375,0.69
2,69,10,0.04822686314582825,-0.3277515172958374 -0.9264491200447083 0.18512439727783203 -0.09688868373632431 -0.16195422410964966 -0.9820302724838257 0.9397826790809631 -0.3397984206676483 -0.03668169304728508,-26.833696365356445 140.1490478515625 1686.9791259765625,0.69
2,72,10,0.8769793510437012,-0.14037418365478516 -0.8694586157798767 -0.4736420214176178 -0.09980915486812592 0.48836833238601685 -0.8669108748435974 0.9850549697875977 -0.07441812753677368 -0.1553342193365097,281.459716796875 -105.06234741210938 1296.379150390625,0.69
2,79,10,0.807246208190918,0.6756700873374939 -0.7367254495620728 -0.0265656765550375 -0.34233829379081726 -0.2816450297832489 -0.8963708281517029 0.65289705991745 0.6147453784942627 -0.44250836968421936,514.2124633789062 73.8049545288086 895.051025390625,0.69
2,89,10,0.19155502319335938,0.24953627586364746 -0.7341267466545105 -0.631497859954834 -0.5233602523803711 0.4464401304721832 -0.7257997393608093 0.8147550225257874 0.511614203453064 -0.2728097438812256,327.84674072265625 -224.25967407226562 1013.7916870117188,0.69
2,96,10,0.07419908046722412,0.5851240754127502 -0.8057459592819214 -0.09166879206895828 -0.11793290823698044 0.02729063294827938 -0.9926464557647705 0.8023226261138916 0.591632068157196 -0.07905556261539459,484.3206481933594 129.69277954101562 1031.9593505859375,0.69
2,102,10,0.016303472220897675,0.7650695443153381 -0.6241630911827087 0.15839509665966034 -0.3663393259048462 -0.6241649985313416 -0.6900822520256042 0.5295885801315308 0.4699345827102661 -0.7061851024627686,454.7055969238281 49.79115676879883 833.4517822265625,0.69
2,107,10,0.001530395820736885,-0.9652169346809387 0.14477360248565674 -0.217708021402359 0.23030060529708862 0.864975094795227 -0.4458469748497009 0.12376516312360764 -0.48047733306884766 -0.8682301044464111,61.35774612426758 -241.35479736328125 665.975830078125,0.69
2,110,10,0.9246940612792969,-0.7796021699905396 0.6050336360931396 -0.16172464191913605 0.47113704681396484 0.39645713567733765 -0.7879414558410645 -0.4126141667366028 -0.690475344657898 -0.5941325426101685,458.3082580566406 103.21747589111328 885.8192749023438,0.69
2,115,10,0.19298171997070312,-0.9944139122962952 0.027960291132330894 -0.10177971422672272 0.10429734736680984 0.11215108633041382 -0.9882024526596069 -0.016215726733207703 -0.9932976365089417 -0.11444079130887985,-276.1849365234375 -119.03528594970703 1734.34228515625,0.69
2,119,10,0.5447063446044922,-0.9863944053649902 0.15461106598377228 -0.055870551615953445 0.0950581505894661 0.2591323256492615 -0.9611527323722839 -0.1341269463300705 -0.9533866047859192 -0.2703036963939667,-253.26191711425784 181.1053466796875 469.6618347167969,0.69
2,124,10,0.005397040396928787,0.284527987241745 -0.9417755007743835 0.17917250096797943 -0.8592626452445984 -0.3334072232246399 -0.3879527151584625 0.42510172724723816 -0.04357283562421799 -0.904096245765686,381.841796875 -74.50450134277344 910.7242431640625,0.69
2,126,10,0.015665464103221893,-0.043059736490249634 -0.9947400093078613 0.09294334053993225 -0.9701681733131409 0.019417142495512962 -0.24165453016757965 0.23857873678207397 -0.1005762591958046 -0.9659009575843811,402.0442199707031 -177.16429138183594 917.3291625976562,0.69
2,136,10,0.3473273515701294,-0.3644069731235504 0.8158283233642578 0.4490341544151306 0.5656470060348511 0.5769582390785217 -0.5892050862312317 -0.7397640943527222 0.039284370839595795 -0.6717184782028198,228.00735473632812 125.77243041992186 1109.5296630859375,0.69
2,156,10,0.8849420547485352,-0.6862744688987732 0.7273426055908203 -9.951727406587452e-05 0.41703709959983826 0.3933776915073395 -0.8193497657775879 -0.5959088802337646 -0.5623403787612915 -0.573293924331665,334.42236328125 106.50735473632812 931.2827758789062,0.69
2,162,10,0.0035117100924253464,-0.7450681924819946 0.5295539498329163 -0.40551936626434326 0.4477171003818512 -0.05358104780316353 -0.8925684094429016 -0.4943913221359253 -0.8465823531150818 -0.19716881215572357,-104.02271270751953 -62.03622055053711 1407.2122802734375,0.69
2,166,10,0.5223703384399414,-0.5772866010665894 0.7760485410690308 0.2539461553096771 0.6326648592948914 0.6217198967933655 -0.46173518896102905 -0.5162123441696167 -0.10589072853326797 -0.84988933801651,-50.1100959777832 -496.10614013671875 1184.2501220703125,0.69
2,175,10,0.02813848853111267,-0.9124341011047363 0.3282800316810608 0.24432815611362457 0.24045559763908386 0.9132007956504822 -0.3290069103240967 -0.3311270475387573 -0.2414470613002777 -0.912172257900238,-421.8085632324219 0.18505887687206268 752.3548583984375,0.69
2,176,10,0.0014404095709323883,-0.041362691670656204 -0.7373282313346863 0.6742672324180603 -0.3832871913909912 -0.611504852771759 -0.6922085881233215 0.9227025508880615 -0.2870696187019348 -0.2573149800300598,-210.51748657226562 -80.49470520019531 1191.584716796875,0.69
2,217,10,0.6287956237792969,0.2758616805076599 -0.9222164154052734 -0.27095603942871094 -0.2845282256603241 0.1909133791923523 -0.9394657015800476 0.9181198477745056 0.3362572193145752 -0.20973090827465057,394.22882080078125 8.241950988769531 954.8743896484375,0.69
2,219,10,0.1029742956161499,0.44481077790260315 -0.8751886487007141 -0.19023200869560242 -0.11644930392503738 0.1540837436914444 -0.9811716079711914 0.8880219459533691 0.4585880935192108 -0.03337700292468071,425.1740417480469 14.786994934082031 849.86181640625,0.69
2,221,10,0.4222668409347534,0.5265573263168335 -0.8128910064697266 -0.24888873100280762 -0.31564101576805115 0.08490053564310074 -0.9450727701187134 0.7893719673156738 0.5761944651603699 -0.211876779794693,378.6130065917969 44.0500602722168 866.07861328125,0.69
2,224,10,0.057701557874679565,0.27014216780662537 -0.7635807991027832 0.5864876508712769 -0.21794936060905457 -0.6418200135231018 -0.7352313995361328 0.937828004360199 0.07079242914915085 -0.33980458974838257,370.2733154296875 166.99998474121094 959.4772338867188,0.69
2,243,10,0.005787871778011322,-0.8315240740776062 0.5508865714073181 -0.07135679572820663 0.5039358139038086 0.6940595507621765 -0.5141304135322571 -0.2337016463279724 -0.46347108483314514 -0.8547385931015015,244.61863708496094 -597.6681518554688 1411.2320556640625,0.69
2,248,10,0.03604328632354736,-0.9510006308555603 -0.2265724241733551 0.2103869765996933 -0.2529793679714203 0.1789882332086563 -0.9507704973220825 0.17776161432266235 -0.9574068784713745 -0.22753609716892242,224.28892517089844 -110.72773742675781 1695.1064453125,0.69
2,249,10,0.052097588777542114,-0.6733056306838989 0.7251694798469543 -0.1441826969385147 0.6340846419334412 0.46605244278907776 -0.6170346736907959 -0.3802580237388611 -0.5068769454956055 -0.7736145853996277,194.22763061523438 -186.06863403320312 1023.7765502929688,0.69
2,254,10,0.004337131977081299,-0.5701350569725037 -0.799338698387146 -0.1897464245557785 -0.6952056884765625 0.5924776196479797 -0.4070126712322235 0.43776148557662964 -0.10013938695192337 -0.8934970498085022,58.22730255126953 -508.0094299316407 1253.51953125,0.69
2,263,10,0.9074435234069824,0.7774344086647034 -0.6082186698913574 -0.16020537912845612 -0.4462580978870392 -0.35391172766685486 -0.8219490051269531 0.4432261884212494 0.7105043530464172 -0.5465656518936157,398.9541015625 82.84319305419922 765.9305419921875,0.69
2,266,10,0.009967423975467682,-0.8437293171882629 0.5315308570861816 -0.07480455935001373 0.5022438764572144 0.7325834631919861 -0.4594263434410095 -0.18939873576164246 -0.4252015948295593 -0.8850603103637695,327.9595642089844 -397.8288269042969 952.3864135742188,0.69
2,268,10,0.0031500523909926414,-0.7889657020568848 0.5946696400642395 -0.1546003818511963 0.5443242192268372 0.5597290992736816 -0.6248315572738647 -0.28503403067588806 -0.5771234631538391 -0.7653000950813293,-306.7086181640625 224.58872985839844 590.4859619140625,0.69
2,277,10,0.15822577476501465,0.3098473846912384 -0.9488409757614136 -0.06078941747546196 -0.5633503198623657 -0.1317075490951538 -0.8156527876853943 0.7659184336662292 0.28697362542152405 -0.5753390789031982,453.95263671875 -24.07499885559082 819.4512329101562,0.69
2,283,10,0.13171207904815674,0.018579130992293358 -0.7689999341964722 -0.6389787793159485 -0.43832170963287354 0.5681366920471191 -0.6964874267578125 0.8986260890960693 0.2930184304714203 -0.3265138864517212,335.14910888671875 -265.5960693359375 907.3610229492188,0.69
2,307,10,0.004132375121116638,-0.7892851233482361 -0.5731081366539001 -0.2203996330499649 -0.46802666783332825 0.7938686609268188 -0.38823142647743225 0.39746689796447754 -0.20327235758304596 -0.8948186635971069,-43.194297790527344 -340.94970703125 816.7507934570312,0.69
2,310,10,0.0531349778175354,-0.5442776083946228 0.8331011533737183 0.0985109806060791 0.7569494843482971 0.5383301377296448 -0.3704431354999542 -0.3616480529308319 -0.1270560622215271 -0.9236165285110474,9.704940795898438 -464.5798645019531 1225.0057373046875,0.69
2,322,10,0.29291868209838867,-0.9017012119293213 -0.4200272262096405 -0.10252807289361954 -0.008126743137836456 0.2535593509674072 -0.9672857522964478 0.4322832524776459 -0.8713695406913757 -0.23204824328422546,140.87033081054688 -143.07826232910156 1343.4268798828125,0.69
2,326,10,0.0051644593477249146,-0.9032722115516663 0.1483193337917328 -0.40261712670326233 0.3857368230819702 0.6916370391845703 -0.6106106042861938 0.18789955973625183 -0.7068518996238708 -0.6819488406181335,-428.0105895996094 230.5573272705078 884.0969848632812,0.69
2,338,10,0.14701110124588013,0.1573658138513565 -0.9870253205299377 -0.03189235180616379 -0.6430816054344177 -0.07791361957788467 -0.761823832988739 0.7494545578956604 0.1403944194316864 -0.6469987034797668,344.884033203125 -138.84544372558594 791.8936157226562,0.69
2,342,10,0.008761465549468994,0.5614076852798462 -0.8270606398582458 0.028143705800175667 -0.6862578392028809 -0.4842976927757263 -0.542684018611908 0.46246248483657837 0.2853531241416931 -0.839465320110321,342.9509582519531 -28.688617706298828 667.0396728515625,0.69
2,356,10,0.23091351985931396,0.5322335362434387 -0.8386662602424622 -0.11561255156993866 -0.17699146270751953 0.023316271603107452 -0.9839361310005188 0.8278897404670715 0.5441462397575378 -0.13602709770202637,380.6153259277344 16.948028564453125 692.4180297851562,0.69
2,362,10,0.14128363132476807,0.20009450614452362 -0.9793842434883118 0.02772562950849533 -0.07948137074708939 -0.044430192559957504 -0.9958456754684448 0.9765474796295166 0.19705957174301147 -0.08673303574323654,357.8397216796875 14.847209930419922 832.9082641601562,0.69
2,365,10,0.15100514888763428,-0.1314414143562317 -0.8872522115707397 -0.44216135144233704 -0.23537209630012512 0.4612085521221161 -0.8555037379264832 0.9629760980606079 -0.008376159705221653 -0.2694563567638397,213.09637451171875 -276.5251770019531 949.2573852539062,0.69
2,368,10,0.015361905097961426,-0.8999074101448059 -0.39444389939308167 -0.18595878779888153 -0.268684983253479 0.8373991847038269 -0.47599467635154724 0.3434748947620392 -0.37838682532310486 -0.8595629334449768,-107.88567352294922 -403.5716857910156 1072.204345703125,0.69
2,387,10,0.15216243267059326,0.30931222438812256 -0.8367170691490173 -0.4519186317920685 -0.6619353890419006 0.15176014602184296 -0.7340370416641235 0.6827646493911743 0.526187539100647 -0.5069113969802856,249.9932403564453 -216.960693359375 668.9697265625,0.69
2,402,10,0.9560966491699219,0.06696034967899323 -0.9975523948669434 0.02013416215777397 -0.957474410533905 -0.06991986930370331 -0.2799176275730133 0.28064030408859253 -0.0005345467361621559 -0.9598127603530884,435.494873046875 -132.76992797851562 1016.0942993164061,0.69
2,415,10,0.9241766929626465,0.2719491422176361 -0.951621949672699 -0.1430361568927765 -0.6526656746864319 -0.07316731661558151 -0.7541047930717468 0.7071570754051208 0.29843294620513916 -0.6409887671470642,552.4979248046875 -146.0021514892578 989.7188110351562,0.69
2,417,10,0.012014590203762054,-0.7161921262741089 0.6733468770980835 -0.1835017055273056 0.3266116976737976 0.09101475030183792 -0.9407662153244019 -0.6167606115341187 -0.7337031960487366 -0.28510698676109314,-452.4870910644531 30.2143497467041 1376.32568359375,0.69
2,425,10,0.9245967864990234,0.11894824355840683 -0.8000360131263733 -0.5880422592163086 -0.48893263936042786 0.4682678282260895 -0.7359824180603027 0.8641737103462219 0.3750568926334381 -0.33546409010887146,381.9715270996094 -347.0601806640625 1147.0301513671875,0.69
2,428,10,0.9434661865234375,0.7147148847579956 -0.6436358094215393 -0.2737071216106415 -0.4628012180328369 -0.14179442822933197 -0.8750482201576233 0.5244022011756897 0.7520819902420044 -0.39921802282333374,490.7972412109375 -55.87911605834961 896.32275390625,0.69
2,434,10,0.6006128787994385,-0.7882729768753052 0.36856135725975037 -0.49273550510406494 0.4835100769996643 -0.12427656352519989 -0.8664717674255371 -0.3805835247039795 -0.9212588667869568 -0.08023926615715027,44.082698822021484 -41.79573440551758 1597.9833984375,0.69
2,438,10,0.9444904327392578,0.4468754529953003 -0.8809088468551636 -0.15589052438735962 -0.4362761974334717 -0.06246645748615265 -0.8976418972015381 0.7810028195381165 0.4691454768180847 -0.4122343063354492,421.8548583984375 -95.00019836425781 1053.2213134765625,0.69
2,442,10,0.9502887725830078,0.677232563495636 -0.7085951566696167 -0.19811372458934784 -0.274400919675827 0.006592621095478535 -0.9615927934646606 0.6826860308647156 0.7055845260620117 -0.18997441232204437,482.5859069824219 30.582496643066406 945.5199584960938,0.69
2,446,10,0.9469475746154785,-0.2801700532436371 -0.9591156244277954 0.040024906396865845 -0.5972936153411865 0.14153319597244263 -0.7894356846809387 0.7514952421188354 -0.24508284032344818 -0.6125270128250122,253.20211791992188 -206.60842895507812 1135.2850341796875,0.69
2,453,10,0.9507761001586914,-0.1146637424826622 -0.9423651695251465 0.31432485580444336 -0.8895623683929443 -0.043440353125333786 -0.4547435939311981 0.44218888878822327 -0.3317541480064392 -0.8333115577697754,190.07815551757812 -141.66815185546875 1174.1993408203125,0.69
2,473,10,0.9362421035766602,-0.09339726716279984 -0.9501861929893494 -0.2973603308200836 -0.43743160367012024 0.3074573874473572 -0.8450583219528198 0.8943883776664734 0.051148682832717896 -0.4443571865558624,145.254638671875 -206.4668426513672 1243.3837890625,0.69
2,474,10,0.9483625888824463,0.005471449811011553 -0.9860404133796692 -0.1664164662361145 -0.6373297572135925 0.1248011365532875 -0.7604179978370667 0.770571768283844 0.11022274941205978 -0.627750039100647,344.4178771972656 -212.7755584716797 992.78955078125,0.69
2,476,10,0.9396743774414062,-0.27596551179885864 -0.956153154373169 -0.09805163741111755 -0.666161298751831 0.26380467414855957 -0.6975932121276855 0.6928724050521851 -0.12719348073005676 -0.7097532153129578,416.44036865234375 -354.0238037109375 1116.787353515625,0.69
2,477,10,0.8320033550262451,-0.5926129221916199 -0.8009061813354492 -0.0857861116528511 -0.4642888903617859 0.4266732633113861 -0.7761351466178894 0.6582139730453491 -0.42011821269989014 -0.6247039437294006,205.20849609375 -404.12884521484375 1249.9703369140625,0.69
2,480,10,0.8323087692260742,-0.6456295251846313 -0.7633150219917297 -0.022646192461252213 -0.34544017910957336 0.31837198138237 -0.8827855587005615 0.6810534000396729 -0.5621294975280762 -0.46922996640205383,172.15089416503906 -399.3243408203125 1371.7777099609375,0.69
2,491,10,0.9450011253356934,-0.5029533505439758 -0.8384662866592407 0.2097906768321991 -0.6573451161384583 0.2134777456521988 -0.7227203249931335 0.5611910223960876 -0.5013993978500366 -0.6585310697555542,62.837928771972656 -268.0150451660156 1317.7078857421875,0.69
2,494,10,0.8930788040161133,-0.0938960537314415 -0.9758979082107544 0.19699405133724213 -0.049194689840078354 -0.19307859241962433 -0.9799492359161377 0.9943658113479614 -0.1017044261097908 -0.029879683628678322,353.93609619140625 181.51792907714844 1226.4608154296875,0.69
2,499,10,0.9046123027801514,0.08226954936981201 -0.9901816844940186 0.11301364749670029 0.10066372901201248 -0.10456198453903198 -0.9894107580184937 0.9915132522583008 0.09277477115392685 0.09107310324907303,368.3946228027344 259.1461486816406 1255.584228515625,0.69
2,501,10,0.9190618991851807,-0.06669074296951294 -0.9976675510406494 -0.014552769251167774 -0.298394113779068 0.03386015072464943 -0.9538419842720032 0.9521098732948303 -0.059269990772008896 -0.2999563217163086,421.7899475097656 -136.22999572753906 1069.9244384765625,0.69
2,503,10,0.7995367050170898,-0.2935703694820404 -0.9324707388877869 0.21051092445850372 -0.23098903894424438 -0.14449268579483032 -0.9621673226356506 0.9276100993156433 -0.3310895264148712 -0.17297175526618958,268.4119873046875 20.480873107910156 1348.512939453125,0.69
2,521,10,0.9341764450073242,-0.023620428517460823 -0.960963249206543 0.275666207075119 -0.5862460732460022 -0.21004170179367065 -0.78243088722229 0.8097886443138123 -0.1800895780324936 -0.5583996176719666,322.25177001953125 -228.4518280029297 1215.342041015625,0.69
2,527,10,0.14368611574172974,-0.13875989615917206 -0.97415691614151 0.17822487652301788 -0.23333488404750824 -0.1427392065525055 -0.9618629813194275 0.9624451398849487 -0.17505408823490143 -0.20749829709529877,247.65524291992188 -84.00106811523438 1284.412109375,0.69
2,529,10,0.872187614440918,-0.2866044044494629 -0.9578827023506165 0.01784728653728962 -0.15267987549304962 0.027276204898953438 -0.9878991842269897 0.9458048343658447 -0.28586119413375854 -0.15406690537929535,290.9056396484375 -29.693744659423828 1290.770751953125,0.69
2,532,10,0.8802354335784912,-0.6234517097473145 -0.7770238518714905 -0.08684362471103668 -0.6620082259178162 0.583712100982666 -0.4701332151889801 0.41599637269973755 -0.2356141358613968 -0.8783125281333923,181.744873046875 -475.10955810546875 1092.6517333984375,0.69
2,535,10,0.9615302085876465,-0.7044664621353149 -0.7021292448043823 -0.10364149510860443 -0.6456652879714966 0.6946331262588501 -0.3171769082546234 0.2946920096874237 -0.15652279555797577 -0.9426862001419067,132.947265625 -387.4246826171875 1012.05908203125,0.69
2,540,10,0.9565639495849609,0.14449205994606018 -0.9328757524490356 0.3299468755722046 -0.6165531277656555 -0.34568366408348083 -0.7073648571968079 0.7739408016204834 -0.10122116655111313 -0.6251159906387329,345.2963562011719 -94.34783935546875 1065.5806884765625,0.69
2,543,10,0.8974123001098633,-0.39827537536621094 -0.8712924718856812 0.28675124049186707 -0.4164234399795532 -0.10679519176483154 -0.9028766751289368 0.8172932863235474 -0.4790034890174866 -0.3202926516532898,291.18511962890625 -47.42145538330078 1228.29736328125,0.69
2,549,10,0.7953858375549316,0.13341492414474487 -0.9764799475669861 0.16937386989593506 -0.9268175959587097 -0.18346081674098969 -0.32764506340026855 0.351012259721756 -0.11326596140861511 -0.9294951558113098,490.4148864746094 -213.31568908691406 881.3004760742188,0.69
2,560,10,0.8577232360839844,0.5261932611465454 -0.8503633141517639 -0.0016873206477612257 -0.3560110926628113 -0.21849200129508972 -0.9085798859596252 0.7722543478012085 0.4786892831325531 -0.41770780086517334,505.9364929199218 14.920215606689453 902.79541015625,0.69
2,563,10,0.9391617774963379,0.022933006286621094 -0.9812995791435242 -0.1911158263683319 -0.3592866063117981 0.1703047752380371 -0.9175562262535095 0.9329454302787781 0.08970768004655838 -0.34866222739219666,277.19195556640625 -164.02105712890625 1025.5625,0.69
2,571,10,0.9396219253540039,0.5679962635040283 -0.8223827481269836 0.03266338258981705 -0.2848246097564697 -0.23364481329917908 -0.9296693205833435 0.7721756100654602 0.5187453627586365 -0.36694422364234924,466.1026611328125 54.72412109375 898.493408203125,0.69
2,575,10,0.9429526329040527,-0.55434250831604 0.8276520371437073 -0.0877288207411766 0.1388484239578247 -0.011965317651629448 -0.9902413487434387 -0.8206250071525574 -0.5611138343811035 -0.1082853153347969,333.9872131347656 18.306163787841797 971.5116577148438,0.69
2,589,10,0.9716932773590088,0.2016194611787796 -0.9777750372886658 0.05749397724866867 -0.8560127019882202 -0.20443135499954224 -0.4748157560825348 0.4760165214538574 0.04651652276515961 -0.8782052993774414,358.3080139160156 -172.35179138183594 843.5104370117188,0.69
2,603,10,0.5623016357421875,0.44256049394607544 -0.8855020999908447 -0.1415148675441742 -0.5870123505592346 -0.16677366197109222 -0.7922140955924988 0.6779062151908875 0.433673620223999 -0.593608021736145,543.6103515625 -28.38798713684082 973.207275390625,0.69
2,607,10,0.035629600286483765,-0.8151212930679321 -0.5012112259864807 -0.2904558479785919 -0.2671458125114441 0.7701362371444702 -0.5792436599731445 0.5140140056610107 -0.39455974102020264 -0.7616509199142456,357.03125 -314.0640869140625 1128.9837646484375,0.69
2,611,10,0.05110669136047363,-0.43720537424087524 0.8605648279190063 -0.2613033056259155 0.3873136639595032 -0.08205801993608475 -0.9182889461517334 -0.8116891980171204 -0.5026872158050537 -0.2974323630332947,-338.17041015625 -103.30754089355469 1338.1904296875,0.69
2,615,10,0.9580478668212891,-0.15819157660007477 -0.6371880769729614 -0.7542986869812012 -0.8980851769447327 0.41034895181655884 -0.1582927703857422 0.4103880226612091 0.6523839235305786 -0.637162983417511,203.43617248535156 -347.9598083496094 995.2500610351562,0.69
2,625,10,0.44857263565063477,-0.6262845993041992 -0.5750369429588318 -0.52640300989151 -0.4656946361064911 0.817466676235199 -0.3389345705509186 0.6252168416976929 0.032873544842004776 -0.7797583937644958,13.281277656555176 -213.64031982421875 1239.5516357421875,0.69
2,642,10,0.9533300399780273,-0.34247544407844543 -0.6136357188224792 -0.7114503383636475 -0.8552119731903076 0.5171380639076233 -0.03435985743999481 0.3890025019645691 0.5966734886169434 -0.7018957734107971,224.46018981933594 -387.0225524902344 1044.183837890625,0.69
2,648,10,0.012699872255325317,-0.9217812418937683 -0.36726099252700806 0.12425268441438675 -0.3801550269126892 0.7931878566741943 -0.47574689984321594 0.07616754621267319 -0.4857698380947113 -0.8707618117332458,-386.3241882324219 -0.5693162679672241 673.093017578125,0.69
2,649,10,0.9081416130065918,-0.3534512519836426 -0.5346118211746216 -0.7676342725753784 -0.7381467223167419 0.6634804606437683 -0.12220095843076706 0.5746403932571411 0.5234346389770508 -0.629129946231842,246.246826171875 -311.569091796875 999.3041381835938,0.69
2,650,10,0.14028078317642212,-0.8194722533226013 -0.5491065382957458 0.1641559600830078 -0.4861827492713928 0.5143791437149048 -0.7064279317855835 0.3034657835960388 -0.658707857131958 -0.6884856224060059,212.2095947265625 -97.706298828125 1391.0667724609375,0.69
2,652,10,0.8928165435791016,0.4271300137042999 -0.4095085561275482 -0.806140661239624 -0.8431212306022644 0.14171506464481354 -0.5187132954597473 0.32665976881980896 0.9012323617935181 -0.2847345769405365,417.6884765625 -183.94493103027344 738.5831298828125,0.69
2,667,10,0.08678793907165527,-0.6774203777313232 -0.721709668636322 -0.142256498336792 -0.31058138608932495 0.4559255838394165 -0.834069013595581 0.6668140292167664 -0.5208330750465393 -0.5330027937889099,396.64178466796875 -7.054574966430664 739.4793090820312,0.69
2,669,10,0.10392886400222778,0.3341996371746063 -0.9303060173988342 -0.15113335847854614 -0.6422014832496643 -0.1074024885892868 -0.7589742541313171 0.6898462772369385 0.35070696473121643 -0.6333377957344055,413.2544250488281 -42.98771286010742 769.992919921875,0.69
2,679,10,0.05665779113769531,-0.33247214555740356 -0.53989177942276 -0.7732911109924316 -0.6904618740081787 0.6978684067726135 -0.19037345051765442 0.6424364447593689 0.4706341624259949 -0.6047965288162231,76.94625854492188 -307.7682189941406 1002.2734375,0.69
2,691,10,0.7788577079772949,0.3047316074371338 -0.6574715971946716 -0.6891078948974609 -0.9168027639389038 -0.006427529267966747 -0.39928850531578064 0.25809159874916077 0.7534518837928772 -0.604730486869812,445.4808654785156 -357.6064147949219 841.3341674804688,0.69
2,695,10,0.9498457908630371,0.045908596366643906 -0.7158516049385071 -0.6967414617538452 -0.9537084698677063 0.17610588669776917 -0.2437763512134552 0.2972080111503601 0.6756796836853027 -0.6746289730072021,331.92828369140625 -333.66595458984375 896.0253295898438,0.69
2,703,10,0.6133525371551514,0.36213234066963196 -0.3660435676574707 -0.8572468161582947 -0.5974224805831909 0.6147960424423218 -0.5148903727531433 0.7155044078826904 0.6985969543457031 0.003954840358346701,557.8223876953125 -22.065628051757812 1186.3358154296875,0.69
2,708,10,0.9204721450805664,0.14314408600330353 -0.494598925113678 -0.8572524189949036 -0.8986209630966187 0.29800188541412354 -0.32198646664619446 0.4147169888019562 0.8164354562759399 -0.4017997086048126,453.8810119628906 -168.06710815429688 1163.541015625,0.69
2,711,10,0.07873803377151489,-0.15223725140094757 -0.9866651892662048 0.057580556720495224 -0.2129894196987152 -0.02413913607597351 -0.97675621509552 0.9651214480400085 -0.16096273064613342 -0.20647436380386353,33.708656311035156 55.71798324584961 1560.468017578125,0.69
2,727,10,0.06098735332489014,-0.692510724067688 -0.6445654630661011 0.32398197054862976 -0.21406669914722443 -0.24526603519916534 -0.9455263018608093 0.6889153718948364 -0.7241408824920654 0.03186934068799019,-72.37975311279297 181.38819885253906 1285.3741455078125,0.69
2,736,10,0.039190828800201416,-0.9736546277999878 -0.0019391380483284593 -0.2280195653438568 0.18933190405368805 0.5504189729690552 -0.8131373524665833 0.12708307802677155 -0.834886372089386 -0.5355508327484131,-274.87847900390625 -45.79108428955078 764.2052612304688,0.69
2,737,10,0.01680222898721695,-0.8622328639030457 -0.46905601024627686 -0.19115659594535828 0.06552677601575851 0.2709292769432068 -0.9603663682937622 0.5022554993629456 -0.8405853509902954 -0.20286840200424194,-108.46007537841797 62.29536819458008 1345.4967041015625,0.69
2,739,10,0.023250579833984375,0.11437750607728958 -0.9857084155082703 -0.12367881834506989 -0.429084450006485 0.06326686590909958 -0.9010459184646606 0.8959934711456299 0.15612804889678955 -0.41571587324142456,-168.09324645996094 -31.140186309814453 1331.157958984375,0.69
2,740,10,0.11927711963653564,-0.7802518606185913 -0.5214414000511169 -0.34540677070617676 0.22302506864070892 0.28399285674095154 -0.9325276613235474 0.5843515992164612 -0.8046408295631409 -0.10529142618179321,381.69415283203125 130.8641815185547 1106.2176513671875,0.69
2,750,10,0.4804725646972656,0.0570533350110054 -0.45483148097991943 -0.8887481093406677 -0.7284451723098755 0.5897868871688843 -0.34859582781791687 0.6827243566513062 0.6672928929328918 -0.29767048358917236,395.1752014160156 -209.54324340820312 1145.863037109375,0.69
2,754,10,0.8970975875854492,-0.011156733147799969 -0.385506272315979 -0.9226378202438354 -0.9258131980895996 0.35261377692222595 -0.1361376792192459 0.37781673669815063 0.8526713848114014 -0.3608407974243164,433.23980712890625 -405.0535583496094 1092.4404296875,0.69
2,756,10,0.07671314477920532,0.06656049191951752 -0.456842303276062 -0.8870540261268616 -0.670312225818634 0.6380553245544434 -0.3789024353027344 0.7390881776809692 0.6198230981826782 -0.2637576758861542,407.4874267578125 -248.56063842773438 1212.2232666015625,0.69
2,757,10,0.8002123832702637,0.1807623952627182 -0.4444560408592224 -0.8773732781410217 -0.6670822501182556 0.6001111268997192 -0.4414385259151459 0.7227213978767395 0.6650756597518921 -0.18801121413707733,481.8913879394531 -253.13055419921875 1204.64404296875,0.69
2,758,10,0.9279122352600098,0.17853181064128876 -0.4990033805370331 -0.8480105996131897 -0.7220309376716614 0.5190550088882446 -0.4574420154094696 0.6684293150901794 0.6939578652381897 -0.2676280438899994,467.6810302734375 -293.8354187011719 1234.6832275390625,0.69
2,761,10,0.03024163842201233,0.2605745792388916 -0.94524747133255 0.19648952782154083 -0.3069976270198822 -0.2740810513496399 -0.9113901257514954 0.9153432846069336 0.17716330289840698 -0.36160731315612793,-79.25374603271484 -50.79078674316406 1423.3289794921875,0.69
2,762,10,0.15850985050201416,-0.6274971961975098 -0.7719610333442688 -0.10160410404205322 -0.14141963422298431 0.24131931364536285 -0.9600861668586731 0.7656682133674622 -0.588082492351532 -0.2605976462364197,-471.4150695800781 -87.26007080078125 1127.2481689453125,0.69
2,764,10,0.944561243057251,-0.17809799313545227 -0.5259027481079102 -0.8316894769668579 -0.7135845422744751 0.6509986519813538 -0.2588394284248352 0.677553117275238 0.5473819375038147 -0.4912176728248596,301.9284973144531 -138.49542236328125 1301.0963134765625,0.69
2,768,10,0.5128383636474609,-0.25052767992019653 -0.5032413601875305 -0.8270333409309387 -0.8719053268432617 0.48855075240135193 -0.03315766900777817 0.4207340180873871 0.7127878665924072 -0.561174213886261,264.64208984375 -383.3187561035156 1211.446044921875,0.69
2,769,10,0.7390472888946533,-0.1339724361896515 -0.4653434455394745 -0.8749324083328247 -0.9092901945114136 0.4087555408477783 -0.07816824316978455 0.394008606672287 0.7850950956344604 -0.4778941869735718,326.90997314453125 -381.9791259765625 1199.455078125,0.69
2,770,10,0.9227766990661621,-0.3232228755950928 -0.5428549647331238 -0.7751358151435852 -0.8447932004928589 0.5346342325210571 -0.022154012694954872 0.4264405369758606 0.647668719291687 -0.6314061284065247,176.6262664794922 -354.18060302734375 1035.606201171875,0.69
2,773,10,0.9423079490661621,-0.33706629276275635 0.6637519598007202 -0.6676972508430481 0.8929682970046997 0.0006721193785779178 -0.4501192271709442 -0.2983187437057495 -0.7479525208473206 -0.5929359197616577,397.59722900390625 -131.05844116210938 1163.8392333984375,0.69
2,775,10,0.5470824241638184,0.05005868524312973 -0.6196740865707397 -0.783261239528656 -0.9810698628425598 0.11638490855693817 -0.15477825701236725 0.18707184493541718 0.7761819958686829 -0.6021175980567932,453.7003173828125 -291.867431640625 1122.5120849609375,0.69
2,785,10,0.9188210964202881,-0.25284522771835327 -0.5589934587478638 -0.7896806597709656 -0.5956001877784729 0.7331437468528748 -0.32826921343803406 0.7624498009681702 0.3873326778411865 -0.5183085203170776,437.0264892578125 -131.75936889648438 1382.697998046875,0.69
2,788,10,0.5109095573425293,-0.7947858572006226 -0.4408664107322693 -0.4170757532119751 0.13555367290973663 0.5409144759178162 -0.8300822377204895 0.5915577411651611 -0.7162737846374512 -0.3701501786708832,-412.06549072265625 -42.07352066040039 1277.40185546875,0.69
2,791,10,0.10040116310119629,-0.034638337790966034 -0.5334770679473877 -0.845104992389679 -0.5588645339012146 0.711379885673523 -0.4261561632156372 0.8285353183746338 0.45753782987594604 -0.32278239727020264,346.4683532714844 -163.85174560546875 1276.147216796875,0.69
2,794,10,0.9345111846923828,-0.14039230346679688 -0.6682559847831726 -0.7305640578269958 -0.6554635763168335 0.6157553791999817 -0.4372788667678833 0.742063045501709 0.41746750473976135 -0.5244647860527039,195.2064208984375 -108.68583679199219 1326.3780517578125,0.69
2,801,10,0.02065134048461914,-0.04005507379770279 -0.549703061580658 -0.8343992233276367 -0.36873218417167664 0.7842605113983154 -0.49897077679634094 0.928672194480896 0.28768351674079895 -0.2341068685054779,328.77044677734375 20.36444664001465 1390.512451171875,0.69
2,803,10,0.9043483734130859,0.1745242178440094 -0.5609727501869202 -0.8092285394668579 -0.3211064338684082 0.7444874048233032 -0.5853452086448669 0.9308232665061951 0.36200541257858276 -0.05020085722208023,427.0892639160156 140.9303741455078 1307.0107421875,0.69
2,804,10,0.2673063278198242,-0.9487541913986206 -0.31169790029525757 -0.052056942135095596 0.020762721076607704 0.10289017856121063 -0.9944760203361511 0.31533223390579224 -0.944594144821167 -0.09114579111337662,-169.75344848632812 118.25325012207031 294.68719482421875,0.69
2,808,10,0.04281134903430939,-0.44900229573249817 -0.4522399604320526 -0.7706335186958313 -0.46229445934295654 0.855630099773407 -0.23276802897453308 0.764644205570221 0.25174620747566223 -0.5932479500770569,158.6516876220703 -277.941650390625 1386.34912109375,0.69
2,809,10,0.9440517425537109,-0.46674707531929016 0.4409918487071991 -0.7665985822677612 0.7524442076683044 -0.25747746229171753 -0.6062450408935547 -0.46473097801208496 -0.8597857356071472 -0.21164490282535553,344.53753662109375 -88.64680480957031 1047.1368408203125,0.69
2,819,10,0.8540852069854736,0.21787109971046448 -0.571096658706665 -0.791442334651947 -0.9531497955322266 0.049855783581733704 -0.29836198687553406 0.2098514586687088 0.819367527961731 -0.5334784984588623,395.3040466308594 -139.07687377929688 1001.9580078125001,0.69
2,821,10,0.9521942138671875,0.19891852140426636 -0.5254226922988892 -0.8272620439529419 -0.8152858018875122 0.37969520688056946 -0.4371963441371918 0.5438202619552612 0.7614214420318604 -0.3528412878513336,457.3289794921875 -157.16085815429688 1152.7642822265625,0.69
2,828,10,0.25670790672302246,-0.38296449184417725 0.3066038489341736 -0.8713967800140381 0.6877427697181702 -0.5351423025131226 -0.4905432164669037 -0.6167237162590027 -0.7871574759483337 -0.005924043245613575,463.6195068359375 -81.15782928466797 1031.4097900390625,0.69
2,837,10,0.7772958278656006,-0.3397364020347595 -0.5231719017028809 -0.7815818786621094 -0.8034038543701172 0.5934927463531494 -0.04804769530892372 0.4890004098415375 0.6116023659706116 -0.6219493746757507,182.48255920410156 -370.8179931640625 1164.3839111328125,0.69
2,840,10,0.04272274672985077,0.04471387341618538 -0.43240639567375183 -0.9005694389343262 -0.7084994316101074 0.6218097805976868 -0.3337380588054657 0.7042933702468872 0.6529756784439087 -0.2785561680793762,369.276123046875 -289.1422119140625 1129.4659423828125,0.69
2,844,10,0.2407550811767578,-0.2739647626876831 -0.49732476472854614 -0.8231715559959412 -0.6970363259315491 0.6924015283584595 -0.18633422255516052 0.6626338362693787 0.5227314233779907 -0.5363471508026123,356.3048400878906 -397.93853759765625 1140.2755126953125,0.69
2,850,10,0.03542889654636383,-0.041216105222702026 -0.49829480051994324 -0.8660274147987366 -0.4744402766227722 0.7725736498832703 -0.42194369435310364 0.879322350025177 0.3934873938560486 -0.2682535648345947,290.1221923828125 -242.74432373046875 1200.660400390625,0.69
2,856,10,0.9345602989196777,0.5508499145507812 -0.4097491204738617 -0.7270970344543457 -0.5540021061897278 0.4720624089241028 -0.6857395768165588 0.6242162585258484 0.780552864074707 0.03303363919258118,508.016357421875 -36.664581298828125 1026.1630859375,0.69
2,867,10,0.007679704576730728,-0.9998177886009216 0.006097627803683281 -0.018089324235916138 0.01908615604043007 0.3018867075443268 -0.9531527161598206 -0.00035104184644296765 -0.9533243179321289 -0.30194807052612305,-179.908203125 289.8438720703125 1063.4447021484375,0.69
2,871,10,0.08231580257415771,-0.20526829361915588 -0.9522892832756042 0.22585441172122955 -0.5418501496315002 -0.08159669488668442 -0.8365048766136169 0.8150235414505005 -0.29408717155456543 -0.4992488622665405,-161.604248046875 -178.75953674316406 1326.29248046875,0.69
2,877,10,0.012483000755310059,-0.24932490289211273 0.8921421766281128 0.3767220377922058 0.14522574841976166 0.4190521538257599 -0.8962727189064026 -0.9574688673019409 -0.16875338554382324 -0.23404215276241302,-102.4021987915039 12.51164722442627 1424.02392578125,0.69
2,883,10,0.12974131107330322,-0.6398565173149109 0.7513040900230408 -0.1616346687078476 0.2455603927373886 0.0005827193381264806 -0.9693810343742371 -0.7282058596611023 -0.6599558591842651 -0.1848633736371994,-747.5728149414062 160.9003448486328 1364.0958251953125,0.69
2,886,10,0.03790408372879028,-0.6707419157028198 0.7271605134010315 -0.146092027425766 0.1740082949399948 -0.03719395771622658 -0.9840414524078369 -0.7209899425506592 -0.6854590773582458 -0.10158441960811615,-741.1959838867188 23.822111129760742 1394.956298828125,0.69
2,894,10,0.8793625831604004,-0.45095255970954895 -0.4878184497356415 -0.7474455833435059 -0.7185676693916321 0.6951645016670227 -0.02016758732497692 0.5294358134269714 0.5279956459999084 -0.6640167832374573,197.94769287109375 -382.1766662597656 1045.9451904296875,0.69
2,902,10,0.048193931579589844,-0.8753266930580139 0.4762023687362671 -0.08387061208486557 0.30926722288131714 0.41803762316703796 -0.854165256023407 -0.3716944456100464 -0.7736120820045471 -0.5131933689117432,-103.35990142822266 -463.9538879394531 1612.4766845703125,0.69
