scene_id,im_id,obj_id,score,R,t,time
2,3,8,0.9572007656097412,0.4265631437301636 0.9037065505981445 -0.03685512766242027 0.7789463400840759 -0.3877728581428528 -0.4928232431411743 -0.45965903997421265 0.18151205778121948 -0.8693485856056213,104.92693328857422 -87.49545288085938 1042.6927490234375,0.69
2,8,8,0.9624204635620117,0.4615231156349182 0.8782224655151367 0.125386580824852 0.855267345905304 -0.40294206142425537 -0.32581520080566406 -0.23561471700668335 0.2576103210449219 -0.9370819330215454,-71.76174926757812 23.757225036621094 1027.850830078125,0.69
2,17,8,0.8708438873291016,0.2893454134464264 0.955091655254364 -0.0638682097196579 0.47981706261634827 -0.2024482637643814 -0.8536921739578247 -0.8282842040061951 0.21636684238910675 -0.516846776008606,56.675193786621094 -32.66728210449219 1081.3907470703125,0.69
2,27,8,0.9235210418701172,0.3693723976612091 0.9277555346488953 0.05323175713419914 0.475687712430954 -0.1395578384399414 -0.868472695350647 -0.7983015179634094 0.3461114764213562 -0.4928706884384155,215.97711181640625 44.186737060546875 1105.8094482421875,0.69
2,36,8,0.958554744720459,0.41536587476730347 0.9069725871086121 0.06980017572641373 0.792948305606842 -0.3234063982963562 -0.5163732767105103 -0.4457625448703766 0.26983174681663513 -0.8535143136978149,108.93097686767578 14.56735610961914 1035.941162109375,0.69
2,38,8,0.9624552726745605,0.6512812972068787 0.750615656375885 0.11139490455389023 0.7263233065605164 -0.5741137862205505 -0.37795203924179077 -0.21974337100982666 0.3270617723464966 -0.9190992116928101,129.9553680419922 16.98114585876465 1016.617919921875,0.69
2,39,8,0.9487795829772949,0.7011383175849915 0.7081633806228638 0.08312439918518066 0.6494635343551636 -0.5861662030220032 -0.4843617379665375 -0.2942825257778168 0.3935908079147339 -0.8709099292755127,165.82717895507812 51.607303619384766 1015.4994506835938,0.69
2,41,8,0.9429788589477539,0.7290120720863342 0.682217538356781 0.05586237832903862 0.560693621635437 -0.5483494400978088 -0.6204317808151245 -0.39263731241226196 0.4836239218711853 -0.7822683453559875,211.5448455810547 -14.310616493225098 1038.5672607421875,0.69
2,47,8,0.9565639495849609,0.7713314890861511 0.6349835991859436 0.04293689876794815 0.4687013030052185 -0.5211131572723389 -0.7132742404937744 -0.4305424690246582 0.5702954530715942 -0.6995686888694763,187.20591735839844 -100.44590759277344 1034.7623291015625,0.69
2,58,8,0.9322261810302734,0.7822988033294678 0.5404351353645325 -0.30973947048187256 0.0709858313202858 -0.5713593363761902 -0.8176243901252747 -0.6188454031944275 0.617639422416687 -0.48533695936203003,102.49250793457031 -44.451725006103516 1107.3077392578125,0.69
2,61,8,0.883716344833374,0.8551680445671082 0.47028034925460815 -0.21799978613853455 0.07458791136741638 -0.5278297662734985 -0.8460686802864075 -0.5129563212394714 0.7072707414627075 -0.486460417509079,219.6568145751953 -137.45327758789062 1080.56298828125,0.69
2,62,8,0.9424381256103516,0.9578664302825928 0.24431702494621277 -0.15100041031837463 0.05113990977406502 -0.6624204516410828 -0.7473846673965454 -0.28262457251548767 0.7081725597381592 -0.6470046639442444,-21.44200325012207 -165.66331481933594 1131.5770263671875,0.69
2,64,8,0.9424381256103516,0.9538783431053162 0.2685711085796356 -0.1341109424829483 0.017133424058556557 -0.494727224111557 -0.8688793182373047 -0.29970425367355347 0.8265073895454407 -0.4765110909938812,-8.553516387939453 -106.86389923095703 1152.179443359375,0.69
2,65,8,0.913698673248291,0.79183030128479 0.3519003987312317 -0.4991702139377594 -0.38696518540382385 -0.3432537615299225 -0.8558240532875061 -0.4725068509578705 0.8708289861679077 -0.13562551140785217,221.66046142578125 -12.619625091552734 1176.3822021484375,0.69
2,69,8,0.9076149463653564,0.7548961639404297 0.6423851251602173 -0.13218623399734497 -0.029412079602479935 -0.16818904876708984 -0.9853159189224243 -0.6551845073699951 0.7476990818977356 -0.10807138681411743,115.96147155761719 93.8766098022461 1158.556396484375,0.69
2,72,8,0.9059419631958008,0.6055058240890503 0.6379721164703369 -0.4757670760154724 -0.08526373654603958 -0.5423725843429565 -0.835800290107727 -0.7912602424621582 0.5466476678848267 -0.27401384711265564,44.30904769897461 -18.17500877380371 1155.680419921875,0.69
2,79,8,0.879908561706543,-0.24822849035263062 0.9578109979629517 -0.14484788477420807 0.5889926552772522 0.030518656596541405 -0.807561993598938 -0.769071102142334 -0.28577423095703125 -0.5717191696166992,287.5712585449219 -28.81399154663086 1088.73486328125,0.69
2,89,8,0.8523261547088623,0.1243218258023262 0.7639365792274475 -0.6332021951675415 0.15799245238304138 -0.6452521085739136 -0.7474544048309326 -0.9795828461647034 -0.007116270717233419 -0.20091512799263,48.28544998168945 -113.23767852783203 1106.0921630859375,0.69
2,96,8,0.7458713054656982,-0.08110426366329193 0.9936420917510986 -0.07808469980955124 0.10774503648281097 -0.06914316862821579 -0.9917711615562439 -0.9908647537231445 -0.08885011076927185 -0.10145220905542374,203.58590698242188 68.2468490600586 1173.795166015625,0.69
2,97,8,0.9078478813171387,-0.21739307045936584 0.9666724801063538 -0.13522027432918549 0.7771922945976257 0.087615966796875 -0.623133659362793 -0.590518593788147 -0.24055708944797516 -0.7703376412391663,336.12158203125 -149.590576171875 941.2178344726562,0.69
2,102,8,0.9157276153564453,-0.3620360195636749 0.9231448769569397 -0.12935800850391388 0.8170871734619141 0.24747906625270844 -0.520694375038147 -0.4486629068851471 -0.2942069172859192 -0.8438861966133118,249.9800262451172 -124.40479278564453 955.764404296875,0.69
2,107,8,0.9429259300231934,-0.44007408618927 0.8974276781082153 -0.03095715306699276 0.8349087238311768 0.39623937010765076 -0.38199710845947266 -0.33054831624031067 -0.19395343959331512 -0.9236449003219604,114.3238296508789 -28.443218231201172 989.5000610351562,0.69
2,110,8,0.9283256530761719,-0.20346030592918396 0.9708642959594727 -0.1265949308872223 0.6802606582641602 0.04718289524316788 -0.7314500212669373 -0.7041656374931335 -0.2349385917186737 -0.6700407266616821,230.3128204345703 -33.254066467285156 1025.561767578125,0.69
2,115,8,0.8805441856384277,-0.09705474227666855 0.9801868796348572 -0.1726674735546112 0.31203389167785645 -0.13477331399917603 -0.9404632449150085 -0.9451006054878235 -0.14515452086925507 -0.2927711308002472,170.7598419189453 -96.41964721679688 1053.5875244140625,0.69
2,119,8,0.9284563064575195,0.39523401856422424 0.8865216374397278 -0.2405606210231781 0.6494225263595581 -0.4548836350440979 -0.6093695163726807 -0.6496463418006897 0.08461809158325195 -0.7555127143859863,309.0015869140625 -138.24107360839844 873.2601928710938,0.69
2,124,8,0.9594922065734863,0.41207027435302734 0.9089847207069397 -0.06280649453401566 0.8961057066917419 -0.41677677631378174 -0.15261588990688324 -0.16490182280540466 0.006607217248529196 -0.9862877726554871,174.66847229003906 -53.709449768066406 919.4108276367188,0.69
2,126,8,0.9531698226928711,0.580591082572937 0.8138967752456665 -0.022047048434615135 0.7707504630088806 -0.5581367015838623 -0.3072899878025055 -0.2624075412750244 0.16141705214977264 -0.9513605237007141,238.22459411621094 -126.3951187133789 946.6656494140625,0.69
2,136,8,0.9351816177368164,0.20498883724212646 0.8682704567909241 0.4517587721347809 0.7930057048797607 0.1232033520936966 -0.5966262221336365 -0.5736911296844482 0.48054900765419006 -0.6632881760597229,65.41030883789062 14.278829574584961 1052.271484375,0.69
2,153,8,0.8891417980194092,-0.229305699467659 0.956957221031189 -0.17790965735912323 0.5926249027252197 -0.007736552972346544 -0.8054414391517639 -0.772149384021759 -0.2901259958744049 -0.5653426051139832,402.0877685546875 -139.17396545410156 932.5353393554688,0.69
2,156,8,0.9010686874389648,-0.1395879089832306 0.9895200729370117 0.03695034235715866 0.5817475318908691 0.11214745044708252 -0.8056008815765381 -0.8013021349906921 -0.09095636755228043 -0.5913051962852478,116.94522857666016 -11.170297622680664 981.8450317382812,0.69
2,162,8,0.9478039741516113,0.9561544060707092 0.2916886806488037 0.02620122581720352 0.2692476511001587 -0.8403318524360657 -0.47047650814056396 -0.11521494388580322 0.45690280199050903 -0.8820233941078186,147.49563598632812 -135.9503173828125 1081.6864013671875,0.69
2,166,8,0.9351210594177246,0.9954560399055481 -0.0923023670911789 0.023398887366056442 -0.06018615886569023 -0.8003177046775818 -0.5965476036071777 0.07378929853439331 0.5924286246299744 -0.8022364974021912,21.11499786376953 -160.80709838867188 1035.959228515625,0.69
2,175,8,0.9405422210693359,0.9889413714408875 0.14145825803279877 0.0445474237203598 0.14811928570270538 -0.9571809768676758 -0.24872739613056183 0.007455387618392706 0.252575159072876 -0.9675486087799072,90.7745590209961 -99.3291244506836 938.2260131835938,0.69
2,176,8,0.9590041637420654,0.9863230586051941 0.15603359043598175 0.05310775712132454 0.16482214629650116 -0.9351952075958252 -0.31343841552734375 0.0007592058391310275 0.31790485978126526 -0.9481223225593567,59.51137924194336 -190.37977600097656 976.6226196289062,0.69
2,178,8,0.95607590675354,-0.5428627133369446 0.7749230861663818 -0.3237193822860718 0.8190667033195496 0.4033678472042084 -0.4079511761665344 -0.18555277585983276 -0.48660925030708313 -0.853687047958374,367.2645568847656 152.3296356201172 871.9749755859375,0.69
2,203,8,0.9415433406829834,0.45821070671081543 0.8780480027198792 -0.13811148703098297 0.8369942307472229 -0.47853487730026245 -0.26541492342948914 -0.2991381883621216 0.006017432082444429 -0.9541908502578735,310.17510986328125 -92.26461791992188 845.2625732421875,0.69
2,207,8,0.9371309280395508,-0.004624048713594675 0.870384931564331 -0.4923502206802368 0.7371513843536377 -0.32972708344459534 -0.5898202061653137 -0.6757118105888367 -0.365664005279541 -0.6400808095932007,279.4046630859375 -147.23826599121094 807.1835327148438,0.69
2,217,8,0.8379745483398438,0.38904717564582825 0.883316695690155 -0.2615222632884979 0.19793906807899475 -0.3574109375476837 -0.9127308130264282 -0.8997012376785278 0.30332985520362854 -0.3138926029205322,157.44679260253906 -3.986467599868774 960.9979858398438,0.69
2,219,8,0.7552313804626465,0.23666489124298096 0.9450702667236328 -0.2254592329263687 0.06698133796453476 -0.2473696917295456 -0.96660315990448 -0.9692797660827637 0.21365945041179657 -0.1218457892537117,199.43370056152344 -36.790401458740234 942.1033325195312,0.69
2,221,8,0.7665836811065674,0.1270742416381836 0.9788588285446167 -0.1602734625339508 0.22642767429351807 -0.18594402074813843 -0.9561147689819336 -0.9657031297683716 0.08520721644163132 -0.24526941776275635,134.12481689453125 -3.521289110183716 944.6846313476562,0.69
2,224,8,0.9162909984588623,0.17026959359645844 0.8373411893844604 0.5194882154464722 0.5882673859596252 0.33656102418899536 -0.7353014945983887 -0.7905376553535461 0.4307974576950073 -0.4352743625640869,233.14364624023438 -13.408259391784668 883.6419677734375,0.69
2,243,8,0.9130005836486816,0.96356201171875 0.2557501494884491 -0.07835838943719864 0.12346035242080688 -0.6851047873497009 -0.7179059386253357 -0.23728826642036438 0.6820726990699768 -0.6917160153388977,106.9410629272461 -263.9048156738281 982.0313110351562,0.69
2,248,8,0.9156088829040527,0.8114270567893982 0.4958842098712921 0.3093298673629761 0.39997991919517517 -0.08525270968675613 -0.9125503301620483 -0.42614808678627014 0.8641937375068665 -0.26752009987831116,240.0392303466797 2.8569421768188477 1030.8914794921875,0.69
2,249,8,0.9498014450073242,0.9487488865852356 0.30645814538002014 -0.07719382643699646 0.18661507964134216 -0.740391194820404 -0.6457520127296448 -0.25504961609840393 0.5982510447502136 -0.7596350312232971,69.12997436523438 -91.77814483642578 959.476318359375,0.69
2,254,8,0.9453649520874023,0.9933055639266968 -0.07375356554985046 0.08890663832426071 -0.013884380459785461 -0.8402938842773438 -0.5419532656669617 0.11467869579792023 0.5370907783508301 -0.8356927037239075,27.07232666015625 -256.5132141113281 938.4498291015625,0.69
2,258,8,0.9356088638305664,-0.13048815727233887 0.9633378982543945 -0.2344205677509308 0.3569909632205963 -0.1749303638935089 -0.917582094669342 -0.9249488711357117 -0.20341962575912476 -0.32107654213905334,270.022216796875 2.6042563915252686 870.71484375,0.69
2,263,8,0.9297552108764648,-0.29640793800354004 0.9519509077072144 -0.07701796293258667 0.4197179675102234 0.05739998444914818 -0.9058377742767334 -0.8578922748565674 -0.3008233308792114 -0.4165647327899933,189.48707580566406 -23.082719802856445 861.8961181640625,0.69
2,266,8,0.9555878639221191,0.8429726362228394 0.5363388657569885 -0.04168767109513283 0.4616084694862366 -0.7609547972679138 -0.4559226930141449 -0.27625149488449097 0.36508694291114807 -0.8890425562858582,190.0211944580078 -190.4697723388672 810.5393676757812,0.69
2,268,8,0.9590423107147217,0.7340895533561707 0.673238217830658 -0.08867307007312775 0.6279244422912598 -0.7227154970169067 -0.2887789011001587 -0.25850236415863037 0.156309574842453 -0.9532806277275085,185.1628875732422 -185.6853790283203 774.7688598632812,0.69
2,277,8,0.8669605255126953,0.36834660172462463 0.9263046979904175 -0.07924734055995941 0.5681003332138062 -0.29173946380615234 -0.7695127725601196 -0.7359229922294617 0.23842699825763702 -0.6336953043937683,222.13490295410156 -60.85603713989258 782.8636474609375,0.69
2,283,8,0.8094072341918945,0.5163435935974121 0.5852060914039612 -0.6252384781837463 0.03184555098414421 -0.7427092790603638 -0.6688563823699951 -0.8557891845703125 0.325448602437973 -0.4021294116973877,124.12504577636719 -165.56044006347656 875.36279296875,0.69
2,307,8,0.9565639495849609,0.9919571280479431 -0.12296559661626816 0.030008399859070778 -0.10614890605211258 -0.9373061656951904 -0.33194833993911743 0.06894528120756149 0.3260931968688965 -0.942820131778717,-85.90535736083984 -191.2762908935547 770.2073364257812,0.69
2,310,8,0.9541237354278564,0.9894345998764038 -0.1436287760734558 -0.01974785141646862 -0.13694225251674652 -0.8811460733413696 -0.4525798559188843 0.04760274291038513 0.45050248503685 -0.891505241394043,-26.259746551513672 -245.34487915039062 820.215087890625,0.69
2,322,8,0.9205245971679688,0.9802836179733276 0.1547871232032776 -0.12282135337591171 -0.01909440942108631 -0.5444639325141907 -0.8385669589042664 -0.19667115807533264 0.8243786096572876 -0.5307734608650208,34.68830871582031 -99.62877655029297 953.5196533203125,0.69
2,326,8,0.8619182109832764,0.8571661114692688 -0.06302356719970703 -0.5111696124076843 -0.47850048542022705 -0.46460920572280884 -0.7451010346412659 -0.19053515791893005 0.883270263671875 -0.4284040033817291,-12.434484481811523 -198.15130615234375 863.3958129882812,0.69
2,338,8,0.8280363082885742,0.488282710313797 0.8675211668014526 -0.09479987621307373 0.6064267158508301 -0.4154152572154999 -0.6779946684837341 -0.6275559663772583 0.2735638916492462 -0.7289282083511353,118.65619659423828 -156.7362823486328 696.3027954101562,0.69
2,342,8,0.9250164031982422,0.08748960494995117 0.9960810542106628 -0.01297045685350895 0.8733778595924377 -0.08296145498752594 -0.4799255430698395 -0.47912076115608215 0.030660374090075493 -0.8772133588790894,113.91532135009766 -105.91023254394531 625.2147216796875,0.69
2,356,8,0.7945945262908936,0.11823852360248566 0.9927249550819397 -0.022732486948370934 0.27227982878685 -0.054428521543741226 -0.960677444934845 -0.9549258947372437 0.10739949345588684 -0.27673453092575073,139.52731323242188 -65.03864288330078 732.1868896484375,0.69
2,362,8,0.882692813873291,0.4401666522026062 0.895043671131134 0.0717649757862091 0.19117897748947144 -0.015326530672609806 -0.9814355373382568 -0.8773276805877686 0.44571512937545776 -0.17785976827144623,121.86554718017578 -63.44670104980468 796.2093505859375,0.69
2,365,8,0.8999254703521729,0.7111871242523193 0.5513848662376404 -0.4361051619052887 -0.01595160737633705 -0.6075296401977539 -0.7941368222236633 -0.7028217911720276 0.5717364549636841 -0.4232717752456665,-0.24974505603313446 -210.13343811035156 821.5384521484375,0.69
2,368,8,0.9580478668212891,0.9811078906059265 -0.142832949757576 -0.1304837167263031 -0.18908029794692993 -0.8506736755371094 -0.4905129075050354 -0.04093765467405319 0.5059179663658142 -0.8616096377372742,-16.363006591796875 -239.93186950683594 756.2369995117188,0.69
2,387,8,0.9497785568237305,0.2786232531070709 0.8441107273101807 -0.4580896496772766 0.49700745940208435 -0.5348705053329468 -0.6832987070083618 -0.8217983841896057 -0.03729107603430748 -0.5685567259788513,-1.7885515689849854 -176.5629425048828 676.551025390625,0.69
2,389,8,0.9478521347045898,-0.17793142795562744 0.9374698996543884 -0.29914993047714233 0.4124964475631714 -0.2049463987350464 -0.887605607509613 -0.8934131860733032 -0.28133121132850647 -0.35023659467697144,184.62454223632812 -100.93190002441406 661.40576171875,0.69
2,402,8,0.9546542167663574,0.12868191301822662 0.988450825214386 -0.08003805577754974 0.9690128564834595 -0.14248932898044586 -0.20176956057548523 -0.21084384620189667 -0.051593806594610214 -0.9761572480201721,-11.133593559265137 166.17559814453125 980.1571655273438,0.69
2,415,8,0.9551210403442383,-0.08394011110067368 0.9607653617858887 -0.26435554027557373 0.6908612847328186 -0.13506914675235748 -0.7102583646774292 -0.718097984790802 -0.2422521561384201 -0.6524178981781006,59.210838317871094 37.0694694519043 945.1082763671875,0.69
2,417,8,0.9512186050415039,-0.3134569823741913 0.9148672819137573 -0.2544848918914795 0.6220198273658752 -0.004680491052567959 -0.7829875349998474 -0.7175207734107971 -0.40372753143310547 -0.5675984621047974,53.03042984008789 27.002561569213867 990.1243286132812,0.69
2,425,8,0.8919029235839844,0.081804059445858 0.7762407064437866 -0.6251067519187927 0.43938496708869934 -0.5910555124282837 -0.6764571070671082 -0.8945662975311279 -0.21932558715343475 -0.389419287443161,-17.966100692749023 4.37870454788208 1053.8292236328125,0.69
2,428,8,0.9546117782592773,-0.5799980163574219 0.7404482960700989 -0.3396152853965759 0.5187187194824219 0.014239732176065445 -0.8548263907432556 -0.6281186938285828 -0.6719624400138855 -0.3923434317111969,-37.67967224121094 9.444493293762207 1077.05615234375,0.69
2,434,8,0.9317703247070312,-0.5268531441688538 0.759986400604248 -0.380586713552475 0.47797781229019165 -0.10534361004829407 -0.8720319867134094 -0.7028250098228455 -0.6413448452949524 -0.3077560365200043,34.735721588134766 -19.287092208862305 1076.87548828125,0.69
2,435,8,0.9302759170532227,-0.5310807228088379 0.7557702660560608 -0.3830984830856323 0.48410457372665405 -0.1004289910197258 -0.8692276477813721 -0.6954106688499451 -0.6470897793769836 -0.31253594160079956,38.99005126953125 -8.941304206848145 1041.170654296875,0.69
2,438,8,0.9487552642822266,-0.2233494222164154 0.9308573603630066 -0.2891708314418793 0.5031761527061462 -0.14397498965263367 -0.8521062135696411 -0.8348226547241211 -0.3358213007450104 -0.4362284541130066,-112.89730834960938 32.57624816894531 1002.019775390625,0.69
2,442,8,0.9289741516113281,-0.49653327465057373 0.8133503794670105 -0.303176611661911 0.3295873701572418 -0.14645680785179138 -0.9326964616775513 -0.8030112385749817 -0.5630380511283875 -0.19534927606582642,-63.053951263427734 112.3702163696289 1036.0504150390625,0.69
2,446,8,0.9498014450073242,0.5477539300918579 0.8359503746032715 -0.033949512988328934 0.5823670625686646 -0.4100998044013977 -0.7019022107124329 -0.6006780862808228 0.364698588848114 -0.7114638090133667,-138.2411346435547 -17.106279373168945 906.1895751953125,0.69
2,453,8,0.9357271194458008,0.3637032210826874 0.8980506062507629 0.2474367916584015 0.9029144644737244 -0.2745554745197296 -0.3307033181190491 -0.22905321419239044 0.3436921238899231 -0.9107196927070618,-228.42568969726562 39.778564453125 978.751220703125,0.69
2,473,8,0.9419503211975098,0.3973202109336853 0.8469961285591125 -0.35317742824554443 0.3855859041213989 -0.5033228397369385 -0.7732979655265808 -0.8327425718307495 0.17106667160987854 -0.5265700817108154,-293.93121337890625 20.92144775390625 1104.84423828125,0.69
2,474,8,0.9609925746917725,0.2880736291408539 0.9069066047668457 -0.307464063167572 0.6100547909736633 -0.42129266262054443 -0.6710780262947083 -0.738137423992157 0.0057499706745147705 -0.6746259331703186,-122.89424133300781 -14.413595199584961 939.5794067382812,0.69
2,476,8,0.9453904628753662,0.5780213475227356 0.8077844381332397 -0.11565303057432175 0.6041355133056641 -0.5188877582550049 -0.6047939658164978 -0.5485540628433228 0.2797137498855591 -0.7879394888877869,25.488792419433594 -91.7665023803711 906.1553344726562,0.69
2,477,8,0.933232307434082,0.7872860431671143 0.6052960753440857 -0.11746151745319366 0.3629499673843384 -0.6089441776275635 -0.7053043246269226 -0.4984455406665802 0.512643575668335 -0.6991055011749268,-84.01560974121094 -136.12139892578125 981.76953125,0.69
2,480,8,0.9521715641021729,0.7655904293060303 0.6214693188667297 -0.16627466678619385 0.2529030442237854 -0.5283911228179932 -0.8104584813117981 -0.5915331244468689 0.5784279108047485 -0.5617026090621948,-148.4713134765625 -170.7945098876953 995.2432250976562,0.69
2,491,8,0.9483158588409424,0.7243048548698425 0.6660645008087158 0.17815850675106049 0.6017406582832336 -0.4845242202281952 -0.634936511516571 -0.3365865647792816 0.5670928359031677 -0.7517414093017578,-250.4005126953125 -42.740882873535156 971.488525390625,0.69
2,494,8,0.941462516784668,0.3284932076931 0.9389647245407104 0.10216441750526428 0.1427176296710968 0.05758000165224075 -0.9880871772766113 -0.9336615800857544 0.33916059136390686 -0.11509216576814651,-112.2261734008789 82.79713439941406 1041.620849609375,0.69
2,499,8,0.8808774948120117,0.1667659878730774 0.9859898686408997 -0.0036207116208970547 -0.0027663279324769974 -0.0032042423263192177 -0.9999910593032837 -0.9859926700592041 0.16677451133728027 0.0021932104136794806,-129.92845153808594 195.29705810546875 1144.7130126953125,0.69
2,501,8,0.8265886306762695,0.27195653319358826 0.9565955400466919 -0.10471250116825104 0.2581638693809509 -0.17735086381435394 -0.9496831297874451 -0.9270336031913757 0.23123955726623535 -0.29519006609916687,-52.61205291748047 -95.45130920410156 938.8792114257812,0.69
2,503,8,0.9487795829772949,0.4900106191635132 0.8547465801239014 0.17116586863994598 0.3136177361011505 0.01034783385694027 -0.949492871761322 -0.8133471012115479 0.5189422369003296 -0.2629931569099426,-120.65898132324219 -39.240081787109375 1093.379150390625,0.69
2,521,8,0.9492673873901367,0.2587161362171173 0.9373162984848022 0.23346097767353058 0.6942522525787354 -0.012386256828904152 -0.7196251749992371 -0.6716247200965881 0.34825944900512695 -0.6539384722709656,-119.6695785522461 -231.6015167236328 966.4014892578125,0.69
2,527,8,0.9619324207305908,0.6501874327659607 0.759460985660553 0.021802233532071114 0.25141024589538574 -0.18798021972179413 -0.9494504928588867 -0.7169722318649292 0.6228020787239075 -0.31315866112709045,-96.22552490234375 -29.269996643066406 889.866943359375,0.69
2,529,8,0.9619503021240234,0.5567302107810974 0.8299295902252197 -0.03561265394091606 0.1846206784248352 -0.16541774570941925 -0.9687891006469727 -0.8099176287651062 0.532779335975647 -0.24531525373458862,-95.64423370361328 -2.7958619594573975 943.1319580078125,0.69
2,532,8,0.9526820182800293,0.7746871709823608 0.6323441863059998 0.000893155112862587 0.5910466313362122 -0.7235898971557617 -0.3564850389957428 -0.22477491199970245 0.276692271232605 -0.9343006014823914,-61.77684783935547 -79.16683197021484 880.7047729492188,0.69
2,535,8,0.9580478668212891,0.8758530616760254 0.4679446220397949 -0.11793805658817291 0.45646581053733826 -0.8826410174369812 -0.1121782436966896 -0.15659017860889435 0.044416967779397964 -0.9866644144058228,-27.28411293029785 79.05020904541016 968.9910888671875,0.69
2,540,8,0.9493367671966553,0.08156600594520569 0.9648866653442383 0.24968142807483673 0.7396612763404846 0.10930614173412323 -0.6640431880950928 -0.668018102645874 0.23884303867816925 -0.7047736644744873,-116.0597152709961 -138.23707580566406 869.3497314453125,0.69
2,543,8,0.9531476497650146,0.533621609210968 0.8181188702583313 0.21431174874305725 0.4928777813911438 -0.09491368383169174 -0.8649063110351562 -0.6872549653053284 0.5671621561050415 -0.45388063788414,-62.10239791870117 -29.15018653869629 876.6090698242188,0.69
2,549,8,0.9454400539398193,0.17177130281925201 0.9799573421478271 -0.10088838636875153 0.9422701001167297 -0.1933140903711319 -0.27341681718826294 -0.2874399423599243 -0.04809895157814026 -0.9565902352333069,0.13971637189388275 -61.36592102050781 827.4798583984375,0.69
2,560,8,0.9016926288604736,-0.31418123841285706 0.9485823512077332 -0.038492679595947266 0.4685501158237457 0.11967039853334427 -0.8752940893173218 -0.8256821632385254 -0.29303672909736633 -0.48205655813217163,-2.433689594268799 -53.2400016784668 984.220947265625,0.69
2,563,8,0.9244604110717773,0.24767924845218658 0.9318022131919861 -0.2653290927410126 0.37608587741851807 -0.34485530853271484 -0.860019862651825 -0.8928686380386353 0.11322254687547684 -0.43585118651390076,-202.08554077148438 -30.235275268554688 899.7173461914062,0.69
2,571,8,0.888169527053833,-0.3861847221851349 0.9195479154586792 -0.07275187969207764 0.38530421257019043 0.08915029466152191 -0.9184730648994446 -0.8380942344665527 -0.3827318847179413 -0.38873422145843506,-43.930580139160156 -0.47046205401420593 1032.185791015625,0.69
2,575,8,0.931251049041748,-0.3471374213695526 0.9183068871498108 -0.19028408825397491 0.20724251866340637 -0.12276905030012131 -0.9705556631088257 -0.9146289825439453 -0.37635111808776855 -0.14769449830055237,-189.3399200439453 39.465999603271484 1095.128173828125,0.69
2,589,8,0.9478754997253418,0.053087830543518066 0.9984646439552307 -0.015813453122973442 0.9136071801185608 -0.054956529289484024 -0.40286678075790405 -0.403117299079895 0.006940040737390518 -0.9151220321655273,-147.8473663330078 -89.48789978027344 772.1182861328125,0.69
2,603,8,0.8851478099822998,-0.6725178360939026 0.7397717833518982 -0.02138776145875454 0.270057737827301 0.21839475631713867 -0.9377486109733582 -0.6890491247177124 -0.6364285945892334 -0.3466554284095764,-77.70707702636719 -138.00054931640625 1018.5317993164062,0.69
2,607,8,0.9063982963562012,0.19556309282779694 0.9275786280632019 -0.31836003065109253 0.26398965716362 -0.36243757605552673 -0.8938391804695129 -0.9444917440414429 0.09075819700956345 -0.31575050950050354,-267.71575927734375 -13.438282012939453 826.575439453125,0.69
2,611,8,0.882927417755127,0.07065919786691666 0.9523120522499084 -0.29683181643486023 0.29207703471183777 -0.30428555607795715 -0.9066980481147766 -0.9537811279296875 -0.022631226107478142 -0.2996490001678467,-276.1089172363281 -48.86167907714844 825.3758544921875,0.69
2,615,8,0.9460196495056152,0.6028016805648804 0.7726499438285828 0.1991039514541626 0.7215993404388428 -0.4214344322681427 -0.5492609143257141 -0.3404771089553833 0.47476866841316223 -0.8115849494934082,-200.00299072265625 -83.18093872070312 684.2219848632812,0.69
2,625,8,0.9360361099243164,0.8642822504043579 0.49625739455223083 0.08212637156248093 0.26612693071365356 -0.31258365511894226 -0.9118486046791077 -0.42684030532836914 0.809950590133667 -0.4022279679775238,-215.1071014404297 -64.66580963134766 697.157958984375,0.69
2,642,8,0.9526820182800293,0.7144068479537964 0.6805217266082764 0.16282835602760315 0.6339659094810486 -0.5310040712356567 -0.5622472763061523 -0.29615896940231323 0.5049009323120117 -0.8107804656028748,-108.48960876464844 -67.84587097167969 710.1578369140625,0.69
2,648,8,0.9454400539398193,0.8166673183441162 0.5696347951889038 0.09257712215185165 0.3317079544067383 -0.3320518434047699 -0.8830126523971558 -0.47225436568260193 0.7518361210823059 -0.4601283371448517,-75.47400665283203 -97.19673919677734 682.409912109375,0.69
2,649,8,0.9484291076660156,0.7229928374290466 0.688846230506897 0.05265152454376221 0.47617867588996887 -0.44166359305381775 -0.7603861689567566 -0.5005348324775696 0.5748253464698792 -0.6473335027694702,-93.85858154296875 -65.7176284790039 638.5760498046875,0.69
2,650,8,0.965836763381958,0.8346322178840637 0.5488945245742798 0.04586682468652725 0.17056232690811157 -0.1783745139837265 -0.9690670967102051 -0.5237340927124023 0.8166377544403076 -0.24249786138534546,-104.64927673339844 -35.16063690185547 674.8367919921875,0.69
2,652,8,0.9444658756256104,0.0645611435174942 0.9978222250938416 0.01352187804877758 0.8675186634063721 -0.04942306876182556 -0.4949432909488678 -0.4931970536708832 0.04368457943201065 -0.8688201308250427,-139.5843963623047 -124.01617431640625 704.2567138671875,0.69
2,667,8,0.9245295524597168,-0.42386987805366516 0.9044638872146606 -0.0477428175508976 0.37302708625793457 0.12629632651805878 -0.9191843867301941 -0.8253394365310669 -0.4074239432811737 -0.3909226953983307,-151.1519775390625 -110.17506408691406 840.0054931640625,0.69
2,669,8,0.934145450592041,-0.4811877906322479 0.8759413957595825 -0.03442314267158508 0.5982856154441833 0.29945340752601624 -0.743224024772644 -0.640712559223175 -0.378225177526474 -0.6681565046310425,-154.5193634033203 -207.10536193847656 809.2867431640625,0.69
2,679,8,0.9580478668212891,0.7396109104156494 0.6730162501335144 0.004985250532627106 0.4023863971233368 -0.4362405836582184 -0.8048474192619324 -0.5395005941390991 0.5972799062728882 -0.5934609174728394,-266.1735534667969 -79.7325210571289 633.8573608398438,0.69
2,691,8,0.9639015197753906,0.2512536644935608 0.9668694734573364 -0.04510917887091637 0.9475616812705994 -0.25520986318588257 -0.19233977794647217 -0.1974797546863556 0.005582344718277454 -0.9802910089492798,-169.25169372558594 -102.82869720458984 668.5123901367188,0.69
2,695,8,0.9405148029327393,0.4262888729572296 0.8604993224143982 0.27896028757095337 0.8616129755973816 -0.2923262119293213 -0.4149320125579834 -0.2755012512207031 0.41723668575286865 -0.8660327196121216,-134.2975311279297 -115.46248626708984 597.3298950195312,0.69
2,703,8,0.9624381065368652,0.8890568614006042 0.4424671232700348 -0.11747656017541885 0.15936654806137085 -0.5396936535835266 -0.8266396522521973 -0.4291622042655945 0.7162078619003296 -0.5503328442573547,200.8914337158203 7.179047107696533 1122.8409423828125,0.69
2,708,8,0.960956335067749,0.9683207273483276 0.24706345796585083 -0.03625868260860443 0.19439697265625 -0.836977481842041 -0.5115451812744141 -0.15673185884952545 0.48829126358032227 -0.8584909439086914,128.7158966064453 -49.23158264160156 1080.690185546875,0.69
2,711,8,0.9448771476745605,0.627728283405304 0.7723663449287415 0.09699098020792007 0.37962567806243896 -0.1949680596590042 -0.9043626189231873 -0.6795891523361206 0.6045142412185669 -0.4155971109867096,146.49105834960938 129.00462341308594 1106.9761962890625,0.69
2,727,8,0.9498672485351562,0.8524594902992249 0.522756814956665 -0.006172493100166321 0.03257514536380768 -0.06489669531583786 -0.9973601698875427 -0.5217773914337158 0.8500080704689026 -0.07235068082809448,170.71185302734375 143.5348358154297 1135.2591552734375,0.69
2,736,8,0.9526596069335938,0.6939127445220947 0.7190555334091187 0.03800303488969803 0.28268805146217346 -0.22350327670574188 -0.9328096508979797 -0.6622480750083923 0.6580315232276917 -0.3583602011203766,-27.385208129882812 94.82757568359375 1119.74951171875,0.69
2,737,8,0.93658447265625,0.6545655727386475 0.7471814751625061 -0.11516957730054855 0.09998922049999237 -0.23656372725963593 -0.9664573669433594 -0.749363899230957 0.6210940480232239 -0.22955653071403503,25.698383331298828 86.24778747558594 1107.4908447265625,0.69
2,739,8,0.9443893432617188,0.7604020237922668 0.6458128690719604 -0.06866256892681122 0.15089145302772522 -0.2785094976425171 -0.9485062956809998 -0.6316808462142944 0.7108854651451111 -0.30922678112983704,-19.050737380981445 -43.58014678955078 1144.8970947265625,0.69
2,740,8,0.9502429962158203,0.8483464121818542 0.5265297889709473 -0.055450648069381714 0.014100956730544567 -0.12716735899448395 -0.9917810559272766 -0.5292537212371826 0.8405920267105103 -0.1153065487742424,61.590667724609375 113.89751434326172 1173.939697265625,0.69
2,750,8,0.9361562728881836,0.996905505657196 0.07857254892587662 0.0024342110846191645 0.051682498306035995 -0.6317711472511292 -0.7734301090240479 -0.05923250690102577 0.7711624503135681 -0.6338769197463989,111.24065399169922 -138.47299194335938 1041.93994140625,0.69
2,754,8,0.9196610450744629,0.9938234686851501 0.08162781596183777 -0.07517795264720917 0.03570137172937393 -0.8766152262687683 -0.47986578941345215 -0.10507252812385559 0.4742179214954376 -0.8741151094436646,153.57981872558594 -256.94677734375 1015.7855834960939,0.69
2,756,8,0.9395396709442139,0.9945756793022156 0.09622896462678909 -0.03948736563324928 0.01974702998995781 -0.5474066734313965 -0.8366336822509766 -0.10212405025959015 0.8313157558441162 -0.5463375449180603,120.2256088256836 -176.0502166748047 1081.5184326171875,0.69
2,757,8,0.9443893432617188,0.9731093049049377 0.22798477113246918 -0.032882291823625565 0.11021122336387634 -0.586181640625 -0.8026484847068787 -0.2022666186094284 0.7774407267570496 -0.5955452919006348,171.92166137695312 -205.34530639648438 1096.598876953125,0.69
2,758,8,0.9318625926971436,0.9805389046669006 0.18968389928340912 0.05063023045659065 0.16359131038188934 -0.64683598279953 -0.7448765635490417 -0.10854163765907288 0.7386631369590759 -0.6652784943580627,159.99520874023438 -251.52337646484375 1121.387939453125,0.69
2,761,8,0.947340726852417,0.9275568723678589 0.362339586019516 0.0913693830370903 0.19953465461730957 -0.273517906665802 -0.9409431219100952 -0.3159497380256653 0.8910096883773804 -0.32600268721580505,177.09237670898438 -16.164249420166016 1152.710205078125,0.69
2,762,8,0.9421305656433105,0.9940916895866394 0.10677877813577652 0.019493430852890015 0.05723541975021362 -0.3630715608596802 -0.9300017356872559 -0.09222692996263504 0.9256227612495422 -0.36703795194625854,-51.6565055847168 -110.76363372802734 1086.2957763671875,0.69
2,764,8,0.9400548934936523,0.9964452981948853 -0.08030205965042114 0.025461722165346146 -0.038549479097127914 -0.7033941149711609 -0.7097538113594055 0.07490432262420654 0.7062492966651917 -0.7039893865585327,71.81990051269531 -33.863914489746094 1118.9483642578125,0.69
2,768,8,0.9439277648925781,0.9873956441879272 -0.15658563375473022 -0.023038780316710472 -0.14569437503814697 -0.8423842787742615 -0.5188080668449402 0.06183037906885147 0.5156254172325134 -0.8545802235603333,38.377479553222656 -194.14419555664062 1087.1973876953125,0.69
2,769,8,0.9468283653259277,0.9994824528694153 -0.01502415630966425 -0.02844417840242386 -0.027310624718666077 -0.8635475635528564 -0.5035272240638733 -0.01699782721698284 0.504043459892273 -0.8635110259056091,57.30428695678711 -207.30897521972656 1089.2037353515625,0.69
2,770,8,0.9492673873901367,0.9496051073074341 -0.3131003975868225 0.014772907830774784 -0.2637304663658142 -0.8235649466514587 -0.5021823048591614 0.1693999171257019 0.4729788303375244 -0.8646355867385864,-12.1058931350708 -142.20306396484375 902.684326171875,0.69
2,773,8,0.8879795074462891,0.8761890530586243 0.3933139741420746 0.27856218814849854 0.47521746158599854 -0.8013997673988342 -0.36321720480918884 0.08038127422332764 0.45062455534935 -0.8890873193740845,85.6544189453125 -83.28848266601562 1023.2349853515625,0.69
2,775,8,0.92978835105896,0.9851882457733154 0.10071835666894913 0.1387804001569748 0.13439124822616577 -0.9561867713928223 -0.2600879371166229 0.10650433599948883 0.27488645911216736 -0.9555596113204956,177.7667694091797 -120.2448959350586 1019.2608642578125,0.69
2,785,8,0.9487552642822266,0.9856194853782654 -0.15842662751674652 0.05878070741891861 -0.03874155506491661 -0.5504487752914429 -0.8339695334434509 0.16447876393795013 0.8196994066238403 -0.548670768737793,223.8922576904297 -59.7752571105957 1135.90234375,0.69
2,788,8,0.9448771476745605,0.9954573512077332 0.08694227039813995 0.038804784417152405 0.06390812993049622 -0.3080624043941498 -0.9492171406745911 -0.07057280838489532 0.9473851323127747 -0.3122192919254303,89.32893371582031 -49.662384033203125 1022.3485107421875,0.69
2,791,8,0.932319164276123,0.9970531463623047 0.0348227322101593 0.06835523992776871 0.07669533044099808 -0.47221165895462036 -0.8781422972679138 0.0016988245770335197 0.8807970881462097 -0.4734908640384674,82.56383514404297 -146.98439025878906 1095.6500244140625,0.69
2,794,8,0.9248771667480469,0.9535725712776184 -0.11498529464006424 0.2783482074737549 0.18988889455795288 -0.48781678080558777 -0.8520428538322449 0.23375530540943146 0.8653399348258972 -0.44333428144454956,-28.92917251586914 -89.82108306884766 1080.2108154296875,0.69
2,801,8,0.9346640110015869,0.9944706559181213 -0.048355501145124435 0.09321985393762589 0.08319206535816193 -0.17897111177444458 -0.980330765247345 0.06408804655075073 0.9826654195785522 -0.1739587038755417,63.739315032958984 -3.747978925704956 1199.7335205078125,0.69
2,803,8,0.9555878639221191,0.9762138724327087 0.18852676451206207 0.10707025974988937 0.13789087533950806 -0.15878473222255707 -0.9776366353034973 -0.16730956733226776 0.9691464304924011 -0.18100398778915405,113.12789916992188 84.36395263671875 1180.2144775390625,0.69
2,804,8,0.9522593021392822,0.9267128109931946 0.36381712555885315 0.09402364492416382 0.16755123436450958 -0.17610003054141998 -0.9700079560279846 -0.33634790778160095 0.9146726131439209 -0.22415216267108917,224.8997344970703 24.20301628112793 1175.664306640625,0.69
2,808,8,0.9360966682434082,0.9377788305282593 -0.30914434790611267 -0.15811628103256226 -0.2586691379547119 -0.31817787885665894 -0.9120597839355469 0.23164905607700348 0.8962101936340332 -0.3783465325832367,-19.61324119567871 -192.4673614501953 1139.2261962890625,0.69
2,809,8,0.9570519924163818,0.8214794397354126 0.565949022769928 0.06980792433023453 0.4890024662017822 -0.6361793279647827 -0.5967850089073181 -0.2933395504951477 0.5243828296661377 -0.7993587255477905,-2.3707809448242188 -116.41756439208984 1008.0751342773438,0.69
2,819,8,0.9570722579956055,0.953371524810791 0.2886088192462921 0.08824700117111206 0.301798939704895 -0.9117098450660706 -0.2787516415119171 5.471240456245141e-06 0.2923867702484131 -0.9563001394271851,78.68157958984375 -20.19597053527832 919.9267578125,0.69
2,821,8,0.9453389644622803,0.9548401832580566 0.284322589635849 0.08626086264848709 0.27520546317100525 -0.7368914484977722 -0.61745685338974 -0.11199205368757248 0.6133120656013489 -0.7818606495857239,146.37451171875 -98.15769958496094 1047.1060791015625,0.69
2,828,8,0.9213275909423828,0.856904149055481 0.5119825005531311 -0.05990998074412346 0.24854524433612823 -0.5121909379959106 -0.8221226930618286 -0.45159777998924255 0.6895899176597595 -0.5661493539810181,109.78396606445312 -97.74041748046875 1037.04931640625,0.69
2,837,8,0.9428987503051758,0.964597761631012 -0.262315034866333 -0.027239497750997543 -0.2288096398115158 -0.781053900718689 -0.5810343623161316 0.13113851845264435 0.5666971206665039 -0.8134230375289917,-6.320707321166992 -194.92160034179688 1003.0126342773438,0.69
2,840,8,0.9253649711608887,0.9960795044898987 0.05793752893805504 -0.0668502151966095 -0.01892095059156418 -0.5986660122871399 -0.8007752299308777 -0.08641589432954788 0.7989006042480469 -0.5952226519584656,76.7751693725586 -201.49111938476562 1000.5862426757812,0.69
2,844,8,0.9371309280395508,0.9817246794700623 -0.17312468588352203 -0.07902158051729202 -0.18329350650310516 -0.7484936118125916 -0.6373074054718018 0.051186494529247284 0.6401445269584656 -0.7665473818778992,142.36257934570312 -269.6706237792969 941.7757568359375,0.69
2,850,8,0.9468283653259277,0.9970815181732178 0.03084426559507847 -0.06983594596385956 -0.054039038717746735 -0.36101850867271423 -0.9309916496276855 -0.053927816450595856 0.9320484399795532 -0.35829809308052063,7.1408185958862305 -206.7782440185547 1003.2412719726562,0.69
