scene_id,im_id,obj_id,score,R,t,time
2,3,9,0.962925910949707,-0.9911251664161682 -0.1212163195014 -0.05456707254052162 -0.07814676314592361 0.86336749792099 -0.4984874129295349 0.10753624141216278 -0.4897991716861725 -0.8651778697967529,72.12368774414062 136.92294311523438 1006.754150390625,0.69
2,8,9,0.9493141174316406,-0.993325412273407 -0.07717792689800262 0.08572143316268921 -0.10178353637456894 0.9361199140548706 -0.33662959933280945 -0.05426516756415367 -0.34310778975486755 -0.9377272129058838,-107.5640869140625 256.6668701171875 1026.0675048828125,0.69
2,17,9,0.9673008918762207,-0.9757387042045593 -0.21455012261867523 -0.04361642897129059 -0.06617215275764465 0.47889697551727295 -0.8753736019134521 0.2086993008852005 -0.8512496948242188 -0.48147544264793396,-8.05066204071045 131.34725952148438 949.0451049804688,0.69
2,27,9,0.9687650203704834,-0.6928616166114807 -0.7194480299949646 0.048346199095249176 -0.3852165937423706 0.31263551115989685 -0.8682553172111511 0.6095497608184814 -0.620204508304596 -0.4937564730644226,190.02320861816406 204.55538940429688 941.509033203125,0.69
2,36,9,0.9643893241882324,-0.7144442200660706 -0.6968727111816406 0.06275255233049393 -0.6212363243103027 0.5905138254165649 -0.5151299238204956 0.32192373275756836 -0.40701577067375183 -0.8548117876052856,94.64321899414062 234.3560333251953 977.59375,0.69
2,38,9,0.9653487205505371,-0.8815874457359314 -0.46513739228248596 0.08031674474477768 -0.459193617105484 0.8057260513305664 -0.374094694852829 0.10929211229085922 -0.3666781187057495 -0.9239060878753662,181.38951110839844 242.3396453857422 1008.3364257812499,0.69
2,39,9,0.9658527374267578,-0.9145022034645081 -0.39970657229423523 0.06261230260133743 -0.3773597776889801 0.7868891954421997 -0.48826727271080017 0.14589470624923706 -0.47014886140823364 -0.8704451322555542,226.29837036132812 269.75006103515625 965.3128662109375,0.69
2,41,9,0.9658527374267578,-0.9319354295730591 -0.35834649205207825 0.05553576722741127 -0.3104879558086395 0.7094153165817261 -0.6327142119407654 0.18733297288417816 -0.6068919897079468 -0.7723914980888367,285.2040710449219 189.5111846923828 975.8795776367188,0.69
2,47,9,0.9682769775390625,-0.9527868032455444 -0.2965993881225586 0.06500773876905441 -0.2442733645439148 0.6215614676475525 -0.7443062663078308 0.18035449087619781 -0.725044846534729 -0.6646669507026672,268.66436767578125 87.24569702148438 933.2440185546875,0.69
2,58,9,0.9663248062133789,-0.93501216173172 -0.22076472640037537 -0.27751603722572327 0.13005591928958893 0.5145692825317383 -0.8475280404090881 0.32990556955337524 -0.82854163646698 -0.4524168074131012,213.2144012451172 79.51747131347656 934.6160888671875,0.69
2,61,9,0.9712052345275879,-0.9496102333068848 -0.20388668775558472 -0.23805609345436096 0.11529717594385147 0.4790290594100952 -0.8701940774917603 0.29145675897598267 -0.8537924289703369 -0.43138331174850464,336.2071228027344 -13.30609130859375 908.9991455078125,0.69
2,62,9,0.9663248062133789,-0.990046501159668 0.06264349073171616 -0.12603037059307098 0.13936716318130493 0.5611575841903687 -0.815891444683075 0.01961262710392475 -0.8253349661827087 -0.5643026232719421,138.3091583251953 -35.941078186035156 1029.2529296875,0.69
2,64,9,0.9643726348876953,-0.9926667809486389 0.05069458857178688 -0.10973934084177017 0.12085001915693283 0.39502644538879395 -0.9106862545013428 -0.002816922962665558 -0.9172700047492981 -0.3982560634613037,149.41024780273438 2.0174248218536377 1026.573486328125,0.69
2,65,9,0.9595298767089844,-0.8352816104888916 -0.11105270683765411 -0.5384902954101562 0.49275168776512146 0.2833051085472107 -0.8227599263191223 0.2439267933368683 -0.9525782465934753 -0.1819181740283966,358.81195068359375 8.288654327392578 964.536376953125,0.69
2,69,9,0.965836763381958,-0.9378551244735718 -0.3099398910999298 -0.15609288215637207 0.10660938918590546 0.170724019408226 -0.9795344471931458 0.33024561405181885 -0.9353023767471313 -0.12707191705703735,210.3092803955078 166.8029022216797 972.6895751953125,0.69
2,72,9,0.9702291488647461,-0.8010991215705872 -0.383428156375885 -0.45959004759788513 0.27140387892723083 0.45167362689971924 -0.849900484085083 0.5334604978561401 -0.8055890798568726 -0.25777146220207214,120.06584930419922 74.576904296875 939.9827270507812,0.69
2,79,9,0.9385645389556885,-0.9119629263877869 0.32934147119522095 -0.24465841054916382 0.3903917074203491 0.5132113099098206 -0.7643353343009949 -0.12616583704948425 -0.7925581336021423 -0.5966019034385681,137.251953125 -84.39955139160156 1199.58056640625,0.69
2,89,9,0.907447099685669,-0.4853762686252594 0.5753999352455139 -0.6582740545272827 0.7223240733146667 -0.1602976769208908 -0.672720193862915 -0.49260300397872925 -0.802009642124176 -0.3378205895423889,-103.45819091796875 -20.62236213684082 1217.0657958984375,0.69
2,96,9,0.8860893249511719,-0.8883138298988342 0.4392313063144684 -0.13406850397586823 0.18424353003501892 0.07344920933246613 -0.9801324009895325 -0.4206576347351074 -0.8953664302825928 -0.1461714655160904,33.188175201416016 73.72923278808594 1270.66357421875,0.69
2,97,9,0.9594922065734863,-0.9040709733963013 0.38285258412361145 -0.1899462193250656 0.42039501667022705 0.7165958285331726 -0.5565595030784607 -0.0769655853509903 -0.5830217003822327 -0.8088027834892273,184.95803833007812 -241.06321716308594 1044.7574462890625,0.69
2,102,9,0.9633965492248535,-0.965401828289032 0.20412124693393707 -0.16227716207504272 0.2583109736442566 0.83378005027771 -0.48794084787368774 0.03570438176393509 -0.5129770040512085 -0.8576595187187195,127.32721710205078 -249.9521942138672 1066.6165771484375,0.69
2,107,9,0.9614443778991699,-0.9876848459243774 0.14330798387527466 -0.06278146803379059 0.15612642467021942 0.9288279414176941 -0.33601078391075134 0.01016014814376831 -0.3416746258735657 -0.9397633671760559,1.7634953260421753 -183.34693908691406 1056.114013671875,0.69
2,110,9,0.9443893432617188,-0.95743328332901 0.1935872733592987 -0.21411582827568054 0.28864148259162903 0.6492121815681458 -0.7037113904953003 0.0027770285960286856 -0.7355594038963318 -0.6774545907974243,96.6319808959961 -127.50187683105469 1160.70556640625,0.69
2,115,9,0.5277442932128906,-0.9113930463790894 0.12481874972581863 -0.39215177297592163 0.40955162048339844 0.3685799241065979 -0.8345156311988831 0.04037606343626976 -0.9211781620979309 -0.3870408833026886,37.725181579589844 -120.84323120117188 1547.379638671875,0.69
2,119,9,0.9653487205505371,-0.9274572730064392 0.28980135917663574 -0.23630060255527496 0.3738526999950409 0.7058952450752258 -0.6016194224357605 -0.007546659559011459 -0.6463179588317871 -0.7630308270454407,112.34902954101562 105.82030487060547 854.6857299804688,0.69
2,124,9,0.9546332359313965,-0.9488148093223572 0.30700400471687317 -0.07415599375963211 0.31416985392570496 0.9414985179901123 -0.12197500467300415 0.03237094357609749 -0.13902926445007324 -0.9897590279579163,-40.46515655517578 185.257080078125 974.7337036132812,0.69
2,126,9,0.9614443778991699,-0.8749082088470459 0.48132985830307007 -0.053452540189027786 0.4726123809814453 0.8245066404342651 -0.31116923689842224 -0.10570307075977325 -0.2975068688392639 -0.9488500952720642,66.93693542480469 148.3387451171875 942.1957397460938,0.69
2,136,9,0.967803955078125,-0.8981911540031433 0.02086901292204857 0.4391094744205475 -0.27652058005332947 0.7496915459632874 -0.6012478470802307 -0.3417441248893738 -0.6614583134651184 -0.6675955057144165,-209.5697479248047 107.2972640991211 894.7457885742188,0.69
2,153,9,0.8147749900817871,0.2623552083969116 -0.8901052474975586 -0.37266919016838074 -0.5305596590042114 0.18952760100364685 -0.8261874318122864 0.8060249090194702 0.41447779536247253 -0.4225304424762726,421.1175537109375 -126.48857879638672 1194.9617919921875,0.69
2,156,9,0.8363997936248779,0.10420230031013489 -0.9835828542709351 0.1473315805196762 -0.5896811485290527 -0.18039186298847198 -0.7872324585914612 0.8008857369422913 -0.004847222473472357 -0.5987975001335144,48.26816177368164 16.265907287597656 1236.298583984375,0.69
2,162,9,0.9017813205718994,-0.9773511290550232 -0.20664481818675995 0.045636918395757675 -0.19851984083652496 0.8205512762069702 -0.535990297794342 0.0733121708035469 -0.5329105854034424 -0.8429898023605347,105.2448501586914 -44.63407516479492 1071.3282470703125,0.69
2,166,9,0.9026658535003662,-0.9785587191581726 0.20048734545707703 0.0471983477473259 0.116879403591156 0.7292050123214722 -0.6742398142814636 -0.16959382593631744 -0.6542667746543884 -0.7370027303695679,9.359148979187012 -58.210166931152344 1027.037841796875,0.69
2,175,9,0.9619503021240234,-0.9988634586334229 -0.016821470111608505 0.04459594935178757 -0.027766026556491852 0.9658560156822205 -0.25758734345436096 -0.03874026983976364 -0.258532851934433 -0.965225338935852,61.353607177734375 -16.784870147705078 982.9410400390625,0.69
2,176,9,0.9551210403442383,-0.9962552189826965 -0.07084484398365021 0.049564410001039505 -0.08311325311660767 0.942684531211853 -0.3231688141822815 -0.023828759789466858 -0.3260780870914459 -0.9450424909591675,28.191585540771484 -103.82259368896484 1017.182373046875,0.69
2,178,9,0.91921067237854,0.45643407106399536 -0.8324952125549316 -0.31403806805610657 -0.857541024684906 -0.31748107075691223 -0.4047583043575287 0.2372581511735916 0.45404601097106934 -0.8588078618049622,345.64117431640625 138.8256072998047 983.801513671875,0.69
2,203,9,0.9531476497650146,-0.5377604961395264 -0.8278558254241943 -0.15958815813064575 -0.7906404137611389 0.5609105229377747 -0.24549369513988495 0.29274803400039673 -0.005839961115270853 -0.9561718106269836,246.0228729248047 -56.07114028930664 904.206298828125,0.69
2,207,9,0.7882189750671387,0.5124694108963013 -0.7111325860023499 -0.4813165068626404 -0.5769059062004089 0.13004988431930542 -0.8063910603523254 0.6360461115837097 0.6909250617027283 -0.343610018491745,248.70278930664062 -94.41262817382812 914.9740600585938,0.69
2,217,9,0.91158127784729,-0.3977803587913513 -0.8912180662155151 -0.21794778108596802 -0.18823425471782684 0.3117712140083313 -0.9313251972198486 0.8979636430740356 -0.32943764328956604 -0.2917742431163788,95.89274597167969 75.21724700927734 954.0216064453125,0.69
2,219,9,0.9098825454711914,-0.2689206898212433 -0.9514894485473633 -0.1494978368282318 -0.10360586643218994 0.1828918159008026 -0.9776586890220642 0.9575738310813904 -0.24742378294467926 -0.14776326715946198,117.89231872558594 43.70490646362305 873.5899047851562,0.69
2,221,9,0.8558707237243652,0.001940375193953514 -0.9929026365280151 -0.11891444027423859 -0.18525652587413788 0.11649934947490692 -0.9757601618766785 0.982688307762146 0.02392302267253399 -0.18371564149856567,67.42680358886719 78.77832794189453 927.0247802734375,0.69
2,224,9,0.9307956695556641,-0.2604523003101349 -0.7772672772407532 0.5727304220199585 -0.5702922344207764 -0.3548082113265991 -0.7408629059791565 0.7790579795837402 -0.5195831656455994 -0.3508588671684265,122.12794494628906 -6.952799320220947 856.9659423828125,0.69
2,243,9,0.7824084758758545,-0.9978131055831909 0.00821849424391985 -0.06558632105588913 0.05162936821579933 0.7164795994758606 -0.6956950426101685 0.04127369076013565 -0.6975597739219666 -0.7153369784355164,88.5763168334961 -213.64988708496094 1161.8980712890625,0.69
2,249,9,0.8408176898956299,-0.9920157790184021 -0.12220590561628342 -0.031152144074440002 -0.08420003205537796 0.825692355632782 -0.5578015446662903 0.09388872981071472 -0.5507249236106873 -0.8293895125389099,33.39822769165039 -7.756539821624756 999.8612670898438,0.69
2,254,9,0.9012508392333984,-0.9809300303459167 0.1704418957233429 0.09341287612915039 0.07689284533262253 0.7817172408103943 -0.6188746094703674 -0.1785045862197876 -0.599889874458313 -0.7799155712127686,10.741082191467285 -158.820068359375 959.3169555664062,0.69
2,258,9,0.0319904088973999,-0.43433716893196106 -0.6469269394874573 -0.6267668604850769 0.06849167495965958 0.6700931787490845 -0.7391102910041809 0.8981425762176514 -0.3639513850212097 -0.2467372566461563,-41.56520462036133 61.149192810058594 893.629638671875,0.69
2,263,9,0.918574333190918,0.19713817536830902 -0.9771437048912048 -0.07954048365354538 -0.40253105759620667 -0.006697412580251694 -0.9153818488121033 0.8939269185066223 0.21247421205043793 -0.39465105533599854,127.68323516845703 24.383028030395508 927.8162841796875,0.69
2,266,9,0.8900139331817627,-0.9208357334136963 -0.38993245363235474 0.0037862746976315975 -0.3485979735851288 0.818794310092926 -0.4561309516429901 0.17476007342338562 -0.42134156823158264 -0.8899046778678894,140.0865020751953 -116.36446380615234 861.2974243164062,0.69
2,268,9,0.960486888885498,-0.7878996729850769 -0.6091702580451965 -0.09014290571212769 -0.5580279231071472 0.7681912779808044 -0.31382638216018677 0.26042065024375916 -0.1969614326953888 -0.9451916813850403,130.21163940429688 -121.77513885498047 828.59912109375,0.69
2,277,9,0.8692102432250977,-0.4331510365009308 -0.9011922478675842 -0.015259543433785439 -0.5371742844581604 0.27170950174331665 -0.7985097169876099 0.7237568497657776 -0.3376782536506653 -0.6017885208129883,149.2623291015625 -1.7168490886688232 809.0807495117188,0.69
2,283,9,0.881037712097168,-0.6511964797973633 -0.5045641660690308 -0.5668845772743225 0.10356094688177109 0.6809048056602478 -0.7250129580497742 0.7518100142478943 -0.5308330059051514 -0.39114969968795776,106.22270202636719 -68.56874084472656 892.2577514648438,0.69
2,307,9,0.9619324207305908,-0.9684468507766724 0.2431010752916336 0.05488584190607071 0.21126201748847961 0.9176190495491028 -0.3366652727127075 -0.132207989692688 -0.3144471347332001 -0.9400234222412109,-94.6376953125 -100.7063980102539 816.8641357421875,0.69
2,310,9,0.9006738662719727,-0.9690930247306824 0.2465580552816391 0.008235424757003784 0.2088567167520523 0.8377600312232971 -0.5045166015625 -0.1312919408082962 -0.4872034788131714 -0.8633626699447632,-31.93284606933594 -149.6228485107422 857.1336059570312,0.69
2,322,9,0.7369780540466309,0.07165224850177765 -0.9151998162269592 0.39657941460609436 -0.4948950409889221 -0.37782829999923706 -0.782511830329895 0.8659935593605042 -0.14019644260406494 -0.4800001084804535,-10.918790817260742 -29.67904281616211 1252.1248779296875,0.69
2,338,9,0.9780378341674805,-0.9958701729774475 0.08956469595432281 -0.014855933375656605 0.07306887209415436 0.6935816407203674 -0.7166627645492554 -0.053883880376815796 -0.7147886157035828 -0.6972616910934448,-71.53887939453125 60.47236633300781 591.7312622070312,0.69
2,342,9,0.975597620010376,-0.9482223391532898 -0.317460298538208 0.009660064242780209 -0.280879944562912 0.8239864110946655 -0.4920901954174042 0.14825934171676636 -0.4693242013454437 -0.8704906105995178,-153.1537628173828 51.615638732910156 617.6553344726562,0.69
2,356,9,0.9580478668212891,-0.8900889754295349 0.4554765820503235 0.016812650486826897 0.06742076575756073 0.16805517673492432 -0.9834692478179932 -0.4507727324962616 -0.8742415904998779 -0.18029263615608215,-139.726806640625 -70.11009979248047 757.7022094726562,0.69
2,362,9,0.9410562515258789,-0.6944165229797363 0.7188277244567871 0.032746557146310806 0.08112896978855133 0.12342967838048935 -0.9890314340591431 -0.7149851322174072 -0.6841431260108948 -0.14402936398983002,-150.38507080078125 -56.014305114746094 727.7369384765625,0.69
2,365,9,0.95607590675354,-0.2636798322200775 0.8563846349716187 -0.4439351260662079 0.45560213923454285 -0.29508548974990845 -0.8398519158363342 -0.8502350449562073 -0.42370983958244324 -0.31236258149147034,-205.75624084472656 -54.0360221862793 710.214111328125,0.69
2,368,9,0.9697411060333252,0.5161843299865723 0.820920467376709 -0.2442198544740677 0.654144823551178 -0.5619350075721741 -0.5062841176986694 -0.5528547167778015 0.10158078372478485 -0.8270628452301025,-49.289573669433594 -1.4050039052963257 638.6530151367188,0.69
2,387,9,0.9463901519775391,-0.6921129822731018 0.5458276867866516 -0.4722835421562195 0.6532508134841919 0.1953916698694229 -0.7314953804016113 -0.3069901168346405 -0.814797043800354 -0.49179553985595703,-248.84713745117188 -70.63905334472656 748.5281372070312,0.69
2,389,9,0.9352688789367676,-0.939822256565094 0.2126416712999344 -0.26742786169052124 0.3122457265853882 0.21681340038776398 -0.9249295592308044 -0.1386965960264206 -0.9527725577354431 -0.27016252279281616,-56.143463134765625 -75.02208709716797 800.3331298828125,0.69
2,402,9,0.9580478668212891,0.931835949420929 0.353191614151001 -0.08329105377197266 0.3317990303039551 -0.922218382358551 -0.19855129718780518 -0.14693918824195862 0.1573813408613205 -0.9765449166297913,112.67839813232422 226.715576171875 1021.943115234375,0.69
2,415,9,0.9629085063934326,0.7531476616859436 0.6046585440635681 -0.25914570689201355 0.2529316246509552 -0.629804253578186 -0.734419584274292 -0.6072841286659241 0.48758023977279663 -0.6272729635238647,129.2271270751953 122.49270629882812 916.9816284179688,0.69
2,417,9,0.9517064094543457,0.6038307547569275 0.7629003524780273 -0.23102249205112457 0.3334243893623352 -0.5049871206283569 -0.7961257100105286 -0.7240279912948608 0.40369662642478943 -0.5592963695526123,99.60694122314453 121.81224822998047 947.5537719726562,0.69
2,425,9,0.952216386795044,0.6227726936340332 -0.44767656922340393 -0.6416695713996887 -0.7352442145347595 -0.0544363409280777 -0.67561274766922 0.26752588152885437 0.892536997795105 -0.3630531132221222,42.60124969482422 70.51371765136719 978.3507690429688,0.69
2,428,9,0.9415168762207031,0.935858964920044 0.03746437653899193 -0.3503774404525757 -0.3038512170314789 -0.4177361726760864 -0.8562540411949158 -0.17844435572624207 0.9077956080436707 -0.3795585334300995,-67.75945281982422 107.69935607910156 1049.2679443359375,0.69
2,434,9,0.9580671787261963,-0.019109999760985374 0.9257284998893738 -0.3777056932449341 0.3599886894226074 -0.34606704115867615 -0.8663981556892395 -0.9327609539031982 -0.15252666175365448 -0.32663846015930176,288.8432312011719 18.50348472595215 879.6771850585938,0.69
2,435,9,0.9624204635620117,-0.02578987367451191 0.9234870076179504 -0.38276198506355286 0.35068434476852417 -0.3501991033554077 -0.8685511350631714 -0.9361386299133301 -0.15662845969200134 -0.3148207664489746,291.3915100097656 25.92357635498047 837.6992797851562,0.69
2,438,9,0.9541666507720947,0.30148711800575256 0.9135107398033142 -0.2731363773345947 0.36142387986183167 -0.37457966804504395 -0.8538517355918884 -0.8823140859603882 0.15870726108551025 -0.4430955648422241,195.3868865966797 59.031272888183594 900.155029296875,0.69
2,446,9,0.9599990844726562,0.9289422631263733 -0.3653329312801361 -0.0599849596619606 -0.2932562828063965 -0.6271990537643433 -0.7215414047241211 0.22598037123680115 0.6878612637519836 -0.6897678375244141,150.48556518554688 55.5509033203125 914.1779174804688,0.69
2,453,9,0.9570920467376709,0.9521559476852417 -0.21364189684391022 0.21853198111057281 -0.13248491287231445 -0.9329267740249634 -0.33480650186538696 0.27540308237075806 0.2898358404636383 -0.916595995426178,24.87704086303711 179.8131866455078 1071.8310546875,0.69
2,473,9,0.9594922065734863,0.9032073020935059 -0.20084048807621002 -0.3793148994445801 -0.4291086196899414 -0.44124722480773926 -0.7881413102149963 -0.009080955758690834 0.8746222257614136 -0.48472005128860474,-13.609516143798828 35.231842041015625 1018.9713134765625,0.69
2,474,9,0.9624204635620117,-0.15530633926391602 0.9392500519752502 -0.30608710646629333 0.7366238832473755 -0.09634681046009064 -0.6694046258926392 -0.6582287549972534 -0.3294338583946228 -0.6769107580184937,212.2916717529297 38.62289810180664 832.5687255859375,0.69
2,476,9,0.9526820182800293,0.14871492981910706 0.9800667762756348 -0.13173097372055054 0.7695272564888 -0.19835837185382843 -0.6070270538330078 -0.6210569739341736 -0.011096579022705555 -0.7836868762969971,382.6282043457031 -76.36749267578125 925.44775390625,0.69
2,477,9,0.9502429962158203,0.46287474036216736 0.8818334937095642 -0.09009242802858353 0.5907236933708191 -0.3826461136341095 -0.7103713750839233 -0.6609027981758118 0.27559322118759155 -0.6980371475219727,289.6476135253906 -185.00570678710938 1049.360107421875,0.69
2,480,9,0.9390802383422852,0.4227741062641144 0.8958946466445923 -0.1365092694759369 0.45191487669944763 -0.33898794651031494 -0.8251424431800842 -0.7855157256126404 0.2871583104133606 -0.5481834411621094,228.38116455078125 -209.1322479248047 1058.4808349609375,0.69
2,491,9,0.9546117782592773,0.2430814653635025 0.9522872567176819 0.18455515801906586 0.7630106210708618 -0.07023746520280838 -0.6425586342811584 -0.5989376306533813 0.2970116436481476 -0.743678629398346,52.5404052734375 63.00722885131836 1067.9886474609375,0.69
2,494,9,0.9580478668212891,0.13676095008850098 0.9804221391677856 0.14166463911533356 0.13484564423561096 0.12325199693441391 -0.9831711649894714 -0.9813833236694336 0.1535622924566269 -0.11534955352544785,-78.57328796386719 160.23175048828125 959.7105712890625,0.69
2,499,9,0.9449281692504883,-0.039962783455848694 0.9983236789703369 0.041866373270750046 0.00292055681347847 0.042016372084617615 -0.999112606048584 -0.9991969466209412 -0.03980503976345062 -0.0045947544276714325,-101.7688980102539 257.0162048339844 1049.8021240234375,0.69
2,501,9,0.965836763381958,-0.5527175664901733 0.827536940574646 -0.0984165370464325 0.3603634238243103 0.1308494508266449 -0.9235889911651611 -0.7514262795448303 -0.5459495186805725 -0.3705368638038635,196.83851623535156 9.372735023498535 756.3411865234375,0.69
2,503,9,0.9624204635620117,-0.3291610777378082 0.9310958385467529 0.15720540285110474 0.20111985504627228 0.2317921221256256 -0.9517475366592407 -0.9226070642471313 -0.28166112303733826 -0.2635588049888611,149.45989990234375 100.40631866455078 1014.6356811523439,0.69
2,521,9,0.9609925746917725,-0.760765790939331 -0.599209725856781 0.24936529994010925 -0.5567288398742676 0.40500253438949585 -0.7252764701843262 0.33359917998313904 -0.6905943751335144 -0.6417094469070435,-101.10308074951172 -94.70689392089844 921.3209838867188,0.69
2,532,9,0.9653487205505371,-0.7522066235542297 0.6581465601921082 -0.032068148255348206 0.6239389181137085 0.6957734227180481 -0.3558083474636078 -0.21186187863349915 -0.2876499593257904 -0.9340085983276367,130.4021453857422 15.159794807434082 913.398681640625,0.69
2,535,9,0.9590234756469727,-0.6227671504020691 0.7735520005226135 -0.11738140136003494 0.7823204398155212 0.6134151220321655 -0.10815133154392242 -0.011657160706818104 -0.15918296575546265 -0.987180233001709,180.0073699951172 128.84507751464844 1003.6452026367189,0.69
2,540,9,0.9677889347076416,-0.9597454071044922 -0.09992681443691254 0.2624947130680084 -0.25829288363456726 0.6811298727989197 -0.6850888729095459 -0.11033426225185394 -0.7253113985061646 -0.6795216202735901,-60.73438262939453 51.13178253173828 800.9830322265625,0.69
2,560,9,0.9565844535827637,-0.0436590351164341 -0.9976778626441956 -0.05227627977728844 -0.4902018904685974 0.06698700785636902 -0.8690310120582581 0.8705148100852966 -0.012315118685364723 -0.4919881522655487,210.4864959716797 130.04965209960938 738.9382934570312,0.69
2,563,9,0.9648771286010742,-0.5109965801239014 -0.8155567646026611 -0.27156901359558105 -0.2553575336933136 0.44569605588912964 -0.8579904437065125 0.8207771182060242 -0.3690829873085022 -0.43600767850875854,132.76429748535156 14.147346496582031 750.86181640625,0.69
2,571,9,0.9668283462524414,-0.9949814081192017 0.07973102480173111 -0.06045539304614067 0.08480306714773178 0.3512735068798065 -0.9324244856834412 -0.05310678109526634 -0.9328718185424805 -0.35627204179763794,-10.558869361877441 148.42286682128906 796.1663818359375,0.69
2,589,9,0.9687795639038086,-0.836114764213562 0.5468364953994751 -0.04337998852133751 0.5129411220550537 0.7513543963432312 -0.41516008973121643 -0.19443094730377197 -0.3693728446960449 -0.9087135195732117,64.60611724853516 100.31240844726562 755.4638671875,0.69
2,603,9,0.9721941947937012,-0.9267116785049438 -0.3679896891117096 -0.07608683407306671 -0.038412563502788544 0.2941886782646179 -0.9549750685691833 0.37380489706993103 -0.8820638060569763 -0.286763459444046,-102.26384735107422 7.714780807495117 776.941162109375,0.69
2,607,9,0.9663248062133789,-0.2198619693517685 0.9267238974571228 -0.3047023415565491 0.40163907408714294 -0.19865302741527557 -0.8939927220344543 -0.889014482498169 -0.318935364484787 -0.32853230834007263,89.47288513183594 -16.881994247436523 690.4885864257812,0.69
2,611,9,0.9575400352478027,-0.2989034056663513 0.9061039090156555 -0.29938653111457825 0.4102635085582733 -0.16123992204666138 -0.8975998163223267 -0.8615918755531311 -0.3911230266094208 -0.32354623079299927,72.0853042602539 -34.52653121948242 652.0419921875,0.69
2,615,9,0.9609746932983398,0.22983425855636597 0.9490662813186646 0.21552146971225739 0.8285714983940125 -0.07464653998613358 -0.5548849701881409 -0.5105346441268921 0.3061065375804901 -0.8035255670547485,145.46278381347656 -43.73896408081055 827.001220703125,0.69
2,625,9,0.9536576271057129,0.24286195635795593 -0.9665329456329346 0.0826573446393013 -0.3593643307685852 -0.16878817975521088 -0.917806088924408 0.9010412693023682 0.19319607317447662 -0.3883296847343445,70.11460876464844 4.3349528312683105 760.4229736328125,0.69
2,642,9,0.9673008918762207,-0.9219781756401062 0.36657533049583435 0.12481487542390823 0.22980059683322906 0.77735835313797 -0.5855814218521118 -0.31168562173843384 -0.5112107396125793 -0.8009467124938965,73.89505004882812 58.6811637878418 746.7769775390625,0.69
2,648,9,0.9741454124450684,-0.8783196806907654 0.4708927273750305 0.08254899829626083 0.1413818895816803 0.4207928478717804 -0.8960716724395752 -0.45668965578079224 -0.775366485118866 -0.4361664354801178,122.60867309570312 3.936370849609375 673.2195434570312,0.69
2,649,9,0.9751095771789551,-0.937127411365509 0.3481825888156891 0.02368577942252159 0.20270505547523499 0.5983114838600159 -0.775199294090271 -0.2840823531150818 -0.7216593027114868 -0.6312724947929382,98.2272720336914 46.85773849487305 625.0284423828125,0.69
2,650,9,0.9775497913360596,-0.8772591352462769 0.47778093814849854 0.046278323978185654 0.057409338653087616 0.20014794170856476 -0.9780822992324829 -0.47657155990600586 -0.855374813079834 -0.2030107080936432,100.9446792602539 49.41917419433594 636.8929443359375,0.69
2,652,9,0.9702291488647461,-0.9370165467262268 -0.3490455448627472 -0.012932423502206802 -0.2955467998981476 0.8120434880256653 -0.5032270550727844 0.18615087866783142 -0.4677099287509918 -0.8640574216842651,-54.36977767944336 78.94609832763672 666.0234375,0.69
2,667,9,0.9770617485046387,-0.2218199223279953 0.9740234017372131 -0.045544903725385666 0.4147126078605652 0.051965340971946716 -0.9084674119949341 -0.8825017809867859 -0.2204042226076126 -0.4154667258262634,46.44261932373047 58.87718200683594 599.986083984375,0.69
2,669,9,0.9619503021240234,0.11194058507680893 0.9928427934646606 -0.04162353277206421 0.6619472503662109 -0.10574250668287277 -0.7420541048049927 -0.7411444783210754 0.055513396859169006 -0.6690464615821838,-152.73741149902344 8.220568656921387 669.9008178710938,0.69
2,679,9,0.9521942138671875,0.3086644113063812 0.951142430305481 0.00737014738842845 0.5538308620452881 -0.17341867089271545 -0.814369261264801 -0.7733030319213867 0.2554486095905304 -0.5803002715110779,82.98394775390625 -88.48707580566406 752.6028442382812,0.69
2,691,9,0.9697411060333252,0.9967696666717529 0.06061304733157158 -0.052691057324409485 0.048758506774902344 -0.9780274033546448 -0.20269495248794556 -0.06381924450397491 0.19947104156017303 -0.9778233766555786,-28.02736473083496 74.2344970703125 692.5892944335938,0.69
2,695,9,0.967937707901001,0.9567426443099976 -0.1257151961326599 0.2623720169067383 -0.007040875032544136 -0.9115632176399231 -0.4110996127128601 0.2908501625061035 0.39146924018859863 -0.8730165958404541,6.09610652923584 55.774879455566406 630.6786499023438,0.69
2,703,9,0.9614624977111816,0.829964816570282 -0.5474289655685425 -0.10714452713727951 -0.3774000108242035 -0.4096282720565796 -0.8305262923240662 0.41076475381851196 0.7297439575195312 -0.546576738357544,171.96347045898438 196.61831665039062 956.8630981445312,0.69
2,708,9,0.9565844535827637,0.7029910683631897 -0.7082457542419434 -0.06474220752716064 -0.6376858949661255 -0.587402880191803 -0.4983118176460266 0.3148975074291229 0.39159396290779114 -0.8645771741867065,156.07302856445312 194.61270141601562 1008.423095703125,0.69
2,711,9,0.9634137153625488,0.9901208281517029 -0.11666574329137802 0.0777803286910057 0.02468797378242016 -0.400999516248703 -0.9157455563545227 0.13802599906921387 0.9086190462112427 -0.3941577672958374,9.965849876403809 255.74740600585938 942.3302001953125,0.69
2,740,9,0.9648771286010742,0.9340225458145142 0.3526414632797241 -0.056974612176418304 -0.011553071439266205 -0.12959203124046326 -0.9915000796318054 -0.35702747106552124 0.9267416596412659 -0.11696776002645493,-143.01625061035156 211.75132751464844 926.0214233398438,0.69
2,750,9,0.9668128490447998,0.9932331442832947 -0.11228615045547485 -0.029659483581781387 -0.09117633104324341 -0.595719575881958 -0.7980005741119385 0.07193568348884583 0.7953048348426819 -0.601926326751709,47.560142517089844 110.82842254638672 825.5985717773438,0.69
2,754,9,0.9609746932983398,0.9868944883346558 -0.13319340348243713 -0.09109716862440109 -0.1608688235282898 -0.8563864231109619 -0.4906356632709503 -0.012664947658777237 0.49886032938957214 -0.8665897846221924,104.23407745361328 50.83210754394531 939.1739501953125,0.69
2,756,9,0.9638845920562744,0.9917148947715759 -0.10506556928157806 -0.07391174137592316 -0.11910411715507507 -0.5364971160888672 -0.8354549407958984 0.04812411591410637 0.8373363018035889 -0.5445658564567566,62.15781784057617 53.00960922241211 871.8439331054688,0.69
2,757,9,0.9697411060333252,0.9977255463600159 0.023095611482858658 -0.06332568824291229 -0.04105137288570404 -0.5369491577148438 -0.8426151275634766 -0.053463395684957504 0.8432981967926025 -0.5347799062728882,73.58079528808594 21.922529220581055 885.2767333984375,0.69
2,758,9,0.9648606777191162,0.999427080154419 0.015715014189481735 0.029974134638905525 0.03317216411232948 -0.630442202091217 -0.7755270600318909 0.006709542591124773 0.7760770916938782 -0.6306023597717285,59.718570709228516 -12.17163372039795 940.3932495117188,0.69
2,761,9,0.9673161506652832,0.9818086624145508 0.17507420480251312 0.07348950207233429 0.12745660543441772 -0.3208130896091461 -0.9385274648666382 -0.14073555171489716 0.9308211207389832 -0.3372914493083954,18.767669677734375 121.59249114990234 895.2105712890625,0.69
2,762,9,0.9653487205505371,-0.9370571970939636 0.34914106130599976 -0.004934172611683607 0.13000817596912384 0.33574339747428894 -0.9329385161399841 -0.324070543050766 -0.8748582601547241 -0.36000195145606995,41.455909729003906 24.321273803710938 921.9293823242188,0.69
2,764,9,0.9604682922363281,-0.8116063475608826 0.5835698246955872 0.02723187580704689 0.3548645079135895 0.5294879674911499 -0.7705281376838684 -0.4640759229660034 -0.6157019138336182 -0.6368238925933838,206.6198272705078 133.58657836914062 1040.278076171875,0.69
2,768,9,0.9551210403442383,-0.7969837188720703 0.6028901934623718 -0.036611974239349365 0.5234984159469604 0.6592549085617065 -0.539752185344696 -0.3012746572494507 -0.44934001564979553 -0.8410274386405945,187.83450317382812 -21.987930297851562 1059.5416259765625,0.69
2,769,9,0.9585356712341309,-0.8738637566566467 0.4827892482280731 -0.05724416673183441 0.4444940686225891 0.7456964254379272 -0.4963488280773163 -0.19694505631923676 -0.459185928106308 -0.8662338852882385,184.75411987304688 -20.214473724365234 1050.639892578125,0.69
2,770,9,0.9580478668212891,-0.7042823433876038 0.7098660469055176 -0.00875301193445921 0.6176528334617615 0.6066228151321411 -0.5005133748054504 -0.3499876856803894 -0.35790905356407166 -0.8656845092773438,154.02236938476562 11.924327850341797 906.47412109375,0.69
2,773,9,0.960486888885498,-0.9583495259284973 0.10077018290758133 0.2672291696071625 0.004117012023925781 0.9404610991477966 -0.3398764133453369 -0.2855680584907532 -0.32462021708488464 -0.9017053842544556,102.41365051269531 143.56771850585938 1022.6892089843751,0.69
2,775,9,0.9526820182800293,-0.8958194255828857 0.4241047501564026 0.13282589614391327 0.3822169303894043 0.8877192735671997 -0.2566412091255188 -0.22675484418869019 -0.17913588881492615 -0.9573361873626709,272.0842590332031 87.71185302734375 1034.15478515625,0.69
2,785,9,0.9565844535827637,-0.7728481888771057 0.6334714889526367 0.037676360458135605 0.2926037311553955 0.4084073603153229 -0.8646308779716492 -0.5631062388420105 -0.6572041511535645 -0.500993013381958,377.32000732421875 83.3784408569336 1055.90283203125,0.69
2,788,9,0.970717191696167,-0.946090579032898 0.3236437439918518 0.012937404215335846 0.09695739299058914 0.3210890293121338 -0.9420727491378784 -0.3090500235557556 -0.8900318741798401 -0.33515894412994385,179.82440185546875 77.47328186035156 850.9002075195312,0.69
2,791,9,0.9565844535827637,-0.9008468985557556 0.4298780560493469 0.06066083908081055 0.12548068165779114 0.39158546924591064 -0.9115455746650696 -0.41560736298561096 -0.8135512471199036 -0.4066999554634094,194.5030059814453 -3.309635639190674 968.6424560546875,0.69
2,794,9,0.9663248062133789,-0.6986886262893677 0.674899697303772 0.23737037181854248 0.19120553135871887 0.49587440490722656 -0.8470826745033264 -0.6894016861915588 -0.5464605093002319 -0.47550636529922485,-159.7209930419922 41.22946548461914 920.5275268554688,0.69
2,801,9,0.960956335067749,-0.787584125995636 0.6119574904441833 0.0722450539469719 0.08162085711956024 0.2198099046945572 -0.9721222519874573 -0.6107776165008545 -0.7597314119338989 -0.2230672687292099,-79.87288665771484 89.43560028076172 1026.1536865234375,0.69
2,803,9,0.9624204635620117,-0.899945080280304 0.42569097876548767 0.09426555037498474 -0.01115044578909874 0.19366203248500824 -0.9810049533843994 -0.43586063385009766 -0.8839017152786255 -0.16953857243061066,-75.66444396972656 153.5917205810547 1014.5685424804686,0.69
2,804,9,0.9609746932983398,-0.9590107798576355 0.2714233696460724 0.08141025900840759 -0.017175499349832535 0.23108874261379242 -0.9727810621261597 -0.2828485071659088 -0.934305727481842 -0.21695475280284882,12.211965560913086 94.32920837402344 1053.257080078125,0.69
2,808,9,0.9585161209106445,-0.8277801871299744 0.5379248857498169 -0.15942616760730743 0.3296155333518982 0.23632338643074036 -0.914059579372406 -0.4540192186832428 -0.8091897368431091 -0.3729322552680969,160.6864471435547 -93.71492767333984 994.5916748046875,0.69
2,809,9,0.9546332359313965,-0.9346041679382324 -0.3456735908985138 0.08381474018096924 -0.32608404755592346 0.7385647296905518 -0.5900774598121643 0.14207157492637634 -0.5788195729255676 -0.8029842376708984,-49.45273208618164 111.03582763671875 905.9727172851562,0.69
2,819,9,0.9644055366516113,-0.9951907992362976 -0.06040956825017929 0.07711022347211838 -0.08043114840984344 0.9532599449157715 -0.2912493646144867 -0.0559118390083313 -0.2960507571697235 -0.9535343050956726,110.9098892211914 237.11068725585938 924.095947265625,0.69
2,821,9,0.9614624977111816,-0.9953418970108032 -0.05607711523771286 0.07842151075601578 -0.0931929498910904 0.7679708003997803 -0.6336685419082642 -0.0246911458671093 -0.638025164604187 -0.7696195244789124,179.0553741455078 133.6659393310547 954.0007934570312,0.69
2,828,9,0.9658527374267578,-0.9476515054702759 -0.31800422072410583 -0.028809024021029472 -0.14867247641086578 0.5192841291427612 -0.8415703177452087 0.28258293867111206 -0.793232262134552 -0.539378821849823,67.57571411132812 91.9903335571289 862.4707641601562,0.69
2,837,9,0.9624204635620117,-0.44079312682151794 0.8970807790756226 -0.030779527500271797 0.6907989978790283 0.3171391189098358 -0.6497841477394104 -0.5731475353240967 -0.3076828718185425 -0.7594953179359436,173.22903442382812 -49.865962982177734 977.403076171875,0.69
2,840,9,0.9594922065734863,-0.743469774723053 0.6615779399871826 -0.09781336039304733 0.4504099488258362 0.38722148537635803 -0.8044815063476562 -0.49435174465179443 -0.6421638131141663 -0.5858687162399292,195.0152130126953 -41.578094482421875 870.72998046875,0.69
2,844,9,0.9619324207305908,-0.4851541817188263 0.8709291815757751 -0.07815218716859818 0.6148076057434082 0.2761908173561096 -0.7387356162071228 -0.6218014359474182 -0.40644922852516174 -0.669448971748352,313.2102355957031 -121.88314819335938 859.493896484375,0.69
2,850,9,0.9614443778991699,-0.7006539702415466 0.7089367508888245 -0.08057670295238495 0.29974302649497986 0.18998022377490997 -0.9349126219749451 -0.6474859714508057 -0.6792024970054626 -0.34560927748680115,137.7425994873047 -99.64704895019531 875.87646484375,0.69
2,856,9,0.96826171875,-0.9809645414352417 0.15506748855113983 0.11688685417175293 0.0057477024383842945 0.6248528361320496 -0.7807214260101318 -0.19410157203674316 -0.7651882171630859 -0.6138498187065125,138.96812438964844 79.80647277832031 838.6065673828125,0.69
2,867,9,0.9639015197753906,-0.2882134020328522 0.7971989512443542 -0.5304778814315796 0.8473057150840759 -0.045768726617097855 -0.529129683971405 -0.44610100984573364 -0.6019791960716248 -0.6622800827026367,185.06793212890625 -52.88362121582031 831.7045288085938,0.69
2,871,9,0.9633965492248535,-0.5332892537117004 0.7394385933876038 -0.41089293360710144 0.6528517007827759 0.05087096989154816 -0.7557755708694458 -0.5379471778869629 -0.671299159526825 -0.5098727345466614,40.655513763427734 -33.20164108276367 765.8587646484375,0.69
2,877,9,0.974609375,-0.9839470982551575 0.08165298402309418 0.15868477523326874 -0.13184313476085663 0.26666703820228577 -0.9547282457351685 -0.12027242034673691 -0.9603236317634583 -0.251620888710022,-12.762011528015137 145.6593780517578 795.025390625,0.69
2,883,9,0.9682769775390625,-0.9029209017753601 0.4121896028518677 -0.1217927485704422 0.16971062123775482 0.08156702667474747 -0.9821125268936157 -0.3948823809623718 -0.9074394702911377 -0.14360155165195465,90.40724182128906 93.14347076416016 774.8128662109375,0.69
2,886,9,0.9663248062133789,-0.945958137512207 0.29734283685684204 -0.12942346930503845 0.1889425367116928 0.18099230527877808 -0.9651644825935364 -0.26356008648872375 -0.9374587535858154 -0.22739185392856598,25.79888916015625 58.45773696899414 792.4407958984375,0.69
2,894,9,0.960486888885498,-0.7014915943145752 0.7047957181930542 -0.10570022463798523 0.5826694965362549 0.4817788898944855 -0.6545115113258362 -0.4103728234767914 -0.5207226872444153 -0.7486267685890198,217.11968994140625 -61.426151275634766 816.4345703125,0.69
2,902,9,0.9586262702941895,-0.7732386589050293 0.6285397410392761 0.08390321582555771 0.21738316118717194 0.3870435655117035 -0.8960702419281006 -0.5956898927688599 -0.6746370196342468 -0.43591102957725525,213.69712829589844 -114.68318939208984 837.2266235351562,0.69
2,903,9,0.9580671787261963,-0.8447751402854919 0.5191869139671326 -0.12961459159851074 0.20613069832324982 0.09219662845134735 -0.9741714596748352 -0.4938269555568695 -0.849673330783844 -0.1849057972431183,176.9994659423828 21.9749755859375 925.66015625,0.69
2,904,9,0.9599990844726562,-0.8788487911224365 0.45832592248916626 -0.13252173364162445 0.22112467885017395 0.14516693353652954 -0.9643808603286743 -0.4227629601955414 -0.8768488168716431 -0.22892698645591736,301.7053527832031 -25.163330078125 882.3490600585938,0.69
2,907,9,0.9638845920562744,-0.9468815326690674 -0.3083076477050781 0.09144215285778046 -0.2928864061832428 0.7093738317489624 -0.6410977244377136 0.13278868794441223 -0.6338257789611816 -0.7619921565055847,124.59357452392578 157.93060302734375 693.3185424804688,0.69
2,909,9,0.9668283462524414,-0.8902472853660583 -0.44893985986709595 0.07689514011144638 -0.3163236975669861 0.4879225790500641 -0.8135544657707214 0.3277181386947632 -0.7485884428024292 -0.576382040977478,86.20868682861328 102.43973541259766 716.8721923828125,0.69
2,918,9,0.960956335067749,-0.9737790822982788 0.22376878559589386 0.04101014509797096 0.16474665701389313 0.8179490566253662 -0.5511965751647949 -0.1568848341703415 -0.5299873948097229 -0.833366870880127,140.45269775390625 72.94918823242188 774.3084716796875,0.69
