scene_id,im_id,obj_id,score,R,t,time
2,3,6,0.9458780288696289,0.23606085777282715 -0.9643784761428833 -0.11937080323696136 -0.9431468844413757 -0.1978006213903427 -0.26711219549179077 0.23398560285568237 0.17563894391059875 -0.9562435150146484,113.84059143066406 -316.3953552246094 1228.1669921875,0.69
2,8,6,0.9419775009155273,0.2560228705406189 -0.9643091559410095 0.06752728670835495 -0.9630489945411682 -0.2604817748069763 -0.06845282018184662 0.08359930664300919 -0.04750659316778183 -0.9953663945198059,-81.3613510131836 -234.59495544433594 1163.7607421875,0.69
2,17,6,0.9117898941040039,0.35033243894577026 -0.9247407913208008 -0.1487334966659546 -0.6613489985466003 -0.13178348541259766 -0.7384108901023865 0.6632380485534668 0.3570540249347687 -0.6577444076538086,100.76516723632812 -131.30084228515625 1337.974609375,0.69
2,27,6,0.7208061218261719,0.47229689359664917 -0.8798019886016846 0.05370541289448738 -0.1620037704706192 -0.14653557538986206 -0.9758495092391968 0.8664239645004272 0.45219022035598755 -0.21173952519893646,229.2433624267578 -44.327430725097656 1379.105712890625,0.69
2,36,6,0.9565844535827637,0.282507985830307 -0.9589240550994873 -0.025572337210178375 -0.9249814748764038 -0.2652512490749359 -0.27212339639663696 0.2541625499725342 0.10053097456693649 -0.9619225263595581,117.37284851074219 -208.71182250976562 1237.3936767578125,0.69
2,38,6,0.934237003326416,-0.019271865487098694 -0.9961785078048706 0.08518792688846588 -0.9891973733901978 0.006613996811211109 -0.14644040167331696 0.14531737565994263 -0.08708985894918442 -0.9855446219444275,53.28482437133789 -227.60116577148438 1182.323974609375,0.69
2,39,6,0.9449281692504883,-0.06981521844863892 -0.9953935146331787 0.06570907682180405 -0.9578777551651001 0.04849880561232567 -0.28305140137672424 0.27856072783470154 -0.08270256221294403 -0.9568511843681335,72.26078796386719 -164.95416259765625 1183.4677734375,0.69
2,41,6,0.9434401988983154,-0.12671983242034912 -0.9901357889175415 0.059777189046144485 -0.9099538326263428 0.09204531461000443 -0.40436577796936035 0.39487478137016296 -0.10563565045595169 -0.9126418232917786,105.64746856689453 -195.7293243408203 1244.2193603515625,0.69
2,47,6,0.937159538269043,-0.1297890692949295 -0.9893659949302673 0.0656486377120018 -0.8300936222076416 0.07220586389303207 -0.5529292821884155 0.5423092842102051 -0.1262587010860443 -0.8306379914283752,60.50281524658203 -244.64242553710938 1265.2325439453125,0.69
2,58,6,0.8816866874694824,-0.1935269832611084 -0.9348639249801636 -0.2976183295249939 -0.37947818636894226 0.3510696291923523 -0.8560060858726501 0.9047339558601379 -0.05272062122821808 -0.4227019250392914,-13.80621337890625 -87.01484680175781 1406.4591064453125,0.69
2,61,6,0.9443628787994385,-0.32488709688186646 -0.925187885761261 -0.1961524784564972 -0.5517253875732422 0.3538629412651062 -0.7552351951599121 0.7681455016136169 -0.13714388012886047 -0.6254150867462158,89.41175842285156 -171.78265380859375 1335.599609375,0.69
2,62,6,0.9356088638305664,-0.5514256358146667 -0.8341957330703735 0.00687197782099247 -0.6374974250793457 0.4160609543323517 -0.6484522223472595 0.5380769968032837 -0.36195406317710876 -0.7612242698669434,-220.65145874023438 -210.31356811523438 1309.0205078125,0.69
2,64,6,0.8587381839752197,-0.5406104326248169 -0.8411222696304321 -0.01592976599931717 -0.49713829159736633 0.33468425273895264 -0.8005248308181763 0.6786706447601318 -0.42485281825065613 -0.5990878939628601,-214.87509155273438 -116.37165832519531 1368.7076416015625,0.69
2,65,6,0.7744545936584473,-0.37035730481147766 -0.7727860808372498 -0.5154000520706177 -0.0435604602098465 0.5686950087547302 -0.8213942646980286 0.9278674721717834 -0.28175830841064453 -0.2442832887172699,106.47999572753906 75.84004211425781 1401.894287109375,0.69
2,69,6,0.7952549457550049,0.06898994743824005 -0.956845223903656 -0.28228995203971863 -0.2346259206533432 0.25946471095085144 -0.9368184208869934 0.969634473323822 0.13086359202861786 -0.20660021901130676,15.866158485412598 131.16941833496094 1473.03857421875,0.69
2,72,6,0.3784668445587158,0.8438321352005005 0.3968186676502228 -0.36122336983680725 -0.2352806031703949 -0.3314013183116913 -0.9136828184127808 -0.48227623105049133 0.8559837341308594 -0.18628336489200592,103.5079574584961 -30.109485626220703 1400.414306640625,0.69
2,79,6,0.9658682346343994,0.7420606017112732 -0.562780499458313 -0.3641759157180786 -0.6153031587600708 -0.35628649592399597 -0.7031798958778381 0.2659849524497986 0.745880663394928 -0.6106668710708618,461.4517517089844 -108.58312225341797 1216.9632568359375,0.69
2,89,6,0.9201838970184326,0.29096436500549316 -0.6105152368545532 -0.7366212606430054 -0.7131063938140869 0.3748984634876251 -0.5923937559127808 0.6378235220909119 0.6976547837257385 -0.32628029584884644,147.5069122314453 -189.98793029785156 1253.01513671875,0.69
2,96,6,0.9498014450073242,0.6840966939926147 -0.6813792586326599 -0.26025789976119995 -0.3178962767124176 0.042613591998815536 -0.9471674561500549 0.6564707159996033 0.7306891083717346 -0.18745610117912292,345.0659484863281 93.33145904541016 1306.163818359375,0.69
2,97,6,0.9644055366516113,0.7055785655975342 -0.6213266849517822 -0.34075212478637695 -0.6972916722297668 -0.5230685472488403 -0.49008533358573914 0.12626636028289795 0.5833973288536072 -0.802311897277832,513.1421508789062 -283.0984191894531 1095.913818359375,0.69
2,102,6,0.9697411060333252,0.8315980434417725 -0.4385717213153839 -0.3407338857650757 -0.5546724200248718 -0.6867797374725342 -0.4697574973106384 -0.027986770495772362 0.5796450972557068 -0.8143882751464844,459.1180725097656 -236.4130096435547 1085.0914306640625,0.69
2,107,6,0.9599802494049072,0.8869857788085938 -0.36317136883735657 -0.2852415144443512 -0.44326314330101013 -0.842790424823761 -0.3053228557109833 -0.12951429188251495 0.397254079580307 -0.908523678779602,326.6621398925781 -132.54656982421875 1088.7484130859375,0.69
2,110,6,0.9663248062133789,0.8347653150558472 -0.4203605651855469 -0.35561755299568176 -0.5416894555091858 -0.5112196803092957 -0.667253315448761 0.0986882820725441 0.7496342062950134 -0.6544533967971802,422.72369384765625 -111.1339111328125 1146.45166015625,0.69
2,115,6,0.9619324207305908,0.7165888547897339 -0.5774818062782288 -0.3911714553833008 -0.516862154006958 -0.06306325644254684 -0.8537426590919495 0.4683523178100586 0.8139642477035522 -0.3436689078807831,309.01727294921875 -121.49653625488281 1263.720947265625,0.69
2,119,6,0.9444153308868408,0.30312633514404297 -0.9003646969795227 -0.3121824562549591 -0.8915391564369202 -0.1522436887025833 -0.4265908896923065 0.336559534072876 0.40763384103775024 -0.848859429359436,323.6529846191406 -312.9068603515625 1074.811767578125,0.69
2,124,6,0.9512186050415039,0.368219792842865 -0.905788004398346 -0.20967204868793488 -0.9144284129142761 -0.393584668636322 0.0944027379155159 -0.16803258657455444 0.1569691151380539 -0.9732038974761963,180.38699340820312 -304.9100646972656 1020.5881347656249,0.69
2,126,6,0.952216386795044,0.21720319986343384 -0.9722195863723755 -0.08724569529294968 -0.9756622314453125 -0.21347501873970032 -0.050115521997213364 0.030098505318164825 0.0960075855255127 -0.9949254393577576,190.6918487548828 -347.03839111328125 1072.4940185546875,0.69
2,136,6,0.8666524887084961,0.5567420125007629 -0.7706999778747559 0.3099351227283478 -0.5539935827255249 -0.622501790523529 -0.5527952313423157 0.618974506855011 0.13606227934360504 -0.7735357284545898,86.99537658691406 -123.66613006591797 1267.2490234375,0.69
2,153,6,0.9367008209228516,0.8219864964485168 -0.4237324297428131 -0.3805115818977356 -0.5408278107643127 -0.37143397331237793 -0.7546801567077637 0.17844749987125397 0.8261281251907349 -0.5344799757003784,568.6839599609375 -237.55091857910156 1107.9840087890625,0.69
2,156,6,0.9653487205505371,0.8150838017463684 -0.5477561950683594 -0.1886834353208542 -0.47457578778266907 -0.4444815516471863 -0.7597459554672241 0.33228927850723267 0.70880126953125 -0.6222416162490845,249.81065368652344 -90.39938354492188 1169.05908203125,0.69
2,162,6,0.9230339527130127,-0.38259169459342957 -0.9203801155090332 0.08077225089073181 -0.8962183594703674 0.34845438599586487 -0.2745400667190552 0.2245357781648636 -0.1774263232946396 -0.9581772089004517,-46.18380355834961 -260.22113037109375 1208.025390625,0.69
2,166,6,0.9410295486450195,-0.7053902745246887 -0.6898778676986694 0.16276732087135315 -0.6764776110649109 0.586643397808075 -0.44522759318351746 0.2116662710905075 -0.424167662858963 -0.8804993629455566,-223.46881103515625 -189.7398681640625 1120.7435302734375,0.69
2,175,6,0.936126708984375,-0.543191134929657 -0.8196465373039246 0.18199674785137177 -0.8366574645042419 0.5465718507766724 -0.03554552048444748 -0.07033953070640564 -0.17157693207263947 -0.9826564788818359,-130.8506622314453 -220.00732421875 1006.6693725585938,0.69
2,176,6,0.9147534370422363,-0.49529528617858887 -0.8577524423599243 0.1376352161169052 -0.8685138821601868 0.48543089628219604 -0.10020230710506439 0.019136346876621246 -0.16916783154010773 -0.9854015111923218,-160.60488891601562 -316.4853210449219 1075.25048828125,0.69
2,203,6,0.9594922065734863,0.2952934503555298 -0.936706006526947 -0.18810519576072693 -0.9499109983444214 -0.308935284614563 0.04720276594161987 -0.10232746601104736 0.1647445261478424 -0.981013834476471,298.1593017578125 -324.1541442871094 938.7655639648438,0.69
2,207,6,0.9575600624084473,0.516485333442688 -0.5507205724716187 -0.6557055115699768 -0.8551174998283386 -0.29155540466308594 -0.42868342995643616 0.04491028934717178 0.7821139693260193 -0.6215149164199829,396.1302185058594 -320.1230163574219 960.4464721679688,0.69
2,217,6,0.3643636703491211,0.3540889024734497 -0.9010394215583801 -0.25049784779548645 -0.39857426285743713 0.09691432863473892 -0.9120011925697327 0.846025824546814 0.42277151346206665 -0.3248147964477539,171.22479248046875 -30.977327346801758 1237.6585693359375,0.69
2,219,6,0.790283203125,0.646382212638855 -0.7215003967285156 -0.24824847280979156 -0.27576887607574463 0.08245424926280975 -0.9576809406280518 0.7114363312721252 0.6874870657920837 -0.14567038416862488,269.859130859375 -23.99380874633789 1217.65625,0.69
2,221,6,0.9266057014465332,0.5937201380729675 -0.7240816354751587 -0.3510016202926636 -0.49741360545158386 0.01262559462338686 -0.8674216270446777 0.6325157284736633 0.6895986795425415 -0.3526719808578491,212.19174194335938 -15.952389717102053 1107.829345703125,0.69
2,224,6,0.8395559787750244,0.5387473106384277 -0.7105377912521362 0.45264485478401184 -0.254810631275177 -0.6495505571365356 -0.7163488268852234 0.8030086755752563 0.2705923020839691 -0.5309961438179016,246.3666534423828 -71.38662719726562 1145.8956298828125,0.69
2,243,6,0.9336259365081787,-0.4877408742904663 -0.8729883432388306 -1.3271789612190332e-05 -0.70489102602005 0.3938333988189697 -0.5899353623390198 0.5150119662284851 -0.2877262532711029 -0.8074504137039185,-95.89641571044922 -326.1603698730469 1170.16748046875,0.69
2,248,6,0.7895591259002686,-0.07199137657880783 -0.9416837096214294 0.3287081718444824 -0.5485619902610779 -0.2378595471382141 -0.8015626072883606 0.8330048322677612 -0.23802240192890167 -0.4994480311870575,88.98690032958984 -50.83687210083008 1227.26220703125,0.69
2,249,6,0.9400272369384766,-0.4080248475074768 -0.9129021167755127 0.011206544004380703 -0.8162992000579834 0.35929569602012634 -0.4522855877876282 0.4088659882545471 -0.1936916708946228 -0.8918027877807617,-116.40692138671875 -177.25750732421875 1116.4715576171875,0.69
2,254,6,0.9444408416748047,-0.6561606526374817 -0.7165645360946655 0.23661868274211884 -0.7427389621734619 0.5578339695930481 -0.3703513443470001 0.1333867460489273 -0.4187558889389038 -0.8982491493225098,-217.9096221923828 -307.2535705566406 1014.5404052734375,0.69
2,258,6,0.9575400352478027,0.7091906666755676 -0.5349903106689453 -0.45916661620140076 -0.599571168422699 -0.11504063755273819 -0.7920100688934326 0.37089499831199646 0.8369892239570618 -0.402350515127182,409.3443603515625 -47.176876068115234 1063.1259765625,0.69
2,263,6,0.9751095771789551,0.8661469221115112 -0.4160922169685364 -0.27686968445777893 -0.4193415939807892 -0.30362412333488464 -0.8555495738983154 0.2719231843948364 0.8571346402168274 -0.4374678432941437,358.8116455078125 -60.150211334228516 1041.6937255859375,0.69
2,266,6,0.9590234756469727,-0.1822943240404129 -0.9832190871238708 0.007005650550127029 -0.9586674571037292 0.17615023255348206 -0.22344517707824707 0.2184615284204483 -0.04744887724518776 -0.9746913909912109,45.049747467041016 -355.5113525390625 966.2130126953125,0.69
2,268,6,0.880911111831665,-0.00800061784684658 -0.9943024516105652 -0.10629483312368393 -0.9966838955879211 0.016537033021450043 -0.07967201620340347 0.08097588270902634 0.10530492663383484 -0.9911375641822815,87.59245300292969 -393.4970397949219 903.0319213867188,0.69
2,277,6,0.8293304443359375,0.3274432122707367 -0.9260172843933105 -0.18781115114688873 -0.7007167339324951 -0.10464409738779068 -0.7057235240936279 0.6338587403297424 0.36268681287765503 -0.6831408739089966,244.14443969726562 -186.66403198242188 1025.7025146484375,0.69
2,283,6,0.8317966461181641,0.2027834802865982 -0.7112548351287842 -0.6730494499206543 -0.47082558274269104 0.5318461060523987 -0.703891396522522 0.8586047887802124 0.4596264362335205 -0.22702735662460327,103.34162139892578 -218.64529418945312 1182.1513671875,0.69
2,307,6,0.9463901519775391,-0.7031930685043335 -0.6835411787033081 0.19568121433258057 -0.7100734710693359 0.6891952157020569 -0.1442418396472931 -0.036267295479774475 -0.24037788808345795 -0.9700016379356384,-336.02294921875 -251.5861358642578 855.4664306640625,0.69
2,310,6,0.9429788589477539,-0.748184323310852 -0.6486527323722839 0.1395341157913208 -0.6559184789657593 0.6914218664169312 -0.30283117294311523 0.09995530545711517 -0.3180965483188629 -0.9427744150161743,-269.2541198730469 -281.2865295410156 912.0858154296875,0.69
2,322,6,0.8906493186950684,-0.611711859703064 -0.7910011410713196 -0.011209526099264622 -0.5019150972366333 0.399025022983551 -0.7673722505569458 0.6114652752876282 -0.46378448605537415 -0.6411038041114807,-184.3671875 -95.1011962890625 1140.900634765625,0.69
2,326,6,0.8024539947509766,-0.6363346576690674 -0.6521958708763123 -0.41196954250335693 -0.25188398361206055 0.6804408431053162 -0.6881532073020935 0.7291315197944641 -0.33412718772888184 -0.5972657203674316,-172.22117614746094 -106.35218811035156 1031.9454345703125,0.69
2,338,6,0.7943308353424072,0.3270365595817566 -0.9338573217391968 -0.14476676285266876 -0.8313350677490234 -0.21145711839199066 -0.5139725804328918 0.44936513900756836 0.28843751549720764 -0.8455025553703308,99.06852722167969 -288.12481689453125 881.2194213867188,0.69
2,342,6,0.9746215343475342,0.6552749872207642 -0.7371710538864136 -0.1649041771888733 -0.7435306310653687 -0.5908992886543274 -0.3130495846271515 0.1333293616771698 0.32774487137794495 -0.9353109002113342,197.66661071777344 -288.53387451171875 795.1927490234375,0.69
2,356,6,0.9258878231048584,0.6812454462051392 -0.6996976137161255 -0.21523864567279816 -0.43361249566078186 -0.1487891674041748 -0.888730525970459 0.589817464351654 0.6987738013267517 -0.40475964546203613,225.90750122070312 -77.36759948730469 947.8360595703125,0.69
2,362,6,0.7881438732147217,0.5336575508117676 -0.8277195692062378 -0.1734645962715149 -0.5650474429130554 -0.19636599719524384 -0.8013499975204468 0.6292304992675781 0.5256621837615967 -0.5724930167198181,129.84701538085938 -63.28316879272461 1098.185302734375,0.69
2,365,6,0.8710360527038574,-0.12265878915786743 -0.8787053227424622 -0.4613370895385742 -0.5254545211791992 0.4518473446369171 -0.7209241390228271 0.8419337272644043 0.1539839804172516 -0.5171427130699158,-79.77339172363281 -210.5503387451172 1053.365234375,0.69
2,368,6,0.9653487205505371,-0.753532886505127 -0.6559470295906067 0.04383556917309761 -0.6295647621154785 0.7008094787597656 -0.3354315161705017 0.18930494785308838 -0.2803560197353363 -0.9410442113876343,-252.0206298828125 -259.6468505859375 866.8674926757812,0.69
2,387,6,0.9531698226928711,0.32801640033721924 -0.732657790184021 -0.5963369607925415 -0.8829288482666016 -0.013298367150127888 -0.46931853890419006 0.3359195590019226 0.6804672479629517 -0.6512467861175537,56.423622131347656 -308.8930358886719 888.44482421875,0.69
2,389,6,0.9726693630218506,0.721307635307312 -0.45494601130485535 -0.5222446322441101 -0.6290841698646545 -0.11487092077732086 -0.7688028216362 0.2897730767726898 0.8830792307853699 -0.3690566122531891,344.76324462890625 -159.58477783203125 851.0517578125,0.69
2,402,6,0.9395396709442139,0.1502665877342224 -0.975207507610321 -0.16245050728321075 -0.9861723780632019 -0.15946853160858154 0.045097801834344864 -0.06988545507192612 0.15342752635478973 -0.9856855273246765,222.84030151367188 -267.49981689453125 1106.97607421875,0.69
2,415,6,0.9551210403442383,0.2864251136779785 -0.893333911895752 -0.3462875783443451 -0.8398292064666748 -0.06013743579387665 -0.5395093560218811 0.46113714575767517 0.4453514516353607 -0.7674728631973267,375.5333251953125 -243.3665008544922 1181.2591552734375,0.69
2,417,6,0.9521942138671875,0.4981241226196289 -0.7853814959526062 -0.36748912930488586 -0.7434061765670776 -0.16865667700767517 -0.6472265124320984 0.44634026288986206 0.5955927968025208 -0.6678694486618042,465.6212463378906 -178.74765014648438 1197.2569580078125,0.69
2,425,6,0.6612467765808105,0.015698961913585663 -0.7613701224327087 -0.6481273174285889 -0.5730699300765991 0.524326503276825 -0.629819393157959 0.8193560242652893 0.3813098073005676 -0.4280869960784912,212.57513427734375 -320.3278503417969 1427.2515869140625,0.69
2,428,6,0.9677889347076416,0.6737209558486938 -0.5139645934104919 -0.5309807062149048 -0.6679561734199524 -0.11616244912147522 -0.7350788116455078 0.31612443923950195 0.8499099016189575 -0.42156684398651123,429.0184326171875 -154.04429626464844 1156.9298095703125,0.69
2,434,6,0.9498238563537598,0.6324248313903809 -0.5675985217094421 -0.527134358882904 -0.648539662361145 -0.01584745943546295 -0.7610158324241638 0.4235977828502655 0.8231527805328369 -0.37813252210617065,480.4577941894531 -197.2082061767578 1194.2274169921875,0.69
2,435,6,0.9521715641021729,0.6398811340332031 -0.5564483404159546 -0.5300164818763733 -0.6444867849349976 -0.012928610667586327 -0.7645061612129211 0.4185557961463928 0.8307816386222839 -0.366896390914917,484.2409362792969 -186.51495361328125 1143.3619384765625,0.69
2,438,6,0.9195871353149414,0.40660497546195984 -0.8248122930526733 -0.39288297295570374 -0.691154420375824 0.0035270042717456818 -0.7226985096931458 0.5974763035774231 0.5653955936431885 -0.5686385631561279,257.7855224609375 -161.30764770507812 1269.005126953125,0.69
2,442,6,0.9492673873901367,0.6498215794563293 -0.6050129532814026 -0.46009913086891174 -0.5382305979728699 0.061146803200244904 -0.8405765295028687 0.5366932153701782 0.7938642501831055 -0.2859019637107849,386.8060302734375 -6.232541561126709 1200.8170166015625,0.69
2,446,6,0.9478282928466797,-0.18087688088417053 -0.9829142689704895 -0.03410255163908005 -0.8132991194725037 0.16898135840892792 -0.5567672848701477 0.5530173182487488 -0.07297076284885406 -0.8299680948257446,1.4624571800231934 -251.54685974121094 1195.1456298828125,0.69
2,453,6,0.9346942901611328,0.07413174957036972 -0.9766973853111267 0.20141182839870453 -0.9912199378013611 -0.09433920681476593 -0.09264592081308365 0.10948805510997772 -0.1927754133939743 -0.9751153588294983,-40.0836067199707 -262.49615478515625 1192.2392578125,0.69
2,473,6,0.892397403717041,-0.12733674049377441 -0.9059817790985107 -0.4037106931209564 -0.6233187913894653 0.38970300555229187 -0.6779419779777527 0.7715303301811218 0.16531354188919067 -0.6143389940261841,-91.56797790527344 -193.03372192382812 1389.575927734375,0.69
2,474,6,0.9478039741516113,0.04755039140582085 -0.9322851896286011 -0.35858502984046936 -0.8665482401847839 0.14005538821220398 -0.47903919219970703 0.49682289361953735 0.33350974321365356 -0.8012104630470276,118.2812271118164 -260.9399108886719 1133.2659912109375,0.69
2,476,6,0.9502661228179932,-0.24558047950267792 -0.9653409719467163 -0.08835778385400772 -0.8752822875976562 0.25999388098716736 -0.40777960419654846 0.41661882400512695 -0.022804714739322662 -0.908795177936554,155.27279663085938 -371.32403564453125 1153.6102294921875,0.69
2,477,6,0.9497551918029785,-0.45739033818244934 -0.8889956474304199 -0.021932080388069153 -0.7435029149055481 0.39583152532577515 -0.5389998555183411 0.4878498613834381 -0.23022675514221191 -0.8420203328132629,-48.086280822753906 -380.4510498046875 1284.58935546875,0.69
2,480,6,0.9010686874389648,-0.4283648729324341 -0.8988573551177979 -0.09251422435045242 -0.6195919513702393 0.36670565605163574 -0.6939976215362549 0.6577304005622864 -0.23996314406394958 -0.7140086889266968,-94.39300537109375 -351.3188171386719 1338.41064453125,0.69
2,491,6,0.9570920467376709,-0.3290066123008728 -0.9134600758552551 0.2394687980413437 -0.884333074092865 0.20908726751804352 -0.4174177646636963 0.33122462034225464 -0.3491033911705017 -0.8765940070152283,-192.70654296875 -296.16888427734375 1263.308837890625,0.69
2,494,6,0.8480815887451172,0.3197782337665558 -0.9027252793312073 0.2878004014492035 0.10112210363149643 -0.2694985568523407 -0.957676887512207 0.9420807957649231 0.3353472054004669 0.005105712451040745,128.40098571777344 132.61082458496094 1498.268310546875,0.69
2,499,6,0.6342709064483643,0.8683393001556396 -0.4286424219608307 -0.2495044618844986 -0.2274312525987625 0.1029239296913147 -0.9683396220207214 0.44075146317481995 0.8975924849510193 -0.00811379961669445,150.1675262451172 246.60931396484375 1519.063720703125,0.69
2,501,6,0.8571224212646484,0.26639634370803833 -0.9333015084266663 -0.24079281091690063 -0.4935123920440674 0.08251594752073288 -0.8658155202865601 0.8279362320899963 0.34948432445526123 -0.4386139512062073,197.8959197998047 -183.2618408203125 1253.0958251953125,0.69
2,503,6,0.8230164051055908,-0.24169814586639404 -0.9544802308082581 0.17478471994400024 -0.48642951250076294 -0.036678753793239594 -0.8729496598243713 0.8396239876747131 -0.2960107624530792 -0.45542213320732117,21.41180419921875 -54.01008605957031 1482.5867919921875,0.69
2,521,6,0.8557560443878174,0.03757696971297264 -0.9751473069190979 0.21834784746170044 -0.726343035697937 -0.1767180860042572 -0.6642262935638428 0.6863045692443848 -0.13363581895828247 -0.714931845664978,95.31818389892578 -357.7125244140625 1259.05322265625,0.69
2,527,6,0.7540857791900635,-0.3196706473827362 -0.9354918003082275 0.15055136382579803 -0.5469875931739807 0.05245458707213402 -0.83549565076828 0.7737023234367371 -0.34943315386772156 -0.5284705758094788,-29.960453033447266 -106.58386993408203 1296.0635986328125,0.69
2,529,6,0.8194630146026611,-0.2705298662185669 -0.9625221490859985 -0.019094929099082947 -0.4352790415287018 0.13998429477214813 -0.8893461227416992 0.8586883544921875 -0.2322830855846405 -0.45683568716049194,25.39711570739746 -49.54132843017578 1352.8302001953125,0.69
2,532,6,0.8975419998168945,-0.5031102895736694 -0.8584709167480469 0.0995374470949173 -0.8616220951080322 0.48933085799217224 -0.13476912677288055 0.06698860973119736 -0.1535673886537552 -0.9858648777008057,-71.62193298339844 -442.9200439453125 1066.7210693359375,0.69
2,535,6,0.9245634078979492,-0.6465566754341125 -0.7619738578796387 0.03688342496752739 -0.7570623755455017 0.6468400359153748 0.09194900840520859 -0.09392040222883224 0.031527191400527954 -0.9950804114341736,-108.02304077148438 -312.30572509765625 1063.4959716796875,0.69
2,540,6,0.9356391429901123,0.33822399377822876 -0.9304900765419006 0.14068721234798431 -0.7813749313354492 -0.3609900176525116 -0.5090574622154236 0.5244595408439636 0.06224597617983818 -0.8491570353507996,146.99940490722656 -255.6727752685547 1142.9833984375,0.69
2,543,6,0.9079766273498535,-0.10103484988212585 -0.9746900796890259 0.1994268149137497 -0.6740272641181946 -0.08037730306386948 -0.7343205213546753 0.7317644357681274 -0.20861107110977173 -0.6488468050956726,43.4257698059082 -129.7688446044922 1236.872314453125,0.69
2,549,6,0.962890625,0.20901229977607727 -0.965137243270874 -0.15755611658096313 -0.9778242707252502 -0.20843279361724854 -0.020380351692438126 -0.013170014135539532 0.15832194685935974 -0.9872997403144836,273.58111572265625 -352.6065979003906 938.2310180664062,0.69
2,560,6,0.8911352157592773,0.6078066825866699 -0.7666504979133606 -0.20692481100559235 -0.5525383353233337 -0.22115600109100342 -0.8036113977432251 0.5703265070915222 0.6027742624282837 -0.5580239295959473,372.0470275878906 -97.7523193359375 1122.8865966796875,0.69
2,563,6,0.8762383460998535,0.12211723625659943 -0.9569153785705566 -0.2634393274784088 -0.5946236252784729 0.14198099076747894 -0.7913684844970703 0.7946761250495911 0.2532869875431061 -0.5516662001609802,46.32991027832031 -178.2241668701172 1166.4349365234375,0.69
2,571,6,0.8512558937072754,0.6711298823356628 -0.7029044032096863 -0.23560573160648346 -0.48262056708335876 -0.17302097380161285 -0.8585692048072815 0.5627273917198181 0.689919650554657 -0.45535561442375183,360.3191223144531 -37.175411224365234 1181.6903076171875,0.69
2,575,6,0.8879635334014893,0.5727162957191467 -0.7177019715309143 -0.3961060047149658 -0.5022436380386353 0.07468322664499283 -0.8614950776100159 0.6478791832923889 0.692333996295929 -0.31768888235092163,200.424072265625 -6.177028179168701 1201.850341796875,0.69
2,589,6,0.9639015197753906,0.3032923936843872 -0.9464812874794006 -0.110394686460495 -0.9412354826927185 -0.2794937491416931 -0.18962867558002472 0.14862534403800964 0.1614203304052353 -0.9756300449371338,155.40444946289062 -330.96356201171875 927.4854736328125,0.69
2,603,6,0.9633965492248535,0.8335261940956116 -0.4617948532104492 -0.303281307220459 -0.4312131106853485 -0.20061205327510834 -0.8796647191047668 0.34538277983665466 0.8640024662017822 -0.36634746193885803,337.321044921875 -120.5665283203125 1042.1295166015625,0.69
2,607,6,0.8465609550476074,0.20813854038715363 -0.9079488515853882 -0.3637406826019287 -0.4917140603065491 0.2243434488773346 -0.8413603901863098 0.8455150127410889 0.35397592186927795 -0.39975666999816895,-5.783840179443359 -132.59718322753906 1037.261962890625,0.69
2,611,6,0.7229709625244141,0.5327937006950378 -0.6913072466850281 -0.48808324337005615 -0.4840518832206726 0.22413235902786255 -0.8458477854728699 0.6941359043121338 0.6869199872016907 -0.21521227061748505,16.159990310668945 -192.61001586914062 1195.259033203125,0.69
2,615,6,0.962925910949707,-0.19477620720863342 -0.951687216758728 0.23738960921764374 -0.9431225657463074 0.11523952335119247 -0.31183284521102905 0.2694106101989746 -0.2846251130104065 -0.9200035333633423,-120.03117370605469 -372.3544921875 961.6835327148438,0.69
2,625,6,0.5733351707458496,0.44614654779434204 -0.8930338025093079 -0.05868376046419144 -0.47003433108329773 -0.17801278829574585 -0.8645109534263611 0.7615910768508911 0.41328194737434387 -0.49917635321617126,-317.31756591796875 -197.8090362548828 1250.418212890625,0.69
2,642,6,0.9536576271057129,-0.34073078632354736 -0.9089089632034302 0.2403893619775772 -0.9070464968681335 0.25053903460502625 -0.3383738696575165 0.2473241239786148 -0.3333387076854706 -0.9097890257835388,-90.25008392333984 -366.44525146484375 989.496337890625,0.69
2,648,6,0.00982801616191864,0.6791740655899048 -0.6157714128494263 0.39943477511405945 -0.22030481696128845 -0.6901383399963379 -0.6893293261528015 0.7001345753669739 0.38017722964286804 -0.6043813824653625,-107.40677642822266 -236.70343017578125 1157.48486328125,0.69
2,649,6,0.9458780288696289,-0.386614590883255 -0.9145264625549316 0.11903996765613556 -0.7602140307426453 0.24294966459274292 -0.6025363802909851 0.5221147537231445 -0.323445200920105 -0.7891637086868286,-69.04315948486328 -284.1427307128906 966.870361328125,0.69
2,650,6,0.3409156799316406,-0.06567887961864471 -0.996923565864563 0.04277529567480087 -0.49278661608695984 -0.004869655705988407 -0.870136559009552 0.8676679134368896 -0.07822868227958679 -0.4909507632255554,-162.54933166503906 -81.1604995727539 1281.1124267578125,0.69
2,652,6,0.9760856628417969,0.3267730474472046 -0.9389305710792542 -0.10783566534519196 -0.921837568283081 -0.2914867401123047 -0.25544261932373047 0.20841018855571747 0.18287873268127441 -0.9607915282249451,158.64476013183594 -342.48736572265625 890.167724609375,0.69
2,667,6,0.922511100769043,0.7012214064598083 -0.6728923916816711 -0.23559382557868958 -0.4861643612384796 -0.20960421860218048 -0.8483574390411377 0.5214717984199524 0.7094237804412842 -0.4741152226924896,248.89959716796875 -117.84981536865234 962.7843627929688,0.69
2,669,6,0.9590234756469727,0.7319682836532593 -0.6472882628440857 -0.21269743144512177 -0.6031908988952637 -0.4704619348049164 -0.644070029258728 0.3168329894542694 0.5997359752655029 -0.7348016500473022,253.07369995117185 -233.60130310058594 900.2489013671875,0.69
2,679,6,0.9385645389556885,-0.4114300608634949 -0.9088168144226074 0.06911773979663849 -0.7063843011856079 0.27002590894699097 -0.6542989611625671 0.5759742856025696 -0.3180219829082489 -0.7530707716941833,-246.28643798828125 -272.6322326660156 991.5069580078125,0.69
2,695,6,0.03962898254394531,0.04490729048848152 -0.9903857707977295 -0.1308412253856659 -0.9084815382957458 0.01398822944611311 -0.41769084334373474 0.4155052900314331 0.13762420415878296 -0.899118959903717,72.8348388671875 -442.324462890625 1047.252197265625,0.69
2,703,6,0.8232336044311523,0.283198744058609 -0.9418694376945496 -0.18077749013900757 -0.6548631191253662 -0.05219455808401108 -0.7539430260658264 0.7006802558898926 0.3319002091884613 -0.6315769553184509,258.4928283691406 -81.70370483398438 1309.5325927734375,0.69
2,708,6,0.9453904628753662,0.11672496050596237 -0.9870558381080627 -0.10998167097568512 -0.9666990637779236 -0.08752191811800003 -0.24048447608947754 0.22774584591388702 0.1343897134065628 -0.9644019603729248,131.72784423828125 -242.7373046875 1233.1708984375,0.69
2,711,6,0.9414346218109131,0.6823320984840393 -0.7248992919921875 -0.09457286447286606 -0.4409727454185486 -0.3049505949020386 -0.8441256880760193 0.5830661058425903 0.6176781058311462 -0.5277383923530579,297.0076904296875 115.08355712890625 1309.508056640625,0.69
2,727,6,0.9016475677490234,0.4151173233985901 -0.9007880687713623 -0.12750859558582306 -0.28919243812561035 0.0022326793987303972 -0.9572684168815613 0.8625805974006653 0.4342532157897949 -0.2595742344856262,249.47808837890625 185.3830108642578 1356.5340576171875,0.69
2,736,6,0.9390521049499512,0.625085175037384 -0.7666664719581604 -0.14659824967384338 -0.4626394510269165 -0.21263012290000916 -0.8606701493263245 0.6286757588386536 0.6058143377304077 -0.4876021444797516,115.53500366210938 75.30709075927734 1337.389404296875,0.69
2,737,6,0.9492433071136475,0.596782386302948 -0.7577376365661621 -0.26397836208343506 -0.4686717689037323 -0.06213412061333656 -0.8811845183372498 0.6513046622276306 0.6495946049690247 -0.3922107219696045,183.3441925048828 81.84256744384766 1303.0115966796875,0.69
2,739,6,0.9498014450073242,0.5136656761169434 -0.8290832042694092 -0.2208361178636551 -0.5213279724121094 -0.09717004746198654 -0.8478060960769653 0.6814430952072144 0.5506169199943542 -0.48213717341423035,102.55986785888672 -61.87277603149414 1356.2860107421875,0.69
2,740,6,0.9487552642822266,0.4314470589160919 -0.8802748322486877 -0.19740767776966095 -0.3713107109069824 0.026152167469263077 -0.9281403422355652 0.8221811056137085 0.4737430214881897 -0.31557217240333557,159.6857452392578 137.75909423828125 1405.5345458984375,0.69
2,750,6,0.7726945877075195,-0.30199506878852844 -0.9521026611328125 0.047952815890312195 -0.7012187838554382 0.1877780258655548 -0.6877729892730713 0.645825982093811 -0.24132946133613586 -0.7243403196334839,76.23397827148438 -260.81414794921875 1299.410400390625,0.69
2,754,6,0.9507980346679688,-0.08619333058595657 -0.9904792308807373 -0.1073385551571846 -0.968811571598053 0.10845321416854858 -0.22280500829219818 0.23232495784759521 0.08478653430938721 -0.9689356684684753,115.51058959960938 -452.3249816894531 1188.3489990234375,0.69
2,756,6,0.04832059144973755,0.751632034778595 -0.6504854559898376 -0.1091686487197876 -0.3900722861289978 -0.3049129247665405 -0.8688334822654724 0.5318766832351685 0.6956267952919006 -0.48291870951652527,94.35093688964844 -231.41351318359375 1281.9046630859375,0.69
2,758,6,0.24155008792877197,0.845733642578125 0.5321300029754639 0.039649847894907 0.28356632590293884 -0.3852488696575165 -0.8781648874282837 -0.4520227909088135 0.7539369463920593 -0.4767121374607086,165.26014709472656 -415.013427734375 1413.9229736328125,0.69
2,761,6,0.6307439804077148,0.39714184403419495 -0.9169657230377197 -0.03810633718967438 -0.4311148226261139 -0.14974088966846466 -0.8897851705551147 0.8101964592933655 0.3697991371154785 -0.45478591322898865,219.96421813964844 -43.463409423828125 1396.878662109375,0.69
2,762,6,0.6314849853515625,0.13622331619262695 -0.9895074367523193 -0.048149388283491135 -0.5678016543388367 -0.03815586119890213 -0.8222806453704834 0.8118155598640442 0.13935309648513794 -0.5670416355133057,-68.76676940917969 -158.97425842285156 1344.005126953125,0.69
2,764,6,0.9298532009124756,-0.23868076503276825 -0.9689345955848694 0.06478648632764816 -0.7766513824462891 0.15041394531726837 -0.6117092967033386 0.5829614400863647 -0.19631975889205933 -0.7884253263473511,-22.255775451660156 -139.93130493164062 1311.6197509765625,0.69
2,768,6,0.9497785568237305,-0.3083643615245819 -0.9509233832359314 0.025617806240916252 -0.9019302129745483 0.28370457887649536 -0.3256279528141022 0.3023792803287506 -0.12351754307746887 -0.9451509118080139,-61.92771911621094 -361.37884521484375 1257.4786376953125,0.69
2,769,6,0.9478039741516113,-0.17219236493110657 -0.9845786690711975 -0.030893800780177116 -0.9501854181289673 0.17428544163703918 -0.25840306282043457 0.25980257987976074 -0.015140199102461338 -0.9655430316925049,-5.565010070800781 -396.6840515136719 1258.428955078125,0.69
2,770,6,0.9550998210906982,-0.3961419463157654 -0.9128682017326355 0.09870754182338715 -0.8927826285362244 0.3578343987464905 -0.2736671268939972 0.21450106799602509 -0.1965353935956955 -0.9567461013793945,-142.4994354248047 -309.3563232421875 1070.81396484375,0.69
2,773,6,0.9371018409729004,0.3167632818222046 -0.9339185953140259 0.16570144891738892 -0.933557391166687 -0.3378690183162689 -0.1196458712220192 0.1677248775959015 -0.11679239571094513 -0.9788910746574402,112.81714630126953 -301.87347412109375 1174.1082763671875,0.69
2,775,6,0.9215726852416992,-0.04853583872318268 -0.992922306060791 0.10839573293924332 -0.9986279010772705 0.046103335916996 -0.024836881086230278 0.019663697108626366 -0.10945248603820801 -0.9937975406646729,129.5533447265625 -351.47222900390625 1122.0103759765625,0.69
2,785,6,0.8491358757019043,-0.34291374683380127 -0.9274885058403015 0.14891305565834045 -0.6553427577018738 0.12263183295726776 -0.7453101277351379 0.673005223274231 -0.3531661927700043 -0.6498751044273376,111.39327239990234 -132.06520080566406 1392.83544921875,0.69
2,788,6,0.27979302406311035,-0.2970644235610962 -0.9450780749320984 0.1363091766834259 -0.2547288239002228 -0.0591433010995388 -0.9652022123336792 0.9202531576156616 -0.3214491307735443 -0.2231692373752594,70.90423583984375 -77.4195785522461 1349.8436279296875,0.69
2,791,6,0.6551570892333984,-0.17133086919784546 -0.9742600917816162 0.14650261402130127 -0.5119373202323914 -0.03901275247335434 -0.8581364750862122 0.8417635560035706 -0.22202542424201965 -0.49207603931427,21.160659790039062 -214.04541015625 1402.0379638671875,0.69
2,794,6,0.7488319873809814,-0.17101262509822845 -0.9453824162483215 0.27750110626220703 -0.7052460312843323 -0.07922681421041489 -0.7045219540596008 0.6880281567573547 -0.3161887228488922 -0.6531783938407898,-127.5855026245117 -180.7387237548828 1308.3773193359375,0.69
2,801,6,0.7430715560913086,-0.20437093079090118 -0.9507377743721008 0.2330886274576187 -0.45064258575439453 -0.12000402808189392 -0.8846018314361572 0.8689958453178406 -0.28582656383514404 -0.4039175510406494,-3.410250186920166 -5.416163444519043 1483.390869140625,0.69
2,803,6,0.16582131385803223,0.8741354942321777 -0.4698951542377472 0.12282340228557587 -0.0028681689873337746 -0.2578783929347992 -0.9661731123924255 0.48567360639572144 0.8442139029502869 -0.22676843404769897,-505.1886291503906 44.338375091552734 1093.9183349609375,0.69
2,804,6,0.7420063018798828,0.4131443500518799 -0.9102806448936462 -0.026473993435502052 -0.29550403356552124 -0.1065075695514679 -0.9493858218193054 0.8613879084587097 0.4000565707683563 -0.3129945695400238,262.0845642089844 33.621524810791016 1418.5172119140625,0.69
2,808,6,0.8864765167236328,-0.345265656709671 -0.9349899888038635 -0.08115135133266449 -0.5849738121032715 0.28201621770858765 -0.7604423761367798 0.7338919043540955 -0.21508322656154633 -0.6443151235580444,-158.14756774902344 -205.88555908203125 1393.7352294921875,0.69
2,809,6,0.9570519924163818,0.39505964517593384 -0.9181705713272095 -0.029842987656593323 -0.823930025100708 -0.33976975083351135 -0.4535369277000427 0.4062845706939697 0.20376268029212952 -0.8907375931739807,83.87860870361328 -266.7452697753906 1203.94580078125,0.69
2,819,6,0.9478039741516113,0.1431126445531845 -0.989570140838623 0.016420118510723114 -0.9879807233810425 -0.14382275938987732 -0.0566491074860096 0.0584198534488678 -0.0081155551597476 -0.9982590675354004,83.22673797607422 -252.42958068847653 1047.80322265625,0.69
2,821,6,0.9409747123718262,0.15493477880954742 -0.9879071116447449 -0.0058934069238603115 -0.9014829397201538 -0.13893543183803558 -0.4099091589450836 0.4041333496570587 0.0688219889998436 -0.9121073484420776,151.82736206054688 -261.9847717285156 1242.891845703125,0.69
2,828,6,0.8563704490661621,0.4343453347682953 -0.8850134611129761 -0.1676163226366043 -0.6340129375457764 -0.16820356249809265 -0.7548079490661621 0.6398215889930725 0.43411824107170105 -0.6341684460639954,210.0428924560547 -184.2701873779297 1237.7777099609375,0.69
2,837,6,0.9162147045135498,-0.4394109547138214 -0.8969094753265381 0.04971468076109886 -0.8042811155319214 0.3681758940219879 -0.46645301580429077 0.40006232261657715 -0.2449491322040558 -0.8831478953361511,-134.4960174560547 -315.91729736328125 1165.172607421875,0.69
2,840,6,0.0037839263677597046,-0.6319826245307922 0.7733007669448853 0.051027774810791016 0.33989208936691284 0.3357469141483307 -0.8784914612770081 -0.6964706182479858 -0.5378473997116089 -0.4750250279903412,-328.379150390625 -308.608642578125 1405.4014892578125,0.69
2,844,6,0.7002625465393066,-0.3807523846626282 -0.9194868206977844 -0.09783359616994858 -0.6795345544815063 0.34999433159828186 -0.644776463508606 0.6271046996116638 -0.17901886999607086 -0.7580843567848206,28.8835391998291 -363.3729248046875 1141.041748046875,0.69
2,850,6,0.7433252334594727,0.04859194904565811 -0.9977002143859863 -0.047256894409656525 -0.6646342873573303 0.0030196562875062227 -0.7471627593040466 0.7455871105194092 0.0677146464586258 -0.6629590392112732,-58.67152404785156 -280.6876220703125 1483.0804443359375,0.69
2,856,6,0.5175642967224121,0.32733625173568726 -0.9097241163253784 0.2554469108581543 -0.2593276798725128 -0.3464515805244446 -0.9015101194381714 0.9086254239082336 0.22885248064994812 -0.34932276606559753,259.3426208496094 -209.77093505859375 1233.1317138671875,0.69
2,867,6,0.7620813846588135,-0.5580171346664429 -0.6805445551872253 -0.47484320402145386 -0.5251960158348083 0.7326648235321045 -0.43286430835723877 0.6424843072891235 0.007840046659111977 -0.7662588357925415,-104.96123504638672 -183.1029510498047 1121.895263671875,0.69
2,871,6,0.03664657473564148,0.13633190095424652 -0.8171576261520386 -0.5600597262382507 -0.6251593232154846 0.36759138107299805 -0.6885145902633667 0.7684981226921082 0.44399306178092957 -0.4607393145561218,-186.8336181640625 -212.3612060546875 1276.0531005859375,0.69
