scene_id,im_id,obj_id,score,R,t,time
2,3,12,0.9673161506652832,-0.4104342758655548 0.9117753505706787 0.014470662921667099 0.7940542697906494 0.36515459418296814 -0.48594236373901367 -0.4483543634414673 -0.18795691430568695 -0.8738710284233093,-62.757648468017585 117.70326232910156 963.0641479492188,0.69
2,8,12,0.9624719619750977,-0.36399126052856445 0.9179746508598328 0.15758474171161652 0.8465371131896973 0.3966173231601715 -0.35506296157836914 -0.3884396255016327 0.004161503165960312 -0.9214648008346558,-233.76461791992188 228.208740234375 961.1533813476562,0.69
2,17,12,0.96240234375,-0.5328646898269653 0.8441347479820251 -0.059091612696647644 0.4531143605709076 0.22565943002700806 -0.8624182343482971 -0.7146626710891724 -0.48632749915122986 -0.5027354955673218,-136.32176208496094 111.7783203125 940.6521606445312,0.69
2,27,12,0.9575600624084473,-0.41666704416275024 0.9078709483146667 0.04646299034357071 0.42427757382392883 0.2394162118434906 -0.8733088970184326 -0.8039757609367371 -0.3441658318042755 -0.4849461615085602,-11.82802677154541 170.50035095214844 925.5477905273438,0.69
2,36,12,0.9677889347076416,-0.3634592294692993 0.9258489608764648 0.10344523936510086 0.7612789273262024 0.3591727912425995 -0.5398604273796082 -0.5369840264320374 -0.11746656149625778 -0.8353739976882935,-105.18763732910156 198.86419677734375 934.1124877929688,0.69
2,38,12,0.9551620483398438,-0.09000219404697418 0.9912775754928589 0.0962722972035408 0.9022566676139832 0.12208391726016998 -0.41355574131011963 -0.4217017889022827 0.04964139685034752 -0.9053747653961182,-22.217613220214844 262.8224182128906 951.4249267578125,0.69
2,39,12,0.9565844535827637,-0.04499517381191254 0.9959580302238464 0.07773597538471222 0.8524372577667236 0.07885205000638962 -0.516849160194397 -0.5208897590637207 0.043009329587221146 -0.8525397181510925,23.390771865844727 293.24163818359375 893.8370971679688,0.69
2,41,12,0.9599990844726562,0.017886044457554817 0.9991453289985657 0.037267304956912994 0.7551913261413574 0.010927444323897362 -0.6554133892059326 -0.655260443687439 0.039866697043180466 -0.7543503642082214,79.58684539794922 216.4761199951172 888.5517578125,0.69
2,47,12,0.953679084777832,0.07557473331689835 0.9955928325653076 0.0555281862616539 0.668470561504364 -0.009265067987143993 -0.7436808347702026 -0.7398889064788818 0.09332243353128433 -0.6662247180938721,71.59008026123047 119.4322509765625 841.7098388671875,0.69
2,58,12,0.9512186050415039,0.152405247092247 0.9488002061843872 -0.27667808532714844 0.4540008306503296 -0.31587380170822144 -0.8331308364868164 -0.8778700232505798 0.0013614294584840536 -0.47889694571495056,28.141124725341797 159.8749237060547 874.1552124023438,0.69
2,61,12,0.9521715641021729,0.18061859905719757 0.955003559589386 -0.23525546491146088 0.40666496753692627 -0.2902984619140625 -0.8662276864051819 -0.8955448269844055 0.0607866607606411 -0.4407998323440552,150.34779357910156 63.65163803100586 839.9696044921875,0.69
2,62,12,0.9575796127319336,0.4174242615699768 0.8950586318969727 -0.15692995488643646 0.4938310384750366 -0.36840546131134033 -0.7876600623130798 -0.7628157734870911 0.25129154324531555 -0.5957890748977661,-18.158424377441406 56.177284240722656 899.9886474609375,0.69
2,64,12,0.9590041637420654,0.43230587244033813 0.8936134576797485 -0.12069249898195267 0.31210875511169434 -0.27385756373405457 -0.9097198247909546 -0.8459904193878174 0.3556080460548401 -0.3972947597503662,-6.500196933746338 68.79723358154297 900.7161865234375,0.69
2,65,12,0.8665745258331299,0.2962943911552429 0.7850292325019836 -0.5440025329589844 -0.04212448000907898 -0.5582832098007202 -0.828580379486084 -0.9541672468185425 0.2684195339679718 -0.1323472112417221,31.483970642089847 113.58470916748047 1056.46533203125,0.69
2,69,12,0.8790762424468994,0.19796893000602722 0.9616121649742126 -0.1900268942117691 0.06907946616411209 -0.2070688158273697 -0.9758844375610352 -0.9777711629867554 0.18006785213947296 -0.10742084681987762,-110.739013671875 127.01591491699219 1102.677490234375,0.69
2,72,12,0.951195478439331,-0.21651984751224518 0.8485161662101746 -0.4828452169895172 0.4284335970878601 -0.361825555562973 -0.827965497970581 -0.8772478699684143 -0.38613805174827576 -0.2851904034614563,-58.751182556152344 168.03158569335938 907.7445068359375,0.69
2,79,12,0.9483158588409424,-0.9008820056915283 0.3964853882789612 -0.17666614055633545 0.37112173438072205 0.492475688457489 -0.7872333526611328 -0.22512274980545044 -0.7747690081596375 -0.590806782245636,-21.329065322875977 92.67707061767578 1060.11328125,0.69
2,89,12,0.8892409801483154,-0.5411820411682129 0.6037415266036987 -0.5853359699249268 0.614240288734436 -0.19158005714416504 -0.7655102610588074 -0.5743089914321899 -0.7738173007965088 -0.2671627402305603,-130.24163818359375 155.45411682128906 1011.4306030273436,0.69
2,96,12,0.9362697601318359,-0.8622602224349976 0.49826762080192566 -0.0907561182975769 0.12103515863418579 0.028724810108542442 -0.9922325015068054 -0.49179038405418396 -0.8665472269058228 -0.08507616072893143,-105.40788269042969 159.5865020751953 1024.6849365234375,0.69
2,97,12,0.960486888885498,-0.8769494891166687 0.46411392092704773 -0.12473114579916 0.44101735949516296 0.6740493178367615 -0.592588484287262 -0.19095365703105927 -0.5746787786483765 -0.7957894802093506,31.076339721679688 -36.421783447265625 964.1414184570312,0.69
2,102,12,0.9551818370819092,-0.9603347778320312 0.2628873586654663 -0.09299146384000778 0.27022820711135864 0.7950862050056458 -0.5429684519767761 -0.0688033178448677 -0.5465604662895203 -0.8345884084701538,-59.50093078613281 -69.55671691894531 1019.0532226562501,0.69
2,107,12,0.9483625888824463,-0.9801836013793945 0.18872468173503876 -0.060191523283720016 0.1943954974412918 0.8579980134963989 -0.47544676065444946 -0.03808433935046196 -0.4777260720729828 -0.8776829242706299,-196.974365234375 -28.488996505737305 1016.9996948242189,0.69
2,110,12,0.9541666507720947,-0.9596704840660095 0.24495205283164978 -0.13795319199562073 0.26473695039749146 0.6223232746124268 -0.7366329431533813 -0.0945882648229599 -0.7434461712837219 -0.6620731353759766,-88.32799530029297 39.22999954223633 1069.4088134765625,0.69
2,115,12,0.7197706699371338,-0.9029511213302612 0.39381441473960876 -0.17201563715934753 0.25397762656211853 0.16613633930683136 -0.9528347849845886 -0.3466620147228241 -0.9040513038635254 -0.25003305077552795,-173.13937377929688 25.761987686157227 1053.9818115234375,0.69
2,119,12,0.9643893241882324,-0.5743280649185181 0.7994181513786316 -0.17628976702690125 0.7141510844230652 0.38400688767433167 -0.5852580666542053 -0.4001694321632385 -0.4620276987552643 -0.7914512157440186,21.724246978759766 78.86085510253906 855.6878051757812,0.69
2,124,12,0.9517288208007812,-0.5961982607841492 0.7936520576477051 -0.12109504640102386 0.802800714969635 0.5879122614860535 -0.09934879839420319 -0.007655133027583361 -0.15644676983356476 -0.9876566529273987,-124.4940414428711 135.4002227783203 943.4170532226562,0.69
2,126,12,0.9605050086975098,-0.4573644995689392 0.8891105651855469 0.017327679321169853 0.8369908928871155 0.4369732737541199 -0.3293943703174591 -0.3004397451877594 -0.13615018129348755 -0.9440334439277649,-29.979198455810547 120.07241821289062 913.2774658203125,0.69
2,136,12,0.9687650203704834,-0.6567997336387634 0.5781674385070801 0.4840834140777588 0.2733767032623291 0.7808620929718018 -0.5617114901542664 -0.7027655839920044 -0.2365947961807251 -0.6709274053573608,-257.36083984375 31.977079391479492 872.9947509765625,0.69
2,153,12,0.9259223937988281,-0.9429922103881836 0.25784769654273987 -0.21042871475219727 0.31908413767814636 0.5207046866416931 -0.7918661236763 -0.09460963308811188 -0.8138680458068848 -0.5732955932617188,53.34368896484375 -47.903751373291016 998.5435791015625,0.69
2,156,12,0.9182319641113281,-0.9292177557945251 0.36602798104286194 0.05077294260263443 0.18901562690734863 0.5888500213623047 -0.785830020904541 -0.317533403635025 -0.7206103205680847 -0.6163548827171326,-236.50567626953125 25.695781707763672 972.5333251953125,0.69
2,162,12,0.9585161209106445,0.15537671744823456 0.9877498745918274 -0.0144322095438838 0.840820848941803 -0.13990475237369537 -0.522921621799469 -0.5185348987579346 0.06911494582891464 -0.852258563041687,66.49153137207031 191.63442993164062 912.0596923828125,0.69
2,166,12,0.9687650203704834,0.5311319231987 0.8472837209701538 0.0029958190862089396 0.6630159020423889 -0.4134142994880676 -0.6240981221199036 -0.5275497436523438 0.33346471190452576 -0.7813401818275452,80.87034606933594 149.42462158203125 826.1951293945312,0.69
2,175,12,0.9257111549377441,0.332111656665802 0.9393026828765869 0.0860949158668518 0.9279444217681885 -0.30899131298065186 -0.20843076705932617 -0.16917696595191956 0.14911358058452606 -0.9742403626441956,72.54838562011719 257.4857177734375 897.0316772460938,0.69
2,176,12,0.9562454223632812,0.30545029044151306 0.9515438079833984 0.03556128963828087 0.8973792195320129 -0.2751716375350952 -0.34495097398757935 -0.3184504806995392 0.13727733492851257 -0.9379467964172363,28.52992057800293 163.2672119140625 880.501708984375,0.69
2,178,12,0.9468774795532227,-0.9298029541969299 -0.12264320254325867 -0.3470231294631958 0.053159475326538086 0.8882148265838623 -0.4563423693180084 0.3641984164714813 -0.4427560269832611 -0.8193451166152954,83.09443664550781 64.35409545898438 1050.64013671875,0.69
2,203,12,0.9590606689453125,-0.5578533411026001 0.8215879797935486 -0.11744339019060135 0.8219432234764099 0.5273227691650391 -0.2152675986289978 -0.11493068933486938 -0.2166195511817932 -0.9694673418998718,20.392683029174805 119.1712875366211 854.5025634765625,0.69
2,207,12,0.9305787086486816,-0.7608078122138977 0.4598885774612427 -0.4579017460346222 0.6475093960762024 0.490486741065979 -0.5832275748252869 -0.04362495616078377 -0.74021977186203 -0.6709482669830322,-9.45143985748291 40.9086799621582 914.9151611328125,0.69
2,217,12,0.9375600814819336,-0.6100980639457703 0.7623055577278137 -0.21603339910507202 0.366443932056427 0.0297298151999712 -0.9299649596214294 -0.7024949789047241 -0.6465339064598083 -0.29748034477233887,-138.46653747558594 170.71290588378906 809.8457641601562,0.69
2,219,12,0.917637825012207,-0.7260431051254272 0.6695520877838135 -0.15672102570533752 0.22566011548042297 0.016701923683285713 -0.9740629196166992 -0.6495683789253235 -0.7425773739814758 -0.16321749985218048,-138.74658203125 102.83796691894531 764.0115966796875,0.69
2,221,12,0.870241641998291,-0.7920252084732056 0.5891795754432678 -0.15988615155220032 0.268851637840271 0.1014888659119606 -0.9578198194503784 -0.5481011867523193 -0.8016030788421631 -0.23878362774848938,-199.50448608398438 136.305908203125 808.738525390625,0.69
2,224,12,0.9702291488647461,-0.6206517815589905 0.5280096530914307 0.579652726650238 -0.04365139827132225 0.7148569226264954 -0.697907030582428 -0.782870352268219 -0.45845988392829895 -0.4206288754940033,-92.70573425292969 -86.72116088867188 688.3709716796875,0.69
2,243,12,0.9604682922363281,0.22902634739875793 0.9704160690307617 -0.07641617953777313 0.6274723410606384 -0.20719264447689056 -0.7505661845207214 -0.7441943883895874 0.12395038455724716 -0.6563618779182434,56.95228576660156 17.1771297454834 737.87939453125,0.69
2,248,12,0.9594922065734863,-0.07797697931528091 0.9458088278770447 0.31522247195243835 0.2836216688156128 0.3241657018661499 -0.9024828672409058 -0.9557605385780334 0.019031042233109474 -0.2935293912887573,60.269344329833984 101.25076293945312 728.8419799804688,0.69
2,249,12,0.9677889347076416,0.15901422500610352 0.9861741065979004 -0.04663803428411484 0.7176545262336731 -0.14789989590644836 -0.6805127859115601 -0.6780018210411072 0.07474120706319809 -0.7312504649162292,-6.543560981750488 205.1353302001953 763.5311279296875,0.69
2,254,12,0.9687650203704834,0.5053033232688904 0.8601248264312744 0.06966840475797653 0.7343428730964661 -0.3861958086490631 -0.5582053661346436 -0.4532206952571869 0.33322352170944214 -0.8267726302146912,75.34369659423828 71.9654541015625 766.3597412109375,0.69
2,258,12,0.9455108642578125,-0.8964532017707825 0.3555881381034851 -0.26444047689437866 0.3473909795284271 0.1934303492307663 -0.9175533652305603 -0.27512025833129883 -0.9144078493118286 -0.29692935943603516,-64.25936889648438 139.6221466064453 902.8622436523438,0.69
2,263,12,0.9449028968811035,-0.9753342866897583 0.21152055263519287 -0.06310378760099411 0.14429360628128052 0.39462605118751526 -0.9074413180351257 -0.16704006493091583 -0.8941641449928284 -0.41541334986686707,-157.08184814453125 28.455841064453125 930.2998657226562,0.69
2,266,12,0.9702291488647461,-0.043157417327165604 0.9990640878677368 -0.002906736684963107 0.8695171475410461 0.03612812981009483 -0.4925796091556549 -0.4920136034488678 -0.023785917088389397 -0.8702625036239624,73.75569152832031 114.38980865478516 713.1658325195312,0.69
2,268,12,0.9590234756469727,-0.2459046095609665 0.9689131379127502 -0.02717081643640995 0.919804573059082 0.22441518306732178 -0.3218654692173004 -0.3057621717453003 -0.10414004325866699 -0.9463954567909241,16.094934463500977 111.2734146118164 737.6822509765625,0.69
2,277,12,0.9751095771789551,-0.6378333568572998 0.7694771885871887 -0.032765310257673264 0.5140014886856079 0.3936116695404053 -0.7621498107910156 -0.5735601186752319 -0.5029659867286682 -0.6465709805488586,-60.1214714050293 108.46695709228516 676.1925659179688,0.69
2,283,12,0.9590234756469727,-0.310621052980423 0.7503699064254761 -0.5834890604019165 0.6400756239891052 -0.28869614005088806 -0.7120096683502197 -0.7027217149734497 -0.5946423411369324 -0.39061838388442993,-11.413498878479004 113.13569641113281 725.1851196289062,0.69
2,307,12,0.9619324207305908,0.5959577560424805 0.8030030131340027 -0.004538745153695345 0.7566600441932678 -0.5634384751319885 -0.3316665291786194 -0.268886536359787 0.19422493875026703 -0.9433857202529907,96.56713104248047 -35.21809005737305 770.3229370117188,0.69
2,310,12,0.9322261810302734,0.5948439836502075 0.8012368679046631 -0.06465316563844681 0.692534327507019 -0.5516512393951416 -0.46484094858169556 -0.4081136882305145 0.2317333221435547 -0.8830305337905884,154.820556640625 -89.87128448486328 778.0159912109375,0.69
2,322,12,0.94189453125,0.35430219769477844 0.9291549921035767 -0.10555107891559601 0.3916711211204529 -0.24994337558746338 -0.8855066895484924 -0.8491547107696533 0.27239567041397095 -0.45247867703437805,183.30569458007812 26.682937622070312 817.7190551757812,0.69
2,326,12,0.941462516784668,0.3517943322658539 0.7835202813148499 -0.5121881365776062 0.2463756948709488 -0.6053740978240967 -0.7568495273590088 -0.9030723571777344 0.14006468653678894 -0.4060075879096985,153.16297912597656 -136.5038604736328 686.1690673828125,0.69
2,338,12,0.978515625,-0.5421437621116638 0.8402833342552185 -0.0019923083018511534 0.5940257906913757 0.3815813660621643 -0.7081871032714844 -0.594317615032196 -0.38512271642684937 -0.7060219645500183,48.20381546020508 43.97532653808594 565.2265014648438,0.69
2,342,12,0.9721813201904297,-0.8339941501617432 0.5516744256019592 0.01045659277588129 0.47831404209136963 0.7322797179222107 -0.4847497045993805 -0.2750811278820038 -0.39927685260772705 -0.8745904564857483,-34.683841705322266 77.33070373535156 571.1696166992188,0.69
2,356,12,0.9453904628753662,-0.78836989402771 0.6134100556373596 -0.046915195882320404 0.21987511217594147 0.20972266793251038 -0.9527179002761841 -0.5745675563812256 -0.76140958070755 -0.30021265149116516,-177.3698272705078 28.89236831665039 626.1549072265625,0.69
2,362,12,0.9643893241882324,-0.4916199743747711 0.8705848455429077 0.019795071333646774 0.19671931862831116 0.133174329996109 -0.9713733196258545 -0.8482990264892578 -0.4736524820327759 -0.23673203587532043,-145.9161376953125 37.816009521484375 589.9442138671875,0.69
2,365,12,0.9682917594909668,-0.06057458370923996 0.9157091379165649 -0.3972497284412384 0.44998598098754883 -0.33019253611564636 -0.8297502398490906 -0.8909788131713867 -0.22901856899261475 -0.3920550048351288,-116.52208709716797 26.711528778076172 597.5947265625,0.69
2,368,12,0.9741454124450684,0.642117440700531 0.7525529265403748 -0.1461140364408493 0.6012954115867615 -0.6126477718353271 -0.5129391551017761 -0.4755302965641022 0.24150946736335754 -0.8458983898162842,89.6177978515625 56.00495529174805 622.1524658203125,0.69
2,387,12,0.9505064487457275,-0.7597936987876892 0.44752994179725647 -0.47162526845932007 0.6376610994338989 0.37135905027389526 -0.6748930811882019 -0.1268925666809082 -0.8135166168212891 -0.5675287246704102,-54.056922912597656 35.767147064208984 548.262451171875,0.69
2,389,12,0.9348106384277344,-0.9576547145843506 0.02351146750152111 -0.2869575023651123 0.2799261212348938 0.30924004316329956 -0.9088519811630249 0.06737031042575836 -0.9506933093070984 -0.302726686000824,-93.1666259765625 55.26063919067383 655.7245483398438,0.69
2,402,12,0.9697411060333252,0.7042540311813354 0.7098534107208252 -0.011592252179980278 0.7006192207336426 -0.6975456476211548 -0.1502089947462082 -0.11471251398324966 0.09766353666782379 -0.9885862469673157,249.012939453125 190.7938232421875 992.6826171875,0.69
2,415,12,0.9677889347076416,0.4439358115196228 0.8551760315895081 -0.2675720453262329 0.4970552921295166 -0.48347750306129456 -0.72054523229599 -0.7455582022666931 0.18687774240970612 -0.6397027373313904,352.9476318359375 80.42963409423828 816.7964477539062,0.69
2,417,12,0.9721813201904297,0.19966915249824524 0.9436498284339905 -0.2639263868331909 0.5162419080734253 -0.3302443325519562 -0.7902106642723083 -0.8328424096107483 0.021530836820602417 -0.5530912280082703,311.8817138671875 115.82378387451172 804.1990966796875,0.69
2,425,12,0.9415433406829834,0.4261902868747711 0.6098355054855347 -0.6681784391403198 0.027436040341854095 -0.7469915151596069 -0.6642671823501587 -0.9042173027992249 0.26477205753326416 -0.3350919783115387,254.6985168457031 -115.87080383300781 893.60498046875,0.69
2,428,12,0.9541454315185547,-0.34112557768821716 0.8729966282844543 -0.348583459854126 0.48701396584510803 -0.1530444324016571 -0.8598807454109192 -0.8040215969085693 -0.4630923271179199 -0.3729541301727295,18.372987747192383 105.99369049072266 924.337646484375,0.69
2,434,12,0.9550998210906982,-0.1572890728712082 0.9115979671478271 -0.3798016309738159 0.4090343713760376 -0.2899121046066284 -0.8652409315109253 -0.8988609313964844 -0.29144486784935 -0.327274888753891,44.22547149658203 65.85447692871094 965.935791015625,0.69
2,435,12,0.9523003101348877,-0.1473049521446228 0.9178520441055298 -0.36857694387435913 0.3860603868961334 -0.28972938656806946 -0.8757935762405396 -0.910636305809021 -0.27130165696144104 -0.3116677403450012,48.72181701660156 76.85488891601562 936.4658203125,0.69
2,438,12,0.9434401988983154,0.21412262320518494 0.9373562335968018 -0.27479955554008484 0.36798766255378723 -0.3380053639411926 -0.866220235824585 -0.9048406481742859 0.08435449749231339 -0.41731008887290955,-73.02886962890625 118.6958999633789 927.2008056640625,0.69
2,442,12,0.9517064094543457,-0.0998808965086937 0.9521325826644897 -0.28890737891197205 0.21915777027606964 -0.26217666268348694 -0.9398049712181091 -0.9705635905265808 -0.15718485414981842 -0.18248076736927032,-51.836483001708984 184.2025604248047 928.8770751953125,0.69
2,446,12,0.9663248062133789,-0.3717074394226074 0.9282124042510986 0.015977472066879272 0.6315866112709045 0.26546093821525574 -0.7284427285194397 -0.6803909540176392 -0.26067644357681274 -0.6849204301834106,-52.82851791381836 113.22966766357422 807.401123046875,0.69
2,453,12,0.9576354026794434,-0.5052134394645691 0.8330346345901489 0.22541606426239014 0.7484426498413086 0.5529816150665283 -0.36612123250961304 -0.4296426773071289 -0.016258377581834793 -0.9028525352478027,-186.3785858154297 200.09402465820312 973.9081420898438,0.69
2,473,12,0.9502661228179932,-0.43725642561912537 0.8243154883384705 -0.3595981001853943 0.6379662752151489 0.00247801560908556 -0.7700603008270264 -0.6338815093040466 -0.5661252737045288 -0.5269690155982971,-210.9222412109375 126.49172210693361 971.8787231445312,0.69
2,474,12,0.9565844535827637,-0.7020368576049805 0.6631184220314026 -0.2596500813961029 0.6259402632713318 0.4007014036178589 -0.6690568923950195 -0.33962178230285645 -0.6322280168533325 -0.6963797807693481,-35.39796829223633 112.45365142822266 834.84130859375,0.69
2,476,12,0.9634137153625488,-0.5012937188148499 0.8589641451835632 -0.10433218628168106 0.7009208798408508 0.3324112296104431 -0.6310409903526306 -0.5073603987693787 -0.38946548104286194 -0.7687015533447266,135.95213317871094 27.74547004699707 824.7371215820312,0.69
2,477,12,0.9585356712341309,-0.6929748058319092 0.7092053890228271 -0.12966789305210114 0.56607985496521 0.42385321855545044 -0.7070375680923462 -0.44647473096847534 -0.5633615851402283 -0.6951863765716553,216.73800659179688 -103.06380462646484 939.9827880859375,0.69
2,480,12,0.95947265625,-0.7253695726394653 0.6684984564781189 -0.16416031122207642 0.4801747500896454 0.3205156922340393 -0.8165181279182434 -0.49322521686553955 -0.6711030602455139 -0.5534884333610535,154.825439453125 -140.5291290283203 938.4091186523438,0.69
2,491,12,0.9580280780792236,-0.7986243367195129 0.5786314010620117 0.16548380255699158 0.36732012033462524 0.6864557266235352 -0.6275782585144043 -0.4767337739467621 -0.4404137134552002 -0.7607632279396057,112.97100067138672 11.743361473083496 1058.5225830078125,0.69
2,494,12,0.9479207992553711,-0.9818326830863953 0.15289469063282013 0.11237336695194244 -0.09267749637365341 0.1303689032793045 -0.9871245622634888 -0.16557608544826508 -0.9796056151390076 -0.1138305589556694,232.52622985839844 188.374267578125 891.6111450195312,0.69
2,499,12,0.8551626205444336,-0.9998564124107361 0.013184431940317154 0.01064433716237545 -0.010835987515747547 -0.014550948515534401 -0.9998354315757751 -0.013027365319430828 -0.9998071789741516 0.014691729098558426,203.399658203125 251.23468017578128 965.6859130859375,0.69
2,501,12,0.9264769554138184,-0.9859778881072998 0.11638118326663971 -0.1195950135588646 0.1539473980665207 0.3577721118927002 -0.921031653881073 -0.0644029751420021 -0.9265281558036804 -0.3706720173358917,289.9637756347656 -14.317527770996094 758.788330078125,0.69
2,503,12,0.9463655948638916,-0.9214692711830139 0.36162900924682617 0.14184120297431946 -0.016920605674386024 0.327431857585907 -0.9447233080863953 -0.38808268308639526 -0.8729335069656372 -0.2955993711948395,234.63270568847656 93.12012481689453 1035.658447265625,0.69
2,521,12,0.9648606777191162,-0.9719985127449036 0.08091755211353302 0.22061550617218018 -0.10325688123703003 0.6962710618972778 -0.710313081741333 -0.2110849916934967 -0.7132033705711365 -0.6684191823005676,182.54734802246094 -39.858421325683594 929.9611206054688,0.69
2,527,12,0.951683521270752,-0.8430560827255249 0.5378208756446838 0.002263185102492571 0.18136432766914368 0.28825250267982483 -0.9402220845222473 -0.5063233375549316 -0.7922495007514954 -0.3405545651912689,254.460693359375 22.576704025268555 906.1681518554688,0.69
2,529,12,0.9512851238250732,-0.8953151702880859 0.4440295100212097 -0.035334959626197815 0.15067891776561737 0.22725768387317657 -0.9621069431304932 -0.4191737174987793 -0.8667132258415222 -0.27037313580513,257.7671203613281 44.26557540893555 912.0630493164062,0.69
2,532,12,0.9585161209106445,-0.9996379017829895 -0.019817166030406952 -0.018206315115094185 -0.012811883352696896 0.9454162120819092 -0.3256135880947113 0.02366527169942856 -0.3252624273300171 -0.945327639579773,233.10816955566406 -96.9248046875 907.364013671875,0.69
2,535,12,0.9484913349151611,-0.977283239364624 0.17982117831707 -0.11216812580823898 0.19033966958522797 0.9774575233459473 -0.09136446565389633 0.09321030974388123 -0.11063899844884872 -0.9894800782203674,255.0707092285156 -15.310251235961914 955.0853881835938,0.69
2,540,12,0.9712185859680176,-0.6682873368263245 -0.7003957033157349 0.25067517161369324 -0.6368000507354736 0.36442041397094727 -0.6794730424880981 0.38454878330230713 -0.613713264465332 -0.6895495653152466,100.2620620727539 75.90747833251953 794.8709106445312,0.69
2,543,12,0.9482917785644531,-0.9194785356521606 -0.3278938829898834 0.2168983519077301 -0.3360207676887512 0.36906468868255615 -0.8665341138839722 0.2040817141532898 -0.8696418404579163 -0.44952619075775146,219.473388671875 103.22840881347656 884.8960571289062,0.69
2,549,12,0.965897798538208,-0.7419377565383911 -0.6666006445884705 -0.0719170793890953 -0.6337018013000488 0.732238233089447 -0.24949808418750763 0.2189760059118271 -0.13953804969787598 -0.9657011032104492,245.43576049804688 107.9635009765625 772.7774658203125,0.69
2,560,12,0.9600174427032471,-0.36613768339157104 -0.9302135109901428 -0.02541806735098362 -0.447890043258667 0.20010344684123993 -0.8714087009429932 0.8156823515892029 -0.30767104029655457 -0.4898987412452698,-43.75340270996094 83.62775421142578 803.4500732421875,0.69
2,563,12,0.9678184986114502,-0.6637604236602783 -0.6584224104881287 -0.3548267185688019 -0.07333606481552124 0.5294080376625061 -0.8451916575431824 0.744341254234314 -0.5349831581115723 -0.3996862769126892,-129.58572387695312 84.72151947021484 717.2947998046875,0.69
2,571,12,0.9268970489501953,-0.041002269834280014 -0.9919697642326355 -0.11964427679777145 -0.27498728036880493 0.12632401287555695 -0.9531129598617554 0.960573136806488 -0.006179136224091053 -0.2779586613178253,-80.97145080566406 113.78413391113281 817.9317016601562,0.69
2,575,12,0.9551210403442383,-0.013318659737706184 -0.9748796224594116 -0.22233399748802185 -0.09226121008396149 0.22260330617427826 -0.9705337285995483 0.9956457614898682 0.007586609106510878 -0.0929083526134491,-207.7405548095703 124.65507507324219 876.8787841796875,0.69
2,589,12,0.6277027130126953,-0.6149013042449951 -0.7873802185058594 -0.04391733556985855 -0.6719392538070679 0.5522710680961609 -0.49345138669013977 0.41278815269470215 -0.2739141285419464 -0.8686639070510864,-87.99136352539062 103.0303726196289 736.4370727539062,0.69
2,603,12,0.9265422821044922,0.16140241920948029 -0.9848856329917908 -0.06284503638744354 -0.2946304678916931 0.01268781814724207 -0.9555270671844482 0.9418821930885315 0.17274044454097748 -0.2881294786930084,-177.48333740234375 -23.210336685180664 863.3209228515625,0.69
2,607,12,0.975597620010376,-0.5876837968826294 -0.7444642186164856 -0.31686076521873474 -0.03814910724759102 0.4166865050792694 -0.9082494378089905 0.8081907629966736 -0.5216755270957947 -0.2732805609703064,-166.27694702148438 83.40788269042969 599.5601806640625,0.69
2,611,12,0.970717191696167,-0.5261484980583191 -0.7897536158561707 -0.315368115901947 -0.07976046204566956 0.4150450527667999 -0.9062979221343994 0.8466440439224243 -0.4516933560371399 -0.28136640787124634,-191.04824829101562 58.509246826171875 598.4531860351562,0.69
2,615,12,0.9570920467376709,-0.8754056096076965 -0.4512827694416046 0.17323073744773865 -0.4632330536842346 0.6807786226272583 -0.5674111843109131 0.13813114166259766 -0.576961100101471 -0.8050065040588379,50.96074295043945 30.111162185668945 715.657958984375,0.69
2,625,12,0.3803830146789551,-0.8030393123626709 0.492275595664978 0.3358462452888489 0.17409561574459076 0.7327818274497986 -0.6578157544136047 -0.5699286460876465 -0.4697825610637665 -0.674155592918396,-391.3446044921875 119.2124252319336 674.68701171875,0.69
2,642,12,0.9599802494049072,-0.9714536666870117 -0.1616036593914032 0.17367225885391235 -0.2317398488521576 0.8030323386192322 -0.5490314960479736 -0.050738945603370667 -0.5736054182052612 -0.8175587058067322,187.22166442871094 -31.656864166259762 812.1903686523438,0.69
2,648,12,0.9236240386962891,-0.9964806437492371 -0.01140549685806036 0.08304350078105927 -0.0791708305478096 0.45352044701576233 -0.8877224922180176 -0.027537014335393906 -0.8911728858947754 -0.4528273344039917,225.18711853027344 -51.923194885253906 800.2136840820312,0.69
2,649,12,0.962925910949707,-0.9907782077789307 -0.12530212104320526 0.05155614763498306 -0.12254241108894348 0.66632080078125 -0.7355270385742188 0.05781017616391182 -0.7350619435310364 -0.6755309104919434,213.54092407226562 -31.1865177154541 706.01220703125,0.69
2,650,12,0.9098825454711914,-0.998391330242157 0.03170432895421982 0.04700592905282974 -0.04080042988061905 0.17394453287124634 -0.9839098453521729 -0.03937063366174698 -0.9842448830604553 -0.17237117886543274,196.15921020507812 22.56791877746582 760.6280517578125,0.69
2,652,12,0.9790139198303223,-0.6324290633201599 -0.7746062278747559 -0.004303625784814358 -0.67164546251297 0.5511174201965332 -0.4951382577419281 0.3859090805053711 -0.31024932861328125 -0.8688034415245056,113.24267578125 63.40027618408203 639.5068359375,0.69
2,667,12,0.972681999206543,-0.7685183882713318 -0.6366086602210999 -0.06410101056098938 -0.19675135612487793 0.33046606183052063 -0.9230824112892151 0.6088254451751709 -0.696793794631958 -0.3792228400707245,-206.72161865234375 14.003597259521484 684.4007568359375,0.69
2,669,12,0.9677889347076416,-0.7573731541633606 -0.6514550447463989 -0.04463576525449753 -0.4095587730407715 0.5271624326705933 -0.7445545792579651 0.5085741281509399 -0.5456246733665466 -0.6660677194595337,-213.5442352294922 -42.27238082885742 685.9573364257812,0.69
2,679,12,0.9605050086975098,-0.9747211337089539 -0.22336046397686005 0.005355565808713436 -0.1386747807264328 0.5860198736190796 -0.7983420491218567 0.17517957091331482 -0.7789035439491272 -0.6021804809570312,21.48316764831543 -22.36724090576172 631.8414306640625,0.69
2,691,12,0.9327850341796875,-0.5782417058944702 -0.8060027956962585 -0.1264745146036148 -0.7825931310653687 0.5917736291885376 -0.19326618313789368 0.23061740398406982 -0.012776493094861507 -0.9729605913162231,107.77825927734375 47.60609436035156 657.445068359375,0.69
2,695,12,0.9624719619750977,-0.6774795651435852 -0.6842721700668335 0.2698018252849579 -0.7270811796188354 0.567533552646637 -0.3863401710987091 0.11124024540185928 -0.4579053819179535 -0.8820137977600098,129.00852966308594 26.329387664794922 658.118896484375,0.69
2,703,12,0.9385356903076172,0.9297028183937073 0.3363543152809143 -0.15006156265735626 0.06866506487131119 -0.5585771799087524 -0.8266055583953857 -0.3618532717227936 0.7581935524940491 -0.5424064993858337,239.5317840576172 114.15303802490234 1025.1705322265625,0.69
2,708,12,0.9487795829772949,0.9900840520858765 0.12920954823493958 -0.055122192949056625 0.08471346646547318 -0.8621951341629028 -0.4994429051876068 -0.11205887049436569 0.48982083797454834 -0.8645914196968079,187.66281127929688 64.98119354248047 1014.953857421875,0.69
2,711,12,0.9424107074737549,0.6928519606590271 0.7194176912307739 0.0489325150847435 0.30951106548309326 -0.23541836440563202 -0.9212931394577026 -0.6512749791145325 0.6534648537635803 -0.3857777714729309,127.41365814208986 221.7887420654297 985.4872436523438,0.69
2,727,12,0.8785429000854492,0.9173403978347778 0.39788320660591125 -0.013246973976492882 0.006891760043799877 -0.04914190247654915 -0.9987680912017822 -0.39804399013519287 0.9161190390586853 -0.047821976244449615,197.52687072753906 209.4491729736328 1011.8639526367188,0.69
2,736,12,0.9356689453125,0.7377818822860718 0.6745595932006836 -0.025442859157919884 0.23590007424354553 -0.292957603931427 -0.9265673756599426 -0.6324785351753235 0.6776026487350464 -0.3752674460411072,-28.88504409790039 188.1166229248047 1001.5701293945311,0.69
2,737,12,0.9213275909423828,0.68732750415802 0.7140160799026489 -0.13327373564243317 0.07036278396844864 -0.2480742484331131 -0.966182291507721 -0.7229315042495728 0.6547061800956726 -0.2207484245300293,23.529443740844727 163.69615173339844 960.4503173828125,0.69
2,739,12,0.9016926288604736,0.7978480458259583 0.6000556945800781 -0.05806588754057884 0.14145149290561676 -0.27996116876602173 -0.949533224105835 -0.5860289335250854 0.749369740486145 -0.3082452714443207,-2.0125982761383057 45.60493850708008 1003.93212890625,0.69
2,740,12,0.905498743057251,0.8223233819007874 0.5616251826286316 -0.09144044667482376 -0.0010278564877808094 -0.15923166275024414 -0.987240731716156 -0.5690194368362427 0.8119251132011414 -0.1303626447916031,88.78498840332031 178.65353393554688 1024.4530029296875,0.69
2,750,12,0.9499287605285645,0.9984924793243408 0.0036393424961715937 -0.05476709455251694 -0.04081936925649643 -0.617821455001831 -0.7852581143379211 -0.03669411316514015 0.7863098382949829 -0.6167415976524353,180.9814453125 -26.79276466369629 933.2698364257812,0.69
2,754,12,0.9250500202178955,0.9939686059951782 -0.032021936029195786 -0.10488586872816086 -0.0788242518901825 -0.8735601305961609 -0.48029112815856934 -0.07624425739049911 0.4856618642807007 -0.8708153367042542,225.97227478027344 -141.88540649414062 962.2144775390625,0.69
2,756,12,0.9385645389556885,0.9909493327140808 -0.0070010083727538586 -0.1340530812740326 -0.1135675385594368 -0.5761340260505676 -0.8094269633293152 -0.07156572490930557 0.817325234413147 -0.5717147588729858,196.47950744628906 -76.24530792236328 998.6316528320312,0.69
2,757,12,0.9405691623687744,0.9902426600456238 0.09963285177946091 -0.09743115305900574 -0.024521291255950928 -0.5636736750602722 -0.8256335854530334 -0.13717958331108093 0.819966733455658 -0.5557305216789246,231.3167724609375 -93.6787338256836 992.5532836914062,0.69
2,758,12,0.931251049041748,0.9942068457603455 0.10258496552705765 -0.032079219818115234 0.04049130901694298 -0.6339361071586609 -0.7723247408866882 -0.09956508129835129 0.7665516138076782 -0.6344173550605774,216.59744262695312 -129.2122344970703 1025.62255859375,0.69
2,761,12,0.9137792587280273,0.9434841871261597 0.32922837138175964 0.03802970424294472 0.13687552511692047 -0.2825801968574524 -0.9494279623031616 -0.3018321990966797 0.9009756445884705 -0.31167325377464294,211.02362060546875 77.26209259033203 1011.275390625,0.69
2,762,12,0.9109783172607422,0.9986375570297241 0.03359784185886383 -0.039926644414663315 -0.023071017116308212 -0.4020174741744995 -0.915341317653656 -0.046804700046777725 0.9150153994560242 -0.4006946384906769,28.785564422607422 -19.068883895874023 1025.5460205078125,0.69
2,764,12,0.9546332359313965,0.9809098243713379 -0.19446077942848206 -0.0009753761696629226 -0.12988044321537018 -0.6514005661010742 -0.7475348114967346 0.14473086595535278 0.7333909869194031 -0.6642218232154846,154.2779083251953 64.80485534667969 1050.7584228515625,0.69
2,768,12,0.9502193927764893,0.9635801315307617 -0.25256577134132385 -0.0878855437040329 -0.26219528913497925 -0.827633798122406 -0.4962620437145233 0.05260176584124565 0.5012314319610596 -0.8637130260467529,131.87208557128906 -97.86638641357422 1040.3782958984375,0.69
2,769,12,0.9328358173370361,0.9863280653953552 -0.1482529491186142 -0.07195871323347092 -0.16463054716587067 -0.8670176863670349 -0.4702945947647095 0.007333082612603903 0.4757113456726074 -0.8795708417892456,142.02650451660156 -102.41741180419922 1034.2119140625,0.69
2,770,12,0.9434137344360352,0.9280455708503723 -0.36635932326316833 -0.06717438995838165 -0.35705554485321045 -0.8237172365188599 -0.44045591354370117 0.10603241622447968 0.4327481687068939 -0.8952576518058777,89.9013442993164 -63.53923034667969 896.5888061523438,0.69
2,773,12,0.9517722129821777,0.9267827868461609 0.2949918806552887 0.23249395191669464 0.36469388008117676 -0.8548242449760437 -0.36915287375450134 0.08984438329935074 0.42691364884376526 -0.8998181819915771,109.33700561523438 42.200340270996094 1002.5972290039062,0.69
2,775,12,0.9395675659179688,0.9939926862716675 -0.021373029798269272 0.10733985155820847 0.009632914327085018 -0.9598567485809326 -0.28032544255256653 0.10902229696512222 0.2796754240989685 -0.9538846015930176,237.93576049804688 -12.630849838256836 1005.9057617187499,0.69
2,785,12,0.9405148029327393,0.9486824870109558 -0.31533098220825195 0.023831214755773544 -0.14768777787685394 -0.5084364414215088 -0.8483399748802185 0.2796245515346527 0.8012856245040894 -0.528915286064148,319.9560852050781 31.430522918701172 1106.67236328125,0.69
2,788,12,0.9214997291564941,0.9984191656112671 0.05390732362866402 -0.015909412875771523 0.004673699848353863 -0.3617016673088074 -0.9322821497917175 -0.056011296808719635 0.9307340383529663 -0.361381858587265,162.7862548828125 39.03152847290039 934.8506469726562,0.69
2,791,12,0.9192821979522705,0.99509197473526 -0.08120043575763702 0.05655544996261597 0.016300594434142113 -0.4292118549346924 -0.9030567407608032 0.09760287404060364 0.8995463848114014 -0.42578160762786865,161.0806121826172 -49.12543487548828 1030.2203369140625,0.69
2,794,12,0.9487795829772949,0.9466327428817749 -0.20238922536373138 0.2508489191532135 0.1070011630654335 -0.5368037819862366 -0.8368944525718689 0.30403509736061096 0.8190728425979614 -0.486500084400177,48.704811096191406 17.781579971313477 1055.042236328125,0.69
2,801,12,0.9211215972900391,0.994843602180481 -0.0941416397690773 0.03773076459765434 0.017683859914541245 -0.2053106129169464 -0.9785371422767639 0.09986760467290878 0.9741585850715637 -0.20258715748786926,144.4796142578125 75.81900024414062 1108.294921875,0.69
2,803,12,0.9439535140991211,0.990100622177124 0.12190299481153488 0.06957296282052994 0.08464570343494415 -0.12318213284015656 -0.9887675046920776 -0.11196359246969223 0.9848683476448059 -0.13228125870227814,169.99807739257812 159.39064025878906 1047.355712890625,0.69
2,804,12,0.9439277648925781,0.9535549879074097 0.2951214015483856 0.060300666838884354 0.11436108499765396 -0.16949939727783203 -0.978872537612915 -0.27866530418395996 0.9403048157691956 -0.1953774243593216,262.5004577636719 107.30360412597656 1045.967041015625,0.69
2,808,12,0.8878827095031738,0.8741012215614319 -0.45711323618888855 -0.16430062055587769 -0.2978290021419525 -0.2371513992547989 -0.9246929287910461 0.38372525572776794 0.8572086691856384 -0.3434358537197113,94.1954574584961 -130.1044464111328 1064.455322265625,0.69
2,809,12,0.9561169147491455,0.8809524774551392 0.47092878818511963 0.04635641351342201 0.3969012200832367 -0.6820038557052612 -0.6142802238464355 -0.25766700506210327 0.5595505833625793 -0.7877250909805298,19.09940528869629 15.418973922729492 950.0054931640625,0.69
2,819,12,0.9507536888122559,0.9775418639183044 0.1890726536512375 0.09307821094989777 0.20857898890972137 -0.9311403036117554 -0.299119770526886 0.030113505199551582 0.3118162453174591 -0.9496651291847229,128.9366912841797 94.59886932373047 905.7880249023438,0.69
2,821,12,0.9421305656433105,0.9840606451034546 0.1752478927373886 0.03021159954369068 0.15587396919727325 -0.7682310938835144 -0.6209059953689575 -0.08560296893119812 0.6157183647155762 -0.7833026647567749,191.88058471679688 23.299352645874023 972.1990356445312,0.69
2,828,12,0.9610099792480469,0.8648538589477539 0.4907286465167999 -0.10589279979467392 0.19942188262939453 -0.5293970704078674 -0.8246027231216431 -0.46071553230285645 0.6920434832572937 -0.5557130575180054,134.94647216796875 17.55061912536621 929.2396240234375,0.69
2,837,12,0.9570519924163818,0.928534746170044 -0.35685160756111145 -0.10237198323011398 -0.34457698464393616 -0.7257927060127258 -0.5953919887542725 0.13816572725772858 0.5881171822547913 -0.796886682510376,95.2578125 -105.52993774414062 960.6846313476562,0.69
2,840,12,0.9196243286132812,0.9864131212234497 0.001891830936074257 -0.16427259147167206 -0.12963153421878815 -0.6052964329719543 -0.7853736281394958 -0.10091943293809891 0.795997679233551 -0.5968271493911743,154.87039184570312 -96.21943664550781 902.413330078125,0.69
2,844,12,0.9381885528564453,0.9375928044319153 -0.31766578555107117 -0.1414511352777481 -0.3124363124370575 -0.5909958481788635 -0.7437120676040649 0.15265481173992157 0.7414934635162354 -0.6533636450767517,244.31736755371094 -173.0873260498047 896.2964477539062,0.69
2,850,12,0.8936119079589844,0.9906035661697388 -0.03988169878721237 -0.1308208853006363 -0.13654725253582 -0.342359334230423 -0.9295939803123474 -0.007713968865573406 0.9387222528457642 -0.34458810091018677,97.92131805419922 -128.5501708984375 943.8483276367188,0.69
