scene_id,im_id,obj_id,score,R,t,time
2,3,12,0.0,-0.393189095935223 0.9194541627966096 0.0025253422792347047 0.7910150678237572 0.33966186043578084 -0.5088467186108998 -0.46871899610898893 -0.19807539746593741 -0.8608534367738172,-61.876348480676434 115.13619680332751 942.3496934186808,0.69
2,8,12,0.0,-0.375766163299484 0.9199303837193026 0.11192801092327992 0.8625920687215204 0.3913514511582473 -0.32059158544019967 -0.33872512971126434 -0.023919255556765495 -0.940581286075636,-230.85018308989876 224.44606718788228 946.0414878168309,0.69
2,17,12,0.0,-0.4535968788586981 0.8896515173640127 0.05263125631749094 0.47610058288298895 0.2918204433882917 -0.8295595601276253 -0.7533777979660177 -0.351227855490664 -0.5559324482878325,-135.0726557613755 113.98336217531015 943.172379544752,0.69
2,27,12,0.0,-0.37281112640765407 0.9190345375554787 0.12801321340722305 0.4383238713233726 0.2960206805170218 -0.8486718685889916 -0.8178533168330049 -0.26028306799795137 -0.5131945797247144,-11.415645984785696 171.93309661816573 927.4877701034229,0.69
2,36,12,0.0,-0.35758736287734383 0.9212535915583031 0.1530460648019218 0.7676271081550814 0.383288778984213 -0.5136519587524786 -0.5318645511179456 -0.06619314122866654 -0.8442384540628247,-106.69800820158764 199.44124840919886 938.4061552141427,0.69
2,38,12,0.0,-0.08623089731866496 0.9851934266081882 0.1481828077599904 0.9015096695017472 0.14047296657947617 -0.4093258621870989 -0.4240808273695811 0.09829169765742019 -0.9002745103740047,-22.72550571539702 261.37501807468806 941.3361349386574,0.69
2,39,12,0.0,-0.0702453437824011 0.9856021162273283 0.15379876516118185 0.8543805237783559 0.13902578065322202 -0.5007052555166408 -0.5148781528333812 0.09623045672745342 -0.8518451660559629,22.480386455573584 294.20333490267495 896.5501213886292,0.69
2,41,12,0.0,0.002240817186770605 0.9938916278724869 0.11033771242559642 0.7758564957002444 0.06788507125824483 -0.6272466143232657 -0.6309054420577398 0.08701177589982378 -0.7709651574725583,79.83827398838116 217.0833246723576 892.82118391937,0.69
2,47,12,0.0,0.09774606555592213 0.9901270062391685 0.10046998648451638 0.6736932622490857 0.008476371264956484 -0.7389624750488777 -0.7325183240496593 0.1399166274823696 -0.6662133609328456,71.03678485387432 117.22033974791607 833.2650626138468,0.69
2,58,12,0.0,0.11358641643592149 0.9509779374896299 -0.28764403072063643 0.45344101233948964 -0.3072264205789734 -0.8366619238538169 -0.884018876681818 -0.03539617078443741 -0.46610914683581894,29.74494988185246 159.7474054537765 866.546415059928,0.69
2,61,12,0.0,0.1329453804479499 0.9533549469730171 -0.27099791678097024 0.4289183999357345 -0.3018361892020456 -0.8514246420468203 -0.8935068729529276 -0.003043019891937171 -0.4490392054329087,147.914860298914 62.60825155754257 819.9167376925221,0.69
2,62,12,0.0,0.3850473769615441 0.9073721829295316 -0.1685652370470591 0.5107447132631311 -0.3616349305806524 -0.7799743680773675 -0.7686861227892674 0.21423328086369642 -0.6026821268310352,-16.604706581866942 55.58266815503628 888.1860718477811,0.69
2,64,12,0.0,0.4230878286724181 0.8894533898506295 -0.17282753401146 0.3168886227694895 -0.32394582739405176 -0.8914262177394376 -0.8488688296718843 0.3223845036555064 -0.41891519644705927,-7.027075303134137 66.1704492141052 861.5400485759038,0.69
2,65,12,0.0,0.35582397578391356 0.7898214174090006 -0.4995712430268241 0.02058873480630613 -0.5410516184179432 -0.8407373253319967 -0.9343261755170965 0.2888689578500287 -0.20878056167716824,30.176671283521173 115.6670021114846 1080.4694073433943,0.69
2,69,12,0.0,0.11237860166675373 0.9826460985065855 -0.14757267693313403 0.11054257310194004 -0.15995475477480908 -0.9809152949959201 -0.9874975389434788 0.09392082577744282 -0.12659971984904195,-110.52743533258432 131.96689476911803 1150.0952944440626,0.69
2,72,12,0.0,-0.20371461577211658 0.8569395513534999 -0.4734500614076227 0.41439365644842713 -0.36266185063727485 -0.8347180838987797 -0.8870052157772932 -0.36623897583191434 -0.2812307944828739,-58.90128816404895 164.47316229989548 887.7142539610647,0.69
2,79,12,0.0,-0.9047542234913739 0.39022771086204516 -0.1707106579856368 0.3592959680600119 0.4839778741140699 -0.7979171791005911 -0.2287492129174216 -0.7832545889066939 -0.578088268819102,-21.23188273544342 90.2747298670285 1045.1353517938503,0.69
2,89,12,0.0,-0.5765705451363192 0.5798332238692535 -0.5756386357590981 0.588444005063074 -0.19408656031906268 -0.7848974837574926 -0.5668333612152132 -0.7912798743813104 -0.22929479063546288,-130.27018426611485 160.5034065542524 1040.4285023426032,0.69
2,96,12,0.0,-0.8871445230688308 0.4579396409331662 -0.05714788229654266 0.09913436158999589 0.06816116149844653 -0.9927368404644438 -0.4507182862289044 -0.886366369694375 -0.1058663550600184,-101.63315820167286 157.6896589057343 1004.9173035404724,0.69
2,97,12,0.0,-0.8812614504134778 0.46133327734749974 -0.10271252711791404 0.4285201872531529 0.6882462574379646 -0.585395198339684 -0.1993707730126362 -0.5599006129077285 -0.8042155174664898,30.758929779189742 -37.046670786565144 960.6773665964332,0.69
2,102,12,0.0,-0.9501857990428525 0.3063821792261342 -0.05724427962635974 0.29354400320617624 0.8179203865972837 -0.4948112360994266 -0.10478008149924438 -0.4869663247506906 -0.8671129874934504,-58.67438524341098 -69.00133096174703 1009.5800426382344,0.69
2,107,12,0.0,-0.985788847596597 0.164191406787943 -0.03551802206161803 0.16590403409629614 0.9183352647209915 -0.3593552462959203 -0.026385591233632877 -0.36014097726699024 -0.9325246790666877,-204.16262563217464 -30.572572903898806 1045.3538996672924,0.69
2,110,12,0.0,-0.9358272167088483 0.3375847726895492 -0.1013111134827553 0.3069752382855146 0.6394256188855729 -0.7049121087003348 -0.17318667254301606 -0.6907759399117391 -0.7020220632519547,-89.44541886538046 40.15368490900926 1077.657677006493,0.69
2,115,12,0.0,0.9508260044545218 -0.30447870496767004 0.05676819069039142 0.07709173769123688 0.05513750379891937 -0.9954982268465222 0.2999779545779917 0.9509219599399494 0.07589896488865765,-319.9543874281651 148.8558501164227 547.31404850169,0.69
2,119,12,0.0,-0.5576459340510123 0.8166991150139385 -0.14843708354661098 0.7220531429021592 0.3890427698468659 -0.5720882642171506 -0.409475604965043 -0.4262021571570561 -0.806648281578275,22.082155007938272 79.80841733886979 872.8044596245782,0.69
2,126,12,0.0,-0.45185482893061335 0.889498959935339 0.06796185581659941 0.8306971970332045 0.4473083612438018 -0.3314474269059303 -0.3252220478584799 -0.09331039725204723 -0.9410227358312878,-32.11338869504118 123.41344747574435 925.7553510455302,0.69
2,136,12,0.0,-0.6464239837086212 0.5992372412093592 0.4722825023585695 0.3097408328039163 0.7718021321418288 -0.5553216053020654 -0.6972780290387848 -0.2126880287395669 -0.6845196510332371,-265.52429255670216 32.86696116754683 900.9347661425235,0.69
2,153,12,0.0,-0.9249825061069039 0.3249713602294511 -0.1969796396250428 0.35045371296310474 0.529065075996276 -0.7728339669239626 -0.1469338574548604 -0.7838901456145975 -0.6032633596877568,51.04060941150257 -49.96522549293108 983.8759203598382,0.69
2,156,12,0.0,-0.9204237072659585 0.3887551222942963 0.04110540101660462 0.22052333629685136 0.6031644398238283 -0.7665260052212934 -0.3227842270794764 -0.6964640072695467 -0.6408964263644712,-243.1759631295649 24.220932614917924 995.5036636906243,0.69
2,162,12,0.0,0.14014552828084625 0.9896898987110346 0.029548862790719915 0.8501317719767997 -0.10497728701333087 -0.5159997475647713 -0.5075777784521991 0.09743548429942211 -0.8560789246447242,65.64680929164182 191.91416339691105 906.1735963034394,0.69
2,166,12,0.0,0.520251017512336 0.8539126957063005 0.01311437718606523 0.665763395783575 -0.39590657008445534 -0.6324690416128566 -0.5348812761838857 0.3377737347331219 -0.7744746119223899,81.16490495619367 149.95825980881082 825.3035794961345,0.69
2,175,12,0.0,0.37409434758102245 0.9068349276174419 0.1941747490303477 0.9113015070889605 -0.320624386690581 -0.25832066474960563 -0.17199704150164535 0.2735880419761762 -0.9463438069762613,75.1977467392559 269.9561176871368 941.6299862917052,0.69
2,176,12,0.0,0.2895907588835904 0.9560684091574624 0.04550153162635959 0.8934932097414053 -0.2529781433015781 -0.37104170002532977 -0.343230354886083 0.14810555702877903 -0.9275007641301265,27.402080267634602 167.83582101159723 891.9980917639508,0.69
2,178,12,0.0,-0.9705388043962118 -0.09241261343749574 -0.2225181746258579 -0.003032945327642221 0.9281357171561909 -0.3722296223859724 0.24092577779019694 -0.36058840721328805 -0.9010720116503301,79.56005294683135 60.87924550123057 1012.8103775683768,0.69
2,203,12,0.0,-0.563645550315063 0.8127369066921182 -0.14752089381018965 0.8081869420387213 0.5057065099419853 -0.3018191387576308 -0.17069727686208278 -0.28934347461593923 -0.9418825793956722,19.34363144878465 119.4000462077691 844.4271759091024,0.69
2,207,12,0.0,-0.7493874302516129 0.5022175483766738 -0.43150436090891026 0.6563775336774684 0.477730282598697 -0.5839026548763523 -0.08710345954304882 -0.7207990782393469 -0.6876493846030405,-11.273353303539322 41.20946073467578 933.3845664964603,0.69
2,217,12,0.0,-0.5716562178596118 0.8089652745281302 -0.13705602208611967 0.34449703894973926 0.08504248888447785 -0.9349275721889878 -0.7446683548649733 -0.5816725536691243 -0.3273012092411727,-135.8545356475582 167.90348221529834 793.5568267315243,0.69
2,219,12,0.0,-0.7143474935002783 0.6916797168399818 -0.10623948344204492 0.19391586625136176 0.04978422646600855 -0.9797541363072498 -0.672387013070489 -0.7204864329793751 -0.16969090885136529,-137.95756198831157 104.33349325738837 769.7737072171202,0.69
2,221,12,0.0,-0.7865860275864297 0.6062887052516485 -0.1170317353972001 0.21321141215430825 0.08880541512435625 -0.9729617114623561 -0.5795026444572675 -0.7902705891837751 -0.1991207697307419,-206.44712049411402 148.73487241040968 860.2483081245266,0.69
2,224,12,0.0,-0.6087560933207986 0.5148761124960172 0.6035881109049346 -0.09319644465450297 0.7091251081844302 -0.6988962753128534 -0.787864481715326 -0.48170963216797763 -0.38369960741188197,-91.8082617880084 -82.24965925785588 687.0999447460638,0.69
2,243,12,0.0,0.2526019733583147 0.9652080891348183 -0.06756913292472022 0.6452006086142281 -0.22007136170071462 -0.7316315810590897 -0.7210467513964094 0.14121593546022443 -0.6783433067944125,58.661135090340586 18.007186242316646 752.2400090295512,0.69
2,248,12,0.0,-0.10056258988392819 0.9450765455588447 0.310994354531393 0.2880707863885569 0.3268477646493787 -0.9001031945133751 -0.9523142273143436 -0.0009283201308020739 -0.3051176013874314,57.36040385024699 97.07986978390686 699.1041565291442,0.69
2,249,12,0.0,0.15704732608206362 0.9862244287387664 -0.051937592641242925 0.7307872056594932 -0.1514236911220006 -0.6655981714303145 -0.6642937583741573 0.06657508487326702 -0.7445008802273196,-8.119982193849806 208.47029892254406 773.30082853477,0.69
2,254,12,0.0,0.49615212224398064 0.8647415882591796 0.07781424758863459 0.7427520260418619 -0.3763253333208689 -0.553803820239303 -0.44961372243683057 0.33256763076993556 -0.8290031794634858,76.64314896403037 72.52689989638544 774.0821516980591,0.69
2,258,12,0.0,-0.8527449616966716 0.47331512783760693 -0.22090454966118722 0.35941164034265377 0.22482985387520582 -0.9056902393162113 -0.37901095378253247 -0.8517184549876343 -0.36183749162618817,-64.25795458909596 142.91717131455377 911.9217230689701,0.69
2,263,12,0.0,-0.9607221166543458 0.2686609052527678 -0.06952936473143521 0.17235880974213427 0.38129606597560517 -0.9082432222570131 -0.21749817303938068 -0.8845533494709581 -0.4126256374296694,-154.51560202065752 27.79278427211832 918.4354851875736,0.69
2,266,12,0.0,-0.043561124291836006 0.998973460661762 0.012427925969165587 0.8614176334431307 0.04385787478451697 -0.506000145862254 -0.5060257792283589 -0.011336300668627897 -0.862443852690413,72.90412885898228 113.8271359274057 709.9040716899216,0.69
2,268,12,0.0,-0.24276312063171035 0.9694637305208852 -0.03472956184121015 0.9141903432295829 0.21665197622775179 -0.3425170616807103 -0.3245336401776113 -0.11489994082304222 -0.9388694903935957,16.811555753047355 113.26852699322792 739.2269426660908,0.69
2,277,12,0.0,-0.6161106063686548 0.7876495894788265 0.003980567030589022 0.5241177591877695 0.4137342678917709 -0.7443954124496281 -0.587969638012066 -0.45654362307001617 -0.6677272085290992,-60.95918653947788 108.34748309403052 683.8324017832401,0.69
2,283,12,0.0,-0.28050566432716295 0.7547236912779619 -0.593050353767827 0.6149191478049901 -0.3331167238649444 -0.7147780704136573 -0.7370149346812193 -0.5651773156322306 -0.37065292114265624,-12.656336710579941 113.01899509495969 703.5231258743052,0.69
2,307,12,0.0,0.5886521799645397 0.8079711799340276 -0.025907207858240022 0.750569354603723 -0.5581723098567815 -0.3536796805569918 -0.3002236748704962 0.18874915868729164 -0.9350077540545289,94.39821962741138 -34.06112734265718 755.4818703339146,0.69
2,310,12,0.0,0.611772224788751 0.7886574419799833 -0.061271397785682 0.684345027901727 -0.5665196598640361 -0.45905049588658686 -0.3967450412584971 0.23890356673169622 -0.8862947918382841,156.30382733276332 -92.14408143309078 788.1445899183406,0.69
2,322,12,0.0,0.4589300012484314 0.8828329253556044 -0.09994638493802926 0.3477801090310693 -0.2820175664855132 -0.8941560758368345 -0.8175770604147674 0.375595684349082 -0.4364580531756661,173.69697659538045 27.130226620089314 790.04084249476,0.69
2,326,12,0.0,0.46672169540291886 0.7051853451083812 -0.533745714816145 0.07342747851028725 -0.6323222829609976 -0.7712178264735672 -0.8813508180286925 0.3207524894920773 -0.3468985097183166,158.09739853094956 -135.98171359566877 696.0325596878567,0.69
2,338,12,0.0,-0.5100032889349013 0.8600936399869887 0.011643699133695784 0.6168762494329603 0.37515123173231446 -0.6918997371117093 -0.5994667114703769 -0.3456884200890453 -0.7218997008277755,48.362554430937735 43.74653280354614 573.6244506235357,0.69
2,342,12,0.0,-0.817120323901326 0.5760371233470313 0.022262272872935085 0.48203235883914985 0.7039331743480437 -0.5216539955605166 -0.3161632193968125 -0.4155229459107685 -0.8528666367740501,-35.48280526647879 78.36657508541018 583.6958894878095,0.69
2,356,12,0.0,-0.7592954063969606 0.6503213419663929 0.023508254029258546 0.21024279016795944 0.27934049095434565 -0.936892127886544 -0.6158477531069393 -0.7064354480746381 -0.3488273250430928,-186.8729533193315 33.91264192583632 676.8398428448008,0.69
2,362,12,0.0,-0.5349819285966808 0.8438659510467579 0.041043790503884015 0.20966754968270634 0.1796689461041615 -0.9611236072513617 -0.8184337814906137 -0.5055782100424927 -0.27305094551237774,-144.24950547329664 37.02367851640067 585.3625285085004,0.69
2,365,12,0.0,-0.04439220014888723 0.918678071138672 -0.3925046931883359 0.5212182178901996 -0.31388138733104853 -0.7936057232823489 -0.8522680927415415 -0.23981050080441635 -0.4648978616842949,-114.47610954903584 23.45111892218964 576.3085284946815,0.69
2,368,12,0.0,0.6080214033603486 0.7741002403929129 -0.17629177768502877 0.6154932690137629 -0.5998635591134505 -0.5112061680442597 -0.5014758307779796 0.2023178891531309 -0.8411833705406667,90.84763287267839 56.599669474368135 629.4694233665745,0.69
2,387,12,0.0,-0.7227368132270368 0.5105287942479972 -0.46584530592259243 0.6707453327090871 0.3556674984832464 -0.6508466249214531 -0.16658990802387696 -0.7828543803073191 -0.599488800377655,-54.24948734787586 35.863864877062944 551.0157911073837,0.69
2,389,12,0.0,-0.9518844555816205 0.06353683352809726 -0.2997983555780531 0.30478020058194344 0.29847221823243464 -0.9044464408004711 0.032015817267598085 -0.9523011108513066 -0.30347583382545473,-92.84326539835823 54.792087648143855 638.4328815716885,0.69
2,402,12,0.0,0.7152991577077166 0.6954102203414388 -0.06893286899080198 0.6858916540117966 -0.7175287692039738 -0.12126460457030493 -0.1337899620285221 0.03945998998101875 -0.9902237904893543,251.41436247502136 190.1762878100348 1000.5464675764626,0.69
2,415,12,0.0,0.44353517924750485 0.8623304658041772 -0.2442595187824526 0.4824561791169547 -0.4593955706683603 -0.7457826391665072 -0.7553228316433667 0.21293632239766563 -0.6197947584499276,355.2300920011558 80.54321917895099 818.6631146853654,0.69
2,417,12,0.0,0.18875075543400432 0.9469459934437642 -0.26012773366924047 0.5106271535546424 -0.32090314351600135 -0.7976722901882904 -0.8388283867250657 0.017732963157667703 -0.5441070479619542,316.2253388339762 118.15336193445985 815.437289629732,0.69
2,425,12,0.0,0.43226274405839804 0.6273186727379985 -0.6477809837694679 -0.03723796754175568 -0.7053308866708856 -0.7078994802098821 -0.9009784980078397 0.3301206190808114 -0.2815281921677453,279.0902358893337 -121.5029041008467 967.172069805572,0.69
2,428,12,0.0,-0.35743539680583447 0.8730269734209734 -0.3317587086870075 0.47650072965098567 -0.13504071933328154 -0.8687410769406659 -0.8032353277541606 -0.4686020783152428 -0.3677296567402486,18.600658004268695 104.13137275653203 900.2822176157462,0.69
2,434,12,0.0,-0.059792624951952034 0.9320718395429894 -0.35730509082897605 0.45048517672086175 -0.29422592094010214 -0.8429081877652648 -0.8907794045419601 -0.2113603401253329 -0.40229200721114805,42.66475827362369 65.47996721566189 977.5787781257756,0.69
2,435,12,0.0,-0.08609892578425504 0.9278851803601411 -0.36278928739259325 0.4190732576477278 -0.2966302621480903 -0.858130579983301 -0.9038609294041415 -0.22591940962649365 -0.36331231833052136,47.177273454351116 77.06177179524198 944.9938314339563,0.69
2,438,12,0.0,0.22050255953977926 0.9440521661756326 -0.24524299944239336 0.4225893535725985 -0.31907279851646425 -0.8482987607523454 -0.8790886528010126 0.08341496739774878 -0.46930276339537264,-71.87476419996806 115.85142210333805 914.1517877149622,0.69
2,442,12,0.0,-0.049466259316771954 0.9669188707161108 -0.2502418562956383 0.20853160462464204 -0.23502825998040544 -0.9493557219942665 -0.9767638706780046 -0.09914441216560826 -0.190007174797317,-53.709544998101094 184.63901051890306 926.4483675860744,0.69
2,446,12,0.0,-0.3645159218212616 0.9311125431200452 0.012552879483108625 0.6370582652702407 0.2591850384901154 -0.7259338003383976 -0.6791795855218761 -0.2566175127839071 -0.6876500147189222,-54.343336541794436 111.65767413051648 798.6860675174053,0.69
2,453,12,0.0,-0.5187192079442478 0.8324669728307881 0.1947540049797088 0.7573315729303218 0.553116045012457 -0.34714770544058415 -0.39671056445798997 -0.03257882588004027 -0.9173654387166006,-190.79125138764607 202.05372109540392 981.6070803110769,0.69
2,473,12,0.0,-0.5294363325140772 0.7660594255093618 -0.36448611277017084 0.6125963711043778 0.048004464475650654 -0.7889367892931299 -0.586875502916752 -0.6409746703097335 -0.49470053173363115,-210.23923497742268 124.97467544690028 968.8602135244425,0.69
2,474,12,0.0,-0.7015772417922008 0.661406256598013 -0.26520018388427097 0.6224149790433711 0.38756405002294303 -0.6799953683608834 -0.34697113375854155 -0.6421338418607269 -0.6835752785725178,-36.34456295107493 113.97005498802356 844.8696222015471,0.69
2,476,12,0.0,-0.492611501342011 0.866724217837858 -0.0782498495776382 0.6970594771571832 0.33914643568237635 -0.6317339475359018 -0.5210009539827389 -0.36574420757859244 -0.7712257649818135,134.98923129021247 28.267676616032656 821.5006969743074,0.69
2,477,12,0.0,-0.689900464396449 0.7199802462596615 -0.07527147016925625 0.5334633159450878 0.43536150034465393 -0.7251739477935782 -0.48934061732747614 -0.540452411423549 -0.6844391508527514,213.31818347820487 -100.0837783056199 925.8689390695588,0.69
2,480,12,0.0,-0.724875813136902 0.678440459955945 -0.11947216338495345 0.4416207216452382 0.32455089139219284 -0.8364435767641905 -0.5287023678239527 -0.6590791008606622 -0.5348724568212939,153.25693984748602 -137.74174995159865 929.4771636836945,0.69
2,491,12,0.0,-0.8402334597232788 0.5345132669835965 0.09112244827687457 0.3516587432472675 0.665099071152483 -0.658771093665969 -0.41272734517984344 -0.5214775095539854 -0.7468047573296326,114.76770937435998 11.841742692039622 1080.7909639039838,0.69
2,494,12,0.0,-0.9703700301134113 0.18169875461972532 0.15927199134605582 -0.1311546188040689 0.15752268852257234 -0.978767116615071 -0.20292971843487242 -0.9706555337349402 -0.12902466510586974,227.77669592638753 188.28539629633426 884.6729690268371,0.69
2,499,12,0.0,-0.9915529126459014 0.11006650791711069 0.06861621716738633 -0.06413000971721204 0.043798034160533184 -0.9969799767584819 -0.11273935992855202 -0.9929587584782187 -0.03636950211777734,203.030976502468 252.0368313814449 970.8329871952336,0.69
2,501,12,0.0,-0.9925672319296371 0.0698206598408447 -0.09967630389880472 0.11710735015414983 0.3251541106512511 -0.9383819440219784 -0.033108286567129434 -0.9430799964933957 -0.33091382801963076,281.1114410631577 -14.222744785842734 733.290503451417,0.69
2,503,12,0.0,-0.8831007424491775 0.42688411680002103 0.19468700395654961 -0.04040414210002935 0.3442143353538757 -0.9380213199272448 -0.4674404603656729 -0.8362334854337968 -0.2867280485972239,228.04489023112737 91.25823607305037 1004.7565095373762,0.69
2,521,12,0.0,-0.973810337037335 0.05272380363377151 0.22116425572325094 -0.12983213155136986 0.6695946326322181 -0.7312910812849778 -0.18664684593118586 -0.7408530410820433 -0.6452129310727028,183.07336993518268 -40.14403293385637 930.6741318681441,0.69
2,527,12,0.0,-0.8579272929969359 0.5128135411339898 0.031353340500935134 0.1447169592423581 0.299761995467837 -0.9429738849940574 -0.4929683170738211 -0.80446567242037 -0.3313868136462983,247.3609566557692 22.000386873217966 877.2170565377893,0.69
2,529,12,0.0,-0.9077765006151318 0.4186974792232178 -0.025184237591568542 0.12254066651405077 0.20730103506365694 -0.9705720302542353 -0.4011553439519878 -0.8841485744792326 -0.2394904763557476,250.1099943307676 41.648130378702724 879.3593460728199,0.69
2,532,12,0.0,-0.9991306262391619 -0.02067280181117244 -0.03620258245230534 -0.005795345599574512 0.9288338443163485 -0.37045121625106614 0.04128444840762044 -0.3699193492070787 -0.9281461465749291,231.7655476248587 -96.64415020225611 905.8712133072577,0.69
2,535,12,0.0,-0.97899515654946 0.1875147414887947 -0.0800418963861347 0.19886678942613684 0.9647944177364793 -0.17211545999087188 0.04494978883197105 -0.18441787665223605 -0.9818195166399177,257.08382001505765 -15.498689670570316 967.9099148303962,0.69
2,540,12,0.0,-0.6453451136367769 -0.7275619413561054 0.23277307790049606 -0.6440355473686912 0.35434764434458876 -0.6779793217148673 0.4107893596852842 -0.5874447790538071 -0.6972522739523895,99.26178345804938 75.29752326372035 784.5560768704753,0.69
2,543,12,0.0,-0.9194182132453508 -0.32887465259523113 0.21566550960478753 -0.3362715351906191 0.37303049733935933 -0.8647367823073648 0.20394019656083234 -0.8675769193190404 -0.4535622176632579,210.0302821194669 98.8582758903327 849.3371697329803,0.69
2,549,12,0.0,-0.7194170090828227 -0.6920008410647266 -0.05978296586852279 -0.6559336488950357 0.7051783999580847 -0.2692108327682971 0.2284517789153107 -0.15446119317895673 -0.9612239720856752,252.60102052291973 110.14178972797501 797.5802390869478,0.69
2,560,12,0.0,-0.3865931741039057 -0.9221982288036776 0.00980533159188407 -0.48397464484354025 0.19381290842930843 -0.853349342107171 0.7850568520080798 -0.33464456265944614 -0.5212473077125979,-44.47597387509742 85.34514936475155 824.8655239416842,0.69
2,563,12,0.0,-0.6895890921864147 -0.6616610309826914 -0.29440034649510594 -0.08107050841040703 0.4744918316155171 -0.8765187244983585 0.7196488425639234 -0.5805705657446589 -0.3808455875907348,-129.75812008791883 84.81120483254779 721.419862216286,0.69
2,571,12,0.0,-0.3001474908957902 -0.9515773135124428 0.06642364125372696 -0.3377821175512817 0.0409046905899596 -0.9403350718495571 0.8920844829787893 -0.30467593061510767 -0.3337032402184379,-84.86004321949015 115.29487142341158 846.3504800423361,0.69
2,575,12,0.0,-0.11517518709821029 -0.9767927197333754 -0.18058421568001837 -0.06414804707468375 0.18872837836298462 -0.9799319503195014 0.9912717610894584 -0.10127972095317589 -0.08439617165636365,-207.7739126547264 125.66999214277563 881.708225860341,0.69
2,589,12,0.0,-0.5967281766665229 -0.8009033943329977 -0.0496914088966085 -0.705911208518359 0.5533825293818828 -0.4421053515431133 0.38158203424741727 -0.22873899781364931 -0.8955856307572215,-86.12752789507572 101.1264476914475 728.1981585439382,0.69
2,603,12,0.0,0.2616418461419552 -0.9633565830734595 -0.05905622910801439 -0.2876600136229336 -0.019427343521939977 -0.9575355319183378 0.9213008525502857 0.2675194799873635 -0.2822021738353684,-180.6870532979552 -25.33081971938704 895.2075329496197,0.69
2,607,12,0.0,-0.5861980940019176 -0.7527238513812464 -0.29963076969881197 -0.10217845627633432 0.43557413566973013 -0.8943348005129585 0.8036985489980087 -0.4936415459595671 -0.3322448892626408,-173.63116245229892 85.96566024843634 622.7514406029021,0.69
2,611,12,0.0,-0.47927139173182665 -0.8123465928462298 -0.3322528346885241 -0.12965837985183715 0.4399436419682031 -0.8886159442784887 0.8680366568305942 -0.3828088360825483 -0.3161799446762713,-191.9782726378356 57.79440033345017 599.0339599243928,0.69
2,615,12,0.0,-0.8697259320658342 -0.4613773462421701 0.1752362618488218 -0.4684489671873706 0.65996898013467 -0.5873640356721626 0.15534596304153486 -0.5929349792637777 -0.7901238777129582,48.91347807785409 30.195669179491162 706.9064160025551,0.69
2,625,12,0.0,-0.9882573413652489 -0.15276388808264835 -0.0032591004222291 -0.04670731555384503 0.3223290861900734 -0.94547468864567 0.14548489238214263 -0.9342200782972634 -0.3256792768888003,80.55574031103951 -39.85289199543745 815.8666230531375,0.69
2,642,12,0.0,-0.9697967136204586 -0.168239430233452 0.17660642220961692 -0.2400049662261451 0.7873104772496955 -0.5679259006240546 -0.04349655661940373 -0.5931590904028868 -0.8039094122067951,186.86903011121828 -31.098456413383378 810.1098893397028,0.69
2,648,12,0.0,-0.9868029515380417 0.039179247659247435 0.1571143576782999 -0.10240503365954723 0.600609340000202 -0.7929575207952242 -0.12543182976021833 -0.7985821230514598 -0.5886709172582137,229.75470348794394 -56.268704079423046 822.5944695872486,0.69
2,649,12,0.0,-0.987932569949914 -0.149349400313498 0.04103649422351914 -0.12798454680814828 0.6379574162329594 -0.7593617654660256 0.087230688467255 -0.7554502575943467 -0.6493733250528264,212.35035850538395 -29.222380267708598 696.305184358971,0.69
2,650,12,0.0,-0.9980624500240803 0.03700862722852502 0.05001707071180975 -0.03816723232389571 0.2707048102944364 -0.9619054881121046 -0.04913866327713717 -0.9619507613147945 -0.26876778932235,196.57848168105986 21.876006550232944 767.6660353432392,0.69
2,652,12,0.0,-0.6090283821369133 -0.7911696008865474 -0.05599189570567617 -0.6598350344827917 0.5445707427819398 -0.5177455295558041 0.44011607221366855 -0.2783763077902792 -0.8537004593182932,113.98421965588916 64.35007846288599 636.4973956304923,0.69
2,667,12,0.0,-0.8042551500428069 -0.5930825388153633 -0.03777242091718769 -0.1966197252410365 0.3255309378492004 -0.9248623098327442 0.560815778376252 -0.7363984727410444 -0.37842165909061765,-207.78235606848415 13.321418453126476 685.0595158132764,0.69
2,669,12,0.0,-0.749322387934273 -0.6620073364006618 -0.016193995559457025 -0.4368162159952278 0.5125138315151821 -0.739270698695165 0.49770227283395974 -0.5468782854139739 -0.6732136277279173,-213.4636805736861 -43.84469619328323 688.5288942075429,0.69
2,679,12,0.0,-0.9798383110401717 -0.19977050781126127 -0.0029374183859902925 -0.1065730260325311 0.5350444952649562 -0.8380749239828962 0.1689943026856616 -0.8208648684744029 -0.5455472421012577,20.19644994479479 -21.698773884761547 629.2842072303226,0.69
2,691,12,0.0,-0.5763410516845853 -0.8083338207837935 -0.12011422197300518 -0.7728392308098385 0.5869017489102184 -0.24138322321028038 0.2656134700356201 -0.04629007780508844 -0.9629676594945624,107.91310615058667 48.80083040096964 654.8113863988427,0.69
2,695,12,0.0,-0.6612724947580679 -0.6961782385981553 0.27938243999723933 -0.7337964159369225 0.5229899114327428 -0.4336177723499105 0.1557610594293968 -0.4917493392389478 -0.8566919398030369,127.17910724401973 26.990761506963654 646.9574653464135,0.69
2,703,12,0.0,0.945150309568715 0.3101895492270878 -0.10233931733433534 0.09918565611814083 -0.5710710853193673 -0.8148865081301652 -0.3112123036490936 0.7600396430861064 -0.5705143670364213,240.13794854054197 113.00632385551565 1022.2205952841514,0.69
2,708,12,0.0,0.9891807916672525 0.13875956893462807 -0.047614529564235786 0.092088213088767 -0.8399720928929448 -0.5347584914437207 -0.11419773380704681 0.5245880909724527 -0.8436623805783997,187.41292522734517 66.33727988639045 1014.2489749416284,0.69
2,711,12,0.0,0.7359999167931452 0.6737839280867592 0.06572169149116591 0.3102703180668512 -0.24944175695502346 -0.9173391628039684 -0.6016946503062646 0.69555303761767 -0.3926442660394444,127.46291448108832 225.62646620500735 997.3581645536424,0.69
2,727,12,0.0,0.9175359660810608 0.3468915588655428 0.19440678315204923 0.14331534612489502 0.16756044462571665 -0.9753892602248261 -0.37092918800331115 0.9228162026019405 0.10402785061000937,202.48303027600357 232.01830613178066 1045.986876690198,0.69
2,736,12,0.0,0.7431277893223892 0.6690819441279982 -0.009510035684291873 0.24401534440451764 -0.28419871056990625 -0.9271934019424142 -0.6230711038332325 0.6867025884269702 -0.3744622205453258,-29.602019774395362 191.44317565653768 1015.5101594945137,0.69
2,737,12,0.0,0.7536620099586206 0.6426822048337759 -0.1376704700911855 0.08701081779520259 -0.30517629158399395 -0.9483124741569369 -0.6514773152856065 0.7027282651530657 -0.28592008153192183,24.705804294854197 170.832120586849 1010.658739254821,0.69
2,739,12,0.0,0.8507041577340109 0.525358355665599 -0.01735033562800356 0.16399366370034413 -0.29662312334171487 -0.9408085889091065 -0.49940816401036603 0.7975044331107781 -0.33849396580803537,2.204113186279865 46.85766574094331 1160.7188533287206,0.69
2,740,12,0.0,0.7749072884577914 0.6277921874010682 -0.0734551817993464 0.06422114495620412 -0.19381134295984634 -0.9789345268610231 -0.6288038953724024 0.7538661239094663 -0.1905033553148341,93.16125718601226 181.04691052181374 1044.0763728305053,0.69
2,750,12,0.0,0.9987090057758793 -0.0008371017630309785 -0.05078996990345189 -0.040918497001038265 -0.605729499068248 -0.79461780156356 -0.030099807064684653 0.7956702038025351 -0.6049817587295514,184.44446191561934 -29.32672015449375 947.8058708611194,0.69
2,754,12,0.0,0.9940379544846729 -0.02973868493193324 -0.10490069428962984 -0.08081936292889531 -0.8467658117055992 -0.5257907289999749 -0.07318999671877757 0.5311339480254268 -0.8441208169659296,225.57436576326612 -140.82789225013238 961.0397358558138,0.69
2,756,12,0.0,0.9932025088751106 -0.04618234781949537 -0.10684552921888824 -0.11435873996047491 -0.5582730611712766 -0.8217379556556362 -0.021699192584924143 0.8283709192869647 -0.5597595600977541,194.8103572874873 -76.96231039150186 992.6959629759173,0.69
2,757,12,0.0,0.9937986743667905 0.08705030973670613 -0.0691840906679694 -0.0034895072322381274 -0.5974683867492863 -0.8018848733917366 -0.11113963364203808 0.7971535425562309 -0.5934595280421107,232.42374623647666 -96.82842823043114 993.567838323443,0.69
2,758,12,0.0,0.99612674220846 0.08700698712768225 0.012700301103670483 0.06618040985826236 -0.6467801350301101 -0.7597997172159416 -0.057893581752668996 0.7576973281735893 -0.6500331469013338,217.4194851889861 -132.83435421467019 1034.5499472197678,0.69
2,761,12,0.0,0.9329668000024014 0.3584081300767734 0.033415002441265135 0.18809311077099924 -0.4062553860228951 -0.8941909991762818 -0.3069102992305206 0.8405356468480436 -0.44643688759327804,218.17672287171703 74.91979048803951 1028.6297051849212,0.69
2,762,12,0.0,0.9995431294698 0.030130769036446948 0.0023809844583469134 0.01967769478202946 -0.5889330858173383 -0.807942206322787 -0.02294167948917189 0.8076199336240655 -0.5892569237228156,28.470338572840205 -25.08569458035523 1060.8248844701814,0.69
2,764,12,0.0,0.973941718970038 -0.22608084289808192 0.01802721620718087 -0.1428039493714421 -0.6730540929383525 -0.725675698933656 0.17619466533810338 0.7041914799636705 -0.6878006974792693,161.49026451810096 64.65119892189064 1095.4975820217571,0.69
2,768,12,0.0,0.9664738683225549 -0.2510217604758494 -0.05400312599509531 -0.23941149770120423 -0.8049899616522892 -0.5428381862097694 0.09279222283199774 0.5375678909743878 -0.8380992578300291,134.79768000303952 -100.55044180933325 1066.40580166612,0.69
2,769,12,0.0,0.9877330528150625 -0.1391510455057543 -0.07085480161069879 -0.15542466997674104 -0.8323540367187025 -0.5320055728286144 0.01505285153242146 0.5364920727212439 -0.8437710990357553,142.191143640821 -102.27044030604644 1038.1845909139683,0.69
2,770,12,0.0,0.9292741968104927 -0.3691522653998436 0.013269215966942124 -0.3081010015850434 -0.7944039920530653 -0.5234463394011335 0.20377252014073693 0.48233691789071775 -0.8519553143652407,91.83692103546525 -64.68482996609647 916.8423573980623,0.69
2,773,12,0.0,0.9176326902235794 0.32127337166068826 0.23395227396802407 0.3871626430646413 -0.855569139743252 -0.3436663133538009 0.08975151056242572 0.4059370244025113 -0.9094832590933148,113.65496657207622 43.69945148806216 1037.4551735242921,0.69
2,775,12,0.0,0.9880028290467237 -0.04710969861587884 0.14707510357633613 -0.014328530289959802 -0.9761928967437014 -0.21643040813820716 0.15376964269776605 0.2117264854557934 -0.9651563564216624,244.47711584141697 -14.633385519964575 1028.2936401688555,0.69
2,785,12,0.0,0.9185939301887464 -0.3859325491057473 0.0850955872012864 -0.13155056543085614 -0.5016409307091653 -0.8550151024233807 0.37266558756506324 0.7742173106938273 -0.5115739591367057,332.1507689323633 26.77297033545464 1150.3438922261168,0.69
2,788,12,0.0,0.9959402788664572 0.08828287176598833 -0.017581111573308 0.018152414580307974 -0.3882677411168234 -0.921367815290367 -0.08816717516347944 0.9173081792728055 -0.38829402965137494,159.9673595136227 37.27276421937105 915.5315432942574,0.69
2,791,12,0.0,0.9981562808519266 -0.054012000455994004 0.027690121028838766 -0.0008868883998081056 -0.4691379064934648 -0.8831244748731037 0.060689804949565634 0.8814716833215182 -0.46832085056883055,160.19920831424156 -49.251021305237316 1024.6659999319704,0.69
2,794,12,0.0,0.9564600190608664 -0.20604944157003413 0.2067071831523157 0.07040239939249952 -0.5244398966356191 -0.8485318479447901 0.28324500718965356 0.8261394691246136 -0.4870994184523678,47.40734585883672 16.218229047038843 1014.1337013737473,0.69
2,801,12,0.0,0.99495785060613 -0.1001958876444484 -0.0044339165950051315 -0.026821261135539697 -0.22321893428175377 -0.9743992648443539 0.09664106512414677 0.9696051214165792 -0.2247808111347836,150.51528398618706 77.17835654652964 1149.7185902894369,0.69
2,803,12,0.0,0.9964180078667332 0.0491183820939259 0.06883704046053744 0.0758564371861589 -0.15938070698906226 -0.984298527468719 -0.037375854991062024 0.985994510522316 -0.1625357520164266,171.4341567385942 160.3285063969736 1066.5410546675828,0.69
2,804,12,0.0,0.9769479637763714 0.2097669568435112 0.039629533050669755 0.08314457948435228 -0.2029056434808187 -0.9756619695089099 -0.19662058634734014 0.956465955306433 -0.2156692406537862,266.0427564133944 109.73736627609456 1063.655793798033,0.69
2,808,12,0.0,0.851328935523024 -0.46902077934262454 -0.23507137657756733 -0.3729003350986829 -0.22579262878736045 -0.8999794602481679 0.3690316837678376 0.8538367509835418 -0.3671218040995988,96.86171807380855 -141.3475045642077 1119.8577880912096,0.69
2,809,12,0.0,0.8936296379095554 0.4329578072620762 0.11821001387552046 0.39817874238998363 -0.6433063280655821 -0.6539194578688636 -0.2070742846380664 0.6314305230202231 -0.7472721962177107,18.44131965287108 15.687999764663678 952.9037277593422,0.69
2,819,12,0.0,0.9778966708213546 0.18759722851031807 0.09233299005099878 0.2055757307885443 -0.9432497101896631 -0.2608037636574146 0.03816700285935863 0.27402055412389076 -0.9609661886925936,133.8486045524516 96.59573219521702 934.9321645093586,0.69
2,821,12,0.0,0.9853670943295854 0.1577009705647805 0.06466910618985841 0.16214937198569568 -0.7503847852723212 -0.640804381380509 -0.05252875952384021 0.6419136062701417 -0.7649755888315313,196.81781861963034 22.903180492911236 998.4702754996695,0.69
2,828,12,0.0,0.8697559502450535 0.4891078540968936 -0.06555985108322762 0.2263578402933365 -0.5134675159119769 -0.8277156747585005 -0.4385050913627566 0.7050706469311535 -0.5573048247458701,136.39025627893028 18.36915216191572 941.3611286800489,0.69
2,837,12,0.0,0.9330951749182862 -0.3534280883937926 -0.06649797649945438 -0.3083773249445334 -0.6911830856668828 -0.6535819516694598 0.18503194319972455 0.6303606336235758 -0.7539288106800389,97.71124624935561 -110.87641476149558 990.9279609433381,0.69
2,840,12,0.0,0.9910416425030864 -0.026622022759256153 -0.13087295644628 -0.12082321817481423 -0.5962565495185415 -0.793649719401528 -0.05690529654316452 0.802352413257696 -0.5941316286521748,154.3117168823998 -97.26687493394428 903.6740413291011,0.69
2,844,12,0.0,0.9273119699169934 -0.36558034459358285 -0.08027155221809376 -0.28547136161365744 -0.5521019135013033 -0.783383417495318 0.24207150213750764 0.749356049388431 -0.6163334317541553,246.99423019497704 -179.21794279819846 913.0947168154931,0.69
2,850,12,0.0,0.994610577796888 -0.08658699388447554 -0.05703061480108199 -0.0851252363266737 -0.3679468571886656 -0.925942117211066 0.05919030896073741 0.9258065687685701 -0.3733345745442001,99.69288126920466 -135.64107223991428 994.2265126814248,0.69
2,856,12,0.0,0.8536674243216182 0.5083909387751224 0.11309545536158656 0.3963830796921951 -0.4933472602624115 -0.7742667078761061 -0.33783484542868847 0.7057953911459909 -0.6226720509636289,161.6458125264373 13.156404102752319 885.8922459398899,0.69
2,867,12,0.0,0.744454010392165 -0.4540309568999506 -0.4895345918191455 -0.6675975501968969 -0.5172615511498423 -0.5354941630617096 -0.010086495036629839 0.7254628714679852 -0.688187390715132,114.87794262262311 -85.43849177707592 900.5653741670246,0.69
2,871,12,0.0,0.9041037036539235 -0.2104892718781568 -0.37187465558096644 -0.42715643972672557 -0.4687510127815907 -0.7731816500772775 -0.011570178877065296 0.8578850473346862 -0.5137113747235079,-11.885971353027694 -67.94045164290057 831.5463264544254,0.69
2,877,12,0.0,0.720118016259413 0.6664576062974337 0.19303963755380069 0.37617747671749546 -0.14122679310887273 -0.9157212998061375 -0.5830270565497505 0.7320445696243356 -0.3524062987723905,35.206601403098794 120.22674117655819 912.3871699042993,0.69
2,883,12,0.0,0.8115086566611097 0.5843146527476403 -0.005485138875557863 0.5720934420155347 -0.7925538226248 0.2111102362407727 0.11900753659704816 -0.17445579619841023 -0.9774468688403891,244.9964188682354 232.14301905945499 3504.8060561608845,0.69
2,886,12,0.0,0.8234724824877062 0.5657728110066114 -0.042357961603588845 0.149408657319593 -0.2882728365704927 -0.9458201863005241 -0.547329995252855 0.7725282506298906 -0.32191610440490614,57.32520916918735 22.32083563460892 1109.1022015105664,0.69
2,894,12,0.0,0.8949785804043686 -0.43737992487595123 -0.08781880170492401 -0.379908024601338 -0.6440644029961053 -0.6639660666305015 0.23384446425111427 0.6275984752282128 -0.7425879883423456,141.51185636571165 -118.15983889641251 855.6684237427276,0.69
2,902,12,0.0,0.8147248218562197 -0.5790350311198127 0.030690346811790337 -0.25563679465397227 -0.40619019860237016 -0.8773023149282179 0.520454891292601 0.7069143903581568 -0.47895589654389076,177.31825490870543 -185.119261845259 1031.1896842708416,0.69
2,903,12,0.0,0.9446762748467834 -0.1844617412095324 -0.27122057770669206 -0.31066648318555834 -0.23790586315695253 -0.9202647100159076 0.10522866513798183 0.9536113811744766 -0.2820501049951686,138.1456209577253 5.065337814488781 1074.5304301301326,0.69
2,904,12,0.0,0.9393559088908856 -0.2805057884709923 -0.1972992120259102 -0.2480087056256908 -0.15829299208825298 -0.955737940331772 0.23685894191616993 0.9467100037973694 -0.21826133497332328,261.28627512621335 -45.60011367193669 995.4120539948942,0.69
