scene_id,im_id,obj_id,score,R,t,time
2,3,6,0.0,0.13632385935475488 -0.9902331973816966 0.029223623557769224 -0.9031721717535456 -0.13635105981467033 -0.407048420531759 0.40705753099606 0.02909644807596823 -0.9129389701227317,112.73074969146145 -310.2568481365969 1205.1229133652748,0.69
2,8,6,0.0,0.13285665077826336 -0.9889718041292942 0.06545136347877747 -0.9346284951115892 -0.14698756876787555 -0.32382747065861284 0.32987677467416243 -0.0181500761694717 -0.9438495050936957,-82.28873060214804 -236.63871532146632 1176.1106570248962,0.69
2,17,6,0.0,-0.8622682291611276 -0.4859250239645394 0.14272481236419593 -0.505445266553806 0.8434346567139144 -0.18205236162223695 -0.03191525493686691 -0.22911754829987044 -0.9728754111207515,47.082639649640114 -16.470832219489786 654.698488459379,0.69
2,27,6,0.0,0.9541502011720238 -0.26669538169312834 0.13590793570260384 0.006686610752953404 -0.43493906324986426 -0.900435061787339 0.2992535427359633 0.8600590588110139 -0.41321390649043727,-344.94653540755365 -43.99265928492415 957.4425855034405,0.69
2,36,6,0.0,0.10428242295950985 -0.9834678225242631 0.14804127235699543 -0.8759865298654578 -0.1613107257305867 -0.45456182116247357 0.4709275695433078 -0.08227935235316144 -0.87832643841591,114.5815407250025 -201.40684493989477 1200.671395089197,0.69
2,38,6,0.0,-0.11851106046212545 -0.9798266809579855 0.1609186248729472 -0.9443571478942127 0.06114310486964891 -0.3231889508445593 0.3068300926722318 -0.19026611892230555 -0.9325524640581851,48.192320109022795 -210.32218519974313 1094.0589432318402,0.69
2,39,6,0.0,-0.15697420494849368 -0.971167320523716 0.17942445353845765 -0.9111659530525461 0.07233322115585838 -0.4056408647006153 0.38096680298765345 -0.22716060544029965 -0.8962490470607837,67.53146758513756 -153.11047093746595 1107.3205833731668,0.69
2,41,6,0.0,-0.22540390621006312 -0.9652213864018677 0.1324415127431779 -0.8054046558033432 0.10811708146855215 -0.5827812944021288 0.5481937791288254 -0.23803019120938992 -0.8017638109800653,101.16632538212114 -184.66047397036684 1197.8656264478827,0.69
2,47,6,0.0,-0.27818030302567165 -0.9545641720014567 0.10687825101356524 -0.722303903855673 0.13454152979640188 -0.6783624748133541 0.6331609506937395 -0.2659056567491881 -0.7269122314457109,55.79304828567151 -224.55631215917765 1184.840730025822,0.69
2,58,6,0.0,0.9819770205265254 0.125016099979441 -0.14174662572272495 -0.14091747005055374 -0.01549621447778596 -0.9899000626181462 -0.12594998131162682 0.9920336899938373 0.0024000260023536394,-10.523136053765477 -69.16010802581016 1453.956903465777,0.69
2,61,6,0.0,-0.33635812399623555 -0.9154147365508443 -0.2210861201597284 -0.13878732004852729 0.2803865757746765 -0.9498007411657984 0.9314511754329805 -0.2887892453518669 -0.22135826064011843,82.94191083421804 -135.0471958857565 1144.772613617177,0.69
2,62,6,0.0,-0.6871170571050131 -0.707528426496767 -0.16514743574865257 -0.3558686238932323 0.5259168939791771 -0.772508215591027 0.6334253486905015 -0.4720327809869825 -0.6131536359755294,-206.91608397850553 -194.68728262167693 1223.7816263739733,0.69
2,64,6,0.0,-0.7397489400326132 -0.6717214618496314 -0.03951940550184835 -0.28343054575826265 0.36432488627117376 -0.8870932887665588 0.6102775036422354 -0.6450253134056756 -0.45989532897618257,-209.23930592133487 -106.09312974868392 1302.8666323952357,0.69
2,65,6,0.0,0.9148733856509879 0.34503619591177986 -0.20965855989734114 -0.37925031211297705 0.5563142228060676 -0.7393806098795739 -0.13847703415985127 0.7559527161234418 0.6398121614942017,177.6160941003317 138.22048010922506 2958.40957382271,0.69
2,69,6,0.0,-0.1449984876641056 -0.012431249017778145 -0.9893537803146961 -0.9657817774069354 -0.21553863764060205 0.14425205063614832 -0.21503719911639213 0.9764161816212854 0.01924690271929086,38.551360655452825 148.19756820558095 1705.2079090909344,0.69
2,72,6,0.0,0.4840162196642742 -0.6423510171704081 -0.5942335145732246 -0.33892435254018743 0.4884608357113405 -0.8040748069871317 0.806758069285408 0.5905854575896028 0.018714564557043737,-385.2804156282606 222.5489169280687 858.117612082391,0.69
2,79,6,0.0,0.7188875738368449 -0.6453440678484419 -0.2583247767361859 -0.5650318859686232 -0.32603607322724937 -0.757917836439608 0.4048945838384548 0.6908194503974112 -0.5990232574206975,462.73003422949984 -107.44747341362029 1222.4273370166889,0.69
2,89,6,0.0,0.2885470660292161 -0.6787518936627708 -0.6753047145808576 -0.5978542196499055 0.42318394224038847 -0.6807978283431034 0.7478709265192313 0.6001759890891053 -0.2836861987975102,140.88416127083192 -180.4369703931661 1212.9125030405792,0.69
2,96,6,0.0,0.6093701176181123 -0.7736679453711636 -0.17351072030064923 -0.21587307984797155 0.04868018280594602 -0.9752071847555938 0.7629330725240839 0.6317184104544854 -0.13734983342479473,318.3832550665302 90.48490824265077 1221.5085420857379,0.69
2,97,6,0.0,0.7196326572739203 -0.6643866913090035 -0.20178989815238724 -0.6180651910549884 -0.4804828561516816 -0.6221990393358728 0.31642417447318516 0.5724740599850767 -0.7564054418452885,525.1438780481523 -288.1552530692779 1119.6674664646007,0.69
2,102,6,0.0,0.8178966822472789 -0.5471056646099567 -0.17810224288478702 -0.547409639770205 -0.6446223226894683 -0.5336710104334782 0.17716575136167997 0.5339826334649215 -0.8267253738106257,467.3020882401057 -240.0479379780896 1101.3312335754852,0.69
2,107,6,0.0,0.8451716465354083 -0.534405713032554 -0.009768406768473445 -0.5078312642258559 -0.7971751365456935 -0.3265259694850073 0.16671021254678964 0.2809311936249204 -0.9451377515902546,320.6900916643822 -129.25821277904816 1060.0897893789243,0.69
2,110,6,0.0,0.7943095103440573 -0.5767608538570755 -0.19083846372008198 -0.5117324339864683 -0.46590959915938324 -0.7218435851466907 0.32741765038444204 0.6710254562005826 -0.6652236611452808,434.13846544600585 -113.76752083876207 1175.3209555405813,0.69
2,115,6,0.0,0.7344701453201659 -0.6215752963453702 -0.2723926515281558 -0.3942788529206325 -0.06414380162898911 -0.9167495616863807 0.552356580274884 0.7807238459825253 -0.2921857021506864,306.1797376949183 -118.67766212571375 1248.6440417846977,0.69
2,119,6,0.0,0.05255343158033676 -0.9986120438971182 -0.0034817542634051346 -0.9055500093123889 -0.04618554550370102 -0.4217180053315931 0.42097187253243284 0.025315630945039996 -0.9067203545561286,308.95034448057254 -313.9112349174736 1065.9027476920546,0.69
2,124,6,0.0,0.27787284116674427 -0.9534646105325342 -0.11701248054786367 -0.9519467862825588 -0.2569844984906273 -0.1666021717200256 0.12877888114217156 0.15768387361288258 -0.9790565845619991,182.24877598673115 -310.18839004732337 1032.8328587976025,0.69
2,126,6,0.0,0.11623339177231196 -0.9928446105140546 -0.02737476959353427 -0.9573850829839513 -0.10466014802417367 -0.26918405654007527 0.2643928923343374 0.05749637196165516 -0.9626996238154092,191.1800144220439 -347.9631583330088 1074.6008053122337,0.69
2,136,6,0.0,-0.4439314254908229 -0.6164714545194035 0.6502982663550755 -0.8491648334661034 0.05772892985103484 -0.5249632903953749 0.28608386019866716 -0.7852581208882752 -0.5491135661344058,-478.5560853691453 -424.61707729231574 1014.8414049171406,0.69
2,153,6,0.0,0.8806163300740617 -0.3766323025281688 -0.2875117178468056 -0.4144386014907947 -0.3181032815731367 -0.852672825793549 0.22968570874402586 0.8700335688608409 -0.4362179091394838,552.8464952539331 -227.6344650760655 1069.9931035844634,0.69
2,156,6,0.0,0.785205911861209 -0.6115130621981815 -0.09748564375953372 -0.43276192984607453 -0.4293089686040844 -0.7927237359584981 0.4429094580770532 0.6646394392729794 -0.6017355130859328,252.86055950558784 -91.22791497690294 1184.4852042112843,0.69
2,162,6,0.0,-0.5214245303707861 -0.8515505424092418 0.05457227180658339 -0.7250247743595528 0.4084102113596827 -0.5545630494560738 0.4499505925015379 -0.32872902667648063 -0.8303503425228708,-44.91824793443336 -246.54977261453303 1172.1486062750892,0.69
2,166,6,0.0,-0.7404563350468119 -0.6647403676772545 0.0992202573537883 -0.5860100654202316 0.566243162413923 -0.5796213283219097 0.3291149026027525 -0.4873283539871118 -0.8088228831363471,-211.801304736215 -178.85810998306044 1064.7613161108684,0.69
2,175,6,0.0,-0.665373554118879 -0.7437803462351775 -0.06378738145974078 -0.701757225244259 0.6523374860956606 -0.2863435018502628 0.25458756901445395 -0.14576213770617036 -0.9560013435736574,-137.3729804851672 -229.39446697518866 1047.3080113774563,0.69
2,176,6,0.0,-0.6221124068413526 -0.7821994178798956 0.033767201874180655 -0.7429629442943398 0.5762034272610146 -0.34058137620566686 0.24694577675988894 -0.23696767940167018 -0.9396084834969523,-164.07472175185683 -318.7196590855326 1085.7348451065427,0.69
2,203,6,0.0,0.2738424211749033 -0.946612598061988 -0.17010266769042637 -0.9563829208821112 -0.24931334749980116 -0.15223193949839992 0.10169580625604925 0.20437084906800235 -0.9735966921888939,311.0947870282034 -339.0974471102922 982.6059777664534,0.69
2,207,6,0.0,0.5628993263016008 -0.6024238727975665 -0.5658885278328101 -0.8062083060564523 -0.2493197032537332 -0.5365331796031406 0.18213323610694826 0.7582381967779331 -0.6260210230113354,390.6830069307873 -316.21929994311637 948.973898409861,0.69
2,217,6,0.0,0.1686599741866558 -0.7295568458798825 -0.6627975722173052 -0.25754111879801067 -0.681689180764131 0.6848156196797769 -0.9514338575201249 0.05519664354764009 -0.3028645659456538,164.87899680820706 23.941157610989457 1429.1469432444637,0.69
2,219,6,0.0,-0.7516545545513506 0.5652261715352666 -0.33990411241083285 0.3830667072498158 -0.04540326539616102 -0.9226041628391614 -0.5369127754291144 -0.8236855701679805 -0.18239175715490608,234.77471228205013 -11.193151591238076 841.3611752633336,0.69
2,221,6,0.0,0.5503472502473323 -0.7904014643507639 -0.26904168691369823 -0.33547366901506337 0.08574325250680026 -0.9381393883891278 0.7645752556437933 0.606558834575611 -0.21797031599624933,214.73926169872166 -12.888423889729875 1119.7573177255574,0.69
2,224,6,0.0,0.49499940449325586 -0.7576204299153197 0.42542552077449225 -0.3333705416466597 -0.6177431492607666 -0.7122201088874163 0.8023962060687567 0.21072419347648835 -0.5583508240973134,232.35725762472185 -69.11129655388254 1081.2946210383036,0.69
2,243,6,0.0,-0.633859635500724 -0.7729444622997333 -0.0279073589410615 -0.5157768138044175 0.44930418072677814 -0.7294518706009339 0.5763646769404354 -0.4479761281381123 -0.6834626162371524,-92.61103297366387 -307.12200224576316 1113.4540509325163,0.69
2,248,6,0.0,0.816320649608382 0.3265998519103203 0.47639598419288376 0.5469644878186191 -0.17206149304676144 -0.8192830351446533 -0.18560831362917254 0.9293693449553176 -0.3190958704982855,87.8078044692293 -59.83887460207625 1364.4776279214655,0.69
2,249,6,0.0,-0.4166609787584805 -0.9079819620008436 -0.04429882008726016 -0.7049484331759641 0.35349103193173004 -0.6148916952655918 0.5739698035112807 -0.22497299176776483 -0.7873663808115527,-116.74393544387148 -176.12316666243797 1128.7394024925443,0.69
2,254,6,0.0,-0.688482101231706 -0.7079241810761587 0.1575936233837685 -0.6690810560562861 0.5361312982984809 -0.5146783183808987 0.2798623531491506 -0.4597897180586305 -0.8427754614708388,-220.69981330204956 -310.58132775469096 1029.8839523965846,0.69
2,258,6,0.0,0.7779159743871764 -0.5055518183412275 -0.37318104957932813 -0.4776124302724389 -0.08978931409530425 -0.8739703916744261 0.4083296502123072 0.8581114368461555 -0.3113063743506089,405.9916169631355 -45.57716917192221 1051.5333693618009,0.69
2,263,6,0.0,0.8831625503597962 -0.43337717149244653 -0.1794662555222758 -0.331901163121962 -0.3069977587889863 -0.8919607581148558 0.3314596922104843 0.8473113969065599 -0.41496731089567174,360.6325922104173 -59.20037107499352 1040.2690829369544,0.69
2,266,6,0.0,-0.21796996925166667 -0.9758944315446613 0.010915630286436218 -0.8916412627742197 0.19457918612207303 -0.4087967696135415 0.39681853664215666 -0.09883824567541888 -0.9125601624928533,44.56972067103211 -357.51961905353505 975.4158504040552,0.69
2,268,6,0.0,-0.07897400235353003 -0.9875929964282899 -0.13573201670223717 -0.9645267781929567 0.11010442258639519 -0.23992730206383672 0.2518952184956667 0.11196914544957585 -0.9612552779393787,87.18220055498347 -393.57318258944906 902.3295759985202,0.69
2,277,6,0.0,-0.02532519123971655 -0.9990387488906481 -0.03578006293566732 -0.6342469393507376 0.04372284142107308 -0.771893213509673 0.7727156363196579 0.003145052157951911 -0.6347445580972161,567.2335685517179 -81.19898884415872 2465.7223541290273,0.69
2,283,6,0.0,0.6105487767188406 -0.6744738216437143 -0.4151087269191654 0.579709961277777 0.7377134200657267 -0.3459989460247628 0.5395985100446864 -0.029393430766949585 0.8414092192181536,107.5741312709713 -194.2906004431699 1153.4315158838767,0.69
2,307,6,0.0,-0.7910920858093238 -0.6065726533039899 0.07901220180206946 -0.5981900036182841 0.7401483505913113 -0.30716304902790265 0.12783595480540894 -0.2902585664209036 -0.9483712001522776,-331.04438933618167 -246.93448069091528 837.2237190338752,0.69
2,310,6,0.0,-0.7861623505915486 -0.6166557850368157 0.04104145822213805 -0.5716708616455659 0.7003656452895952 -0.4274112642917888 0.23482160134405727 -0.3594768499899784 -0.9031252459451542,-272.40557743963893 -283.92020812493945 925.438747080898,0.69
2,322,6,0.0,-0.6994758521199282 -0.7146508265147233 0.002780011317094211 -0.3648381609810354 0.35374084088736313 -0.8612552082746886 0.614513342892631 -0.6034414749170992 -0.5081650693985169,-174.0464266648853 -84.25826360179255 1072.9735890244033,0.69
2,326,6,0.0,-0.5871578757682642 -0.7631289429163988 -0.26996267409884556 -0.2558956056494574 0.49139069157995074 -0.8324978241640487 0.767960329660717 -0.41972539202659365 -0.483805257676604,-192.3238032324642 -104.21117747518613 1097.7041430701247,0.69
2,338,6,0.0,-0.9749197789313766 0.21631254365517655 -0.052347952260074306 0.21719372636277423 0.8734106014566838 -0.4358678773340922 -0.04856243277522269 -0.43630586143266775 -0.8984869979039484,214.36668061337855 -347.53544596255125 1763.4679200395733,0.69
2,342,6,0.0,0.6725817713514266 -0.7234225880146377 -0.155863786672787 -0.7065964520846775 -0.5652098620646925 -0.4257455410525835 0.2198981917777456 0.39648148881759276 -0.8913176842618252,192.81891919522997 -284.6342095451734 779.1863769928777,0.69
2,356,6,0.0,0.7095691802614007 -0.6912245434229787 -0.13682181475502392 -0.27973663060654413 -0.09811691310615045 -0.9550499928587078 0.646729461150535 0.7159481139944534 -0.26298156237220127,233.93645482475105 -75.64261710555378 964.3242109520227,0.69
2,362,6,0.0,-0.7235606262783789 -0.6584251631670055 0.20721082164824828 -0.42595052840844816 0.1896865118150135 -0.8846384428590113 0.5431631131144712 -0.7283511047180162 -0.4177062374538373,67.64547296532497 -67.1207028862247 913.8913351697448,0.69
2,365,6,0.0,-0.11044740016447963 -0.8881492357637205 -0.4460855375477066 -0.46976670038616686 0.44218109295499586 -0.7640648717493944 0.8758542224623915 0.12516715242204857 -0.46606068805398626,-82.97508216058935 -218.3917384253791 1092.8119607323667,0.69
2,368,6,0.0,-0.8036163452124427 -0.5898710039070176 -0.07907571344681892 -0.4970717093920689 0.7383038536092521 -0.45588061536741714 0.3272926602132146 -0.32704681392035545 -0.8865212327266063,-256.8246758569654 -263.6089010427827 884.6939949083231,0.69
2,387,6,0.0,0.40095989269151844 -0.7011848915978665 -0.5895514500429065 -0.8122592406931861 0.02548761477745587 -0.5827394850200941 0.4236343828837955 0.7125237745421861 -0.5593243963486857,53.75436655766915 -302.25820119721186 864.8841003372477,0.69
2,389,6,0.0,0.7694471442453751 -0.4783251622590114 -0.4232683916411985 -0.5233746633034674 -0.0923318245385065 -0.8470854714781575 0.36610115272232996 0.8733154489228281 -0.3213877294610054,342.27557055304675 -157.6318837782901 843.3079107636081,0.69
2,402,6,0.0,0.046029638937676975 -0.9979335226569246 -0.04483254060175809 -0.9812680319756883 -0.03676525139055287 -0.18910675744866615 0.18706769299327522 0.052697254650794306 -0.9809325550670867,216.26631824810372 -259.97176740280804 1073.9340000198008,0.69
2,415,6,0.0,0.30708180803380747 -0.9045029825945421 -0.29593093392253866 -0.7176049858217708 -0.01582688021178935 -0.6962704892399922 0.6250950707679788 0.42617351435810713 -0.6539359969914762,361.1449854882775 -229.16224909185172 1130.5641164630383,0.69
2,417,6,0.0,0.17330449526146796 -0.9837455745344322 0.04701272706499077 -0.7858752944769191 -0.16690167522300925 -0.5954358507333671 0.5936038859820438 0.06624556884556632 -0.8020261536604302,388.8447276707546 -152.3829698925967 1038.9720410840578,0.69
2,425,6,0.0,0.3399105269720146 0.7800015998485236 -0.5254125406643344 0.4387003389035625 -0.625676490487093 -0.6450356128909891 -0.8318670845150122 -0.011244264560132777 -0.5548609917943368,305.4860977064282 -209.25910745828867 1346.0251672801953,0.69
2,428,6,0.0,0.7470259457877801 -0.5193439876005651 -0.41501091414927527 -0.5093822063215935 -0.04601780284427709 -0.8593091002103556 0.42717912425915505 0.8533253684055863 -0.2989210789366517,426.33502690560806 -150.83276542217422 1147.7557856885112,0.69
2,434,6,0.0,0.6169404337207806 -0.6427681367524353 -0.45412952295156694 -0.5285233128488888 0.08917488682621039 -0.8442220959763894 0.5831360124496263 0.7608527859811877 -0.28470235167454083,460.4602570752379 -189.5137926659869 1150.804597768867,0.69
2,435,6,0.0,0.6515797291015443 -0.5893851695285367 -0.4775656798428633 -0.5283630349822955 0.0991183971884135 -0.8432129307613216 0.5443127408836356 0.8017485050055397 -0.24682579855664669,464.60972187132637 -179.46894625760675 1103.2796273324536,0.69
2,438,6,0.0,0.6022126299138723 -0.5872440018428245 -0.5408182972790792 -0.46959561866892596 0.2872727508150702 -0.834837901371333 0.6456159100418501 0.7567158310348525 -0.10276793158406115,315.3369284516379 -161.51350480846813 1438.159148635551,0.69
2,442,6,0.0,0.6649431828311183 -0.655591496437817 -0.35784124050316835 -0.358367086412816 0.14030910106164232 -0.9229769160359665 0.655304200339363 0.7419657309860733 -0.14164483421533697,370.011024811976 -3.430631159323164 1154.1198036369944,0.69
2,446,6,0.0,-0.22235385762567417 -0.9721271096781372 -0.07434813130006912 -0.654713222436039 0.20538642942786367 -0.7274386647507064 0.7224329438545829 -0.11307208866782303 -0.682132937482055,3.50446274284409 -247.52895736471405 1194.3358188894333,0.69
2,453,6,0.0,-0.06595231226133991 -0.9774904617729296 0.20040631140342774 -0.9400500007165646 -0.006480966932787768 -0.34097506246117665 0.3345986979355567 -0.21088004697116575 -0.9184624745351706,-39.52693524695892 -256.46632880603113 1170.6834174809244,0.69
2,473,6,0.0,0.231468184020994 -0.8585344546442146 -0.4575380530347006 -0.7361846221976955 0.15287276343883227 -0.6592891021685491 0.6359675163289866 0.48943692993820564 -0.5966546821964982,-70.14473674105759 -170.36312012150108 1190.2915825632294,0.69
2,474,6,0.0,-0.053507302393969614 -0.9424020227483474 -0.3301747962978756 -0.6650756732686531 0.28027199567919914 -0.6921863602125131 0.7448565750644671 0.18255420005527778 -0.6417652581944658,116.4649646435131 -247.95104297895008 1093.7650199700859,0.69
2,476,6,0.0,-0.18860231700573382 -0.9710939419467051 -0.14630694424557472 -0.7694507043537966 0.23869613628727593 -0.5924270149908528 0.6102251876066038 0.0008428736175437046 -0.792227561988694,160.72697584058162 -383.4605093005953 1195.0096328969325,0.69
2,477,6,0.0,-0.5445208568075172 -0.8337773908284468 -0.09117181058262763 -0.5790380644964107 0.45232895663058814 -0.6783166184443172 0.6068047102370397 -0.31656559752567925 -0.7290913976295097,-48.064326850323816 -363.5578876171198 1233.5709474971895,0.69
2,480,6,0.0,-0.7010790897456416 -0.7083795191023943 -0.0817714304490477 -0.43549623007850813 0.5161435749802165 -0.7375220970208616 0.5646513468582448 -0.48145017075799523 -0.6703540777591105,-92.28966481047325 -334.42348981712365 1278.5120366581223,0.69
2,491,6,0.0,-0.4836810917590012 -0.8605182192785673 0.1598780653012294 -0.7182293049239777 0.2858392812882473 -0.6343836148743422 0.5001992273317106 -0.42166847115033596 -0.7563044581479722,-197.11785392348415 -295.71295667701037 1278.1259066317025,0.69
2,494,6,0.0,0.05558700710958586 -0.8345019713018085 0.5481938931929048 -0.38832597103917554 -0.5238850943356083 -0.7581209324042253 0.9198440220260605 -0.1707362522324012 -0.3531799928033209,-556.3595108738887 52.78617028741591 1177.9974416892112,0.69
2,499,6,0.0,-0.9732557072738096 0.21156505369303588 -0.08951846912687546 0.11061486254646088 0.09005950880357894 -0.9897745384974732 -0.20133971402280298 -0.9732057916648058 -0.1110531702712485,195.80483942139304 310.04227700545937 1908.0542700448011,0.69
2,501,6,0.0,0.6496865584992115 -0.750660981160554 -0.12006442882271473 -0.24340846714627723 -0.05578903571410754 -0.9683180787404465 0.7201803203552218 0.6583279386879798 -0.2189626253858991,163.61089763006467 -129.38972858364318 944.8887547003059,0.69
2,503,6,0.0,-0.061476590225946426 -0.9754835082869707 0.21131150918569114 -0.34150945480819994 -0.17837583097011223 -0.9227964863404758 0.9378656199748432 -0.12889525974939997 -0.3221709032227114,26.35354069047372 -39.10785836099605 1291.842963614291,0.69
2,521,6,0.0,0.41241958906219145 -0.8930412475139564 0.1799650321492775 -0.531081171562445 -0.3961963815708636 -0.7489867932360462 0.7401775947498241 0.21332078536530696 -0.6376765408586818,94.06800451484996 -343.1395472098769 1240.5184100598308,0.69
2,527,6,0.0,-0.7072518060417584 -0.7069296290035663 0.00673665254788508 -0.23014216604051468 0.22121617644538005 -0.9476803188254284 0.6684530396825576 -0.6717990048487461 -0.3191498563737464,-38.56190639536907 -95.35884969771203 1192.000200888157,0.69
2,529,6,0.0,-0.04410782071796848 -0.9984791435693079 -0.03307415922760182 -0.29991127887387603 0.04481341516908377 -0.9529139429272295 0.9529468636580675 -0.03211164396265831 -0.3014317789588016,29.38074365912264 -37.14993180078165 1201.6864277122247,0.69
2,532,6,0.0,-0.6563527465499253 -0.7534804823036123 0.03831755320849034 -0.7086614438037404 0.5982939224598206 -0.3739563349024062 0.25884364037458557 -0.2726014400826934 -0.9266544257178476,-71.2127701170127 -425.98150213649126 1020.1604822492762,0.69
2,535,6,0.0,-0.701636098688928 -0.7095530857349879 -0.06512452334211444 -0.6941522660171953 0.7013003456352906 -0.16226662255379057 0.16080863347399513 -0.06864578454485196 -0.9845955208431775,-107.54372749377423 -305.1523496291692 1035.9551475870364,0.69
2,540,6,0.0,0.15638947981513351 -0.9654392722379481 0.208493026799012 -0.6819010297852288 -0.2582471924975912 -0.6843386392313069 0.7145301366499504 -0.03514824587050541 -0.6987211780325754,147.36123700080185 -257.43168588063025 1160.6628650181397,0.69
2,543,6,0.0,-0.2861153764156237 -0.9413231075078322 0.1790217826141403 -0.5665356920552552 0.015510187352875127 -0.8238912208026932 0.7727711828258215 -0.33715017627175775 -0.5377308412522975,41.26726203250027 -124.36054157964546 1227.376971514956,0.69
2,549,6,0.0,0.16726700301442632 -0.9797050312226769 -0.11045271159888051 -0.9681203021602003 -0.14202753439835558 -0.20632803982485426 0.18645329240272093 0.14144338538686624 -0.9722288508795077,278.3240646563385 -357.9157678386551 955.0046802982365,0.69
2,560,6,0.0,0.052815602863156674 -0.9693265784741196 0.24003436495189073 -0.4990146857491191 -0.23382513561886176 -0.8344520054260334 0.8649825752585476 -0.075708587468511 -0.4960578134478014,365.1812082382399 -108.01190356439446 1169.9024649616981,0.69
2,563,6,0.0,-0.1550643109743452 -0.9446493647873293 -0.28912391300089113 -0.39248094654973015 0.327483662672013 -0.8594842391099158 0.9065945985154993 -0.01979970428613681 -0.421537905356923,50.44395185528942 -197.84359086590095 1266.5659063054734,0.69
2,571,6,0.0,-0.9135484450302835 0.2880531108112777 -0.28714916669685275 -0.24767209979277593 0.16603389737481467 0.9545110140311459 0.3226263621699076 0.9431108897019878 -0.08033728996260958,157.77149895623967 -7.605326842061635 506.4454405047343,0.69
2,575,6,0.0,-0.07482429443057359 -0.9562945188144172 -0.2826696273894121 -0.13689439356365968 0.2906310239089034 -0.9469918336250321 0.9877556630937658 -0.032162108562169056 -0.15265761952497015,184.23504780519943 3.1165639021430325 1151.3795063632729,0.69
2,589,6,0.0,0.2960368314256435 -0.9509298189102852 -0.0899704059494977 -0.8865351624512966 -0.23847933605927774 -0.3964631281849287 0.35555252801367954 0.19712961669921203 -0.9136313884948914,159.1722105029411 -339.7111480330999 949.9119981656281,0.69
2,603,6,0.0,0.8495635267630568 -0.4831250477604303 -0.21173568952918276 -0.32427387714167855 -0.1617530768780259 -0.9320313271151324 0.4160387801604799 0.8604801742904791 -0.29408434683880497,330.1720822712289 -116.87764231120599 1023.8758623706217,0.69
2,607,6,0.0,0.047594855284250226 0.9858932146482974 0.16046588129854047 0.8414865832761217 0.046980105890061075 -0.5382315485149837 -0.5381775356857158 0.1606469388472891 -0.8273799013284318,42.0968203624783 -68.40751787478236 826.1864582982986,0.69
2,611,6,0.0,0.7967664408085939 -0.5691901621208096 0.20294284453040382 -0.5480794507189924 -0.5392401676344338 0.639397339147697 -0.2545037416243083 -0.6206791449327698 -0.7416099005169451,25.47514964042351 -91.79609291623862 542.6723366186732,0.69
2,615,6,0.0,-0.2854118032943117 -0.9449049485539156 0.16029579139394526 -0.8205928200409296 0.15452101189855338 -0.5502278442419302 0.49514394496708114 -0.28857909674848103 -0.819484337057315,-127.54877481337229 -388.50156059544656 1004.4452072646673,0.69
2,625,6,0.0,0.8569947436598973 -0.5153193345648801 -0.0024480120335718114 -0.07613533777050288 -0.12191468027427149 -0.9896161988751971 0.5096699124746121 0.8482822608997734 -0.14371425176679553,-489.7491621768957 -263.03000195195057 2079.2790459403686,0.69
2,642,6,0.0,-0.41026408417190396 -0.891180384661449 0.19359985339162875 -0.8080897252209849 0.25685105534374464 -0.5301118102448548 0.4226989203095528 -0.37393188866887966 -0.825530475152591,-92.63128298538302 -370.5669343593202 1002.2916434840041,0.69
2,648,6,0.0,-0.7503751242180171 0.48796114111927763 -0.4459048079045211 0.49772813038307223 -0.02680630243205362 -0.8669187565021839 -0.43497572481710617 -0.8724536359643953 -0.22275720395161058,221.25998768281747 -124.03203493981161 986.6034433101313,0.69
2,649,6,0.0,-0.5325376669042441 -0.8406412130400327 0.0986204049209215 -0.5979879934540508 0.2912163522201061 -0.7467284619487948 0.5990108454886124 -0.4566348509894937 -0.6577770289762486,-69.37266449668985 -278.7617222558886 955.3563431346157,0.69
2,650,6,0.0,-0.791119689306582 0.6020431331643735 -0.10804491196294977 -0.11703799542932794 -0.3223738783346739 -0.9393493440639353 -0.6003596795399752 -0.7304924013137204 0.3254982439362353,200.60178577016796 -6.748003093762635 1120.102302760322,0.69
2,652,6,0.0,0.3143214433893323 -0.9457692885036286 -0.08199075038677694 -0.8546626217039883 -0.24432900380226874 -0.4580994880624253 0.4132237085256748 0.21406492198473584 -0.8851115047766338,162.4444508150583 -351.5960817405529 912.0231717455401,0.69
2,667,6,0.0,0.49271093339164995 -0.8514207821657144 -0.17977371279653914 -0.490346131984709 -0.10097985984890911 -0.8656579802396147 0.7188856703008926 0.514670496144104 -0.46724476822626737,232.74712663331832 -111.52903046680149 921.6764016984096,0.69
2,669,6,0.0,0.7753651211394681 -0.5950498655156133 -0.21148188213231933 -0.5457320372222798 -0.462841153751258 -0.6985374792689543 0.31778211477299656 0.6570340356055042 -0.6836086626033546,249.9455253625602 -230.23620542816977 885.3360990912279,0.69
2,679,6,0.0,-0.482303130985208 -0.8758826995419406 0.014600906991956708 -0.5656237706656486 0.2986456755400392 -0.7686875246413248 0.6689196064549454 -0.37899901995170915 -0.6394578195438734,-237.13043395386188 -259.36213427324424 949.6252372002663,0.69
2,708,6,0.0,-0.0692824673634097 -0.9974440233542523 -0.017474552667237353 -0.8400446661342298 0.06777957750425267 -0.5382665582894556 0.5380751793341418 -0.022613030496309694 -0.8425934679525495,132.05435828976408 -238.346599520686 1223.4824398391695,0.69
2,711,6,0.0,0.7312911049627422 -0.6815854247154587 0.025585711204078487 -0.215515011544433 -0.26649667748307526 -0.939432169286045 0.6471217811211222 0.6814842842692186 -0.3417785404215672,286.80941783715036 111.59076072149469 1258.7785461809578,0.69
2,727,6,0.0,0.18821434176428686 -0.9812447322603712 -0.041642970181147265 -0.318218840146534 -0.020815002017972817 -0.9477887451678175 0.9291459149832335 0.19163901247466192 -0.31616824250342707,255.23781355362536 194.28998020587582 1394.9749112230977,0.69
2,736,6,0.0,0.6535632470327681 -0.7554328196754665 -0.046651228120585864 -0.3273098604887681 -0.22652119590694614 -0.9173638335097531 0.6824392554321652 0.6148246927068406 -0.3953065391353032,120.13047137102907 78.9789517392037 1369.5610159512237,0.69
2,737,6,0.0,0.5615146233605168 -0.8104067766977836 -0.16715915779461882 -0.3496246007294172 -0.049266969565397056 -0.9355936106422693 0.7499759771599976 0.5837924477005088 -0.3110022695910043,179.9931236905418 81.84086585288655 1289.1649786927005,0.69
2,739,6,0.0,0.48515556172581364 -0.8619630683076519 -0.14711814911889143 -0.4728927460210198 -0.11711399679631845 -0.8733022171706031 0.7355246642276583 0.4932585332541648 -0.4644345892423824,97.01534313439308 -60.68365917955813 1298.3273352015476,0.69
2,740,6,0.0,0.5011558963336471 -0.8489147407688563 -0.16788844652138385 -0.22303595809235588 0.060742903308328655 -0.9729158550951359 0.8361206425916317 0.525027677939954 -0.1588968483927124,147.7791499072284 131.9367144885561 1315.844576812901,0.69
2,754,6,0.0,-0.11573453532181466 -0.9879944260878756 -0.10233538661251751 -0.8699470797189784 0.15054739691809071 -0.4696036198429572 0.47937208494265215 0.03467701400750545 -0.8769263987799991,116.12669057147811 -449.7186079785814 1190.1684652041813,0.69
2,756,6,0.0,0.8731219931101304 0.47362574328712886 -0.11548437315544982 0.38788024883622857 -0.8184230747943417 -0.4239487978599784 -0.2953081402706974 0.3253649119679166 -0.8982932574332126,208.83024675916047 -27.38486194975258 906.5950306101767,0.69
2,758,6,0.0,-0.05467679404961967 -0.8519221886322483 0.5208061373567859 -0.5845584911952797 -0.3955498531961653 -0.7084007933422931 0.8095071454681259 -0.34317473414068816 -0.47637095134308366,-473.25924550695004 -231.90197455082446 1039.0814231178886,0.69
2,761,6,0.0,0.9668652180838304 -0.23930299331973592 0.08891415774735036 0.0592964062373601 -0.12824958064625894 -0.9899676667807856 0.24830542939500988 0.962437594055985 -0.10981025125500168,-378.63325692466066 -55.711622978761035 998.4004556495693,0.69
2,762,6,0.0,-0.5080233617133947 -0.7655159901896708 -0.3948386160412243 0.5432791814908814 0.07093733311832828 -0.8365498345757156 0.6684010733923302 -0.6394944593458078 0.37985107812666974,-73.83236231568458 -61.37848432909341 541.0013076720151,0.69
2,764,6,0.0,-0.321117682411752 -0.9452403228776589 0.0583452315844597 -0.6334865087436907 0.16859584729692012 -0.7551624219424345 0.7039732077872247 -0.2794569238368817 -0.6529360998117596,-22.040298504584165 -128.23752457039828 1266.2919080883164,0.69
2,768,6,0.0,-0.32456470565654083 -0.9449028183983041 -0.04261942778856612 -0.8031501809357411 0.29911412327306774 -0.5152480258297656 0.4996073845580844 -0.13300152270378707 -0.8559807569411269,-61.26603901007526 -361.3579987494599 1261.4638606864376,0.69
2,769,6,0.0,-0.2870475650063493 -0.9561005239561305 -0.058953231588595584 -0.790640634433949 0.2712192294538095 -0.5489330712904485 0.5408244471229166 -0.11095908104024127 -0.8337847442409203,-4.950809999348574 -400.4494492249332 1281.0254884953788,0.69
2,770,6,0.0,-0.4026479274947078 -0.915243370165425 0.014290551159818227 -0.826905195540476 0.357000801245833 -0.4344861626082015 0.3925588415414736 -0.18676188390051163 -0.9005651307093496,-144.83883198977156 -312.7691846285039 1088.0127455904578,0.69
2,773,6,0.0,0.06123233903721059 -0.9677951388748065 0.24417856135690225 -0.9117737864104769 -0.15377008928327918 -0.3808192774223948 0.40610240466012354 -0.19931715634161212 -0.8918259404823111,111.28933212287552 -297.0247881662094 1163.9899740584756,0.69
2,775,6,0.0,-0.17966846380857404 -0.9778356297608987 0.10750220594375626 -0.9582353501224637 0.14924782519736535 -0.24394692137745028 0.22249552105232662 -0.14684198256616998 -0.9638117945261359,123.42472170123442 -339.29387951150176 1088.4237902071418,0.69
2,785,6,0.0,0.37390363887333883 0.7771815778120031 0.506147077386525 0.24578834062361443 0.4431858771047816 -0.8620756173030039 -0.8943065248843741 0.44673826055589927 -0.02531335822690456,81.59134008247386 -119.10263316815819 1326.2665940135284,0.69
2,788,6,0.0,0.8590117920365836 0.3963648419705825 0.32402724143462375 0.37091775847288233 -0.04559600881786374 -0.9275456972189207 -0.35287215474099015 0.9169601496409296 -0.18618626796553575,-168.13241548346167 107.12115158687024 469.77230843663114,0.69
2,791,6,0.0,-0.9954905879821659 0.07481877692703161 -0.05831500542797511 0.07368737120802597 0.22278187771415459 -0.9720794238572311 -0.05973826716077616 -0.9719929966729693 -0.22729046142618736,-2.7163337594350554 -178.24480380849042 1471.0601096206951,0.69
2,794,6,0.0,-0.2290883628643261 0.9387377541543046 0.2574683493664315 0.9219278653082269 0.2941224642492942 -0.2520733766031982 -0.3123580208164317 0.17962016854811766 -0.9328285275882098,51.87273829570089 -18.239711615924247 1747.3549949463243,0.69
2,801,6,0.0,0.8841958514454719 -0.4245147436238741 0.19489722607716561 0.1610794381652545 -0.11454600130317012 -0.9802717114075159 0.43846449216211714 0.8981461161923547 -0.03290050275612992,-6.54349304755234 18.142912143426205 1557.2920678949183,0.69
2,804,6,0.0,-0.36665548385036545 0.9300499888827325 -0.023890884070779994 0.48340519347660527 0.16850738146723754 -0.8590254252994498 -0.7949107969340334 -0.3265153603894983 -0.511375150303,-271.4276924522761 168.33178766134705 493.91079922608463,0.69
2,808,6,0.0,-0.6153397784800987 -0.7382770592663315 -0.27623167953933264 0.029499609438231877 0.32861784954191453 -0.9440021620766761 0.7877098006645942 -0.5890308079578732 -0.18043274983616509,-150.02318088669523 -179.40775186768192 1265.1656730594138,0.69
2,809,6,0.0,0.2313768542394279 -0.9681640388833985 0.0955151565734566 -0.6945930904235453 -0.2331404975172453 -0.6805776569600857 0.6811792642602499 0.09112574954641905 -0.7264233667163166,84.3617192364587 -271.9341932313207 1228.8801911168932,0.69
2,819,6,0.0,0.06855265882582251 -0.9973191368847507 0.025594377729614287 -0.9671521815477926 -0.07272989050806533 -0.24357138738782588 0.24477988212934468 -0.008056192037224824 -0.9695452063078872,85.12982438932738 -251.52389158337712 1052.3897812693833,0.69
2,821,6,0.0,-0.012387967265614086 -0.9948034828825305 0.1010572546223833 -0.7701578448848043 -0.05496487354940083 -0.635480728770033 0.6377330415067264 -0.08570235189588143 -0.7654748034064182,147.97396822786536 -251.86036156294804 1215.3411560684772,0.69
2,828,6,0.0,0.10155619401851312 0.931851559709601 0.34833749456993274 0.7448037957242052 0.16090692564647113 -0.6475926707073029 -0.6595101555937486 0.3252101350600636 -0.6777054837633563,356.50855412256794 -237.04295335386874 1957.3893736921798,0.69
2,837,6,0.0,-0.436079484684928 -0.8994518675132432 -0.02865346512844502 -0.6932853669839272 0.35608379662807155 -0.626545871987758 0.573750889291589 -0.2533587729009552 -0.7788576565915193,-131.85585286174384 -305.66671137742526 1132.7992774635702,0.69
2,844,6,0.0,-0.12863950271669033 -0.9900324350845189 0.057338083517160465 -0.6455852860158287 0.03971445988171762 -0.7626548368404704 0.7527758742286204 -0.13512416200266225 -0.6442592211388323,28.580319831571188 -324.04627846390787 1052.1191943945291,0.69
2,850,6,0.0,0.787695004721728 0.5687346962473387 -0.23680672461077712 -0.30657434847015635 0.028456382232593353 -0.9514212543192063 -0.5343676154077232 0.8220286367242201 0.1967744190914661,-172.8739840348946 -103.46803463915259 1021.234508329929,0.69
2,856,6,0.0,0.3637036535553827 0.8832775501305383 -0.2958723066220629 0.1546521154925254 -0.37047298700981707 -0.9158779880910504 -0.9185871627473096 0.2873508923449135 -0.27134312061378946,-69.95007490290342 -148.9621265362197 1207.2647859399553,0.69
2,867,6,0.0,0.6261852671871927 0.3979560069196304 -0.6704647848427892 0.5534557900814885 0.3788101961237375 0.7417476145819217 0.549161815481539 -0.8355440454394243 0.0169543076455971,-76.98360464135129 -5.00738974379296 768.3055060277393,0.69
2,871,6,0.0,0.6668003784305567 0.5975090773464408 -0.44537642260617133 0.3841430820712599 -0.7876949820733502 -0.48163337479171625 -0.6386010866117118 0.15006504491409606 -0.7547642906717773,-287.2177916734547 11.28793384112934 872.9636582506128,0.69
2,877,6,0.0,0.6626117050716381 -0.748125719881468 0.03540671622576158 -0.24430083447497375 -0.26058130181616723 -0.9340313096564927 0.7079991741357385 0.6102501883618117 -0.35543195836543084,138.38364788296877 44.79865267409395 1130.3826631606264,0.69
2,883,6,0.0,-0.19595112704015527 -0.9806097198705824 -0.0027808464594388793 -0.5793621477493526 0.1180585366443394 -0.806474849998842 0.7911653794036683 -0.15641853860951171 -0.5912618567202812,56.293440566502404 20.18357209679253 1124.3087055354124,0.69
2,886,6,0.0,0.32534262177063555 -0.9290062822124122 -0.17635052046784988 -0.402714362980657 0.03261069416697859 -0.9147446006809943 0.8555543935416925 0.368624294147605 -0.3635145244081547,75.09492700008471 -67.3283600630155 1189.897991805626,0.69
2,894,6,0.0,-0.5253324597640724 -0.850467183868501 -0.02704396200653053 -0.6594891541131211 0.42703761878273894 -0.6186379617769412 0.5376800743243042 -0.3071554025361585 -0.7852106063773344,-109.26402734009734 -282.7369806668577 1000.5545379711538,0.69
2,902,6,0.0,-0.6365180275707515 -0.7703463696464591 -0.03756689167286825 -0.45030794574465827 0.4107396200580291 -0.7927898324990121 0.6261529801707135 -0.4877083506431963 -0.6083362640318488,-86.58972076861136 -275.67869691209205 1136.4721429009694,0.69
2,903,6,0.0,-0.09975135797960183 -0.9871739473078581 -0.12464856332043284 -0.1795158328723815 0.14107263357010902 -0.9735874782502749 0.978684695052171 -0.07474028240658792 -0.19128554011326349,-76.37964901633859 2.059704801296622 1366.8241025141083,0.69
2,904,6,0.0,-0.028649344026131673 -0.9594234903435621 -0.2805098594770757 -0.1190186609933932 0.28190286302987605 -0.9520322127695566 0.992478600989569 0.0061108094828121184 -0.12226563125119311,79.19616196627392 -94.08537878560294 1474.8418095456611,0.69
2,907,6,0.0,0.5529662123516126 -0.8325889796849955 -0.031999357878082 -0.6578658217007181 -0.4127107512259475 -0.6299860287820304 0.5113129458908217 0.3694122720343931 -0.7759469341616329,283.67601552314653 -181.05373371974085 969.3680042211006,0.69
2,909,6,0.0,0.6895984812757875 -0.7237632984939438 -0.02491229365782255 -0.42699018132224376 -0.378568334200415 -0.8211975410308534 0.5849216355004528 0.5769338819083945 -0.5700999703820252,316.76786994126536 -123.72233175322641 1009.2697377461044,0.69
2,918,6,0.0,0.006071485783118891 -0.9998318816316188 0.01730160493601751 -0.8711673686278624 -0.013783098316288989 -0.490792667058922 0.49094862551838536 -0.012092752944642043 -0.8711045932767363,47.00386728065764 -315.1706381638712 1001.1258434742167,0.69
2,925,6,0.0,-0.117457171182206 -0.9930779410155829 -0.00012651531204949107 -0.3893624231530034 0.045934987169928276 0.9199385198969112 -0.9135648397209117 0.10810263651710222 -0.39206262714489365,30.187023931547866 -47.45961324588111 77.2274201253881,0.69
2,934,6,0.0,0.7025861070436688 -0.6523583504977907 -0.2842557734242598 -0.3624293140843581 0.01571850984127976 -0.931878704950763 0.612386931997707 0.7577476565349254 -0.22539018287020524,92.8774396966944 -348.32726424423373 1421.6321950615488,0.69
2,942,6,0.0,0.48049290187030236 -0.8767577791204302 -0.020551593711106153 -0.8269596120892875 -0.4451504870009504 -0.34348048546598936 0.2920006356592235 0.18203527316052653 -0.9389349221857615,-40.02043185712282 -59.625549952373774 355.48143571587275,0.69
