scene_id,im_id,obj_id,score,R,t,time
2,3,5,0.0,0.9493652431714009 0.31088558307666575 -0.045340812665721944 0.24452071235857015 -0.821768408399053 -0.5146904935832258 -0.197269501661468 0.4775424977867088 -0.856176329106258,137.12168350659414 49.113428247608915 990.4101419689047,0.69
2,8,5,0.0,0.9663201039844028 0.2367184278346072 0.10094475003230824 0.2570701806051268 -0.8698725738341136 -0.4209948070165024 -0.011848159317835123 0.43276563081502495 -0.9014286049965647,-37.84183155138823 175.55625568188162 1014.9309352567328,0.69
2,17,5,0.0,0.8942431252396368 0.4469242037521214 -0.024248485770854006 0.23467168337336297 -0.5143053645289204 -0.8248752590782963 -0.38112784467204586 0.7319485966359295 -0.5647944917386627,65.55160763783014 47.181728577677504 955.585180865794,0.69
2,27,5,0.0,0.9711951541193882 0.2200437508215494 0.09143697468422002 0.19834507299873907 -0.5338585236599767 -0.8219819394200308 -0.13205758074470275 0.8164409497569155 -0.5621254049835164,269.7483077437711 138.76696946962463 1075.1045353550076,0.69
2,36,5,0.0,0.989181423952512 0.135097078672095 0.057174206085842484 0.14489489730753866 -0.8388598614259335 -0.5247090637893549 -0.022925515076404217 0.5273167095993917 -0.8493594695626535,146.87325339135685 149.47303023155624 961.4576487675466,0.69
2,38,5,0.0,0.9804666855407794 -0.1706664882654541 0.09776516929774115 -0.11483703442257875 -0.9002720228316063 -0.41990801425040136 0.1596794729127881 0.4004787568521274 -0.9022855596985185,216.32530560725456 153.52443811197244 1007.2302467310445,0.69
2,39,5,0.0,0.971835533255252 -0.20360655364726515 0.11865946070315295 -0.11104287358749648 -0.8397602126291512 -0.5314811995832721 0.20785854932600448 0.5033360275173296 -0.8387178708452342,254.90031725553592 176.07729640087214 967.480778985609,0.69
2,41,5,0.0,0.9667415600762079 -0.2539635947103408 0.030220003031470835 -0.18008779603735844 -0.7598543194794867 -0.6246517420825567 0.181601601699509 0.5984345459030319 -0.7803184942893543,303.57081731232705 91.15434102194875 970.8868302277258,0.69
2,47,5,0.0,0.9397022880196114 -0.3324988859748189 0.0800256253721999 -0.16580367591894618 -0.647591758148228 -0.743729827175334 0.2991132744337375 0.6856160774106682 -0.6636729943681122,281.0173669196355 -6.582449694433762 940.3491159756846,0.69
2,58,5,0.0,0.8708714241773722 -0.37740378288334714 -0.3148798933190493 -0.4515175123280076 -0.3611580921080303 -0.8159024258856051 0.194203240478639 0.8527198937342948 -0.48492667921797106,211.1530414778891 -9.554966998112858 1002.2468465246997,0.69
2,61,5,0.0,0.8711159161553521 -0.4252936784563376 -0.2455246376352056 -0.40984009749579464 -0.35418849857794066 -0.8405840838130008 0.2705330942887749 0.8328720157024017 -0.4828416410733019,333.3579253985182 -102.0856871265183 965.8258107073398,0.69
2,62,5,0.0,0.7181763041220255 -0.6813879394310317 -0.14118524071431907 -0.49748678101024824 -0.3608978607667904 -0.7888343532161968 0.4865487631447529 0.6367599312864203 -0.598169784417789,113.57853582122434 -125.86556002316016 1052.3623546087056,0.69
2,64,5,0.0,0.720107204314319 -0.6843220505081773 -0.11466885140655628 -0.3968766562092818 -0.2706658735027824 -0.8770569563472576 0.5691524699505001 0.6770844231772425 -0.4664998926473465,126.04892812233697 -81.57846497705088 1081.5720592279943,0.69
2,65,5,0.0,0.7249346314333666 -0.45462472790822633 -0.5174805667104225 -0.5665020528669386 0.033869503450750155 -0.8233640026340379 0.3918484455068224 0.8900388831452088 -0.23299266564318297,333.9968655715984 -53.47942082159541 1059.486023019133,0.69
2,69,5,0.0,0.9340792221670525 -0.3030526881370673 -0.1888255145066241 -0.24721364566917756 -0.1672988360808965 -0.9544089861484601 0.25764592003512926 0.9381738472473398 -0.23118912654010576,221.6619043126433 99.8986036026625 1067.5334237922295,0.69
2,72,5,0.0,0.8751632111105703 -0.11125734671866513 -0.47086214194789344 -0.4824389576752688 -0.2743548961013033 -0.8318545805021712 -0.03663340054971165 0.9551707668194026 -0.29378019024059226,120.0979228619974 -7.959178413051887 1032.350221214021,0.69
2,79,5,0.0,0.7946263424597192 0.5801026330207745 -0.17902488941891234 0.23141477629619012 -0.5620498126935842 -0.794070027996833 -0.5612630196092322 0.5895599572676825 -0.5808639079902064,233.71621587087355 62.68295162908634 941.2426436017943,0.69
2,89,5,0.0,0.7509094032782473 0.19362662826741597 -0.6313824489911781 -0.4912651787028237 -0.4751631687018008 -0.7299852651275548 -0.44135427069689537 0.8583290114723233 -0.2616824713322533,61.81619337700878 -63.794168010949114 926.8567425918066,0.69
2,96,5,0.0,0.8728960727947779 0.48634174589487744 -0.03904039317651478 0.0803210238951321 -0.2221632810424255 -0.971695430511486 -0.48124939399431144 0.8450533608929005 -0.23298892253435838,172.48711160218696 88.64130588083756 1019.0995405717936,0.69
2,97,5,0.0,0.8666708942731676 0.4822783773628874 -0.1276288672204247 0.31839066137757827 -0.7316658534728069 -0.6027374765264373 -0.38406893621757116 0.48173918834793744 -0.7876664310750927,301.80770665877054 -34.79493337050465 878.0186843370983,0.69
2,102,5,0.0,0.7186361281484037 0.6890130114791324 -0.09393181214225393 0.5410037507451195 -0.63883444016495 -0.5469968004831907 -0.4368947893939495 0.3422742001255598 -0.8318481321303935,189.98669047864664 -6.345294032581954 914.5329876154475,0.69
2,107,5,0.0,0.6486007866641472 0.7610530173758479 -0.01073891436627833 0.6923833463072993 -0.5958198924474571 -0.4069446614961387 -0.31610492133934787 0.2565091821105395 -0.9133896858395253,38.878235678210224 93.07874819814128 965.0205476738107,0.69
2,110,5,0.0,0.9837004397648665 -0.14827808371574402 -0.10172047333744985 -0.17721789498086526 -0.7036592972449763 -0.6880824159206926 0.03045098528716359 0.6948936632969773 -0.7184674900124208,164.0878276270127 44.26407425708229 993.3029901280294,0.69
2,115,5,0.0,0.8412080751617438 -0.4970502483813487 -0.21286151570143932 -0.3218629831140085 -0.14397582150851307 -0.9357751775516919 0.4344803728405071 0.8556938783262321 -0.28109569938258677,111.91053932853332 -54.7894642437654 970.5398594284611,0.69
2,119,5,0.0,0.9593250651144958 -0.16681265326800904 -0.22774757551455047 -0.27330204525772417 -0.7508877946469663 -0.601226672651971 -0.07072065823374221 0.6390156950810382 -0.7659357218063954,289.66253652286065 -19.057839325812385 866.9008189243136,0.69
2,124,5,0.0,0.9776973552577761 -0.19494583310878888 -0.07812812346057113 -0.20489988621362298 -0.9670408983214304 -0.15115534262249994 -0.04608598649909065 0.16379262232225608 -0.9854177077367772,144.97953569537896 97.95985671185217 974.119603213312,0.69
2,126,5,0.0,-0.9312057713612627 0.36326501483607815 -0.029905524232481634 0.3489788256053625 0.8648790393079558 -0.36082963659440276 -0.1052121222225729 -0.34644303480065913 -0.9321521511939623,234.464999878323 2.9832168525679714 964.9479443118281,0.69
2,136,5,0.0,0.88882589833797 -0.03180127835149091 0.4571402423096342 0.29881752006771234 -0.7160900237182232 -0.6308115151388858 0.3474141795383176 0.6972831251553744 -0.6269765794902327,1.3635870934218326 100.99818662211607 968.869295335828,0.69
2,153,5,0.0,-0.2565262561228728 -0.3355909533033038 -0.9064066372112255 -0.08763028533662777 0.9420006293650377 -0.3239687444302224 0.9625566024974342 -0.0036778168596798555 -0.27105582571076237,333.0620377010516 -103.88333375577525 708.2951579449168,0.69
2,156,5,0.0,-0.9493827923249862 -0.29135001550651246 0.11742010944283293 -0.2458590787358941 0.456541810835572 -0.8550572427399897 0.1955137515377099 -0.8406454326428777 -0.5050639855863011,58.760657958649844 40.309065714262616 1043.0548655405016,0.69
2,162,5,0.0,0.46498908020652974 -0.8845762301082853 0.03619459097847061 -0.7122825594781426 -0.3980746887093713 -0.5780917727075894 0.525774391495013 0.24302558576485495 -0.8151686045915274,217.4256987906277 -54.905713070209536 1029.0007410221447,0.69
2,166,5,0.0,0.07105075155035412 -0.9974578845515175 -0.005436841927206282 -0.7653058433024261 -0.051016740486651835 -0.6416418458901195 0.6397333482876222 0.04974998227265215 -0.7669851252485791,136.5174311357471 -125.91376008828131 1092.0982911721574,0.69
2,175,5,0.0,0.22788308817539615 -0.9690426250889168 0.09500362563831766 -0.9209853465353006 -0.2461853619753075 -0.3019582074001949 0.31599887593296433 -0.01868577827835277 -0.9485755384255041,184.27252139628786 -31.903718147918315 980.2356359934142,0.69
2,176,5,0.0,0.28980761301392244 -0.9545700317279119 0.06933687306293804 -0.8550458959522741 -0.2907788927881221 -0.42935317784323745 0.4300093757749307 0.06514361086006179 -0.90047112486174,153.49323652015104 -124.05355412235745 1020.7969826529859,0.69
2,178,5,0.0,0.7631162568402036 0.6021534017037758 -0.234659027873993 0.4911431285913313 -0.7763668886050341 -0.3950099764756043 -0.4200381003953276 0.18618736556036675 -0.8882016995716542,269.37671432635136 212.12678791964754 876.4730564504662,0.69
2,203,5,0.0,0.9221051400270962 -0.3462364257480341 -0.17274966923509566 -0.38195672907167316 -0.8858980954187932 -0.2632368166693696 -0.06189642843070464 0.3087149203044468 -0.9491385199900707,304.19699486536433 16.609936261078452 815.8766119338171,0.69
2,207,5,0.0,0.7795249238820539 0.038331670504075155 -0.6251972297467773 -0.44466924648823997 -0.6691032758615667 -0.5954578637140505 -0.44114640911409275 0.7421802269447003 -0.5045377651455383,325.4858604544062 -94.97115473676682 1111.8744574153257,0.69
2,217,5,0.0,0.928215884929618 -0.29603124154981286 -0.22534590076325461 -0.2964488326981979 -0.22253007463880953 -0.9287617861826152 0.2247962645512645 0.9288949724848996 -0.2943140661539568,141.0838031087933 40.370165938677644 841.4820701616007,0.69
2,219,5,0.0,0.9717881980894384 -0.1597770797728049 -0.17349058427867642 -0.19804906935225133 -0.15334901259843003 -0.968122227027039 0.12807913250326508 0.9751694032907109 -0.1806664625846474,156.50924985129672 0.8890045388431578 787.6821830657077,0.69
2,221,5,0.0,0.7816895483141921 0.5979056596107885 -0.17739862530961722 -0.19965817471543026 -0.029564802211057638 -0.9794194891564715 -0.5908452109695539 0.8010210638151839 0.09626625576355528,82.85542283565344 41.254005563885784 783.0170649135205,0.69
2,224,5,0.0,0.8410246334629679 -0.07698973459204836 0.5354905663743547 0.40241786308397665 -0.5725209616520728 -0.7143385835441843 0.3615763119721852 0.8162673148156993 -0.45052218744936556,193.3483032520594 27.925416677242428 790.5321151978983,0.69
2,243,5,0.0,0.34313726274033396 -0.9368409011403147 -0.0677196047660823 -0.610142515507216 -0.16750090514549398 -0.7743833401784719 0.7141308911464326 0.30703838966168945 -0.6290822661499517,185.3393054845857 -207.40616185321375 922.7386787192602,0.69
2,248,5,0.0,0.5770359947415205 -0.7617335529249833 0.29460389529153586 -0.07279887380039257 -0.40725239378223677 -0.9104096944409328 0.8134677527388895 0.5038923318596145 -0.2904526349459087,290.488643636463 52.19573241752225 958.474154177906,0.69
2,249,5,0.0,0.41185821561332425 -0.9090506719461352 -0.06324307128918832 -0.6966560571699206 -0.2693715402738944 -0.6649130103246066 0.5874037352964905 0.31790855465801826 -0.7442385387998799,141.08467139806922 -28.990698214997295 911.638237784223,0.69
2,254,5,0.0,0.15538392723762484 -0.9854322730070249 0.06913082143603377 -0.7689763731340618 -0.16458818704869083 -0.617726530307392 0.6201057754268998 0.04282480589837451 -0.783348494146743,138.97058493233754 -219.63885387237522 985.805388019767,0.69
2,258,5,0.0,0.9533986893574096 -0.08304944694505281 -0.2900581467459489 -0.16201623943373059 0.6700797429064744 -0.7243920736080323 0.25452244948398095 0.73762858371169 0.6253977895708941,223.75775902494098 33.12184152363779 785.5607715631038,0.69
2,263,5,0.0,0.7859049883912689 0.6143143072998121 -0.07050731216315825 0.1972114197621883 -0.35708703822011933 -0.9130150617873538 -0.5860554625093968 0.7036382443997309 -0.4017862813498763,-345.60282018553204 -45.89061551515135 1023.3077494604852,0.69
2,266,5,0.0,0.9943232408709561 -0.10320506035249105 -0.025884516250409145 -0.1024884536424725 -0.8636146395745623 -0.4936252335349903 0.028590374846332176 0.49347590602798197 -0.8692894343289861,244.63922906416235 -54.0455990794205 771.3753933213669,0.69
2,268,5,0.0,0.984097797689704 0.14225985988312206 -0.10636567514151365 0.10342533069581579 -0.9457464570847683 -0.3080046101636622 -0.14441165310575418 0.2921057534141409 -0.9454202786431124,211.610831949065 -29.465984901963843 757.1105150064463,0.69
2,277,5,0.0,0.8391461279471766 0.543663834066533 -0.0162299562333916 0.3370091482496175 -0.5431325165900611 -0.7690460996706336 -0.42691756809403836 0.639872413025147 -0.6389872339116393,164.67947086915504 46.28344710294897 682.9251490895391,0.69
2,283,5,0.0,0.7406558779823937 -0.30301829206367015 -0.5996738989525436 -0.6697178927994144 -0.2613367762922147 -0.6951122451960581 0.05391488175301168 0.916451310235306 -0.3964973915343575,131.42636788502128 -80.56179390432061 746.164376931709,0.69
2,307,5,0.0,0.3319697673052109 -0.9429659573398724 -0.024724014508634262 -0.8667958469529523 -0.2946052289696629 -0.4023340884996537 0.37210352497717525 0.15499342683427264 -0.9151590049481728,37.62296816508116 -133.72248403801487 775.5653526481954,0.69
2,310,5,0.0,0.3456261328406861 -0.9374076790617598 -0.04253727228721857 -0.8146131802537615 -0.27723334544696276 -0.5094575926700254 0.465776709222826 0.21073328025807767 -0.8594437397161175,96.68758481266872 -193.15868226635928 802.3375782232148,0.69
2,322,5,0.0,0.5316366299357717 -0.838125432433228 -0.1220993579800902 -0.46164990828756813 -0.165883198927053 -0.8714138663642023 0.7100998914861314 0.5196426886066449 -0.47511011385682167,138.84044934008702 -61.41630657282888 894.438469667676,0.69
2,326,5,0.0,0.3749386469732879 -0.7789947590652107 -0.502581512149795 -0.6362735399550468 0.17804125334358872 -0.7506379250084008 0.6742232518675944 0.6012224858209965 -0.42889920632277684,89.66252605948219 -204.9219465909358 788.5315681454497,0.69
2,338,5,0.0,-0.9978722434658468 0.04698497003016671 -0.04520396345125059 0.06519927425937357 0.7169600224413819 -0.6940586292647787 -0.000200889244736175 -0.6955291070919439 -0.7184978920159713,107.88587981893396 -69.15727156422626 641.1880383596283,0.69
2,342,5,0.0,0.9637871368741623 0.26629679824807123 0.014155212422633762 0.23739663420169113 -0.8325899407124076 -0.5004366380414389 -0.12147918696473198 0.4856747943504333 -0.8656574387522191,50.73483060554709 3.045485039224001 594.2975084879882,0.69
2,356,5,0.0,0.9236535258598497 0.3828124099205626 -0.017855614732586705 0.10419170645108289 -0.29568654442722353 -0.9495859917624621 -0.368792966952298 0.8752280424297993 -0.31299779754979506,75.92644558584524 -19.44424399203614 623.443851512535,0.69
2,362,5,0.0,0.8646960765794441 0.4943487829735504 -0.08899424655945895 -0.17932972055855173 0.13833142693443753 -0.9740150243434 -0.4691924407665877 0.8581862834459963 0.20826607124695112,102.75737991086606 -43.236571912918954 651.9559747296951,0.69
2,365,5,0.0,0.7544225680746017 -0.4744493728690426 -0.45359054373288543 -0.5991647185537637 -0.21557428239521065 -0.7710573057887325 0.2680451992110876 0.8534784832401822 -0.4469074286985239,38.41878264347376 -164.64610488643888 704.4826181446668,0.69
2,368,5,0.0,0.3076156899081215 -0.9400712652997036 -0.1471006576469486 -0.8352740277268271 -0.19274596431083324 -0.5149429986385783 0.455730058178473 0.28127390458359497 -0.8445087949056211,107.59702896064638 -197.40380354067537 730.2397601016053,0.69
2,387,5,0.0,0.8881514655056789 0.0737476472226135 -0.4535948179259152 -0.29860078356879943 -0.6576718089129608 -0.6915962433481351 -0.3493201201938048 0.7496859851232933 -0.5620910756607891,-31.921278840217447 -76.15725647962753 606.1649678743395,0.69
2,402,5,0.0,0.8404435644187864 -0.5365122091219006 -0.07621853114684925 -0.5382511169266992 -0.8101948430326389 -0.2320992275956091 0.0627722084541072 0.23609101165960492 -0.969701337556744,257.51926182749094 -15.998346214514306 988.5294703222729,0.69
2,415,5,0.0,0.906436505123378 -0.33038401991731936 -0.26309553694996096 -0.4082991152233433 -0.5261957622488547 -0.7459288520356226 0.10800321609818397 0.7835588166657428 -0.6118585507597568,348.1993585491563 -95.37928841778928 955.1279441008317,0.69
2,417,5,0.0,0.9748877105660613 -0.05061407438509785 -0.21686900945364285 -0.2099645628294352 -0.5334649965564621 -0.8193472888860123 -0.07422152075448611 0.84430640938178 -0.5306956311613444,361.5621655299184 -50.187747642066476 942.7779329449437,0.69
2,425,5,0.0,0.6681080084884281 -0.360836569835316 -0.6507139608638416 -0.7211199039298672 -0.09850704121788739 -0.6857714247376281 0.18335150162953417 0.9274121698036857 -0.32601977570419627,199.42251750963808 -226.38981583908287 1090.4642464567453,0.69
2,428,5,0.0,0.9013572329999935 0.26416424921625975 -0.34317981868781966 -0.17820663037697826 -0.4959877391464736 -0.8498461975593304 -0.39471196511922213 0.8271719362093829 -0.3999863154400941,270.6737777683517 -61.178320563009436 986.6728194472886,0.69
2,434,5,0.0,0.8931583043614666 0.2183105931656841 -0.3932031641045089 -0.29834592457317605 -0.3666152687775538 -0.8812394419167466 -0.3365381889782005 0.9043968872186643 -0.2623133960522487,358.38489642701103 -122.8095526377187 1057.794448966364,0.69
2,435,5,0.0,-0.8179226613330647 -0.4153914255429945 -0.3980609044646252 0.27178649920838643 0.3308398768463765 -0.903701872708209 0.5070844297805706 -0.8473458204733372 -0.15770365119578011,378.998778293535 -123.39658681386486 1049.3674575029665,0.69
2,438,5,0.0,0.9376123276906061 -0.19241189431285993 -0.2895872681758304 -0.34443138703290593 -0.40039775407411016 -0.8491458403354496 0.047435667900769626 0.8959125523505881 -0.44169056583932453,199.85842242106415 -76.14099834496506 1058.611061896572,0.69
2,442,5,0.0,0.9626744962041731 -0.02866365764448643 -0.2691397575396118 -0.26789513958755606 0.040906577006567524 -0.9625792674595529 0.03860062879546415 0.9987517442728425 0.031700863845475005,250.79353615540623 36.2792998947089 984.7936715832092,0.69
2,446,5,0.0,0.6781032225455608 -0.7326671606458329 -0.058093470239768574 -0.515918247810793 -0.4182178856403061 -0.7476109694930868 0.5234542779929943 0.5369288889990229 -0.6615912537277893,145.0714336987459 -137.79168539854567 1043.064141457824,0.69
2,453,5,0.0,0.8051030909750424 -0.5481716650253643 0.22653220205028635 -0.44302513104793734 -0.8097085191059517 -0.38483872901152333 0.3943827407004393 0.20947539175417834 -0.8947526552556542,66.85546391783184 -40.141896650010935 1116.2670732903903,0.69
2,473,5,0.0,0.7276832790305232 -0.569268814092844 -0.38263567883917016 -0.5864119179912411 -0.22695142064326101 -0.777569363533466 0.35580627855227553 0.7902063464496678 -0.4989747710791078,-10.338339282806166 -132.3110259807179 1143.013711058146,0.69
2,474,5,0.0,0.8088673515480667 -0.49678932863501657 -0.31453770927185554 -0.557108223622684 -0.47642653819331954 -0.6801824614595022 0.18805327641813216 0.725408930644984 -0.6621312925462038,180.7456588603037 -132.4153140307784 916.853084734032,0.69
2,476,5,0.0,0.5749042497427166 -0.8104390805429812 -0.11257708628495863 -0.6245466470661577 -0.3457622109355188 -0.700278501117521 0.5286081623151349 0.4729027280716711 -0.7049371748717662,299.67683666382817 -245.80348809719374 988.4614438261724,0.69
2,477,5,0.0,0.27955629805672433 -0.9588838734084728 -0.04888756011486228 -0.5342505530027204 -0.11304640671373212 -0.8377331654801554 0.7977622595943655 0.26031178852729214 -0.5438870746033726,166.5897247823868 -329.8388640898241 1151.6654145321618,0.69
2,491,5,0.0,-0.565451950302791 0.8245113587436088 -0.0210976586743139 0.5119471860765792 0.33080934672076556 -0.7927643122583492 -0.6466638775801865 -0.4590710134880536 -0.6091630602786162,14.622966091875979 -89.1331583316553 700.8977605960634,0.69
2,494,5,0.0,0.8047889943856302 -0.5739588659207888 0.15128084725664154 0.06916404592093695 -0.16245351988258655 -0.984289179372406 0.5895176072583515 0.8026082943183928 -0.09104348754143857,221.36231551735472 119.40924384429063 1137.6995551829912,0.69
2,499,5,0.0,0.8909545755986973 -0.4540923361863499 0.0003073053332338649 -0.01810057978787394 -0.03619054257201436 -0.9991809714159321 0.45373154312995223 0.8902192959294726 -0.04046346406013877,211.75285143614462 202.21920495816207 1203.9121641803451,0.69
2,501,5,0.0,0.7760002442312133 -0.6286967551108409 -0.050636064876684095 -0.27702552573032524 -0.26760532452215763 -0.922845733793697 0.5666396377301304 0.7301559973050209 -0.3818268462962979,270.8799612176346 -139.07129338421657 965.6665284191471,0.69
2,503,5,0.0,0.6724460451708261 -0.7269623485369241 0.1390757352804416 -0.08779641975043506 -0.2649214025350245 -0.9602647755478075 0.7349204752986007 0.6335158990021919 -0.24197004091069543,178.4024078570501 -12.088596570675087 1210.585739008404,0.69
2,521,5,0.0,0.775583441201249 -0.5792098354549428 0.2509706999764857 -0.22400610716492805 -0.6242440360089077 -0.7484254454921508 0.5901623418071029 0.5242474129831904 -0.613899878069045,183.14134528880524 -219.90894413982855 1062.5531766035997,0.69
2,527,5,0.0,0.4427268323929071 -0.8963620106421144 0.022980377650688333 -0.32508455648739426 -0.18434400226873054 -0.9275437024533886 0.8356512328793253 0.4031779194166912 -0.37300748287680685,164.91907514091625 -89.6432093173653 1150.6399967623886,0.69
2,529,5,0.0,0.6533836576795794 -0.755156886339849 -0.05317774807905157 -0.21914508368664654 -0.12143720424539003 -0.9681055922372499 0.7246138476272914 0.6441980149290807 -0.24483400374172865,182.22122800206193 -47.18569582957641 1105.1726127681447,0.69
2,532,5,0.0,0.4183651469654597 -0.9079948087511673 -0.022716317604314418 -0.8265803160899652 -0.37024794292178087 -0.423888478039688 0.3764778676857147 0.19611702639781348 -0.9054294710797175,143.9776450661261 -317.7260187070704 988.1025962213411,0.69
2,535,5,0.0,0.2207441399912028 -0.9673644854457727 -0.12441051787440931 -0.9594059920123724 -0.1924090281676617 -0.2062011357154248 0.17553394871163536 0.16487788868678155 -0.970568449246054,131.6527180435767 -216.11371498880027 1016.3087597455167,0.69
2,540,5,0.0,0.863379543630447 -0.45519721797586876 0.21764938866789782 -0.18094453352611148 -0.6820133987034233 -0.7086020037905786 0.4709934600687128 0.5724100075435742 -0.6712018651914392,200.02155173493784 -97.43782774402693 963.0442488862094,0.69
2,543,5,0.0,0.6982882654051179 -0.6970869409670257 0.16267542878611158 -0.23756996726852217 -0.4400659333176107 -0.8659691016343096 0.6752436664268271 0.5660492655825413 -0.4728997989890895,230.24649829098698 -53.90190103733168 1122.4037713346709,0.69
2,549,5,0.0,0.86994555606015 -0.48477674355953326 -0.09047783372191892 -0.4883899125423067 -0.8215035643012486 -0.29429099063216707 0.06833756520475895 0.3002056007874582 -0.9514234464410295,333.091278957543 -117.60676125642534 847.0284509312506,0.69
2,560,5,0.0,0.9996275612434363 -0.019065736441348215 -0.01952527839616977 -0.026169825703466966 -0.46683691361032975 -0.8839561280478978 0.007738153859225534 0.8841378816591507 -0.4671619924502853,305.4765260527354 -15.163120122465353 860.4038175184965,0.69
2,563,5,0.0,0.8028479571579726 -0.5355677120928422 -0.2619205670635831 -0.44229954095948587 -0.24047966882626826 -0.8640258358106176 0.39975776884795927 0.8095287237923352 -0.42994996406658137,111.73166495066275 -133.60714878023333 949.9575259362442,0.69
2,571,5,0.0,0.9875868116257985 -0.1560999777435091 0.017466724113745558 -0.04609765828475073 -0.39434041559911526 -0.9178075193229677 0.15015756858531004 0.9056094266148035 -0.396641237169,260.1959522573332 18.776117206070047 903.7455834043928,0.69
2,575,5,0.0,0.978165519702209 0.05882823965420261 -0.19932750508872205 -0.18482348841040172 -0.19236187821594966 -0.9637619965225035 -0.09503943496000444 0.9795591590243131 -0.17728891610606465,118.53643746566293 0.10939105203777014 981.4230710986411,0.69
2,589,5,0.0,0.9269876437049364 -0.3747836658084442 -0.015202376838961668 -0.33605046769027197 -0.8118154941854216 -0.4775203519910215 0.166625302951019 0.44776423176004576 -0.8784891582557051,189.54458986084927 -109.2979156449797 822.2482827882018,0.69
2,603,5,0.0,0.9293242123071369 0.363757949825564 -0.063534733480369 0.06546912775933597 -0.3316397539638374 -0.9411316947703106 -0.36341477918509413 0.8704569073363182 -0.33201576881277994,172.09247666078764 -91.07409517512532 825.5730229462005,0.69
2,607,5,0.0,0.793769052683597 -0.5380297908484696 -0.28364526289246844 -0.43311572006441784 -0.17260170729388666 -0.884657800322993 0.4270145946391836 0.8250652063920692 -0.37003505396968284,46.26575578351766 -124.35996520008015 861.3230968491615,0.69
2,611,5,0.0,0.8552000299222156 -0.442328938313654 -0.270144441274214 -0.39003213889306093 -0.2059769438531983 -0.8974677872945638 0.3413324471121163 0.8728794927887882 -0.348673990451313,47.41832901240329 -147.4661706416701 823.6569252181129,0.69
2,615,5,0.0,0.4938756345723947 -0.8551944364370219 0.15725563094172104 -0.6242521380187755 -0.4746105771402841 -0.6205272502038521 0.6053066377917079 0.20829612563302982 -0.7682555553275011,57.32537441782131 -217.03049373724167 867.603498104505,0.69
2,625,5,0.0,-0.27558811232542435 -0.9464984671187059 0.16790427060337104 -0.8293972040711092 0.14582446840867191 -0.5392916671823849 0.4859541853137361 -0.2878817051416594 -0.8252106722654488,-72.66534232342813 -48.35632764024715 323.12672357155355,0.69
2,642,5,0.0,0.3836380839816199 -0.9062995806080667 0.17732143330278385 -0.6401940464141382 -0.3993896656439472 -0.6562312686185474 0.6655624714891936 0.13823518063958345 -0.7334286818626186,120.68715324331944 -245.44595920357796 936.1969769779826,0.69
2,648,5,0.0,0.45734810745132226 -0.8859198140061235 0.07732264714848835 -0.30921633551918926 -0.23994677510367274 -0.920223235397494 0.83379731737322 0.3969529295378775 -0.3836800819335279,94.17886311168047 -170.9597623291722 817.4672242025838,0.69
2,649,5,0.0,0.30745874084708413 -0.9450882187436644 0.1108033459271544 -0.5129587860397293 -0.2626904258840528 -0.8172313160748932 0.8014626669417437 0.19442736160525875 -0.5655577729620955,145.7292301986264 -212.1899092111822 884.7044603314536,0.69
2,650,5,0.0,0.7488066433721319 -0.6034343100860943 0.2741452977030254 -0.14026470619991738 -0.5485329632075892 -0.8242799284644462 0.6477765224492255 0.578773376794079 -0.49538566317361976,77.22653773342459 -88.61678896282582 751.2591575425175,0.69
2,652,5,0.0,0.9322258898402401 -0.36160573824137837 0.014006440749868829 -0.29123061865491257 -0.7726471950642895 -0.5640931117441185 0.2148013432673287 0.5217830986436734 -0.8255923818085762,192.6946801088319 -137.2558597173464 736.3217474966422,0.69
2,667,5,0.0,0.9782633904498742 -0.1466758341984438 -0.14658423710517998 -0.20736595494890772 -0.6930279045699177 -0.6904431071533386 -0.0003156479757013969 0.7058317952243436 -0.7083794020274276,157.42734914877883 -86.45036529623943 786.6659408248088,0.69
2,669,5,0.0,0.9969122853027901 -0.07839906934664458 0.0044137668660999205 -0.04245431999520864 -0.5854238534737622 -0.8096150582206801 0.06605699150061783 0.8069278144354121 -0.5869446108146632,136.95882175805662 -109.88391125112395 709.1050541312349,0.69
2,679,5,0.0,0.41028095547921695 -0.9119579901826054 0.00147027656055837 -0.5031515241436155 -0.2277069780170064 -0.8336594484046347 0.7605971872962838 0.34129482314337256 -0.5522768892254283,-44.845176703151985 -213.72705365243286 827.973748470345,0.69
2,691,5,0.0,0.8186638090843741 -0.5724043863927871 -0.04629023799636229 -0.5618991548676254 -0.7817745595789671 -0.27036619195853673 0.11857026378696905 0.24734946216519005 -0.9616440797468052,155.16464866266364 -193.9371498445375 693.3201585810422,0.69
2,695,5,0.0,-0.7168939377964567 0.6703901255058691 0.19141619987586025 0.529657975653574 0.7022365762419783 -0.4757375535045581 -0.45334921503985015 -0.23966825115598717 -0.8585066211803974,171.9838777781545 -264.27505327864463 876.9294793744241,0.69
2,703,5,0.0,-0.2180023211536829 -0.9733217425604926 -0.07155259206075343 -0.4214162120726669 0.16000915462478227 -0.8926395950430317 0.8802745958926292 -0.16444408136284094 -0.44505592899185126,24.939230065062638 3.7313341724982623 1152.4107638154424,0.69
2,708,5,0.0,-0.49352971796153405 -0.8688415636121787 -0.03927791782608825 -0.7169071337923802 0.4319644619366949 -0.5472210386501373 0.4924150475020057 -0.2419112253775863 -0.8360660141579204,-54.31428751647025 -57.96875644759057 1128.0573807298615,0.69
2,711,5,0.0,0.009763320795296015 0.44650629852058704 0.8947272226486084 0.36609779941906134 0.83104945130652 -0.41872331048516126 -0.9305251629201484 0.331645797296719 -0.1553511709252771,58.35311480796494 25.67008573470919 353.42183190143174,0.69
2,727,5,0.0,0.03144956664979237 -0.9994536749173385 0.010162502239462523 -0.05587829271673772 -0.0119097570204304 -0.9983665529707897 0.9979421532136032 0.03083033217370712 -0.05622232170104724,6.554707126412053 143.21604451164782 1119.9044797416548,0.69
2,736,5,0.0,-0.6787701448198288 0.7265301245464674 0.1068881126588142 0.17098232029393945 0.29791230953935155 -0.9391556324549358 -0.7141681431204905 -0.6191948271355506 -0.3264377879480349,28.3166655690136 -37.640876697519616 306.62599697172266,0.69
2,737,5,0.0,-0.2051720092095652 0.012602905273879618 -0.9786447840843825 0.9728363335014422 -0.10690488705861784 -0.20533098485726542 -0.10720967706499489 -0.9941893742651053 0.00967332631403128,-49.6497129017132 60.632211191658456 1170.2569574093918,0.69
2,750,5,0.0,-0.5811674136341273 -0.813529955570174 0.02033343846499558 -0.47927552600217815 0.3219766393201756 -0.816471685919004 0.6576772821872096 -0.4842520574267866 -0.5770273280987388,-69.85779352231694 -124.15642539390241 1047.1926671773526,0.69
2,754,5,0.0,-0.594478740652743 -0.8006014968899351 -0.07504845161310145 -0.6749690487600235 0.5475529318628432 -0.49457311898686274 0.4370489790949267 -0.24335782293980165 -0.8658898081661907,-27.75397883301655 -247.22434010104368 1072.1527939763416,0.69
2,756,5,0.0,-0.5996864083624249 -0.7990123628100029 -0.04422053484695787 -0.42363166532299135 0.3638604430680541 -0.8295431213059317 0.678905312809558 -0.47873251617901924 -0.556689100119502,-61.104324307201054 -161.79048024549627 1114.0478758960085,0.69
2,757,5,0.0,-0.49665249586211757 -0.867174268731034 -0.03667541417252096 -0.44240615650016024 0.28927875171358475 -0.8488784344638438 0.7467349536781343 -0.40537216413787863 -0.5273142492835632,-6.9209300918938865 -198.4921740558435 1118.0079240005095,0.69
2,758,5,0.0,-0.4483175428031971 -0.8920733881568338 0.056713763385006666 -0.5697273665052803 0.23627799939775607 -0.7871362238237751 0.6887830635765237 -0.3851983607740057 -0.6141661942724927,-16.38834818815958 -258.06314319697435 1131.78524660404,0.69
2,761,5,0.0,-0.26102975085249636 -0.9606161429909339 0.09528953245296717 -0.3080680921517481 -0.010654035230343584 -0.9513046526383083 0.9148538242625788 -0.2776744809278159 -0.29315416229963775,1.9607717476684745 -32.08996359312894 1142.295564654879,0.69
2,762,5,0.0,-0.836566737477547 -0.4811065434715419 -0.2620927079776129 -0.2834464447109708 0.7894603631939333 -0.5444358988222706 0.46884347785469255 -0.3811677173824778 -0.7968042196791807,-422.35086678842555 -289.7972227924523 2001.8992211660934,0.69
2,764,5,0.0,-0.7428163679506787 -0.663803407688515 0.08711417476895983 -0.47136650923494533 0.42614034481975527 -0.7721515527981295 0.4754339675246437 -0.6146295164227109 -0.6294387182766568,-104.25104338922546 4.388706694242094 1084.2229815602159,0.69
2,768,5,0.0,-0.8293001545450648 -0.558767287993559 0.006353860232565123 -0.4676685863176222 0.6877818431602807 -0.5551956678421802 0.3058551079240113 -0.46339535397689396 -0.8316954964825893,-132.90215138411705 -133.19072136858253 1051.7587197692096,0.69
2,769,5,0.0,-0.723902009390217 -0.6899013417179869 0.001421089908367562 -0.5967384228655399 0.6251113389368299 -0.5031292762387736 0.3462212233193602 -0.3650643130029631 -0.8642099929385915,-118.63288037125069 -169.3479308687042 1075.0818792231644,0.69
2,770,5,0.0,-0.9068817674572092 -0.4213756033484269 -0.002839147132077488 -0.33854542652121483 0.7325939036524844 -0.590502469523018 0.2509032762545302 -0.5345547429720957 -0.8070308375339691,-178.3889724452298 -67.45836561987348 889.4307002585095,0.69
2,773,5,0.0,-0.3830001591362826 -0.8762651824881574 0.29235288276426885 -0.8974940247182829 0.27806947953019956 -0.3423183315990862 0.21866722135830116 -0.3934929408678127 -0.8929434202628068,-86.86388416211513 -143.226773906661 1021.1897408879227,0.69
2,775,5,0.0,-0.6735045663781822 -0.7266738661543801 0.13541303968223603 -0.7300235125237848 0.6251525756417189 -0.276133895657453 0.11600547500084744 -0.28483214252743966 -0.9515321226070385,-2.3151514970199987 -113.900935999465 1029.894781504373,0.69
2,785,5,0.0,-0.7813935864666798 -0.6216633381300186 0.054394457932602835 -0.35558781168570597 0.3719268354165658 -0.8574542187648213 0.5128170933279335 -0.6893512334957133 -0.511677149840237,54.42732192299667 -27.1425366897486 1060.4860425143384,0.69
2,788,5,0.0,-0.605031100347162 -0.7951565713200662 0.040784736105790254 -0.2764880859009552 0.16179013471248216 -0.9473005281665069 0.7466536720377986 -0.5844227745358949 -0.31773938162626003,-90.65002015572425 -46.24304665263814 1020.9060913932025,0.69
2,791,5,0.0,-0.6785691910535809 -0.7315744169496217 0.0658993582496093 -0.3078716830163815 0.20181196616371044 -0.9297779074111185 0.6669024514496478 -0.6512071888254607 -0.3621744296226491,-95.24965595191351 -140.56083814246924 1068.1983131524412,0.69
2,794,5,0.0,-0.7561119592154427 -0.5951209475504999 0.2722604688859178 -0.5058956144999209 0.2675917746551878 -0.8200391877018041 0.41516783637600363 -0.7577768140577292 -0.5033984184673066,-201.68574440841837 -105.29051011767359 1039.7323331997923,0.69
2,801,5,0.0,-0.6457525774881319 -0.7624490959362415 0.040926577836928824 -0.20050018641037015 0.11760515624079515 -0.9726092239306519 0.736751846904262 -0.6362706997273928 -0.22881501863202258,-108.91923671862708 -3.649283572533649 1156.5163717206049,0.69
2,803,5,0.0,-0.5308264507931328 -0.8412107733611548 0.10289661762902225 -0.17351024387101044 -0.01096726050653063 -0.9847709959522588 0.8295284650994129 -0.5405961098436698 -0.14013697446321038,-62.89067495074485 73.68151139245708 1151.7344470490175,0.69
2,804,5,0.0,-0.3183760743893705 -0.9444202010122524 0.08189724767286605 -0.2239233089539187 -0.009023913636478698 -0.9745649904905316 0.9211378979086366 -0.3286168786028166 -0.20860469825437766,53.06785844269041 9.867815590612622 1188.042216756848,0.69
2,808,5,0.0,-0.9170084050314391 -0.35846057803449116 -0.17493312749983803 0.007817951229086434 0.42233699909928546 -0.9064051736560145 0.3987912545935226 -0.8325487812656917 -0.3844841506131764,-177.93217195634782 -129.24884052586148 1073.4391214487098,0.69
2,819,5,0.0,-0.5041098712367897 -0.8613797670492773 0.062435043363166146 -0.8328361193357972 0.4657224507736897 -0.29914310484288087 0.22859841655470287 -0.20279915128885972 -0.9521634671552994,-102.15256918077782 -52.99651279102033 977.1381506492415,0.69
2,821,5,0.0,-0.49860047209315045 -0.8607717185981526 0.10232114976909917 -0.6789657098496901 0.31442661879048495 -0.6634315836951763 0.5388906513169383 -0.4002598529175343 -0.741207741504121,-33.359772046140854 -123.48458948451359 1093.0123152223293,0.69
2,828,5,0.0,-0.16617637685524944 -0.9812918790174884 -0.09721964796062993 -0.566463937530521 0.1756952419136305 -0.8051396086681666 0.8071579890285916 -0.07872375844201979 -0.5850628603868839,-47.92605365106108 -115.65132693053009 1049.5165463827439,0.69
2,837,5,0.0,-0.9066452357452924 -0.41968754333769565 -0.043090398785959716 -0.2823415852749136 0.6794689209243651 -0.677203968330317 0.31349265657238584 -0.6018175400111319 -0.7345325062991686,-173.70699633336054 -124.51773756294578 974.5272492384321,0.69
2,840,5,0.0,-0.6464752545843822 -0.7573659661578838 -0.09201379524720077 -0.3815208876605609 0.4253652517209817 -0.8206742440865586 0.6606902129506356 -0.49544040603697437 -0.563939045090125,-99.61677051170285 -172.9905514480095 988.63927317536,0.69
2,844,5,0.0,-0.8714962695802855 -0.48504312735361677 -0.072300876306373 -0.26650622809970026 0.5921950872479178 -0.760446848256669 0.4116657412169694 -0.6434579576370579 -0.645362823737027,-30.47342168120132 -200.40735146602432 883.2646941052172,0.69
2,850,5,0.0,-0.6294056157312558 -0.7733795259678509 -0.07571446162854878 -0.2117921421096572 0.26447436819417425 -0.9408492956413874 0.7476581166726952 -0.5761401022164958 -0.3302573590268715,-166.43215222728458 -183.94310038930527 1001.1444790942918,0.69
2,856,5,0.0,-0.17579615590601916 -0.9726053315576858 0.15210056079525175 -0.6001310758028388 -0.016593141078786067 -0.7997295539898887 0.7803450540782542 -0.23186965453612707 -0.5807736735432344,4.239130283507037 -175.4192358486082 1025.4806689689467,0.69
2,867,5,0.0,-0.7400778946971182 -0.35121282843750334 -0.5735279059658825 0.07778601781034641 0.8023760842089374 -0.5917279399544529 0.668007518830357 -0.4825372199431471 -0.5665013558286062,-157.43919266145738 15.003332867017063 1064.4170938685286,0.69
2,871,5,0.0,-0.7653699615550437 -0.46122976688045825 -0.44886069564245556 0.13298804545659568 0.569040530281228 -0.8114844759223023 0.629700723927538 -0.6807789487349454 -0.37418848358077145,-319.5209749858966 -38.64152406256524 1005.340276443353,0.69
2,883,5,0.0,-0.01196251702269191 0.9936974023382168 0.11145568972808056 0.3039778828254159 0.10980226886880673 -0.9463302322679119 -0.9526039811692264 0.022559573079795503 -0.30337554404235983,-19.892752231292103 5.047975159701459 588.5557041866437,0.69
2,886,5,0.0,0.5574812241348575 -0.6977318365098888 -0.4498721696856103 -0.743032430428556 -0.1776431027740949 -0.6452485841659981 0.3702937915608816 0.6939835821958111 -0.6174700766629394,105.10494287448137 -97.87024800954242 1421.5825825027582,0.69
2,894,5,0.0,-0.9370721078312633 -0.33405676687533103 -0.10149847895152883 -0.1741666217032325 0.6992272777312962 -0.693359359900019 0.3025918911820942 -0.6320500696790419 -0.7134079175405624,-129.06616694703433 -104.03796600491775 826.2014483520397,0.69
2,902,5,0.0,-0.8900467527733352 -0.4497532904459565 0.07442281646562787 -0.24718031055954476 0.33895153913809584 -0.9077520301203423 0.38303873426760443 -0.8263376016187034 -0.4128528747649949,-115.19089463997506 -219.21464069218752 845.3278684526949,0.69
2,903,5,0.0,-0.8240529448192434 -0.5423698041717456 -0.16362071891247515 0.060667641560457564 0.202673282215168 -0.9773653247090478 0.5632549879070976 -0.8153272571175533 -0.13410921817288413,-151.45034529402923 1.7566357596438116 1016.7371814463311,0.69
2,904,5,0.0,-0.7866870965367347 -0.5959086200359667 -0.16129578019722662 -0.0040264368554935315 0.26621747406778884 -0.9639045825740297 0.6173388048299335 -0.7576418501295948 -0.2118292401519517,-20.404823140212144 -61.725477363301195 997.6799168243895,0.69
2,909,5,0.0,0.3650733053807125 -0.9301179284536301 0.04002650206461911 -0.40384701036557474 -0.19695607039936264 -0.8933733254086047 0.8388260093232615 0.3099821696516903 -0.44752874832891176,53.91597560232503 -147.66630298445764 1001.2580984115845,0.69
2,918,5,0.0,-0.5754581158583947 -0.8166087191273774 0.044700746502157274 -0.6741511433436631 0.44270670132026624 -0.5912114786897827 0.46299912831574297 -0.3703525029634223 -0.8052768658837719,-121.13128550788323 -147.8404528891539 860.9568472531375,0.69
2,925,5,0.0,-0.5806344367818272 -0.8121822985827775 0.05677644486797401 -0.35209159973639437 0.1876108614369969 -0.916969830510216 0.7340947869438366 -0.5524147703851371 -0.39489589165021644,-150.96088782918977 -146.3883612967307 821.463057364995,0.69
2,934,5,0.0,-0.45517046944963974 -0.8900953491985905 0.023454489464362183 -0.4911844154347734 0.22903316522520767 -0.8404056635107373 0.7426693165702987 -0.3940483200851921 -0.541450097112415,-150.62811721990434 -185.5628299187592 826.0282138182238,0.69
2,942,5,0.0,-0.7504668131017107 -0.6363471968913293 0.17849876033605866 -0.5132775410931271 0.3910303780397063 -0.763964272240212 0.41634808543135543 -0.6649492375051431 -0.6200780461353017,-181.3206050168794 -195.96252204184984 768.7323009325589,0.69
