scene_id,im_id,obj_id,score,R,t,time
2,3,1,0.0,-0.4791722246514034 -0.6363003122883762 0.6045791029338841 -0.5364678029139013 -0.3328534634525503 -0.7755068460718924 0.694691496679898 -0.6959385637032605 -0.18186049596129084,46.90285022835672 156.86344689058024 1100.2914306207035,0.69
2,8,1,0.0,0.9175342899199017 0.1050978381965666 -0.3835169764529204 -0.06066292862841242 -0.9161609501202985 -0.39619328939912135 -0.3930023357582061 0.386786191430201 -0.8342335441634519,-10.322144015577612 -20.54338733001128 1172.6657769218152,0.69
2,17,1,0.0,-0.3745299221114482 0.9013955791475812 0.21728632570042022 -0.15769359739117877 0.1690055476698522 -0.9729182155755141 -0.913706772868091 -0.39865164586391716 0.07884667694309488,-73.78185515823156 79.8542545880671 722.736527875003,0.69
2,27,1,0.0,0.42606944267814184 -0.8539783450645348 0.29863994404094046 -0.04542008922227708 -0.3498773197120304 -0.9356937942757588 0.903549581102763 0.385106280540793 -0.1878598072421504,-260.1478383446624 -31.589519357649884 701.1313939696458,0.69
2,36,1,0.0,-0.7499814449847692 0.5379446636518959 -0.3848939737473247 0.5687980901040632 0.2274770504980902 -0.79039415748768 -0.33763377329960287 -0.8117079095001711 -0.4765854643003019,502.639845758399 -313.94499779259814 1265.3429292837907,0.69
2,38,1,0.0,-0.5145074836693895 0.8360543186946481 -0.1905130584506498 0.8365806814796821 0.44065818518129807 -0.3255044196439052 -0.18818823720728012 -0.3268540041436738 -0.9261488257035495,403.11788611750114 -394.9058042677054 1213.6547489821876,0.69
2,41,1,0.0,-0.7132688885476268 0.3530818985073212 -0.6054590535919822 0.6984870630919915 0.28660820176866975 -0.6557221678211388 -0.057994097313065374 -0.8906115380037444 -0.4510518518434965,449.1508619301466 -399.14361865118053 1275.477571604019,0.69
2,47,1,0.0,0.3260144081340346 0.9020646466599149 -0.28283206843520736 -0.7488950462704298 0.06384561644553637 -0.6596059027421602 -0.576949577832089 0.4268525629617471 0.6963663361567399,50.32448380360032 -15.642125660991432 100.87212005187719,0.69
2,58,1,0.0,-0.5621452280886918 -0.5237298041909099 -0.640077991138005 0.6034789453181181 0.26944934081927374 -0.7504733275005787 0.565513841647439 -0.8081485908755953 0.16459024871159655,-20.627595023029976 -39.379868314880554 1147.2144586232973,0.69
2,61,1,0.0,-0.36606740775391505 -0.9139413806649858 -0.17523072130339679 -0.021134449523310672 0.19641742010165364 -0.980292574757127 0.9303483154301273 -0.35514975684743255 -0.09121766379125296,65.35508868806939 -133.3834471207752 1158.170442880901,0.69
2,62,1,0.0,-0.7021764401666766 -0.6612288851019549 0.26405417698207184 -0.3886022322892756 0.045156355186376285 -0.9202984345559182 0.5966041836382354 -0.7488239212879804 -0.28866274954044036,79.91828607556056 -10.824377689889785 719.154684930585,0.69
2,65,1,0.0,-0.5179831067621179 0.8282795170538069 0.21365051541753172 0.2934046866144116 0.4066570721210305 -0.8651842090368095 -0.8034968518804311 -0.3854647419973237 -0.4536625857343466,147.13076870912653 146.50691053938732 2655.113548102374,0.69
2,69,1,0.0,-0.8878292562986108 -0.03606749754063165 0.4587573947975249 0.08130364537008536 -0.9935349026480378 0.07923455350848807 0.4529336915154259 0.10764540325211566 0.8850217727541502,206.18917969769754 149.27155647441907 1002.6209249172009,0.69
2,72,1,0.0,-0.7013164386758437 0.13677529900091884 -0.6996054391056723 0.6862383806345584 -0.13611470247953883 -0.7145275870902152 -0.19295631056560492 -0.9812060463287595 0.0015990186971738263,-300.55975113142 190.03797417210083 620.9855811051518,0.69
2,79,1,0.0,-0.023385092705482058 0.9818160270524984 -0.18838902956914416 0.574647685005322 -0.14099807433585265 -0.8061634952983207 -0.8180667305038021 -0.12710952779563456 -0.5609010540072024,25.31992949836565 128.78364018156873 928.2165716885264,0.69
2,89,1,0.0,0.21514828957359877 0.7054287462532318 -0.6753380616055548 0.03759763393259441 -0.6970033318052679 -0.7160815410098393 -0.9758573827236362 0.12867260552250026 -0.17648152643216097,-57.99670196785315 117.93665127276002 868.7988788094559,0.69
2,96,1,0.0,-0.37355824186379727 0.9237148135965279 -0.08488334982763218 0.1530456305804655 -0.02887911541692001 -0.9877970599535936 -0.9148941331628793 -0.3819907588346444 -0.13058248454167187,157.87219188397415 147.53326539134736 880.0943613450961,0.69
2,97,1,0.0,-0.5146068412326863 0.8481064844368253 -0.12607612784633732 0.7097729132897863 0.3388644049270849 -0.6175705033707023 -0.48104283646744667 -0.4072914265358675 -0.7763449512644052,277.45148737106126 69.20552010751932 833.5936983401199,0.69
2,102,1,0.0,-0.642885743463433 0.7656678992155983 -0.02122708086953065 0.6603288405643899 0.5399693412314965 -0.5219185116940316 -0.3881542775371126 -0.34955082411688965 -0.8527311875314785,153.11787172404357 95.27231675137351 898.0865342923188,0.69
2,107,1,0.0,-0.8038812259818295 0.5913935525005624 0.06347157296550326 0.5058025355773207 0.7358553520669086 -0.4502007283846158 -0.31295170476848966 -0.329803830928705 -0.8906686609437015,-5.228991845093012 181.09512434519934 937.600362379898,0.69
2,110,1,0.0,-0.4946314052118988 0.8587714910762679 -0.1336087538028314 0.644611045510937 0.25939227377375784 -0.719160794476295 -0.5829377093510067 -0.44184519282337176 -0.6818771535954834,88.7335263519927 124.93753669379286 910.3470398655013,0.69
2,115,1,0.0,-0.24509451442292063 0.9509059431533735 -0.1889618116852867 0.36599023735491737 -0.0897352317765977 -0.9262822109588909 -0.8977637914065613 -0.29618486702327185 -0.3260286787779916,-132.05767493367182 40.48564797614461 938.5949218129698,0.69
2,119,1,0.0,0.3047681342072688 0.9199183427284111 -0.24671162737826738 0.7022293410169457 -0.39203092439238985 -0.5942942932040944 -0.6434208086367161 0.007873819394780657 -0.7654721849821929,215.46719132906836 88.72401529672746 802.5271944882187,0.69
2,124,1,0.0,0.3318271863238569 0.9406140698570472 -0.07166512403781136 0.8998738530330338 -0.33841760676087707 -0.27513736943883566 -0.2830508206027227 0.026808487857440666 -0.9587301695132592,72.56105037354199 188.62034580831204 977.1269213557842,0.69
2,126,1,0.0,0.5289723815163471 0.8486329943198809 0.003203208484763964 0.7914309836291926 -0.4919476475857402 -0.3628009236297293 -0.3063090232831094 0.1944467870306144 -0.9318611641595642,173.82488058896573 125.29303561666127 914.6470460281703,0.69
2,136,1,0.0,0.07280053008258391 0.8924659509445664 0.4452017623778072 0.7657214442691619 0.2360015969577508 -0.5983092143864575 -0.6390389288658739 0.3844577644397393 -0.6661992755594638,-95.27908402075143 149.83635592870115 887.0995431930056,0.69
2,153,1,0.0,-0.4536519472234536 0.8399030062339174 -0.2979309498853672 0.6673830227156567 0.09863113908875976 -0.7381543194976015 -0.5905927630535972 -0.5336992022865334 -0.6052812153928417,91.96769529648914 -6.721112790257114 860.3318139402932,0.69
2,156,1,0.0,-0.3481889857113756 0.9373601585722295 -0.010971023230679555 0.6145106320661542 0.21939499243166394 -0.7577879125280147 -0.707913210292716 -0.27059521506736745 -0.6524087034027872,-175.4354690715245 72.4569118178437 868.0386174154396,0.69
2,162,1,0.0,0.9760028411347457 0.20881754012620385 0.061755072929643835 0.2098681028811708 -0.8263757515829226 -0.5225499943439079 -0.05808470960556398 0.5229706991136321 -0.8503692223843924,153.65812377593042 158.71089747852741 895.7123688798372,0.69
2,166,1,0.0,0.9983635193929297 0.05332456178696135 0.020658515328835586 0.05489593351328731 -0.7924422793477724 -0.6074715387454885 -0.01602247262653092 0.6076114918369595 -0.7940727645238794,159.25336969631107 99.235185188736 890.7823784653506,0.69
2,175,1,0.0,0.9517636237677782 0.281557011569641 0.12194938994681395 0.3046665140961567 -0.9143363488158451 -0.2667721057805812 0.036391203070569006 0.2910578816491357 -0.9560130699258218,164.70866876005638 213.5091736548221 942.3311914547505,0.69
2,176,1,0.0,0.9538394293056845 0.2850811650045441 0.09444084106708187 0.2991205685056583 -0.8737978554418868 -0.3834112587314192 -0.026781123924467423 0.3939619742878891 -0.918736487909635,119.39345491445405 121.92187660518685 927.6146544244922,0.69
2,178,1,0.0,-0.5859360660681199 0.8017435428079994 -0.11783979822748045 0.7869917867709352 0.5283249717981956 -0.31861677879472344 -0.19319123695371557 -0.27942801531004785 -0.940530238867513,87.90744239794563 146.29738658116898 937.1836771570133,0.69
2,203,1,0.0,0.3579686069714981 0.9245370727760222 -0.13072749322782115 0.8667997873960659 -0.3810878171125579 -0.3216056657127186 -0.3471550157970078 0.0018101688126270776 -0.937806013147628,110.8075069921516 155.70771145410086 836.9170252749833,0.69
2,207,1,0.0,-0.12387208163771746 0.8719912257979062 -0.4735894947337869 0.7613636910702132 -0.22255949150098742 -0.6089274198644392 -0.63638120439771 -0.4360029528274858 -0.6363335507538743,47.48244593572762 73.62153597780981 821.2898979669283,0.69
2,217,1,0.0,0.1432684771728544 0.9482936117951442 -0.28321964846580105 0.2570035195215869 -0.31200280593567004 -0.9146602866866944 -0.9557318318451514 0.05825353995071153 -0.28841496265125033,-53.11819765149368 171.03608575488738 780.6791297291229,0.69
2,219,1,0.0,-0.16450470315786914 0.9547050534745689 -0.24794447666576802 0.2244818756661564 -0.20853655845121555 -0.9519035619676643 -0.9604926288818386 -0.21225165407940416 -0.18000873646634863,-57.70227384352388 98.68724690623857 706.3349950419727,0.69
2,221,1,0.0,-0.18065111756791064 0.9498901706122354 -0.25509574182201317 0.34132373825068885 -0.18269764234806662 -0.922019347512314 -0.9224225059201667 -0.2536340577578575 -0.29121553069375206,-125.95341808490679 137.06030371123978 730.0957725005231,0.69
2,224,1,0.0,-0.1770104325955249 0.792418418805473 0.583729694542071 0.2992501792350284 0.6083479873180401 -0.7350932298381574 -0.9376121996754035 0.04456204510482903 -0.34481529426045837,98.5809357668566 68.45488900708621 695.0558266242695,0.69
2,243,1,0.0,0.6873010723941039 0.7238376984051461 -0.0606318584034482 0.4415626913198737 -0.48263084596334377 -0.7563662182825575 -0.5767491877066365 0.49307854637192233 -0.651332420187639,234.7611086149119 -110.42265705200884 890.4079095122802,0.69
2,248,1,0.0,0.3436902947249494 0.8972229113954986 0.2772508405377036 0.42266602437937717 0.11584739539341982 -0.8988508290121853 -0.8385883454634995 0.42611081686287466 -0.3394100154757432,274.3978841978001 132.27338696250192 846.9603925996987,0.69
2,249,1,0.0,0.611769349017018 0.7887298208201305 -0.06036168778570225 0.5949349193492477 -0.5090580843871155 -0.6220227555797492 -0.5213355017090221 0.34462318040022366 -0.780669045235327,179.6676716957608 76.45004480743813 874.1777848450187,0.69
2,254,1,0.0,0.8505416612756502 0.5212718020862537 0.06967489349977984 0.4604013851530735 -0.6740025834908282 -0.577711936865442 -0.254183884193289 0.5234464879979983 -0.8132615367881195,192.97189326402489 -105.77246598808621 924.3426341581238,0.69
2,263,1,0.0,-0.7243899311749108 0.6797878083258719 -0.11466369636426216 0.39439249535767673 0.27222343200278876 -0.8776952561533916 -0.5654323896081237 -0.6810161075335374 -0.46529912321206496,127.00799418921227 57.89088918301236 790.7876511902818,0.69
2,266,1,0.0,0.4907369212989523 0.8712827516670829 0.006606112431886191 0.7676885045356467 -0.4287781476438981 -0.47623907872715565 -0.41210633831312116 0.23877953587044265 -0.8792910207500401,197.1936541028087 82.34915750324062 733.7743793122787,0.69
2,268,1,0.0,0.3511191636427299 0.9318026992681214 -0.09197316216958415 0.8674170942927044 -0.3606903504621606 -0.34276822433283577 -0.3525661887527378 0.040573399168996604 -0.9349068840415297,139.54772049908604 94.51208266755647 720.1996094868967,0.69
2,277,1,0.0,-0.2036679213902438 0.9750893628596067 -0.08786416923082835 0.6633789503248226 0.07144169104207287 -0.7448653925690102 -0.7200331562244298 -0.20999242657556771 -0.6614041387218489,55.959506907256326 131.73022157319545 627.5791591285753,0.69
2,283,1,0.0,0.24705004341759085 0.7502900776094585 -0.613213727413337 0.2592376370346754 -0.6609382366200311 -0.704241787256537 -0.9336820248842984 0.015014886426350571 -0.3577882468633643,130.9255761824004 15.654329844590645 643.4668201853522,0.69
2,307,1,0.0,0.14328632770496574 0.9896751529053962 0.0034813811204435774 0.9249232600005686 -0.1326582687628748 -0.35625657444987247 -0.35211644579988843 0.0542667066488981 -0.9343816849375509,88.93107978501533 62.30643450528819 782.9257647462882,0.69
2,310,1,0.0,0.1937222902099931 0.9802180332803073 -0.04054974115677526 0.858790072199216 -0.1894165523645317 -0.47602624043470554 -0.4742902973579164 0.057393178361377445 -0.8784957238995068,150.3665417748464 -2.7125725637543656 773.5223129690928,0.69
2,322,1,0.0,-0.13362141323491517 0.983670048854206 -0.1205759217765629 0.44648987436359355 -0.04886633708882271 -0.8934533413616538 -0.8847553955845007 -0.17322042629749335 -0.4326691275067223,136.88257875071596 72.74168553209577 709.9460283458544,0.69
2,326,1,0.0,-0.012284654893808367 0.8597826768296943 -0.5105123268616591 0.42027165109872416 -0.458825858514501 -0.7828477315807867 -0.907315174863119 -0.22417087273327163 -0.3557057678490906,123.21801213578931 -70.38906955588908 606.8304579335341,0.69
2,338,1,0.0,-0.860214993823254 0.5098750159187371 -0.007591610074748734 0.35196761971679463 0.5829037915120329 -0.7323537154352329 -0.36898368401943354 -0.6326536477273832 -0.6808820771210555,-134.3255884312969 24.06548056118911 620.4316473894096,0.69
2,342,1,0.0,-0.9997537736747253 0.00927366912302785 -0.02015914393377351 0.018101017591939574 0.8663226845900477 -0.4991566480843758 0.012835310096849687 -0.4993986435961653 -0.8662772359868566,-204.86399160396684 -15.228590812170317 687.0736343869255,0.69
2,356,1,0.0,-0.8786134692043532 0.4762237840000747 -0.03534514514528317 0.14515580050749102 0.19582567307510068 -0.9698361198386629 -0.45493754001150577 -0.8572416306487536 -0.24118171856702897,32.86656845114851 59.548250125068456 518.1054555525573,0.69
2,362,1,0.0,-0.640603314358151 0.767265031069449 -0.03052483794141303 0.1675689697000221 0.10089083323261006 -0.9806842917898211 -0.749365087275238 -0.6333446233036382 -0.1932008129003283,96.45212903766581 49.40169633584084 534.4550744259986,0.69
2,365,1,0.0,-0.20868906801877996 0.850338785527183 -0.48308676520642607 0.48240721440239287 -0.34018283448310493 -0.8071919961295233 -0.8507244867652375 -0.4014966861023837 -0.3392171261402158,102.58797631142258 -96.25741835180825 618.4406824626477,0.69
2,368,1,0.0,0.5381273202311416 0.8290346100882456 -0.15205460366815685 0.6506036687217814 -0.523254018764524 -0.5503817748549941 -0.5358487225575967 0.19724818661423835 -0.8209502417386734,213.7297591484186 -145.2260939016943 736.1802210886094,0.69
2,387,1,0.0,-0.5285401611037133 0.7182928638830113 -0.4524385701895926 0.7203760950624198 0.09754002420836527 -0.6866907785459562 -0.44911421683473846 -0.6888695851699171 -0.5689948285043951,-266.2789812131308 70.17878860887183 705.895525653661,0.69
2,389,1,0.0,-0.7563938167490247 -0.4507480696177657 -0.4740195900168059 0.3283915409143884 0.3650529846158028 -0.8711459775944373 0.5657096338579682 -0.8145934545274424 -0.1281019672032061,-167.87853178511972 48.784923804463425 922.4583171129335,0.69
2,402,1,0.0,-0.10500461920420323 0.9899153014312744 -0.09508799050358066 0.984104990466698 0.08966377931279235 -0.15328983794722487 -0.14321800754206837 -0.10967270704954608 -0.9835956992810128,285.15849628526536 91.40109702127069 993.51868432333,0.69
2,415,1,0.0,-0.15855419326597164 0.9600231280106428 -0.23068628368942473 0.6618195473253292 -0.07004641688696489 -0.7463835383094899 -0.7327042067409422 -0.2710149316291601 -0.6242559188811656,347.9433969165836 7.152965300300684 872.9564601526506,0.69
2,417,1,0.0,-0.41271124885784105 0.878144783789484 -0.24193214703615126 0.6175713213312559 0.07453410364117019 -0.7829753064200522 -0.6695334854474182 -0.4725530722550942 -0.5730780974412683,339.8569755149494 45.42252363929595 871.63284248415,0.69
2,425,1,0.0,0.05127255780026896 0.7840209008283836 -0.618613249034377 0.254759084313195 -0.6092028809775951 -0.7509791333775531 -0.965644310176641 -0.11909272384511188 -0.2309718367044592,243.06207325219117 -149.09963522643716 973.710901042156,0.69
2,428,1,0.0,-0.7472494147941119 0.5800602487872923 -0.32426597087372905 0.45825626222914667 0.09639995619354869 -0.8835769613189641 -0.4812686466181119 -0.808849279051856 -0.3378510523287801,225.2965283720333 37.311267712405055 885.91650656299,0.69
2,434,1,0.0,-0.7715704783169857 0.44643548749625706 -0.4531824715207741 0.4968348459681178 -0.02200244718897404 -0.8675661520308021 -0.39728344141372757 -0.8945452743275074 -0.2048282679631639,305.3813628467508 -20.840363310893324 901.8339416387247,0.69
2,435,1,0.0,-0.8359458117050371 0.3996513847271721 -0.3761294598651647 0.40288704875201276 -0.018492029192220816 -0.9150628780604356 -0.37266154328116546 -0.9164806683951431 -0.1455560325692209,300.6060953324901 -10.84524526614815 846.2496936611578,0.69
2,438,1,0.0,-0.6697918299035038 0.6848599049298582 -0.28695960554402317 0.32080206693149116 -0.08163802373798357 -0.9436213578192469 -0.6696752484951185 -0.7240871105741504 -0.1650239917508335,206.7949820879565 20.407383822392134 982.3637585608443,0.69
2,442,1,0.0,-0.6466937860869499 0.7052902799848976 -0.29043547991826196 0.33633662825055544 -0.07807679307267279 -0.9384996999895818 -0.684590987037935 -0.7046060142677695 -0.18672317779031633,215.38638083620938 108.58008465876947 874.1178002964359,0.69
2,446,1,0.0,0.265208860739405 0.9635642439951876 -0.03475928479255658 0.7135375939536263 -0.2203830807416053 -0.665052930027159 -0.6484815820053622 0.15157587346547624 -0.7459868580497921,171.29657941406091 -29.202950084263414 909.4993650284597,0.69
2,453,1,0.0,0.015847188374791377 0.9883077697611593 0.15164636115099356 0.9125837342468606 0.04767925367642578 -0.40610050080850024 -0.40858266557536377 0.14482555367953107 -0.9011580129992451,77.74426658918291 76.09306050894881 1086.3613960255439,0.69
2,473,1,0.0,0.0476350763076715 0.9287088381368158 -0.3677373974342671 0.5179340258437226 -0.33776137947388574 -0.7859144962457505 -0.8540932293248065 -0.1530266137064516 -0.49709919645787,32.04365177186345 -42.851818358450736 996.8115570527667,0.69
2,474,1,0.0,0.10999891345506296 0.9559726363903124 -0.27205984178423104 0.6761636825788208 -0.27259481876535063 -0.6844667553239772 -0.7284935918730879 -0.10866638512088694 -0.6763791121439262,203.77804387593233 -28.23581015716042 848.8221941869232,0.69
2,476,1,0.0,0.2755287407920066 0.9476003795220355 -0.1616707571803436 0.7352099599204217 -0.3160771626314428 -0.5996345070930027 -0.619314320705878 0.04635458976790596 -0.7837735796619237,329.0179530260256 -137.47780604397266 908.9946416102218,0.69
2,477,1,0.0,0.4813773281760575 0.869413511844461 -0.11133738518737418 0.49382320092442944 -0.3739535549678737 -0.7850461037134316 -0.7241647009809515 0.32292241196481053 -0.6093493264983544,223.45339478077705 -224.5541341361547 1053.7309103931177,0.69
2,480,1,0.0,0.44231945298483666 0.8660765517119884 -0.2329482948764965 0.3306441211895336 -0.3989155245440702 -0.8553016248087753 -0.833683373130349 0.30129356258041967 -0.4628112169271639,176.23067137874727 -248.7187441166102 1116.1827368468985,0.69
2,491,1,0.0,0.5033376174537563 0.857934709118459 0.10295279377365799 0.689689059006465 -0.3271087094736873 -0.646009979855757 -0.5205576286471586 0.3961665395717866 -0.7563543006957539,52.38297298268611 -62.70261120889498 1058.9937683831583,0.69
2,494,1,0.0,-0.20662873841644258 0.9777548529319773 -0.0360556795581094 0.09267846072258551 -0.01712612807445013 -0.9955487927044409 -0.9740201575832615 -0.2090505759502836 -0.08707806449579147,256.1009147720541 199.4312224250887 1116.3850992413168,0.69
2,499,1,0.0,-0.5512179384053326 0.773023871038685 -0.3139950305093082 0.1895350040519843 -0.2504809135611622 -0.9493870623621221 -0.8125486241568496 -0.5828322286438286 -0.008445509746529689,357.48046095564985 382.12242777470055 1729.7423997960693,0.69
2,501,1,0.0,-0.4409504129953602 -0.8834802081660533 -0.15819435849008223 0.22047184367285083 0.06423417138218246 -0.973275982121381 0.8700315508225638 -0.4640438481498401 0.16645842594345572,-393.9776632889971 -4.86604017485717 892.9257022322804,0.69
2,503,1,0.0,0.7770442608968233 0.6289275056825094 0.02554230223151166 0.2132058050166813 -0.2248031938838488 -0.9507927264797567 -0.5922377067651955 0.7442537985227871 -0.3087730267848936,363.54951103883195 102.30070669199905 2003.2239232310567,0.69
2,521,1,0.0,0.05739077698151562 0.9801812786339237 0.1896073831184435 0.3542662669243946 0.15756640034969627 -0.9217745069160312 -0.933381867638809 0.12007285495233905 -0.3382023043485706,178.1248278509958 -104.25430342528901 993.6939189284234,0.69
2,527,1,0.0,0.3152822646023977 0.9485781254739903 0.028224696622532852 0.30996492058426106 -0.07482261641468302 -0.9477992002951119 -0.8969497430928759 0.30757294410450275 -0.3176161872772105,216.13310862319958 -7.60909255269064 1052.4637662116133,0.69
2,529,1,0.0,0.21618009678868944 0.9762863965128893 0.011447171541917933 0.17237160401179985 -0.026622924458663655 -0.9846721535738011 -0.9610172713759269 0.21483968878479043 -0.17403939852809874,242.46314016508393 27.97177233908851 1090.0469899760312,0.69
2,532,1,0.0,0.52585650683288 0.8472215093843309 -0.07543638550499071 0.7776801970194052 -0.5148187156294437 -0.3607980060941428 -0.34451189440334357 0.1310625960149811 -0.9295881617901732,217.6086492774703 -225.3599963460558 990.9067772385125,0.69
2,535,1,0.0,0.7130368446496215 0.6944536086252896 -0.09650203956096153 0.6637783904376912 -0.7129524525592839 -0.22604656329537554 -0.225780217379779 0.09712355974229603 -0.9693246657250214,223.9754060972237 -142.98692700838913 1035.0744865981208,0.69
2,540,1,0.0,-0.13851948371468148 0.9814404606376775 0.1326158921650089 0.6538612117726587 0.19120349396262837 -0.7320565139630091 -0.7438265042135891 -0.014691702412800545 -0.6682112581434146,188.37237196552363 13.510337936766641 946.2137194771682,0.69
2,543,1,0.0,-0.15028777684863803 0.9810950367393918 0.12192667064767043 0.5265742527213826 0.18381415423914738 -0.8300192245196883 -0.8367395894188416 -0.060538298511591426 -0.5442444064136165,240.21727671104853 40.709196088570394 1003.4034012970303,0.69
2,549,1,0.0,-0.08477653557448206 0.9909900851158711 -0.10368987519535222 0.9563605474930623 0.05172440310368909 -0.28757449351835385 -0.27962017490653135 -0.12354447509138676 -0.9521288360613991,328.36325664836505 2.8900872523354324 834.2763355362536,0.69
2,560,1,0.0,-0.5956400458909981 0.802039399414786 -0.04411051481607353 0.39503178961678 0.2446731711173361 -0.8854856997871569 -0.6994017593080059 -0.5448557984657557 -0.46256819816661626,270.7077640552004 75.53250435475466 816.4983800525782,0.69
2,563,1,0.0,0.12582324859185623 0.9723106558766967 -0.1969276480904093 0.3807611959685808 -0.23063338980703652 -0.8954491337595295 -0.9160728255757663 0.037685912152203405 -0.3992372105238793,126.8032601937871 -40.62144903995566 825.9055598752469,0.69
2,571,1,0.0,-0.6177334741130927 0.7833808273891165 -0.06870104976863384 0.36642858087326785 0.20944230304937073 -0.9065671606740333 -0.6957984263271744 -0.5851909098512371 -0.41643264635245547,211.39731899932076 106.2819088274247 804.8911915948116,0.69
2,575,1,0.0,-0.6079142506069934 0.7614693012285814 -0.22495503371872694 0.23934303151056752 -0.09439898724483908 -0.9663352133056523 -0.7570701269871036 -0.6412903667556568 -0.12486588136927657,74.15617366109716 70.6126692727112 835.5543413611874,0.69
2,589,1,0.0,-0.20256515244273132 0.978893644840028 -0.027103341263722824 0.8833405945989421 0.17070523452959707 -0.43654222801211595 -0.42270173047840737 -0.11236972455247873 -0.8992754261373764,171.65888942699962 11.131223881957444 775.4399128491181,0.69
2,603,1,0.0,-0.8439523512990642 0.5291324995343313 -0.0881091747398183 0.22646925582284907 0.20256890322001608 -0.9527211111418097 -0.4862675240069255 -0.8240052411148793 -0.29079074557382933,99.28926112979187 -15.372964959470766 764.2891603702135,0.69
2,607,1,0.0,-0.8114041683520852 0.5808317537736041 0.0652514320849768 -0.0970305117818678 -0.023769271087724975 -0.9949975384569085 -0.5763751862842552 -0.813676530053705 0.07564488796708357,67.20319616084635 -32.0332615529745 695.8255299818468,0.69
2,611,1,0.0,-0.1908015149232828 0.8205556114110991 -0.5387794265603854 0.3519426552738133 -0.4551904938394928 -0.8178862889894759 -0.9163684571730948 -0.3456734049647384 -0.2019374848765969,70.13073622091274 -79.20137294611038 782.149080534443,0.69
2,615,1,0.0,0.211747343243751 0.9723944681250355 0.09804111886878344 0.8157680514295352 -0.12060778597739286 -0.565664430761287 -0.5382244410058623 0.19975675288074995 -0.818786718738443,90.91178087367877 -116.88509039200086 832.8414412543701,0.69
2,625,1,0.0,0.44699691866172275 0.8928563655703938 0.054783803878084236 0.46078202483432285 -0.1773265864086248 -0.8696178513245034 -0.766729209236551 0.41395989203435124 -0.4906766017351975,17.119740183881145 -82.25989722519658 906.8886821171957,0.69
2,642,1,0.0,-0.025758419532856736 0.9934244322610531 0.11155447642283728 0.8230346263740277 0.08441344822503383 -0.5616835172480351 -0.5674068272523107 0.07734511714105483 -0.8197970634504023,173.96975018946821 -157.23348553466454 939.7711410914183,0.69
2,648,1,0.0,0.3191258714859704 0.9476478015246304 0.011059946376684948 0.49030128230602155 -0.1551023083901989 -0.8576409076653836 -0.8110260974329935 0.27911810797145853 -0.5141300915965161,172.4226183244384 -107.52376473805239 864.7640711851457,0.69
2,649,1,0.0,0.3032577490702629 0.952823120413717 0.012760832022422675 0.5726001771798583 -0.17150627857971534 -0.8016948506142045 -0.7616848263700886 0.25042703051548615 -0.5975972955634619,184.1450738211895 -114.51731197805044 788.2355958273795,0.69
2,650,1,0.0,-0.205194715746624 0.9743555718880987 0.0923382269717048 0.25566696788273197 0.1444329087569166 -0.9559150257223002 -0.9447378102750583 -0.17254087747149083 -0.2787474043611093,174.11018065821892 -13.683602195843877 1007.3881359980859,0.69
2,652,1,0.0,-0.4214712676728798 0.9039504846146894 -0.07235669900627184 0.7556393782709779 0.3059637925009808 -0.579133221016259 -0.5013692257533023 -0.29876358386404034 -0.8120155296693831,189.18235796139564 -35.54076312050978 726.7596321348581,0.69
2,667,1,0.0,-0.8587172933191969 0.5108569919725133 -0.040370086788957454 0.2561048037813717 0.3595888325743466 -0.8972771037800554 -0.44386364982352144 -0.7808463390710202 -0.4396180787055146,100.73423795492855 15.562230543844828 655.198891882796,0.69
2,669,1,0.0,-0.8320413557860791 0.5534266848057743 -0.037763564537178856 0.37769725801000587 0.5153525389086858 -0.7692571364193483 -0.40626587790926594 -0.6543169455128477 -0.6378223665420889,89.96322032992138 -17.78102371044152 654.967013041256,0.69
2,679,1,0.0,0.20223190685873904 0.9788139047225315 -0.032024924201459914 0.539410515537148 -0.1386212994232262 -0.8305542914669483 -0.8173974257215559 0.15068999723952237 -0.556016162674905,21.738236697312097 -139.70187257529594 837.9761923902333,0.69
2,691,1,0.0,-0.13600538166234888 0.9849324521598349 -0.10682041397267306 0.9654455160658796 0.10757089188011337 -0.2373677710398032 -0.22230045359190426 -0.1354125839888277 -0.9655288397713983,163.22969369203747 -87.81444109492021 673.6760572755837,0.69
2,695,1,0.0,-0.04924647463117837 0.9881280060730107 0.14552604011164855 0.8670297130055484 0.11462348112220255 -0.48489270394690887 -0.4958167620219361 0.10229614454907152 -0.862381143873449,174.84584289333836 -113.16730524544822 781.5934585905699,0.69
2,703,1,0.0,0.30683697924361675 0.9494061509729343 -0.06692554567137227 0.5285204687515774 -0.22844628095074881 -0.8176052903635012 -0.7915283837483442 0.21550001673904778 -0.5718763507142121,240.73598975815963 156.239738613252 901.8014124591236,0.69
2,708,1,0.0,0.6163300735679391 0.7844640089999988 -0.0689453334127009 0.6090218819438353 -0.5303257451764807 -0.5897855129762002 -0.49922899327796233 0.32151333189567793 -0.8046114526179774,230.77360778035975 148.14724890539028 1000.1673872240251,0.69
2,711,1,0.0,-0.11578183417837762 0.9911472110390263 0.0649751715953868 0.3748517599108767 0.10417925460419286 -0.9212127012812148 -0.9198264645931908 -0.08230363879971475 -0.3835953415701463,98.58517034767739 249.1823356799052 877.4626517871382,0.69
2,727,1,0.0,0.20307331342870089 0.9788386447636019 -0.025221754309398103 0.05038349024253708 -0.03617014800735746 -0.9980747588753589 -0.9778664189366914 0.20141158832222356 -0.05666249911052579,199.8547164020789 208.44476276975843 891.0827255773615,0.69
2,736,1,0.0,-0.05525428419210687 0.998432436453041 -0.008923783774942962 0.3386702835163348 0.010333254671345937 -0.940848374027857 -0.9392813226831369 -0.05500812382131531 -0.3387103529156963,-48.812733738734224 224.29879542443814 938.5546040206215,0.69
2,737,1,0.0,-0.13043029432920872 0.9823877641355782 -0.13379917487748294 0.23163588740639163 -0.10102334033655669 -0.9675428157826906 -0.9640190630825975 -0.15718958484563644 -0.2143797575085089,-0.9654449196763052 190.38179927381205 893.7383849860257,0.69
2,739,1,0.0,0.05158462115877649 0.9922862264905974 -0.11272564737874141 0.2711516351601633 -0.12255210457991705 -0.9547029760155787 -0.9611533788162403 0.018682247725686385 -0.2753818367467994,-13.288881367636627 75.42583057234884 920.472912183656,0.69
2,740,1,0.0,0.2891585568296142 0.94937338071221 -0.12279052490841591 0.12713193382012716 -0.16521840660614606 -0.9780288081246284 -0.9488017708749125 0.26719480180870964 -0.1684699898232166,60.360021115306445 188.94147453843374 904.2763847953179,0.69
2,750,1,0.0,0.734632453141418 0.677485257846969 -0.03645386387544569 0.39516746292443305 -0.47093905686942616 -0.7887072213190409 -0.5515050634738455 0.5650045399065053 -0.6136872451401839,207.24307576273668 37.80803227880088 840.0046659269582,0.69
2,754,1,0.0,0.7822057224607484 0.622997741262012 -0.005293593495007909 0.5009587890672593 -0.6339855634656594 -0.5891541368550303 -0.37039775837054484 0.458187865072354 -0.8080033297545957,246.79546293937537 -46.61113341837217 873.3999386621828,0.69
2,756,1,0.0,0.7379128290555987 0.6704806538614562 -0.07707366289905376 0.31250445537419336 -0.4406687861272685 -0.8415176684445778 -0.598185274046797 0.5968808203742468 -0.5347033422215767,215.24394240907824 -16.49663247372643 867.2042941914515,0.69
2,757,1,0.0,0.5867554057486496 0.8094009842429497 -0.02425160883903965 0.4105585187147247 -0.32317161012836565 -0.8526440131249445 -0.6979683349089044 0.49033677927887875 -0.5219291583643393,242.44225588061997 -33.039416939595796 880.8178635035808,0.69
2,758,1,0.0,0.6575441336002622 0.751612255607331 0.05210306698017003 0.4759411204540487 -0.3607734969365133 -0.8020738954542431 -0.5840511640505692 0.5521969767474822 -0.5949476755498047,223.95455926139283 -57.237941816967215 909.2619635782047,0.69
2,761,1,0.0,0.46975426669934955 0.8753354344312358 0.11453735699253403 0.34943158673157293 -0.06522088790899921 -0.9346891472434119 -0.8106963026386704 0.4790971853491114 -0.33650764014885015,204.76024894682095 110.78914537970763 894.6846873409298,0.69
2,762,1,0.0,0.030065046529599515 0.9993663545269702 0.019052097434334725 0.35487378413533605 0.007146788057182163 -0.9348869026539696 -0.934430677102716 0.03486850814044218 -0.35443405145304524,-221.47785820516998 -93.79109514304452 885.7938731680151,0.69
2,764,1,0.0,0.8490122641167043 0.51887030142389 0.09975863711834362 0.41767807310845373 -0.5434368760560867 -0.7281630236333144 -0.3236096454431434 0.6598863326685006 -0.6781053202368198,-174.96885695015024 263.4125981773003 826.9546462583768,0.69
2,768,1,0.0,0.9114535576941301 0.40607914852049803 -0.06597073065822558 0.32248521001691194 -0.804782118536256 -0.4983262294969468 -0.255451955340062 0.4329266298360068 -0.8644760446026114,-180.06147365115612 186.2173831695017 890.3849762461429,0.69
2,769,1,0.0,0.8187253236850475 0.5717914170973021 -0.052377664043692373 0.48570134839187784 -0.7383217032933168 -0.46794792724871354 -0.30624017458055114 0.3576809161528118 -0.8822025377955784,-209.04126276812406 147.5195318199994 919.8965543025928,0.69
2,770,1,0.0,0.9989920416816871 0.02641099354062968 0.03629545531951722 0.042010414802779415 -0.8349441256167414 -0.5487289241020504 0.015812201135599877 0.5497006153519316 -0.8352120735339948,-190.14122790462002 286.6699623810598 779.0530284503861,0.69
2,773,1,0.0,0.49426093832688855 0.8305030068299354 0.2568479715525511 0.8547490686960307 -0.41042572821926837 -0.31773377406085 -0.1584618389628615 0.3765839577864669 -0.9127290771802926,-313.41748187784464 98.32554404665397 858.5024066931012,0.69
2,775,1,0.0,0.6766861355734477 0.7362483012214964 0.005857718936063669 0.7176537478551399 -0.6577763010732072 -0.22869944454659408 -0.16452650884323927 0.1589615572863769 -0.9734794559686123,-145.82912888628996 212.51299057901593 933.7572258347478,0.69
2,785,1,0.0,0.8710280056503279 0.48664360421407094 0.06699414788137603 0.3096049463292292 -0.437962417780078 -0.843998636148604 -0.3813856192638734 0.7558881683753009 -0.5321447982729369,4.017576953044783 198.4452307381529 817.2987822099527,0.69
2,788,1,0.0,0.8850004652172068 -0.2649688111891311 0.38283900749838184 0.26380531712884897 -0.3921652694797782 -0.8812565778865995 0.38364167033818797 0.8809074471877687 -0.27716626466663213,-138.96120517566493 86.96561658142954 404.96351113314824,0.69
2,791,1,0.0,0.7306283911163826 0.6806741515726291 0.053524326016945956 0.3371920904063963 -0.2915485959693689 -0.8951541265925408 -0.593703333544668 0.672072998690746 -0.44253162165971516,-218.50592611585571 49.70924771857275 784.1190231326405,0.69
2,794,1,0.0,-0.03919708631328822 0.974029656954011 0.2230018291373424 0.465869786303188 0.21524741181128826 -0.8582737872720825 -0.8839846891402423 0.07024798276529715 -0.4622080595176115,-188.60752040333026 0.23479409566977044 938.2841137281206,0.69
2,801,1,0.0,-0.855909870123244 -0.28678068362255565 0.43031980401393466 -0.40807661229427244 -0.13655999918508388 -0.9026764897353867 0.3176346529017915 -0.9482131649178624 -0.00014543867759275741,-158.283998523121 108.7121828055158 1421.3405622399978,0.69
2,803,1,0.0,-0.6858098592300707 0.08307558773768113 0.7230237089507298 -0.21203686824352075 0.9275565608426661 -0.30769984228661185 -0.6962077301267996 -0.36433126843542385 -0.6185123469680494,-117.01722117409619 119.63404749863066 1058.606664771736,0.69
2,804,1,0.0,-0.88367372517083 0.4370187573344629 0.16773596269300814 0.46786785855301144 0.8132131528352657 0.3460983024933022 0.014846359005750265 0.3843162419070627 -0.9230821262654284,-184.53082673175254 74.1381495148725 359.5875416528028,0.69
2,808,1,0.0,0.18084556674780972 0.9622461343933388 -0.20341400598960796 0.3017911176424106 -0.2511392679431318 -0.9197016850094017 -0.9360646357489468 0.1049354322527169 -0.33581475958946055,-115.91450131318895 -50.95869320307165 972.9417014918291,0.69
2,809,1,0.0,-0.23012215310268525 0.9650200935276884 0.12561852466573564 0.7722088807961621 0.25963055786294953 -0.5799012138660449 -0.5922307312787163 -0.03644437558232222 -0.8049438293554971,-428.98978816785797 28.723421214416433 832.0004989686373,0.69
2,819,1,0.0,0.07710575753187343 0.9968818888021637 0.01676907670882684 0.960726296257088 -0.06979134060623471 -0.2685780193100737 -0.26657022683633247 0.036819404593435565 -0.9631119590212818,-318.87352220675234 281.2795473600884 858.7731204359442,0.69
2,821,1,0.0,0.07169266532439089 0.9885741834764886 0.13259428910205293 0.8027151597695729 0.02172120235841868 -0.5959669132126496 -0.5920376119933547 0.14916190241445215 -0.7919862327422791,-246.1711958902999 160.2648578530106 854.090683493984,0.69
2,828,1,0.0,-0.30471254228902767 0.951560966598978 -0.041012113051834775 0.6236448720999938 0.16679034874226994 -0.763706784747795 -0.7198731416542363 -0.25828802994264194 -0.6442592285044964,-329.79487049926894 69.73775420308301 853.4619780922048,0.69
2,837,1,0.0,0.5917553706467698 0.8047627386041627 -0.04671740430539009 0.618621340896299 -0.490512186759077 -0.6137633348681669 -0.5168493183688745 0.3342973664197143 -0.7881066253410596,-163.8311655712212 206.26026018095186 717.5330618485385,0.69
2,840,1,0.0,0.31346305375037264 0.9412743071914713 -0.1254734735101687 0.5187193755871116 -0.28040536061420146 -0.8076527986265738 -0.7954062630656165 0.1880837907955798 -0.5761539415086528,-240.21301415039807 102.28880784115239 718.3984019314529,0.69
2,844,1,0.0,0.13269971085174148 0.9838435216815613 -0.12017783316854941 0.6084464213991392 -0.1765752773636301 -0.7737015727724343 -0.7824217143116912 0.029548202469532936 -0.6220475582335918,25.175730220163423 -99.53580140898183 854.557234832212,0.69
2,850,1,0.0,-0.1053332156798914 0.9915347198970397 -0.07591977945985379 0.45338533910481976 -0.020064577367705283 -0.8910887425054045 -0.8850687249922129 -0.12828215765941386 -0.44743383875932335,-140.49139379952783 -101.63595369947281 903.233437282557,0.69
2,856,1,0.0,0.004138049028544422 0.9969861918740432 0.07746876636897587 0.6060498972712471 0.059120592206516 -0.793226498293307 -0.7954158651722685 0.05023234804032628 -0.6039787352569684,-52.22533053519529 -112.6223704384434 908.1842894931777,0.69
2,867,1,0.0,0.730065925394634 0.4161294220477671 -0.5420701510725969 0.07788664907382592 -0.8387221722556534 -0.5389608405652574 -0.678923717713358 0.35125691718875723 -0.6447334051011495,-77.63875283700678 66.23560793440988 833.6984284729388,0.69
2,871,1,0.0,0.5658631751066722 0.686557755894312 -0.456549356455096 0.15678137670264825 -0.633225052695964 -0.7579219171902974 -0.8094556609088717 0.3573016659064997 -0.4659582090306187,-233.73552433416526 12.13831101842671 743.1115143440994,0.69
2,877,1,0.0,-0.3926854548169458 0.9163564431246214 0.0780320621232144 0.22345397195173722 0.17737222548534903 -0.9584400951782887 -0.8921134770836057 -0.3589289104688661 -0.2744149799763708,-179.79775239793506 -4.106914311689505 946.9242126464427,0.69
2,883,1,0.0,0.24190174786731722 0.958432622281685 -0.15129591179205654 0.16114436379005365 -0.19344430148434638 -0.9677870614148197 -0.9568260230561436 0.20972889826985253 -0.20124052979725066,-155.12261951432447 33.162411339893566 814.8502104798223,0.69
2,886,1,0.0,0.05299422207160209 0.9863575252201725 -0.15585392156940614 0.2869164907947933 -0.16453206055216874 -0.9437203655535144 -0.9564886511281914 0.005294666372335555 -0.2917214883600086,-207.4482319002806 -21.06154996665078 915.2305124775575,0.69
2,902,1,0.0,-0.20242305065808364 0.9761106944936361 0.07894821503635202 0.41558056317144454 0.15861988756207512 -0.8956185163248354 -0.8867455689634878 -0.1484844886341523 -0.43776095367069295,-72.86134405742715 -133.34937408112395 778.380472475027,0.69
2,903,1,0.0,-0.3943955671716629 0.9039796026647507 -0.16514543457638098 0.24574421249950007 -0.06941504765044981 -0.9668460752274306 -0.8854727091324401 -0.4219033409748793 -0.1947707684841129,-110.65926143238678 57.06512041194931 940.4319065916386,0.69
2,904,1,0.0,-0.47346499699645817 0.8597112947528298 -0.19164390492148958 0.3264038002970427 -0.030836461883810062 -0.9447273002142664 -0.8181023504249283 -0.5098486072285591 -0.26601304843241513,14.980746402487302 1.7328057201399372 896.8273327554872,0.69
2,907,1,0.0,-0.9773089756998347 0.17280673264965724 0.1224948944547892 0.06092932842860583 0.7832049094144856 -0.6187711101904215 -0.2028664165252079 -0.5972670282377871 -0.7759621859512378,-349.7526220660511 40.18007168392834 746.3083707160669,0.69
2,909,1,0.0,-0.9954183530321239 -0.046050553403771136 0.08379528016553532 -0.09458743264301382 0.6024241207752261 -0.7925518256203813 -0.013982847807848683 -0.796846613370103 -0.6040198297471535,-349.50159437151393 -32.42850484571635 832.9265291071549,0.69
2,918,1,0.0,-0.5352526864170793 0.8429703944371312 0.05390246548913319 0.682827286655129 0.4693674579460376 -0.5598580945386683 -0.4972438619857404 -0.2628594748602028 -0.8268333799464825,-329.33473225251987 181.8525796318931 669.2653518602045,0.69
