scene_id,im_id,obj_id,score,R,t,time
7,3,13,0.6989445686340332,-0.8793184757232666 0.4739183783531189 0.04690868407487869 0.4561835825443268 0.8664811253547668 -0.20274879038333893 -0.13673186302185059 -0.15688179433345795 -0.9781066179275513,-113.94422149658203 75.22065734863281 730.34912109375,0.69
7,13,13,0.9697411060333252,-0.9584578275680542 0.2841128408908844 0.025265151634812355 0.25878244638442993 0.9034081101417542 -0.3418850004673004 -0.11995864659547806 -0.3211441934108734 -0.9394021034240723,-122.53665161132812 -23.592124938964844 762.2169189453125,0.69
7,21,13,0.9716796875,-0.9970901608467102 0.046927955001592636 0.06007499247789383 0.02311975322663784 0.9371004700660706 -0.3482934832572937 -0.07264099270105362 -0.3458910882472992 -0.9354586005210876,-68.67642974853516 -84.7029037475586 782.4804077148438,0.69
7,30,13,0.97119140625,-0.9831008315086365 -0.1742723137140274 0.056052397936582565 -0.18264450132846832 0.9129996299743652 -0.3647913932800293 0.012397211976349354 -0.36886435747146606 -0.929400622844696,24.96803855895996 -95.65363311767578 785.7861328125,0.69
7,54,13,0.0010680193081498146,-0.9993024468421936 -0.03723027929663658 -0.002926092129200697 -0.03439496085047722 0.9480541944503784 -0.3162437677383423 0.014547938480973244 -0.3159225285053253 -0.94867342710495,78.64974212646484 100.36923217773438 727.074462890625,0.69
7,67,13,0.007300898432731628,-0.961717963218689 0.27333012223243713 0.019726280122995377 0.2565634846687317 0.9233419299125671 -0.28568288683891296 -0.09629984200000763 -0.2696853280067444 -0.958121120929718,-49.589534759521484 126.43019866943358 710.790283203125,0.69
7,71,13,0.06459832191467285,-0.8649024367332458 0.5017414689064026 0.01411601435393095 0.48712098598480225 0.8458185791969299 -0.21749478578567505 -0.12106574326753616 -0.18123555183410645 -0.9759593605995178,-86.56515502929688 107.17214965820312 722.1610717773438,0.69
7,81,13,0.9716796875,-0.9618006944656372 0.27364790439605713 0.0074989390559494495 0.23531873524188995 0.8404598832130432 -0.48811107873916626 -0.13987310230731964 -0.46770092844963074 -0.872749388217926,-130.1411590576172 11.341517448425293 749.4183959960938,0.69
7,87,13,0.97119140625,-0.9840816855430603 0.17558208107948303 0.027461322024464607 0.13317394256591797 0.8308948874473572 -0.5402578115463257 -0.11767704039812088 -0.5280006527900696 -0.8410513997077942,-116.42118072509766 -44.02949142456055 781.0316772460938,0.69
7,94,13,0.9716796875,-0.9973523616790771 0.06748731434345245 0.027086803689599037 0.04184804484248161 0.8372652530670166 -0.5451931357383728 -0.0594724640250206 -0.5426161289215088 -0.8378727436065674,-63.45043945312499 -89.50447845458984 800.8457641601562,0.69
7,102,13,0.97216796875,-0.993281900882721 -0.10722837597131729 0.04350908473134041 -0.11359736323356628 0.8318489193916321 -0.5432522892951965 0.02205907180905342 -0.5445451736450195 -0.8384413719177246,19.886953353881836 -98.32372283935547 805.2398071289062,0.69
7,112,13,0.9697411060333252,-0.960029125213623 -0.27008190751075745 0.07348327338695526 -0.2678516209125519 0.8102812767028809 -0.5212482810020447 0.08123762905597687 -0.5200961232185364 -0.8502355217933655,101.49354553222656 -41.93288040161133 781.8726806640625,0.69
7,130,13,0.9692811965942383,-0.9906874895095825 -0.131867915391922 0.033899880945682526 -0.13287243247032166 0.8820065259933472 -0.4521166980266571 0.029719768092036247 -0.45241066813468933 -0.8913143873214722,48.23244857788086 104.269775390625 700.940185546875,0.69
7,155,13,0.97119140625,-0.9754809141159058 0.21982891857624054 -0.01059315912425518 0.17234072089195251 0.7330471873283386 -0.6579821705818176 -0.13687822222709656 -0.6436746716499329 -0.7529590129852295,-128.62265014648438 -20.43461799621582 770.7550048828125,0.69
7,166,13,0.97314453125,-0.9975377917289734 0.06197377294301987 0.03282658010721207 0.02513585053384304 0.7529247403144836 -0.6576263904571533 -0.06547152996063232 -0.6551821231842041 -0.7526286840438843,-58.06047439575195 -90.52845764160156 819.82421875,0.69
7,185,13,0.9712052345275879,-0.9782998561859131 -0.20444011688232422 0.03366849198937416 -0.18160901963710785 0.767877995967865 -0.6143139004707336 0.09973710030317307 -0.6070976853370667 -0.7883431315422058,107.47045135498047 -32.45169448852539 776.0948486328125,0.69
7,198,13,0.9736328125,-0.987358570098877 -0.15317067503929138 0.04076513648033142 -0.1448158472776413 0.7672066688537598 -0.6248377561569214 0.06443152576684952 -0.6228423714637756 -0.779689610004425,79.53313446044922 67.87852478027344 707.0457763671875,0.69
7,207,13,0.970717191696167,-0.9993166327476501 0.03263444826006889 -0.017356855794787407 0.036353517323732376 0.782815158367157 -0.6211914420127869 -0.006685031112283468 -0.621397852897644 -0.7834665775299072,-7.77609395980835 95.34568786621094 681.39453125,0.69
7,219,13,0.97265625,-0.9891172051429749 0.1437632441520691 0.03129279240965843 0.07744626700878143 0.689578652381897 -0.7200579047203064 -0.12509669363498688 -0.7097981572151184 -0.6932080388069153,-111.4338607788086 32.66558074951172 716.3181762695312,0.69
7,229,13,0.96923828125,-0.98612380027771 0.1656893938779831 0.010340851731598377 0.0970626249909401 0.6259742975234985 -0.7737796902656555 -0.13468021154403687 -0.7620388865470886 -0.6333703398704529,-125.18723297119142 -37.45614242553711 793.1487426757812,0.69
7,239,13,0.962890625,-0.998409628868103 0.05126233398914337 0.02345891296863556 0.018422473222017288 0.6899517178535461 -0.7236208915710449 -0.05328001454472542 -0.7220379114151001 -0.6897988319396973,-53.79391860961914 -88.36958312988281 847.8441772460938,0.69
7,251,13,0.9716796875,-0.9886418581008911 -0.13936416804790497 0.056257713586091995 -0.13054659962654114 0.6108608245849609 -0.7809011340141296 0.07446401566267014 -0.7793757915496826 -0.6221160292625427,68.29771423339844 -74.99581146240234 832.8801879882812,0.69
7,270,13,0.97216796875,-0.9910773634910583 -0.12759467959403992 0.03853858262300491 -0.11671769618988037 0.6911784410476685 -0.7131966948509216 0.06436305493116379 -0.7113312482833862 -0.6999038457870483,83.2893295288086 46.59022521972656 703.210205078125,0.69
7,277,13,0.97705078125,-0.9992811679840088 -0.03740203380584717 0.006192503031343222 -0.029713688418269157 0.6712445020675659 -0.7406401634216309 0.02354476787149906 -0.7402917742729187 -0.6718732714653015,19.53534507751465 70.3873062133789 673.2959594726562,0.69
7,285,13,0.9736328125,-0.9947794675827026 0.10203708708286285 -0.00151362968608737 0.07387784123420715 0.7098588943481445 -0.700458824634552 -0.07039830088615417 -0.6969138979911804 -0.7136912941932678,-63.2993049621582 61.891746520996094 678.9603881835938,0.69
7,289,13,0.9721813201904297,-0.9914425611495972 0.12651696801185608 0.03217299282550812 0.04839441925287247 0.5850983262062073 -0.8095170259475708 -0.12124200910329819 -0.8010326623916626 -0.5862141251564026,-101.492919921875 22.60264015197754 704.5582885742188,0.69
7,295,13,0.9697265625,-0.9824052453041077 0.18658447265625 0.008139489218592644 0.08775026351213455 0.49961742758750916 -0.8617901802062988 -0.16486330330371857 -0.8459129333496094 -0.5071995854377747,-128.5941619873047 -8.939888000488281 752.2787475585938,0.69
7,306,13,0.9716796875,-0.9940332770347595 0.09968151152133942 0.044288258999586105 0.02233811467885971 0.5834554433822632 -0.811837911605835 -0.10676544904708862 -0.8060046434402466 -0.582200825214386,-93.83231353759766 -66.33037567138672 842.038818359375,0.69
7,314,13,0.9463405609130859,-0.9999558925628662 0.008932293392717838 -0.0028826387133449316 0.007358510512858629 0.5554186105728149 -0.8315383195877075 -0.005826473236083984 -0.8315228223800659 -0.5554599165916443,-16.4410457611084 -82.94051361083984 863.244873046875,0.69
7,328,13,0.9387781620025635,-0.9855791330337524 -0.16913539171218872 0.005184866022318602 -0.10777715593576431 0.6038234829902649 -0.7897982597351074 0.13045209646224976 -0.7789674997329712 -0.6133448481559753,103.31035614013672 -42.51081848144531 796.287109375,0.69
7,342,13,0.97509765625,-0.9936157464981079 -0.10708595812320709 0.035501085221767426 -0.08989928662776947 0.5614292621612549 -0.8226270079612732 0.06816046684980392 -0.8205666542053223 -0.5674719214439392,80.4417495727539 29.655216217041016 698.4445190429688,0.69
7,348,13,0.97900390625,-0.999203622341156 -0.039778415113687515 -0.0031324566807597876 -0.019292032346129417 0.550333559513092 -0.8347219228744507 0.034927815198898315 -0.8339967727661133 -0.5506626963615417,25.605796813964844 45.28509521484375 665.988037109375,0.69
7,354,13,0.97509765625,-0.9980006217956543 0.0590328611433506 -0.02258133329451084 0.05415106192231178 0.6143627166748047 -0.787163257598877 -0.032595373690128326 -0.7868122458457947 -0.6163310408592224,-38.33537292480469 44.71562957763672 669.0739135742188,0.69
7,366,13,0.9697411060333252,-0.9861995577812195 0.1624157577753067 0.03211642801761627 0.03285011649131775 0.3820909559726715 -0.9235406517982483 -0.1622689664363861 -0.9097403287887573 -0.38215333223342896,-123.58863067626953 -12.966989517211914 740.3880004882812,0.69
7,378,13,0.9453649520874023,-0.9942004680633545 0.10591106116771698 0.018662773072719574 0.032378699630498886 0.46027544140815735 -0.8871855139732361 -0.10255277156829834 -0.8814359903335571 -0.4610353112220764,-99.0035400390625 -58.75187683105469 865.7733764648438,0.69
7,385,13,0.8439302444458008,-0.9989852905273438 -0.010051674209535122 0.0439021959900856 -0.044460736215114594 0.37569066882133484 -0.9256779551506042 -0.007189033553004265 -0.9266906380653381 -0.37575632333755493,-32.380184173583984 -69.18214416503906 871.0552978515625,0.69
7,393,13,0.9536356925964355,-0.9960141777992249 -0.07152951508760452 0.05328436568379402 -0.07853148877620697 0.42001333832740784 -0.9041137099266052 0.042290668934583664 -0.9046945571899414 -0.42395660281181335,51.345245361328125 -65.31803894042969 884.2316284179688,0.69
7,399,13,0.593712568283081,-0.982144832611084 -0.1624712198972702 0.09483954310417175 -0.16159258782863617 0.47044095396995544 -0.8675097823143005 0.09632895886898041 -0.8673455715179443 -0.488295316696167,95.21913146972656 -44.737369537353516 807.00634765625,0.69
7,413,13,0.9648606777191162,-0.9911463856697083 -0.12942957878112793 0.029613230377435684 -0.08644554018974304 0.459766149520874 -0.8838225603103638 0.10077761858701706 -0.8785574436187744 -0.46688413619995117,92.28804779052734 5.622109889984131 713.030029296875,0.69
7,428,13,0.9673161506652832,-0.998598575592041 0.05252569541335106 0.006477620452642441 0.016134724020957947 0.41872090101242065 -0.9079716801643372 -0.050404153764247894 -0.9065946936607361 -0.4189815819263458,-52.46202087402344 17.37793731689453 671.1346435546875,0.69
16,8,13,0.97314453125,0.9124858379364014 -0.14188392460346222 0.38371676206588745 -0.40762344002723694 -0.3951529562473297 0.8232237100601196 0.03482460975646973 -0.9075919389724731 -0.4184066951274872,-38.75571823120117 -2.585925579071045 728.77294921875,0.69
16,14,13,0.96435546875,0.9944918751716614 0.058764804154634476 -0.08679145574569702 0.10284315049648285 -0.38724246621131897 0.9162241220474243 0.020232392475008965 -0.9201033115386963 -0.3911529779434204,-28.396087646484375 -16.023807525634766 730.96142578125,0.69
16,20,13,0.97509765625,0.7995370626449585 0.21595989167690277 -0.5604478716850281 0.6006098985671997 -0.2919294834136963 0.7443419694900513 -0.002863273723050952 -0.9317395687103271 -0.3631161153316498,-12.575236320495605 -22.514362335205078 733.6101684570312,0.69
16,31,13,0.96875,-0.0651596188545227 0.07839745283126831 -0.9947904348373413 0.9978513121604919 0.011973622255027294 -0.06441647559404373 0.0068611567839980125 -0.9968502521514893 -0.07900919020175934,16.77028465270996 -13.026814460754395 733.97509765625,0.69
16,48,13,0.96435546875,-0.995400607585907 -0.05958886072039604 -0.07501207292079926 0.0802806168794632 -0.09158981591463089 -0.9925554990768433 0.052274901419878006 -0.9940123558044434 0.09595238417387009,17.041343688964844 29.98745346069336 716.62255859375,0.69
16,61,13,0.96630859375,-0.510248601436615 -0.008989877998828888 0.8599799275398254 -0.8595920205116272 -0.026465443894267082 -0.510295033454895 0.02734724059700966 -0.9996092319488525 0.005776328034698963,-17.275421142578125 39.13432693481445 708.2610473632812,0.69
16,68,13,0.9634137153625488,0.04515751078724861 -0.1858251839876175 0.9815446138381958 -0.9982670545578003 -0.045504238456487656 0.03731203451752663 0.037730924785137177 -0.9815285801887512 -0.18755802512168884,-33.80570983886719 28.69220542907715 719.6672973632812,0.69
16,96,13,0.9775390625,0.4150365889072418 0.3464784324169159 -0.8412474989891052 0.9098047614097595 -0.15808376669883728 0.3837510645389557 -2.6112400519195944e-05 -0.9246417284011841 -0.38083821535110474,0.8334877490997314 -34.8250732421875 745.4990844726562,0.69
16,194,13,0.9658203125,-0.9931448101997375 0.055382777005434036 0.10293690115213394 -0.11685968935489655 -0.4904630184173584 -0.8635912537574768 0.002658660989254713 -0.8697003722190857 0.493572860956192,13.611089706420898 0.9025074243545532 716.5824584960938,0.69
16,200,13,0.9673008918762207,-0.7826688885688782 0.23536550998687744 0.5762225985527039 -0.6223859190940857 -0.2839212715625763 -0.7294000387191772 -0.008073780685663223 -0.9295116066932678 0.36870449781417847,-1.9348474740982056 5.716750144958496 717.1957397460938,0.69
16,208,13,0.9682769775390625,-0.2746547758579254 0.0513533316552639 0.9601706266403198 -0.9610293507575989 0.017973128706216812 -0.2758616805076599 -0.03142368420958519 -0.9985188245773315 0.04441565275192261,-24.261869430541992 2.350107192993164 714.7937622070312,0.69
16,219,13,0.97607421875,0.2961059510707855 -0.479001522064209 0.8263648152351379 -0.9535791277885437 -0.09857084602117538 0.2845533788204193 -0.05484601482748985 -0.8722622394561768 -0.48595330119132996,-39.56290054321289 -31.64079475402832 742.8290405273438,0.69
16,298,13,0.9716796875,0.7790398597717285 -0.5575397610664368 0.2867860496044159 -0.6263765096664429 -0.6721334457397461 0.39482781291007996 -0.027373703196644783 -0.4872226417064667 -0.872848629951477,-34.21649932861328 -54.21327590942383 767.792236328125,0.69
16,470,13,0.0010857433080673218,-0.9621973037719727 -0.06229276955127716 0.26513397693634033 -0.2706085741519928 0.3286837935447693 -0.9048413634300232 -0.03078017197549343 -0.9423834085464478 -0.3331156075000763,32.145565032958984 -42.0086784362793 591.52001953125,0.69
19,6,13,0.9716796875,0.999198853969574 0.03897424042224884 0.009096365422010422 -0.03993339091539383 0.9558119177818298 0.2912542223930359 0.0026569985784590244 -0.29138416051864624 0.9566024541854858,-3.5856122970581055 -103.80723571777344 769.4713745117188,0.69
19,17,13,0.9619677066802979,0.9765406250953674 -0.21453513205051422 0.018522417172789574 0.19595490396022797 0.9210280179977417 0.336614191532135 -0.08927523344755173 -0.32508787512779236 0.9414604902267456,80.5143051147461 -55.396724700927734 749.680908203125,0.69
19,33,13,0.957148551940918,0.9484033584594727 -0.317047655582428 -0.0034426432102918625 0.2999863028526306 0.8937454223632812 0.33350756764411926 -0.10266093909740448 -0.3173324763774872 0.9427411556243896,61.36886215209961 73.27985382080078 709.3128662109375,0.69
19,42,13,0.9673161506652832,0.9934406280517578 0.11012119054794312 -0.03080715984106064 -0.09276727586984634 0.9336620569229126 0.34593263268470764 0.06685799360275269 -0.34080561995506287 0.9377533793449402,-14.477009773254395 98.30664825439453 701.5951538085938,0.69
19,47,13,0.9673309326171875,0.9448902606964111 0.3264842629432678 -0.02430044300854206 -0.30176758766174316 0.897329568862915 0.32208091020584106 0.12695983052253723 -0.2969980239868164 0.9464002847671509,-58.555328369140625 86.00634002685547 703.1563720703125,0.69
19,55,13,0.970717191696167,0.9117869138717651 0.41044148802757263 -0.013507799245417118 -0.3851059675216675 0.866001546382904 0.3189587891101837 0.14261171221733093 -0.2856205403804779 0.9476722478866577,-105.76178741455078 34.805538177490234 712.8778076171875,0.69
19,98,13,0.96337890625,0.9470576643943787 -0.320163369178772 -0.024024924263358116 0.29499325156211853 0.8381804823875427 0.4587290585041046 -0.1267310082912445 -0.4415300786495209 0.8882513046264648,93.28601837158203 9.548149108886719 728.379150390625,0.69
19,109,13,0.96826171875,0.9901942610740662 -0.13731499016284943 -0.025690585374832153 0.13217231631278992 0.8613319396972656 0.49054837226867676 -0.04523152485489845 -0.4891338050365448 0.871035099029541,26.561737060546875 71.74440002441406 689.8749389648438,0.69
19,128,13,0.9687650203704834,0.9682482481002808 0.24943526089191437 -0.01665525697171688 -0.20988349616527557 0.8472952246665955 0.48789307475090027 0.13580967485904694 -0.4689059555530548 0.8727444410324097,-109.85455322265625 6.085938453674316 717.3842163085938,0.69
19,140,13,0.9614443778991699,0.9910681843757629 0.13060656189918518 -0.026942424476146698 -0.10070452839136124 0.8654170632362366 0.4908278286457062 0.08742176741361618 -0.48373058438301086 0.8708398938179016,-82.7904281616211 -84.34078979492188 772.5381469726562,0.69
19,263,13,0.962890625,0.9931970834732056 0.11641938239336014 -0.002456359099596739 -0.07928204536437988 0.6915201544761658 0.7179931998252869 0.0852869376540184 -0.7129140496253967 0.6960458159446716,-60.49594497680664 18.362640380859375 678.6414184570312,0.69
