scene_id,im_id,obj_id,score,R,t,time
8,1,23,0.98046875,0.27312982082366943 -0.03544124960899353 0.961324155330658 -0.9252263307571411 -0.2832575738430023 0.25243088603019714 0.2633558511734009 -0.9583888053894043 -0.11015726625919342,81.42435455322266 43.8159065246582 749.6969604492188,0.69
8,12,23,0.98486328125,0.9707397818565369 -0.02951793558895588 0.2383127510547638 -0.2368500530719757 -0.2812563478946686 0.9299445748329163 0.0395769327878952 -0.9591785669326782 -0.28001803159713745,7.636207103729248 97.61112213134766 739.1729736328125,0.69
8,18,23,0.98486328125,0.9599567651748657 0.01781182922422886 -0.2795813977718353 0.26973915100097656 -0.3282766044139862 0.9052487015724182 -0.07565589994192123 -0.9444136619567871 -0.3199358880519867,-43.730735778808594 92.88545227050781 743.8026733398438,0.69
8,25,23,0.98388671875,-0.6142379641532898 -0.11887756735086441 0.7801153063774109 -0.7389938235282898 -0.2600713074207306 -0.621491014957428 0.27676692605018616 -0.9582437872886658 0.07189588248729706,-91.3379898071289 57.287261962890625 749.4947509765625,0.69
8,34,23,0.97607421875,0.06894650310277939 0.061080202460289 0.9957486987113953 -0.9505055546760559 -0.299092173576355 0.08416043967008591 0.30296123027801514 -0.9522672295570374 0.037435710430145264,-105.8672866821289 -16.132299423217773 771.770751953125,0.69
8,52,23,0.97314453125,0.9949774742126465 -0.00658546295017004 -0.09988230466842651 0.09736976027488708 -0.16775134205818176 0.9810090065002441 -0.02321578934788704 -0.9858073592185974 -0.16626757383346558,10.565939903259277 -89.99278259277344 794.5081176757812,0.69
8,58,23,0.986328125,0.8191605806350708 -0.00791261252015829 -0.5735097527503967 0.5621484518051147 -0.18742679059505463 0.8055186867713928 -0.11386485397815704 -0.9822466969490051 -0.14908455312252045,57.191375732421875 -69.1548080444336 791.1910400390625,0.69
8,68,23,0.97314453125,0.05704805254936218 0.013522723689675331 -0.998279869556427 0.9718889594078064 -0.2295272797346115 0.052430737763643265 -0.22842343151569366 -0.9732083082199097 -0.026236671954393387,91.13603973388672 4.98504114151001 758.8143310546875,0.69
8,84,23,0.9873046875,0.9529035687446594 -0.003654317930340767 0.3032512664794922 -0.26725947856903076 -0.4827353060245514 0.8339897394180298 0.14334245026111603 -0.8757585883140564 -0.46097689867019653,12.321812629699707 78.46345520019531 732.95654296875,0.69
8,100,23,0.9814453125,-0.5173686742782593 -0.21028664708137512 0.8295234441757202 -0.7002595663070679 -0.453153520822525 -0.5516233444213867 0.4919005036354065 -0.8662744164466858 0.08719217032194138,-101.78919219970703 23.930652618408203 756.65576171875,0.69
8,127,23,0.97998046875,0.9682155251502991 0.031046543270349503 -0.24818289279937744 0.23983515799045563 -0.3968222141265869 0.886008620262146 -0.07097697257995605 -0.9173703193664551 -0.39165550470352173,31.4975528717041 -92.07947540283203 817.0277709960938,0.69
8,136,23,0.9833984375,0.4501611888408661 0.030789466574788094 -0.8924164175987244 0.8016551733016968 -0.45415186882019043 0.38870969414711 -0.3933243751525879 -0.8903922438621521 -0.2291240245103836,85.02933502197266 -42.23737335205078 787.5822143554688,0.69
8,144,23,0.978515625,0.20135559141635895 0.0031995554454624653 0.9795130491256714 -0.7620542645454407 -0.6277629733085632 0.15870383381843567 0.6154096722602844 -0.7783979773521423 -0.12396535277366638,87.57195281982422 6.522159099578857 755.8956909179688,0.69
8,155,23,0.9892578125,0.9226962327957153 0.041603412479162216 0.38327622413635254 -0.28281423449516296 -0.6025944352149963 0.7462546825408936 0.26200684905052185 -0.7969624400138855 -0.5442456603050232,20.78243064880371 55.778499603271484 714.370361328125,0.69
8,165,23,0.98828125,0.8833696842193604 -0.022299084812402725 -0.46814611554145813 0.3608148992061615 -0.6051349639892578 0.7096650004386902 -0.29911643266677856 -0.7958106398582458 -0.5265119671821594,-62.791072845458984 45.769081115722656 727.7835083007812,0.69
8,172,23,0.9853515625,0.43573644757270813 0.028452323749661446 -0.8996244668960571 0.6920961141586304 -0.6496022343635559 0.31467440724372864 -0.5754448175430298 -0.7597417235374451 -0.30274710059165955,-101.04576873779297 9.551294326782227 753.2616577148438,0.69
8,178,23,0.9780378341674805,0.05054151266813278 0.11172167211771011 0.992453396320343 -0.7954677939414978 -0.5963588953018188 0.10764270275831223 0.6038845181465149 -0.7949051260948181 0.0587301179766655,-106.12837982177734 -31.932514190673825 785.5927124023438,0.69
8,194,23,0.974609375,0.9956186413764954 -6.249555008253083e-05 0.09350697696208954 -0.07662113755941391 -0.5737442374229431 0.815442681312561 0.05359812453389168 -0.8190345764160156 -0.5712352395057678,-10.190948486328125 -99.93291473388672 842.0589599609375,0.69
8,207,23,0.98486328125,0.5476045608520508 0.044811148196458817 -0.835536539554596 0.6962685585021973 -0.5781983137130737 0.42531970143318176 -0.4640466868877411 -0.8146647810935974 -0.3478246033191681,82.8843765258789 -55.420623779296875 806.74658203125,0.69
8,216,23,0.9741334915161133,0.1718200445175171 0.0018948137294501066 0.9851265549659729 -0.6424930095672607 -0.757836639881134 0.11351755261421204 0.7467800378799438 -0.6524415016174316 -0.1289941370487213,89.2988052368164 -9.677434921264648 759.992431640625,0.69
8,228,23,0.98779296875,0.9284405708312988 0.04282069951295853 0.3690047860145569 -0.21972882747650146 -0.7376319766044617 0.6384499669075012 0.2995285987854004 -0.6738438606262207 -0.6754384636878967,17.440994262695312 36.618038177490234 709.9278564453125,0.69
8,238,23,0.9892578125,0.8754495978355408 -0.04543021321296692 -0.48116955161094666 0.30705761909484863 -0.7165460586547852 0.626320481300354 -0.37323400378227234 -0.6960587501525879 -0.6133502721786499,-64.77041625976562 24.90251922607422 721.9956665039062,0.69
8,263,23,0.9648771286010742,0.9068223834037781 0.043262235820293427 0.4192869961261749 -0.2419220209121704 -0.7611570358276367 0.6017587184906006 0.3451767563819885 -0.6471230387687683 -0.6797681450843811,-41.134185791015625 -92.329345703125 848.9873046875,0.69
8,280,23,0.982421875,0.503643810749054 0.08043558895587921 -0.8601586818695068 0.6193379163742065 -0.7277649641036987 0.2945822775363922 -0.6022984981536865 -0.6810933947563171 -0.4163511395454407,84.17849731445312 -55.86257553100586 811.02783203125,0.69
8,288,23,0.9765625,0.2252572923898697 -0.04802320897579193 0.9731151461601257 -0.49177467823028564 -0.8678221702575684 0.0710093304514885 0.8410806655883789 -0.4945487380027771 -0.21909989416599274,88.50476837158203 -19.85197639465332 756.6604614257812,0.69
8,303,23,0.98486328125,0.9994016289710999 0.023289907723665237 0.02557479776442051 0.005421556066721678 -0.8356932401657104 0.5491697788238525 0.03416280075907707 -0.5487025380134583 -0.8353193402290344,-11.586336135864258 15.771920204162598 693.2598876953125,0.69
8,309,23,0.98095703125,0.91119384765625 -0.0015519601292908192 -0.41197487711906433 0.22793357074260712 -0.8310992121696472 0.5072675347328186 -0.34317928552627563 -0.5561219453811646 -0.7569387555122375,-60.91603088378906 6.692671775817871 718.8204345703125,0.69
8,319,23,0.97216796875,-0.1647239625453949 0.04667937755584717 0.9852344989776611 -0.38102102279663086 -0.9243518710136414 -0.019909091293811798 0.9097740650177002 -0.37867456674575806 0.1700487583875656,-104.77999877929688 -33.45121383666992 767.8966064453125,0.69
8,345,23,0.97119140625,0.9321780800819397 0.07968135923147202 -0.3531216084957123 0.2587911784648895 -0.8287705779075623 0.4961516857147217 -0.25312280654907227 -0.5538864731788635 -0.7931825518608093,48.40876388549805 -82.49948120117188 867.6220092773438,0.69
8,360,23,0.97216796875,0.23556941747665405 -0.1594061255455017 0.9586952924728394 -0.3110983371734619 -0.9469192028045654 -0.08100536465644836 0.9207198023796082 -0.2791661024093628 -0.2726561427116394,88.79013061523438 -31.417842864990234 759.27197265625,0.69
8,375,23,0.9799900054931641,0.9984235763549805 0.03824196755886078 0.04108494147658348 0.01912156492471695 -0.9199375510215759 0.3915984034538269 0.052771080285310745 -0.39019545912742615 -0.9192185401916504,-6.216765880584717 -6.436208248138428 689.8413696289062,0.69
8,381,23,0.96875,0.9322572946548462 0.025542957708239555 -0.360893189907074 0.15960726141929626 -0.924228310585022 0.3468824326992035 -0.32468730211257935 -0.3809848725795746 -0.8656954765319824,-55.85139846801758 -12.248432159423828 715.48388671875,0.69
8,425,23,0.951195478439331,0.3355671763420105 0.0055378880351781845 -0.9420000910758972 0.3294410705566406 -0.9375284314155579 0.11184466630220413 -0.8825323581695557 -0.34786492586135864 -0.31642812490463257,87.3321533203125 -54.984832763671875 811.2529907226562,0.69
10,5,23,0.98681640625,-0.6935834884643555 -0.7190060019493103 -0.04441235214471817 -0.6855967044830322 0.677766740322113 -0.26568686962127686 0.22113163769245148 -0.15382705628871918 -0.9630358815193176,41.69049072265625 28.982879638671875 773.7939453125,0.69
10,13,23,0.98291015625,-0.039282239973545074 -0.9992276430130005 0.0010020764311775565 -0.9501217603683472 0.037041205912828445 -0.3096718490123749 0.30939558148384094 -0.013116699643433094 -0.9508429765701294,25.04680633544922 57.722450256347656 766.07275390625,0.69
10,29,23,0.98486328125,0.9656588435173035 -0.2550904452800751 -0.0493134930729866 -0.25248295068740845 -0.876587986946106 -0.4096902012825012 0.06128042936325073 0.4080717861652374 -0.9108909368515015,-40.862892150878906 55.73358917236328 757.9287719726562,0.69
10,35,23,0.9770617485046387,0.9637764692306519 0.2646881341934204 0.03279069811105728 0.2562328577041626 -0.8847640752792358 -0.3892780840396881 -0.07402525842189789 0.3835791349411011 -0.9205365180969238,-55.4707145690918 34.70001983642578 767.4740600585938,0.69
10,45,23,0.98486328125,0.39220598340034485 0.9198509454727173 0.006981764920055866 0.8505353331565857 -0.35973936319351196 -0.38363686203956604 -0.3503771424293518 0.15640290081501007 -0.9234576225280762,-49.19785690307617 -5.9776291847229 768.42431640625,0.69
10,54,23,0.98583984375,-0.34568485617637634 0.9348068833351135 0.0814746767282486 0.8844906687736511 0.3536059260368347 -0.3043667674064636 -0.31333407759666443 -0.033151399344205856 -0.9490641951560974,-18.629743576049805 -27.31808853149414 785.8338623046875,0.69
10,60,23,0.98876953125,-0.7829028367996216 0.6220157742500305 0.012630094774067402 0.5993415713310242 0.7594987154006958 -0.2528860569000244 -0.1668916493654251 -0.19041545689105988 -0.967413604259491,7.326751708984375 -26.517990112304688 782.4008178710938,0.69
10,65,23,0.98486328125,-0.9805108308792114 0.1963978111743927 0.005143486429005861 0.18684357404708862 0.9402647614479065 -0.284590482711792 -0.06072918698191643 -0.27808302640914917 -0.9586353898048401,26.353286743164062 -17.36380386352539 788.2808837890625,0.69
10,71,23,0.98291015625,-0.9649403095245361 -0.2624383568763733 0.004038913641124964 -0.25548475980758667 0.9356244206428528 -0.24358655512332916 0.060147542506456375 -0.23607835173606873 -0.9698708057403564,40.24271011352539 4.1634440422058105 778.3057861328125,0.69
10,80,23,0.98681640625,-0.5078796148300171 -0.8601757287979126 -0.04643154516816139 -0.7763123512268066 0.4803934395313263 -0.40811920166015625 0.37335970997810364 -0.1712300330400467 -0.9117470979690552,39.360599517822266 28.174907684326172 767.3018798828125,0.69
10,103,23,0.98388671875,0.9913719296455383 -0.09597673267126083 -0.0892755463719368 -0.13005368411540985 -0.8052247166633606 -0.5785319805145264 -0.01636127009987831 0.5851510167121887 -0.8107593655586243,-45.20877456665039 38.90992736816406 755.9099731445312,0.69
10,129,23,0.98681640625,-0.5267916917800903 0.8497291207313538 0.02123226225376129 0.7599588632583618 0.48203301429748535 -0.43601223826408386 -0.38072702288627625 -0.21355198323726654 -0.8996902108192444,-7.93573522567749 -35.70411682128906 797.5679931640625,0.69
10,136,23,0.9853515625,-0.9289138913154602 0.3668067753314972 0.050712037831544876 0.29875919222831726 0.8233088850975037 -0.48260265588760376 -0.21877363324165344 -0.433145672082901 -0.8743699789047241,20.80891990661621 -28.040082931518555 788.914306640625,0.69
10,145,23,0.984375,-0.8939585089683533 -0.4480818808078766 -0.0077918171882629395 -0.3386050760746002 0.6867291331291199 -0.6432337760925293 0.29357224702835083 -0.5723859667778015 -0.7656302452087402,43.424766540527344 -6.27992057800293 782.0242919921875,0.69
10,168,23,0.9873046875,0.7507686614990234 -0.6590278148651123 -0.045041754841804504 -0.5255228877067566 -0.5545834302902222 -0.6451843976974487 0.4002150297164917 0.5080547332763672 -0.7626980543136597,-21.529224395751953 37.099239349365234 745.0664672851562,0.69
10,176,23,0.9760856628417969,0.9998335838317871 0.013859258033335209 -0.011861403472721577 0.001005696365609765 -0.6911128759384155 -0.7227460145950317 -0.01821429468691349 0.7226138114929199 -0.6910118460655212,-49.275489807128906 22.180782318115234 758.043212890625,0.69
10,185,23,0.978515625,0.6737411618232727 0.7383923530578613 0.02914988249540329 0.5871337652206421 -0.5109398365020752 -0.6278650164604187 -0.4487168788909912 0.4401334226131439 -0.7777761816978455,-55.74728775024414 -9.771541595458984 777.5988159179688,0.69
10,196,23,0.98095703125,-0.1799129694700241 0.9833934903144836 0.023847006261348724 0.7649411559104919 0.15510648488998413 -0.6251455545425415 -0.618462860584259 -0.09423024207353592 -0.7801438570022583,-26.814302444458008 -38.175193786621094 808.2067260742188,0.69
10,208,23,0.982421875,-0.9576809406280518 0.2876892387866974 -0.009059327654540539 0.22401338815689087 0.7252099514007568 -0.6510670781135559 -0.18073511123657227 -0.6255439519882202 -0.7589660286903381,22.783939361572266 -33.325618743896484 800.2199096679688,0.69
10,212,23,0.9775390625,-0.9990151524543762 -0.039825890213251114 -0.019558176398277283 -0.01866420917212963 0.7771185040473938 -0.6290774941444397 0.04025259241461754 -0.628092885017395 -0.7770965099334717,35.02279281616211 -22.747350692749023 794.8505859375,0.69
10,217,23,0.98583984375,-0.9269925355911255 -0.37502071261405945 0.006665090098977089 -0.23436492681503296 0.565256655216217 -0.7909222841262817 0.2928447425365448 -0.7347410917282104 -0.611880362033844,42.14613723754883 -15.23711109161377 775.8866577148438,0.69
10,230,23,0.9833984375,-0.026223987340927124 -0.9969417452812195 -0.07361728698015213 -0.6798422932624817 0.07177633047103882 -0.7298373579978943 0.7328892350196838 0.030908899381756783 -0.6796454787254333,23.417295455932617 17.84804916381836 744.570556640625,0.69
10,244,23,0.98193359375,0.9182133674621582 -0.39416834712028503 -0.03893055394291878 -0.2633625268936157 -0.5341615080833435 -0.8033128976821899 0.2958453297615051 0.7478654980659485 -0.5942833423614502,-34.42497634887695 18.260251998901367 751.7591552734375,0.69
10,252,23,0.9692530632019043,0.9721108675003052 0.2308901846408844 0.041113145649433136 0.156365767121315 -0.50745689868927 -0.8473708629608154 -0.17478644847869873 0.8301671147346497 -0.5294076204299927,-56.8723258972168 0.06769560277462006 776.7152709960938,0.69
10,269,23,0.97314453125,-0.2059732973575592 0.975161612033844 0.08145339041948318 0.65027916431427 0.19860093295574188 -0.7332766056060791 -0.7312399744987488 -0.09806794673204422 -0.6750338673591614,-24.090776443481445 -42.25389099121094 809.460693359375,0.69
10,280,23,0.98095703125,-0.9422814846038818 0.3344465494155884 -0.015846749767661095 0.2241647094488144 0.5949984788894653 -0.7718334794044495 -0.24870827794075012 -0.7308366894721985 -0.6356271505355835,21.187332153320312 -38.501914978027344 813.6607666015625,0.69
10,287,23,0.978515625,-0.9805684685707092 -0.19611738622188568 -0.004833566956222057 -0.11601174622774124 0.5995646119117737 -0.7918734550476074 0.15819817781448364 -0.7759254574775696 -0.6106660962104797,40.048728942871094 -21.231367111206055 787.4434204101562,0.69
10,310,23,0.9814453125,0.6077878475189209 -0.7783787250518799 -0.15722744166851044 -0.464900940656662 -0.188264861702919 -0.865114688873291 0.6437864899635315 0.5989013910293579 -0.4762941300868988,-8.379365921020508 7.8630995750427255 747.556640625,0.69
10,315,23,0.97802734375,0.8594452738761902 -0.49692562222480774 -0.12007838487625122 -0.3000810742378235 -0.30020391941070557 -0.9054440855979919 0.41389036178588867 0.8142128586769104 -0.407126784324646,-30.69354820251465 5.371233940124512 745.22119140625,0.69
10,342,23,0.96630859375,-0.2892516255378723 0.9535623788833618 0.08397898823022842 0.5592217445373535 0.2395297735929489 -0.7936602830886841 -0.776919960975647 -0.18260464072227478 -0.6025370955467224,-19.692317962646484 -45.00592803955078 826.9124145507812,0.69
10,346,23,0.982421875,-0.6164443492889404 0.7828171253204346 0.08481601625680923 0.4337675869464874 0.42751356959342957 -0.7931442856788635 -0.6571469306945801 -0.45213884115219116 -0.6030990481376648,-3.6553268432617188 -45.28952407836914 826.2885131835938,0.69
10,355,23,0.97216796875,-0.9982463717460632 0.05899861454963684 0.00482761999592185 0.02501489780843258 0.4943467974662781 -0.8689047694206238 -0.053650692105293274 -0.8672602772712708 -0.49495574831962585,31.240659713745117 -37.1012077331543 815.622802734375,0.69
10,366,23,0.97607421875,-0.6861622929573059 -0.726950466632843 0.026916196569800377 -0.2869400680065155 0.23646873235702515 -0.9283038377761841 0.6684659719467163 -0.6446903944015503 -0.37084710597991943,45.09144592285156 -20.213830947875977 782.4884643554688,0.69
10,395,23,0.9360661506652832,0.9963027834892273 0.08349762111902237 0.02022218331694603 0.04137877747416496 -0.26009777188301086 -0.9646952748298645 -0.0752900168299675 0.9619653224945068 -0.262591153383255,-50.89668273925781 -17.14236068725586 768.3099975585938,0.69
10,431,23,0.9443359375,-0.9816750288009644 -0.190413236618042 -0.007542961742728949 -0.07522840052843094 0.42359980940818787 -0.9027201533317566 0.17508511245250702 -0.8856104016304016 -0.43016186356544495,40.61806869506836 -32.14183807373047 816.8165893554688,0.69
10,496,23,0.8937478065490723,-0.8119730949401855 0.5662906765937805 -0.14147254824638367 0.32344770431518555 0.2347712367773056 -0.9166591763496399 -0.48588183522224426 -0.7900615334510803 -0.3737933933734894,13.111146926879883 -44.11968994140625 847.5642700195312,0.69
13,25,23,0.9688680171966553,-0.9045292139053345 -0.42531898617744446 -0.030506936833262444 -0.42493823170661926 0.905036211013794 -0.018357332795858383 0.03541760519146919 -0.0036411802284419537 -0.9993659853935242,-25.36336898803711 21.781396865844727 737.2861328125,0.69
13,32,23,0.98291015625,-0.5080270171165466 -0.8436165452003479 -0.17383818328380585 -0.8213024139404297 0.5352615118026733 -0.19737663865089417 0.2595590651035309 0.042501047253608704 -0.9647915363311768,-32.20149230957031 16.881681442260742 727.3048706054688,0.69
13,40,23,0.97802734375,0.1707761585712433 -0.935554563999176 -0.30914899706840515 -0.9297153949737549 -0.04910096153616905 -0.3649909794330597 0.32628947496414185 0.3497523367404938 -0.8781847953796387,-35.10423278808594 8.815345764160156 729.7963256835938,0.69
13,55,23,0.97509765625,0.9940460920333862 -0.09905342012643814 -0.045396588742733 -0.1068233996629715 -0.8038216233253479 -0.5852004289627075 0.021475348621606827 0.5865656137466431 -0.8096169233322144,-26.49238395690918 -4.0301995277404785 735.8400268554688,0.69
13,60,23,0.98046875,0.9514543414115906 0.29946190118789673 0.07111474871635437 0.28785958886146545 -0.783976137638092 -0.5500166416168213 -0.10895677655935287 0.5437868237495422 -0.832120418548584,-19.863609313964844 -5.171629905700684 739.1634521484375,0.69
13,69,23,0.97998046875,0.41337850689888 0.8737473487854004 0.25628867745399475 0.8649640679359436 -0.28885382413864136 -0.41036659479141235 -0.2845267355442047 0.3913172483444214 -0.8751658797264099,-10.996129989624023 -0.5823256373405457 735.529296875,0.69
13,84,23,0.98095703125,-0.7981895208358765 0.5906604528427124 0.11837879568338394 0.5350189208984375 0.7853908538818359 -0.31131303310394287 -0.2768539488315582 -0.18515190482139587 -0.9429054260253906,-10.038240432739258 -1.1805750131607056 739.757568359375,0.69
13,91,23,0.9736576080322266,-0.999169111251831 0.02407793700695038 0.032884784042835236 0.013945993967354298 0.9601160287857056 -0.2792540192604065 -0.03829706460237503 -0.27856338024139404 -0.9596540331840515,-18.41058349609375 1.989636778831482 732.6851196289062,0.69
13,112,23,0.97705078125,0.2117680162191391 -0.92906254529953 -0.3033100962638855 -0.8657693266868591 -0.03434720262885094 -0.499263197183609 0.45342886447906494 0.36832454800605774 -0.8116275668144226,-34.2882194519043 -9.010820388793945 728.4375610351562,0.69
13,124,23,0.978515625,0.950311005115509 -0.27500420808792114 -0.14588236808776855 -0.29741302132606506 -0.6636346578598022 -0.6863923668861389 0.09194819629192352 0.6956735849380493 -0.7124491333961487,-27.36396026611328 -18.0948429107666 730.1827392578125,0.69
13,144,23,0.960956335067749,0.1970813125371933 0.7700563669204712 0.6067718267440796 0.7902055978775024 0.24156032502651215 -0.5632261633872986 -0.5802879929542542 0.5904759168624878 -0.5608958005905151,-14.300874710083008 -30.117515563964844 768.0651245117188,0.69
13,163,23,0.97265625,-0.9967721104621887 0.06082815304398537 0.05239639803767204 0.025871755555272102 0.861198902130127 -0.5076091885566711 -0.0760006532073021 -0.5046151280403137 -0.8599926829338074,-17.319534301757812 -16.168289184570312 741.6870727539062,0.69
13,172,23,0.98193359375,-0.7889244556427002 -0.6099872589111328 -0.07425438612699509 -0.5189000368118286 0.7260450124740601 -0.4512222111225128 0.32915180921554565 -0.3174496293067932 -0.8893170952796936,-27.233482360839844 -16.831941604614258 741.2117309570312,0.69
13,186,23,0.97998046875,0.30811312794685364 -0.9039658308029175 -0.29649993777275085 -0.7807911038398743 -0.062216874212026596 -0.6216866970062256 0.5435361862182617 0.4230543375015259 -0.7249782681465149,-34.284236907958984 -28.326282501220703 745.9502563476562,0.69
13,194,23,0.984375,0.7914952039718628 -0.5555237531661987 -0.25481128692626953 -0.48320472240448 -0.3135022819042206 -0.8174530863761902 0.37423065304756165 0.7701361775398254 -0.5165672302246094,-30.043474197387695 -33.05367660522461 750.7764282226562,0.69
13,213,23,0.96685791015625,0.4192466139793396 0.8528542518615723 0.31124255061149597 0.7471528649330139 -0.1293649524450302 -0.651941180229187 -0.5157469511032104 0.5058699250221252 -0.6914483308792114,-10.732022285461426 -33.011505126953125 745.955078125,0.69
13,221,23,0.974609375,-0.18534909188747406 0.9071575403213501 0.37777093052864075 0.629546046257019 0.4047989547252655 -0.6631814241409302 -0.7545313239097595 0.11490413546562195 -0.6461265683174133,-6.180655002593994 -41.511226654052734 746.025390625,0.69
13,238,23,0.9732146263122559,-0.9960572719573975 -0.059062130749225616 0.06619483232498169 -0.08775638043880463 0.7652954459190369 -0.6376691460609436 -0.012996504083275795 -0.6409640312194824 -0.7674610018730164,-20.43402099609375 -31.028644561767578 742.0803833007812,0.69
13,244,23,0.9838943481445312,-0.8011648654937744 -0.5932579636573792 -0.0786120742559433 -0.3918726444244385 0.6193531155586243 -0.6803217530250549 0.45229488611221313 -0.5142439603805542 -0.7286854982376099,-25.634525299072266 -32.430416107177734 737.83642578125,0.69
13,258,23,0.96484375,0.2745138704776764 -0.9212377667427063 -0.27561378479003906 -0.7311147451400757 -0.013786708004772663 -0.6821151375770569 0.6245903968811035 0.38875535130500793 -0.6773152947425842,-33.64471435546875 -42.37835693359375 751.0847778320312,0.69
13,272,23,0.9677889347076416,0.9757536053657532 -0.20631547272205353 -0.07306714355945587 -0.1063808798789978 -0.15529915690422058 -0.9821228384971619 0.19127987325191498 0.9660829305648804 -0.17348173260688782,-26.52901840209961 -44.63642120361328 763.868896484375,0.69
13,392,23,0.9677734375,-0.5742089152336121 -0.8048163056373596 -0.15018326044082642 -0.3077271580696106 0.3821529746055603 -0.8713570833206177 0.7586753368377686 -0.4541255533695221 -0.4670993983745575,-29.00880241394043 -60.92140579223633 770.5696411132812,0.69
14,7,23,0.97998046875,-0.9330784678459167 -0.33971157670021057 0.11815489083528519 -0.32726335525512695 0.9381619095802307 0.1129201129078865 -0.1492086946964264 0.06669555604457855 -0.9865537881851196,8.605900764465332 -49.79656982421875 755.2513427734375,0.69
14,7,23,0.97607421875,0.9097926616668701 0.41505253314971924 -0.002963941777125001 0.38558429479599 -0.8477985262870789 -0.36409133672714233 -0.1536298543214798 0.3301047682762146 -0.9313585758209229,53.490440368652344 23.19757652282715 736.3705444335938,0.69
14,12,23,0.98486328125,0.6172256469726562 0.7865888476371765 0.017623208463191986 0.7470115423202515 -0.5788441896438599 -0.32697594165802 -0.2469945251941681 0.21498267352581024 -0.9448683261871338,42.25232696533203 44.91221618652344 726.0611572265625,0.69
14,12,23,0.97607421875,-0.732735276222229 -0.6789425015449524 -0.04621671512722969 -0.680266261100769 0.7326089143753052 0.022842206060886383 0.018350237980484962 0.04817696660757065 -0.9986701607704163,30.336341857910156 -37.348297119140625 745.5875854492188,0.69
14,20,23,0.978515625,-0.1038304790854454 -0.9693455696105957 -0.22268430888652802 -0.9851349592208862 0.13103877007961273 -0.11107569187879562 0.1368509978055954 0.20784105360507965 -0.9685421586036682,52.27113342285156 -2.8027920722961426 736.4161376953125,0.69
14,20,23,0.9736328125,-0.014486419968307018 0.9954121708869934 0.0945756807923317 0.964320957660675 0.03891368955373764 -0.261860191822052 -0.2643391191959381 0.08740789443254471 -0.9604606032371521,4.900728702545166 67.53831481933594 720.416259765625,0.69
14,28,23,0.98193359375,0.5046462416648865 -0.8362181782722473 -0.21464237570762634 -0.8495512008666992 -0.43676573038101196 -0.2958012521266937 0.15360590815544128 0.33162468671798706 -0.9308224320411682,44.656246185302734 34.84355163574219 725.4535522460938,0.69
14,28,23,0.97412109375,-0.6444359421730042 0.7624908089637756 0.057532936334609985 0.7005976438522339 0.6189199090003967 -0.35510730743408203 -0.30637431144714355 -0.18853648006916046 -0.9330535531044006,-36.41510772705078 61.11948776245117 717.0270385742188,0.69
14,34,23,0.98388671875,0.8828078508377075 -0.3742625117301941 -0.28386247158050537 -0.4547123312950134 -0.8324894309043884 -0.3165406584739685 -0.11784321814775467 0.408520370721817 -0.9051100015640259,22.730012893676758 56.144317626953125 714.0205078125,0.69
14,34,23,0.9741454124450684,-0.9580402374267578 0.27729931473731995 0.07255345582962036 0.24910230934619904 0.9307025671005249 -0.2678450047969818 -0.14179888367652893 -0.23853304982185364 -0.9607264399528503,-60.61204147338867 39.701316833496094 729.1755981445312,0.69
14,40,23,0.9809746742248535,0.9823043346405029 0.10733090341091156 -0.15348713099956512 0.010352585464715958 -0.8493709564208984 -0.527694821357727 -0.18700547516345978 0.5167679190635681 -0.8354519009590149,-7.922813415527345 64.05021667480469 709.65478515625,0.69
14,40,23,0.9731574058532715,-0.9811944365501404 -0.189975768327713 0.03415771201252937 -0.1926005780696869 0.9519103765487671 -0.2382681667804718 0.012750105932354927 -0.24036619067192078 -0.9705985188484192,-69.57063293457031 9.87352180480957 735.2271728515625,0.69
14,54,23,0.98291015625,0.2735462188720703 0.9362804889678955 0.22034436464309692 0.8487793803215027 -0.1272006332874298 -0.5132189989089966 -0.4524889588356018 0.327412873506546 -0.829490602016449,-63.381782531738274 26.088233947753906 724.1419067382812,0.69
14,54,23,0.9765844345092773,-0.11597761511802673 -0.9929072856903076 -0.026158109307289124 -0.9572321772575378 0.11876094341278076 -0.2638222575187683 0.26505759358406067 -0.005558094009757042 -0.9642165303230286,-29.341548919677734 -46.47943878173828 745.21484375,0.69
14,65,23,0.982421875,0.7153991460800171 -0.6982702016830444 -0.024956906214356422 -0.6634359359741211 -0.6676368713378906 -0.33780741691589355 0.2192186713218689 0.2582244277000427 -0.9408844113349915,27.098962783813477 -41.31266784667969 751.92431640625,0.69
14,65,23,0.97802734375,-0.5746496915817261 0.7398519515991211 0.34985262155532837 0.6737231612205505 0.6703521013259888 -0.311006635427475 -0.46462327241897583 0.05698396638035774 -0.8836730718612671,-55.64558029174805 -25.955249786376953 736.990966796875,0.69
14,74,23,0.97900390625,0.9993481040000916 -0.028027357533574104 -0.02275603823363781 -0.03590519726276398 -0.8373552560806274 -0.5454786419868469 -0.00376656511798501 0.545940101146698 -0.8378157615661621,53.559303283691406 -19.2760009765625 751.5472412109375,0.69
14,74,23,0.97900390625,-0.963382363319397 0.08279670774936676 0.255027711391449 0.02837277203798294 0.9772685170173645 -0.21009793877601624 -0.2666259706020355 -0.19516877830028534 -0.9438324570655823,-19.803861618041992 -63.36780548095704 761.6014404296875,0.69
14,80,23,0.9795019626617432,0.8790424466133118 0.476606160402298 -0.011440401896834373 0.40945467352867126 -0.767046332359314 -0.49395015835762024 -0.24419501423835754 0.42951884865760803 -0.8694149851799011,54.11604690551758 8.68453598022461 734.2554321289062,0.69
14,80,23,0.9794921875,-0.9202682375907898 -0.364351749420166 0.14266790449619293 -0.38233697414398193 0.9148558974266052 -0.1298348307609558 -0.08321503549814224 -0.17403008043766022 -0.9812180399894714,11.495378494262695 -61.56611633300781 765.9730834960938,0.69
14,96,23,0.98046875,0.17127808928489685 -0.9374610185623169 -0.30303558707237244 -0.9512895941734314 -0.07733284682035446 -0.29844197630882263 0.25634312629699707 0.33939117193222046 -0.9050424098968506,53.82623291015625 -3.2780308723449707 740.0578002929688,0.69
14,96,23,0.97900390625,-0.32650554180145264 0.94210284948349 0.07639627903699875 0.8152505159378052 0.32159605622291565 -0.4816041886806488 -0.4782894253730774 -0.09496433287858963 -0.8730526566505432,-13.435646057128906 48.19223403930664 709.1189575195312,0.69
14,114,23,0.9751319885253906,-0.941257119178772 -0.33653903007507324 -0.027866091579198837 -0.2867395877838135 0.8401004076004028 -0.4604474604129791 0.17836883664131165 -0.42540913820266724 -0.8872495293617249,-67.95008087158203 -13.398204803466797 740.7422485351562,0.69
14,114,23,0.9746215343475342,0.9677703976631165 0.22394219040870667 -0.11519686877727509 0.06997878104448318 -0.6785527467727661 -0.7312107682228088 -0.24191609025001526 0.6995828151702881 -0.6723544597625732,-15.070984840393066 42.88558578491211 707.204345703125,0.69
14,147,23,0.98388671875,-0.9745738506317139 -0.017499616369605064 0.22338195145130157 -0.1027451902627945 0.9208572506904602 -0.3761187195777893 -0.19912095367908478 -0.38950690627098083 -0.8992415070533752,-12.200620651245117 -75.21896362304688 782.8713989257812,0.69
14,147,23,0.98193359375,0.9930279850959778 0.11069443821907043 -0.04052506014704704 0.04826779291033745 -0.6954723000526428 -0.7169300317764282 -0.10754421353340149 0.70997554063797 -0.6959663033485413,55.42758560180664 -26.452939987182617 751.3971557617188,0.69
14,157,23,0.9858465194702148,0.5164680480957031 0.8556270599365234 0.03410499542951584 0.6764915585517883 -0.3832734525203705 -0.6288566589355469 -0.5249952077865601 0.3478561341762543 -0.7767729163169861,38.855079650878906 11.198304176330566 719.4557495117188,0.69
14,157,23,0.98193359375,-0.6296624541282654 -0.7706726789474487 -0.0979224443435669 -0.7039149403572083 0.6193101406097412 -0.34779125452041626 0.32867759466171265 -0.15006203949451447 -0.9324443340301514,35.33017349243164 -59.96982192993164 765.587890625,0.69
14,166,23,0.97900390625,-0.2069355845451355 0.9782999753952026 0.010334699414670467 0.7542732357978821 0.16625799238681793 -0.6351615190505981 -0.6230967044830322 -0.12364233285188675 -0.7723102569580078,-4.449224472045898 25.643810272216797 701.088134765625,0.69
14,166,23,0.9760966300964355,0.06713978201150894 -0.9636300802230835 -0.2586680054664612 -0.9168055653572083 0.04270155727863312 -0.39704421162605286 0.39364928007125854 0.2638057470321655 -0.8805944919586182,54.456417083740234 -25.60686683654785 746.7269897460938,0.69
14,173,23,0.9873046875,-0.7350471019744873 0.677940309047699 -0.010134800337255001 0.5443205237388611 0.5811276435852051 -0.6049841642379761 -0.4042535126209259 -0.4502084255218506 -0.7961729764938354,-40.710018157958984 17.864337921142578 704.1400756835938,0.69
14,173,23,0.986328125,0.5464990735054016 -0.7652337551116943 -0.3402296006679535 -0.7465054392814636 -0.2610000967979431 -0.6120527386665344 0.37956345081329346 0.5884695053100586 -0.7138874530792236,42.489566802978516 0.6566624045372009 723.6544189453125,0.69
14,181,23,0.98193359375,0.9542927145957947 -0.1352163404226303 -0.2665368914604187 -0.2974396049976349 -0.5169227719306946 -0.8026958107948303 -0.029241405427455902 0.8452853560447693 -0.5335143804550171,9.417488098144531 19.25009536743164 705.6480102539062,0.69
14,181,23,0.978515625,-0.9986886382102966 0.04564647004008293 0.023180801421403885 0.021087750792503357 0.7793784737586975 -0.6261982917785645 -0.04665036499500275 -0.6248883605003357 -0.7793190479278564,-66.95108032226562 -9.320606231689453 737.9645385742188,0.69
14,217,23,0.98095703125,-0.9526368379592896 0.16649256646633148 0.2544865310192108 -0.027786388993263245 0.785669207572937 -0.6180225610733032 -0.30283838510513306 -0.595822274684906 -0.7438310980796814,-20.997798919677734 -80.16680908203125 786.9109497070312,0.69
14,217,23,0.9795019626617432,0.997438371181488 -0.059783756732940674 -0.03927592188119888 -0.06591358780860901 -0.55487459897995 -0.8293188214302063 0.027786578983068466 0.8297831416130066 -0.5573937892913818,53.77694320678711 -45.59693908691406 768.5130004882812,0.69
14,239,23,0.97802734375,0.13475754857063293 -0.9267244935035706 -0.35074496269226074 -0.8532133102416992 0.07146967202425003 -0.516642153263092 0.5038526058197021 0.3688817024230957 -0.781062662601471,54.95100784301758 -36.9499626159668 754.7501831054688,0.69
14,239,23,0.9775390625,-0.2631407380104065 0.9613592028617859 0.08090391755104065 0.6259642243385315 0.23394373059272766 -0.7439348697662354 -0.7341156005859375 -0.14511661231517792 -0.6633366346359253,-9.429092407226562 5.47704553604126 697.9020385742188,0.69
14,249,23,0.98046875,0.8050501942634583 -0.469970703125 -0.3619691729545593 -0.5285218358039856 -0.29117706418037415 -0.7974212169647217 0.2693674862384796 0.8332727551460266 -0.4828019440174103,28.621416091918945 -8.105393409729004 715.889404296875,0.69
14,249,23,0.9775390625,-0.935888946056366 0.3518032431602478 -0.018608728423714638 0.22971215844154358 0.5693414807319641 -0.7893557548522949 -0.2671032249927521 -0.7430239915847778 -0.6136538982391357,-56.21196365356445 -12.093034744262695 723.6049194335938,0.69
14,263,23,0.9770617485046387,0.7565301656723022 0.6514800786972046 0.056883398443460464 0.24613644182682037 -0.20307610929012299 -0.9477220177650452 -0.6058703064918518 0.7309813499450684 -0.31398624181747437,-42.11884689331055 -8.012497901916504 723.030029296875,0.69
14,263,23,0.9716796875,-0.6819510459899902 -0.7301801443099976 -0.04218726232647896 -0.49098706245422363 0.49978315830230713 -0.7135464549064636 0.5421019196510315 -0.4658903479576111 -0.6993366479873657,-56.805545806884766 -59.544742584228516 778.6089477539062,0.69
14,282,23,0.9833984375,0.7634680867195129 -0.6294587254524231 -0.14456219971179962 -0.47876423597335815 -0.40136581659317017 -0.78082674741745 0.4334758222103119 0.6653475165367126 -0.607792317867279,33.647647857666016 -69.56368255615234 796.088623046875,0.69
14,282,23,0.97412109375,-0.6601457595825195 0.6568254232406616 0.3644010126590729 0.3286260664463043 0.6887919306755066 -0.6461971402168274 -0.6754351258277893 -0.30683261156082153 -0.6705529689788818,-52.005252838134766 -68.39188385009766 778.8739624023438,0.69
14,295,23,0.980982780456543,0.9317688941955566 0.35946229100227356 0.050926584750413895 0.1694241464138031 -0.30646347999572754 -0.9366832375526428 -0.32109519839286804 0.8814005851745605 -0.34645476937294006,55.25143051147461 -38.39805603027344 753.2968139648438,0.69
14,295,23,0.9565639495849609,-0.9458960890769958 -0.3070981502532959 0.10474389046430588 -0.2906469702720642 0.6584296822547913 -0.694258451461792 0.14423899352550507 -0.6871398687362671 -0.712063193321228,7.900703907012939 -86.18561553955078 813.6587524414062,0.69
14,317,23,0.98291015625,0.5179863572120667 -0.7430866956710815 -0.4236889183521271 -0.6208470463752747 0.014128859154880047 -0.7838044166564941 0.5884208679199219 0.6690459847450256 -0.4540245831012726,46.11064147949219 -35.60115051269531 736.916259765625,0.69
14,317,23,0.9794921875,-0.7180178165435791 0.6939768195152283 0.053353648632764816 0.3508225083351135 0.42704835534095764 -0.8333985805511475 -0.6011438965797424 -0.579677402973175 -0.5500909686088562,-37.78928756713867 -19.776390075683594 711.3677368164062,0.69
14,357,23,0.97412109375,0.8905021548271179 -0.4166896343231201 -0.18269029259681702 -0.3338789939880371 -0.3257109820842743 -0.8845548033714294 0.309080570936203 0.848694384098053 -0.4291702210903168,43.54052734375 -67.43161010742188 795.6806030273438,0.69
14,357,23,0.9507074356079102,-0.8128282427787781 0.4801402986049652 0.32981133460998535 0.06658168882131577 0.6390671133995056 -0.7662636041641235 -0.5786857008934021 -0.6008812785148621 -0.5514203310012817,-40.519187927246094 -78.75048065185547 797.4868774414062,0.69
