scene_id,im_id,obj_id,score,R,t,time
4,0,26,0.95751953125,-0.9989569187164307 -0.04118886590003967 0.019712625071406364 -0.04490896314382553 0.9643263816833496 -0.26087886095046997 -0.008264098316431046 -0.2614920437335968 -0.9651702642440796,-46.701175689697266 -54.53214645385742 706.541259765625,0.69
4,10,26,0.98388671875,-0.6340148448944092 -0.7732603549957275 0.009678514674305916 -0.7500433325767517 0.611834704875946 -0.2511838674545288 0.18830886483192444 -0.1665136218070984 -0.9678909778594971,0.5192897319793701 -67.78397369384766 719.0763549804688,0.69
4,25,26,0.98291015625,-0.5979101657867432 0.8007053732872009 -0.037072405219078064 0.7746379375457764 0.5653209090232849 -0.28345799446105957 -0.20600850880146027 -0.19820010662078857 -0.958267867565155,50.05406188964844 -19.015771865844727 704.6575317382812,0.69
4,36,26,0.98046875,-0.9974732995033264 -0.02961472049355507 -0.06457513570785522 -0.00955186691135168 0.9566233158111572 -0.29117095470428467 0.0703970268368721 -0.2898184359073639 -0.9544891119003296,30.86918067932129 29.78058433532715 689.2826538085938,0.69
4,47,26,0.97216796875,-0.5686280131340027 -0.8185389041900635 -0.0815858393907547 -0.719531238079071 0.5429996848106384 -0.4329274594783783 0.39866903424263 -0.18747112154960632 -0.8977291584014893,-18.531875610351562 42.736881256103516 657.6869506835938,0.69
4,58,26,0.95751953125,-0.32690203189849854 0.9449748396873474 0.012555024586617947 0.8833357095718384 0.31024715304374695 -0.35137563943862915 -0.3359363377094269 -0.10377509891986847 -0.936150312423706,-61.05495834350586 9.485557556152344 676.531005859375,0.69
4,66,26,0.95166015625,-0.8714129328727722 0.48882365226745605 0.04112210497260094 0.4550134837627411 0.8367655277252197 -0.30460843443870544 -0.1833093762397766 -0.24672861397266388 -0.9515895843505859,-62.49657440185547 -30.061487197875977 695.8071899414062,0.69
4,72,26,0.9770822525024414,-0.9995378255844116 0.011554529890418053 0.028117407113313675 -0.0021540469024330378 0.8957008719444275 -0.4446517527103424 -0.03032253123819828 -0.44450682401657104 -0.8952620029449463,-48.43172836303711 -70.95490264892578 721.265869140625,0.69
4,78,26,0.98486328125,-0.895956814289093 -0.43814191222190857 0.07275349646806717 -0.40972962975502014 0.752153754234314 -0.5161263346672058 0.17141474783420563 -0.4922362267971039 -0.8534170389175415,-21.923843383789062 -84.59941101074219 735.7852172851562,0.69
4,85,26,0.985358476638794,-0.44746464490890503 -0.8938112854957581 0.029611993581056595 -0.8036160469055176 0.38734084367752075 -0.45184990763664246 0.39239856600761414 -0.22598353028297424 -0.8916023969650269,13.487125396728516 -82.0894546508789 735.3458251953125,0.69
4,104,26,0.982421875,-0.9503195285797119 0.3103620707988739 -0.023836899548768997 0.28577834367752075 0.8395594954490662 -0.46202877163887024 -0.12338369339704514 -0.44588702917099 -0.8865445256233215,45.29619598388672 -10.189522743225098 703.9994506835938,0.69
4,115,26,0.9785258769989014,-0.8361034989356995 -0.5466399192810059 -0.04599796235561371 -0.45875194668769836 0.7427197694778442 -0.487764447927475 0.3007951080799103 -0.38671988248825073 -0.8717626333236694,1.5123196840286255 17.545862197875977 684.8412475585938,0.69
4,129,26,0.9659633636474609,-0.2202371060848236 0.9750532507896423 0.027689971029758453 0.8581905364990234 0.20717887580394745 -0.4696657359600067 -0.46368587017059326 -0.07967455685138702 -0.8824099898338318,-59.571224212646484 -8.151902198791504 686.583251953125,0.69
4,142,26,0.97021484375,-0.9799884557723999 0.19899658858776093 -0.004791804123669863 0.1741241067647934 0.8453385233879089 -0.5050580501556396 -0.09645412117242813 -0.4957854151725769 -0.8630720973014832,-54.325340270996094 -64.57506561279297 721.1180419921875,0.69
4,152,26,0.98291015625,-0.8568758368492126 -0.5124549269676208 0.056158121675252914 -0.416930615901947 0.6248071193695068 -0.6601400375366211 0.3032040596008301 -0.589072048664093 -0.7490402460098267,-13.609840393066406 -97.71807861328125 754.280517578125,0.69
4,166,26,0.97900390625,-0.30565887689590454 0.9506149291992188 -0.053886134177446365 0.7505140900611877 0.2057192027568817 -0.6280192732810974 -0.5859190821647644 -0.23240196704864502 -0.7763298749923706,45.844234466552734 -72.27667236328125 741.5556640625,0.69
4,177,26,0.98486328125,-0.9615775346755981 0.2744923233985901 -0.004753171466290951 0.21516993641853333 0.7427856922149658 -0.6340121030807495 -0.17050087451934814 -0.6106745004653931 -0.773308515548706,44.73131561279297 -28.599708557128906 705.8761596679688,0.69
4,185,26,0.9746215343475342,-0.9342523217201233 -0.3565181791782379 -0.008204201236367226 -0.27279719710350037 0.7293014526367188 -0.6274560689926147 0.2296828180551529 -0.5839642286300659 -0.7786087989807129,14.130095481872559 -7.672603607177734 691.2686157226562,0.69
4,193,26,0.98046875,-0.5007991790771484 -0.8655259609222412 0.008057287894189358 -0.6585278511047363 0.374954491853714 -0.6524953246116638 0.5617305636405945 -0.3320750892162323 -0.7577499151229858,-24.82436752319336 -6.601957321166992 679.216796875,0.69
4,204,26,0.966871976852417,-0.44920453429222107 0.8934047222137451 0.0066041890531778336 0.69693523645401 0.3550255596637726 -0.6230877041816711 -0.5590140223503113 -0.2752911448478699 -0.7821242213249207,-61.88151931762695 -37.709625244140625 682.1068725585938,0.69
4,215,26,0.9716796875,-0.992845892906189 0.1188034936785698 -0.011953040026128292 0.09731467813253403 0.7471063137054443 -0.6575424075126648 -0.06918814033269882 -0.6540014743804932 -0.7533227205276489,-52.589237213134766 -80.8608627319336 736.9210205078125,0.69
4,222,26,0.978515625,-0.9047846794128418 -0.42392435669898987 0.0406554751098156 -0.2800140678882599 0.5202621221542358 -0.8067958354949951 0.3208688795566559 -0.7413606643676758 -0.5894299745559692,-20.889888763427734 -105.32572174072266 762.06689453125,0.69
4,230,26,0.98046875,-0.3758097290992737 -0.9248934388160706 0.057786568999290466 -0.6116457581520081 0.20071662962436676 -0.765246570110321 0.6961727738380432 -0.32293200492858887 -0.6411384344100952,19.552400588989258 -103.75222778320312 772.7088623046875,0.69
4,238,26,0.9746215343475342,-0.35053208470344543 0.9361106157302856 -0.02871105633676052 0.618510901927948 0.20836761593818665 -0.7576459050178528 -0.7032578587532043 -0.2833373248577118 -0.6520341038703918,47.54552459716797 -84.14066314697266 752.880859375,0.69
4,245,26,0.98291015625,-0.8286004066467285 0.5595991015434265 0.016436805948615074 0.35152292251586914 0.5429031252861023 -0.7626845836639404 -0.435721218585968 -0.6261827945709229 -0.6465616822242737,51.67733383178711 -60.204124450683594 725.6358642578125,0.69
4,252,26,0.9643726348876953,-0.9999103546142578 -0.0024093063548207283 0.013172675855457783 -0.011643286794424057 0.6423388123512268 -0.7663323879241943 -0.0066149914637207985 -0.7664170861244202 -0.6423092484474182,34.33561706542969 -38.906612396240234 697.300048828125,0.69
4,270,26,0.9395396709442139,0.0046634734608232975 0.9970435500144958 -0.07669687271118164 0.655418872833252 -0.060974229127168655 -0.7528002858161926 -0.7552512288093567 -0.04675791785120964 -0.6537654995918274,-46.933536529541016 -40.3080940246582 683.0296630859375,0.69
4,286,26,0.96240234375,-0.9876784086227417 0.15592673420906067 0.013353964313864708 0.09017232805490494 0.6367565989494324 -0.765774130821228 -0.1279078871011734 -0.7551344037055969 -0.6429709196090698,-53.162357330322266 -92.132568359375 751.2313842773438,0.69
4,297,26,0.974609375,-0.7798064351081848 -0.625787079334259 0.01710040122270584 -0.3139614760875702 0.36730971932411194 -0.875506579875946 0.5415995717048645 -0.6880945563316345 -0.48290354013442993,-7.821865558624268 -113.32450103759766 785.7697143554688,0.69
4,316,26,0.97607421875,-0.7115532159805298 0.7023501396179199 0.01991204172372818 0.33927178382873535 0.36825791001319885 -0.8656100630760193 -0.6152940988540649 -0.6091720461845398 -0.5003226399421692,53.288169860839844 -79.9680404663086 743.35888671875,0.69
4,338,26,0.9682769775390625,-0.43111154437065125 -0.9022402167320251 -0.010264319367706776 -0.4429798722267151 0.22154921293258667 -0.8687259554862976 0.7860735654830933 -0.3699708878993988 -0.4951866865158081,-28.56520652770996 -54.272438049316406 692.6203002929688,0.69
4,357,26,0.96435546875,-0.9535724520683289 0.30115509033203125 -0.002274679485708475 0.1606392115354538 0.5022275447845459 -0.8496838212013245 -0.25474417209625244 -0.8106004595756531 -0.5272876620292664,-57.10313034057617 -98.44536590576172 763.16455078125,0.69
4,365,26,0.9717063903808594,-0.9060176610946655 -0.4222906827926636 0.028329435735940933 -0.18516413867473602 0.335297554731369 -0.9237368106842041 0.380586713552475 -0.8421674966812134 -0.3819786012172699,-24.558361053466797 -115.17256927490234 803.9913330078125,0.69
4,379,26,0.9736454486846924,-0.14160367846488953 -0.9896886944770813 0.021557556465268135 -0.3419775366783142 0.02847033180296421 -0.9392767548561096 0.9289777874946594 -0.1403772383928299 -0.3424828052520752,40.144325256347656 -107.35077667236328 795.0723876953125,0.69
4,411,26,0.9614443778991699,-0.2689397633075714 -0.9620112180709839 -0.04696692153811455 -0.3017124831676483 0.1304553747177124 -0.9444316029548645 0.9146807789802551 -0.23982472717761993 -0.32533544301986694,-34.80698776245117 -74.2495346069336 704.01806640625,0.69
4,427,26,0.9580280780792236,-0.8827583193778992 0.46980980038642883 0.004059718456119299 0.17677390575408936 0.3401339650154114 -0.9236124753952026 -0.4353029727935791 -0.8146089315414429 -0.38330623507499695,-59.175724029541016 -102.19307708740234 768.2304077148438,0.69
15,1,26,0.2327817678451538,0.7270587086677551 0.03715391084551811 -0.6855692267417908 0.6565551161766052 -0.32966265082359314 0.6784230470657349 -0.20080047845840454 -0.9433674216270447 -0.26407772302627563,-103.95368194580078 42.456024169921875 714.8862915039062,0.69
15,12,26,0.7046854496002197,-0.13991449773311615 0.03367624431848526 -0.9895907044410706 0.961372435092926 -0.23463395237922668 -0.1439095437526703 -0.23703791201114655 -0.9715002775192261 0.00045327615225687623,-93.02100372314453 -47.294158935546875 742.5377197265625,0.69
15,18,26,0.511329174041748,-0.621143102645874 -0.03690893203020096 -0.7828275561332703 0.767656683921814 -0.2297181785106659 -0.5982748866081238 -0.1577480286359787 -0.9725571274757385 0.1710212677717209,-53.08541488647461 -81.33775329589844 755.02783203125,0.69
15,28,26,0.7017002105712891,-0.9995245933532715 -0.0037559662014245987 -0.03060327097773552 0.030242115259170532 -0.31279340386390686 -0.9493395686149597 -0.006006813142448664 -0.949813723564148 0.31275826692581177,33.574913024902344 -84.06275177001953 759.2733154296875,0.69
15,40,26,0.5744326114654541,-0.5063375234603882 -0.00045231706462800503 0.8623352646827698 -0.8205582499504089 -0.3072306215763092 -0.4819684326648712 0.26515379548072815 -0.9516350626945496 0.15519122779369354,94.68061828613281 -4.365255355834961 729.6957397460938,0.69
15,53,26,0.8527278900146484,0.5446535348892212 -0.020671328529715538 0.8384064435958862 -0.803537130355835 -0.2991460859775543 0.5146258473396301 0.24016797542572021 -0.9539834856987 -0.17954115569591522,45.10817337036133 89.65278625488281 698.8055419921875,0.69
15,62,26,0.07202696800231934,0.9793128371238708 0.0021257204934954643 0.2023410052061081 -0.19108374416828156 -0.3193163275718689 0.9281831383705139 0.06658384948968887 -0.9476457834243774 -0.31230437755584717,-31.53437042236328 102.80004119873047 699.6181640625,0.69
15,72,26,0.79742431640625,0.7550727725028992 0.03924905136227608 -0.6544650197029114 0.5867244005203247 -0.4859429597854614 0.6477760672569275 -0.2926081418991089 -0.8731086850166321 -0.3899507224559784,-101.85539245605469 27.424819946289062 711.6824951171875,0.69
15,77,26,0.9727895259857178,0.45424023270606995 0.05931796878576279 -0.8889022469520569 0.814705491065979 -0.4313560724258423 0.3875396251678467 -0.3604452908039093 -0.9002296328544617 -0.24426594376564026,-110.92338562011719 -11.529253959655762 730.8909301757812,0.69
15,90,26,0.3292940855026245,-0.6469835042953491 -0.009701250120997429 -0.7624422907829285 0.6940439939498901 -0.4215908944606781 -0.5835787057876587 -0.3157772421836853 -0.9067342877388 0.2794954478740692,-48.589759826660156 -93.64588165283203 773.4137573242188,0.69
15,103,26,0.5668754577636719,-0.9714475870132446 -0.01858978532254696 0.23652471601963043 -0.20679700374603271 -0.42231816053390503 -0.88254314661026 0.1162949651479721 -0.9062570333480835 0.4064156413078308,60.801509857177734 -79.60454559326172 776.34619140625,0.69
15,112,26,0.5307197570800781,-0.4628955125808716 -0.00730512198060751 0.8863826990127563 -0.7837667465209961 -0.463718444108963 -0.4131281077861786 0.41404998302459717 -0.8859524130821228 0.2089276760816574,95.26673126220703 -15.693940162658691 732.8263549804688,0.69
15,126,26,0.9843893051147461,0.674476146697998 -0.005356743466109037 0.7382771968841553 -0.6491771340370178 -0.4805765748023987 0.5895890593528748 0.3516404628753662 -0.8769363760948181 -0.3276149034500122,34.47658157348633 73.82135009765625 686.4899291992188,0.69
15,144,26,0.986328125,0.7507354021072388 0.0541318878531456 -0.6583815217018127 0.5485357046127319 -0.6064411401748657 0.5756195783615112 -0.3681102693080902 -0.7932837605476379 -0.48497000336647034,-101.93942260742188 6.492176055908203 713.0829467773438,0.69
15,156,26,0.819854736328125,-0.16401411592960358 0.0033381411340087652 -0.9864524006843567 0.7737321257591248 -0.6198747754096985 -0.13074350357055664 -0.6119133234024048 -0.784693717956543 0.09908538311719894,-88.84626007080078 -73.82308959960938 768.581787109375,0.69
15,164,26,0.60809326171875,-0.7760767340660095 0.022703181952238083 -0.630229651927948 0.4975382089614868 -0.5920248627662659 -0.6340049505233765 -0.38750559091567993 -0.8055997490882874 0.4481610655784607,-31.215377807617188 -106.00782775878906 801.7381591796875,0.69
15,175,26,0.5017189979553223,-0.9753825664520264 -0.005144607741385698 0.2204594761133194 -0.1781322956085205 -0.570935845375061 -0.8014369010925293 0.1299913078546524 -0.820978581905365 0.555964469909668,61.38970184326172 -87.80615234375 793.1644287109375,0.69
15,183,26,0.6015386581420898,-0.5707887411117554 -0.029275264590978622 0.8205748796463013 -0.644715428352356 -0.6028845310211182 -0.4699704051017761 0.5084704160690308 -0.797291100025177 0.32524552941322327,95.50237274169922 -38.746360778808594 751.8646850585938,0.69
15,198,26,0.98388671875,0.6437277793884277 0.011491924524307251 0.765168309211731 -0.5860202312469482 -0.6356218457221985 0.5025586485862732 0.4921330511569977 -0.771915078163147 -0.402432918548584,35.1530647277832 48.33622360229492 677.21435546875,0.69
15,217,26,0.9833984375,0.6892670392990112 0.04405265301465988 -0.723166823387146 0.501746654510498 -0.7490736246109009 0.43259555101394653 -0.5226482152938843 -0.6610203981399536 -0.5384150743484497,-104.65986633300781 -18.774110794067383 723.2383422851562,0.69
15,231,26,0.5886783599853516,-0.4149894118309021 0.025466224178671837 -0.909469723701477 0.6067461371421814 -0.73712557554245 -0.29749757051467896 -0.6779695749282837 -0.6752755641937256 0.29044783115386963,-70.59939575195312 -94.78226470947266 803.3756713867188,0.69
15,253,26,0.47754907608032227,-0.7321636080741882 -0.032084520906209946 0.6803726553916931 -0.4458078145980835 -0.7326380610466003 -0.5142924785614014 0.5149677991867065 -0.6798617243766785 0.5221074223518372,91.01976013183594 -60.72163391113281 770.707275390625,0.69
15,267,26,0.9819421768188477,0.4175545275211334 0.0008005028939805925 0.9086515307426453 -0.5726204514503479 -0.7762113809585571 0.2638213038444519 0.7055168151855469 -0.6304722428321838 -0.3236522078514099,57.84160614013672 14.467972755432129 684.6734008789062,0.69
15,273,26,0.8911502361297607,0.8255895376205444 -0.0324413888156414 0.5633379220962524 -0.3813875913619995 -0.7678613066673279 0.5147160887718201 0.41586726903915405 -0.6397942304611206 -0.6463109254837036,9.862146377563477 29.12986946105957 666.1947021484375,0.69
15,293,26,0.9620621204376221,0.4404526948928833 0.012491918168962002 -0.8976888656616211 0.4575267732143402 -0.8634379506111145 0.21247106790542603 -0.772444486618042 -0.5043001174926758 -0.3860190212726593,-108.84721374511719 -51.74785232543945 750.0390625,0.69
15,320,26,0.4794437885284424,-0.9615399837493896 0.0010470050619915128 0.2746630609035492 -0.15867279469966888 -0.8183639049530029 -0.5523619055747986 0.22419598698616028 -0.5746995806694031 0.7870556712150574,74.39906311035156 -90.5887451171875 830.0361328125,0.69
