scene_id,im_id,obj_id,score,R,t,time
3,5,11,0.970717191696167,-0.5664622187614441 0.14147520065307617 -0.8118529915809631 0.7888524532318115 -0.19189955294132233 -0.5838546752929688 -0.23839521408081055 -0.9711638689041138 -0.0028992132283747196,-3.131042718887329 -104.04662322998047 812.633056640625,0.69
3,10,11,0.97900390625,-0.8559722304344177 0.12142165750265121 -0.5025617480278015 0.4775300920009613 -0.18692710995674133 -0.8585005402565002 -0.19818297028541565 -0.9748409390449524 0.10202190279960632,45.799015045166016 -91.80297088623047 812.5971069335938,0.69
3,16,11,0.9736328125,-0.9997671842575073 -0.011039911769330502 -0.01853862963616848 0.02009630762040615 -0.16365507245063782 -0.9863129258155823 0.007854869589209557 -0.9864558577537537 0.16383884847164154,90.25582885742188 -52.819644927978516 798.392333984375,0.69
3,24,11,0.9765625,-0.8100680708885193 -0.10977048426866531 0.5759688019752502 -0.5461573600769043 -0.21610769629478455 -0.8093266487121582 0.21331147849559784 -0.9701793193817139 0.11510999500751495,106.9505615234375 21.841270446777344 778.0851440429688,0.69
3,34,11,0.9716932773590088,-0.01917964592576027 -0.11655186116695404 0.9929994344711304 -0.9720649123191833 -0.23020116984844208 -0.04579482227563858 0.23392707109451294 -0.9661382436752319 -0.10888081043958664,53.69519805908203 100.60658264160156 749.2681884765625,0.69
3,41,11,0.97705078125,0.5443838834762573 -0.11336398124694824 0.8311406373977661 -0.8156520128250122 -0.3028753101825714 0.49292826652526855 0.195851668715477 -0.9462637305259705 -0.2573460340499878,-13.679195404052734 117.76834869384766 746.4124755859375,0.69
3,46,11,0.97705078125,0.8507787585258484 -0.06718891859054565 0.5212112665176392 -0.5012652277946472 -0.4016065001487732 0.7664498686790466 0.15782488882541656 -0.9133443832397461 -0.3753577172756195,-62.26144027709961 105.41156768798828 751.6755981445312,0.69
3,55,11,0.96630859375,0.9725432395935059 0.09263373911380768 -0.21349142491817474 0.23268184065818787 -0.40411844849586487 0.8846170902252197 -0.004330425523221493 -0.9100039601325989 -0.41457685828208923,-119.25688934326172 40.979557037353516 773.396728515625,0.69
3,69,11,0.96728515625,0.10595241189002991 0.15995782613754272 -0.9814212322235107 0.9595727324485779 -0.2752654552459717 0.05872929468750954 -0.2607571482658386 -0.947967529296875 -0.1826561987400055,-78.96223449707031 -80.96295928955078 802.7783203125,0.69
3,79,11,0.9638845920562744,-0.6794381737709045 0.15584105253219604 -0.7169919013977051 0.6453372240066528 -0.3380699157714844 -0.6850172877311707 -0.3491472005844116 -0.9281284809112549 0.12912754714488983,13.187564849853516 -104.0789794921875 831.5226440429688,0.69
3,88,11,0.955078125,-0.9982729554176331 -0.02538979984819889 -0.05297576263546944 0.058033037930727005 -0.2861643135547638 -0.9564215540885925 0.009123585186898708 -0.957844078540802 0.2871435284614563,87.26712799072266 -61.66243362426758 813.8114624023438,0.69
3,101,11,0.9794921875,-0.5205808281898499 -0.11124350875616074 0.8465343117713928 -0.7449560165405273 -0.42526015639305115 -0.5139983296394348 0.41717633605003357 -0.8982085585594177 0.1385107785463333,92.50916290283203 49.86184310913086 755.1180419921875,0.69
3,109,11,0.9697265625,0.1764543354511261 -0.1207130029797554 0.976878821849823 -0.8585471510887146 -0.5042727589607239 0.09276697784662247 0.48141518235206604 -0.855065643787384 -0.1926189363002777,31.15001678466797 95.20321655273438 730.0391845703125,0.69
3,117,11,0.9790139198303223,0.771666944026947 -0.09559392184019089 0.6288020610809326 -0.5667826533317566 -0.5519474148750305 0.6116466522216797 0.28859591484069824 -0.8283815383911133 -0.48010051250457764,-48.12323760986328 94.70201110839844 732.7345581054688,0.69
3,144,11,0.9284563064575195,-0.02269880659878254 0.12310631573200226 -0.9921337962150574 0.7716574668884277 -0.6288008093833923 -0.0956776812672615 -0.6356332302093506 -0.7677592039108276 -0.080722875893116,-61.36445999145508 -93.95036315917969 847.9129028320312,0.69
3,154,11,0.931251049041748,-0.7659401893615723 0.23436987400054932 -0.5986706018447876 0.4329935610294342 -0.5002802014350891 -0.7498241662979126 -0.47523924708366394 -0.8335409760475159 0.28170400857925415,35.795616149902344 -95.10527801513672 836.627197265625,0.69
3,190,11,0.9829182624816895,0.8070275783538818 -0.12253934890031815 0.5776594877243042 -0.48658517003059387 -0.6922465562820435 0.5329440236091614 0.33457624912261963 -0.7111810445785522 -0.618287980556488,-52.062828063964844 74.45170593261719 721.8577270507812,0.69
3,203,11,0.97314453125,0.8880268335342407 0.21837526559829712 -0.4046240448951721 0.43365561962127686 -0.6902602910995483 0.5792094469070435 -0.15281087160110474 -0.6898210048675537 -0.7076692581176758,-123.64936065673828 -7.55946159362793 780.381591796875,0.69
3,216,11,0.9138965606689453,-0.010513599030673504 0.1558755487203598 -0.9877207279205322 0.700621485710144 -0.7036246061325073 -0.11849898844957352 -0.7134557366371155 -0.6932642459869385 -0.10181212425231934,-57.322715759277344 -91.48465728759766 864.6567993164062,0.69
3,238,11,0.9575600624084473,-0.918052077293396 0.0022546304389834404 0.3964534401893616 -0.3007518947124481 -0.6555140614509583 -0.6927117705345154 0.2583189904689789 -0.7551795840263367 0.6024740934371948,108.38517761230469 -24.887401580810547 797.0281982421875,0.69
3,269,11,0.9736328125,0.9951736330986023 0.0962538942694664 -0.019100245088338852 0.09161153435707092 -0.8415321707725525 0.5323824882507324 0.03517041727900505 -0.5315628051757812 -0.8462883830070496,-106.9052505493164 19.345130920410156 742.0130615234375,0.69
3,292,11,0.0010714055970311165,-0.7082610130310059 -0.470316618680954 0.52646803855896 -0.21656228601932526 -0.5650508999824524 -0.7961269617080688 0.6719130873680115 -0.6778788566589355 0.2983507215976715,17.58578872680664 -108.83354187011719 891.2554931640625,0.69
3,318,11,0.97607421875,-0.45918774604797363 -0.025526566430926323 0.887972354888916 -0.554201066493988 -0.7729800343513489 -0.30880895256996155 0.6942678093910217 -0.6339165568351746 0.3407961130142212,90.47833251953125 9.648896217346191 736.8360595703125,0.69
3,328,11,0.97265625,0.3249340355396271 -0.007089097518473864 0.9457101821899414 -0.49961432814598083 -0.8503327369689941 0.16528703272342682 0.8029964566230774 -0.5261977314949036 -0.27984386682510376,8.262480735778809 36.98258590698242 699.7353515625,0.69
3,405,11,0.97265625,0.7759075164794922 -0.10047033429145813 0.6227946877479553 -0.24210917949676514 -0.9590618014335632 0.14691370725631714 0.5825381278991699 -0.26477575302124023 -0.7684680223464966,-45.96809768676758 9.959111213684082 705.137939453125,0.69
3,416,11,0.965364933013916,0.947540283203125 0.12047985941171646 -0.29606080055236816 0.19955623149871826 -0.9465293288230896 0.2534947097301483 -0.24968920648097992 -0.2992772161960602 -0.9209171533584595,-117.59698486328125 -22.25187873840332 765.6026611328125,0.69
3,428,11,0.905184268951416,0.21350517868995667 0.2735840380191803 -0.9378525018692017 0.42362433671951294 -0.8909662961959839 -0.16346724331378937 -0.8803170323371887 -0.3623960316181183 -0.306122750043869,-89.11276245117188 -64.67698669433594 871.0242919921875,0.69
6,2,11,0.97412109375,-0.9899443984031677 0.13978321850299835 -0.021696310490369797 0.14024671912193298 0.9498412013053894 -0.27952200174331665 -0.018464433029294014 -0.279754102230072 -0.9598941206932068,-32.25041580200195 85.92040252685547 724.9740600585938,0.69
6,2,11,0.96533203125,0.8830927014350891 -0.4677731394767761 0.0365469753742218 0.4368155598640442 0.8480814099311829 0.29991692304611206 -0.1712878793478012 -0.24889016151428223 0.9532650113105774,-100.1681137084961 41.822513580322266 758.1917114257812,0.69
6,11,11,0.96923828125,-0.8871141672134399 -0.4614289402961731 -0.010576081462204456 -0.4287627637386322 0.8323618173599243 -0.35119280219078064 0.1708536446094513 -0.30701348185539246 -0.93624347448349,-83.40206146240234 46.528629302978516 731.884033203125,0.69
6,11,11,0.9599802494049072,-0.2179730236530304 0.9743887186050415 0.0552644319832325 -0.9029051661491394 -0.22282953560352325 0.36757197976112366 0.3704725503921509 0.03022223338484764 0.9283515214920044,-96.3409652709961 -29.221582412719727 761.3921508789062,0.69
6,23,11,0.966796875,0.647040605545044 0.7604237794876099 -0.05562569200992584 -0.7198724150657654 0.6333155632019043 0.2840690612792969 0.2512415051460266 -0.1437608003616333 0.9571889042854309,-19.89681625366211 -84.29090881347656 779.6156616210938,0.69
6,23,11,0.96533203125,-0.16517096757888794 0.986262857913971 0.001976527739316225 0.8967469334602356 0.15101322531700134 -0.4159805476665497 -0.41056469082832336 -0.0669354647397995 -0.9093713164329529,-83.74923706054688 -36.13898849487305 766.7930908203125,0.69
6,32,11,0.96826171875,0.9987277984619141 0.03386322781443596 -0.037361640483140945 -0.02021799050271511 0.9477038979530334 0.31850969791412354 0.04619354382157326 -0.3173491358757019 0.9471830129623413,51.526058197021484 -65.67558288574219 785.58984375,0.69
6,32,11,0.9677889347076416,-0.8131570816040039 0.5816875100135803 0.02037707529962063 0.5497556924819946 0.7790752649307251 -0.3013478219509125 -0.1911655068397522 -0.2338407039642334 -0.9532965421676636,-29.809690475463867 -74.44290924072266 780.2926635742188,0.69
6,39,11,0.97265625,-0.9985690712928772 0.05236044526100159 0.01086988765746355 0.04734339192509651 0.9601038098335266 -0.27560704946517944 -0.024867132306098938 -0.27469807863235474 -0.9612088799476624,22.41622543334961 -71.62108612060547 779.627197265625,0.69
6,39,11,0.9716796875,0.8547234535217285 -0.5180768966674805 -0.032315149903297424 0.5084162950515747 0.8229785561561584 0.2534150183200836 -0.10469380021095276 -0.233029305934906 0.9668177962303162,85.10379028320312 -19.842878341674805 776.5865478515625,0.69
6,45,11,0.97314453125,-0.9232868552207947 -0.3835238814353943 0.02123373933136463 -0.3748270571231842 0.88751220703125 -0.2680051624774933 0.08394117653369904 -0.25540462136268616 -0.9631834030151367,58.987735748291016 -46.65076446533203 775.6087646484375,0.69
6,45,11,0.9697265625,0.40897753834724426 -0.9122387170791626 0.02361919730901718 0.8906726837158203 0.4046742618083954 0.2072218358516693 -0.1985938847064972 -0.06371210515499115 0.9780088067054749,86.4042739868164 28.24393081665039 760.9088134765625,0.69
6,58,11,0.962925910949707,0.7016580104827881 0.7116006016731262 0.03606327623128891 -0.7066289186477661 0.6884790658950806 0.16331610083580017 0.09138703346252441 -0.1400754153728485 0.9859144687652588,11.411596298217773 97.534423828125 733.4615478515625,0.69
6,58,11,0.96044921875,-0.10004408657550812 -0.9946813583374023 0.02449836954474449 -0.9249368906021118 0.08389801532030106 -0.3707464039325714 0.36671915650367737 -0.05975042283535004 -0.9284110069274902,70.1430892944336 42.6945915222168 741.9044799804688,0.69
6,65,11,0.9687650203704834,-0.6525388360023499 0.7575175762176514 0.018974605947732925 0.7131934762001038 0.6224325299263 -0.3223860263824463 -0.25602349638938904 -0.19683684408664703 -0.946418046951294,34.026123046875 78.75947570800781 729.7149047851562,0.69
6,65,11,0.9682769775390625,0.9618701338768005 0.26591089367866516 0.06400974839925766 -0.27343761920928955 0.9296668767929077 0.2468830943107605 0.006141154561191797 -0.2549721598625183 0.9669288396835327,-47.332847595214844 93.30087280273438 740.2229614257812,0.69
6,72,11,0.9736576080322266,-0.9492409229278564 0.3132317066192627 0.028765877708792686 0.2728697955608368 0.8655015230178833 -0.42005831003189087 -0.15647251904010773 -0.39088720083236694 -0.9070410132408142,-13.243077278137207 73.54173278808594 713.5518188476562,0.69
6,72,11,0.96533203125,0.9643974304199219 -0.2632664740085602 0.025066765025258064 0.23151229321956635 0.8862712383270264 0.40115484595298767 -0.12782655656337738 -0.38106945157051086 0.9156671762466431,-89.0682144165039 45.20393371582031 739.1232299804688,0.69
6,87,11,0.9692673683166504,-0.6589807868003845 -0.7521421909332275 0.005142867565155029 -0.6184068322181702 0.537892758846283 -0.5729262232780457 0.4281555712223053 -0.38072776794433594 -0.8195909261703491,-94.27204895019531 11.398510932922363 750.7862548828125,0.69
6,87,11,0.9566044807434082,0.04272397235035896 0.9988601207733154 0.02128167264163494 -0.8809950351715088 0.027619363740086555 0.47231850028038025 0.471192330121994 -0.038928382098674774 0.8811709880828857,-80.22724151611328 -58.9348258972168 775.2501831054688,0.69
6,105,11,0.9658203125,-0.8145307302474976 0.5778064727783203 0.05176263675093651 0.49243637919425964 0.7358264923095703 -0.464828759431839 -0.30666935443878174 -0.35312750935554504 -0.8838862180709839,-25.917984008789062 -80.18344116210938 801.4659423828125,0.69
6,105,11,0.9537205696105957,0.9992730617523193 -0.005500784143805504 -0.03772447630763054 0.022022806107997894 0.8910186886787415 0.45343217253685 0.031118979677557945 -0.4539332985877991 0.8904921412467957,55.584922790527344 -68.53540802001953 799.0437622070312,0.69
6,119,11,0.9677734375,-0.87407386302948 -0.48565712571144104 0.01149475947022438 -0.4371780455112457 0.776064395904541 -0.4545322060585022 0.21182610094547272 -0.40231993794441223 -0.8906561732292175,66.5717544555664 -44.92581558227539 789.8986206054688,0.69
6,119,11,0.9653487205505371,0.30054742097854614 -0.9537590742111206 -0.003873737994581461 0.8788228034973145 0.2753509283065796 0.38968244194984436 -0.3705964982509613 -0.1205223798751831 0.9209412336349487,83.10594940185547 28.25631332397461 758.2626953125,0.69
6,128,11,0.9692530632019043,-0.2281087189912796 -0.9683892726898193 0.10093870013952255 -0.8384966850280762 0.14269641041755676 -0.5258907079696655 0.4948633313179016 -0.20459701120853424 -0.8445414304733276,77.98497009277344 14.826640129089355 757.167724609375,0.69
6,128,11,0.9653487205505371,0.45016494393348694 0.8929019570350647 0.008813867345452309 -0.823380172252655 0.4112549126148224 0.3910428583621979 0.3455381393432617 -0.18329092860221863 0.9203303456306458,31.828559875488278 76.55365753173828 732.3948974609375,0.69
6,139,11,0.965836763381958,-0.7252310514450073 0.6848324537277222 0.07102321088314056 0.5641853213310242 0.650235116481781 -0.5088114738464355 -0.3946324288845062 -0.3289356231689453 -0.8579431772232056,23.977811813354492 68.64540100097656 721.8291015625,0.69
6,139,11,0.9658203125,0.9902618527412415 0.13651515543460846 0.027294188737869263 -0.1358649730682373 0.9049004316329956 0.4033556282520294 0.030365634709596634 -0.4031360149383545 0.9146361351013184,-58.83814239501953 71.26902770996094 729.582763671875,0.69
6,145,11,0.970703125,-0.957698404788971 0.28723615407943726 0.017584191635251045 0.2222597301006317 0.777101993560791 -0.5888235569000244 -0.18279612064361572 -0.5600070953369141 -0.8080703020095825,-16.918611526489258 56.38748550415039 712.6788330078125,0.69
6,145,11,0.96533203125,0.9508776664733887 -0.3063478469848633 0.04452705383300781 0.2310718446969986 0.7981058359146118 0.5564467310905457 -0.20600351691246033 -0.5188238024711609 0.8296893835067749,-91.17566680908203 27.86840057373047 737.144287109375,0.69
6,156,11,0.96484375,-0.8735935688018799 -0.4866311252117157 0.00492877559736371 -0.3743482232093811 0.6654844880104065 -0.6457505822181702 0.3109623193740845 -0.5659686923027039 -0.7635325193405151,-84.84912872314453 20.12824058532715 736.599609375,0.69
6,156,11,0.96435546875,0.3394280970096588 -0.9405462145805359 -0.012708277441561222 0.718483567237854 0.25052207708358765 0.6488605737686157 -0.607099711894989 -0.22937218844890594 0.7608011364936829,-95.46612548828125 -43.32949447631836 775.485107421875,0.69
6,177,11,0.9599802494049072,-0.7831186652183533 0.6211236715316772 0.03050576150417328 0.45516136288642883 0.6059160828590393 -0.6524520516395569 -0.42373740673065186 -0.4970622658729553 -0.757215678691864,-29.28561782836914 -81.19620513916016 816.04345703125,0.69
6,177,11,0.9061145782470703,0.9999353289604187 0.009818335995078087 -0.005735891405493021 -0.004636769648641348 0.8126553297042847 0.5827260613441467 0.010382701642811298 -0.5826617479324341 0.812648355960846,55.570396423339844 -76.4224624633789 834.1612548828125,0.69
6,194,11,0.962890625,0.14411579072475433 -0.9872658252716064 -0.06735613197088242 0.8116227388381958 0.07898657023906708 0.5788174867630005 -0.5661264657974243 -0.1380845010280609 0.8126705884933472,74.35965728759766 30.49761199951172 747.9481811523438,0.69
6,194,11,0.9507074356079102,-0.7490540742874146 -0.6623672842979431 0.013699019327759743 -0.5258016586303711 0.5817816853523254 -0.6205343008041382 0.4030517637729645 -0.47201669216156006 -0.7840597033500671,74.90514373779297 -35.78657913208008 784.3744506835938,0.69
6,214,11,0.96826171875,0.9998565316200256 -0.015286046080291271 -0.007290196605026722 0.016803881153464317 0.8419055938720703 0.5393630862236023 -0.0021070765797048807 -0.5394082069396973 0.8420417308807373,-74.84814453125 44.121524810791016 729.0016479492188,0.69
6,214,11,0.96435546875,-0.8308223485946655 0.5550159215927124 0.041129834949970245 0.3971167504787445 0.6429877281188965 -0.6548779010772705 -0.3899137079715729 -0.5277538299560547 -0.7546145915985107,6.893167018890381 55.498741149902344 708.8283081054688,0.69
6,231,11,0.9643726348876953,-0.6491318941116333 -0.7602579593658447 0.025214072316884995 -0.5099769234657288 0.41036149859428406 -0.7559940814971924 0.5644035935401917 -0.5035984516143799 -0.6540926694869995,-93.23860168457031 -10.688911437988281 752.409423828125,0.69
6,231,11,0.9600696563720703,0.01636570692062378 0.9997563362121582 0.014806206338107586 -0.6598413586616516 -0.00032676453702151775 0.751404881477356 0.7512266635894775 -0.02206702157855034 0.6596753001213074,-80.5001220703125 -63.9719581604004 806.73193359375,0.69
6,282,11,0.9716932773590088,-0.6022073030471802 0.798332154750824 -0.003475093049928546 0.48511478304862976 0.3624734878540039 -0.7957867980003357 -0.6340425610542297 -0.480914443731308 -0.6055669188499451,31.960453033447266 31.524539947509762 709.203369140625,0.69
6,282,11,0.96728515625,0.9660336971282959 0.25839897990226746 0.0029863950330764055 -0.18014013767242432 0.6650844216346741 0.7247152328491211 0.1852794736623764 -0.7006372809410095 0.6890419721603394,-50.531517028808594 38.37325668334961 715.2179565429688,0.69
6,289,11,0.96923828125,-0.9584916830062866 0.28449100255966187 0.018937861546874046 0.12907926738262177 0.4921923577785492 -0.8608630895614624 -0.2542288899421692 -0.8226855993270874 -0.5084841251373291,-15.743380546569826 17.280780792236328 699.8609619140625,0.69
6,289,11,0.96923828125,0.961496114730835 -0.27365919947624207 -0.025215230882167816 0.16772706806659698 0.5116625428199768 0.8426558971405029 -0.217698872089386 -0.8144396543502808 0.5378616452217102,-89.81368255615234 -2.309675455093384 732.3282470703125,0.69
6,298,11,0.9658203125,-0.9447323679924011 -0.3277242183685303 0.008807702921330929 -0.19595851004123688 0.5429445505142212 -0.8165851831436157 0.2628326416015625 -0.773180365562439 -0.5771576762199402,-74.5290298461914 -0.7984762191772461 721.48193359375,0.69
6,298,11,0.9585161209106445,0.45824119448661804 -0.8888237476348877 0.0027083721943199635 0.4703768491744995 0.24509026110172272 0.8477477431297302 -0.7541621923446655 -0.3871990144252777 0.5303925275802612,-104.63347625732422 -43.62398147583008 809.9937133789062,0.69
6,321,11,0.8809909820556641,-0.7732324600219727 0.633833646774292 -0.019141873344779015 0.3349004089832306 0.3825494647026062 -0.8611025214195251 -0.5384730696678162 -0.672243058681488 -0.5080708265304565,-29.494651794433594 -77.98712158203125 866.3623657226562,0.69
6,321,11,0.001625492237508297,-0.6773553490638733 0.5738657712936401 -0.4602910280227661 0.4974299371242523 -0.10369131714105606 -0.8612848520278931 -0.5419901013374329 -0.8123584389686584 -0.21522215008735657,-16.597562789916992 -60.84699249267578 727.9913330078125,0.69
6,329,11,0.96630859375,0.7833896279335022 -0.6142839789390564 -0.09463547170162201 0.3920440673828125 0.3702279329299927 0.8421595692634583 -0.4822884202003479 -0.6968403458595276 0.530859112739563,88.55494689941406 -37.95329284667969 799.2390747070312,0.69
6,329,11,0.005179643630981445,-0.9187892079353333 -0.3920276165008545 0.0462687686085701 -0.2552284002304077 0.5005411505699158 -0.8272345662117004 0.30113938450813293 -0.7718632817268372 -0.5599483251571655,-55.57292175292969 -61.179901123046875 740.4663696289062,0.69
16,8,11,0.9668128490447998,-0.8750685453414917 0.48179537057876587 -0.04613583907485008 0.4689840078353882 0.8205010890960693 -0.326852023601532 -0.11962126195430756 -0.3076549172401428 -0.9439488053321838,55.527828216552734 128.96014404296875 712.8572998046875,0.69
16,14,11,0.965836763381958,-0.9975582957267761 0.06560925394296646 0.0239338967949152 0.05519329383969307 0.9506106972694397 -0.30543872714042664 -0.04279142990708351 -0.30337193608283997 -0.9519107937812805,-12.60512638092041 145.69674682617188 718.3087768554688,0.69
16,20,11,0.96435546875,-0.9409339427947998 -0.3365105986595154 0.037469930946826935 -0.33251848816871643 0.8975213766098022 -0.28963229060173035 0.06383426487445831 -0.284984290599823 -0.9564043283462524,-80.50663757324219 126.29652404785155 725.36474609375,0.69
16,35,11,0.9619140625,-0.24751178920269012 0.9654014706611633 0.08208567649126053 0.887470006942749 0.25989264249801636 -0.38059544563293457 -0.38876089453697205 -0.02135327272117138 -0.9210911989212036,-135.8002471923828 -21.195087432861328 757.0863037109375,0.69
16,61,11,0.95654296875,-0.6875885725021362 -0.7244975566864014 -0.04821952432394028 -0.6802589893341064 0.6659788489341736 -0.3061368763446808 0.25390860438346863 -0.17769446969032288 -0.9507655501365662,104.69010925292969 -54.09438705444336 770.7734985351562,0.69
16,68,11,0.9555878639221191,-0.12507420778274536 -0.990882396697998 0.050082702189683914 -0.928618848323822 0.09914345294237137 -0.3575437068939209 0.3493184447288513 -0.09122724086046219 -0.9325525164604187,127.86308288574219 20.993980407714844 754.5276489257812,0.69
16,86,11,0.96923828125,-0.9998481273651123 0.014039495028555393 0.01032198965549469 0.008111587725579739 0.8992432355880737 -0.43737363815307617 -0.015422484837472439 -0.4372234642505646 -0.8992205858230591,-18.625324249267578 125.56771850585938 696.3782348632812,0.69
16,153,11,0.966796875,-0.9151651859283447 0.4022759795188904 0.02542789652943611 0.30231398344039917 0.7267431020736694 -0.61680668592453 -0.2666061222553253 -0.5567927956581116 -0.7867037057876587,46.215065002441406 95.61306762695312 689.7593383789062,0.69
16,161,11,0.9658203125,-0.9894567131996155 -0.1438121348619461 0.017131272703409195 -0.12489436566829681 0.787387490272522 -0.603674054145813 0.07332669198513031 -0.5994489192962646 -0.7970471978187561,-46.71543502807617 97.18379211425781 678.1651611328125,0.69
16,194,11,0.9619140625,-0.998210072517395 0.04497295618057251 0.03942302241921425 0.012652432546019554 0.8030662536621094 -0.595755398273468 -0.05845218151807785 -0.5941901803016663 -0.8021978139877319,-2.530465841293335 -111.4048080444336 830.8908081054688,0.69
16,219,11,0.95849609375,-0.4875394105911255 0.8730162978172302 -0.012158738449215889 0.5551013946533203 0.29918941855430603 -0.7761108875274658 -0.6739197373390198 -0.3851339817047119 -0.6304791569709778,105.34593963623047 37.45814514160156 709.7816162109375,0.69
16,238,11,0.9599609375,-0.868392825126648 -0.49584999680519104 -0.005170744378119707 -0.338703989982605 0.6007311344146729 -0.7241559028625488 0.36217889189720154 -0.62710040807724 -0.6896169781684875,-93.12168884277344 54.19887161254883 689.367919921875,0.69
16,287,11,0.9501953125,-0.1805248111486435 -0.982511579990387 -0.04562694951891899 -0.5918458104133606 0.14556151628494263 -0.7927991151809692 0.7855757474899292 -0.11611578613519669 -0.6077728867530823,125.29708099365233 8.431127548217773 744.0521850585938,0.69
16,298,11,0.9468531608581543,-0.944885790348053 0.32700368762016296 -0.016107015311717987 0.1709493100643158 0.450809121131897 -0.8760979175567627 -0.27922603487968445 -0.8305659890174866 -0.48186418414115906,37.112953186035156 45.89406967163086 666.5366821289062,0.69
16,305,11,0.9428987503051758,-0.9902035593986511 -0.13959743082523346 -0.0030586402863264084 -0.07119791954755783 0.5236278772354126 -0.8489667773246765 0.12011518329381943 -0.8404321670532227 -0.5284372568130493,-45.11177444458008 44.96188735961914 662.1410522460938,0.69
16,332,11,0.9424381256103516,-0.8300566077232361 0.5541539192199707 0.06260593980550766 0.22515493631362915 0.4357103705406189 -0.8714709877967834 -0.5102071762084961 -0.7092742323875427 -0.4864347279071808,-70.2442855834961 -86.9559555053711 864.0137329101562,0.69
