scene_id,im_id,obj_id,score,R,t,time
5,7,1,0.8894262313842773,-0.9950718283653259 0.0653163269162178 0.07460372895002365 0.0467083677649498 0.972449004650116 -0.22838827967643738 -0.0874658077955246 -0.2237781286239624 -0.9707075357437134,-42.32997131347656 39.12567901611328 675.3114624023438,0.69
5,20,1,0.9521942138671875,-0.988050639629364 0.1409018337726593 0.06247006729245186 0.11211740225553513 0.9351685643196106 -0.33598989248275757 -0.10576165467500687 -0.3249710500240326 -0.9397915005683899,-71.4869155883789 -18.093143463134766 697.7825317382812,0.69
5,25,1,0.9551417827606201,-0.994489312171936 0.08208882063627243 0.06521117687225342 0.05990279093384743 0.9554084539413452 -0.2891477346420288 -0.08603910356760025 -0.28364798426628113 -0.9550607800483704,-63.13631057739258 -43.65034866333008 708.9570922851562,0.69
5,31,1,0.9575600624084473,-0.9972438812255859 0.06390859186649323 0.03768787533044815 0.05300550535321236 0.9691224694252014 -0.2408156543970108 -0.05191435664892197 -0.23815424740314484 -0.9698388576507568,-38.54728698730469 -66.00215148925781 717.4501953125,0.69
5,43,1,0.9497785568237305,-0.9847924709320068 -0.17123349010944366 0.029375635087490082 -0.17351648211479187 0.9609161019325256 -0.215713769197464 0.008709898218512535 -0.21753044426441193 -0.9760147333145142,26.288599014282227 -63.73579788208007 718.1278076171875,0.69
5,56,1,0.975597620010376,-0.9940185546875 -0.10869832336902618 -0.010577676817774773 -0.10322195291519165 0.9667186737060547 -0.23409435153007507 0.035671304911375046 -0.2316022664308548 -0.972156286239624,58.11752700805664 -4.70212459564209 708.6787109375,0.69
5,64,1,0.9487795829772949,-0.9998171925544739 -0.013648859225213528 -0.013390821404755116 -0.008624749258160591 0.9469574093818665 -0.3212435245513916 0.017065145075321198 -0.32106930017471313 -0.9469019770622253,37.67578125 34.140560150146484 685.2079467773438,0.69
5,70,1,0.9263837337493896,-0.9985461235046387 0.053853292018175125 0.002352185780182481 0.04988221824169159 0.9396933317184448 -0.3383610248565674 -0.020432187244296074 -0.33775174617767334 -0.9410134553909302,7.46103048324585 49.46514129638672 680.2884521484375,0.69
5,81,1,0.965836763381958,-0.9965521693229675 0.0822601467370987 0.010812299326062202 0.06765840947628021 0.8811641931533813 -0.4679444134235382 -0.048020582646131516 -0.4655994772911072 -0.8836917877197266,-48.14103317260742 14.290247917175293 682.75439453125,0.69
5,86,1,0.9556293487548828,-0.9948160648345947 0.09834614396095276 0.025861721485853195 0.07466737180948257 0.8790909051895142 -0.47076937556266785 -0.06903315335512161 -0.4663979113101959 -0.8818771839141846,-65.16828918457031 -5.38068962097168 690.7314453125,0.69
5,94,1,0.18935322761535645,-0.9952483177185059 0.09331250935792923 0.02781270071864128 0.06771883368492126 0.8685864806175232 -0.4908885955810547 -0.06996379047632217 -0.486672580242157 -0.8707782626152039,-70.38565826416016 -44.4759635925293 715.0401611328125,0.69
5,100,1,0.9634304046630859,-0.997502326965332 0.06619567424058914 0.024645211175084114 0.04762757942080498 0.8879899382591248 -0.4573899805545807 -0.052161939442157745 -0.455073744058609 -0.8889246582984924,-53.40873718261719 -69.83915710449219 718.9734497070312,0.69
5,107,1,0.9634304046630859,-0.9995551109313965 -0.012596742250025272 0.027033789083361626 -0.022834474220871925 0.9063186049461365 -0.4219774901866913 -0.019185686483979225 -0.4224070608615875 -0.9062030911445618,-19.509126663208008 -86.86646270751953 734.0822143554688,0.69
5,117,1,0.960956335067749,-0.9885356426239014 -0.14827440679073334 0.028495777398347855 -0.1478225588798523 0.911979079246521 -0.3826785087585449 0.030753880739212036 -0.3825036585330963 -0.9234420657157898,33.4942626953125 -74.91859436035156 730.8287353515625,0.69
5,127,1,0.9682917594909668,-0.9878590106964111 -0.1545070856809616 -0.016192086040973663 -0.1370023787021637 0.9155662059783936 -0.3781123459339142 0.07324595749378204 -0.3713033199310303 -0.9256181120872498,57.49644088745117 -31.197662353515625 708.325927734375,0.69
5,138,1,0.9429526329040527,-0.9978272914886475 -0.06164560839533806 -0.023250723257660866 -0.04580480232834816 0.9027456641197205 -0.4277293086051941 0.047357115894556046 -0.4257349669933319 -0.9036078453063965,31.045347213745117 16.68608283996582 686.2543334960938,0.69
5,149,1,0.9702291488647461,-0.9994708895683289 0.03239142522215843 0.0029729590751230717 0.023880280554294586 0.7927529215812683 -0.609075129032135 -0.022085634991526604 -0.6086817979812622 -0.7931069135665894,-30.896215438842773 -1.3483785390853882 674.0679931640625,0.69
5,195,1,0.9575600624084473,-0.9899293780326843 -0.14126011729240417 0.009238425642251968 -0.1238403171300888 0.8325419425964355 -0.5399421453475952 0.06858091056346893 -0.535648763179779 -0.841651439666748,55.001258850097656 -64.68619537353516 736.6778564453125,0.69
5,208,1,0.9542274475097656,-0.9963607788085938 -0.08422467112541199 -0.01308666355907917 -0.06175065040588379 0.8191102147102356 -0.5703027844429016 0.05875298008322716 -0.5674192309379578 -0.8213303685188293,37.78152084350586 -11.340581893920898 686.281494140625,0.69
5,215,1,0.9561169147491455,-0.9993742108345032 -0.03505939245223999 -0.004681963007897139 -0.02488907426595688 0.7910885214805603 -0.611194908618927 0.02513197436928749 -0.6106958985328674 -0.7914661765098572,2.8456881046295166 2.224658966064453 682.2877807617188,0.69
5,221,1,0.97119140625,-0.9992992281913757 0.03641097620129585 -0.008680523373186588 0.02957019954919815 0.6257215738296509 -0.7794857621192932 -0.022950248792767525 -0.7791962027549744 -0.626359760761261,-27.76527214050293 -23.23952865600586 686.8115844726562,0.69
5,239,1,0.896378755569458,-0.9967081546783447 0.07499389350414276 0.03080105222761631 0.018521875143051147 0.5805054903030396 -0.8140456676483154 -0.0789286345243454 -0.8107954859733582 -0.5799835920333862,-66.50978088378906 -79.01594543457031 734.6079711914062,0.69
5,280,1,0.9668128490447998,-0.9948445558547974 -0.0988430306315422 0.022681662812829018 -0.08433115482330322 0.6821004748344421 -0.7263794541358948 0.056326378136873245 -0.7245473861694336 -0.6869194507598877,40.54182434082031 -34.06736373901367 700.9994506835938,0.69
5,290,1,0.9599609375,-0.9997250437736511 -0.021460579708218575 0.009448571130633354 -0.017721660435199738 0.42764002084732056 -0.9037753939628601 0.015354957431554794 -0.9036943912506104 -0.4279027581214905,-7.108094215393066 -43.625545501708984 700.1293334960938,0.69
5,293,1,0.9653487205505371,-0.99968022108078 0.022485995665192604 -0.01156757865101099 0.020337063819169998 0.44308048486709595 -0.8962512016296387 -0.015027732588350773 -0.8961997628211975 -0.44339612126350403,-23.995145797729492 -45.14793395996094 695.0216674804688,0.69
5,317,1,0.9599802494049072,-0.998408854007721 0.03993656858801842 0.03980939835309982 -0.017089584842324257 0.45847582817077637 -0.8885424733161926 -0.053736988455057144 -0.8878090381622314 -0.45706385374069214,-50.040218353271484 -103.72571563720703 780.9020385742188,0.69
5,324,1,0.9541237354278564,-0.9981096982955933 0.012913491576910019 0.06008483096957207 -0.04571710154414177 0.4973701536655426 -0.8663329482078552 -0.04107178747653961 -0.8674421906471252 -0.4958396553993225,-14.88431453704834 -112.3086929321289 792.5156860351562,0.69
5,332,1,0.9546117782592773,-0.9968200922012329 -0.05375216156244278 0.05882510170340538 -0.0780455619096756 0.5096073746681213 -0.8568600416183472 0.016080373898148537 -0.8587263226509094 -0.5121819972991943,28.2088565826416 -107.2633056640625 793.1260986328125,0.69
5,353,1,0.9638845920562744,-0.996691882610321 -0.07610033452510834 0.028531471267342567 -0.06408441066741943 0.5199711322784424 -0.8517765402793884 0.04998493567109108 -0.8507871627807617 -0.5231278538703918,38.75613021850586 -52.0554084777832 704.5682373046875,0.69
5,377,1,0.9234812259674072,-0.9958819150924683 0.07757583260536194 -0.046917226165533066 0.06672690808773041 0.27686095237731934 -0.9585903882980347 -0.06137389689683914 -0.9577735066413879 -0.28089720010757446,-67.40408325195312 -84.21379852294922 739.0313110351562,0.69
5,409,1,0.9633965492248535,-0.9975491762161255 -0.05068114027380943 0.048239242285490036 -0.06244905665516853 0.3339822590351105 -0.9405083060264587 0.03155498951673508 -0.9412158131599426 -0.33632874488830566,49.64705276489258 -99.24935913085938 781.58203125,0.69
5,423,1,0.9638845920562744,-0.9954431653022766 -0.0877944603562355 0.037216443568468094 -0.06548351049423218 0.3456708490848541 -0.9360681772232056 0.06931696087121964 -0.9342396855354309 -0.349844753742218,45.76236343383789 -71.98579406738281 721.6424560546875,0.69
7,3,1,0.960956335067749,-0.9949406981468201 -0.10002665221691132 -0.009357388131320477 -0.0933162122964859 0.9546443223953247 -0.28274765610694885 0.037215281277894974 -0.28044393658638 -0.9591487050056458,43.20175552368164 95.24732208251953 717.0498657226562,0.69
7,13,1,0.9585161209106445,-0.9729421138763428 0.23046962916851044 0.016350582242012024 0.21460312604904175 0.9276449084281921 -0.30564770102500916 -0.085610032081604 -0.29386863112449646 -0.9520043134689331,-38.954017639160156 104.99617004394531 719.8900146484375,0.69
7,21,1,0.9609375,-0.9405812621116638 0.3362034857273102 0.047687605023384094 0.3052453100681305 0.898655354976654 -0.3150300681591034 -0.14876893162727356 -0.2817549705505371 -0.947882890701294,-91.72167205810547 64.80452728271484 733.5078125,0.69
7,30,1,0.962925910949707,-0.9644951820373535 0.25557398796081543 0.06656619161367416 0.22322098910808563 0.9235863089561462 -0.3117060959339142 -0.14114360511302948 -0.28578001260757446 -0.9478439688682556,-102.82950592041016 -6.80987548828125 750.0125122070312,0.69
7,39,1,0.9599609375,-0.993598461151123 0.10342922061681747 0.04543609172105789 0.08603142946958542 0.9534420371055603 -0.2890447676181793 -0.07321635633707047 -0.2832854986190796 -0.956236720085144,-58.43238067626953 -64.15678405761719 764.4346313476562,0.69
7,54,1,0.9648771286010742,-0.969978928565979 -0.2420138120651245 0.02387942746281624 -0.23994019627571106 0.9363989233970642 -0.25609707832336426 0.039618365466594696 -0.25413841009140015 -0.9663560390472412,58.677345275878906 -52.61427688598633 761.1993408203125,0.69
7,62,1,0.9546117782592773,-0.936767041683197 -0.3499131500720978 0.005315879825502634 -0.3387579023838043 0.902881920337677 -0.26466429233551025 0.08780992031097412 -0.24972957372665405 -0.9643259048461914,88.80010223388672 4.603476524353027 741.3763427734375,0.69
7,67,1,0.9624204635620117,-0.9157350063323975 -0.4011041522026062 0.023341288790106773 -0.39177730679512024 0.8785387277603149 -0.27327650785446167 0.08910611271858215 -0.25939345359802246 -0.9616522789001465,84.61046600341797 44.93882751464844 734.4345092773438,0.69
7,71,1,0.9599802494049072,-0.974798321723938 -0.22293418645858765 -0.008277567103505135 -0.21178826689720154 0.9364460706710815 -0.2796684801578522 0.07009915262460709 -0.270867258310318 -0.9600610136985779,69.05741119384766 73.72014617919922 726.2177734375,0.69
7,81,1,0.9638845920562744,-0.9981347322463989 0.05995438992977142 -0.011508765630424023 0.05945857614278793 0.9119513630867004 -0.405967116355896 -0.013844075612723827 -0.4058941602706909 -0.9138152599334717,-0.7193335890769958 91.82237243652344 702.6465454101562,0.69
7,87,1,0.9658682346343994,-0.9932768940925598 0.10883228480815887 0.03945482522249222 0.08319064229726791 0.908065676689148 -0.41048264503479004 -0.08050134778022766 -0.40444064140319824 -0.9110143780708313,-51.07283401489258 83.28252410888672 708.0084838867188,0.69
7,94,1,0.9633965492248535,-0.9703442454338074 0.23949916660785675 0.03274312615394592 0.20176054537296295 0.8770489692687988 -0.4359789788722992 -0.1331339329481125 -0.41644343733787537 -0.8993610143661499,-93.64757537841797 46.44432830810547 728.1590576171875,0.69
7,102,1,0.9599990844726562,-0.9805293679237366 0.19233271479606628 0.03962794691324234 0.14962075650691986 0.8624164462089539 -0.48358190059661865 -0.1271844208240509 -0.4682370722293854 -0.8744015693664551,-103.48200225830078 -12.816784858703613 752.9328002929688,0.69
7,112,1,0.9638671875,-0.9986713528633118 0.035538431257009506 0.03731634095311165 0.015003903768956661 0.8933033347129822 -0.44920361042022705 -0.04929880425333977 -0.44804686307907104 -0.89264976978302,-55.002384185791016 -70.95671081542969 780.0116577148438,0.69
7,130,1,0.9614443778991699,-0.9801720976829529 -0.19743846356868744 -0.01675429567694664 -0.1688389778137207 0.8764551281929016 -0.4509100914001465 0.10371137410402298 -0.4391407370567322 -0.8924121856689453,78.1097412109375 -37.41017150878906 768.9205322265625,0.69
7,155,1,0.9653487205505371,-0.9999488592147827 -0.002689899178221822 0.009753926657140255 -0.007664077915251255 0.8307428359985352 -0.5566036105155945 -0.006605798378586769 -0.556649923324585 -0.8307209014892578,-21.973148345947266 71.61090850830078 694.689697265625,0.69
7,166,1,0.9682917594909668,-0.9847774505615234 0.17350304126739502 0.01049608550965786 0.1355484575033188 0.8043487071990967 -0.5784894227981567 -0.10881217569112778 -0.5682606101036072 -0.8156224489212036,-95.15922546386719 28.209331512451172 724.765869140625,0.69
7,185,1,0.96875,-0.9993957877159119 0.017772184684872627 0.02986879274249077 -0.004799825605005026 0.780572235584259 -0.6250470876693726 -0.03442320600152016 -0.6248127222061157 -0.7800153493881226,-42.152427673339844 -77.7772445678711 796.1885986328125,0.69
7,198,1,0.9702291488647461,-0.9916580319404602 -0.12889210879802704 -0.0010994889307767153 -0.1016441062092781 0.7872085571289062 -0.6082526445388794 0.07926449179649353 -0.6030668616294861 -0.7937427759170532,60.426414489746094 -61.857269287109375 797.1810913085938,0.69
7,207,1,0.9673309326171875,-0.979401707649231 -0.20188263058662415 -0.003967597149312496 -0.16051654517650604 0.7903408408164978 -0.5912662744522095 0.12250214070081711 -0.5784503221511841 -0.8064666390419006,90.67201232910156 -6.814429759979248 753.4807739257812,0.69
7,219,1,0.975597620010376,-0.99200838804245 -0.12617023289203644 0.0007566138519905508 -0.08767258375883102 0.6849849224090576 -0.7232628464698792 0.09073597192764282 -0.717549204826355 -0.6905723810195923,47.94442367553711 40.03707504272461 699.1727905273438,0.69
7,229,1,0.9741334915161133,-0.999716579914093 0.017489397898316383 0.01615147851407528 7.261252903845161e-05 0.6806852221488953 -0.7325760126113892 -0.023806385695934296 -0.7323671579360962 -0.6804935932159424,-34.1103515625 48.62116241455078 689.6106567382812,0.69
7,239,1,0.9702291488647461,-0.9895414710044861 0.14374415576457977 -0.012049924582242966 0.10442991554737091 0.656257152557373 -0.7472757697105408 -0.09950867295265198 -0.7407187819480896 -0.6644048690795898,-96.31306457519531 10.500499725341797 724.2677001953125,0.69
7,251,1,0.9449772834777832,-0.9950264692306519 0.0964794009923935 0.024774475023150444 0.04065544158220291 0.6204133629798889 -0.7832204699516296 -0.09093506634235382 -0.7783178687095642 -0.6212502717971802,-85.93321228027344 -54.867549896240234 794.8421020507812,0.69
7,270,1,0.9755859375,-0.9957669377326965 -0.09188175946474075 -0.0024390520993620157 -0.05782115459442139 0.6468222141265869 -0.760445773601532 0.07144872844219208 -0.7570857405662537 -0.6493968963623047,57.956485748291016 -64.43505859375 815.1530151367188,0.69
7,277,1,0.9712052345275879,-0.9882259368896484 -0.15291035175323486 0.005282337311655283 -0.10469482094049454 0.6506367921829224 -0.7521374821662903 0.11157272011041641 -0.7438347935676575 -0.6589850783348083,87.95829010009766 -30.2535343170166 773.31640625,0.69
7,285,1,0.9692530632019043,-0.9827648401260376 -0.1840309351682663 0.017485372722148895 -0.1380740851163864 0.6678553223609924 -0.7313718199729919 0.12291735410690308 -0.7211807370185852 -0.6817547082901001,81.83028411865234 14.521484375 728.4593505859375,0.69
7,289,1,0.9726693630218506,-0.9923130869865417 -0.12302514165639877 0.01340269111096859 -0.07629916071891785 0.5229373574256897 -0.8489493727684021 0.09743334352970123 -0.8434461355209351 -0.5283042788505554,58.700965881347656 16.663379669189453 705.0330810546875,0.69
7,295,1,0.9755859375,-0.9959730505943298 -0.07275699824094772 0.05238395556807518 -0.08146180212497711 0.49042603373527527 -0.8676671981811523 0.037438392639160156 -0.8684403896331787 -0.49437808990478516,13.634175300598145 28.713722229003906 690.1196899414062,0.69
7,306,1,0.9746215343475342,-0.9958071708679199 0.09147307276725769 0.0008829202852211893 0.047867301851511 0.5292762517929077 -0.8470982313156128 -0.07795398682355881 -0.8435041904449463 -0.5314356088638306,-73.90907287597656 13.515275955200195 702.9172973632812,0.69
7,314,1,0.9663248062133789,-0.9932891130447388 0.11502857506275177 0.012050132267177105 0.05007437244057655 0.5216225981712341 -0.8517056703567505 -0.10425610095262527 -0.8453866243362427 -0.5238819718360901,-104.40640258789062 -19.557462692260742 756.4027709960938,0.69
7,328,1,0.97216796875,-0.9991384148597717 0.03801734000444412 0.01664561778306961 0.0028648197185248137 0.4633045196533203 -0.8861944675445557 -0.041402749717235565 -0.8853832483291626 -0.46301427483558655,-49.6547966003418 -70.89413452148438 831.9163818359375,0.69
7,342,1,0.9517288208007812,-0.9969858527183533 -0.07639596611261368 -0.013519013300538063 -0.027654150500893593 0.5127420425415039 -0.85809725522995 0.07248693704605103 -0.8551369309425354 -0.5133092999458313,61.133792877197266 -60.28831481933594 821.8250732421875,0.69
7,348,1,0.9638845920562744,-0.9923692345619202 -0.12271595746278763 0.011998879723250866 -0.07153010368347168 0.49370133876800537 -0.8666847348213196 0.10043217986822128 -0.8609296083450317 -0.4987119436264038,87.46846008300781 -36.85337829589844 789.0985107421875,0.69
7,354,1,0.9643726348876953,-0.9863317608833313 -0.1605791300535202 0.03693290427327156 -0.11295609921216965 0.49576860666275024 -0.8610774874687195 0.11996089667081833 -0.85347980260849 -0.5071306824684143,89.72106170654297 -10.104418754577637 749.7039794921875,0.69
7,366,1,0.96923828125,-0.9974074959754944 -0.049692679196596146 0.05204698070883751 -0.0657457709312439 0.3352634310722351 -0.9398276209831238 0.029253104701638222 -0.9408129453659058 -0.33766135573387146,27.163785934448242 5.432126522064209 692.90087890625,0.69
7,378,1,0.9638671875,-0.9964777827262878 0.0825972929596901 0.014479066245257854 0.012588055804371834 0.3180461525917053 -0.9479917287826538 -0.08290655165910721 -0.9444704055786133 -0.31796568632125854,-70.36549377441406 -3.7747538089752197 705.8378295898438,0.69
7,385,1,0.9322261810302734,-0.9941757917404175 0.09386716783046722 0.05294818431138992 -0.01274579856544733 0.38544562458992004 -0.9226424694061279 -0.1070144921541214 -0.9179437160491943 -0.3820042312145233,-101.17007446289062 -23.933805465698242 747.7098999023438,0.69
7,393,1,0.19177913665771484,-0.9956074357032776 0.08635728061199188 0.03616999089717865 -0.00932029727846384 0.2929886281490326 -0.9560704231262207 -0.09316104650497437 -0.9522079825401306 -0.29089680314064026,-95.72893524169922 -51.63383865356445 818.239990234375,0.69
7,428,1,0.96435546875,-0.987920343875885 -0.15193764865398407 0.030471311882138252 -0.08439808338880539 0.36263635754585266 -0.9281011819839478 0.12996350228786469 -0.9194617867469788 -0.3710790276527405,86.7849349975586 -16.08108139038086 743.1158447265625,0.69
7,435,1,0.9594922065734863,-0.9954825043678284 -0.09235569834709167 0.022022878751158714 -0.0457724891602993 0.2636081278324127 -0.9635432958602905 0.08318330347537994 -0.9601985216140747 -0.2666446268558502,53.17770004272461 -29.27899742126465 698.7444458007812,0.69
9,11,1,0.9682769775390625,-0.997763991355896 0.04737277701497078 -0.04714670032262802 0.05982353910803795 0.9475544691085815 -0.31394538283348083 0.02980159968137741 -0.31606388092041016 -0.948269784450531,39.04802703857422 51.743709564208984 730.6956787109375,0.69
9,11,1,0.9663558006286621,0.10164864361286163 0.1014806479215622 -0.9896308183670044 0.9928082823753357 -0.07358530908823013 0.09442927688360214 -0.06323955208063126 -0.9921122789382935 -0.10823068022727966,-11.24595832824707 63.58809661865235 752.26025390625,0.69
9,11,1,0.960956335067749,-0.9990771412849426 -0.005272426642477512 0.04262600094079971 -0.01573648303747177 0.9683606624603271 -0.2490580677986145 -0.03996420279145241 -0.24949902296066284 -0.9675500392913818,-7.276859283447266 98.5535888671875 715.3648681640625,0.69
9,21,1,0.9721941947937012,-0.6586129069328308 -0.012493044137954712 -0.7523781657218933 0.7488433718681335 -0.10908888280391693 -0.6537073254585266 -0.07390929758548737 -0.9939534664154053 0.0812026858329773,-54.15754699707031 43.18939208984375 772.8410034179688,0.69
9,21,1,0.9640066623687744,-0.9942197799682617 0.10736138373613358 -0.0007476854370906949 0.10224585980176926 0.9446769952774048 -0.3116585612297058 -0.03275377303361893 -0.30993354320526123 -0.9501938223838806,-13.899428367614746 69.67321014404297 725.990478515625,0.69
9,21,1,0.9634304046630859,-0.9152816534042358 0.4025648236274719 0.01418213453143835 0.3816176652908325 0.8778507709503174 -0.28938931226730347 -0.12894774973392487 -0.25946059823036194 -0.9571064710617065,-81.96954345703125 67.56571197509766 728.771728515625,0.69
9,31,1,0.9644365310668945,-0.9941927790641785 0.08304920792579651 0.06843649595975876 0.055177100002765656 0.9393853545188904 -0.338394433259964 -0.09239161759614944 -0.3326531648635864 -0.9385125041007996,-63.37263488769532 42.91231918334961 738.1968383789062,0.69
9,31,1,0.960486888885498,-0.9380907416343689 0.3451530933380127 0.029241567477583885 0.3240455389022827 0.9042746424674988 -0.2779962420463562 -0.1223936602473259 -0.2513101100921631 -0.9601370096206665,-104.82628631591797 -8.716140747070312 749.8633422851562,0.69
9,31,1,0.9546542167663574,-0.9958504438400269 0.07690680772066116 0.048654697835445404 -0.06426772475242615 -0.2157892882823944 -0.9743226766586304 -0.06443287432193756 -0.9734066128730774 0.21983648836612701,-64.12600708007812 -1.8014545440673828 783.0789794921875,0.69
9,57,1,0.9653487205505371,0.6196244955062866 -0.25905364751815796 0.7409161329269409 -0.7796270251274109 -0.09391415119171143 0.6191621422767639 -0.09081371128559113 -0.9612862467765808 -0.2601567506790161,35.85910415649414 -22.23541831970215 779.9588012695312,0.69
9,57,1,0.960956335067749,-0.9957689642906189 -0.08243715763092041 0.040597327053546906 -0.0887766033411026 0.9770910143852234 -0.19342155754566193 -0.023722156882286072 -0.19620728492736816 -0.9802755117416382,-2.3979690074920654 -57.3935546875 768.3521728515625,0.69
9,57,1,0.9590041637420654,-0.9494934678077698 -0.3105393052101135 0.04502857103943825 -0.3123778998851776 0.9218631982803345 -0.2293214648962021 0.02970314770936966 -0.23180516064167023 -0.9723086953163147,65.55767059326172 -55.27886962890625 772.2554931640625,0.69
9,64,1,0.96337890625,-0.9803774952888489 -0.1943066120147705 0.03324021026492119 -0.19704964756965637 0.9611555933952332 -0.19326519966125488 0.0056036910973489285 -0.19602283835411072 -0.9805833697319031,34.23957443237305 -42.653995513916016 766.1565551757812,0.69
9,64,1,0.9565844535827637,0.9650335907936096 -0.12405918538570404 0.23090976476669312 -0.256669819355011 -0.268427312374115 0.9284757971763611 -0.05320347473025322 -0.9552779197692871 -0.2908836603164673,47.38963317871094 7.91654634475708 779.3042602539062,0.69
9,64,1,0.951683521270752,-0.9003319144248962 -0.43285486102104187 0.04515752196311951 -0.4304390549659729 0.8703553676605225 -0.23917318880558014 0.06422418355941772 -0.23477281630039215 -0.9699262380599976,89.05235290527344 -3.5269434452056885 755.0560913085938,0.69
9,91,1,0.970703125,-0.505635142326355 -0.07018624246120453 -0.8598878383636475 0.8608887195587158 -0.1064351350069046 -0.4975361227989197 -0.056602079421281815 -0.9918394088745117 0.1142398864030838,-45.5660400390625 39.73094177246094 762.9024658203125,0.69
9,91,1,0.97021484375,-0.9998684525489807 0.01148627046495676 -0.011452439241111279 0.015485485084354877 0.8860721588134766 -0.4632885456085205 0.004826230462640524 -0.46340495347976685 -0.8861334919929504,0.2394300252199173 53.55354690551758 713.3704833984375,0.69
9,91,1,0.9677889347076416,-0.9864546060562134 0.1606869250535965 0.0329689122736454 0.13235057890415192 0.8984119892120361 -0.4187351167201996 -0.0969049260020256 -0.40869975090026855 -0.9075097441673279,-66.48808288574219 64.22048950195312 711.8164672851562,0.69
9,100,1,0.9643726348876953,-0.9981497526168823 0.055313803255558014 0.025248132646083832 0.03612950071692467 0.87353515625 -0.48541826009750366 -0.04890546202659607 -0.4836079180240631 -0.8739173412322998,-48.80839920043945 41.83790588378906 725.2819213867188,0.69
9,100,1,0.9604682922363281,-0.9744685292243958 0.22382256388664246 0.017736662179231644 0.19242578744888306 0.8732498288154602 -0.44766849279403687 -0.11568684130907059 -0.43282586336135864 -0.8940236568450928,-105.5623550415039 7.085926532745361 749.2755126953125,0.69
9,100,1,0.9585161209106445,-0.9623385667800903 -0.06751212477684021 -0.263337641954422 0.2692137062549591 -0.3713434040546417 -0.8886102437973022 -0.03779671713709831 -0.9260380268096924 0.37553319334983826,-66.57242584228516 5.357102870941162 793.52880859375,0.69
9,108,1,0.9595112800598145,-0.897544801235199 0.2234061062335968 0.3801354169845581 -0.4302191138267517 -0.254913866519928 -0.8659852743148804 -0.09656461328268051 -0.9408020377159119 0.3249102234840393,-54.69902801513672 -28.583593368530273 796.3999633789062,0.69
9,108,1,0.9585356712341309,-0.9851890206336975 0.1714063435792923 0.004744408186525106 0.1488693505525589 0.8687289357185364 -0.472385436296463 -0.0850914716720581 -0.4646826386451721 -0.8813793063163757,-91.28849029541016 -50.677162170410156 771.8390502929688,0.69
9,108,1,0.9536356925964355,-0.9951605796813965 0.0889238491654396 0.041808221489191055 0.05595599487423897 0.8625994920730591 -0.5027832388877869 -0.08077317476272583 -0.4980106055736542 -0.8634008765220642,-74.16486358642578 7.619646072387695 752.4739990234375,0.69
9,118,1,0.9692673683166504,-0.28482353687286377 0.08932885527610779 0.954408586025238 -0.957258403301239 0.025759762153029442 -0.2880849242210388 -0.05031963810324669 -0.9956690073013306 0.07817380130290985,-13.167032241821289 -49.28130340576172 802.4605712890625,0.69
9,118,1,0.9644055366516113,-0.9977745413780212 0.050256263464689255 0.04382019117474556 0.024895301088690758 0.8904579877853394 -0.4543839991092682 -0.061855681240558624 -0.4522818624973297 -0.8897274732589722,-61.99631118774414 -41.52092361450195 779.5820922851562,0.69
9,118,1,0.9604682922363281,-0.9996501207351685 -0.00820462591946125 0.025146018713712692 -0.018219443038105965 0.9027702212333679 -0.42973706126213074 -0.019175246357917786 -0.4300448000431061 -0.9026038646697998,-22.709688186645508 -90.64373779296875 794.90234375,0.69
9,128,1,0.955078125,-0.9970337152481079 -0.06592552363872528 0.03971909359097481 -0.07607381045818329 0.9224641919136047 -0.37851375341415405 -0.011685727164149284 -0.38041257858276367 -0.924743115901947,-11.247666358947754 -64.16532897949219 783.5684814453125,0.69
9,128,1,0.953700065612793,0.4609687030315399 -0.36076924204826355 0.8107733726501465 -0.8815252780914307 -0.08105786144733429 0.46512675285339355 -0.10208384692668915 -0.9291260242462158 -0.35539230704307556,31.640392303466797 -33.53874206542969 786.0401000976562,0.69
9,128,1,0.9512186050415039,-0.9834902882575989 -0.17985913157463074 0.019941553473472595 -0.17280487716197968 0.9007311463356018 -0.3985248804092407 0.05371636152267456 -0.3953913450241089 -0.9169407486915588,56.31036376953125 -69.09056091308594 780.7325439453125,0.69
9,136,1,0.9565639495849609,-0.9694504737854004 -0.24528619647026062 -0.0006643747328780591 -0.22344137728214264 0.8842235207557678 -0.41014957427978516 0.10119148343801498 -0.39747121930122375 -0.9120180606842041,89.33844757080078 -17.253398895263672 764.8953247070312,0.69
9,136,1,0.9541015625,0.9446691870689392 -0.1938387155532837 0.2646254599094391 -0.32358798384666443 -0.4184497892856598 0.848640501499176 -0.05376691743731499 -0.8873140811920166 -0.45802050828933716,48.658748626708984 -2.8251380920410156 782.0616455078125,0.69
9,136,1,0.9488496780395508,-0.991710364818573 -0.1283237189054489 0.006603600457310677 -0.12275772541761398 0.9310062527656555 -0.34374114871025085 0.03796214237809181 -0.34170234203338623 -0.939041256904602,32.44485092163086 -51.434234619140625 777.0535888671875,0.69
9,147,1,0.96630859375,-0.9841294884681702 -0.177345409989357 0.006151547655463219 -0.14998608827590942 0.8127802014350891 -0.5629321336746216 0.09483356773853302 -0.5549207329750061 -0.8264802694320679,62.62555694580078 40.463623046875 715.5518188476562,0.69
9,147,1,0.962925910949707,-0.9932297468185425 -0.11338987201452255 -0.025248127058148384 -0.08106762915849686 0.8322314620018005 -0.5484696626663208 0.08320318162441254 -0.5427095890045166 -0.8357892036437988,58.455448150634766 -13.484411239624023 749.1978149414062,0.69
9,147,1,0.9421305656433105,0.7350360751152039 0.35089966654777527 -0.5801649689674377 0.6743330955505371 -0.4675379693508148 0.5715620517730713 -0.07068824023008347 -0.8113431334495544 -0.5802805423736572,30.820419311523438 29.163591384887695 761.5590209960938,0.69
9,167,1,0.9643893241882324,-0.9892346262931824 0.14633288979530334 0.0012562694028019905 0.11751437932252884 0.7994741201400757 -0.589093804359436 -0.08720815181732178 -0.5826043486595154 -0.8080636858940125,-87.45397186279297 31.215007781982422 727.8389282226562,0.69
9,167,1,0.95947265625,-0.9999290704727173 0.01117731537669897 -0.004119771532714367 0.011390818282961845 0.7959347367286682 -0.6052753329277039 -0.003486281493678689 -0.6052793264389038 -0.7960056066513062,-19.515729904174805 38.18487548828125 723.427490234375,0.69
9,167,1,0.95751953125,-0.6908994317054749 -0.23608237504959106 -0.6833177208900452 0.72210294008255 -0.2711169421672821 -0.6364455223083496 -0.035005439072847366 -0.9331456422805786 0.3577902913093567,-57.29951477050781 17.794391632080078 766.1758422851562,0.69
9,179,1,0.967871904373169,-0.9898200631141663 0.142228364944458 -0.005230632144957781 0.11320368200540543 0.7644875049591064 -0.6346210241317749 -0.08626235276460648 -0.6287527680397034 -0.7728058099746704,-97.00535583496094 -46.56363296508789 776.5814208984375,0.69
9,179,1,0.9619140625,-0.9964935779571533 0.07784080505371094 0.030682310461997986 0.04236097261309624 0.7856031060218811 -0.6172789335250854 -0.07215360552072525 -0.6138147711753845 -0.7861458659172058,-71.22468566894531 3.4710655212402344 748.9829711914062,0.69
9,179,1,0.9419775009155273,-0.9171828031539917 0.26219263672828674 0.300051212310791 -0.3899853825569153 -0.4361274838447571 -0.8109896779060364 -0.08177495002746582 -0.8608413338661194 0.5022599101066589,-59.7530517578125 -28.431243896484375 805.0057373046875,0.69
9,195,1,0.9585161209106445,0.050093188881874084 -0.12239210307598114 0.9912168383598328 -0.9958388209342957 0.06952963769435883 0.05891205370426178 -0.07612932473421097 -0.9900432825088501 -0.11839985847473145,9.308856010437012 -49.078792572021484 806.2051391601562,0.69
9,195,1,0.9556088447570801,-0.9956241250038147 -0.08632595092058182 0.035785071551799774 -0.09048563987016678 0.794893205165863 -0.5999642610549927 0.023347172886133194 -0.6005769371986389 -0.7992260456085205,15.870906829833983 -89.50527954101562 813.7056884765625,0.69
9,195,1,0.9326498508453369,-0.9987712502479553 -0.0029972747433930635 0.049467120319604874 -0.030816778540611267 0.8192775249481201 -0.5725685358047485 -0.038811150938272476 -0.5733894109725952 -0.8183632493019104,-42.24434280395508 -62.268035888671875 808.9961547851562,0.69
9,204,1,0.95703125,0.6121306419372559 -0.46166056394577026 0.642001211643219 -0.7846080660820007 -0.25354814529418945 0.5657769441604614 -0.09841865301132202 -0.8500487804412842 -0.5174271464347839,42.280609130859375 -26.78929901123047 793.5626831054688,0.69
9,204,1,0.9448771476745605,-0.9958091378211975 -0.08571936935186386 0.03187965974211693 -0.08898387849330902 0.8276330828666687 -0.5541709661483765 0.0211185272783041 -0.5546852946281433 -0.8317922353744507,9.409317970275879 -65.56485748291016 796.3462524414062,0.69
9,204,1,0.9417378902435303,-0.9758439660072327 -0.21551497280597687 0.03580484539270401 -0.1995754837989807 0.8127283453941345 -0.5473960638046265 0.08887242525815964 -0.5413188338279724 -0.8361074328422546,75.70181274414062 -54.24073791503906 785.9259033203125,0.69
9,210,1,0.952216386795044,-0.9952576160430908 -0.09713206440210342 -0.005248172674328089 -0.08080786466598511 0.8556169867515564 -0.5112627744674683 0.05415043607354164 -0.508414089679718 -0.859408438205719,38.94607925415039 -50.79952621459961 779.3870849609375,0.69
9,210,1,0.95166015625,0.9684792160987854 -0.20605823397636414 0.13995717465877533 -0.24015472829341888 -0.6232283711433411 0.7442527413368225 -0.06613412499427795 -0.7544046640396118 -0.6530695557594299,48.525054931640625 -3.5558278560638428 771.392822265625,0.69
9,210,1,0.9492673873901367,-0.9701699018478394 -0.2407488375902176 0.02846451848745346 -0.21522554755210876 0.8013207912445068 -0.5581781268119812 0.1115715503692627 -0.5476539134979248 -0.8292326927185059,90.9397201538086 -14.901996612548828 767.8287353515625,0.69
9,235,1,0.9673008918762207,-0.9995075464248657 -0.031200706958770752 0.003343484364449978 -0.02208792231976986 0.6238656640052795 -0.7812193632125854 0.022288711741566658 -0.7809085249900818 -0.6242476105690002,1.0848519802093506 21.679798126220703 715.0842895507812,0.69
9,235,1,0.96533203125,-0.9943317174911499 0.1050066277384758 -0.01667649857699871 0.08485334366559982 0.689218282699585 -0.7195679545402527 -0.06406565755605698 -0.71690434217453 -0.6942216753959656,-65.85071563720703 29.061723709106445 704.865478515625,0.69
9,235,1,0.9599609375,-0.434275358915329 -0.19999854266643524 -0.8782968521118164 0.9000687599182129 -0.13508866727352142 -0.41427916288375854 -0.035792719572782516 -0.9704387784004211 0.23867812752723694,-46.18625259399414 16.609209060668945 772.4425659179688,0.69
9,239,1,0.9702291488647461,-0.9997557997703552 0.018995745107531548 -0.011292606592178345 0.0208104457706213 0.6373299360275269 -0.7703099846839905 -0.007435495965182781 -0.7703568935394287 -0.6375696063041687,-22.46767807006836 20.896896362304688 724.899658203125,0.69
9,239,1,0.9692530632019043,-0.9873563647270203 0.15356606245040894 -0.03930433839559555 0.12914563715457916 0.6355177760124207 -0.7612085938453674 -0.09191719442605972 -0.7566601634025574 -0.6473149061203003,-89.8901596069336 12.483037948608398 728.7999267578125,0.69
9,239,1,0.9522380828857422,-0.6862106919288635 -0.3420076370239258 -0.6419857144355774 0.7268086671829224 -0.358042448759079 -0.5861354470252991 -0.02939535863697529 -0.8688132166862488 0.49426665902137756,-58.60858917236328 5.735778331756592 768.4785766601562,0.69
9,254,1,0.965364933013916,-0.9968339800834656 0.07183998078107834 0.034074462950229645 0.011370377615094185 0.5529410243034363 -0.8331427574157715 -0.07869414240121841 -0.8301175832748413 -0.5520071983337402,-75.14788055419922 -22.670673370361328 770.3565063476562,0.69
9,254,1,0.931316614151001,-0.9946309924125671 0.10347804427146912 -0.0012496657436713576 0.0681685209274292 0.6460546851158142 -0.7602410316467285 -0.07786090672016144 -0.7562444806098938 -0.649639904499054,-80.86077117919922 -68.83030700683594 808.4464111328125,0.69
9,254,1,0.9110956192016602,-0.6717174053192139 0.40832191705703735 0.6181172132492065 -0.7359952926635742 -0.27288609743118286 -0.6195514798164368 -0.08430084586143494 -0.8710949420928955 0.48382535576820374,-50.35836410522461 -43.29413986206055 828.1494140625,0.69
9,278,1,0.94970703125,0.6739665865898132 -0.5849857926368713 0.4511770009994507 -0.7317256927490234 -0.44450685381889343 0.5167118906974792 -0.10171785950660706 -0.6783843636512756 -0.7276318669319153,49.26274108886719 -23.611295700073242 801.22900390625,0.69
9,278,1,0.9177684783935547,-0.9810025691986084 -0.18984948098659515 0.039890699088573456 -0.16035708785057068 0.6778479814529419 -0.7175011038780212 0.109177365899086 -0.710267186164856 -0.6954142451286316,86.48219299316406 -44.05447006225586 794.6038818359375,0.69
9,278,1,0.8733165264129639,-0.9973236322402954 -0.06936214119195938 0.0231174286454916 -0.0657479465007782 0.7125429511070251 -0.6985412240028381 0.03198014199733734 -0.6981916427612305 -0.7151963710784912,23.199111938476562 -62.764583587646484 802.9755859375,0.69
9,310,1,0.96826171875,-0.992150068283081 0.12101376056671143 -0.03152775391936302 0.08947591483592987 0.5108245015144348 -0.8550159931182861 -0.08736354857683182 -0.851125180721283 -0.5176423788070679,-82.02812194824219 2.3742973804473877 724.6943969726562,0.69
9,310,1,0.9458527565002441,-0.9998717308044434 0.012704391032457352 -0.009758597239851952 0.014496861025691032 0.45834091305732727 -0.8886582255363464 -0.0068170977756381035 -0.8886857032775879 -0.45846623182296753,-13.316865921020508 5.207111358642578 728.215576171875,0.69
9,310,1,0.9258878231048584,-0.5304084420204163 -0.4041900932788849 -0.7451827526092529 0.8477416038513184 -0.25397491455078125 -0.46565115451812744 -0.0010461509227752686 -0.8787076473236084 0.4773591458797455,-55.14073181152344 -1.6349598169326782 785.0678100585938,0.69
9,319,1,0.94775390625,-0.9972499012947083 0.07350084185600281 -0.009505542926490307 0.04574136808514595 0.5094885230064392 -0.8592609167098999 -0.05831342935562134 -0.8573326468467712 -0.5114493370056152,-57.32140350341797 -9.621905326843262 723.8963012695312,0.69
9,319,1,0.9395112991333008,-0.9924455881118774 0.12230280786752701 -0.009680673480033875 0.061138659715652466 0.42461973428726196 -0.9033051133155823 -0.10636615008115768 -0.8970730304718018 -0.4288894236087799,-105.30589294433594 -36.36567687988281 778.1356201171875,0.69
9,319,1,0.7929916381835938,-0.9950909614562988 0.08673154562711716 0.04766211658716202 0.04252271726727486 0.8095961213111877 -0.5854450464248657 -0.08936361968517303 -0.5805443525314331 -0.8093097805976868,-58.70137023925781 -16.371639251708984 726.4288940429688,0.69
17,14,1,0.9610099792480469,-0.994854748249054 -0.09437234699726105 -0.03684736415743828 0.02360585331916809 0.13776546716690063 -0.9901835918426514 0.09852223843336105 -0.9859586358070374 -0.13482892513275146,74.94828033447266 13.698265075683594 770.3994750976562,0.69
17,14,1,0.9610099792480469,0.8930363059043884 -0.02929835207760334 -0.4490297734737396 0.3982837498188019 -0.41293853521347046 0.819055438041687 -0.2094186693429947 -0.9102875590324402 -0.35710006952285767,97.74678802490234 104.09225463867188 735.4268188476562,0.69
17,14,1,0.9546117782592773,-0.8721363544464111 0.4881508946418762 0.03296906128525734 0.4648174047470093 0.8477112650871277 -0.2555983364582062 -0.15271879732608795 -0.20759199559688568 -0.9662207365036011,-123.16636657714844 35.86117935180664 742.6395874023438,0.69
17,50,1,0.9624204635620117,0.9885945320129395 0.14930368959903717 -0.019724998623132706 0.1100158542394638 -0.6265161633491516 0.7716047763824463 0.10284541547298431 -0.7649742960929871 -0.635796308517456,-93.08544921875 4.089412212371826 774.490966796875,0.69
17,50,1,0.9546332359313965,-0.8258277773857117 0.30104291439056396 0.47684547305107117 -0.515546977519989 -0.06038494408130646 -0.8547309041023254 -0.22851639986038208 -0.9516968131065369 0.20506934821605682,-116.41880798339844 -89.31534576416016 798.4544677734375,0.69
17,50,1,0.9536356925964355,-0.9193562269210815 -0.39251336455345154 0.026784248650074005 -0.3822040557861328 0.8749160170555115 -0.2973921298980713 0.09329642355442047 -0.2836463451385498 -0.9543796181678772,103.16079711914062 -25.886417388916016 752.85205078125,0.69
17,92,1,0.9619324207305908,-0.9028152227401733 -0.04111874848604202 0.4280584156513214 -0.42315104603767395 -0.09237232059240341 -0.9013382196426392 0.07660264521837234 -0.9948751926422119 0.06599569320678711,63.23798751831054 38.56016540527344 753.8462524414062,0.69
