scene_id,im_id,obj_id,score,R,t,time
8,1,24,0.97265625,-0.9539576768875122 0.29785019159317017 0.035356130450963974 0.2777140140533447 0.9216379523277283 -0.2710319757461548 -0.1133124902844429 -0.24873411655426025 -0.9619207382202148,-105.73301696777344 -34.42471694946289 749.2809448242188,0.69
8,12,24,0.96826171875,-0.9999444484710693 0.006459745112806559 0.008329540491104126 0.003741087391972542 0.9562608003616333 -0.29249176383018494 -0.009854632429778576 -0.2924443483352661 -0.9562317728996277,-33.13729476928711 -95.91964721679688 766.7907104492188,0.69
8,18,24,0.9716796875,-0.9897570610046387 -0.1425260305404663 -0.008198720403015614 -0.13180358707904816 0.9343426823616028 -0.3311062753200531 0.05485168844461441 -0.32663416862487793 -0.9435577988624573,21.266611099243164 -95.41039276123047 768.5552368164062,0.69
8,25,24,0.9677734375,-0.9776670336723328 -0.2086278200149536 -0.025330545380711555 -0.18911296129226685 0.9259169697761536 -0.32697737216949463 0.09167055040597916 -0.31488466262817383 -0.9446926712989807,74.27019500732422 -61.55319595336914 760.275634765625,0.69
8,34,24,0.96728515625,-0.9552201628684998 -0.2908969819545746 -0.054160792380571365 -0.26549482345581055 0.9234119057655334 -0.27716967463493347 0.13064055144786835 -0.25037866830825806 -0.9592932462692261,96.57403564453125 13.00866413116455 733.543212890625,0.69
8,46,24,0.962890625,-0.9852419495582581 -0.16831324994564056 -0.03112717904150486 -0.15033090114593506 0.9378347992897034 -0.3128361403942108 0.08184660971164703 -0.303539901971817 -0.9492969512939453,34.79758834838867 95.52912902832031 719.8793334960938,0.69
8,52,24,0.9658203125,-0.9998824000358582 0.014619799330830574 0.004632436204701662 0.012340754270553589 0.9463395476341248 -0.32293829321861267 -0.009105149656534195 -0.32284316420555115 -0.9464086890220642,-19.306211471557617 101.81289672851562 710.4039916992188,0.69
8,58,24,0.9677734375,-0.9448668360710144 0.32722511887550354 0.01226020697504282 0.31270140409469604 0.9127755165100098 -0.2627902925014496 -0.09718239307403564 -0.24446804821491241 -0.9647750854492188,-68.89073181152344 81.88935852050781 706.035888671875,0.69
8,68,24,0.9643893241882324,-0.9453345537185669 0.3245053291320801 0.032231077551841736 0.30867037177085876 0.9223027229309082 -0.232551708817482 -0.10519108176231384 -0.20989039540290833 -0.9720498323440552,-112.88888549804688 8.534324645996094 738.7037963867188,0.69
8,84,24,0.9697265625,-0.9992837309837341 0.03611006960272789 0.011323985643684864 0.02768547646701336 0.9015529751777649 -0.43178215622901917 -0.025800859555602074 -0.4311593770980835 -0.9019067883491516,-38.005340576171875 -100.92420959472656 792.8133544921875,0.69
8,92,24,0.9668128490447998,-0.9883951544761658 -0.15189729630947113 0.001471347059123218 -0.13586032390594482 0.879626989364624 -0.45584890246391296 0.06794799119234085 -0.4507587254047394 -0.8900559544563293,34.14940643310547 -96.64082336425781 788.1530151367188,0.69
8,100,24,0.96923828125,-0.984578013420105 -0.1722482293844223 -0.030608288943767548 -0.13111822307109833 0.8423633575439453 -0.522716224193573 0.11582021415233612 -0.5106416344642639 -0.8519572019577026,87.0694808959961 -52.10405349731445 767.0869750976562,0.69
8,115,24,0.970703125,-0.9576963186264038 -0.28586864471435547 -0.03311877325177193 -0.2375102937221527 0.8501355648040771 -0.469955712556839 0.16250105202198029 -0.44220879673957825 -0.8820684552192688,63.00382995605469 59.344032287597656 710.2415161132812,0.69
8,127,24,0.96875,-0.9995711445808411 -0.014970380812883377 0.025167036801576614 -0.024878274649381638 0.8874658942222595 -0.46020132303237915 -0.015445498749613762 -0.46063005924224854 -0.8874577879905701,-40.61095428466797 78.14224243164062 698.246337890625,0.69
8,136,24,0.97119140625,-0.9749624729156494 0.21859566867351532 0.04079399257898331 0.17099794745445251 0.8542790412902832 -0.4908839464187622 -0.14215457439422607 -0.471617728471756 -0.8702693581581116,-101.7436752319336 31.520956039428714 724.7463989257812,0.69
8,144,24,0.97314453125,-0.9846568703651428 0.17379754781723022 0.0156614501029253 0.13151569664478302 0.7980943918228149 -0.5880042314529419 -0.11469300091266632 -0.5769227147102356 -0.8087062239646912,-110.27565002441406 -42.224632263183594 764.7313232421875,0.69
8,155,24,0.96728515625,-0.999245822429657 0.03687264025211334 0.012169601395726204 0.023622911423444748 0.8260347843170166 -0.5631237030029297 -0.030816376209259033 -0.5624115467071533 -0.8262829780578613,-45.666465759277344 -100.30097198486328 809.8002319335938,0.69
8,165,24,0.96630859375,-0.9909248352050781 -0.13433437049388885 0.004734700080007315 -0.11194326728582382 0.8052321672439575 -0.582297146320343 0.07440998405218124 -0.5775427222251892 -0.8129622340202332,42.86843490600586 -95.54682159423828 806.7625122070312,0.69
8,172,24,0.970703125,-0.9852443933486938 -0.17111288011074066 -0.0037303008139133453 -0.12943807244300842 0.7591923475265503 -0.6378659009933472 0.11197906732559204 -0.6279709339141846 -0.7701385021209717,87.519287109375 -58.524192810058594 778.9784545898438,0.69
8,178,24,0.97119140625,-0.981193482875824 -0.1930159330368042 -0.0020319621544331312 -0.1554570496082306 0.7964159846305847 -0.5844268202781677 0.11442197114229202 -0.5731199383735657 -0.8114439249038696,98.78965759277344 -15.759149551391603 749.8472290039062,0.69
8,194,24,0.97216796875,-0.9975222945213318 -0.06979125738143921 0.008852523751556873 -0.05619943141937256 0.7148427367210388 -0.6970232725143433 0.04231797158718109 -0.6957938075065613 -0.7169938087463379,4.012444972991943 62.75444412231445 695.42431640625,0.69
8,207,24,0.96875,-0.9850645661354065 0.16949333250522614 0.030329108238220215 0.1151224672794342 0.7792962193489075 -0.6159905195236206 -0.12804163992404938 -0.6032989025115967 -0.7871695756912231,-97.58394622802734 21.429880142211914 719.0941162109375,0.69
8,216,24,0.97216796875,-0.9844872951507568 0.1752990484237671 0.00743098882958293 0.11513251066207886 0.6773884892463684 -0.7265599966049194 -0.13239891827106476 -0.7144335508346558 -0.6870629191398621,-110.60832214355469 -46.6790885925293 768.2493896484375,0.69
8,228,24,0.96923828125,-0.999670147895813 0.01602206751704216 0.020074943080544472 -0.002201338764280081 0.7252668738365173 -0.6884644031524658 -0.025590313598513603 -0.6882814764976501 -0.7249922752380371,-41.27659225463867 -100.17698669433594 836.0762939453125,0.69
8,238,24,0.9507074356079102,-0.9883405566215515 -0.1505117118358612 0.02300228178501129 -0.12505581974983215 0.7162623405456543 -0.6865341663360596 0.08685577660799026 -0.6814060807228088 -0.7267335653305054,47.22553253173828 -92.7906265258789 827.8973999023438,0.69
8,263,24,0.974609375,-0.9893255829811096 -0.14569798111915588 -0.0026389046106487513 -0.09514448046684265 0.659559428691864 -0.745606541633606 0.1103738471865654 -0.7373965382575989 -0.6663813591003418,37.174156188964844 34.179237365722656 690.2501220703125,0.69
8,272,24,0.974609375,-0.9983907341957092 -0.0293114073574543 0.048545874655246735 -0.05448393151164055 0.7332245707511902 -0.6778002381324768 -0.015727750957012177 -0.6793544292449951 -0.7336416840553284,-44.24159240722656 34.917633056640625 688.3948364257812,0.69
8,280,24,0.97265625,-0.9892626404762268 0.1439017355442047 0.025527996942400932 0.08082080632448196 0.6841892004013062 -0.7248124480247498 -0.12176775187253952 -0.7149667143821716 -0.688473105430603,-99.34500122070312 2.5185868740081787 720.8184814453125,0.69
8,319,24,0.96826171875,-0.9932742118835449 -0.11576961725950241 -0.001919254777021706 -0.05425218865275383 0.4799859821796417 -0.8755970597267151 0.10228875279426575 -0.8696038126945496 -0.4830384850502014,98.47022247314453 -50.61769485473633 793.0,0.69
8,425,24,0.9658203125,-0.9909847378730774 0.12832394242286682 0.03849894553422928 0.01356374192982912 0.381980299949646 -0.9240709543228149 -0.133286252617836 -0.9152180552482605 -0.38027721643447876,-102.41789245605469 -32.92723083496094 736.9583740234375,0.69
10,5,24,0.97705078125,-0.9176936149597168 -0.06692582368850708 -0.3916111886501312 0.3915002644062042 -0.3199908435344696 -0.8627475500106812 -0.06757190823554993 -0.9450538158416748 0.3198550343513489,23.227622985839844 100.98887634277344 742.952392578125,0.69
10,13,24,0.97265625,-0.9515827298164368 0.16983501613140106 0.2562151551246643 -0.29798591136932373 -0.30504366755485535 -0.9045179486274719 -0.07546202093362808 -0.9370721578598022 0.340882807970047,-38.441219329833984 100.05191802978516 740.3740844726562,0.69
10,20,24,0.97412109375,-0.6263104677200317 0.21655932068824768 0.7488906383514404 -0.7790541052818298 -0.13879767060279846 -0.6113999485969543 -0.02846009097993374 -0.9663525223731995 0.2556418478488922,-81.0367660522461 68.93351745605469 752.9957275390625,0.69
10,29,24,0.96826171875,0.051553234457969666 -0.023889686912298203 0.9983844757080078 -0.9985448122024536 0.01460903137922287 0.05191108584403992 -0.01582556962966919 -0.9996078014373779 -0.023101767525076866,-95.81402587890625 4.489814281463623 777.2421875,0.69
10,35,24,0.97802734375,0.5305029153823853 -0.16108600795269012 0.8322367668151855 -0.8474528193473816 -0.0779009535908699 0.5251239538192749 -0.019758088514208794 -0.9838612079620361 -0.1778394728899002,-76.08171844482422 -36.00654220581055 791.5800170898438,0.69
10,45,24,0.96826171875,0.9885645508766174 -0.09539157152175903 0.11679261922836304 -0.14000117778778076 -0.2927841246128082 0.9458737373352051 -0.05603335052728653 -0.951408326625824 -0.30279096961021423,-6.181080341339111 -65.99346160888672 798.5869140625,0.69
10,54,24,0.9775390625,0.802941620349884 0.08644144237041473 -0.5897564888000488 0.5931681990623474 -0.2131873071193695 0.7763393521308899 -0.05862070247530937 -0.9731799960136414 -0.22245125472545624,57.88542938232422 -40.60464096069336 796.9618530273438,0.69
10,60,24,0.9653487205505371,0.38380998373031616 0.06653144210577011 -0.9210121035575867 0.9170674085617065 -0.14418286085128784 0.37175068259239197 -0.1080610603094101 -0.987311840057373 -0.11635264754295349,79.35037994384766 -1.4473284482955933 773.1227416992188,0.69
10,65,24,0.9633965492248535,-0.08278027176856995 0.0024765231646597385 -0.9965648055076599 0.9924001693725586 -0.09115365892648697 -0.08266086876392365 -0.09104522317647934 -0.9958338141441345 0.005088022444397211,81.4073257446289 35.75132751464844 764.5030517578125,0.69
10,71,24,0.97216796875,-0.5890917181968689 -0.10297311842441559 -0.8014782667160034 0.8069093823432922 -0.12801411747932434 -0.5766364336013794 -0.04322247952222824 -0.9864121079444885 0.1585020273923874,61.40497589111328 76.30176544189453 754.5018310546875,0.69
10,103,24,0.97412109375,0.19247232377529144 -0.08245742321014404 0.9778319001197815 -0.9805052876472473 -0.05631430819630623 0.18824976682662964 0.039543330669403076 -0.9950022101402283 -0.09168889373540878,-92.79744720458984 -14.392073631286621 785.2028198242188,0.69
10,129,24,0.9658203125,0.6122192740440369 0.18593087792396545 -0.7685163021087646 0.7880290746688843 -0.22312478721141815 0.5737818479537964 -0.06479129195213318 -0.9568934440612793 -0.28312018513679504,69.42840576171875 -31.780071258544922 794.5823364257812,0.69
10,136,24,0.9619324207305908,0.04305913299322128 0.042750872671604156 -0.9981575012207031 0.9968496561050415 -0.06844745576381683 0.04007112979888916 -0.0666082575917244 -0.9967384338378906 -0.045563485473394394,82.82789611816406 14.971236228942871 768.37939453125,0.69
10,145,24,0.9765625,-0.6603274345397949 -0.29452356696128845 -0.6908137202262878 0.7498953342437744 -0.307971715927124 -0.5855001211166382 -0.04030749574303627 -0.9046598076820374 0.42422401905059814,50.690895080566406 57.38998794555664 733.7955932617188,0.69
10,168,24,0.9682769775390625,-0.2875559628009796 0.22850945591926575 0.9301047921180725 -0.9577634930610657 -0.06939895451068878 -0.27905702590942383 0.0007811334216967225 -0.9710649251937866 0.2388141006231308,-93.60302734375 19.149433135986328 759.6982421875,0.69
10,176,24,0.97119140625,0.29531848430633545 -0.14603208005428314 0.9441724419593811 -0.9538736343383789 -0.10088580846786499 0.2827491760253906 0.053963158279657364 -0.9841222763061523 -0.16908958554267883,-88.1589126586914 -30.02229118347168 797.7344970703125,0.69
10,185,24,0.975597620010376,0.843544602394104 -0.32503029704093933 0.42753690481185913 -0.536276638507843 -0.46681496500968933 0.7032005786895752 -0.02898087538778782 -0.8224591016769409 -0.5680854320526123,-36.03367614746094 -65.56830596923828 821.1953735351562,0.69
10,196,24,0.9614443778991699,0.8663170337677002 0.21952669322490692 -0.4486679136753082 0.49701207876205444 -0.468296080827713 0.7305324673652649 -0.049738045781850815 -0.8558660745620728 -0.5148002505302429,46.01915740966797 -55.71493911743164 811.2242431640625,0.69
10,208,24,0.9565844535827637,0.008159828372299671 0.07213656604290009 -0.997361421585083 0.9998263716697693 -0.017299465835094452 0.006928769871592522 -0.01675400137901306 -0.9972447752952576 -0.07226520031690598,83.62299346923828 8.86620807647705 768.65576171875,0.69
10,212,24,0.9668128490447998,-0.2301432192325592 -0.21808315813541412 -0.948405921459198 0.9731537103652954 -0.04911360517144203 -0.22485500574111938 0.00245746411383152 -0.9746935963630676 0.2235315889120102,74.92573547363281 33.03007125854492 750.3521728515625,0.69
10,217,24,0.97021484375,-0.5481321811676025 -0.3688517212867737 -0.7506660223007202 0.836179256439209 -0.2618957757949829 -0.4818868339061737 -0.01885148510336876 -0.8918290734291077 0.4519796669483185,53.73112869262695 38.80605697631836 726.3775634765625,0.69
10,230,24,0.97119140625,-0.9097562432289124 0.325503408908844 0.2576645016670227 -0.4096737205982208 -0.6035076975822449 -0.6840657591819763 -0.06716319918632507 -0.7278915047645569 0.6823951601982117,-41.63962173461914 47.92311096191406 711.04541015625,0.69
10,252,24,0.9683198928833008,0.4555068612098694 -0.3482345938682556 0.81929612159729 -0.8899621963500977 -0.20079617202281952 0.40944865345954895 0.021927334368228912 -0.9156492352485657 -0.40137967467308044,-72.95829772949219 -49.55622863769531 825.8447265625,0.69
10,269,24,0.9284243583679199,0.7328388690948486 0.027951693162322044 -0.679827868938446 0.6113411784172058 -0.4656538665294647 0.6398659944534302 -0.2986791431903839 -0.8845254778862 -0.35833725333213806,48.909976959228516 -52.88669967651367 820.7587280273438,0.69
10,280,24,0.948826789855957,0.03075929917395115 0.0841016173362732 -0.9959822297096252 0.9995255470275879 -0.004184797406196594 0.030515354126691818 -0.0016015933360904455 -0.9964483380317688 -0.08419044315814972,83.63943481445312 -2.794973134994507 772.3624267578125,0.69
10,287,24,0.97021484375,-0.4094427525997162 -0.33332595229148865 -0.8492646813392639 0.912322998046875 -0.14464691281318665 -0.3830718994140625 0.0048443046398460865 -0.9316496849060059 0.3633255362510681,64.81578826904297 31.32595443725586 737.386962890625,0.69
10,315,24,0.9633965492248535,-0.05634627491235733 0.15393143892288208 0.9864736199378967 -0.9981225728988647 -0.032442595809698105 -0.05194924399256706 0.024007145315408707 -0.9875487089157104 0.15547047555446625,-96.07227325439453 -14.887523651123047 783.602783203125,0.69
10,342,24,0.005787692964076996,-0.5445470809936523 -0.6562855839729309 -0.5222621560096741 0.3994241952896118 0.34462201595306396 -0.8495268821716309 0.7375153303146362 -0.6712115406990051 0.07447344809770584,28.595964431762695 -126.63464355468751 496.9690856933594,0.69
10,395,24,0.931706428527832,0.26502013206481934 -0.38084983825683594 0.88584303855896 -0.9609091877937317 -0.1806415170431137 0.20981478691101074 0.08011208474636078 -0.9068198204040527 -0.41383570432662964,-78.11868286132812 -41.947593688964844 828.261474609375,0.69
14,173,24,0.9595656394958496,-0.9796757698059082 0.19982637465000153 0.01745717227458954 0.14888150990009308 0.7827062606811523 -0.604322075843811 -0.13442331552505493 -0.5894407033920288 -0.7965487837791443,-139.89730834960938 -14.210975646972656 757.6388549804688,0.69
14,181,24,0.95263671875,-0.9885019659996033 0.14789997041225433 0.03145579993724823 0.1011633574962616 0.8014874458312988 -0.5893926024436951 -0.11238259822130203 -0.5794335603713989 -0.807233989238739,-108.1483383178711 -83.46546173095703 818.2689819335938,0.69
14,239,24,0.96044921875,-0.9871145486831665 0.15629170835018158 0.03431998938322067 0.08668564260005951 0.7025885581970215 -0.7062967419624329 -0.1345011293888092 -0.6942207217216492 -0.7070835828781128,-122.99386596679688 20.088314056396484 710.614013671875,0.69
14,282,24,0.939453125,-0.9564687609672546 -0.2916279435157776 0.010983319021761417 -0.2119360864162445 0.6682412624359131 -0.7131175398826599 0.20062550902366638 -0.6844024062156677 -0.7009583711624146,126.98155975341795 -10.31717586517334 754.2620239257812,0.69
19,1,24,0.96044921875,-0.9845888018608093 -0.17125195264816284 -0.03546382859349251 -0.15147098898887634 0.936410129070282 -0.3165321946144104 0.08741545677185059 -0.30628231167793274 -0.9479185938835144,64.1752700805664 -63.41054916381836 728.151123046875,0.69
19,6,24,0.96142578125,-0.9788759350776672 -0.19861067831516266 -0.048534493893384933 -0.17383602261543274 0.9334483742713928 -0.3137753903865814 0.10762359946966171 -0.2987101674079895 -0.9482559561729431,82.0863265991211 -28.876506805419922 715.9202880859375,0.69
19,17,24,0.9624204635620117,-0.9563226103782654 -0.28962332010269165 -0.03956584259867668 -0.26363107562065125 0.9130210280418396 -0.31127384305000305 0.12627658247947693 -0.2872474193572998 -0.9494962692260742,62.26543426513672 52.91110610961914 700.7257080078125,0.69
19,33,24,0.96728515625,-0.983276903629303 0.18093283474445343 0.020733540877699852 0.16698312759399414 0.941143810749054 -0.2938792407512665 -0.07268565148115158 -0.28550252318382263 -0.9556176662445068,-58.00382614135742 69.43396759033203 693.6670532226562,0.69
19,42,24,0.96044921875,-0.9610158801078796 0.27027812600135803 0.05829411372542381 0.24077454209327698 0.9217043519020081 -0.30411940813064575 -0.135926753282547 -0.278227835893631 -0.9508486390113831,-100.15680694580078 13.656987190246582 708.9725952148438,0.69
19,47,24,0.96484375,-0.9598897099494934 0.27806806564331055 0.03591461107134819 0.2559258043766022 0.9212765097618103 -0.2928338646888733 -0.11451501399278641 -0.27189671993255615 -0.9554886221885681,-101.05839538574219 -25.44121742248535 722.2008666992188,0.69
19,55,24,0.9687650203704834,-0.9898560643196106 0.13971616327762604 0.02577788010239601 0.1281435340642929 0.9563334584236145 -0.2626895010471344 -0.06135421246290207 -0.25672152638435364 -0.9645360708236694,-67.78490447998047 -77.51185607910156 735.2688598632812,0.69
19,74,24,0.9536576271057129,-0.9858786463737488 -0.16334310173988342 -0.03691105172038078 -0.1223764643073082 0.8531947135925293 -0.5070333480834961 0.11431272327899933 -0.4953562617301941 -0.861135721206665,71.29322052001953 -67.01803588867188 735.7485961914062,0.69
19,80,24,0.96435546875,-0.9834496974945068 -0.17343200743198395 -0.05242206156253815 -0.13303859531879425 0.8876566290855408 -0.44087010622024536 0.12299378216266632 -0.426599383354187 -0.8960387706756592,86.25611877441406 -25.633953094482422 725.5305786132812,0.69
19,88,24,0.96923828125,-0.9567655920982361 -0.2906184494495392 -0.011858366429805756 -0.2534655034542084 0.8530629277229309 -0.45611292123794556 0.14267078042030334 -0.4333874583244324 -0.8898428678512573,64.51390838623047 27.82738494873047 691.3329467773438,0.69
19,109,24,0.9638671875,-0.9769153594970703 0.21321474015712738 0.013263514265418053 0.17820055782794952 0.8475804924964905 -0.499851793050766 -0.11781767010688782 -0.48594930768013 -0.8660093545913696,-85.14820098876953 24.546871185302734 699.9827880859375,0.69
19,140,24,0.9619324207305908,-0.9899752140045166 -0.14124034345149994 0.00044844564399681985 -0.12621302902698517 0.8832123875617981 -0.451670378446579 0.06339799612760544 -0.4471990466117859 -0.8921847939491272,37.07916259765625 -98.64739227294922 764.4383544921875,0.69
19,145,24,0.9624204635620117,-0.987585186958313 -0.1566174179315567 -0.01210770383477211 -0.11730782687664032 0.7865774035453796 -0.6062465906143188 0.10447242110967636 -0.5972998738288879 -0.7951845526695251,64.87174987792969 -86.38225555419922 760.79833984375,0.69
19,161,24,0.9677734375,-0.9733837246894836 -0.2291184961795807 -0.005379348061978817 -0.17827832698822021 0.7717276811599731 -0.6104533672332764 0.1440175473690033 -0.593246340751648 -0.7920339703559875,62.534904479980476 9.1480073928833 691.554931640625,0.69
19,196,24,0.9493141174316406,-0.9966477155685425 0.08010813593864441 0.016613153740763664 0.05448401719331741 0.8013824224472046 -0.595665693283081 -0.06103115528821945 -0.5927637219429016 -0.8030605912208557,-84.00624084472656 -85.64673614501953 760.9288330078125,0.69
19,225,24,0.9638671875,-0.9924190044403076 -0.12265724688768387 -0.007726222276687622 -0.07668059319257736 0.6670987010002136 -0.7410123348236084 0.09604469686746597 -0.73480224609375 -0.6714468598365784,87.80349731445312 -50.0251350402832 745.2726440429688,0.69
19,234,24,0.962890625,-0.9793379902839661 -0.2001008242368698 0.02927139587700367 -0.14727593958377838 0.6065073609352112 -0.7813184261322021 0.13858915865421295 -0.7694858312606812 -0.6234457492828369,54.98527145385742 -6.346792221069336 692.0211181640625,0.69
19,255,24,0.9599609375,-0.9927976727485657 0.11356042325496674 0.038165878504514694 0.04953721910715103 0.6791884899139404 -0.7322902679443359 -0.10908101499080658 -0.7251254320144653 -0.679922342300415,-91.91370391845703 -27.66891860961914 708.8071899414062,0.69
19,278,24,0.9570519924163818,-0.9993100166320801 -0.0296237263828516 0.022407036274671555 -0.03683533892035484 0.7128366231918335 -0.7003620862960815 0.004774780478328466 -0.7007041573524475 -0.7134358882904053,-10.02480411529541 -119.3045883178711 810.4729614257812,0.69
19,296,24,0.9609375,-0.9947184324264526 -0.10134150087833405 0.016278646886348724 -0.060869794338941574 0.45474013686180115 -0.8885416388511658 0.08264358341693878 -0.884839653968811 -0.45850712060928345,88.06782531738281 -69.76235961914062 765.4894409179688,0.69
19,364,24,0.9463150501251221,-0.9969010353088379 -0.07473911345005035 -0.02454415336251259 0.00013279783888719976 0.31040501594543457 -0.9506043791770935 0.07866595685482025 -0.9476617574691772 -0.3094331622123718,81.21311950683594 -88.83914947509766 795.083251953125,0.69
