scene_id,im_id,obj_id,score,R,t,time
7,3,14,0.974609375,-0.9715805053710938 0.23565462231636047 0.02231925167143345 0.2123078554868698 0.909237265586853 -0.3580681383609772 -0.10467391461133957 -0.3431534767150879 -0.9334285855293274,-81.35352325439453 -53.51895523071289 758.3610229492188,0.69
7,13,14,0.9716932773590088,-0.9996673464775085 0.025558870285749435 0.0034665518905967474 0.02225528657436371 0.9226675033569336 -0.38495346903800964 -0.013037452474236488 -0.38474828004837036 -0.9229294061660767,0.060354769229888916 -82.73731994628906 766.8782958984375,0.69
7,21,14,0.970703125,-0.9893776774406433 -0.14183266460895538 0.03186503425240517 -0.14297974109649658 0.9098837375640869 -0.3894461691379547 0.026242714375257492 -0.3898654282093048 -0.9204978346824646,64.0979232788086 -55.3193473815918 761.6011962890625,0.69
7,30,14,0.96923828125,-0.9377300143241882 -0.34622517228126526 0.028118401765823364 -0.33246859908103943 0.8711199164390564 -0.3614066541194916 0.10063356906175613 -0.3482503294944763 -0.9319841861724854,96.36168670654297 15.012920379638672 749.2885131835938,0.69
7,39,14,0.9641163349151611,-0.9453699588775635 -0.3255191147327423 -0.017692124471068382 -0.30393296480178833 0.8997071385383606 -0.31329184770584106 0.11790022253990173 -0.29079946875572205 -0.9494920372962952,65.42552947998047 84.72127532958984 718.6827392578125,0.69
7,54,14,0.005725376307964325,-0.939072847366333 0.3430999219417572 -0.020602824166417122 0.3313908576965332 0.88785719871521 -0.3192015290260315 -0.09122564643621445 -0.3065810799598694 -0.9474628567695618,-57.64697265625 98.98699951171875 700.65771484375,0.69
7,62,14,0.9717311859130859,-0.9475791454315186 0.31649670004844666 0.04385863617062569 0.2751379907131195 0.878023087978363 -0.3916306793689728 -0.16245871782302856 -0.3590339124202728 -0.9190766215324402,-104.34934997558594 49.82527542114258 728.4451293945312,0.69
7,67,14,0.9780664443969727,-0.9532560110092163 0.29667186737060547 0.057347238063812256 0.24968145787715912 0.880262017250061 -0.40348222851753235 -0.17018239200115204 -0.37030333280563354 -0.913188636302948,-110.298095703125 7.905386447906493 740.0180053710938,0.69
7,71,14,0.97412109375,-0.9609997272491455 0.27058300375938416 0.057135190814733505 0.23419472575187683 0.9061388969421387 -0.3522290885448456 -0.14707960188388824 -0.3251113295555115 -0.93416827917099,-102.1646499633789 -25.170438766479492 753.0087890625,0.69
7,81,14,0.97509765625,-0.9961938858032227 0.08053295314311981 0.0333489254117012 0.05106639489531517 0.8492857217788696 -0.5254579186439514 -0.07063943892717361 -0.5217549800872803 -0.8501657843589783,-39.687801361083984 -83.0111312866211 786.4135131835938,0.69
7,87,14,0.978515625,-0.9973668456077576 -0.027178267017006874 0.06723590195178986 -0.058594007045030594 0.848293125629425 -0.5262751579284668 -0.04273251071572304 -0.5288289785385132 -0.8476519584655762,13.709698677062988 -85.4783935546875 786.5076293945312,0.69
7,94,14,0.9736328125,-0.9941951632499695 -0.10382544994354248 0.028217652812600136 -0.10258933901786804 0.8357486128807068 -0.5394439101219177 0.032425135374069214 -0.5392073392868042 -0.8415486216545105,67.70433044433594 -58.25539016723633 776.5081787109375,0.69
7,102,14,0.974609375,-0.9620086550712585 -0.2676677405834198 0.05378931760787964 -0.2570442855358124 0.8215655088424683 -0.5088794827461243 0.09201917052268982 -0.5033727288246155 -0.8591556549072266,95.4807357788086 -0.014211838133633137 745.3201904296875,0.69
7,112,14,0.974609375,-0.9694570899009705 -0.24335414171218872 0.03052270971238613 -0.22504101693630219 0.8331361413002014 -0.5052133798599243 0.09751619398593903 -0.4966515302658081 -0.8624545335769653,63.4623908996582 71.66133117675781 713.9888305664062,0.69
7,130,14,0.9716796875,-0.9889889359474182 0.1468692421913147 0.0181710347533226 0.11339163035154343 0.8309457898139954 -0.5446754097938538 -0.0950952097773552 -0.5366175174713135 -0.8384500741958618,-83.15023040771484 66.71709442138672 709.102294921875,0.69
7,155,14,0.97802734375,-0.998650312423706 0.030417578294873238 0.042100660502910614 -0.0017095617949962616 0.7908845543861389 -0.6119629740715027 -0.05191119760274887 -0.611208975315094 -0.7897650599479675,-17.16322898864746 -89.13780212402344 813.5590209960938,0.69
7,166,14,0.9794921875,-0.9930222630500793 -0.11079216748476028 0.04039711505174637 -0.11128729581832886 0.7670862078666687 -0.6318179368972778 0.039012398570775986 -0.6319050192832947 -0.7740634679794312,72.17481231689453 -59.677616119384766 795.8742065429688,0.69
7,185,14,0.9765625,-0.9920558333396912 -0.1257666051387787 0.002806816715747118 -0.09993875026702881 0.7743803858757019 -0.6247777938842773 0.07640264183282852 -0.6200949549674988 -0.7807976007461548,52.186492919921875 60.253543853759766 693.0734252929688,0.69
7,198,14,0.9765625,-0.993919849395752 0.1096118688583374 -0.01041403878480196 0.08994702249765396 0.7537591457366943 -0.6509659290313721 -0.06350391358137131 -0.6479446887969971 -0.7590355277061462,-57.795963287353516 64.44508361816406 692.2565307617188,0.69
7,207,14,0.9765625,-0.9843980073928833 0.15740489959716797 0.07863956689834595 0.07354214787483215 0.7740777730941772 -0.6288043856620789 -0.15985006093978882 -0.6132104396820068 -0.773576557636261,-106.86165618896484 15.105073928833008 730.0205688476562,0.69
7,219,14,0.9775390625,-0.9929260611534119 0.11805293709039688 0.012702337466180325 0.07104399800300598 0.6764193773269653 -0.7330821752548218 -0.09513461589813232 -0.726993978023529 -0.6800214052200317,-84.45549774169922 -64.74172973632812 807.6622314453125,0.69
7,229,14,0.97412109375,-0.9999165534973145 0.012285211123526096 0.00400389451533556 0.005305666942149401 0.6729153990745544 -0.7397004961967468 -0.011781658977270126 -0.7396175265312195 -0.6729243397712708,-3.436004400253296 -87.02561950683594 835.5429077148438,0.69
7,239,14,0.9716932773590088,-0.9947196841239929 -0.10095027089118958 0.018484292551875114 -0.08103283494710922 0.6620359420776367 -0.7450785636901855 0.06297861784696579 -0.7426421642303467 -0.6667205691337585,75.45291137695312 -59.4208869934082 809.5427856445312,0.69
7,251,14,0.9765625,-0.9865081310272217 -0.16150781512260437 0.026777273043990135 -0.12532414495944977 0.6397753953933716 -0.7582751512527466 0.10533592849969864 -0.7514004707336426 -0.6513844132423401,89.7442855834961 10.493687629699707 729.4785766601562,0.69
7,270,14,0.982421875,-0.9957239031791687 0.07473406940698624 0.05430305749177933 0.009556563571095467 0.6680019497871399 -0.7440980672836304 -0.09188403189182281 -0.7403973340988159 -0.6658596396446228,-54.1816520690918 45.528141021728516 690.8587646484375,0.69
7,277,14,0.98046875,-0.9872340559959412 0.1496770977973938 0.05445898324251175 0.06475292146205902 0.6895488500595093 -0.7213387489318848 -0.14552000164985657 -0.7086037993431091 -0.6904380321502686,-98.54755401611328 15.659432411193848 720.0767211914062,0.69
7,285,14,0.9677734375,-0.9862879514694214 0.16316476464271545 0.024769609794020653 0.09200949221849442 0.6682421565055847 -0.7382321357727051 -0.13700558245182037 -0.7258304357528687 -0.6740917563438416,-108.79875946044922 -32.08819580078125 771.7619018554688,0.69
7,289,14,0.9702291488647461,-0.993779182434082 0.11044847965240479 0.014278406277298927 0.051180820912122726 0.5668070912361145 -0.8222591876983643 -0.0989103764295578 -0.8164132833480835 -0.5689340233802795,-92.39592742919922 -58.5318489074707 812.7332153320312,0.69
7,295,14,0.9609746932983398,-0.9985198974609375 0.05437973141670227 -0.0010041261557489634 0.031123213469982147 0.5561487078666687 -0.8304997682571411 -0.04460391774773598 -0.8293017745018005 -0.5570179224014282,-51.693214416503906 -76.98176574707031 847.799560546875,0.69
7,306,14,0.96875,-0.9988632202148438 -0.047615863382816315 0.002243858063593507 -0.02763925865292549 0.540166974067688 -0.8411038517951965 0.03883782774209976 -0.8402097225189209 -0.5408689379692078,45.0352897644043 -73.61474609375 847.2787475585938,0.69
7,342,14,0.978515625,-0.9969725608825684 0.07246137410402298 0.028200168162584305 0.015643863007426262 0.5421891808509827 -0.8401108384132385 -0.07616541534662247 -0.8371262550354004 -0.541681170463562,-57.576072692871094 22.170835494995117 689.6913452148438,0.69
7,348,14,0.9760856628417969,-0.9912289381027222 0.12835760414600372 0.031458914279937744 0.04409085959196091 0.5455982089042664 -0.8368862867355347 -0.1245846375823021 -0.8281588554382324 -0.5464720726013184,-95.8285140991211 1.6513910293579102 718.4864501953125,0.69
7,354,14,0.9633965492248535,-0.9906478524208069 0.13626134395599365 0.007048756815493107 0.06772402673959732 0.5359011888504028 -0.8415600657463074 -0.11844954639673233 -0.8332123160362244 -0.5401175022125244,-108.83464813232422 -25.45684242248535 753.0209350585938,0.69
7,366,14,0.9079208374023438,-0.9988288283348083 0.04823204502463341 0.003823715727776289 0.014452380128204823 0.37284398078918457 -0.9277814030647278 -0.04617444798350334 -0.9266395568847656 -0.37310436367988586,-64.01158142089844 -67.99026489257812 862.8065185546875,0.69
7,393,14,0.962925910949707,-0.9943897128105164 -0.09877805411815643 0.037841904908418655 -0.07027202844619751 0.34949126839637756 -0.9343006014823914 0.07906299829483032 -0.931718111038208 -0.3544718325138092,95.15621185302734 -22.821426391601562 749.1487426757812,0.69
7,413,14,0.9697265625,-0.9981910586357117 0.047597359865903854 0.03672897815704346 -0.01460281666368246 0.40067628026008606 -0.9161032438278198 -0.058320533484220505 -0.9149824380874634 -0.39925646781921387,-44.67503356933594 3.284207344055176 686.5690307617188,0.69
16,8,14,0.970717191696167,-0.5561174154281616 -0.009239118546247482 -0.8310524225234985 0.8309186100959778 0.01492446567863226 -0.5561938881874084 0.017541753128170967 -0.9998460412025452 -0.0006227957201190293,-43.476341247558594 -55.297672271728516 749.2551879882812,0.69
16,14,14,0.9765625,-0.8844022750854492 -0.0911998525261879 -0.4577282667160034 0.46589213609695435 -0.11392977088689804 -0.8774762153625488 0.027876827865839005 -0.9892939925193787 0.143249049782753,-5.124137878417969 -64.54769897460938 761.0724487304688,0.69
16,61,14,0.97216796875,0.8622359037399292 0.23211446404457092 -0.4501911997795105 0.5038226842880249 -0.3016553819179535 0.8094236850738525 0.05207635089755058 -0.9247307181358337 -0.37704265117645264,-71.39945983886719 48.00078201293945 719.2466430664062,0.69
16,68,14,0.9663248062133789,0.4219028949737549 0.1242070123553276 -0.8980927467346191 0.9063398241996765 -0.08331097662448883 0.41425520181655884 -0.023367587476968765 -0.9887527227401733 -0.14772289991378784,-82.85547637939453 6.212495803833008 731.7103271484375,0.69
16,73,14,0.9449028968811035,-0.07134237885475159 0.07712787389755249 -0.9944654703140259 0.9974362254142761 -5.995896935928613e-05 -0.07156015187501907 -0.005578909069299698 -0.9970211386680603 -0.0769258663058281,-72.96573638916016 -40.19147872924805 753.3372802734375,0.69
16,86,14,0.97412109375,-0.8949050307273865 -0.16833488643169403 -0.4132896959781647 0.44479626417160034 -0.2616038918495178 -0.8565744757652283 0.03607315942645073 -0.9503825306892395 0.3089853525161743,-0.7878116965293884 -74.53302764892578 775.0562744140625,0.69
16,96,14,0.97314453125,-0.8776308298110962 0.1761482059955597 0.4457981288433075 -0.4792989194393158 -0.3107374310493469 -0.8208013772964478 -0.006056531798094511 -0.9340311288833618 0.35714036226272583,54.20207977294922 -45.00883102416992 751.4790649414062,0.69
16,126,14,0.96728515625,0.9963868856430054 0.04205000773072243 0.0737907737493515 -0.039113849401474 -0.5440191030502319 0.8381606936454773 0.07538825273513794 -0.8380185961723328 -0.5404086709022522,-38.4373664855957 54.647579193115234 698.334228515625,0.69
16,153,14,0.97119140625,-0.5814074277877808 -0.20093442499637604 -0.7884103059768677 0.8126986622810364 -0.09751064330339432 -0.574467122554779 0.03855184093117714 -0.9747394323348999 0.21999256312847137,-36.84037399291992 -77.34800720214844 785.2686767578125,0.69
16,174,14,0.97509765625,-0.5297514200210571 0.20293815433979034 0.8235165476799011 -0.848145067691803 -0.12258279323577881 -0.5153865814208984 -0.0036426526494324207 -0.9714882969856262 0.23705944418907166,69.29840850830078 -29.093244552612305 753.1790771484375,0.69
16,194,14,0.97998046875,0.8430614471435547 -0.3018530309200287 0.44512030482292175 -0.5362012982368469 -0.5358601808547974 0.6521824598312378 0.041658978909254074 -0.7885040044784546 -0.6136170625686646,-9.887595176696777 39.49223327636719 691.9303588867188,0.69
16,200,14,0.97216796875,0.9885086417198181 0.14227843284606934 -0.051063913851976395 0.1350080519914627 -0.6790100932121277 0.7216079831123352 0.06799635291099548 -0.7202097773551941 -0.6904160976409912,-46.75391387939453 29.495777130126953 690.68798828125,0.69
16,208,14,0.97705078125,0.5674334168434143 0.47680941224098206 -0.6713211536407471 0.8217486143112183 -0.27600333094596863 0.4985492527484894 0.05242611840367317 -0.8345507383346558 -0.5484309792518616,-78.97284698486328 -2.4795007705688477 725.2091064453125,0.69
16,219,14,0.9609746932983398,-0.17293648421764374 0.01976448856294155 -0.9847347736358643 0.9828547835350037 0.06837785989046097 -0.1712339222431183 0.06394969671964645 -0.9974638223648071 -0.03125065192580223,-68.97933197021484 -64.44343566894531 779.833984375,0.69
16,246,14,0.96923828125,-0.49503666162490845 0.3676881194114685 0.7872382998466492 -0.8687346577644348 -0.1933438926935196 -0.455980509519577 -0.015450882725417614 -0.9096282720565796 0.4151357412338257,68.44524383544922 -42.93157958984375 757.5166015625,0.69
16,255,14,0.94677734375,0.025975694879889488 -0.11404729634523392 0.9931356310844421 -0.999604344367981 -0.013689295388758183 0.024572866037487984 0.010792858898639679 -0.9933809638023376 -0.11435776203870773,55.603904724121094 -4.348287582397461 711.1541748046875,0.69
19,17,14,0.97509765625,-0.5968626737594604 0.08571378886699677 0.7977519035339355 -0.8022790551185608 -0.07635591179132462 -0.592045783996582 0.010166589170694351 -0.9933896660804749 0.11434036493301392,16.182802200317383 40.66122055053711 724.5813598632812,0.69
19,123,14,0.974609375,0.616742730140686 0.3366644084453583 -0.7115374207496643 0.7839136719703674 -0.1806173324584961 0.5940173864364624 0.07146855443716049 -0.9241398572921753 -0.3753102421760559,-39.72505569458008 -51.83203887939453 763.97265625,0.69
19,128,14,0.9633965492248535,0.25876569747924805 0.1907564252614975 -0.9469173550605774 0.9642487168312073 0.006975783966481686 0.26490718126296997 0.05713822320103645 -0.9816128015518188 -0.1821315437555313,-19.4809627532959 -60.18968200683594 767.6212158203125,0.69
19,161,14,0.97607421875,-0.5165249705314636 0.2726852595806122 0.811692476272583 -0.8555290699005127 -0.12486736476421356 -0.5024719834327698 -0.03566280007362366 -0.9539658427238464 0.2977873384952545,16.64075469970703 6.245153903961182 725.5457153320312,0.69
19,291,14,0.9717063903808594,-0.8161149621009827 -0.5042546987533569 -0.2822827696800232 0.5654473304748535 -0.5959767699241638 -0.5701587200164795 0.11927129328250885 -0.6249310970306396 0.7715150713920593,43.182491302490234 -55.556114196777344 780.110107421875,0.69
