scene_id,im_id,obj_id,score,R,t,time
8,1,22,0.0,0.2228896316778357 0.9747738100916361 0.011671814338534064 0.9366487572039559 -0.21082271870486224 -0.27971930020321295 -0.270202364384184 0.07327892218997935 -0.9600108758987429,-106.88407291082937 55.14448403285427 754.1696805822196,0.69
8,12,22,0.0,-0.6914065275205982 0.7224658766574673 0.00026602155094580804 0.6908923208345376 0.6612979168118235 -0.29215212857723505 -0.2112458631873647 -0.20181209648061244 -0.9563718225671044,-106.70375505706455 -43.275737840849004 781.5865689451088,0.69
8,18,22,0.0,-0.9514327002252229 0.3050253186233791 -0.04165779567916824 0.3004892266964895 0.8906954562740168 -0.34112729121570906 -0.06694805136437534 -0.33707737861139164 -0.939093605157114,-68.7453668999069 -84.21742184466905 804.1022577885334,0.69
8,25,22,0.0,-0.9535728122699392 -0.29969749899746895 0.029669863401460488 -0.2927516917974557 0.8993116728994875 -0.32486145036992764 0.07067770970629098 -0.3184649495335201 -0.9452961108929231,-3.6148610138548345 -100.30608841368667 804.2078422207022,0.69
8,34,22,0.0,-0.4543775093481056 -0.8907996262438733 -0.004135804926208381 -0.8465097440057558 0.43322276841983787 -0.30941765661636267 0.2774208577268874 -0.13709142499232782 -0.9509172460796212,74.65500089503068 -66.86936720284909 796.9911471180552,0.69
8,46,22,0.0,0.5389850868321272 -0.8423135647524638 0.0017131277130427724 -0.8055828295880061 -0.5160735130997294 -0.2910402613898719 0.24603125989505034 0.15548629428634647 -0.9567092721634686,97.98308967818811 37.94961179611094 757.3037663618351,0.69
8,52,22,0.0,0.8863559899120403 -0.46180123420434593 -0.03335684688920095 -0.4472291827809539 -0.8352861321525337 -0.3198173470947757 0.11982953398944218 0.2983901766496393 -0.946891855104304,67.04435751581339 83.96581286648404 740.3268256279564,0.69
8,58,22,0.0,0.9976457497912523 0.04954051290364764 -0.04742041232100086 0.030848292376086658 -0.9417598165823503 -0.33486837821487037 -0.06124819002166254 0.33261717552168213 -0.941070918564084,17.352387932671665 109.78029153375098 734.9923048159511,0.69
8,68,22,0.0,0.5998038784870608 0.7995673474278615 0.030452656354614457 0.7692446680028835 -0.565746312308131 -0.2969743269356528 -0.2202224968095045 0.20155189663440032 -0.9543997510802608,-75.61957324903891 89.69650161893792 736.6304365814477,0.69
8,84,22,0.0,-0.6611410611616688 0.7502418469439867 0.005446865162503561 0.6567744916301244 0.5822531766356434 -0.4791956859589773 -0.3626841110250274 -0.31323858222093093 -0.8776911906919237,-108.7248990292772 -45.337677238294795 785.5247948894598,0.69
8,92,22,0.0,-0.9878929510594123 0.15000578538580195 -0.03956995827536843 0.14668017292273577 0.8200821935451854 -0.5531275826619688 -0.0505217192748031 -0.5522349682706678 -0.8321562928324298,-55.076243307788104 -92.69684900148432 822.731041145755,0.69
8,100,22,0.0,-0.8618761741536567 -0.5065517389038536 0.023974908544926496 -0.44404978081738794 0.731009484384707 -0.5181167106894294 0.24492703522127818 -0.45719850125857403 -0.8549738463044518,20.17060068383898 -98.3288665026372 818.8443348612639,0.69
8,115,22,0.0,0.2709633749697986 -0.9624506191379094 -0.016360169498850774 -0.8419446134230357 -0.2287298681375859 -0.48868386033272837 0.46659202452775744 0.146189784673271 -0.8723075314957858,102.30176325266035 -3.853910132209497 759.3096615324351,0.69
8,127,22,0.0,0.964860470960849 -0.2619095610571836 -0.02115782134442966 -0.2409078102000996 -0.8495862767912951 -0.46921912287597334 0.10491757985105345 0.4578280682906394 -0.8828282739714782,48.254914003408715 80.04038544400943 715.709645850468,0.69
8,136,22,0.0,0.8751877430500584 0.4837687382753149 -0.0037712441520026396 0.427779871830771 -0.7774917502442398 -0.4609891100216987 -0.22594423133019642 0.4018387564305595 -0.8873977789914443,-34.939345535753375 90.81327928237867 711.2708266995547,0.69
8,144,22,0.0,0.33327608107154894 0.9428133323369611 -0.005483990633305291 0.7409607485262054 -0.26551087503661086 -0.616831536467437 -0.5830130555391333 0.20151177535064485 -0.7870760963629596,-98.57169841975914 38.16973057913807 732.9016580493366,0.69
8,155,22,0.0,-0.5964429804216238 0.80265529548948 0.0004977232824005251 0.6289284229127124 0.4677338386283163 -0.6210266460100954 -0.4987031280815257 -0.370093951348459 -0.7837892938902558,-112.94843591322338 -43.7764615214442 795.8113371507934,0.69
8,165,22,0.0,-0.9952295399340112 0.095037855366376 -0.022044702086808504 0.0851469927090799 0.7358250280512145 -0.6717972296206864 -0.047625124412816355 -0.6704694878521984 -0.7404069917173084,-47.356335097865724 -96.60479738991471 857.2206456094543,0.69
8,172,22,0.0,-0.8605862565767134 -0.5091729103156505 0.011586301910857827 -0.3873765543584324 0.6396221508440523 -0.6639449595282858 0.33065193198387266 -0.5758701690054095 -0.7476916799891606,20.5432681258183 -97.71809949884934 841.7450939167813,0.69
8,178,22,0.0,-0.5104433466458703 -0.8593460104686542 0.03117730194502899 -0.6658082324265006 0.3720190481307746 -0.6467621088630434 0.5441938877808744 -0.3508935196316396 -0.7620542962167834,69.0323971596685 -73.23356268663359 802.1253697479569,0.69
8,194,22,0.0,0.7710145784284387 -0.63677986613695 0.006922566967855287 -0.49171827669015233 -0.6022109090129258 -0.6289317589649073 0.40465992662936523 0.48151160229887857 -0.7774296885454551,80.87595707683745 37.746693295003624 716.4544911164303,0.69
8,207,22,0.0,0.912533752938178 0.4088988430284551 -0.009158925622358025 0.3199626201772217 -0.7276467956270457 -0.6067570044944017 -0.25476670001766716 0.5507557325926651 -0.7948346064298061,-25.901988710232867 72.36563292190054 689.7763140814944,0.69
8,216,22,0.0,0.374620156016529 0.927168204282956 -0.004342772486555901 0.6158770031691408 -0.25233945016626846 -0.7463379387765192 -0.6930766593051229 0.27691862136104906 -0.6655530192779135,-94.1788375455665 24.13803752885039 713.7351664003673,0.69
8,228,22,0.0,-0.6273870985078334 0.7785693064211604 0.01467186848344132 0.5009179044110662 0.41793229074163607 -0.7579009522331228 -0.5962102663208242 -0.46814787776334277 -0.6522046326723925,-110.85610319410002 -49.845960605104075 806.0927728337156,0.69
8,238,22,0.0,-0.0019274141796826738 0.9822131699067711 -0.1877593511287059 -0.6929343099635241 -0.1366864677507918 -0.7079257387672713 -0.7209981464261577 0.12874043030650634 0.6808726565625477,-77.71475243056314 -36.057948864163876 780.9562233564377,0.69
8,263,22,0.0,0.5474072351310751 -0.836854308482339 -0.004492805437338543 -0.5915395728658406 -0.38313205579401904 -0.7094298848771086 0.5919681179420481 0.3910047240093075 -0.70476169954287,99.15465868968332 1.810730270341441 756.2307556296046,0.69
8,272,22,0.0,0.9702731961579428 -0.2403692591838697 0.028152159008616784 -0.14496227588023902 -0.6703843548437729 -0.7277161227788758 0.19379335228296724 0.7020024473034947 -0.6853004454914893,43.792526416472775 44.49306627775114 687.410480607447,0.69
8,280,22,0.0,0.8924467280243483 0.4511527799497769 -8.235425258240614e-05 0.3099062737295339 -0.6131729483864022 -0.7266202838279437 -0.3278672584167409 0.6484443727188282 -0.6870392684174431,-29.691161001630448 51.33279273006308 680.7224350244604,0.69
8,288,22,0.0,0.33573661674325284 0.9419556560444436 -0.0006828057383450603 0.4850618576924476 -0.1735095005754892 -0.8570936048192147 -0.8074626421016309 0.28742650409439674 -0.5151602530808521,-96.21811009422746 5.863632907265258 714.0006868990321,0.69
8,303,22,0.0,-0.05655006927233269 0.7993457729514817 -0.598204333760541 -0.690261388251074 -0.4641992168541567 -0.5550300018572759 -0.7213468690962722 0.381530368826108 0.5780080207993827,-73.89407852940938 -37.81947890782771 910.0155296575894,0.69
8,309,22,0.0,0.10263949892871799 0.9311544195245898 -0.3498808086470109 -0.7352416380388886 -0.16589445333931035 -0.6571900516936813 -0.6699887065865766 0.3247005964747769 0.6675961771126093,-84.71966295724913 -49.092533197923665 829.9954317553675,0.69
8,319,22,0.0,0.03834809740181963 0.8915279140124825 0.45133956392300945 -0.8230161252674812 0.2843398299220019 -0.4917268740567562 -0.5667220491346375 -0.35260294901840905 0.7446457408514193,-56.37513656433062 -72.47298284098632 847.8414002035888,0.69
8,333,22,0.0,0.48304963169644954 -0.8751008797029848 -0.029351382607762877 -0.5511609278676534 -0.27784798296068824 -0.7867795942681437 0.6803562926217355 0.39623092850980157 -0.6165357786716583,109.49321666146143 -18.3873156338146 819.1226295018407,0.69
8,345,22,0.0,0.9889679291296856 -0.14156159723417772 0.04362051514425028 -0.043551508773696436 -0.5593327458397352 -0.8277983725007659 0.1415828423096385 0.8167663029409885 -0.5593273684915064,31.09513451349066 27.86261067936805 678.8746914184736,0.69
8,360,22,0.0,0.3944104896958137 0.9184944268249072 0.028431558337417562 0.3334629160970116 -0.11422443722659559 -0.9358179638841868 -0.8562960055996911 0.37857729175407884 -0.3513351462096569,-92.57433870973803 -8.374444512475945 705.8407505624534,0.69
8,375,22,0.0,-0.34047161803002834 0.5145745220834843 0.7869511665526443 0.8506427240191765 -0.18802309990322374 0.4909727792617602 0.4006070810523065 0.8365765805503615 -0.37370254412488935,-72.37857379149982 -37.00835517882387 816.4022068633644,0.69
8,389,22,0.0,0.02422819828431462 0.9507963996542347 0.30886761049427086 -0.9390621982063013 0.12761557563997392 -0.3191809091315253 -0.3428923771503894 -0.28231271891047127 0.895948852576715,-60.323616080490496 -61.95077072615153 810.2244985671388,0.69
8,410,22,0.0,0.7275495504711922 -0.6851264456280614 0.03568480223042264 -0.26172025526952525 -0.32525494354084417 -0.9086868160614505 0.6341720268119841 0.651775248995619 -0.4159505562033532,85.65884192699008 -9.627175197015841 721.2052702017431,0.69
8,417,22,0.0,0.9889444398620733 -0.14676893024327775 0.021160717878486758 -0.0429769664417257 -0.42026311243106423 -0.9063839675795359 0.14192207446819477 0.8954539616557616 -0.4219245517075839,37.01981770000904 6.236343037146634 683.1048604904067,0.69
8,425,22,0.0,0.8347569429951024 0.5505037311874321 0.01124669152180574 0.23817290780979403 -0.34258724343983127 -0.9087946118995893 -0.4964418516874847 0.7613012692627099 -0.41709215446000447,-38.273574484857846 6.345452323018969 680.9830798462859,0.69
8,432,22,0.0,0.3694662635320335 0.92805563557131 0.0469831607707471 0.12698971610203225 -0.0003401002694280453 -0.9919039753605849 -0.9205260952933401 0.3724414338068988 -0.11797917726386359,-90.95294671585931 -22.942306465977538 709.1388904853219,0.69
8,441,22,0.0,-0.45242355144316243 0.8903360326230201 -0.051133933084171246 0.18326663742483368 0.03670671060321251 -0.9823777058767602 -0.8727693107038942 -0.4538219545259927 -0.17977587124988992,-106.71501638443087 -39.41051112470622 751.8387093153807,0.69
8,459,22,0.0,-0.05781492216450047 0.9585914857151986 0.2788544392500159 -0.9967201072722419 -0.039581110312786084 -0.07058585882184522 -0.056625634957350915 -0.28202074253631615 0.9577357872842286,-66.15781709620252 -59.71916664149913 854.6992880618088,0.69
8,465,22,0.0,-0.32875741990783197 0.12025545261069072 0.9367268465101998 -0.07934268895168746 0.9848365336885608 -0.15427812425038084 -0.9410756061897797 -0.12504250489212898 -0.31423092687518944,148.67284999005986 -114.73076478738386 1900.9095747652973,0.69
8,479,22,0.0,0.559060302938374 -0.8289568700166612 0.016795396114215544 -0.10711388618593637 -0.09229645834810732 -0.9899535237386361 0.82217893007824 0.5516446967284072 -0.14039207779224666,106.28715779611294 -30.14075946593606 798.9810491280116,0.69
8,484,22,0.0,0.8255629075728066 -0.5620902879225596 0.05000393847556356 -0.0970159453775419 -0.22866352658770267 -0.9686593301832057 0.5559080787166486 0.7948380337097672 -0.2433078465359374,76.59227685427089 -20.006967088066222 719.787601602251,0.69
8,495,22,0.0,0.9070048799680741 0.4207294950507753 0.01813393802842103 0.13149848185617927 -0.24204958171224566 -0.9613116816425601 -0.400062866289311 0.8742989717409294 -0.27486544167853183,-18.504009305693508 -14.707658659377834 681.6535168247791,0.69
10,5,22,0.0,0.4050248678728984 0.9129064350593407 -0.05056379368468451 0.8869573960072997 -0.4057335351709286 -0.22065102788260715 -0.2219491700198306 0.044521222635354005 -0.974041285912749,-56.26242985735129 -57.4761607659184 791.375976357469,0.69
10,13,22,0.0,-0.28763906543192663 0.955013557525633 -0.07220022839078963 0.9295191351429243 0.2602043577008034 -0.26131947810422085 -0.23077683038077698 -0.14227718431198524 -0.9625483143113677,7.153860623366186 -69.95067618677658 799.4958590397741,0.69
10,20,22,0.0,-0.7917621651914238 0.6093316559105993 -0.042750519021824814 0.5967711146397862 0.75671374738422 -0.26692422380015945 -0.13029547383917717 -0.2368527762661382 -0.9627688465421215,58.035369655941054 -47.2084969951048 787.9643396798031,0.69
10,29,22,0.0,-0.9900497682021255 -0.12348665391995337 -0.06747223715404066 -0.09784772431940653 0.9487245901583696 -0.30057856689116447 0.10113001200648036 -0.29098573561686225 -0.9513674486438364,86.084888093569 15.905137841901187 753.6556938110922,0.69
10,35,22,0.0,-0.7991034645924566 -0.6011704772011465 -0.005264049589271194 -0.5612739114459194 0.7491513503699169 -0.351772441457724 0.21541877635556905 -0.2781480030139989 -0.9360707447692155,74.45550009281651 60.98308842263088 739.1178868897633,0.69
10,45,22,0.0,-0.08116987625175087 -0.996048804430344 0.036030964213543154 -0.9456685317784398 0.06554445875150039 -0.3184571430051189 0.31483722650488044 -0.059922475915594464 -0.9472522460711612,11.751031475171443 107.18487235199512 738.406562408198,0.69
10,54,22,0.0,0.6616601956744346 -0.7477256161003997 0.055786992098032756 -0.7107185771287757 -0.6491394992915 -0.2711033282415191 0.23892444325375464 0.139729429566066 -0.9609322540788321,-57.760509600115405 92.6315395619403 730.1073307773227,0.69
10,60,22,0.0,0.943039013659292 -0.3272155481202677 0.060061666517518264 -0.2981926786027151 -0.9114322932232017 -0.28350009047200214 0.14750777994481054 0.2494416964708353 -0.9570894915928735,-89.56206449953628 58.47180429002949 741.054280786577,0.69
10,65,22,0.0,0.994618115550859 0.10360322313448868 0.0010846078572025724 0.09923010818398824 -0.9495195264851349 -0.2976004947126921 -0.029802514119660214 0.2961064689931485 -0.9546898811512339,-98.99947240013383 21.78665580550903 752.9881537168973,0.69
10,71,22,0.0,0.8094987771496174 0.5869093177623518 -0.015785516051300158 0.5667113399291975 -0.7881030036383089 -0.24027466127731695 -0.1534600501398606 0.18555621353112034 -0.9705765835991845,-87.96292292069292 -23.093299705190525 766.627375292835,0.69
10,80,22,0.0,0.19692089700888082 0.9796481263140139 -0.03888070126244969 0.8893792346382855 -0.19518338414549097 -0.41341023638479424 -0.412585430323752 0.04682942625054973 -0.909714387883147,-38.214937374325224 -70.39665868444492 818.6431616752776,0.69
10,103,22,0.0,-0.9666547629454427 -0.2525281398414635 -0.04252185159538683 -0.20425291849191435 0.8604609240568653 -0.46678447216969476 0.15446460618026786 -0.44253422100377204 -0.8833482601319591,85.60676367822857 18.299372061282313 749.6452208297657,0.69
10,129,22,0.0,0.8147324627404345 -0.5777079550640648 0.049644061201738726 -0.5007146616735442 -0.7441482810518362 -0.44218566620000893 0.2923967197867544 0.3354055075029239 -0.8955486049314422,-73.5496120645497 67.4411218983257 729.7806743061483,0.69
10,136,22,0.0,0.998240775029781 -0.03690596362800866 0.04640371662517332 -0.01339931839620544 -0.9028280243501953 -0.42979299286335554 0.057756500365399525 0.4284151121244573 -0.9017342615033158,-99.56908294442309 22.800955762183694 759.6680323072383,0.69
10,145,22,0.0,0.6883642637402986 0.72439772492452 -0.03745098836420985 0.5943371625923376 -0.5928662526137757 -0.5433902314850607 -0.4158340745621575 0.351791902459221 -0.8386444298969354,-79.94714221683 -47.01314008691622 813.3459681504087,0.69
10,160,22,0.0,-0.549542558222991 0.8321963464767457 -0.0738391333405699 0.6930472147934283 0.4047235128245079 -0.596560505090692 -0.46657103935928335 -0.37900939180678106 -0.7991641546975514,32.67607049490989 -69.15127651200075 840.7856658128347,0.69
10,168,22,0.0,-0.9523151680586291 0.2964443658329906 -0.0722257478420332 0.28933108701705024 0.8022301744418231 -0.5222205178854753 -0.09686765595903021 -0.5182156743875257 -0.8497465340018074,81.52834601295561 -34.25231764003325 816.7953126338813,0.69
10,176,22,0.0,-0.9261353372229576 -0.37684976173183937 -0.016049742352278573 -0.29190376147680064 0.743023902721335 -0.6022521681326283 0.2388839282635265 -0.5530820346634053 -0.7981445556727015,86.11608360455894 17.805329814464823 760.6455260520119,0.69
10,185,22,0.0,-0.4057308323735198 -0.9138595120579037 0.01559756015474495 -0.7288212472215351 0.3131862352914062 -0.6088792750804073 0.5515451760825554 -0.2584089283389531 -0.793109541296016,43.0494324859993 63.388699259358944 717.9231185489878,0.69
10,196,22,0.0,0.5262589214947551 -0.8490487695482065 0.04655893551032331 -0.6670553268240276 -0.44617256773703573 -0.5966298942850836 0.5273411974261707 0.2829244187545801 -0.8011647987583551,-44.3874212314086 67.8766596908493 714.1231499903784,0.69
10,208,22,0.0,0.9998228330742684 0.00307659368725489 0.01856978822246938 0.01373421671202343 -0.7938609201744926 -0.6079442496734507 0.012871431724986749 0.6080915835554636 -0.7937625288802423,-99.83461752689594 8.451177417292826 761.687136832087,0.69
10,212,22,0.0,0.9406417623769082 0.33893582110591725 0.01776468529758901 0.2824650790139033 -0.752753647173233 -0.5946220865432642 -0.18816629350161024 0.564344270670531 -0.8038090508020002,-97.36374933000597 -17.237515739463642 778.0121972456535,0.69
10,217,22,0.0,0.7286802093517388 0.6847818618939578 -0.009947568554711461 0.46786158723090104 -0.5083563818226149 -0.7229656452792219 -0.5001306706180778 0.5221566725430828 -0.6908123635444342,-82.03822420527189 -45.90703586720906 813.6242149824149,0.69
10,230,22,0.0,-0.3543075222070662 0.9343041382203858 -0.03926776046264113 0.6341508904681656 0.20919808024440056 -0.7443714202872714 -0.6872545582431023 -0.28863807878781234 -0.6666102546824186,12.629044969991702 -71.2231013739063 857.0230858628662,0.69
10,244,22,0.0,-0.9991399307496605 0.0064228224622814335 -0.040965181962024214 0.03419102247599691 0.6865528758719744 -0.7262755142602343 0.02346002479985081 -0.7270515084803414 -0.6861819957218716,92.5972158722985 -18.675070509301044 818.2130651517455,0.69
10,252,22,0.0,-0.7779937887275664 -0.6282566042135533 -0.0043936275879285225 -0.4052281818181638 0.5071289065821338 -0.7606644416358336 0.4801205946027227 -0.5900117891795585 -0.6491304208458144,75.5016851968328 24.965416529580356 738.5141206780715,0.69
10,269,22,0.0,0.5613701166738899 -0.8264277615414013 0.04336758073966579 -0.5485816710912355 -0.4108492268111845 -0.7281902656390014 0.6196141882238417 0.38499359446920733 -0.6840016008529434,-47.29914743789832 47.08596735925587 702.6454348580098,0.69
10,280,22,0.0,0.9971218004058936 -0.06130168655460147 0.04461186367852393 -0.00742359141084209 -0.6645349717532042 -0.7472202898794525 0.07545200756689435 0.7447384604963877 -0.6630773861410113,-98.81666575044211 0.8820251814779175 758.0661379935613,0.69
10,287,22,0.0,0.8431122013691478 0.5376348093222958 0.01051797069058516 0.3886174671428702 -0.595672802100634 -0.7029583039334829 -0.3716695846231294 0.5967601902293395 -0.7111532853214649,-90.053204147275 -36.10137803622933 798.41807558446,0.69
10,301,22,0.0,-0.24342037505668157 0.9699036086487676 0.0057888632185431055 0.5319465428141592 0.13849057140676213 -0.8353761052481048 -0.8110360020340209 -0.20026819907695553 -0.5496482983173372,3.88022212934221 -68.9074208071648 883.9689611744171,0.69
10,310,22,0.0,-0.036781169586298956 -0.9781840708749162 0.20445798847303676 -0.8110725897203211 0.1487427236610327 0.5657180007408893 -0.5837879750116776 -0.14502250047656098 -0.7988492189313892,102.45266776550848 -11.587853758240161 786.7841966297706,0.69
10,315,22,0.0,-0.04302815123271353 -0.9989960414846901 0.012469454655824885 -0.8430538369591596 0.043003186109992764 0.5361072224591159 -0.5361052193272635 0.012555281052539391 -0.8440577934761093,77.45789023342076 5.330872793646272 734.50764605012,0.69
10,325,22,0.0,-0.7268411082322648 -0.6859861575437848 0.0335409457530183 -0.35294440431765717 0.33117833957709963 -0.875072085519707 0.5891793027971599 -0.647876453541313 -0.48282900710519006,70.93384761557859 16.011123860513763 737.1151437583561,0.69
10,342,22,0.0,0.633789270151273 -0.7727213111112045 0.03482723640626517 -0.4053346843352382 -0.3701313696052558 -0.8358866926258548 0.6587981137768759 0.5156593299734997 -0.5477960393205776,-52.920776982089194 25.439661487156375 699.6029794684412,0.69
10,346,22,0.0,0.8588845977705377 -0.5099985031165937 0.047103869600875786 -0.24395904222424777 -0.4882402790598633 -0.8379173083428786 0.4503345794290843 0.7081828554281591 -0.5437608020518298,-77.86833299420633 14.45005932237036 719.7912847801956,0.69
10,355,22,0.0,0.9665008536876739 0.25549243582400116 0.024489080377084263 0.17476425525713846 -0.585218464066931 -0.7918186688879972 -0.18797221844042383 0.7695732353401207 -0.6102650903850921,-100.67918125769762 -22.997038656877137 791.4075402204934,0.69
10,366,22,0.0,-0.47729627567367033 0.8291748346999254 -0.29095937642288683 -0.8074378862711739 -0.2831750830041847 0.5175479998797329 0.34674533168015775 0.48195535671462825 0.8046655883608376,5.581289809917969 -7.831567046807559 443.89352668379973,0.69
10,374,22,0.0,-0.31917513429594147 0.9476900638272058 0.0032827687025637764 0.4151087296644783 0.14291789981993908 -0.8984760522503654 -0.8519459937129297 -0.2854085086927942 -0.4390102583792826,9.10993019652514 -65.5134319203496 944.8735200994649,0.69
10,382,22,0.0,0.02387274108537074 -0.9966423528193662 -0.07832057711578255 -0.9162186647091015 -0.053155135379951535 0.39713711740582813 -0.3999668119628707 0.06227802300504878 -0.9144112844769798,110.45276350213281 -26.484768453314306 807.5668601916562,0.69
10,395,22,0.0,0.029667124141495638 -0.710102286468454 -0.7034732436258304 -0.9163579852468954 -0.3004372191571578 0.26462335539283893 -0.39925919478381955 0.6367827102688857 -0.6596210088249073,16.605652101109335 2.1550842215036097 675.0216594243453,0.69
10,415,22,0.0,0.6586431582511043 -0.7519588302107779 0.02733327197847657 -0.29080899694185913 -0.287887291567552 -0.9124423459329193 0.6939879807220588 0.5930251470401048 -0.408291388093579,-56.59827975685528 5.2266774510088325 705.7799360544085,0.69
10,417,22,0.0,0.7835710477098919 -0.6198057420461783 0.04309588515632634 -0.21658229553612166 -0.33750324654830555 -0.916069685029287 0.5823302520487194 0.7084718771383515 -0.3986967229021767,-69.37964656378044 1.9179833259471164 716.459879643116,0.69
10,431,22,0.0,-0.7767418644889662 -0.37426730581602596 -0.5065531164126992 -0.08400231697492028 0.8586605257025882 -0.5056141931779591 0.6241920270982716 -0.3501800756715989 -0.6983968985538122,-45.25901917451003 -63.44389867465615 631.1011030999714,0.69
10,441,22,0.0,0.021059401870044125 -0.4413416963553304 0.8970919733511585 -0.1086788623253161 0.8909633173686956 0.44087784247685236 -0.9938538154459896 -0.10677955872529463 -0.029201358904687346,43.81843855946077 -13.304002709326593 1262.0063655087883,0.69
10,450,22,0.0,0.04212821470590966 -0.8205067285262011 0.5700823817387478 -0.9834096535911028 0.06671006058315654 0.1686867541949237 -0.1764388470533624 -0.5677309893428596 -0.8040838619138291,107.61814448774655 -46.13358155308155 830.3831154638708,0.69
10,457,22,0.0,0.007001960873094681 -0.9894406288992822 -0.14476952174862032 -0.9973117586211314 -0.017469730953966756 0.07116224150785085 -0.07293989758669339 0.143882071099177 -0.986903096031345,94.20151255602771 -30.157866156728847 742.016137272084,0.69
10,465,22,0.0,-0.04319244749590356 -0.879349278239048 -0.4742143601155272 -0.9862834055036718 -0.0381576752038274 0.1605896505106075 -0.15930931079944277 0.4746460140815517 -0.865639477385997,35.766232121208226 -24.385846221678843 723.4323731543627,0.69
10,475,22,0.0,-0.36953074167917127 -0.9292115674332365 -0.003590808030137449 -0.2180105453461202 0.09045405081392766 -0.9717455772007602 0.9032820340690547 -0.35830702984956764 -0.23600347304319935,36.8348222938211 -11.788982129901388 706.510890982417,0.69
10,482,22,0.0,0.2734857612287841 -0.9614668368189143 0.028054591469924617 -0.22873690974010802 -0.09333788454569075 -0.9690033361300061 0.9342831286754881 0.25859149445789403 -0.24544953547801757,-16.17017647773017 -10.514053955334267 675.5475114874173,0.69
10,496,22,0.0,0.9934356880258604 -0.10821437753180621 0.03708344983938282 0.011398167640069075 -0.22892385831315376 -0.9733775982985576 0.11382273732007674 0.9674107274526281 -0.22618768507268913,-93.97770440803419 -25.32778197725065 750.1062733791421,0.69
14,2,22,290.8277466144801,-0.42102582622377477 0.8832533304751622 0.20639963143649692 -0.8374391044517411 -0.465938684288381 0.2856516914332526 0.34847238052341184 -0.05258038311144547 0.9358430975992718,-11.31383085911909 125.98414620851345 697.9617663736149,0.69
14,2,22,249.45646555890045,0.37103005192065824 -0.9237277494211242 -0.09520370539605183 0.8166844969435418 0.2757889691134244 0.5069190043462846 -0.4419990192566353 -0.2658335747507061 0.8567201278780797,19.02107328798411 113.95900937942989 693.4976335382212,0.69
14,7,22,396.6586513981224,-0.04486261968523243 -0.9858425752284675 -0.16156039806178293 0.9026509670105075 -0.10929443889040248 0.4162642879020825 -0.42802871061410586 -0.12715794310437564 0.8947749886957563,-28.869840848664072 113.1006957585577 682.8624389927148,0.69
14,7,22,101.65168025658177,-0.03906517431646267 0.2928407480596185 -0.9553628674129572 -0.9936873359067215 0.08923796028080255 0.06798576986049737 0.10516363731930822 0.951987858494427 0.2875060463102786,-89.2200059832336 113.0848688249454 709.5843691095874,0.69
14,12,22,468.4536901169482,-0.47642117482417207 -0.8660466118777118 -0.15161177472179305 0.8293682625479558 -0.4999157614544383 0.2494644594478621 -0.29184096569422974 -0.006891843335798051 0.956442028163806,-70.48549468792635 93.20227303572226 686.0859711263809,0.69
14,12,22,84.70873088678087,0.4859008699571469 -0.840517435928705 0.23964720835996134 -0.843671335213848 -0.5226764622910429 -0.12258871850787458 0.22829591041753355 -0.14261751528741176 -0.9630894151738324,-72.99127799353869 97.12819809151146 710.4267234372501,0.69
14,20,22,177.69137308793222,-0.9219287106167512 -0.3870931503598961 -0.014364730592164657 0.3503284777271821 -0.849042908102607 0.39546946518539633 -0.16527979378584035 0.35956227992535444 0.9183667876295342,-112.62201376903434 37.092499389781274 704.2366624970977,0.69
14,20,22,157.7780041896025,0.9190644344498606 -0.35558505312929184 0.16994068176983634 -0.34897980408398316 -0.9346374744397131 -0.06830730352209197 0.18312198576594457 0.0034729474503904095 -0.9830840640378339,-108.71003103786062 35.74602960871825 676.0455529615607,0.69
14,28,22,266.8820895594187,0.9545392671579493 0.060926694929836225 -0.2917922639455887 0.29485709583243364 -0.33666112697297185 0.894269857829588 -0.04375020560898546 -0.9396527142674655 -0.33932093374702993,-99.47312890873903 -47.211869833997014 717.8804668388503,0.69
14,28,22,44.99218482567341,0.8269927704430327 0.21689453109714785 -0.5186903893606535 0.4337432485847842 0.34084491863001454 0.8340812524875603 0.35770064571101357 -0.9147576202602783 0.1877997450309153,-93.74672933946272 -45.70167244604558 653.4872763055289,0.69
14,34,22,162.77055537537467,-0.648865330973841 0.6869869477133147 0.3271432651480861 -0.6574766011454348 -0.7226198301671178 0.21341297991334174 0.38301214237469605 -0.0766127582115993 0.9205607986834744,-62.556141626778334 -69.29725608863018 688.2728293389674,0.69
14,34,22,160.93931621015278,0.7743530202623312 0.5787765502214204 -0.25572466624163787 0.518525047579256 -0.8120530291077217 -0.2677716432893968 -0.362641937789241 0.07475013599161744 -0.9289258539440589,-67.31451124884954 -67.47164706694747 716.2737578313091,0.69
14,40,22,330.9451729336482,-0.2806179305220621 0.9319256808294126 0.22971308730708137 -0.9054717268091838 -0.33642602851500664 0.2587247171934192 0.3183936698785168 -0.1353959111208887 0.9382395313740699,-13.613493118621854 -89.90299133888495 716.5089188603788,0.69
14,40,22,117.0168281874881,0.3271152449666186 0.9206904503082446 -0.2128960103469085 0.8185803775137227 -0.3886372699301903 -0.4229506330184403 -0.472145933012157 -0.035918896592324334 -0.8807883121429743,-16.395632126320713 -86.32698388755196 728.19550261682,0.69
14,54,22,358.6935793191924,-0.8411171488328707 -0.4459132968750236 -0.30607723471259574 0.44388761087424505 -0.8924700008200652 0.08038088422372339 -0.3090076550048837 -0.06825415230064638 0.948607210515555,103.47613056460081 -5.281494673302798 693.3955096704257,0.69
14,54,22,29.95795199640548,-0.8234738264551742 -0.5624408409855624 -0.07450609058813337 0.5402089658256697 -0.8174183270964893 0.20000387938321917 -0.17339299404772424 0.12444910171724943 0.9769581826756639,107.90021090803447 -7.378966578832681 690.9879849751535,0.69
14,65,22,394.34670285663975,-0.9325380675472711 0.3521049967318449 -0.07996764252914162 -0.3548449191736037 -0.934650795919069 0.02264890779992624 -0.06676702713076094 0.04949708036155643 0.9965401161638212,71.54145403082485 91.96986531215525 692.6965746538228,0.69
14,65,22,107.87385973297019,0.9197431196226713 -0.3207217103893308 -0.22629666014260752 0.37497882925131715 0.5474961405299303 0.7480901374287339 -0.1160322003586422 -0.7729072134414148 0.6238196597496419,91.76036730344114 71.00291695561769 752.3673284925333,0.69
14,74,22,304.98006380043273,-0.4001050017647044 0.8059713327282887 0.4362639090998156 -0.6991298081476649 -0.576206919347475 0.4233238682799516 0.5925651853781787 -0.13563110600551279 0.7940218537052028,-2.094063946282235 96.43561032877857 626.6057557297486,0.69
14,74,22,85.57505230036254,0.43513776884374805 -0.8091063140315681 -0.39497100491040454 0.7407979624783388 0.07240311804799007 0.6678144707064012 -0.5117357725561376 -0.5831850144604015 0.6308896401076775,19.800995618154346 87.60961818555259 645.8365577694875,0.69
14,80,22,126.00812166529406,0.05433740709696114 -0.8582994932558934 -0.5102640748344485 0.9057972273277621 -0.17268501494780564 0.3869254044099642 -0.4202128379230188 -0.4832203074055898 0.7680620452512478,-40.86494984610489 85.36091410891639 681.0229018191377,0.69
14,80,22,52.481186013434886,-0.21911437692428526 0.9381376899717597 0.2681166993671464 -0.9448076239529304 -0.27260814969917463 0.18172327984606265 0.24357225528680446 -0.2135005184350682 0.9460920066687258,-68.86977942230128 85.74850463124253 690.677571216936,0.69
14,96,22,294.1321949487811,0.9985547074649345 -0.005974177689661537 0.05341165978090022 -0.047532620922141805 -0.5619779359771444 0.8257853531173464 0.025082785887740836 -0.8271306478881076 -0.5614496817848496,-112.41808622921232 -19.42970235861463 707.8730891676736,0.69
14,96,22,33.21529047587129,-0.34493634969426823 0.8836119751393482 -0.31662089642020413 0.05424129296577429 -0.31799520965160893 -0.9465394491388253 -0.9370575205380909 -0.34366978922938435 0.061759850825890084,-259.0291665954703 46.92249299619719 1591.6881683099687,0.69
14,114,22,235.8680827357086,-0.12060623490727737 0.8692861234022495 0.4793701823870357 -0.8383208056260998 -0.34781641817582515 0.4198118222510494 0.5316694113411998 -0.35123407424056785 0.7706894719252845,3.7958828804033224 -94.62934522093731 729.3727232507246,0.69
14,114,22,44.21487927254783,0.30703020956151506 0.9456251666163153 0.10735685669056305 0.9169828801183351 -0.3241321972580441 0.2325526096833912 0.25470541412874487 0.027043723163395053 -0.9666404652459808,-6.095990579766801 -106.48425882311778 758.7307861834888,0.69
14,132,22,167.40069947768188,0.9909096610506174 0.11004876856179358 0.07737772402044013 -0.12769533106014008 0.5884317705993889 0.7983996203498029 0.04233138388940087 -0.801022671269235 0.5971354402903141,100.87859214616522 1.3235302016970676 709.7572656793634,0.69
14,132,22,91.04792245877671,-0.9956934142015875 -0.08001429421365944 0.04682240528930273 0.048999346034639735 -0.882957261888199 -0.4668892135904106 0.07869999367066946 -0.46258424789478547 0.8830753787734381,108.94774765231983 29.13964084621514 716.6384645417636,0.69
14,143,22,281.60606725257173,-0.6617548886418121 0.634733321953111 0.3989913249195164 -0.6790287292164303 -0.7330258238425639 0.039913988508419054 0.31780568317351165 -0.24451329530783966 0.9160855834256526,26.813058516414415 98.1748306591762 692.5820336159389,0.69
14,143,22,46.78822414553318,0.7277725051979642 0.3353605871829642 0.5982311068827638 0.6573901502594361 -0.589665551769257 -0.46918304253088006 0.19541077508611274 0.7347297555026302 -0.6496051226393537,32.90192647355991 92.95389825139824 657.2899841992505,0.69
14,147,22,268.99881031598767,-0.31711554882600634 0.734519921004671 0.5999318414120661 -0.7303638714078405 -0.5926719159794637 0.33957122279631224 0.6049845816505838 -0.33048522759198073 0.7244122930407408,-15.77871371772823 72.06296606411689 652.4118815641115,0.69
14,147,22,42.89670430464522,-0.17086217992734098 0.6509255351721278 0.7396634796523052 -0.36132985221944514 -0.7397964975891729 0.5675754399635937 0.916649798650254 -0.1702853188494887 0.3616020697103062,-20.12426310610919 65.16681749119277 528.633571377201,0.69
14,157,22,239.20920322875074,0.4858045059141374 -0.26708483877693506 0.8322617802885215 -0.7429740004340917 -0.6277391421527925 0.23223523438151764 0.46041678587176094 -0.7311697876039291 -0.5033955949178958,-82.56839616463634 43.83677896591926 675.0355749129169,0.69
14,157,22,105.99582816838966,0.6354353598206575 -0.5728273954907515 0.5177747371829513 -0.6734030000295599 -0.7392255091848035 0.008605005616300565 0.37782311078172626 -0.354138986198569 -0.8554737140400454,-71.13539455125058 43.03064826357475 660.4540845468733,0.69
14,166,22,300.61149742630784,0.979248633674733 0.01473729479502564 0.20212601413052653 -0.13095859564422066 -0.7151409421019808 0.6866027083811898 0.15466725468909961 -0.6988249030133485 -0.6983708150082742,-115.66285058923955 -17.998993483994347 709.7936812508777,0.69
14,166,22,85.68799341068691,0.9820698630521693 -0.17048641198178435 0.08045599675767226 -0.06138710099249844 -0.6927276411988755 -0.7185819639754248 0.1782425536072407 0.7007587305546891 -0.6907726063148065,-104.43465072920543 7.981652915647192 665.3686443402115,0.69
14,173,22,280.19018065415185,0.9372603361181941 0.03318535045694493 -0.34704725161663535 0.29268201781082254 -0.615760383734156 0.7315575071542568 -0.18942095657502062 -0.7872343249240437 -0.5868405395604409,-96.25709330747749 -74.47026136043716 781.4853149578349,0.69
14,173,22,174.00429242112216,0.3967874691362543 -0.9178207073719742 0.01283952708068048 -0.6635936253001498 -0.2964895258179938 -0.6868314651653823 0.6341949264992988 0.2640058904635091 -0.7267032991552458,-87.2846063407988 -53.750988622215274 870.206047652603,0.69
14,181,22,299.54650017764163,0.45960233454526056 0.0385682432892388 -0.8872869798944021 0.7083746372252562 -0.6185277730547174 0.340042302215414 -0.5356968054940534 -0.7848158284397393 -0.3115975738254588,-27.373317328642266 -102.65192137372607 794.8985937819972,0.69
14,181,22,86.92791517516385,0.5117082668649788 0.15888463960792948 -0.8443401689595836 0.7814604097856048 -0.4944683085752596 0.38055317598521826 -0.3570354009895299 -0.8545506205669622 -0.37718557677735415,-47.97204311228934 -145.85747317201688 1075.2497981550332,0.69
14,194,22,210.25182693160346,-0.6268606217432497 -0.4458999367338994 -0.638920188543429 0.6771984701246994 -0.7173393235167872 -0.16378805511161254 -0.385289492418925 -0.5353480562747777 0.7516345293255124,106.71842658901961 -78.59994715774839 862.8536978655453,0.69
14,194,22,204.315049312856,-0.5099969734456928 -0.5237459879975352 -0.6823439214448377 0.631910222593802 -0.7663258206896941 0.11590602713283857 -0.5836030822893972 -0.37206837624387323 0.7217842930831636,86.9730825356763 -57.21606643713707 708.0735396447509,0.69
14,217,22,230.5441440050606,0.539864010565406 -0.7595403567802871 -0.3628295695203324 0.5295006821734872 -0.02864610675448458 0.8478257062307221 -0.6543514939801446 -0.6498290905998939 0.3867121349738951,27.33968122970717 35.94639870767079 651.5399544337821,0.69
14,217,22,108.28887753245762,-0.8910200327851925 0.453201480097337 0.02630056297985936 0.22208226724197416 0.48569025068965477 -0.8454492574730221 -0.39593278186093517 -0.7474713364555212 -0.5334077553103798,7.342240907737813 71.54072010093589 782.4749004588382,0.69
14,225,22,245.5053308093914,0.18044569793101184 0.03526321031411922 0.9829526214912558 -0.6595787460644196 -0.7370162591117653 0.14752257978013766 0.7296541837324568 -0.674954472392947 -0.10973254922073317,-60.97276678208252 38.72380719530501 664.5298171610785,0.69
14,225,22,70.40611336661385,-0.9783504873867716 -0.20668911238077478 0.010484972737876297 -0.13857561648447816 0.6166268323019969 -0.7749633205521097 0.15371116532644397 -0.7596387039300015 -0.6319192330872151,-73.2807207392884 74.27191939402479 940.5659799897807,0.69
14,239,22,271.8111457106997,0.9967961941321142 0.023289987632223112 0.0765174740815606 -0.029203695879301467 -0.7846407136788119 0.6192625409183037 0.07446134239134206 -0.6195131369984783 -0.781446723440302,-120.56716664932353 -40.62861491003449 766.1897035908604,0.69
14,239,22,93.91844500333816,0.9305046460928907 -0.10238071540825128 0.35168066866411446 -0.08595756903783083 -0.9943650059335521 -0.062044591221745396 0.3560511198194026 0.02750316504080215 -0.9340616553462024,-100.52622558836343 -20.67128395839108 614.5009600727518,0.69
14,249,22,163.2828870211397,0.6121396132090814 0.15333183523116864 -0.7757412211845379 0.559076049282136 -0.7776926925915637 0.2874509471349195 -0.5592128977941363 -0.6096584488009047 -0.5617806607087499,-65.83188237929113 -92.33620317488975 811.2756216154144,0.69
14,249,22,44.67572043756112,0.7286590439737962 0.43415283751888606 -0.529686049759188 0.4050236971303121 -0.8968296842507942 -0.17791099519004966 -0.552278736145152 -0.08489894652420849 -0.8293252477050203,-72.32422459722471 -84.43985891831103 782.040418993297,0.69
14,253,22,250.29865927996744,0.4598374746956113 0.15161645780183738 -0.8749639687376775 0.5894380641477911 -0.7890608504774032 0.17304838276499954 -0.6641628304860699 -0.5953111992626218 -0.4522082602443603,-30.220037709549324 -97.54380745009274 801.8705074165423,0.69
14,253,22,33.44551892569128,0.4378390183106813 0.548951235928888 -0.7120038866585527 0.2560693511054684 -0.8352903009615338 -0.4865373578092589 -0.8618152246677726 0.030702665873451496 -0.5062922721502867,-22.892367950734183 -68.31092616795367 599.1963039230218,0.69
14,263,22,175.9323913804777,-0.38845865738768914 0.05188718863765063 -0.9200041256189208 0.6150736914382181 -0.72883251074448 -0.3008114448993943 -0.6861371769559771 -0.6827231436952892 0.25120685393058817,65.42128927737569 -83.95005712842888 803.234879605716,0.69
14,263,22,52.349241927412415,-0.31057339750660795 -0.42187697175147837 -0.8518004375832432 0.22076139274124457 -0.9036242229203212 0.36705268181364875 -0.9245585823711487 -0.0740478524837016 0.3737757928309472,77.10878353212675 -79.01760401551765 862.4372860575422,0.69
14,282,22,544.6605125841888,0.904685285464818 -0.4245274315185746 -0.03634548323633663 0.25521177973838544 0.47160232322698503 0.8440723880151965 -0.3411912685667772 -0.7728956647666957 0.5349960837600972,84.79695968579588 6.354097550935943 689.5881567062542,0.69
14,282,22,28.556409046454156,0.00895559350296575 -0.577406368839817 0.8164077918345876 -0.04974122293904337 0.815172578686679 0.5770783982249199 -0.9987219873846467 -0.045777201536661205 -0.02142054466940252,39.833447448187904 -23.82091529545334 239.62162091637435,0.69
14,290,22,235.7717843973271,-0.9244252033197354 0.38067398378997624 -0.02292076640810123 0.1850884825383265 0.39529450376693476 -0.8997135704896936 -0.333437096164967 -0.8359602702025509 -0.4358785720174285,4.775758439533856 40.96273312550457 713.4741592890614,0.69
