scene_id,im_id,obj_id,score,R,t,time
4,0,28,0.0,-0.6831624301436503 -0.7301779620188809 -0.011368281408190392 -0.6964794931433502 0.6561562271536713 -0.29047430385189277 0.21955730384344763 -0.19052335644065674 -0.9568152595875457,58.959762401690135 79.7287174709218 742.8850909754028,0.69
4,10,28,0.0,0.12437397932129424 -0.992216701256852 -0.006093522360491599 -0.9040074645500552 -0.11078114725759158 -0.4129140848288819 0.40902520375347 0.05686435754726549 -0.9107495965056307,-24.737631226661765 105.20371735428691 735.1333904640001,0.69
4,25,28,0.0,-0.9881245478687072 0.14785997998254036 0.04180076816071321 0.12941087495011627 0.9474971452032783 -0.2924072250753792 -0.0828414349459756 -0.28352528308988756 -0.9553798775905272,-111.53362392589995 16.016381018011014 763.5185618131133,0.69
4,36,28,0.0,-0.6765814822407199 -0.7359050487433375 -0.026100902724166652 -0.6933018630364939 0.6485558601195603 -0.31417801166648046 0.24813307840567506 -0.19447122033515046 -0.9490052264673153,-74.60328458591884 -66.73488167349805 779.2006668251346,0.69
4,47,28,0.0,-0.22014643954513702 0.975306589226124 -0.017680559032568377 0.9281797191123445 0.20386524202725176 -0.31132197500610104 -0.3000299221479893 -0.08494716066635184 -0.9501400032156295,16.245298176053435 -88.01575513241089 791.0515095804288,0.69
4,58,28,0.0,-0.9209616691609668 0.38960240202901314 0.006290649367837936 0.3677538460634335 0.8744244248458191 -0.31644752161868944 -0.1287894119941479 -0.2891226272125405 -0.9485891596428455,85.88065352387703 -29.014548320138626 768.015685901433,0.69
4,66,28,0.0,-0.9556322492409262 -0.2935149322712372 -0.024819120543230613 -0.27436433273178823 0.9176026145736922 -0.28762763193435503 0.1071970948084366 -0.2680567594024357 -0.9574206790138261,89.35624957548521 37.257484624436685 757.2390111640537,0.69
4,72,28,0.0,-0.7061107060737959 -0.7079819112155546 -0.013010924622641112 -0.6240915615249637 0.6309128566423202 -0.46093241387079764 0.3345405709346747 -0.3173493039459804 -0.8873398591766876,62.141848723247 62.510754251626594 735.2881129814288,0.69
4,78,28,0.0,-0.2473335037013792 -0.9681139651394933 -0.0397679324165543 -0.8372754905838612 0.23420277006762846 -0.4940838141046559 0.487643200315922 -0.0889067657410691 -0.8685042868006514,15.855737406986561 85.47140835725364 726.6795683923763,0.69
4,85,28,0.0,-0.3400462287974211 0.940407798317104 -0.0013172490382402369 0.8005447374987875 0.2887369665752111 -0.5251276867543193 -0.4934538332444578 -0.17962220630345832 -0.8510224306438865,-45.68081784919149 80.51662201491276 719.1777882899565,0.69
4,104,28,0.0,0.9102335577038085 0.4134386746190226 0.023309499332518357 0.37376306896523026 -0.7960440861496807 -0.4760409448606413 -0.17825834821280964 0.44202067285974933 -0.8791141484796244,-98.8671927685197 -45.64800177037901 777.0615938089587,0.69
4,115,28,0.0,-0.16506446184267953 -0.986264213315687 0.0060518566882880875 -0.8702564905270066 0.14275607918460087 -0.47145979950729416 0.4641199889384259 -0.08308792564885109 -0.8818667883978659,-23.01798183749863 -93.55521627326911 814.3983384055852,0.69
4,129,28,0.0,-0.8668825187488172 0.4984948070785557 -0.004198333409840813 0.44182950682847827 0.7643867962855582 -0.46957375625135245 -0.2308709284067838 -0.4089202281374871 -0.8828832660304391,81.0506954161861 -46.62361998278571 783.5583509262605,0.69
4,142,28,0.0,-0.819536100084219 -0.5730273039766458 0.0005381040846041407 -0.5152107903864906 0.7364359753314748 -0.43842889469890944 0.25083544830840154 -0.35958554355651806 -0.8987657173797222,74.23981417943135 49.62008907780342 740.9619710470469,0.69
4,152,28,0.0,0.11740513392778618 0.992601066752218 -0.03097025685649807 0.7645413571842199 -0.11024526826553294 -0.6350767622736417 -0.6337921959777586 0.05088323011975071 -0.7718279272028649,3.5400640133045886 69.87690450998669 709.7376331580764,0.69
4,166,28,0.0,0.8773766850074447 -0.479648476986362 0.012144592624264483 -0.36855060610369067 -0.6899305827188684 -0.6230298883438937 0.30721426292727394 0.5421560011231691 -0.7821037444611718,-101.29044045506541 22.658907790963436 744.0540436947762,0.69
4,170,28,0.0,0.9896396193874933 -0.1418990572317784 0.02186507021047983 -0.0985948347683574 -0.782381435198968 -0.6149458093303859 0.10436705560461614 0.6064189537050566 -0.7882661798477005,-110.38461805746537 -4.997447785857909 761.7076931646343,0.69
4,177,28,0.0,0.885251721967669 0.4649117782886864 0.013653833224726769 0.37597932104345305 -0.6980145156211147 -0.6094385006954556 -0.27380456333118586 0.5446400411195197 -0.7927157666581047,-97.6131564766618 -53.42547010271558 798.6927542807687,0.69
4,185,28,0.0,-0.3535269038733799 -0.935273839207046 -0.016780164856606272 -0.7421084890285355 0.291342141051551 -0.603651180202012 0.5694679260059218 -0.2009542299689432 -0.7970719407356547,-44.38562357562099 -89.58433883118472 840.1551064775848,0.69
4,193,28,0.0,0.29547837171667923 -0.9553399771838673 0.004249687281237369 -0.7468428118890711 -0.23376137320195167 -0.6225603864111204 0.5957502380841202 0.18077928087329573 -0.7825602247940078,24.971020419523626 -86.95989903085894 818.6744794025996,0.69
4,204,28,0.0,-0.9542242738521769 0.29907887295173685 0.002804094364426593 0.23431947750529755 0.7533673923092962 -0.6144362901609361 -0.1858774264210965 -0.5856529688808967 -0.7889614581131712,90.30729313205062 -34.08609675268534 784.3519821931891,0.69
4,215,28,0.0,0.791425001198169 0.6112564839104443 -0.003460976151109685 0.48532087276786984 -0.6317919005650631 -0.604402717429545 -0.37163169662222145 0.47665973739956896 -0.7966714359181349,72.34013329341067 39.12117805196469 731.4564858833204,0.69
4,222,28,0.0,0.23964476140070146 0.9708542496195068 -0.0035233973584470335 0.6334056425135083 -0.15909758955193964 -0.7572880885309186 -0.735776922963238 0.1792483835199275 -0.6530714636548148,17.159397795356895 47.81532533274283 696.058502643133,0.69
4,230,28,0.0,0.4137412248937248 -0.910124929767494 0.02215425555405104 -0.5897288683899666 -0.28647002500295726 -0.7550859464738398 0.6935690741454161 0.29934518033621127 -0.6552514039653416,-53.24632785548615 41.145308469133255 698.6951530571137,0.69
4,238,28,0.0,-0.8971399029300221 0.4412866267444242 0.02015211222769614 0.27956807438504894 0.6025027404507097 -0.7475507605066166 -0.34202585626725085 -0.665023729505882 -0.6638989025738342,-101.90782666021465 6.551360440753212 739.6807440828377,0.69
4,245,28,0.0,-0.9863430837329359 -0.16272641463047627 0.025444747075040804 -0.13123475541297508 0.6831262024172851 -0.7184121592391345 0.09952266145908217 -0.7119400996941029 -0.6951521662942954,-109.50774611705205 -36.58832444164475 788.4613533616986,0.69
4,252,28,0.0,-0.7120002867384999 -0.7019350454775919 0.01851441640087617 -0.495743105951739 0.48382880223997593 -0.721213188332239 0.497287004239621 -0.522682391183596 -0.6924657055486441,-79.35840440632336 -71.78122600905924 829.0368662968004,0.69
4,261,28,0.0,-0.023320544010853927 -0.9996703765881537 -0.010737336687334509 -0.6718106176537434 0.02362412182192619 -0.7403461318031176 0.74035575653515 -0.010051817758105819 -0.6721401005185034,-4.256350587704011 -87.16830391500737 837.6861926771123,0.69
4,270,28,0.0,0.6883668700229215 -0.725338589905523 0.005914579335297376 -0.48832027835431535 -0.46942843508264337 -0.7356495429780572 0.5363714738898873 0.5035085643062369 -0.6773365246813892,65.51747683869188 -67.26713809601003 822.1458066194333,0.69
4,286,28,0.0,-0.8167924886223482 -0.5768648687014873 0.00877233082634521 -0.397784611335571 0.5520864640586254 -0.7327809626265229 0.41787250868502923 -0.6020194842870625 -0.6804080445027232,75.43821390494759 21.492965011513093 733.2145545730426,0.69
4,292,28,0.0,-0.45629341627941084 -0.8897691290560555 0.01035447917053206 -0.46894570960390836 0.23056384306797195 -0.8526020383002932 0.7562316045393445 -0.39389238536503396 -0.5224581792328382,37.04662399882933 22.261561287446497 693.2766061565342,0.69
4,297,28,0.0,-0.02199932063993426 -0.9997579821013239 -8.435680389190514e-05 -0.5190449244169123 0.011493514557788131 -0.8546696821346548 0.8544638063302759 -0.018758367407610943 -0.5191721557670228,-4.919176033582253 27.686503044531857 683.4982742290204,0.69
4,316,28,0.0,-0.9989640646282143 -0.04006694689009532 0.021573997042342568 -0.040156927306049736 0.5531611317082723 -0.8321058728049936 0.021406045193200957 -0.8321102103292147 -0.5541970579992794,-111.27990460398637 -34.367755424105724 788.2420781853896,0.69
4,325,28,0.0,-0.7031999353541026 -0.7099155520743645 0.039112144417505934 -0.4177102080435895 0.367990851270109 -0.8307231280503033 0.575350356751577 -0.6005019919237986 -0.5553101157744049,-75.97373085053398 -71.18272143184788 850.1996089657904,0.69
4,331,28,0.0,0.08135712627300351 0.996080176945011 0.03471741784457294 0.4332367835300289 -0.0667126845988113 0.89880771420264 0.8976006391492566 -0.05808355026008277 -0.4369661243025948,-34.37117951486996 -131.67540275516453 961.2632421820247,0.69
4,338,28,0.0,-0.38035507913873123 0.9243854696457935 0.02900891726857968 0.49665760007819293 0.2306174152581575 -0.8367477732651676 -0.7801674448847113 -0.30385376628795036 -0.5468195741327193,33.26911356989901 -75.09558508673852 837.4097664037355,0.69
4,357,28,0.0,-0.8836706958199692 -0.4678363037545822 0.015977929725156576 -0.2690650721833089 0.4796993895261017 -0.8351601538742593 0.38305363629659295 -0.7423056571100183 -0.5497747021666435,83.12311865171239 -0.10901739278707451 744.4174269449724,0.69
4,365,28,0.0,-0.33825626962576644 -0.940651051658518 0.027537158033911602 -0.367326933155963 0.1050361824731344 -0.9241419396119326 0.8664026894216657 -0.32271194490628047 -0.38105561323474874,24.75477475923509 3.3829297463805985 683.2383544013575,0.69
4,379,28,0.0,0.7540743644451585 -0.6561274690880698 0.029471973037366372 -0.2266710737439001 -0.30209980749303655 -0.925935165462711 0.61643497403572 0.6915435276399848 -0.37653083826537637,-88.03249536164348 -11.344844852653857 722.1871331986499,0.69
4,389,28,0.0,-0.9818505017295241 -0.18723577537011982 0.030205242509070973 -0.09923847634791753 0.3714792936052641 -0.9231223425064947 0.16162090541023946 -0.909365657392055 -0.3833181238740092,-104.9757228026899 -43.5052962724013 794.4032942105998,0.69
4,411,28,0.0,0.5589916731844066 -0.8285871648251258 0.0311708132322156 -0.34415488103540703 -0.26605148467195483 -0.9004299114108514 0.7543777085585196 0.4926052352451285 -0.43388288170782785,52.75423979076172 -74.66177817495448 953.3908472912553,0.69
4,427,28,0.0,-0.9374534719002431 -0.34727509491402836 0.024103868457836297 -0.15731709030787028 0.3608663309229415 -0.9192534059242203 0.3105355392209488 -0.8655492473907342 -0.39292770228387797,88.7934222592127 -18.535894512513405 756.8488265693604,0.69
4,438,28,0.0,0.25653611158709877 0.9661108468131245 0.02861913908207997 0.2435561188992727 -0.03596140234563394 -0.9692198896473696 -0.9353446639600269 0.25561026820408284 -0.24452760660126233,17.58232803119129 -18.33082249153956 683.5989342323844,0.69
4,448,28,0.0,0.5717283563942742 -0.8201718426091523 0.021091113906329395 -0.1639735316826455 -0.13941605799823764 -0.9765632819637202 0.8038901463522379 0.5548705356777741 -0.21419458731358673,-66.20985721714386 -22.659204818632915 699.4127427706422,0.69
4,455,28,0.0,0.9304983046697375 -0.36509766059181836 0.029607486166946778 -0.05892254116558637 -0.2289672689336142 -0.9716491773781687 0.36152598682436965 0.9023733639616495 -0.23456613750326855,-106.01295938503807 -35.645889879140164 765.5524381718365,0.69
4,462,28,0.0,-0.9664295753592665 -0.25316549119437565 0.04383046816106535 -0.09453182210601459 0.19173663939737406 -0.9768832047496359 0.23890920970156104 -0.9482321947608152 -0.20923215417058505,-106.1950981307321 -47.80091240378288 829.3401616319398,0.69
4,469,28,0.0,-0.9019538725838558 -0.4318323468000811 0.00018970535055673476 0.029694503490150098 -0.061583647343599335 0.9976601078735847 -0.4308102229444643 0.8998490310252014 0.06836865633861278,22.902412964328615 -121.12131702543672 1118.2912783710678,0.69
4,479,28,0.0,0.6300684439218383 -0.6823492592203271 -0.370692924690213 -0.2974219211868183 0.2289124506497241 -0.926897670045124 0.7173241643576878 0.6942611744718326 -0.05871511602250573,-20.86994187265568 -8.396348324334626 327.81273280150106,0.69
4,488,28,0.0,0.7236907275344904 0.6899357805258214 -0.016135353445960232 0.12658760931024704 -0.15569196134806612 -0.9796609568318566 -0.6784152917275057 0.7069290147686811 -0.2000101498136167,73.8896927402469 -43.675763982634386 822.0601674640394,0.69
4,497,28,0.0,0.9788725157839507 0.2040777783818803 0.01268298913957952 0.06010549592521082 -0.22790304912247764 -0.971826903085247 -0.19543778345648263 0.9520569628816301 -0.23535422712631124,96.4960524633547 -33.57580624144999 786.5054923478513,0.69
13,2,28,613.1431584983378,0.993050072626096 0.10905202675963287 0.04426294970876976 0.1174341216113048 -0.9430355328095977 -0.31127674333284105 0.007796174618749759 0.31431137319246727 -0.9492879333180104,-3.331986108632059 95.84611470798048 762.248248621134,0.69
13,2,28,610.4159164780192,-0.9913489970844851 -0.10213079413834157 0.08244068697104018 -0.12326168510120782 0.9402429030439866 -0.3174111533349558 -0.04509681768812545 -0.3248270065189898 -0.9446976727346776,-4.251059261999184 96.29729147602421 761.5506779140874,0.69
13,7,28,611.0121846260145,-0.8520321281646637 -0.5224440632874693 -0.03306740556609708 -0.4769503074116516 0.800771499384479 -0.36233052594759907 0.21577686816506775 -0.29294573987209893 -0.9314629013845176,-36.39030490477347 96.83257359336608 750.1167057945406,0.69
13,7,28,423.7795997577802,0.9660694016609603 -0.23891747117262138 0.09812417206230978 0.19880618993294039 0.930379264306979 0.3080105897399505 -0.1648818062091199 -0.27805191334728147 0.9463092113390497,34.97293976820149 -25.07768526650584 800.944669346188,0.69
13,20,28,595.9141860910024,0.22964085482969662 -0.9729657848159018 0.024549121586375205 0.9209822876311583 0.22538988472799287 0.3177908521842325 -0.3147327495872725 -0.0503684567946896 0.9478429800854974,44.276671611050276 49.80050004441621 771.3956209460683,0.69
13,20,28,594.0515582574469,-0.23519738745527852 0.9713877641851857 0.0329848529709893 -0.918206161288805 -0.23319312093938827 0.3201849679760516 0.3187156009759939 0.04501977274325164 0.946780642892881,44.916517819806415 49.8111454681891 769.5304342878417,0.69
13,25,28,610.5624638542179,-0.21450209317924082 -0.9763798815719166 0.02590712032115275 0.9161165593282435 -0.19192315710806865 0.3519885672720815 -0.33870237930416924 0.09923622638574073 0.9356456966322308,26.76023972177601 78.54618162807971 789.9921152354576,0.69
13,25,28,592.947478543637,0.20447574313830216 0.9784718361904078 0.027973849399230477 -0.9135549654637024 0.18048972158470203 0.3644732987186994 0.3515778655499413 -0.10008159763137525 0.9307935744679906,27.222116907604484 79.19017253364218 788.7401169823775,0.69
13,32,28,602.854728511022,-0.7189853099502629 -0.6947800451823438 -0.01846111838823812 0.6472666183008686 -0.67902023308571 0.3463776088224896 -0.2531917236188459 0.23709114676986173 0.9379135030557297,-14.274316937562265 90.012189903935 753.3541617276392,0.69
13,32,28,565.1577906335149,0.7082930719556942 0.7043282986058494 -0.04735580220580281 -0.6513356708345499 0.6779200698242611 0.34086100221054294 0.2721814984859781 -0.21058496316797734 0.9389202336564427,-14.693361003791306 90.42583834033786 753.38910341519,0.69
13,40,28,586.2525058460334,-0.993995562063809 -0.05140150240130287 -0.09659559072929454 0.01763832093082969 -0.9465180760311934 0.3221683121924766 -0.10798940796297372 0.3185300885271231 0.9417414031838621,-63.61468192916288 79.89265152525886 762.4728372703988,0.69
13,40,28,559.9537307160704,0.9914898506500932 0.06174885574704824 -0.11460783076119252 -0.025804850966144814 0.9561033074383477 0.2918913756383827 0.12760088449721255 -0.28644989844540464 0.9495601455179901,-64.50133698775548 79.92443032756326 764.4124445210696,0.69
13,55,28,341.18238478245087,-0.9994733920085641 -0.028471948177701885 0.015565565645406095 -0.031863043370519 0.9518877459618315 -0.3047859339846124 -0.006138821879124174 -0.3051213975693451 -0.9522936771874873,53.860636895703685 -5.010637926975282 791.4727428794356,0.69
13,55,28,291.15524807532927,0.31788668178399665 -0.925651893003907 -0.20522336738939667 0.9340668607859139 0.26860749789366145 0.23530642077269062 -0.16268729860043746 -0.26649312383922763 0.9500075040864162,-94.03282015344733 0.2736455511074857 781.7338575079472,0.69
13,60,28,393.5634800419439,-0.4472258727769767 0.8941167208786505 0.023330412857052757 0.8367186477023325 0.42744857758859234 -0.3423296921166325 -0.3160552535650234 -0.1335777038382443 -0.9392901967609643,56.848107252657265 29.230210617763344 769.2180778117463,0.69
13,60,28,302.20542640866756,-0.1342795570757811 -0.9558254877204762 -0.2614701466237515 0.9736880982636833 -0.1762915669316199 0.14440488471117 -0.18412085121241478 -0.23519974586021183 0.9543482549342814,-86.59116151895044 -28.55594118074307 827.3069853606711,0.69
13,69,28,451.54909873912067,0.9479690159446124 -0.3074974594118181 -0.08246245972731767 -0.31606171961162793 -0.8779143019179799 -0.3596824542342962 0.038206468106106034 0.3670310490178496 -0.9294237326707953,31.730119299493722 81.61552958187245 764.6732424884091,0.69
13,69,28,432.0826043000634,-0.9491148649425779 0.3092682318111183 -0.05944858229980376 0.30812014250241815 0.8728536955268568 -0.3784024365531994 -0.06513793771161067 -0.3774646831129145 -0.9237301890017157,31.072294509809204 82.16986034103235 761.8230445091147,0.69
13,78,28,725.118371111028,-0.8721665497371165 -0.48859623108626055 -0.024479225640435823 -0.4165126909249334 0.7678785142640414 -0.48670295420319726 0.25659830049734317 -0.4142901281710078 -0.873224485388451,-32.94502515916454 82.89811203879655 743.8626608640169,0.69
13,78,28,709.2397461446352,0.8704759979214081 0.4910365714444071 -0.033979737298152 0.41247385044027046 -0.7653906480177022 -0.4940065572743133 -0.2685830593051377 0.4160050978427592 -0.8687939334635856,-32.40524140347529 82.58018968574872 742.6041487334217,0.69
13,84,28,678.931775745312,-0.5390412659059809 -0.8422461395545295 -0.007480244379012513 -0.725251843597311 0.4686438050691869 -0.5043637054041216 0.4283039539966672 -0.2664477892116317 -0.8634589154181308,-71.51416320253915 66.60897489608521 738.7958016103447,0.69
13,84,28,669.1534236192945,0.5440496185801939 0.8390517241737988 0.0014888531561340068 0.7231944276147341 -0.4680253701648712 -0.5078799786849568 -0.4254407507394445 0.2773886389941206 -0.8614265555270787,-71.4651128825446 66.58964831197484 738.5892758757598,0.69
13,91,28,673.3886142115817,-0.281318230714116 0.9591556498020928 0.029673094220267066 -0.8283226507639585 -0.2583251120272794 0.4971415520025084 0.4845014337432333 0.11527608576291504 0.8671619138038366,45.536267461790004 34.61883303088196 761.4753556083375,0.69
13,91,28,404.6109070486968,-0.07851589216192068 0.9967571766913346 0.01761775786918285 0.8518790539271919 0.07626210439535308 -0.5181565100558949 -0.5178197873373807 -0.025675321760628006 -0.8551043478396996,-99.06423679110254 32.06182567025784 760.4061906513089,0.69
13,105,28,774.6453336203332,-0.7985946245543095 -0.5994166823434152 -0.05427952248661408 0.49342237657845617 -0.7036754328745152 0.5112487099842229 -0.3446461720730838 0.3814977406188367 0.8577170220871763,-23.920421789779013 77.31730668604222 747.878487551582,0.69
13,105,28,752.003744492808,0.7870123778939445 0.612418137823364 -0.07453550500722697 -0.5051990781172853 0.7090932493358865 0.49189496360068524 0.35409802104948895 -0.3494721565607732 0.8674582429590477,-24.309162956321224 77.44013558408774 748.9527369413622,0.69
13,112,28,661.3629520895794,-0.9971900849319653 -0.022808181995679362 -0.071356298582759 -0.016160940520454137 -0.8645979944875963 0.5022042731095792 -0.0731488791088027 0.5019463066524928 0.8617999458824813,-65.67733403334117 64.81818588805471 753.095004513734,0.69
13,112,28,626.0238852324442,0.9947328825153878 0.04034484226349041 -0.09422731103752142 0.009669610820957228 0.8782449252563975 0.4781133232696575 0.10204406435064685 -0.47650618565147596 0.8732289871314868,-67.2189298410011 65.24273429277638 759.0655395829332,0.69
13,124,28,373.79241823697265,0.5265620941443996 -0.8432577551830188 -0.10792923299069884 0.774201394904685 0.4232016635091292 0.4706512000736278 -0.3512044435053531 -0.33138604425473595 0.875693284509647,-96.89738209294045 5.9216600049682775 790.269078975285,0.69
13,124,28,302.7224350788699,-0.15385255466154402 -0.9846622799938701 -0.08227749255652897 -0.8250457265595937 0.17383909977494305 -0.5376611539577592 0.5437177029579491 -0.014837848452871893 -0.839136995813807,44.044112569620445 -24.14967379252324 779.2105790674369,0.69
13,137,28,495.51333999155173,0.8085203463054711 -0.5880689690799653 -0.02167342186430328 -0.5293192071205649 -0.7106667820786241 -0.46343705270863916 0.25713036884689006 0.38617044482357826 -0.8858647531996191,46.574553698124106 50.29849317206572 761.0035812713344,0.69
13,137,28,495.4180430313136,-0.8097822484151049 0.5860767026015129 -0.027691313069537857 0.5298382607214217 0.7101730961718117 -0.46360068048854486 -0.2520399326048872 -0.3900875185666428 -0.8856114273376575,46.715850942659934 50.651613377468436 760.1767196297952,0.69
13,144,28,761.6671839168932,0.9980193911540766 -0.0625701296341168 -0.006501827282918987 -0.052069214821286694 -0.7636555195947584 -0.6435208188243441 0.035300024764039324 0.6425848008395697 -0.7654009942387251,10.83369402168478 60.048759528445466 731.6159930877484,0.69
13,144,28,742.6872795413656,-0.9978851567034754 0.06494757421230185 -0.0026507800394996867 0.05181185715733744 0.770112130578035 -0.6358009419578322 -0.0392523309981449 -0.6345936644345708 -0.7718485185389135,10.707982403983173 60.339982514790826 733.7356294242055,0.69
13,153,28,796.2982366863394,-0.750967534124843 -0.6601915802467704 -0.013958512160148956 -0.5015122971418395 0.5839662925704098 -0.6383328167633915 0.4295732516183567 -0.47236685585765076 -0.7696339227068862,-49.845776879624516 60.64193818092437 728.4834566603005,0.69
13,153,28,779.3404210259124,0.7486949317971728 0.6628234387462751 -0.010999461340911898 0.5040638297931425 -0.5799872248766459 -0.6399488061354259 -0.43055261536250977 0.47358199715408306 -0.7683388167833595,-49.34598866886478 60.33757818101935 727.420061475409,0.69
13,163,28,748.3011607965217,0.29506868843952927 -0.9538138937847137 0.05633404943565529 0.7042708026601204 0.25695785083875167 0.6617970228195346 -0.6457066715026611 -0.1556011533234014 0.7475634925953658,48.71423009714054 22.268563612993624 781.8646090786041,0.69
13,163,28,614.7495624553214,0.04256658899974253 -0.9987840479448051 0.024869882828756906 -0.7654303460439886 -0.048599384354176434 -0.6416809839751952 0.6421093916583892 0.008278007694133671 -0.7665683294610528,-96.94878362657394 21.605091878012736 749.4527476784322,0.69
13,172,28,806.9710622172664,-0.4536096360861075 -0.8910040121542038 -0.0187122520007722 0.6671035567121713 -0.35339488132105723 0.6558085867675463 -0.5909408960901248 0.28499808452196146 0.7546952690636218,10.447067414953427 54.872249984989075 748.8372741939423,0.69
13,172,28,805.7518348419801,0.41779132246741985 0.9077178282313786 -0.03871375959311957 -0.6400835953122145 0.3243139331505832 0.6965008713394323 0.6447816699341831 -0.2662119777081949 0.7165108380489285,9.661435460544512 56.51859386348682 743.1665532439091,0.69
13,186,28,700.4276170795198,-0.9910545901886574 0.10632604550483349 -0.08065712190064978 -0.13329766592620917 -0.7591021039162191 0.6371779406795203 0.006521619784756599 0.6422295289670771 0.7664846382009937,-72.8325766929336 43.32896497087018 749.5056718344731,0.69
13,186,28,684.435424889005,0.9925701843620256 -0.09574088791247354 -0.07508735910435096 0.12165866074110074 0.7713037609052477 0.6247316853498808 -0.001897203788824818 -0.6292250716517516 0.7772208243624407,-73.47796406083106 43.51347421432208 753.070323852103,0.69
13,194,28,455.2907421908608,-0.6659229585541662 0.7383817082365849 -0.10648505158983138 -0.6108802802000297 -0.4577767874280759 0.6459610639618796 0.4282194490365886 0.4952099209766026 0.7559068974636676,-90.98069758669193 7.929151801106602 760.9215380069089,0.69
13,194,28,440.9623802563919,0.6724030294922436 -0.7359045075870612 -0.07949038710874376 0.6002118780063834 0.47924900104734913 0.6403640343548098 -0.4331510907636076 -0.47829379120804294 0.7639471067175618,-91.77196183049465 7.396772596130417 765.600910784385,0.69
13,213,28,641.611595182783,-0.9516662670308953 0.30399921830125054 -0.04376975517077097 0.2596100510753162 0.7200513674675173 -0.6435282818873068 -0.16411562258405607 -0.623787226127937 -0.7641698495383481,29.706884479735237 52.343426367068616 741.4814866729239,0.69
13,213,28,639.6653037144953,0.9537434120245787 -0.2950020161749075 -0.05785598043809717 -0.2626556142568759 -0.7240955757675241 -0.6377284888204703 0.14623793050729714 0.6234255429533163 -0.7680853208298578,30.357087151343773 52.05359995344756 744.7027198033913,0.69
13,221,28,845.769137732386,0.9469909658919992 0.3208242335837639 0.016730859641072765 0.2224697867293083 -0.6173217350939046 -0.7545999399504794 -0.2317656240937271 0.7183214367718963 -0.6559718050056753,-18.376415813650112 47.26736920316191 720.8534823791031,0.69
13,221,28,813.4431927783049,-0.9457773451649383 -0.3245882984312139 0.012151127284757812 -0.22255408226568213 0.6203167720291279 -0.7521148734111317 0.23659013893153105 -0.7140374912151964 -0.6589200006825313,-18.355578988854944 47.5327549796327 721.4712473848896,0.69
13,231,28,728.1771737234121,-0.3948835370257159 -0.9173287607970934 0.050743835098748746 -0.6104792175795012 0.22071642973197914 -0.7606572043633637 0.6865727325561217 -0.33134906407116516 -0.647167428606835,-82.06706567587976 28.716738920427144 736.508117008173,0.69
13,231,28,714.2986940805638,0.40097192888528266 0.9142456828914834 0.05810631256843396 0.6112873775440427 -0.21977904244664603 -0.7602794976563304 -0.6823116987868099 0.340370392095905 -0.6469920725040896,-81.7738920521334 28.798196445672232 736.1003857305159,0.69
13,238,28,825.2164356346066,0.10158535822708842 -0.9944607615726198 0.026985342063407913 0.6126200506133863 0.08390608615968684 0.7859112178177731 -0.7838221026357486 -0.06330531097600123 0.6177502319076098,41.68522057896451 20.36023340315874 760.2150513912256,0.69
13,238,28,808.276703572609,-0.10691323602396746 0.9939068194106576 0.026810339271881145 -0.6109491172991822 -0.08694486551262426 0.7868810370267805 0.784417450108189 0.06774824492178094 0.6165220509242022,41.79746501168346 20.488481662640343 753.6956772957086,0.69
13,244,28,873.3791445990831,0.36122088471142555 0.931430854529433 -0.0442270921366652 -0.5550882229918781 0.25289653830139097 0.7924142891258916 0.7492639969623617 -0.2616866525937905 0.6083778091862347,13.318247774840106 38.41702674716208 735.0449249272084,0.69
13,244,28,863.6468262179678,-0.3869244263923194 -0.9216754825169542 -0.028351246676540598 0.5681719180917968 -0.26251231653689033 0.7799153512775113 -0.7262714091528477 0.2856599177231115 0.6252425542567954,13.795163345351604 37.91018836264937 743.6800977973945,0.69
13,258,28,737.7763817304561,-0.9956599844677686 0.02358925549509385 -0.09002634256055358 -0.08419608135013298 -0.640460421014418 0.7633619515009351 -0.039651169149531346 0.7676288140365899 0.6396669357140892,-70.29843672844926 30.354091776404765 740.2871313414353,0.69
13,258,28,715.4569969120431,0.9964350420118302 -0.012065620645782114 -0.0834962744636793 0.07125581340484 0.6502176155140106 0.7563991416780487 0.045164323385794396 -0.7596522054688621 0.6487593626448847,-70.89341374199527 30.446967132404772 744.1663195607928,0.69
13,272,28,263.8306101144807,-0.2435082562083576 0.9633745485164886 -0.11230854121132683 -0.7058544579085431 -0.09660854442518879 0.7017380375857382 0.6651866004430648 0.2501524903227983 0.7035271978937989,-96.15703221058278 -26.68672023033318 845.7689392130536,0.69
13,272,28,262.4995667425498,0.25245987337228326 -0.9602620847823167 -0.11899891119825157 0.6777422989663928 0.08771322108982138 0.7300491538504763 -0.6906007446626444 -0.2649587125866344 0.6729543016400401,-94.04020966556352 -24.93180278196351 826.6958895216411,0.69
13,286,28,714.0624799882389,0.9640912253604099 -0.26263362033262805 -0.039391504846105915 -0.1978024448061686 -0.6111560185488685 -0.7663957944953755 0.17720694684962673 0.7466671965892652 -0.6411597269992567,28.100011050845154 38.652616473661695 741.9267220047152,0.69
13,286,28,682.283959815329,-0.9614030578452303 0.27374607345631574 -0.027699235243778028 0.19770858429103016 0.6173070373404056 -0.7614744495698121 -0.1913517077621138 -0.7375602408734226 -0.6476028219667218,27.42028569228941 38.523515088863164 739.0363448669124,0.69
13,294,28,829.9644244749325,0.8796502843974375 0.4749369938899109 0.025499588120635713 0.26424464118441 -0.44343405990271734 -0.8564700836126827 -0.3954619409814676 0.7601322821410811 -0.5155664524405775,-31.16633072610958 27.97465978292054 712.7924203113159,0.69
13,294,28,775.3368521691492,-0.8768525165630731 -0.4805099016705528 0.015488660160309586 -0.26264654614216704 0.45180546549332 -0.8525776288115676 0.40267413127316287 -0.7516528824842756 -0.5223710254756512,-31.40782036619551 27.966729540419152 714.2424926782573,0.69
13,304,28,627.2491018210246,-0.23526790870406178 -0.9706607513747288 0.049666053544286326 -0.4991297439977257 0.0768153600214937 -0.8631158086384081 0.8339775235525128 -0.22785325585871036 -0.502557841450915,-89.80810849929975 7.972473119651876 742.685241618803,0.69
13,304,28,619.5051540117983,0.238781986940374 0.9698671975777579 0.048381626424431334 0.513838003035796 -0.08391698374044054 -0.853773064974582 -0.8239864497362759 0.22872594715635747 -0.5183924881288644,-89.33266831547635 7.5293553575436505 742.9796460720745,0.69
13,314,28,846.8390572654605,0.27312072891396305 0.9613974676521599 -0.033466051896206994 -0.4508207518125233 0.15864942671024046 0.8784025325212259 0.8498033402927391 -0.22482274928602347 0.4767483762224859,19.59389848826704 19.563948346944304 731.435732797024,0.69
13,314,28,827.0464212652588,-0.2850904403424298 -0.9580890415161756 -0.02808610603083439 0.4564923236200266 -0.16148346851341627 0.8749501973671789 -0.8428156377888039 0.2366188452416509 0.48339768594311605,19.536810543838815 19.152507322449843 737.9666487127848,0.69
13,329,28,696.8712952130031,-0.9975707546799628 0.038359782756068606 -0.058147368591851656 -0.06934869536372001 -0.46797728596969945 0.8810153337302276 0.006583909066762313 0.8829075755045606 0.469500655226443,-68.43427733001464 16.107921925779237 736.7677144965498,0.69
13,329,28,647.4627798742853,0.9983007241507977 -0.01966548761236118 -0.054853739680727195 0.05765797503765553 0.4696794102798746 0.8809522174747654 0.008439317185057596 -0.8826179922005427 0.47001516759497525,-69.5025051827663 16.353474589447995 741.7344412004992,0.69
13,335,28,621.0642394081381,-0.8109935169420558 0.5846897143305584 -0.02067494701336603 -0.3062230409338006 -0.3941048056141534 0.866549970511272 0.49851475873760387 0.7090975533365493 0.4986619046738061,-83.91223746915279 -2.703350046216356 737.7153369451537,0.69
13,335,28,571.1130117146281,0.8169742843593573 -0.576431436278876 -0.016727760309973583 0.29519569104589466 0.3931091058471784 0.8708184281972726 -0.4953912824055876 -0.71637422494776 0.49132010659756586,-84.79153685634203 -2.5410780055052204 740.2980035621491,0.69
13,362,28,669.9521195163748,0.9993519893956526 0.029045444831544743 0.021259431447927718 0.03052525927156838 -0.3709065898736799 -0.928168363032635 -0.019073799761845457 0.9282158497476842 -0.3715528582043604,1.4784800750420106 8.89669077379692 714.5772826605202,0.69
13,362,28,639.6464653987479,-0.999483949828813 -0.019298729993209713 0.025678649794026377 -0.03101122677670842 0.37129421967487897 -0.9279972555184774 0.008374834231113229 -0.9283146888079883 -0.37170109052157674,0.9264959248726676 9.140105231390631 716.064370730145,0.69
13,369,28,790.3743370014367,0.7753828095514359 0.6308956133933366 0.02742669599436326 0.2545401751205162 -0.2724975285133766 -0.9278762828113015 -0.5779193697236134 0.7264405150837522 -0.37187817917042987,-44.70233090804375 7.787028480791201 714.0090334556052,0.69
13,369,28,746.9519467804279,-0.7714333782330461 -0.636135689353659 0.014897237277257724 -0.24875361159079212 0.2799460962654221 -0.9272280323125958 0.585672420102302 -0.7190003949347287 -0.3742008129537092,-45.12956259312123 7.7264891156758715 715.4871333647567,0.69
13,378,28,603.55890694832,0.40867575504644826 -0.9126568115633105 0.006455350053045372 0.3371719103732626 0.15754621804018737 0.9281671681526331 -0.8481151042709119 -0.37714285554458754 0.37210756028225805,52.51516225068192 -15.87502522450519 793.220131349582,0.69
13,378,28,574.3144480566956,-0.10888177601668658 -0.9933623809254462 0.037093651931035254 -0.37490238829108535 0.006475659656106969 -0.927041673866746 0.9206481185040745 -0.1148444425914763 -0.37311901037170536,-92.58781572183491 -8.960211819569627 749.9835210189926,0.69
13,392,28,858.2735118581916,-0.6942325532659894 -0.7187598437645831 -0.037755118557583955 0.2411117852901268 -0.2816681190102497 0.9287239513049265 -0.6781638953674789 0.635647195954438 0.3688446465590455,-7.663391381423049 5.65125812771765 717.2829150108126,0.69
13,392,28,832.5216824134989,0.6722899289767393 0.7390607903555566 -0.04260750585836909 -0.24659353685761606 0.27784015444199145 0.9284376533508871 0.6980099418894423 -0.6136725484643015 0.3690367519432545,-8.030718434188131 5.942294738884866 715.4410473187676,0.69
13,399,28,652.9343924304903,-0.9696293723299819 -0.2381637412099748 -0.055649911840302796 0.03369916850999875 -0.3554588491983728 0.9340842427577413 -0.24224625148121495 0.903840162251842 0.3526892608853621,-53.06571724797189 3.3616823263921365 729.952919513017,0.69
13,399,28,590.0900879943013,0.9614770733795392 0.2684883774157224 -0.05895615793272696 -0.04241027562128456 0.35679580827105345 0.9332192238278916 0.27159382520087366 -0.8947685412400674 0.35443765561785195,-54.30562349575167 3.4524824294746255 734.0352422172297,0.69
13,406,28,650.2997745920746,-0.909257876656706 0.4154308404789686 -0.025832741176195412 -0.1718142258043134 -0.31807421041241646 0.9323672390650491 0.37911737700744197 0.8522006884821532 0.3605884094109817,-82.59460575237742 -8.917243921482116 751.7762032550711,0.69
13,406,28,615.415048652337,0.9155710720372126 -0.40161311507588277 -0.020893009540874613 0.16040182357254568 0.3170453592584377 0.9347478243715199 -0.36878295384037374 -0.8591793444745595 0.3546970354894933,-83.7101657238963 -8.94222422739108 755.1686787502911,0.69
13,418,28,17.753196280475454,0.8197051950723881 -0.5541075094066806 0.14508018882833001 -0.14036012422912783 0.05124905995021113 0.9887732648997968 -0.5553219144763895 -0.8308660553141795 -0.035765478172849946,452.3898419002371 -272.78870905895593 4062.180929036085,0.69
13,418,28,15.866736751673821,-0.9512833089434743 0.2252970981359036 0.21047870129087964 0.20218781727430402 -0.05953267216628966 0.9775356502402324 0.2327663048454543 0.9724695771674723 0.011080108858262161,424.62192684266984 -256.62320211132936 3774.869161347667,0.69
13,431,28,641.6331313207797,0.9810264910481452 -0.19368875737239474 0.008466943326896709 -0.06614307431366359 -0.375425548209715 -0.9244894544946265 0.18224192048510807 0.906388615892197 -0.3811135780826065,22.199681913082046 5.815447880241477 732.2113132244298,0.69
13,431,28,614.8527641276513,-0.9801236345186565 0.19821456366040907 0.008285397446880727 0.06751259419331923 0.37252235826565727 -0.9255642291151285 -0.1865468056098183 -0.9066080075452165 -0.37849994712240775,22.013453853649363 6.23019330791499 733.0638003306384,0.69
13,441,28,703.1874211291439,0.7709725406445092 0.6353745200455302 0.04359542234068864 0.16264719965594487 -0.13025081397882096 -0.9780493923631536 -0.6157493240079359 0.76113989826757 -0.20376168739241243,-48.47409771318427 -10.972867568616769 710.6936537834499,0.69
13,441,28,670.1672913316992,-0.7545874530349346 -0.6554747765673248 0.030831688346018404 -0.1555864457281852 0.1330714295051343 -0.9788180896137595 0.6374877517473734 -0.7434008420317231 -0.20239702181258445,-48.00489798790236 -11.03546219695933 710.387877439878,0.69
13,450,28,488.132540135854,-0.4431883634408431 0.8962575644530506 -0.01750578965122318 -0.17609199898803873 -0.06789423602060951 0.9820295212505448 0.8789628447227014 0.4383066858671716 0.1879137214817287,45.4517873005325 -21.48627378520192 750.2331168015701,0.69
13,450,28,390.64893926468255,-0.07557473655989444 -0.996686292606678 0.03008144484326436 -0.1984233384203194 -0.01453244138496157 -0.9800086667563345 0.9771983616257439 -0.08003275752683059 -0.1966675361075476,-94.31619277630716 -21.111329555112285 762.7877773689576,0.69
13,462,28,711.6635532995572,-0.6193124425701064 -0.7847246436361368 -0.025677463815312218 0.16074975892897814 -0.15874094279624795 0.9741462046758862 -0.7685125981284393 0.599173219320003 0.22445453830916307,2.065321592266631 -13.150168074148583 721.3624059502681,0.69
13,462,28,687.3887002222997,0.5956846624616591 0.8027729902709073 -0.026745261252142938 -0.16621794949798208 0.15577942903343844 0.97370650750352 0.7858316462020513 -0.575576489774836 0.2262306969574475,1.7128001109222697 -12.902469435100189 717.23409937039,0.69
13,469,28,549.9271248602813,-0.9372577712757131 -0.34433594999642736 -0.05459508882070799 0.02445804719340297 -0.2211504394032655 0.9749329654285099 -0.34777819671561994 0.9124282090618421 0.2156967528671475,-42.818418207911144 -13.04468900519814 726.1683624259925,0.69
13,469,28,489.44504379216306,0.9186206606708818 0.3905309224117668 -0.060180399041602745 -0.03193312019339026 0.22517497233109907 0.9737949002076376 0.39384814030703064 -0.8926263666707941 0.21932125273395237,-44.555487131284025 -13.25175973923382 727.9690072700232,0.69
13,478,28,557.1997124222524,-0.8801118444727292 0.47404860990532405 -0.026097062394847215 -0.13934681631817447 -0.2053803449835665 0.9687111946686796 0.4538563715547019 0.8562107388612114 0.2468148388122956,-82.97840573582367 -22.438081479918015 751.84887178607,0.69
13,478,28,531.4849906070946,0.8848951035550259 -0.4653982308151825 -0.01910870111855159 0.12468484955225714 0.19714613623699317 0.972413024007266 -0.4487920944005932 -0.8628660891012713 0.23248175903198498,-83.33877985731301 -22.246486490577023 750.7089774795463,0.69
13,500,28,554.5385676907692,0.8951611073721234 -0.4453003207819869 0.01985487748068096 -0.07186093608503732 -0.18813189249449053 -0.9795113051371196 0.43991203406282875 0.8753936345084425 -0.20040805110774246,33.23574522610227 -12.421051318955652 733.6947270827502,0.69
13,500,28,535.535475013052,-0.895009378079214 0.44584959054097456 0.013279900779142956 0.08079200443224516 0.19132003716266688 -0.9781969614550516 -0.43866942584374236 -0.8744225443082543 -0.20725430957015167,33.12961861085988 -12.322314856541222 729.2002276308924,0.69
15,1,28,0.0,-0.9985756945790344 -0.038368409855183215 -0.03707353936682481 -0.05288486986932633 0.8036905990181938 0.5926926788721795 0.007054979440313755 0.5938091327817051 -0.8045750065035179,-33.62600099892207 125.15555433046974 701.1596427976914,0.69
15,12,28,0.0,-0.5382627997214277 -0.5334645292719027 -0.6524482772180162 -0.810450048630672 0.5400014093805359 0.22708852137784394 0.2311793180857476 0.6510100413017771 -0.7230090241578365,-123.79191571765541 56.78629769879007 733.8146415796886,0.69
15,18,28,0.0,0.03056108394897683 0.6434949333028253 -0.7648400427288419 0.9563357373221617 -0.2413472648693229 -0.16484372981880357 -0.29066815730028217 -0.7264060631311455 -0.6227730355257595,-131.44955475406042 -3.3314225319458504 747.3339149577124,0.69
15,28,28,0.0,-0.745141478043046 0.4333870065600834 -0.5068923754059782 0.6300989333142284 0.2084879256515244 -0.7480027533998765 -0.21849373431770655 -0.8767602222970743 -0.4284296916198601,-75.1921119211729 -88.77813415150077 769.6498842516335,0.69
