scene_id,im_id,obj_id,score,R,t,time
5,7,27,0.0,-0.11834541875517113 0.9904572347153338 -0.07063163639416789 0.8741388217650263 0.07017587959381 -0.4805795108059508 -0.47103681612259884 -0.11861623886841927 -0.8741021140197496,-10.962395846149887 84.51398805394804 741.7191587158048,0.69
5,20,27,0.0,-0.20563793987378737 -0.9688728179591952 -0.13783504744538932 0.08129849347765533 0.12344546092398923 -0.9890155575801258 0.9752454012415173 -0.21458490346963338 0.053382830200353726,-91.84070145499793 116.29489652384574 926.4909261626412,0.69
5,25,27,0.0,-0.9773859564766599 -0.0873458954643408 -0.19258085737616096 -0.005332992677402532 0.9205979708516504 -0.39047526842673075 0.2113959585027764 -0.38061801140954576 -0.9002453432922247,-76.06853887572322 -4.481081684068902 733.40052756259,0.69
5,31,27,0.0,-0.483609566093263 0.2694673140763888 -0.8327719701260021 0.8603713472062362 0.3212267171256078 -0.39569501021775794 0.1608817344809917 -0.907855034049579 -0.38719026932662676,-136.76195059388635 -60.54725607587886 1070.6106590847178,0.69
5,43,27,0.0,-0.0605426175536109 0.9956483934055275 0.07084397058853373 0.8192593902584083 0.0901110735889934 -0.5662985483736116 -0.5702180661231087 0.023754391712498213 -0.8211498559588203,-3.975222574883048 -56.862862732350145 786.1473433212548,0.69
5,56,27,0.0,-0.8358062009133125 0.3646002701175125 0.41048098317107523 0.26192155319834054 0.9218845073690723 -0.2855276782433741 -0.48251952756859956 -0.1311319873376433 -0.8660134568306983,49.50339755552399 -17.51558033415885 803.4544062888831,0.69
5,64,27,0.0,0.9490838139569888 0.29398972274481383 -0.1131810805977874 0.3144306338210171 -0.9060815535430172 0.2831070377860394 -0.019320729793897387 -0.3042799060889496 -0.9523867114521974,66.49609785528172 15.360831299202443 737.5167856543122,0.69
5,81,27,0.0,-0.9711273782463062 -0.23407591670010752 -0.046044331263034165 -0.17252997605757325 0.8224197361163131 -0.5420878019361326 0.1647574659371432 -0.5184922785031412 -0.8390594344565778,-23.968627798392294 66.84968496992317 753.7825890201918,0.69
5,86,27,0.0,0.05709588903263507 0.9814040760217928 -0.18326510585319916 -0.1499554522501027 -0.1730520117127175 -0.9734302047823711 -0.9870427659407877 0.08306046478314882 0.13728633360231857,-90.39361489180851 115.61743885448315 635.4129026257575,0.69
5,94,27,0.0,0.20819373920473616 0.9776689151638818 -0.028615717328579926 0.8341930671224302 -0.1927637278374844 -0.5166856607213608 -0.510663581745187 0.08369968669281322 -0.8556968322523473,-83.91453986829951 10.06924002133688 764.9510071762286,0.69
5,100,27,0.0,0.9673182088091239 0.2502191321803571 0.0410593326445704 0.2319950530994549 -0.8079939796854037 -0.5415939661125525 -0.10234147860808734 0.5334192672589287 -0.8396368900145216,-85.91884081840074 -25.340808866813422 793.0825062815259,0.69
5,107,27,0.0,0.6547285722172297 0.7131061209559088 -0.2506195462800241 0.28427832641795814 -0.5395354679153338 -0.7925195972279719 -0.7003687099316995 0.4476395191631306 -0.555969901192509,-48.3609470227613 -35.650542316149796 839.4924374695823,0.69
5,117,27,0.0,0.9816992804575376 0.18595704570425065 0.041067017204815634 0.1829862867150241 -0.861361402049367 -0.4738908671137225 -0.05274980211716798 0.47273302424571106 -0.879625457887676,7.295425644022598 -72.41504205673415 796.8935909921863,0.69
5,127,27,0.0,0.8109932501504243 -0.5409499945732559 0.2228520845351141 -0.5175630809930634 -0.4857430908221566 0.7044019498209144 -0.2727973705947677 -0.6866052381752799 -0.6739101138184888,56.144805255861186 -88.57244509709466 895.9773883748993,0.69
5,138,27,0.0,0.8079465332011646 0.5104931697426326 -0.29431126912563077 0.47079053421836586 -0.859603062435184 -0.19859216485661987 -0.3543708119732851 0.021892891498679234 -0.9348486663215719,84.12152176742458 23.662836759251544 831.5721488536027,0.69
5,149,27,0.0,-0.052229809884784206 -0.9960192957175722 -0.0722330223489937 -0.7897956812052584 0.0854644643466469 -0.6073867032488132 0.6111422329612972 0.02532563705440699 -0.7911155308795725,1.8925453768127773 45.2156579912077 718.2880892713285,0.69
5,171,27,0.0,0.24763189296987465 -0.9688344641883397 0.006182765162003889 -0.6969495343888576 -0.18256434843294855 -0.6934923252613595 0.6730080178566303 0.16742174196365645 -0.720437483907205,-83.29917859659254 -30.393246922095496 793.5600502997563,0.69
5,188,27,0.0,0.9862076485868219 0.16521270724774914 0.009961688246573869 0.13520495639521804 -0.7694423767652491 -0.624241979206791 -0.09546776228140881 0.6169790840877136 -0.7811675339920794,5.566164897661432 -74.55827648938764 812.5518331199123,0.69
5,195,27,0.0,-0.6931498035808213 -0.7203923342955715 -0.0240465066911284 -0.5530759992783428 0.5529619714727093 -0.6231693165803955 0.46222320237968506 -0.4186501436679466 -0.7817171920769534,49.165031422284066 -59.388610038958355 818.1514564102616,0.69
5,208,27,0.0,-0.920569814738213 -0.39042364501468474 -0.010981512022469192 -0.2894116496481244 0.7007374008657741 -0.6520797436478384 0.26228250654743157 -0.5971067512943785 -0.7580708504604762,72.20657722117217 9.186781190662984 785.105950127308,0.69
5,215,27,0.0,-0.549641464597821 -0.8353441433522416 -0.009717127243763835 -0.49237346010113037 0.33332575817205046 -0.8040288021750638 0.6748797197892397 -0.43714311284307883 -0.5945109441474232,35.412085587364714 41.984708120910746 713.6325701414099,0.69
5,221,27,0.0,0.12194204095051708 0.9924153835485985 -0.015551371158522398 0.6594208964656467 -0.09271620949223747 -0.7460347081750512 -0.7418181852403354 0.08071809582416656 -0.665725445700595,3.794876438309863 28.5895907387413 712.378810056251,0.69
5,239,27,0.0,-0.9925203847062833 0.12147933464457436 0.012085412562370994 0.07151149624968653 0.6587768255651048 -0.7489320396421124 -0.09894135559321121 -0.7424660701693211 -0.6625365973293118,-85.22156926270355 -17.79627401774691 769.4111112676043,0.69
5,247,27,0.0,-0.846343122333826 -0.5323112578429445 0.018655938783474657 -0.3484072498168365 0.526774041140183 -0.7753202550275013 0.4028842359205668 -0.6626868297729354 -0.6312926881345908,-73.68554696444238 -52.87262015157649 813.9115435208031,0.69
5,254,27,0.0,-0.3954838925799171 -0.9162771644907842 0.06347163573254783 -0.6629092511993576 0.23692711880131145 -0.7102231093472082 0.6357230650087691 -0.32295773440070774 -0.7011094682049432,-37.73727945290141 -74.62988966284993 815.2709383351367,0.69
5,280,27,0.0,0.9431570789503907 0.3318220497232671 0.01867757326893739 0.23141088159031464 -0.6153379190204261 -0.7535305231357287 -0.23854502364828378 0.7150198407967859 -0.6571475473282834,72.07727430886709 -7.2804883627698604 785.4230429752906,0.69
5,290,27,0.0,-0.8769074622292393 0.4796297004235041 0.03144285544181502 0.19402278285542846 0.4130638511142355 -0.88979402933247 -0.4397595506861795 -0.7741663938549237 -0.45527786263550396,24.132658192089774 9.33599868544254 729.3801587472702,0.69
5,293,27,0.0,-0.19424012584511297 -0.98094143557312 0.004967241429682745 -0.4702646128018185 0.08867269878108397 -0.878059420789524 0.860884410044711 -0.17289029026126707 -0.47852584055131714,6.591744489539354 11.342074975701953 701.8206710154398,0.69
5,306,27,0.0,-0.8079143363153989 0.5887683048869112 0.025026153053189892 0.2830546200060608 0.42495812665448096 -0.8598201397289658 -0.5168699132947022 -0.6875772492970567 -0.5099833516692678,-71.51533384756176 -7.949817516716213 747.0803262016099,0.69
5,317,27,0.0,-0.3537851053888127 0.9351987145620098 0.015474607800898876 0.47011064593255797 0.19209685665124576 -0.8614492313802271 -0.808598837363683 -0.2974931292421317 -0.5076078784532647,-78.87716840431693 -47.02432467175896 804.5238132515163,0.69
5,324,27,0.0,-0.7969384555699129 0.6029625246553016 0.03640455871380391 0.29774691087316674 0.44454083618823637 -0.8448255571575413 -0.525581463808731 -0.6624346298483862 -0.5338019165180125,-54.19050921157483 -67.69329276183008 851.0089162827616,0.69
5,348,27,0.0,-0.9987086006762913 0.030965987101712358 -0.04027702295379665 0.04916116241188788 0.3890044908521245 -0.9199231958197331 -0.012818387009138867 -0.9207152728936865 -0.3900244546368703,80.97769152793751 -27.92504752899369 858.841292714873,0.69
5,353,27,0.0,0.3525393754805439 -0.9357575512726427 0.008590341786894717 -0.4542242774196229 -0.17913685049697348 -0.8726914085727249 0.8181664222750831 0.30375614237452475 -0.48819659096652634,68.3001017533955 -15.438558936920737 769.7558971394478,0.69
5,364,27,0.0,-0.9679788542132647 0.24957556597939884 0.026999530774405353 0.06760266555115994 0.3627446942789003 -0.929433250095393 -0.24175776596906529 -0.8978464922460687 -0.3680011670566776,9.171694567701008 -8.42781543665423 710.8169614323069,0.69
5,377,27,0.0,-0.6036829932558769 -0.7970605668054942 0.016164668178746122 -0.2948408976541097 0.20437818276654895 -0.9334336631381801 0.7406994591088505 -0.5682640330451567 -0.3583856861303325,-67.27576688476276 -21.00388960270188 735.2252137191681,0.69
5,386,27,0.0,-0.9874198276309537 -0.15775537064884482 0.010739042448150757 -0.06951581788987891 0.3721040271000272 -0.9255842177128142 0.1420198403898511 -0.9146867420310554 -0.3783893879170691,-82.59302242469823 -43.7412365072981 796.9625638845464,0.69
5,393,27,0.0,0.9318380636191783 0.2281967413948009 -0.2821419330891013 0.24578783360320722 0.17508576545569154 0.9533799429332657 0.26695723261058624 -0.957742774418888 0.10706359794677377,-4.35002430462188 3.4909237477529373 262.1471773799113,0.69
5,436,27,0.0,-0.9455626548245296 0.3226866416171511 0.04224449222125512 0.045608752823994264 0.25992074872532944 -0.9645522515902929 -0.32222834677760304 -0.9101178691268006 -0.2604886884858236,11.474476027328238 -28.708131015036074 713.1076231216828,0.69
5,450,27,0.0,-0.8052340718968152 0.5921306616997531 0.03129487068973291 0.10669267008903169 0.19660266005690685 -0.9746610016861357 -0.5832793186850942 -0.7814913137927773 -0.22148716184170003,-70.16508606962977 -35.34293879697489 749.7109222327517,0.69
5,458,27,0.0,-0.9909645111379901 -0.1326025401907664 0.020147059338784717 -0.05464365913918438 0.2619683329987983 -0.9635282367537088 0.12248840018926263 -0.955923197145454 -0.2668472090509628,-80.86603864973863 -49.13913986419051 797.7083194236899,0.69
5,463,27,0.0,0.8773107153442561 0.47976322191173715 0.012375768380964713 0.11675391280171243 -0.18834577321244778 -0.9751381407567318 -0.4655044925536596 0.8569440592091614 -0.22125199840563112,-76.12330941746282 -55.35881957463593 854.2526413512307,0.69
5,468,27,0.0,0.7884839408659943 -0.6148488015735631 0.01593819939592861 -0.14064848779553915 -0.20547372229205524 -0.9685032536487812 0.5987579459825643 0.7614075785353076 -0.24849028446146576,-54.31902424691143 -61.67110466763865 880.4926151430575,0.69
15,1,27,0.0,0.0870488674547163 -0.9947843008660345 -0.05316661946490542 -0.9323696122137167 -0.06255789164374448 -0.35605254726449165 0.35086949268252826 0.0805649113669489 -0.9329522464527007,83.08772750909648 -15.244859941874426 775.8223290444465,0.69
15,12,27,0.0,-0.5279533925353856 -0.8492517519788274 -0.006056159779046527 -0.8069450593986427 0.5038503179393674 -0.3081793767021406 0.26477327361820013 -0.15781735922670534 -0.9513089901310776,69.84078139238542 68.29258036372958 758.8877059760805,0.69
15,18,27,0.0,-0.005104832140639504 0.9978714299094635 -0.0650119224393412 0.940859414144585 -0.017231101834465745 -0.33835876218162153 -0.3387587688965774 -0.0628943439429436 -0.9387687670537734,33.23232745232494 97.44198766986963 736.6851847032032,0.69
15,28,27,0.0,0.6665743881537672 0.7454322721758576 0.003051664491585046 0.703558715808232 -0.6277671645875345 -0.3330368154964235 -0.24634065532855604 0.22414083667298468 -0.9429088857720198,-50.11506786641402 99.17435671985089 750.1415433728181,0.69
15,40,27,0.0,0.3487791087328095 -0.9370484521681771 -0.017126926191541214 -0.8764301499668888 -0.31963379139427006 -0.36014501472037774 0.33199898424628316 0.14062161173926224 -0.9327391043433788,-102.6550747290096 22.383642840469506 767.2546604559868,0.69
15,53,27,0.0,-0.9943225633533168 0.101621218987271 0.03155578961189914 0.09188710532492628 0.969557496384897 -0.22696920733627285 -0.05366003989464818 -0.22278103387719345 -0.973390574776186,-57.489217081594624 -69.16172487952844 803.0351889381992,0.69
15,62,27,0.0,-0.7643336018996681 -0.641531423739496 -0.06505057541524982 -0.5861429859228016 0.7332824140174014 -0.3445769889971118 0.2687574093129011 -0.2252428326220139 -0.9365015329895778,18.445186074523217 -71.77262380859746 793.6795101613695,0.69
15,72,27,0.0,0.014610542585377528 -0.9998931377197277 -0.000495162962056761 -0.8611190221469388 -0.012331065388818008 -0.5082538485078858 0.5081934294558137 0.007852258743496099 -0.8612071645606324,83.24717132582853 -25.856234406684894 810.9571151344895,0.69
15,77,27,0.0,-0.44788494366175313 0.89406172235353 -0.007260431347228341 0.7642825854743048 0.37863217904534463 -0.5220247144839857 -0.46397328240085167 -0.23935603107842118 -0.8528994569142165,86.12930587913017 10.931171784807246 763.164351476659,0.69
15,90,27,0.0,0.9992758354648524 0.032379546351421984 -0.019984234638771293 0.017860437800007074 -0.8629061774618182 -0.5050484468442856 -0.03359775911595042 0.504325781490803 -0.8628596042845426,30.25834112912413 86.34578618409975 738.6567682001456,0.69
15,103,27,0.0,-0.9158495096568248 0.4009896830407019 0.020662762551773586 0.33554245367766 0.7926038303697336 -0.5091074836055762 -0.2205242332292054 -0.459332605176406 -0.8604548915431458,-74.11148762569267 68.8125874508708 745.3190780424273,0.69
15,112,27,0.0,0.9264858113865879 0.3763233094432561 -0.002192730948036334 0.3174594308837335 -0.7846689101304289 -0.5324605255018448 -0.20209787490795444 0.49262101888206106 -0.8464519955161597,-103.22263670420502 10.307782631031957 774.4247440322832,0.69
15,126,27,0.0,-0.04691820200970176 0.9976060852703295 -0.05080138730177669 0.8441839503847144 0.012412342203666604 -0.5359098727154383 -0.5339963859737582 -0.06802964348449428 -0.842745410770262,-41.550854146372515 -73.80865193237194 830.194834116116,0.69
15,144,27,0.0,0.9995273729154475 0.02266170861042558 0.02077204264388806 0.03074041260583535 -0.7420880612439362 -0.6695971448505726 0.00024046947070264883 0.6699192162657166 -0.7424339606001072,81.70379098382234 -30.959979688407635 798.0162099863929,0.69
15,149,27,0.0,0.4532826562899972 -0.8913668209434555 0.00015500916885319294 -0.6942240286951995 -0.3531396074972125 -0.6271725564778179 0.5590955477276596 0.2841788312627675 -0.7788803248081414,90.6277473978126 -0.18371696855124536 780.5163413660167,0.69
15,156,27,0.0,0.8817002728778228 -0.4717661231401988 0.006430697041505229 -0.3525114025479334 -0.6677577443297225 -0.6556182623763388 0.3135926336521023 0.5757919068074401 -0.7550651231345483,68.35919054536367 41.46658793434447 731.6753861782024,0.69
15,159,27,0.0,-0.21534778683197486 -0.975655264472314 -0.04149862183289055 -0.7414252729395059 0.19100943155344974 -0.6432759607697205 0.6355422058000156 -0.10775992745490731 -0.7645089291053202,51.81997933703901 55.96820728946085 730.5805436454988,0.69
15,164,27,0.0,-0.20971627217846722 0.9775651448788816 -0.019633458724786834 0.7375848386850414 0.14498795867600156 -0.6595051914738255 -0.6418626729492285 -0.15279031172458807 -0.7514435638939061,14.101299672913212 71.45952373566477 722.556913854555,0.69
15,175,27,0.0,0.3909370111070275 0.9203697610196618 0.009367835786061096 0.7054170483161982 -0.29306474693971296 -0.6453679896353899 -0.5912317999664485 0.2589064640015244 -0.7638143764074232,-73.32433615171827 50.86245470647598 735.0909889989834,0.69
15,183,27,0.0,0.28450935791449594 -0.9586571140728991 0.005564431372710732 -0.7388208027016155 -0.22295785895420062 -0.6359509530033737 0.6108995390032812 0.17682287965073754 -0.771709415828004,-101.62189666312695 3.187105343322338 758.7287453412048,0.69
15,190,27,0.0,0.6332129137930886 0.7706608092330014 0.07157739110922165 0.6436174740057352 -0.47293999097905115 -0.6017344198956978 -0.42988132427466974 0.4270944650133863 -0.7954824730908818,-96.2412606138845 -42.846670535363494 813.9046194053794,0.69
15,198,27,0.0,-0.08773732086437958 -0.6376077639719069 0.7653486145870296 -0.933042653939931 -0.21650305437935347 -0.28732878966984987 0.34890337982924574 -0.7393123607563691 -0.5759198423188538,-129.56088013880742 -113.25101312870711 1253.1526636443336,0.69
15,210,27,0.0,0.8856933631423303 -0.46279210313215186 0.03702344884188316 -0.32969117799171693 -0.683098398012646 -0.6516750001242877 0.32688070245895806 0.5649779180738626 -0.7575941911398621,53.53279079248563 -65.26454858707721 820.8455744658129,0.69
15,217,27,0.0,0.06642115918028302 -0.9959350226084653 0.06084127180643034 -0.6625995702448537 -0.0896160716420299 -0.7435931476384021 0.746022814077749 0.00907691827256657 -0.6658585213318141,81.7536055268577 -33.171477944815365 793.7663404460085,0.69
15,231,27,0.0,-0.9734008767866191 0.228504704390457 0.01662327111223838 0.140151149436532 0.6512802382593255 -0.7457826134769399 -0.1812412436027186 -0.7236156792968942 -0.6659819519274034,50.67986869336408 37.218855185587394 720.373087005823,0.69
15,239,27,0.0,0.46429398380546205 -0.8856365227490403 -0.008890791586850244 -0.5570736775143087 -0.2842117802692483 -0.7803156936630634 0.6885492098773596 0.3672487080020467 -0.6253226143744451,-10.882049851096118 50.344283883394375 703.4061518844888,0.69
15,253,27,0.0,-0.9910586417794619 -0.1289904508945992 0.034120846007336364 -0.10619817767051187 0.6077667929077336 -0.7869825109226452 0.08077571178089837 -0.7835693900457426 -0.6160310831197015,-99.92092461566077 5.6743718289225065 760.3761546898422,0.69
15,273,27,0.0,0.7120776806579098 0.37166234667576886 0.5956613776067006 0.5375481306547241 0.25716196521992374 -0.8030627191408143 -0.45164962519464513 0.8920396985043252 -0.016667103943074125,9.484784335047811 -40.316820872841674 415.79242367210895,0.69
15,293,27,0.0,-0.8998955983846744 -0.43337802978623097 -0.04869697430532355 -0.19910225371352672 0.5076213472144664 -0.8382594231014434 0.38800284093558274 -0.7446502878202458 -0.5430927584447633,97.40703568057566 -22.712937586279832 826.1930246108094,0.69
15,304,27,0.0,-0.9818076433530876 0.18885164452497027 0.019718210204544423 0.08422657761171908 0.5262283622778317 -0.8461616833432062 -0.1701753068963691 -0.8291072108567175 -0.5325613559282358,46.90332540117852 18.8562417287237 708.8773658355947,0.69
15,311,27,0.0,0.9094228060563823 0.4158236355796617 0.006392489174765398 0.20671851593408214 -0.43865699304005334 -0.8745556000775877 -0.36085677906137137 0.7966622537502147 -0.48488311834408226,-5.594156122528431 29.054055511380238 699.461554470099,0.69
15,320,27,0.0,-0.34958029852323674 -0.9368275081861969 0.012158733077326622 -0.47129968828299973 0.16462140990406093 -0.866473539830009 0.8097346594463841 -0.30863248582552033 -0.499074914200672,-72.75448739265063 11.687062053568182 708.3223175198954,0.69
15,338,27,0.0,-0.7285600176521683 0.6836155494581202 0.04324443568535463 0.2152547585929738 0.28842638101957696 -0.9329928250715709 -0.6502812388357463 -0.6704326985395497 -0.35728742931598445,-61.46521703069495 -9.5854806573017 675.0978917736072,0.69
15,349,27,0.0,0.9840888564587446 0.07648053079468373 -0.1603740970452635 -0.15158625554375027 -0.10945919901534053 -0.9823646425239179 -0.092686189499542 0.9910446065441674 -0.09612418070273203,-1.3645335742162303 -81.43626624755527 632.4987271761119,0.69
15,362,27,0.0,0.8944216122571649 0.152143349003747 0.4205500931889308 -0.4033699736980917 -0.13166285795530203 0.9055150778169533 0.19313892369508304 -0.9795495358525602 -0.05639204700078626,-65.45833802207041 -159.02022199485273 924.9068314846082,0.69
15,379,27,0.0,0.051670826789080526 -0.9980298136914969 0.03558955804514141 -0.24476841413009603 -0.04720644834252796 -0.9684317088360552 0.9682037745759776 0.04132846740202095 -0.2467253709674575,21.1861470968165 10.59384481952911 713.4522761740378,0.69
15,392,27,0.0,-0.3068898447981832 -0.9514720271017842 0.022794841578041736 -0.34594810539300486 0.08920651517883227 -0.9340032687440866 0.8866445350503982 -0.2945219504425255 -0.35653651870852315,-74.61057332824916 -7.556228409647773 706.6938144194586,0.69
15,400,27,0.0,-0.9994694717188689 -0.0023601665001689587 0.03248391472862334 -0.03176636528090721 0.290770029858897 -0.9562654902132021 -0.0071884030803068336 -0.9567900602273977 -0.29069074204591994,13.756255683876317 -21.60502426235599 665.9883882124273,0.69
15,414,27,0.0,-0.871802719665091 0.4746819245963543 0.12098383547421401 0.13852149588810367 0.475788066385609 -0.8685836235285384 -0.46986361123359277 -0.7404747033805709 -0.48054698052529976,-138.9809474309656 -67.47233919026519 969.3073531018238,0.69
15,420,27,0.0,-0.37797840884582534 -0.10881123858032943 0.9193978664348708 0.8648150225069144 0.31300712029417477 0.3925831370442601 -0.3304955359649248 0.9434970360333741 -0.02420833954435353,-875.7828778278296 -905.9179561677458 9487.893765595038,0.69
15,427,27,0.0,0.8178746739720273 -0.5687886027136839 -0.08695138353221055 -0.27271652027182736 -0.25012648957793104 -0.9290115385624913 0.506662330596993 0.7835280879677744 -0.35969016961766864,-106.66438494084551 -100.07531136169825 919.6685930338183,0.69
15,437,27,0.0,0.9745799926973308 -0.21100604036300097 -0.07530131980516025 -0.05252598114536544 0.11154204411134698 -0.9923705929239235 0.21779545252091037 0.9710998009091498 0.09762334523781666,214.09183412790276 -40.24148637920223 933.8357952086806,0.69
15,445,27,0.0,0.8561832020662913 -0.5148092909757886 0.04383740896218896 -0.05716688807797535 -0.17871497542466336 -0.9822387207122525 0.5135000208441989 0.8384702448411439 -0.18244280503500152,56.57875965649127 -20.03621548590302 697.1205542367666,0.69
15,455,27,0.0,0.439180902236985 -0.8981444895080412 0.021368459856703104 -0.139747298156499 -0.09179147761783563 -0.9859234337892029 0.8874631416392829 0.43001255865738885 -0.16582632972076397,-9.927906916636202 -15.539256806433519 705.8163119060413,0.69
15,464,27,0.0,-0.9388860575410102 0.3422350774579602 0.036988142862854706 0.04151090768836879 0.21923421867238002 -0.9747887986153715 -0.34171598659996394 -0.9136802006831798 -0.22004243995547335,-77.5836678244586 -24.7860381546456 724.7693827804278,0.69
15,471,27,0.0,-0.6238314516673567 -0.7785567144705945 0.06843801767549473 -0.06073866221832097 -0.03900652530431503 -0.9973912501599421 0.7791951840344798 -0.6263608651060798 -0.02295499599294515,-148.01112087024396 -30.050745229411966 769.5033558817286,0.69
