scene_id,im_id,obj_id,score,R,t,time
2,3,7,0.0,-0.9535198028969485 0.30043461347701017 -0.023216987493726506 0.2913818182212894 0.8996634969829751 -0.32511879091559687 -0.07678946212482426 -0.31677221346147716 -0.9453881442483275,15.13901250283008 69.69931979377499 743.7206112287822,0.69
2,13,7,0.0,-0.8526155246867736 -0.522534445396005 -0.0021261321189940535 -0.49585984913373565 0.8103608927469191 -0.3121509787322263 0.1648325728737099 -0.26509050696150427 -0.9500301290162991,-44.90198977175856 63.365710143715795 742.2866683969826,0.69
2,24,7,0.0,-0.06023435958322132 -0.9945836947986227 0.08470593819986423 -0.9553162470841491 0.03283785091742175 -0.29375592522395555 0.2893832925078022 -0.09861515901647774 -0.9521199296462073,-82.10709935237394 9.92684512502607 763.0239408857888,0.69
2,36,7,0.0,0.837077266332516 -0.5467602070204672 0.018839485349067098 -0.5225339336107012 -0.8092388922787555 -0.26849712000090425 0.16204918517107456 0.21490856484186127 -0.9630962414748602,-49.868964876150265 -52.73633328857379 783.0421858075479,0.69
2,55,7,0.0,0.464206244510871 0.8848735203628296 -0.038876927833949804 0.8445450796297777 -0.45542458368439664 -0.2816594700148149 -0.2669385154492431 0.09791476669321529 -0.9587265133671684,54.32343498515912 -29.27844550643935 776.0061581587154,0.69
2,65,7,0.0,-0.3805494401296986 0.9226793705141686 -0.062007280576967236 0.8952695580662083 0.35078601227742534 -0.2746663284613507 -0.2316776683603951 -0.16003734819747575 -0.9595381728545304,59.96870067546737 28.71696932183961 760.6190890451529,0.69
2,76,7,0.0,-0.9662004598322151 0.25651869826928975 -0.025589624034854673 0.23870223672390953 0.8527468999904824 -0.4645901061577016 -0.09735457669272052 -0.45499547469711255 -0.8851560339296854,12.200651800813185 54.08047518604395 738.2229613405395,0.69
2,92,7,0.0,-0.43629517475497903 -0.8990819824176332 0.03602928499847241 -0.7997862617791088 0.36914073551962234 -0.47336777757831283 0.41229656311315654 -0.23534380440540845 -0.8801277394634643,-72.8203244865381 21.853412160440147 747.3143704751838,0.69
2,106,7,0.0,0.6936220099799693 -0.7195735227747829 0.03320320154498052 -0.6392679750114315 -0.6361479300973074 -0.4320327153789342 0.33200145089461786 0.2784416570026841 -0.9012465146947689,-61.75975853767962 -51.342902764197085 787.4366471544292,0.69
2,117,7,0.0,0.9840849196279715 0.1760314276304186 -0.024285951642966423 0.14641044165646158 -0.880654117417258 -0.45056887159455467 -0.10070180502239104 0.4398423148838992 -0.892411275423392,1.134917810123313 -70.63254007063458 802.5390555030002,0.69
2,122,7,0.0,0.8174900380281046 0.5743201834230705 -0.043201442541867446 0.4987110761747173 -0.7433943735422481 -0.445704013765171 -0.2880925202525447 0.34281355325981366 -0.8941373314407122,30.213864541466382 -60.80706564805258 791.9977504197058,0.69
2,130,7,0.0,0.25741127964471966 0.9658062810932071 -0.030946090424756934 0.8628017975060716 -0.24414233421693388 -0.44268225496782554 -0.43510055312761886 0.08725106328301235 -0.8961443860361029,60.342482500355516 -26.060405629347976 776.8904505926386,0.69
2,142,7,0.0,-0.7061317978162633 0.7069001500803341 -0.040866391193414286 0.6437561210832284 0.6168790506474878 -0.4528115429625559 -0.29488292707555613 -0.34605261838144785 -0.8906692116777678,44.70132782525074 35.96441920848442 748.2402297870507,0.69
2,145,7,0.0,-0.8450155252554656 0.5347128213333737 -0.0055642410922796814 0.4282653602156862 0.6704905403214958 -0.6058310132196247 -0.3202148393134804 -0.5143195835675443 -0.7955738951488729,32.02630981564086 29.410211084904585 739.6526347532814,0.69
2,153,7,0.0,-0.9933617908434774 -0.11333338919299299 0.01969505994581041 -0.10245991557903672 0.7939009418795883 -0.5993523672950994 0.05229070846504335 -0.5973916951019095 -0.8002429908668311,-16.661185703156132 38.872070394099204 732.1139960172965,0.69
2,166,7,0.0,-0.31464809816724804 -0.9479074994500698 0.049678434013660455 -0.7600840963924791 0.22026176156374944 -0.611356624895864 0.5685672701896954 -0.2301219869528976 -0.7897943595581627,-77.04476647536885 0.5118547831131665 757.2206866574933,0.69
2,173,7,0.0,0.2833881460291877 -0.9574268437745223 0.0549999773645099 -0.7551741974833553 -0.2581378645468102 -0.6025585235830483 0.5911032821305514 0.129223379104438 -0.7961772592503007,-77.90174297528425 -33.82802188799948 781.090606550557,0.69
2,178,7,0.0,0.6654726930811102 -0.7453235553345476 0.04048323883836227 -0.5927413662770222 -0.5606441894520575 -0.578217749241317 0.453656001247006 0.3607920324745474 -0.8148775011223844,-63.54242025150557 -55.83758211109969 796.8378402931498,0.69
2,191,7,0.0,0.952291664193305 0.3044509300528273 -0.0212183292913065 0.23055808141925258 -0.7632289830828899 -0.6035929841163921 -0.19995888927531869 0.5699045100472764 -0.7970102207798558,10.852466560227283 -72.79219440626169 813.7951894349574,0.69
2,201,7,0.0,0.3845963461876526 0.9230364086032208 -0.009457213753267524 0.7197549383573663 -0.3062794575599792 -0.6230134208722543 -0.5779606208119121 0.23280180899132388 -0.7821539736657204,56.48232942899016 -40.95956929846946 788.2973231790952,0.69
2,209,7,0.0,-0.29153148981284727 0.9565567417242639 -0.002930922953988724 0.7514492569674923 0.22712245053085423 -0.6194670343673377 -0.5918896895963859 -0.18279658729506024 -0.7850171991891475,60.86204140957083 -2.2282529421982145 761.1958399594573,0.69
2,214,7,0.0,-0.6736540395632143 0.7388595946792633 -0.01663533379761928 0.5980707567413921 0.5317903059512427 -0.5995918948977403 -0.4341677151872787 -0.413866608760213 -0.8001330047200772,46.754026684408316 19.146418567713066 748.9899960381816,0.69
2,235,7,0.0,-0.512109908995076 -0.8577681346077282 0.044466485813849876 -0.5853935425442931 0.3106743124757343 -0.7488630528442249 0.6285362690064096 -0.409530583496896 -0.6612313208886842,-69.03576641969318 -2.368031357207059 742.2024445251832,0.69
2,242,7,0.0,0.07617906502752458 -0.9952044967459829 0.06135763773245051 -0.6721753412678165 -0.09670895947349067 -0.7340488319921562 0.7364625317305872 0.014676062623512065 -0.6763191203439722,-80.4625373678045 -31.158939286925943 777.0798438718541,0.69
2,248,7,0.0,0.5625405090483027 -0.8256324409305761 0.043350295993174304 -0.5474328524207283 -0.4112579252765739 -0.7288238408475077 0.6195687595176037 0.3862615582480696 -0.6833275648249462,-68.90003235458964 -54.43856077541419 799.5736593319004,0.69
2,255,7,0.0,0.9366265225981644 -0.34958426345487525 0.022838561915826755 -0.23634501493843482 -0.6786593778072825 -0.6953865707849004 0.258595806384059 0.645919725398555 -0.718272871032753,-36.02295632942232 -73.50494170266872 821.7976583467306,0.69
2,276,7,0.0,0.09280336074927353 0.9956608090990213 -0.006862175888387723 0.6561144847151485 -0.06633604739040111 -0.7517401890038832 -0.7489334544407906 0.06526164295282011 -0.6594236868497241,62.21394047732876 -31.767300051560234 775.208216514591,0.69
2,286,7,0.0,-0.7006966493668652 0.7134582907774365 0.0012136255547332553 0.4728601154898013 0.4656744935722613 -0.7480311338541927 -0.5342541686735071 -0.5235690339937573 -0.6636625271158706,43.945925468144395 6.173860053139496 736.688380270924,0.69
2,295,7,0.0,-0.9975898993075143 0.06481675690123295 0.02476248825199307 0.013932339415776266 0.5367332825607942 -0.8436369321633086 -0.06797266154879644 -0.8412586828177893 -0.5363427503617917,-3.4629416402771875 2.6010921352977023 725.1551407033852,0.69
2,306,7,0.0,-0.6283923330753285 -0.7770382785806471 0.03653203187026388 -0.436982537262826 0.313756705259554 -0.8429727113210792 0.6435598945393414 -0.5456814487639225 -0.5367144665605896,-63.66616679956152 -12.616230160535093 738.6087150173503,0.69
2,316,7,0.0,0.2131576768434913 -0.9758523883459216 0.047706613401563236 -0.5212217347524948 -0.15488016048993725 -0.8392496881787987 0.8263726205679163 0.15402679002748793 -0.5416493699152087,-78.08502608256418 -44.268426734842535 788.7589152223571,0.69
2,327,7,0.0,0.9186106326661837 -0.39335824290694615 0.03773325177869241 -0.20327123718665857 -0.5522572270042038 -0.8085126834838354 0.33887358953633345 0.7350382629215892 -0.5872677773860688,-38.2792361383733 -72.04507357755175 830.6534676360749,0.69
2,338,7,0.0,0.8420622903367724 0.5393758001983808 0.002201216287826463 0.2938565886132598 -0.45533297356199187 -0.8404285743094245 -0.45230454841994117 0.7083400520566029 -0.5419178592103072,27.332328515202825 -68.04829984342105 825.6475795436776,0.69
2,348,7,0.0,0.15215709196095462 0.9882927977049221 0.011205595502436216 0.5313422082571093 -0.07223482321468555 -0.8440720277556899 -0.8333808715650035 0.13438555100799215 -0.5361127181757898,61.54358583712067 -41.57283768753415 791.5282602696764,0.69
2,358,7,0.0,-0.66768247967503 0.7443926008535677 0.008930964643548367 0.3844020428745809 0.3550132623614478 -0.8521740743424028 -0.6375226864738636 -0.5655486180178882 -0.523182171799847,46.55910059487927 -9.8877773559321 738.2360919626225,0.69
2,374,7,0.0,-0.8366485988444439 -0.5470639943476954 0.027204928597104383 -0.23236759776309807 0.3095164357911655 -0.9220655483667852 0.4960084894046028 -0.7777663929892304 -0.386076438513264,-46.703598687167634 -21.03983523757388 727.1302010907226,0.69
2,387,7,0.0,0.17323519192608472 -0.9834947712254432 0.05222646121025015 -0.37362036803941895 -0.11468975721255137 -0.920464056971599 0.9112614272888004 0.13994389791176742 -0.38732198049276667,-77.55070667595982 -47.993180295044304 790.8657239937709,0.69
2,399,7,0.0,0.9284859938025449 -0.3690570958322996 0.04135963404491319 -0.12298503344391049 -0.41065873786970486 -0.903456740834923 0.3504118160982882 0.8337603138954803 -0.42667938561829954,-35.79745866540309 -68.84000417498864 840.8878714644792,0.69
2,416,7,0.0,0.4489014637103961 0.8935333054550327 0.009257857271882053 0.34220673771727417 -0.1623319404826118 -0.9254960236327601 -0.8254586752464137 0.4186246208021605 -0.378644163191093,54.334293150208666 -53.924312834598744 818.3524512924832,0.69
2,423,7,0.0,-0.1545974893858626 0.9879158016270656 0.011044689725873635 0.3771744295975047 0.06934847794605015 -0.9235422233251513 -0.9131478883145847 -0.13861153452046843 -0.38333767955223996,63.01763589266847 -38.408752566051504 777.4491649027027,0.69
2,434,7,0.0,-0.8985919471105069 0.43796877678499374 0.02675561902860843 0.06799632349864476 0.1992310784007817 -0.9775906491931726 -0.43348473165593193 -0.8766358012086418 -0.208807709293663,25.884168530124818 -33.99741107991366 744.9477448434321,0.69
2,439,7,0.0,-0.9993765027029077 0.024753100442615774 0.025177169495061623 -0.018242579681292424 0.24852348499119703 -0.9684540699973343 -0.030229358773830838 -0.968309538022996 -0.2479169708628578,-5.451089952673503 -34.25449872342944 723.3389810208147,0.69
2,446,7,0.0,-0.836641642007488 -0.5476632772901745 0.009782513317120156 -0.13182658670403305 0.18398708403020703 -0.974048512112218 0.5316507442832918 -0.8162191419084994 -0.2261278365995102,-45.64379546083883 -37.10191680376295 732.6077742435871,0.69
2,455,7,0.0,-0.21462376950201023 -0.9754581192935473 0.04917413007917476 -0.2220610781688931 -0.00029401548966234703 -0.9750327128447336 0.951118034277143 -0.22018485656190673 -0.21654817896624245,-78.90910610872201 -46.95339110266197 772.4459383024653,0.69
2,459,7,0.0,0.17317861757817277 -0.9832928596690085 0.056074223469045725 -0.20547590084407208 -0.0917529717549852 -0.9743516030399118 0.9632179507183356 0.15721496206809454 -0.2179326389412508,-76.71423773424745 -51.33024997491878 795.1765389406424,0.69
2,463,7,0.0,0.4773049845394757 -0.8758536557763306 0.07113596416024498 -0.17990035412179028 -0.1766337934789503 -0.9676964222255293 0.8601254642903122 0.4490889407060394 -0.24187457289864586,-74.6422726200645 -58.80100033534034 848.3771048919483,0.69
2,470,7,0.0,0.8753168182430625 -0.48127174442340004 0.04688257374013652 -0.07797812802112938 -0.23617617757702147 -0.9685763907381945 0.47722099623880987 0.8441553892292372 -0.24425765000112704,-51.00301796519585 -67.92294971575356 918.7430093598784,0.69
2,478,7,0.0,-0.9787039244442853 -0.20448268082467397 0.018040552101005747 -0.06945929250946066 0.24718138889422459 -0.9664764703128612 0.19316841087879708 -0.947147398363674 -0.2561206177008868,-0.698022550885255 -53.18964706464105 791.1776309518655,0.69
2,489,7,0.0,0.3508360208348494 0.9364261553639399 0.004487987865273491 0.2130090952456875 -0.07513593945775993 -0.9741569257283004 -0.9118888154963752 0.34272532172588266 -0.22582768213951926,59.0022060857417 -53.53037309442126 829.6801678830934,0.69
2,494,7,0.0,-0.0871912553979759 0.9958600930890598 0.025697470201838768 0.2213392574026818 0.044517112373153256 -0.9741802501787775 -0.9712912117972419 -0.07925214002539932 -0.224304436395806,65.53511288406321 -47.44288683852039 797.5565324498418,0.69
6,2,7,0.0,0.9771815223807757 0.2075411627329456 -0.045198872652385556 -0.18282533933943124 0.9301549495546204 0.3184127276263678 0.10812570283245046 -0.30288353469691726 0.9468740131593485,-2.5256784504959513 -35.778647333664686 756.9027218044042,0.69
6,11,7,0.0,-0.8179111606088815 0.5699806007947273 0.07838015098935458 -0.5272361692447168 -0.7970662021643828 0.29446135774903215 0.23031143087478023 0.19951838031852812 0.9524437310011981,30.96582998303118 -19.43021715501536 782.7948801426587,0.69
6,23,7,0.0,0.025512972735359962 0.9996700442548063 0.002981751464924076 -0.7009639214452854 0.01576281850454883 0.7130225202508267 0.71274025356665 -0.020281424318485397 0.70113479073097,30.26905074644682 49.6423234692701 780.8022034956471,0.69
6,32,7,0.0,0.7472186654098876 0.6579906633780764 0.09334105725962913 -0.6117120694421808 0.6260645408099405 0.4835819835759008 0.25975490401882895 -0.4184393356840596 0.8703079410130943,12.150225609217221 46.17500547116792 718.8807780789153,0.69
6,39,7,0.0,0.4294089552251793 0.7984682558753906 -0.42196728964664076 -0.8174794924103723 0.14506926976922827 -0.5573887211427077 -0.3838427134398936 0.5842973141543052 0.7150254680856936,-45.18902951902074 -19.055852262473948 292.26743152102404,0.69
6,45,7,0.0,-0.7956457947028476 0.5491252378794592 -0.25575230692117223 -0.41310965585220627 -0.8006615917944038 -0.433914078668719 -0.44304422083280337 -0.2395881644595135 0.8638919665314493,-52.97494302420436 16.55201875733969 787.3343294056257,0.69
6,58,7,0.0,0.3398959781299088 -0.45008709421075344 -0.8257677225927595 -0.766880298603095 0.37561886112863085 -0.5203893530606271 0.5443944632943472 0.8101432458456655 -0.21749158499838372,-152.1875761613222 -74.34156919658446 562.2115243206526,0.69
6,65,7,0.0,-0.6001141770567664 0.7997625185845221 0.015584876092606392 -0.00046712419655403625 -0.019833558416345376 0.9998031865099901 0.7999142180824548 0.5999887864184523 0.012275988011060224,-134.61365354043045 -58.86089798845398 351.08009686097574,0.69
6,72,7,0.0,-0.9150494156603407 -0.40222608791657066 -0.029979010974348227 0.3526488795575913 -0.8339057417944556 0.42454679547608665 -0.19576346606669076 0.37790923249051467 0.9049095409774316,-10.04948090288731 -46.811608082749764 784.6584307861119,0.69
6,80,7,0.0,-0.9475847663609671 0.31429823949546104 0.05744325209008705 -0.255441631451045 -0.8532373656776793 0.4546818346195971 0.19191842924081048 0.41617618199684125 0.8887995848650422,20.430363280521355 -37.9747131509687 786.0818532047278,0.69
6,87,7,0.0,-0.6284644261104708 0.774880729033656 0.0677666650050468 -0.6570051331053884 -0.5754545254684325 0.4870280733089953 0.4163853025585886 0.26155677183007703 0.8707533146207493,35.03002762699363 -16.339894520217754 770.3713246511616,0.69
6,96,7,0.0,0.08921259742399522 0.995919021751982 0.013653372236910905 -0.8571540123339472 0.06978627195493486 0.5103105675825729 0.5072751833085076 -0.057229174021711654 0.8598818000400479,29.167177809906878 13.476747836890077 756.9259928116406,0.69
6,105,7,0.0,0.7508887159892975 0.657482409081034 -0.06231386642589182 -0.5365753485856103 0.6623583348685691 0.5228463746841583 0.3850364028117015 -0.35916335834705676 0.8501462524358316,1.3021496205192278 33.08108521687642 759.860134484868,0.69
6,119,7,0.0,0.6715557511686053 -0.6200060611913292 -0.4057158576619647 0.012874625749833002 -0.5377120273081641 0.8430302602516389 -0.7408421674582054 -0.5713652595093246 -0.3531212584108615,-15.670384796796183 -15.232602039478438 207.7477680185457,0.69
6,128,7,0.0,-0.959640932806756 -0.21071754717379154 0.18624552449613463 0.19908529190105978 -0.9767673945725559 -0.07931269412024061 0.19863113207765082 -0.039032963159385675 0.9792967380506021,-54.783037263951414 -75.06476638760073 997.0174173590748,0.69
6,134,7,0.0,-0.27746339218712374 -0.9606218167971552 0.014825352924880547 0.8455938639511735 -0.23685578475590313 0.4784039657818374 -0.45605381617100693 0.14527581464579087 0.8780147233588189,-42.18104844859494 -29.4357611320788 768.1718249948485,0.69
6,139,7,0.0,0.5937747530723811 0.8045903186307886 0.008121685751055041 -0.4665323883472388 0.3360344982697902 0.818186009777478 0.6555753757096539 -0.4896072253737444 0.5748962442258339,-24.400922883576428 -30.197173427811506 745.5820056303659,0.69
6,145,7,0.0,-0.9349797044231166 -0.35301364371287425 -0.03455893038595775 0.26464009966958135 -0.7591366168467113 0.5947076715575508 -0.2361748715755672 0.5468939241892248 0.8031988954930003,-8.447722439642833 -52.78838874927582 790.9113688748882,0.69
6,156,7,0.0,-0.8339814136507502 0.5516925929597732 0.010501645510033492 -0.42370732936801325 -0.6524687664847383 0.628296592225129 0.3534785718044622 0.5195380560028361 0.7779030194310034,27.622166746751255 -35.73160424806719 784.1560302389217,0.69
6,170,7,0.0,0.2133379281627597 0.9769778728545994 -0.0010790550142186772 -0.7252127832290848 0.1591010867881376 0.6698904859930153 0.6546398608764562 -0.1421305038875752 0.7424591385499395,25.592708104646228 6.703047221394176 756.8161620999874,0.69
6,177,7,0.0,0.728246238089985 0.6850895081855906 -0.01760063867621356 -0.5275828514865721 0.5768392115620873 0.6236287828682439 0.43739427468255976 -0.4448695199476531 0.7815224620549701,5.422310966005348 13.66739314648159 732.1581096463003,0.69
6,194,7,0.0,0.7688687482150074 -0.6318226781790381 -0.0981883463398549 0.5725669221223115 0.611974759839055 0.5455767709601592 -0.2846189869099928 -0.4756963281954136 0.8322890337086817,-54.2980379014556 -6.36707250647936 797.1564275976057,0.69
6,206,7,0.0,-0.2294049354117803 -0.9731846716147545 0.016881070546600097 0.7331578628590865 -0.16136482709926012 0.6606367691122882 -0.6401975661751722 0.16392982495357053 0.7505158817467341,-41.45877794214932 -33.62961507341105 755.7996331871012,0.69
6,214,7,0.0,-0.8061539987724218 -0.589364602968917 -0.052584170912214456 0.46867779230125395 -0.6902584149837578 0.5512571519243383 -0.3611881189447638 0.4197531242425733 0.8326766824054472,-20.93753987706599 -52.674596725348906 794.3946228446924,0.69
6,231,7,0.0,-0.6213979520448427 0.7834826883317787 0.004411607290351005 -0.5008795308016256 -0.40157616429385135 0.7667178619903029 0.6024817680381862 0.47422722544730245 0.6419690474050399,34.291725709364584 -33.12282311239237 775.3328506693111,0.69
6,248,7,0.0,0.705040486040962 0.7083774978868262 -0.03345494777642666 -0.45448823264068205 0.4875541600725837 0.7454739347469277 0.5443880595992837 -0.5103844251968479 0.6656946590458795,7.346608553093311 -0.23707256841914512 737.5798954061097,0.69
6,259,7,0.0,0.9847709994634621 -0.17168476063053295 -0.027393823810673047 0.1383307913092745 0.6783117915524874 0.7216354381657019 -0.1053122537574975 -0.714435061015409 0.6917310697087597,-32.236485977720896 -4.131112637092554 752.7966446425942,0.69
6,273,7,0.0,0.14213767489758788 -0.9898245738999525 0.006647877742958608 0.6757705442530231 0.10194290759413223 0.7300286399253302 -0.7232779914352993 -0.09927213352714809 0.6833842188771171,-46.440366015302494 -33.50174053883814 749.3627361021357,0.69
6,282,7,0.0,-0.6295820638515882 -0.7760002647876647 0.03807904838423665 0.5304076342033424 -0.3934816325481906 0.7508927662629493 -0.5677095793230795 0.4929460354812535 0.6593254428945744,-30.354746426313476 -52.5351922522702 838.4325994741184,0.69
6,289,7,0.0,-0.8901515532830204 -0.43619968459610853 -0.13175753240737909 0.1930492676668532 -0.6229381046286876 0.7580765779622202 -0.4127495517152233 0.6493673482397108 0.6387173511021982,-12.564602527833458 -60.7686916393059 777.1684869986543,0.69
6,298,7,0.0,-0.9169816853248823 0.3989066187391781 -0.004254210245672019 -0.21459397400521876 -0.4842494257340809 0.8482051167004713 0.3362945362318363 0.7787014852960591 0.5296508110994687,23.110964241178486 -49.752448725169835 797.7429210272347,0.69
6,315,7,0.0,0.3110560102461819 0.9500218802356789 -0.026506330624822272 -0.47835244587766235 0.18059989859737838 0.8593966570504419 0.8212326686223492 -0.25464112727539107 0.5106219739565981,25.28111120548182 -18.019484789992646 741.1087340319767,0.69
6,321,7,0.0,0.7443479761748963 0.667278769098938 -0.026175077347393993 -0.3447473255967134 0.4175433813690686 0.8407180301199674 0.5719225226009635 -0.616762976340742 0.5408401419616149,6.200429347608853 -14.050828652628022 746.1277008240938,0.69
6,329,7,0.0,0.9997892262569936 0.009254884754986191 -0.018326215337976553 0.010455245508167834 0.538697921097395 0.842434114721566 0.017668924749568073 -0.8424481568105641 0.5384876156279523,-21.98578593667942 -13.763202933868557 745.5987388956993,0.69
6,354,7,0.0,0.5621635341254264 0.8269467631936429 0.011454769450650715 -0.4386181838195824 0.2863760036128157 0.8518232641678458 0.70113212001906 -0.48388824680736936 0.5237040336671743,-30.631859051189494 -54.88550579352 852.6445685426867,0.69
6,367,7,0.0,0.9737420258022033 -0.2163560862872998 0.07082733309298042 0.04185689447132722 0.4759626827251635 0.8784688526284137 -0.22377325034918202 -0.8524374279555702 0.4725208607550089,47.82591430616651 -77.8540195915402 1093.717874429171,0.69
6,374,7,0.0,-0.6587083012002254 0.7523972381860948 0.0013303758303648272 -0.2626558705702478 -0.2316060329375551 0.936680596127577 0.7050640166572808 0.6166498532205005 0.35018236811443904,41.11815522505513 -47.637284776549635 847.5558666486115,0.69
6,388,7,0.0,0.4440645608207543 0.8955953550850406 -0.026751182649934258 -0.3263438884813216 0.1894729976830779 0.926066763035948 0.8344497182418849 -0.4025033454508023 0.37641031418779,21.922109541961778 -28.695394551954376 763.3885042829941,0.69
6,402,7,0.0,0.992027856780274 -0.12529906921467826 -0.013448963747127389 0.06547075464870589 0.4212578789335156 0.9045746954907398 -0.10767688543817208 -0.8982438102711151 0.426102975408485,-25.673441183876896 -29.765369255496015 748.992776166922,0.69
6,409,7,0.0,0.7500144649411332 -0.6608985020697477 -0.026295861671182807 0.24317236936953227 0.23855351050551138 0.9401911621583693 -0.6150979606162533 -0.7115513984157863 0.33963083820269535,-43.8313466606939 -34.22154233990181 761.0349706516536,0.69
6,426,7,0.0,0.977848536401002 0.0003283027609182806 0.20931347800778496 -0.030981862516751488 0.9892107091217716 0.1431862324170696 -0.2070081255733973 -0.14649936920034548 0.9673084155379242,-98.46324352136718 -197.91645057155895 1490.8825817648246,0.69
6,434,7,0.0,-0.8426376362477627 0.1996346617709464 -0.5001078041766424 0.02836675166003376 0.9439052693107893 0.3289956990107692 0.537733336681892 0.2630377242657914 -0.8010330918470425,3.8725435973059783 -105.8080248117685 823.2909556529745,0.69
6,442,7,0.0,-0.13320808761516478 0.9597958811662595 -0.24707786604670673 -0.33068659305307246 -0.2780559994063844 -0.9018487890822211 -0.9342922361707082 -0.03842821476988595 0.35443093790008984,17.68402169598609 -56.79881598262872 527.9467549253121,0.69
6,462,7,0.0,0.5938379582589878 0.8036635652206626 -0.03848835236289905 -0.15401986555980862 0.16049859822600557 0.9749451681917429 0.7897052363659085 -0.5730314772368976 0.21909031414456367,15.66344536752174 -38.97921154268915 765.3067714962277,0.69
6,469,7,0.0,0.9322447735998238 0.35918350469312876 -0.04366797513251364 -0.0499373191229982 0.24725435443133123 0.9676629311767364 0.35836565998239917 -0.8999180485861513 0.24843824096598474,-10.364107601217277 -38.294166514654435 734.3191417392828,0.69
6,475,7,0.0,0.9802596826042316 -0.19593858675737613 -0.02643907865591577 0.07427906586505069 0.2410372158676465 0.9676692001613925 -0.1832309336189361 -0.950530973080991 0.25083319991348285,-28.87361804127692 -40.532315560159944 749.709427363841,0.69
6,485,7,0.0,0.46865401037238474 -0.8829204141729305 -0.028547518256082816 0.2040142106039562 0.07673506901927643 0.9759559063063512 -0.8595007972268118 -0.4632097488388038 0.21609050915569414,-43.86425710071083 -44.27625349287879 745.1677875276185,0.69
6,496,7,0.0,-0.6992139336369995 -0.014160249290334437 0.7147722450878387 0.49533894776566934 0.7113286676917999 0.49864902822146173 -0.5154989833494079 0.7027168803009105 -0.49035679286197575,-66.50813602128743 -167.43664788203418 1064.788132111929,0.69
6,501,7,0.0,0.2176350302522463 0.2764734884316558 -0.9360541671300515 -0.29863339094116875 -0.8941861751590994 -0.3335403753210689 -0.9292217665455769 0.3521270997080053 -0.11204201992621188,-80.55878824372242 -147.21086443629707 988.1343990316517,0.69
12,2,7,0.0,-0.9079563482700532 -0.41872929490349586 -0.01676446318051681 -0.39603264036527597 0.8704472476904194 -0.29236917887062264 0.1370161209544981 -0.25881917737639804 -0.9561585726336332,41.842787190710666 -48.65772527990054 796.5796982083947,0.69
12,7,7,0.0,-0.6481506185688632 -0.7614470309779283 -0.009959651785985082 -0.7296647583679919 0.624733779241202 -0.27802346208689893 0.2179222706484586 -0.17293387201443028 -0.9605226493245834,64.9901793725674 -21.6821426640062 787.5446451003768,0.69
12,14,7,0.0,-0.09515902259217512 -0.9942362817546782 -0.049385994592940546 -0.9640270595649503 0.10440952843972706 -0.24443911061356274 0.24818660085882496 0.02434884830183584 -0.9684061878883863,75.01878200478858 25.226894918252448 779.6531555997684,0.69
12,26,7,0.0,0.8155874696875098 -0.5775063600653854 -0.03610378612768775 -0.5671895150506712 -0.7855509240463555 -0.24739805930221287 0.11451259016068427 0.22225244613714878 -0.9682410427578171,23.68492512632449 87.79361700470922 759.1998904772532,0.69
12,34,7,0.0,0.9967650303953995 0.07696159354800165 0.02316003668843215 0.08031879998640735 -0.964234578872115 -0.25258774173751686 0.0028921531081227136 0.2536308144249575 -0.9672967721565765,-34.942565826067494 89.467936818539 752.3362684307845,0.69
12,43,7,0.0,0.6497113791559699 0.759606664664187 0.0295438452642294 0.7407801004334826 -0.6239272508475878 -0.24891691073836425 -0.17064573418930484 0.1836096420330932 -0.9680741359810583,-83.79692650779512 50.456534908240705 772.1090799316735,0.69
12,49,7,0.0,0.17952686941988893 0.9832078815345622 0.03274698222144888 0.9569498063031079 -0.1668212862689299 -0.23752416016907318 -0.22807273263750266 0.07397918718056888 -0.970829495066649,-93.95036395319875 10.409537411800635 790.4574604383655,0.69
12,60,7,0.0,-0.7092193467679364 0.7049126727233114 -0.010297669840269238 0.6863441587871763 0.6870530453849791 -0.23851584543998067 -0.161057796671831 -0.17622779764073282 -0.9710840074215578,-53.98255735869828 -54.006142940075264 806.196257907995,0.69
12,66,7,0.0,-0.9659831528599981 0.25818478063797023 -0.014736601968587747 0.25227305835331626 0.9282669150041599 -0.2732742917614519 -0.05687576302540196 -0.26769600959966144 -0.9618232654831635,-12.31055299629679 -65.38935163520695 802.3518682629693,0.69
12,73,7,0.0,-0.9545072696075246 -0.29788211091848593 -0.013495194001391195 -0.2640498163297986 0.8653920501773221 -0.42588061001422606 0.1385408487146948 -0.40294273474606357 -0.9046787196307734,33.453506007406226 -61.05124028973862 813.0215486505002,0.69
12,83,7,0.0,-0.381530397156872 -0.9240797003175256 -0.022611136777947488 -0.8255551657710056 0.35165156438598033 -0.44136135482583805 0.4158043101197083 -0.14972603222540767 -0.8970445312022751,73.21992168100519 -9.102303203090214 783.1895322716729,0.69
12,100,7,0.0,0.8834246314790998 -0.4682802463016113 -0.016568989701203213 -0.4275067462792355 -0.7910194561167005 -0.4376370664495646 0.1918304000458678 0.3937027190260966 -0.8989990359559351,12.83582236652225 75.19376457276924 745.0984085053386,0.69
12,108,7,0.0,0.9786119603321477 0.20532786861872437 0.012613384294607954 0.1889105789970033 -0.8727087947464757 -0.45021345239249666 -0.08143355719780743 0.4429670709439312 -0.892831870970938,-45.48883623522672 70.48193463670651 747.464319299696,0.69
12,117,7,0.0,0.5438421170238795 0.8389481267411903 0.020044759625220065 0.7505689649827735 -0.47558993786498965 -0.45875967543613033 -0.37534248434686096 0.2645378075796028 -0.888334265806123,-87.46311621025124 28.569280800476516 767.7188292560203,0.69
12,130,7,0.0,-0.5360652179666507 0.8439797717593557 0.018227093772539976 0.7563137510120693 0.48975035570234704 -0.43374427848615815 -0.3749981228171957 -0.21872981952731163 -0.900851638136452,-67.56944282414089 -50.00975114890791 809.0781175101956,0.69
12,137,7,0.0,-0.9313116395706846 0.36402690316204955 -0.01196009090312572 0.3358598335320554 0.8456192522162321 -0.4148810100511721 -0.140914166143732 -0.3904004278372509 -0.9097970673312309,-22.442569992268936 -70.83005251217884 819.7332185674551,0.69
12,142,7,0.0,-0.9991499088861621 -0.04014395593443417 -0.009376693164873991 -0.032118639218048646 0.9006354723637464 -0.4333868236747766 0.025842844029920823 -0.43271723876229534 -0.9011592193893263,13.20046191887834 -68.12865577286883 810.4463989354108,0.69
12,148,7,0.0,-0.8219178456026175 -0.5695793242758217 -0.005518010279997626 -0.4559266092457942 0.6636592285871469 -0.5930323391626682 0.34144103745974164 -0.48490805486051825 -0.805159733388229,53.18996488174934 -52.21710483250917 815.1628229277482,0.69
12,171,7,0.0,0.8657488662705898 -0.5004767877676759 0.0013731194184441187 -0.40591297334205595 -0.703767488929129 -0.5830488655327267 0.2927687801385249 0.5042165273294174 -0.8124359266699516,15.888442091860508 56.045118473069465 736.1911714376612,0.69
12,177,7,0.0,0.9999657342293047 -0.005884459072362606 -0.0058226719530966 -0.008189868214880686 -0.8057484518860406 -0.5922012819488588 -0.0012068247058191262 0.5922286766314803 -0.8057690352386686,-28.331783315307096 56.981760572713114 731.8056259242417,0.69
12,190,7,0.0,0.4289708572546588 0.9026020291563425 0.03596638137282476 0.7260055933201125 -0.32080330379681643 -0.6082771726285301 -0.5374940763339757 0.28704497423905595 -0.7929093899494355,-91.15468622760345 6.170987276137708 778.3832528776146,0.69
12,199,7,0.0,-0.3394677823337785 0.9403372446474534 0.022967174101785615 0.7456681686948381 0.28391410464040534 -0.6028032542890954 -0.573359055873955 -0.18750639326453009 -0.797559242647375,-79.19785817337936 -44.5270903493226 815.2465081960742,0.69
12,207,7,0.0,-0.869507353880472 0.49364537199186814 0.016468401828646423 0.38992057879187486 0.7065092559299598 -0.5905985214338956 -0.30318130513339536 -0.5071083888049028 -0.8067974827807202,-33.52117442022042 -71.09373353566839 829.7636339924294,0.69
12,215,7,0.0,-0.9886563884038828 -0.14933747676186482 0.016026967978702494 -0.13131928482073668 0.8076821376257173 -0.5748084985406209 0.07289575503663501 -0.5703927441638369 -0.8181309958086704,22.50203543445522 -69.52856533650105 828.0458323419753,0.69
12,221,7,0.0,-0.7901392741134028 -0.6127764681089185 -0.013598810076794282 -0.4158951256996833 0.552305893685994 -0.7224883696080926 0.45023457433074787 -0.5652107570912597 -0.6912493241555722,55.14997581693247 -52.59322759638975 821.0304683538258,0.69
12,228,7,0.0,-0.3021908161767073 -0.9532458578226146 0.0017450393931566222 -0.6568274774111633 0.2068951040404402 -0.72510142796838 0.690838892605319 -0.2202651821512509 -0.6886398724992133,73.99027777240914 -21.263586982465092 788.8538414352497,0.69
12,239,7,0.0,0.6127868585955276 -0.7902342880308655 0.004694246795333534 -0.5412483380301263 -0.4240242058688198 -0.7261223790911163 0.57579727553389 0.4424174983628787 -0.6875494561339436,44.73881263099543 27.367582917442142 738.9815650219555,0.69
12,249,7,0.0,0.998381947618824 -0.05682454571039091 0.0021113203573062435 -0.037005618383368334 -0.6774671464041683 -0.7346215690755735 0.04317488710938332 0.7333547821810402 -0.6784737965281276,-24.430776894449984 38.91006077700214 728.2826623278577,0.69
12,260,7,0.0,0.6163060058204848 0.7869311130981523 0.030105322248784816 0.5309604819189669 -0.38699540329524607 -0.7538670469444383 -0.5815908130550022 0.4805975250315514 -0.656336914323405,-84.14843850015632 6.6172416156236515 755.775259658997,0.69
12,284,7,0.0,-0.9892589113650342 0.14437715099758328 0.02284829434965608 0.08506648787477883 0.6957406692730473 -0.7132381185551866 -0.11887177514245167 -0.7036335405516947 -0.700549314242166,-1.6106711005048504 -74.56824502528505 847.5902895636877,0.69
12,298,7,0.0,-0.429219224399863 -0.9031590709947086 0.008634227559836283 -0.49893343072929985 0.2291238699780349 -0.8358036156340674 0.752885309397302 -0.36305088443118216 -0.5489606235491444,71.32434246592462 -33.2033042893259 794.9909527737716,0.69
12,307,7,0.0,0.3470067136224322 -0.9375183156382285 0.025411582867252758 -0.5128121167472222 -0.2123555065174605 -0.8318226203758508 0.7852452315157308 0.27561666621337033 -0.5544595383679808,61.76942066403636 0.39553129713078083 756.871361673693,0.69
12,319,7,0.0,0.9825181470538222 -0.1850708283549742 0.020171246910560714 -0.08690308444066266 -0.5517624125210449 -0.8294613276359876 0.16463883085293757 0.8132078631081722 -0.5581998089881596,-14.413691346149514 19.80947752294217 718.0340691051014,0.69
12,336,7,0.0,0.27068241097300205 0.9617782213533879 0.041396682477661706 0.5200770271569473 -0.10991305263948292 -0.8470177133230816 -0.8100931540344201 0.25080226033627323 -0.5299502882316242,-92.07826506788045 -24.88666564035626 783.3870364494599,0.69
12,343,7,0.0,-0.34327948268947556 0.9387008255899443 0.031622093561356424 0.5022484411893107 0.21191217872650403 -0.8383553732339849 -0.7936659877349879 -0.2719080516353708 -0.5442061294845023,-78.70170751792094 -51.7434824935775 836.448401787299,0.69
12,350,7,0.0,-0.813497734342365 0.5807583500148855 0.03067857734359042 0.3027547077505949 0.46794358254458146 -0.8302821150007955 -0.49654911454426215 -0.6661445357002713 -0.5564983687325409,-40.65348819587992 -67.9250486896643 857.1002780574588,0.69
12,357,7,0.0,-0.9999493631402813 -0.004090194240484327 0.009194643354750143 -0.009932412748980554 0.5480487824779371 -0.8363873978016612 -0.0016181261785876452 -0.8364363707632072 -0.54806165650604,8.301735011614303 -70.10385172639313 860.3471368890636,0.69
12,363,7,0.0,-0.8460976303630066 -0.5329037344549581 -0.011506941299259388 -0.23408773944009462 0.39088536975270005 -0.8901750153521055 0.47887548500412036 -0.7504813372211558 -0.45547341562907284,45.01046546595702 -53.64172992731766 834.5476503610587,0.69
12,368,7,0.0,-0.5819853378338191 -0.8131070145852 0.012249464429066215 -0.3426859279934959 0.23156298516400842 -0.9104641336467737 0.7374682510465735 -0.5340744954912909 -0.4134065940016332,67.7381467981538 -44.31209321467702 819.9051235648442,0.69
12,383,7,0.0,0.6386495496252409 -0.7688688198873469 0.03110451042075002 -0.29870522157741275 -0.2849617513108855 -0.9108084271086985 0.7091557962576804 0.5723963120905577 -0.41165582534353107,41.5512695104511 -5.8958832067193505 735.2766077138818,0.69
12,387,7,0.0,0.8563271759107305 -0.515789266040645 0.02579148762684344 -0.1898078770525867 -0.3607842485576469 -0.9131307112355187 0.4802881818299749 0.7770432156771891 -0.40685022227413153,15.233549603062569 -1.2682950348947182 717.4392267738442,0.69
12,393,7,0.0,0.9999479283407156 -0.008147083646932248 0.006145375103387758 0.0024132121454716036 -0.3963373317351645 -0.9181017894984146 0.009915493646430181 0.9180688125086812 -0.3962970331514577,-27.601685192050134 -0.9236685922383407 718.681660495822,0.69
12,399,7,0.0,0.8621396336338885 0.5066374499812386 0.005809164667355926 0.1969975397594889 -0.32462132289290424 -0.9251015976918261 -0.4668053357089367 0.7987111436556827 -0.3796752395849618,-64.57651754287305 -9.307878450928744 736.5974781912632,0.69
12,409,7,0.0,0.188553246384338 0.9816975360762634 0.02678844787815443 0.3891715529507372 -0.04964750958276709 -0.9198264114310594 -0.9016613419970041 0.18386155784726343 -0.39140995374944015,-91.9510212956658 -36.27300211784769 794.5249523927091,0.69
12,423,7,0.0,-0.879995200766064 0.47456240913826164 0.019974144827348134 0.18813372095022673 0.38685809299532004 -0.9027438833497832 -0.4361354716944231 -0.7906524746795609 -0.4297144570676782,-32.773452162638705 -65.39025342947849 882.0737510152015,0.69
12,438,7,0.0,-0.6100589273872434 -0.7884069415455223 -0.07901012364223481 -0.13693976101626548 0.20312353532831506 -0.9695299537655011 0.7804329612259684 -0.5806507762145521 -0.23188158424830552,63.316445828941525 -43.41753571675483 855.4436819732781,0.69
12,455,7,0.0,0.5961565927062256 -0.8019324735604128 0.03875080414883031 -0.17751681027541122 -0.1787294842107435 -0.9677518036890477 0.7829975089631811 0.5700526987244595 -0.24890725508593312,44.69868048753445 -23.356231402243402 739.9045175550355,0.69
12,471,7,0.0,0.8871750289535802 0.46124065261114583 0.013323977636503698 0.10277468347118429 -0.16936764318525144 -0.9801795579786752 -0.449842008308041 0.8709601953136077 -0.19766260582282813,-59.930298559833595 -24.553550799634124 728.6961700340495,0.69
12,482,7,0.0,0.1399186709319934 0.989386639083615 0.03920260102917639 0.2335168644082672 0.005503184455310173 -0.9723371786565511 -0.9622331523916412 0.14520259420437026 -0.23026846739135914,-90.93947592129817 -42.44298776303492 806.7042274945035,0.69
12,490,7,0.0,-0.22772980583114422 0.970652670112962 0.07728214243075077 0.06015735562650393 0.09324088408814823 -0.9938245469389893 -0.9718643053946039 -0.22167438177885623 -0.07962562629471914,-96.09002323195561 -48.49491594286371 942.4532034210903,0.69
17,3,7,0.0,-0.08700820372314522 -0.9904896223709592 0.10658273997372397 -0.9562969516738065 0.05306331362410821 -0.2875420403464771 0.2791517736004147 -0.1269432657633493 -0.9518191501399195,-115.24042459730046 17.20028878972237 754.1228141776631,0.69
17,10,7,0.0,0.4959791288695543 -0.8670663393967152 0.04691126528861374 -0.8252384740146993 -0.487483293267187 -0.2852043123644317 0.27015951719620923 0.10274240541547673 -0.9573180419263773,-103.17680652324229 -43.0574836314188 768.3316122212564,0.69
17,14,7,0.0,0.7608451384983177 -0.6470282678561038 0.04968999716850524 -0.6184702075064915 -0.7461847843968796 -0.24637952423336557 0.19649243662378812 0.1567248803786822 -0.9678987727133114,-82.82878283879772 -72.3531163891053 788.9836963679281,0.69
17,22,7,0.0,0.9998309312867436 -0.001138888401426487 -0.018352432413470135 -0.006295028786152833 -0.9589694416133879 -0.283439557338577 -0.01727661583943453 0.2835071656676707 -0.9588144792191139,-15.106135921616382 -97.75775711915868 793.776063184874,0.69
17,29,7,0.0,0.8148658758493368 0.5792314494860575 -0.02201209446132231 0.549883973243253 -0.7844767228435654 -0.28674707895082974 -0.1833609019025232 0.22155631167470904 -0.9577534027141812,46.57091215254615 -82.87921618064384 789.5553429700486,0.69
17,41,7,0.0,-0.09933770548874032 0.9914168288644558 -0.08499818652523408 0.9531668901958441 0.07028521624039186 -0.29416469504756154 -0.28566571320796597 -0.11023910296436344 -0.9519676677676593,98.80494591469537 6.415509043633445 768.5594731088796,0.69
17,50,7,0.0,-0.770344610179321 0.6346041708187937 -0.06202199567138702 0.6163089389050966 0.7161156516757745 -0.32763037901064007 -0.1635006831586469 -0.29061300694286374 -0.9427680556755638,65.26082656342405 77.67762463416223 748.6341003361908,0.69
17,60,7,0.0,-0.985072889839947 -0.17108104490799783 -0.019044100807422325 -0.15632652121574034 0.9354166658915994 -0.31710830947300683 0.07206539021583327 -0.3093977007759289 -0.9481981028707073,-21.090064617323517 103.19159716649187 729.4740735226352,0.69
17,72,7,0.0,-0.3813783023797469 -0.9229129395382627 0.05274747867704349 -0.8387992131770396 0.321508132850873 -0.4393727352537074 0.3885440392639185 -0.21181177149438163 -0.8967548734235519,-105.8992432419508 30.17356187527088 746.3221278813817,0.69
