scene_id,im_id,obj_id,score,R,t,time
8,1,24,0.0,-0.22677445276328545 -0.9739427075436087 0.002991654481582076 -0.9427390673580238 0.21873552524536 -0.2517892389927735 0.2445739120405851 -0.05991971644009446 -0.9677774688072164,-105.19926503409566 -36.174833177554824 744.5331896792386,0.69
8,12,24,0.0,0.736163209620293 -0.6766213476766938 -0.015725160403705127 -0.6561410570362765 -0.7077979595618105 -0.2617268838148944 0.1659597604025307 0.20299162620244238 -0.965013863951613,-31.54872837184165 -94.36697743675992 748.8155579886644,0.69
8,18,24,0.0,0.9767032155235214 -0.21305581282330627 -0.025652473725028765 -0.21126748877331947 -0.9336974502780216 -0.2890936172448928 0.037641426293757135 0.2877781992551234 -0.9569570685563956,22.057327502796202 -94.707450330046 758.0665487673433,0.69
8,25,24,0.0,-0.930616533610432 -0.3631855552598736 -0.04526720470142991 -0.3356549948688822 0.8962227907044312 -0.29003522862151065 0.14590610607673202 -0.2547174157228723 -0.9559447925152303,72.55289453231387 -60.464342712654414 730.5729553154038,0.69
8,34,24,0.0,-0.6148678661993324 0.7881603841402834 0.02721609794442667 -0.7315704579521137 -0.5829288868997655 0.35355137939136244 0.2945202406749229 0.19747688900132393 0.9350190939992322,-20.80908969068511 -35.65193834644622 667.8630236843943,0.69
8,46,24,0.0,0.32785947315722586 0.9437189380603163 -0.04362031415951853 -0.8690163167573498 0.3193742034154108 0.3779031084845178 0.3705655233161279 -0.08599234930550873 0.9248170136791187,22.60637995430275 -28.64848349091027 703.446391436548,0.69
8,52,24,0.0,-0.9346042956624157 0.3555143921125267 0.011150225568143768 0.33776278950918087 0.8968913581614754 -0.2854858835008126 -0.11149488128311835 -0.2630502017792866 -0.9583180488708015,-18.22982820677021 98.08161757055232 690.4921010878486,0.69
8,58,24,0.0,-0.9809636257088123 -0.1876240254738282 0.0500758434898243 -0.1940790481934029 0.9384612860427518 -0.2856986833209539 0.006609696556113744 -0.2899786882927436 -0.9570102780260282,-67.654856671261 79.03650975141218 686.1634694597203,0.69
8,68,24,0.0,-0.6258748097420459 -0.7791968254598193 0.033660506884147526 -0.762226085835299 0.6019611063230965 -0.23802147076781388 0.16520325845018008 -0.1746285591408634 -0.970676439257608,-108.14157323515003 6.039053305414381 700.3479198670935,0.69
8,84,24,0.0,-0.7255918099319193 0.6881079313823968 -0.004898992586267054 0.6210751931591605 0.6518090353196104 -0.4352132648691099 -0.29628049176756965 -0.3188298233295583 -0.9003140640652071,-35.402461448727294 -97.32447523086539 758.1025891282634,0.69
8,92,24,0.0,0.9927042495114863 -0.11923441463758976 -0.017928395574288464 -0.11488529216469577 -0.8902117743506875 -0.4408223751712622 0.036601129027249074 0.43966595407585507 -0.8974152919248137,33.536208536397275 -95.04334894013061 760.1292362305347,0.69
8,100,24,0.0,0.799103373256476 0.5981688864198189 -0.06023107312173043 0.5091579507682586 -0.7266371712008931 -0.4612554634891942 -0.3196748035419571 0.33792366704396093 -0.8852206590630233,85.64733812548549 -52.31327101450409 741.9198623793897,0.69
8,115,24,0.0,0.019568220541211247 0.9993578925274783 -0.03001478615428138 -0.8356083029249112 0.03283086971842481 0.5483437772752431 0.5489770931722016 0.014350492554910388 0.8357141942887119,10.418086475119901 -43.25044954709767 699.6854054104646,0.69
8,127,24,0.0,-0.9833250075213443 0.1799673533340527 0.026147300378518132 0.14894174719040806 0.8794792450094296 -0.4520316510395177 -0.104346947856738 -0.44059960205563053 -0.8916185872565708,-39.47677953197405 75.03187518648548 680.2816541338561,0.69
8,136,24,0.0,-0.8504382408328153 -0.5222610846111357 0.06323098947499287 -0.49904591133472226 0.7628644262809997 -0.41108520466572057 0.1664571323472896 -0.38115774505545724 -0.9094013396047732,-95.91953213603473 26.9376709224131 674.4390631106505,0.69
8,144,24,0.0,0.3388590384839393 0.9397849924614957 0.04448280546331104 0.7821796254069439 -0.25512595537695715 -0.5684239443331428 -0.5228475739983817 0.22740913534231955 -0.8215324092979324,-107.01386134214681 -43.4247875374841 734.9508364634478,0.69
8,155,24,0.0,-0.6719819234865351 0.7405668155807186 0.0010421938258563523 0.5985294472409399 0.5439265096236124 -0.5881381240101086 -0.43612245446983305 -0.39459440415356734 -0.8087598289467026,-44.43114226451897 -99.49845541192968 792.8946286861532,0.69
8,165,24,0.0,0.9996252633472966 0.006925246563338774 -0.02648346347978683 -0.008729904764522668 -0.8363018315760214 -0.5481998132664715 -0.02594458788746899 0.5482255808174487 -0.835927981884038,42.121780603834495 -95.95617252653058 780.7740887399867,0.69
8,172,24,0.0,0.8075557988227868 0.5862585355515528 -0.06445588631489566 0.43587172735390295 -0.6668543255228846 -0.6044180224190402 -0.3973279112788517 0.4600067804112969 -0.7940555981128888,87.93219867444682 -60.01189615587736 765.0593136218026,0.69
8,178,24,0.0,-0.435682833295608 -0.8993760617374604 -0.03609942305809066 -0.6955451532244468 0.36185559072591944 -0.6207072347623929 0.5713120063481005 -0.24532270794610764 -0.7832109296789063,96.82269651546248 -17.281557164193572 723.1585728350648,0.69
8,194,24,0.0,0.7899412147715204 -0.6131700578255896 0.003918850782816841 -0.4814724533897081 -0.624208653704305 -0.6152624100882114 0.3797066681429103 0.4841343169274639 -0.7883126342644698,4.237195555770045 60.35242400583002 683.5619207252648,0.69
8,207,24,0.0,-0.8738140051137482 -0.4838527829009112 0.04832772440446739 -0.4228303631034321 0.7069872992962333 -0.5669069082941559 0.24013239786603194 -0.5158056253210722 -0.822363051445192,-92.45757946202968 18.063596288778726 676.0191737643299,0.69
8,216,24,0.0,0.40093483592728096 0.9126972821279435 0.07896156366378132 0.7155295356465259 -0.258162720314004 -0.6491297970803224 -0.5720740694677846 0.3167580796701771 -0.7565682903784893,-108.17506959429858 -49.2877386843318 736.8174210381072,0.69
8,228,24,0.0,-0.6501787591049384 0.7596599313113079 0.013578290351197786 0.5127267943006937 0.4518816132564838 -0.7300097547340392 -0.5606949398870091 -0.4676748831836244 -0.6833018279093703,-41.00299688742987 -100.99793743181252 824.6116894100538,0.69
8,238,24,0.0,-0.9938918061837317 -0.11035874355868211 -0.0001591257004995468 -0.09353608648451511 0.843150263849851 -0.5294795870428699 0.05856686884238248 -0.5262305391081705 -0.8483226636038457,49.02866464632419 -102.36329540754645 838.5662785458861,0.69
8,263,24,0.0,0.5713268087437244 -0.8205686665895909 0.0158978307354119 -0.5181440527365809 -0.3756483167564295 -0.768384723124928 0.6364844210382703 0.4307614253034292 -0.6397907284777858,36.98439380394525 33.49090435013335 697.0349537642679,0.69
8,272,24,0.0,0.9872697374253838 -0.15723691494012101 0.023979535944751232 -0.08800266146287322 -0.6655818534778325 -0.7411182954808657 0.13249149836673824 0.7295734019967601 -0.6709460887131025,-44.284616583999664 32.74324882606829 675.8947925829146,0.69
8,280,24,0.0,0.8404792185510974 0.5394788675698133 0.050569107460265605 0.4101056661086491 -0.5723618430965638 -0.7100811666230034 -0.354129956102724 0.6175471415306657 -0.702301574950524,-95.36225614203761 -0.036016861471596655 687.2306332377854,0.69
8,288,24,0.0,0.35391835483936396 0.9319973427417335 0.07824801102996654 0.6665335412067349 -0.19264857145248548 -0.7201524604996683 -0.6561058120106906 0.3070300979377498 -0.689389354723532,-109.26503746393023 -60.6761643018669 763.5728120945332,0.69
8,303,24,0.0,0.8172473372494792 -0.5760425221935295 0.016786970648457133 -0.2856983737426589 -0.4302820586225267 -0.8562907153930609 0.5004829957145748 0.6950052968521011 -0.5162212784727954,-9.97574749029881 -98.06777261810281 844.3581006840159,0.69
8,309,24,0.0,0.7602632340970981 -0.30144985120619516 0.5754370531065789 0.5372702768281262 -0.20614524272255502 -0.8178293150406675 0.3651581363152812 0.9309307848119652 0.005235396081368998,38.64857553656195 -150.28967947087338 1272.881337084527,0.69
8,319,24,0.0,-0.6464584820830843 -0.7621724471709749 -0.03441789819617169 -0.3753485478783912 0.3569895173746169 -0.855378250886835 0.6642325636013471 -0.5400478175662277 -0.5168592228001131,96.17611528524012 -51.41426751640264 768.1519833764698,0.69
8,333,24,0.0,0.467605700355082 -0.8833646885639226 0.03180779768857728 -0.39155397806801484 -0.2392604553435962 -0.8885043144340311 0.7924836851661654 0.403015212500892 -0.457764510680235,48.83368423422256 7.9310092167268476 699.1090580698723,0.69
8,345,24,0.0,0.99866204357497 0.037862657652492804 0.03522132703569361 0.0497627009111655 -0.5184033492038813 -0.8536870861927247 -0.014064007988160467 0.8542975984337594 -0.5195938962205197,-55.291521533346035 6.852870806814055 677.9880611555215,0.69
8,360,24,0.0,0.38430589471263465 0.9148930613437287 0.1236109444758905 0.655968045044141 -0.17638744137769702 -0.7338892248869697 -0.649626741421633 0.36312278478405857 -0.6679273463488233,-114.4980212332255 -67.91927319023779 799.7026012620046,0.69
8,375,24,0.0,0.7986389560412104 -0.591258800813635 0.11220003722739233 0.03324834728686682 -0.14280379376542457 -0.9891924099430273 0.6008913090535575 0.7937380594041238 -0.09439029482567476,-17.223287186143224 -85.48794591263976 870.5118529289614,0.69
8,389,24,0.0,-0.7732288987113396 -0.6330293485021676 -0.03729496122226561 -0.2023173343264962 0.3020099744508751 -0.9315887888780131 0.6009864943812547 -0.7127859561376778 -0.3615956502838866,90.16310712913383 -63.309306622635845 800.8438778347883,0.69
8,410,24,0.0,0.7036781406582491 -0.7103062556416213 0.017380953832530244 -0.2368884860940002 -0.2576002842539985 -0.936763544715715 0.6698663445164575 0.6550626815417275 -0.34953106261893174,11.066193010739127 -9.18479290298484 670.1228210020222,0.69
8,417,24,0.0,0.9990908622471313 -0.021752172497207692 0.03666458735530377 0.025021033061124097 -0.3971338546338997 -0.917419560183984 0.034516617430407556 0.9175028852789903 -0.396228543426506,-49.469954321301344 -14.063833628738612 661.2584612109024,0.69
8,425,24,0.0,0.7548452109236525 0.6541049343243722 0.048532900574097704 0.35395429692563096 -0.3439361825932674 -0.8697265420757565 -0.5522002021309924 0.6736873437995397 -0.49114183243826004,-97.02623382691885 -34.13925711216187 692.9039762339855,0.69
8,432,24,0.0,0.33912114310227426 0.9295385740881636 0.14475803806058737 0.6896650399518349 -0.14099778480115566 -0.7102687923240053 -0.6398116777374736 0.3407017228651926 -0.6888855877919413,-112.6065475345434 -74.68472297568724 804.4233541715383,0.69
8,441,24,0.0,-0.3024809726853418 -0.9236618747085575 -0.23527431303311103 -0.9433961663302656 0.2548880081889866 0.2122163439389361 -0.13604754505939193 0.28614829108580025 -0.9484778442283135,-28.9873550595828 -36.54246185394517 627.865178513479,0.69
8,451,24,0.0,-0.970124516963378 0.2027336144234004 -0.13325728186255484 0.11727539087810798 -0.08895437509019033 -0.989107477399044 -0.21237915218062095 -0.9751852135543984 0.06252115629051369,-65.54574323684113 -131.6793051700771 1391.3890042583646,0.69
8,459,24,0.0,-0.9970443156286289 -0.052150976521675656 0.0564172697006393 0.06155354697763355 -0.10279288335408576 0.9927964464008854 -0.04597601034356176 0.9933347365211735 0.10569913761852467,-44.13909767808998 -55.56746707085674 807.0616070405298,0.69
8,465,24,0.0,-0.47254054322385897 -0.8806617030573449 0.033769805712158096 -0.18687293139774547 0.06267753729568515 -0.9803825956377241 0.8612687980651068 -0.4695811868960304 -0.19418951154169373,95.69895332558781 -52.90021179425688 761.7155677953496,0.69
8,471,24,0.0,-0.045718743567391806 -0.9981883985875248 0.03911160201131997 -0.1947625853905699 -0.02949441441641576 -0.9804068618947003 0.9797843292371031 -0.05244044663716696 -0.1930613056464044,87.20328626421089 -42.73284470865358 726.5793874942832,0.69
8,479,24,0.0,0.10347879860739784 -0.9917261225100461 0.07596996886901425 -0.0911396261218621 -0.08551289305702658 -0.9921598226452153 0.9904472256456358 0.09574363191464413 -0.09923431945983341,33.13347858452717 -32.33928296195879 677.1315092046642,0.69
8,484,24,0.0,0.8725027015744802 -0.4852817624621518 -0.0569266788673069 -0.07725154012021265 -0.021965367092195917 -0.9967696434972126 0.4824637139664381 0.8740818804151775 -0.05665360567146853,-3.8966354855972427 -30.857936261748957 666.752275631788,0.69
8,495,24,0.0,0.8884340428812912 0.4557379366140175 0.054661545719104726 0.17640292096286495 -0.22906860603769857 -0.9572928408818875 -0.4237534199571411 0.8601340051752071 -0.28390585097155596,-90.9388554817233 -44.438257051672174 707.0697397975745,0.69
10,5,24,0.0,0.6179244742673675 0.6362544573700412 -0.46189783456750705 -0.4557219863235423 -0.188886873330037 -0.8698501136775967 -0.6406924498405788 0.7479986728332859 0.17323732322141278,23.182755493338703 96.38843156411447 733.6138359071346,0.69
10,13,24,0.0,-0.7105625714697223 -0.6612544914550067 0.24050640232001402 0.06812957828253036 -0.4048567121245292 -0.9118384742983598 0.7003279178994513 -0.6315326912981598 0.3327270160842414,-36.415168648003764 96.87145978086663 723.0641507191029,0.69
10,20,24,0.0,-0.49892441401529125 -0.4598029969054431 0.7346125734945405 -0.24630124470134834 -0.7374677146575224 -0.6288696738564977 0.8309092164358661 -0.49469442474580655 0.2546905969354799,-78.25755994614443 65.04805322556169 722.0130052309934,0.69
10,29,24,0.0,-0.03249841032973422 0.08869962751150628 0.9955281158286593 -0.1469437195982646 -0.9856544638542061 0.0830230158143167 0.988610841836497 -0.1435884882697695 0.045066056403189614,-94.33171470186659 1.8915843803148882 751.441018469259,0.69
10,35,24,0.0,0.17084238941555674 0.5273608520245553 0.8322880569434588 -0.04122752602598834 -0.840140745993027 0.5407992400328022 0.9844354570394951 -0.12670461189007687 -0.12178986923888746,-74.8102038818992 -37.49592144688953 774.3156404319893,0.69
10,45,24,0.0,0.6877951935152237 0.7152046032446713 0.12417788561168347 0.09828502063880323 -0.26124348709267164 0.9602561612245406 0.7192202906588399 -0.6482547461833914 -0.24997591395036547,-6.017129856010081 -64.66849514999625 775.0033192596713,0.69
10,54,24,0.0,0.5041936373468081 0.5928001779393172 -0.6279942078507653 0.6056501157914272 0.27565399783099553 0.7464601869635251 0.6156108456653661 -0.7567052415008794 -0.22004650459452715,54.53739460369318 -40.56524811487154 768.7031454080122,0.69
10,60,24,0.0,-0.27925385419396753 -0.13858630998757732 -0.9501637330491212 -0.7220511804288965 -0.621992113889241 0.30293217574373116 -0.6329766012729473 0.770661822684646 0.07362728636400862,79.30040672641759 -7.789395700678103 760.0819577918885,0.69
10,65,24,0.0,0.003545592450688917 -0.13532687149348216 -0.9907946642094717 0.8485107915467667 0.5247087692698486 -0.06863048943435912 0.5291661982807033 -0.8404566290434664 0.1166867142996155,79.05028586538607 29.545028278405557 729.5347886253918,0.69
10,71,24,0.0,0.35087745109954893 0.43072272057377714 -0.8314823824299633 -0.6925814126540861 -0.47825192396337596 -0.5400056333700604 -0.6302507446690995 0.7653450432366132 0.13050273421347314,61.74249447347879 69.81806013285706 736.53396433982,0.69
10,80,24,0.0,-0.6678805791570527 -0.7078484894313322 -0.2299696675533997 0.484884898463622 -0.17941164652211639 -0.8559778597219361 0.5646433982849379 -0.6831998075980441 0.4630505973122514,4.825564066935235 83.28887887997767 683.3740480384134,0.69
10,103,24,0.0,-0.029720516511108186 0.18054196322720642 0.9831181467211247 0.08730905684916371 -0.9793244900536997 0.182484716546813 0.9957378266845256 0.09125865819267356 0.013343081145309577,-92.10363631839188 -16.784498079572213 767.7599018463374,0.69
10,129,24,0.0,0.4594533040902944 0.34035055255543367 -0.820404877323217 0.7920784965581381 0.2609318267614654 0.551838959365071 0.40188843806548025 -0.9033692950051688 -0.14969836402296782,72.48505945655963 -31.63336866489544 787.63917114059,0.69
10,136,24,0.0,-0.07896537673281834 0.06925707336353493 -0.9944686657037325 -0.9502933484269045 -0.30661916082935886 0.05410399382560982 -0.30117606347953 0.9493093004924251 0.09002683369727194,84.03759657972697 10.640176549420852 754.1797157266125,0.69
10,145,24,0.0,0.5728923005792382 0.3410265304226583 -0.7453155824782627 -0.8125816725454693 0.11731296438481757 -0.5709191657585639 -0.1072634018677196 0.9327049769005902 0.34431960252741034,48.40584171256902 55.27538280500195 721.7757257151187,0.69
10,160,24,0.0,-0.7195503726101656 -0.529663029874505 0.44911505882204755 0.09700412850791415 -0.7170510906340193 -0.6902375913212666 0.6876317767010132 -0.4530947011439474 0.5673338800620724,-56.11763743226877 55.97000035196346 698.5610628420559,0.69
10,168,24,0.0,-0.3273972972909378 -0.22795299567396832 0.9169778849513509 -0.06631291240146453 -0.962527185332801 -0.26295249598387804 0.9425569517941209 -0.14689741065988698 0.30001257201323317,-89.50785673930777 16.29072109508439 717.7662816270386,0.69
10,176,24,0.0,0.04769196734689107 0.2707414436490266 0.9614699927410235 0.09400359200224452 -0.9595097499086613 0.26552657968816196 0.9944288817915832 0.07771814795180867 -0.07121157586854965,-88.53285941786707 -33.4520213176122 788.8428731668246,0.69
10,185,24,0.0,0.25539813520496335 0.827320581699541 0.5003123500675957 0.3654512296936685 -0.5616897134104077 0.7422601057340477 0.8951073629734105 -0.00673208327838265 -0.4457998293018068,-37.47573915309649 -70.03723840964516 840.6377784744041,0.69
10,196,24,0.0,0.649908021607758 0.6420403054170856 -0.4066986718318928 0.28062859330318646 0.2945820058209473 0.9134927665105959 0.7063052853197156 -0.7078175528103572 0.011276340851191911,47.831878035863355 -69.75936627432978 863.358858531401,0.69
10,208,24,0.0,0.023266672229171392 -0.122808730340223 -0.9921575871380528 0.999070809083596 0.038870421678119826 0.01861743149884504 0.036279200658632715 -0.9916688489968755 0.12359900294413034,89.9539307792639 7.725155401684006 782.1217049330521,0.69
10,212,24,0.0,-0.2503728677603046 -0.15166972048203864 -0.9561954418310001 0.9560129305856787 0.11716279614120007 -0.26890919611154673 0.1528159142316779 -0.9814627731550883 0.11566382869445657,71.75032637965403 28.890603611862232 722.9683558847128,0.69
10,217,24,0.0,0.5545125092620421 0.1797217888474016 -0.8125367411295343 -0.7143233994675877 0.603702572188362 -0.35395661500560316 0.426916804594271 0.7766873778726199 0.4631401073199896,44.6709942631237 38.892429578474854 657.6976855632884,0.69
10,230,24,0.0,-0.6442306281314141 -0.7088001351872296 0.287348683894617 0.4189189957158682 -0.6413458913525931 -0.6427925969343113 0.639901377405778 -0.2937308564038048 0.7101045072314887,-39.60493950415772 45.228956268948366 685.5009046063866,0.69
10,244,24,0.0,-0.08954276725829957 -0.032812061966722546 0.9954423445992328 -0.03780979084411481 -0.9986247636207483 -0.036318056111649816 0.9952650463811387 -0.040889486092351573 0.08817900758714081,-93.49221778543087 -13.706164740026594 757.9801927564596,0.69
10,252,24,0.0,0.20701544823851104 0.47278342675941853 0.8565164537662018 0.20974866128437208 -0.876572278728717 0.4331587921926073 0.955588877750271 0.08998261802129398 -0.2806296940347043,-75.71180779162168 -53.75084487602291 844.5866475531178,0.69
10,269,24,0.0,-0.879780160316783 -0.10707765920002446 -0.46316438163271895 -0.43873695432009785 -0.1922136772676819 0.8778176275201812 -0.18302118573241694 0.9754938632156938 0.1221268537284953,107.970277338519 -131.421747279929 1494.019152297937,0.69
10,280,24,0.0,0.006365767701489333 -0.11198407157948354 -0.9936896118577729 0.9930842487806213 -0.11578817282732601 0.019410663490421143 -0.1172311896442228 -0.9869410654875954 0.11047253698910797,106.220153732267 -3.347744996351433 884.5481774055041,0.69
10,287,24,0.0,0.45096939827195365 0.23659411345514642 -0.8606101482672658 -0.8303292688316812 0.4648889383683472 -0.3072972181849303 0.3273834252732989 0.8531714367353869 0.4061017020343525,60.92360478490539 30.861511376754052 693.9803084472785,0.69
10,301,24,0.0,-0.6796879740048176 -0.7121231253318167 0.1757979304794919 0.5447722797708702 -0.6505804813553048 -0.5291202136308429 0.49116944243964855 -0.26386680664143025 0.830136667764037,-31.50967068713961 27.952379443220668 677.3027403434404,0.69
10,310,24,0.0,-0.46717466715574274 -0.2353317195606304 0.8522715600890116 0.0152707703956724 -0.965931951484062 -0.2583452509215419 0.884033163370834 -0.10767751330165734 0.45485263458589265,-80.8478205644676 4.380826930508259 714.8718044928046,0.69
10,315,24,0.0,-0.13597560887777083 -0.10926895791799751 0.9846679280985213 0.1921954895723209 -0.9779264636816066 -0.08198003061260184 0.971890697341206 0.1781014499286913 0.15397514719889893,-94.48918689534014 -17.503021788720506 767.7108273690383,0.69
10,325,24,0.0,0.04844536154027579 0.52874395516842 0.8473977087637703 0.48699030877942284 -0.7532261353517955 0.4421434475121405 0.8720627764674709 0.3912546726824543 -0.2939834944414248,-75.55664170103711 -63.29987704765182 922.5459280190192,0.69
10,346,24,0.0,-0.21725519204871174 0.09741397432522542 -0.9712418334967052 -0.9531797974797509 -0.23559672227042422 0.1895849628316919 -0.21035316780200558 0.9669564116657985 0.14403764346192427,154.1143916818899 -73.97126785618454 1352.2804402569625,0.69
10,355,24,0.0,-0.12386981238573891 -0.06753301021445146 -0.9899977586393298 0.9215373437279855 -0.3778269939049206 -0.08953036798505759 -0.3680016218636688 -0.9234100146782824 0.10903554969625096,79.17355344652304 -0.030623637410532492 743.1020522659769,0.69
10,366,24,0.0,0.6902352836782425 0.43470901511765225 -0.578449068925741 -0.6486364736356045 0.7260287722820861 -0.22837019702258526 0.3206960839099594 0.5328323319713317 0.7830987982182125,20.13094348460165 14.470927842158353 681.171766714187,0.69
10,374,24,0.0,-0.6228206208971143 -0.7417620473356937 0.24876402335887127 0.6619692491229184 -0.6691040871775428 -0.3377816361763128 0.4170026227746927 -0.0457032346193062 0.9077554885234022,-33.12091096380586 9.070617602971156 670.8041372194261,0.69
10,382,24,0.0,-0.5031803048003045 -0.2355657738882901 0.8314555592654869 0.11819253880651659 -0.9718489695201956 -0.20381389602528038 0.8560608066203841 -0.004283294870158147 0.5168573775748125,-78.68998089415035 -6.2074471070936905 718.1444093717769,0.69
10,395,24,0.0,0.26786157415062256 0.09563956917770727 0.9586987273909635 -0.9621128219689823 -0.025999504931576933 0.2714091810278244 0.05088314943507338 -0.9950764284972363 0.08505178747535258,-79.79057714086707 -64.56585321630097 830.7759949243629,0.69
10,415,24,0.0,-0.66419764936079 0.6851608616152902 -0.2989917662648831 0.699965852981413 0.7104299052543117 0.07305583057055398 0.26246768799912146 -0.16076051577095604 -0.9514550800355485,-142.56008679618031 -68.03235821201872 1173.0393022981305,0.69
10,417,24,0.0,-0.5687418388831407 -0.8206357668587898 0.055584699836459917 -0.45339126889716486 0.369172794698153 0.8112630923088844 -0.6862718688622187 0.43619764534765726 -0.5820331057607607,-83.19400297580594 -25.614925785182322 655.6928759609116,0.69
10,431,24,0.0,0.35960361327945306 0.20966361699304098 -0.9092449664561014 -0.8248057651054761 0.527072711496301 -0.20466999449041628 0.43632635854957413 0.8235505597747672 0.3624690115437953,67.18794511088963 -0.6236218023436816 733.5655862651038,0.69
10,441,24,0.0,-0.9113623686628051 -0.3889977280644474 0.1345340125991178 0.36324373973223584 -0.9138268214793315 -0.18158889253013752 0.1935784557502747 -0.11662464536143444 0.9741283660604794,10.055773240129584 -6.9715137476046705 649.6490444549584,0.69
10,450,24,0.0,-0.6524578306450488 -0.4557116252757265 0.605496237658429 0.48796324582713235 -0.8639508421763191 -0.12442191537136282 0.579819497733395 0.2142798564760225 0.7860620161010254,-58.72507051444616 -13.278090252291111 700.9635464824481,0.69
10,457,24,0.0,0.033329263864993575 0.11432022015821414 0.992884710040997 -0.8674868993917921 0.49666766582156585 -0.028066155970699502 -0.49634226049554964 -0.8603790542489597 0.11572486101021359,-86.51914101171573 -20.19089602927743 759.4256401266333,0.69
10,475,24,0.0,-0.8267240423279689 0.24696227860709632 -0.5055066673962804 -0.5040216190305438 0.07411744070567938 0.8605049753098871 0.24997912990234236 0.9661864405633268 0.063199657315818,-53.17154108521126 23.216103010957315 330.3021067740329,0.69
10,482,24,0.0,-0.43208128321804457 -0.7456777216309785 -0.5072183949305085 0.5486010459650228 -0.6637270007344982 0.5084322578889645 -0.7157811516509296 -0.05857647957346537 0.695863592223396,-115.59806730950818 -78.4213356229408 872.5364148980428,0.69
10,496,24,0.0,-0.004590878463795689 -0.1256396284632919 -0.9920653242577008 0.9163409779948539 -0.3977325952067867 0.046130193555947274 -0.4003724964109868 -0.9088583313529565 0.1169546820266476,107.20314221674012 -31.012669950341607 900.38667918745,0.69
14,2,24,0.0,-0.7873837080009798 -0.6140349340826238 -0.05466256580856442 -0.5771902235445009 0.7654610328826651 -0.28446590829632357 0.21651406933332712 -0.19243312309566463 -0.9571265072686954,84.9402479352206 104.50303669943648 712.1107607895323,0.69
14,7,24,0.0,0.4167819350466293 0.908071052648678 -0.04122841205175372 0.8691314350459348 -0.4113750742401939 -0.2745561816985171 -0.26627686199476963 0.07859714775611604 -0.9606867965839968,34.31471443595346 128.3857809905204 688.7944213063575,0.69
14,12,24,0.0,0.07581153290235931 0.9969461864496528 -0.0187326667212393 0.9553190521671059 -0.07800305968358356 -0.2850982834857868 -0.28568885180478665 0.0037180644821921682 -0.9583152174263795,-20.59191000856466 137.98105168617306 703.3114051269902,0.69
14,20,24,0.0,-0.5778354738558182 0.8133751878412966 0.06728275379291093 0.7728289568567898 0.5718018708333332 -0.2752780847709221 -0.2623767684027461 -0.10706738212750037 -0.9590073029372068,-105.18033107921151 101.76580264661028 723.6793275204718,0.69
14,28,24,0.0,0.9724117907669841 -0.20867138971000418 0.10426677464006648 -0.18120487763758705 -0.9571950454933573 -0.22570431365686544 0.14690167288936487 0.20058388768658653 -0.968600021940347,-142.78403410297784 19.126001090976754 743.5063722685651,0.69
14,34,24,0.0,-0.9454886803870153 -0.313871126437445 0.08681054802793198 -0.32411789618701053 0.9328442599848341 -0.15731870831103664 -0.031602921246725195 -0.17687991011484658 -0.9837249375544146,-128.1551500954584 -47.50483746135696 760.5985704821558,0.69
14,40,24,0.0,-0.670793934095934 -0.7406434073647878 0.03850767595138065 -0.7355008263677096 0.6576715691191619 -0.16280860414841664 0.0952577156587115 -0.13753345156512448 -0.9859059373530863,-77.1894403649219 -90.99022554975508 742.1304296504607,0.69
14,54,24,0.0,0.42027029017900075 -0.904627842395529 -0.0708614842891947 -0.8871028253051216 -0.39319067193494683 -0.2417636714624752 0.19084407386274438 0.1644675112785343 -0.9677442726285269,72.03069244303617 -87.49177524070132 760.431060259564,0.69
14,65,24,0.0,0.9798317636042381 -0.1847878663160596 -0.07604708735096796 -0.19920398760000257 -0.9332505187306506 -0.2989335053372733 -0.015731699096590793 0.3080534267806961 -0.951238981482679,122.61839825334064 14.9142788556669 717.5719950567276,0.69
14,74,24,0.0,-0.8318971634804486 -0.5549216921703364 -0.003004155787251994 -0.5002877339115173 0.7523145403846628 -0.4286432264990218 0.24012349466652042 -0.3550841419785223 -0.903468848065341,86.96097166584096 80.07088430158136 691.6245352796701,0.69
14,80,24,0.0,-0.4337109348233784 -0.9008077213448711 -0.020982711457109976 -0.8087584305330855 0.3994473844837285 -0.4316845932747291 0.39724630401841554 -0.17025638371165175 -0.9017805374641545,28.214315899986257 108.78708415106064 663.3069850320882,0.69
14,96,24,0.0,-0.7486358578892945 0.65412363269102 0.10801215411916973 0.562005307204287 0.7125613842546638 -0.4200075098653493 -0.35170212816611557 -0.25372927861045125 -0.9010699563403749,-128.2626377421988 49.98587941733044 715.2994847094722,0.69
14,114,24,0.0,0.5031727383431386 0.8623531130759534 -0.056252144461164805 0.8037917394394347 -0.4909222528213183 -0.3360270544074835 -0.31738940593094134 0.12386464407995419 -0.9401710030360171,-61.4426311816158 -106.1600636203595 781.4032297718146,0.69
14,132,24,0.0,0.766290835070792 -0.6401998460492139 -0.05424493713767724 -0.6031579608968666 -0.6877190894397673 -0.40403332563895167 0.22135679409776798 0.3423253001732417 -0.913134469050456,106.9437402181317 -48.52526939951365 727.8226550764603,0.69
14,143,24,0.0,-0.9598194532711849 -0.2783943631151564 -0.03525898052851724 -0.2343943249906698 0.8644470622735142 -0.4447365253033081 0.15429166385249782 -0.4186022636255067 -0.8949671655168304,105.10434857369381 55.38488526502395 688.5957657212571,0.69
14,147,24,0.0,-0.7364002318419443 -0.6764525320267243 -0.011254797100095693 -0.5386806554108192 0.5963212896998235 -0.5951672629915974 0.40931387715212025 -0.4322185689733524 -0.8035230292937012,74.18885124419214 67.75748733032465 666.6580282130627,0.69
14,157,24,0.0,0.0075711176297872385 -0.9996742656958212 0.024372949828790347 -0.8175328542024966 -0.02022350954132779 -0.5755267517338802 0.5758321895112807 -0.015568306502398654 -0.817419670276714,-31.873724427530565 87.64855417482129 652.3521424881453,0.69
14,166,24,0.0,0.6665393462624918 -0.7423189937117253 0.068467594223696 -0.5567405395441841 -0.5567667749267291 -0.6164825463593754 0.4957471850772529 0.37279118808322176 -0.7843860392533002,-122.1718023502092 46.58962756049309 725.3796145262218,0.69
14,173,24,0.0,-0.9838313559891269 0.1465497271838772 0.10295164124445547 0.08779651888047309 0.8956707493676599 -0.43596522797081527 -0.15610135888283175 -0.4198774656843415 -0.8940555237598099,-150.9903860630749 -22.21668291180503 800.8427805426347,0.69
14,181,24,0.0,-0.7772456075151126 -0.6273893521356595 0.047664099962770726 -0.5782069448712119 0.6823313276699524 -0.44732615414578564 0.24812495743306995 -0.37524200205594976 -0.8930999078445143,-104.68964555109515 -84.34618807005609 786.5356910184879,0.69
14,194,24,0.0,-0.16187257688515033 0.9865586581424679 -0.022344639104140307 0.8065736073986951 0.11922751155584188 -0.5789851607218074 -0.5685387275291074 -0.11174441611255029 -0.8150318403395346,31.33985811751138 -110.58117547180765 807.9889481608474,0.69
14,217,24,0.0,0.86877256347601 0.4952090636557639 -0.0014886989302414222 0.331263797692978 -0.5833836577773975 -0.7415711726977325 -0.3681012486930043 0.6437635366432664 -0.6708725509358726,92.45559087043156 36.76511377915385 683.7934079332273,0.69
14,225,24,0.0,-0.2679520270180731 -0.9633971118342854 0.008228980876332948 -0.679643138170057 0.18296320916933873 -0.710358831034579 0.6828520454353655 -0.19593485907263658 -0.7037915991576792,13.989557635952506 63.13089232680452 645.0323458703037,0.69
14,239,24,0.0,0.6970531793884396 -0.7098186812513345 0.10136224568883487 -0.4561076864148508 -0.5480310012079475 -0.7011617503175046 0.5532473619437868 0.44251492795343184 -0.7057605082750164,-132.58077365411233 17.641235343779528 746.1586966258121,0.69
14,249,24,0.0,-0.9415202846750313 -0.31899848224445415 0.10853350575367335 -0.32978186553652544 0.8062510709903062 -0.49112435460912873 0.06916266846136745 -0.49819592416309355 -0.8643016524562384,-150.21621106407864 -74.33678844542438 900.5335284766339,0.69
14,253,24,0.0,-0.7010979894540468 -0.6984233802645317 0.14375809919221394 -0.6950840607070521 0.6243972931240956 -0.35635118758087014 0.1591218329912279 -0.34976106449856126 -0.9232266460768693,-122.5369840686913 -106.92329124450787 919.422737338439,0.69
14,263,24,0.0,0.17754805502787352 0.983652311966289 0.0300801815020017 0.7774314090198171 -0.12145353656306102 -0.6171300047200646 -0.6033880115027817 0.13295550992606298 -0.7862860420705811,-3.00457859583267 -110.54714180602572 817.0681002306493,0.69
14,282,24,0.0,-0.985069161105705 0.16256812268257909 -0.05665997993261687 0.1545203301839489 0.6897726996641615 -0.7073450999037577 -0.07590925765903689 -0.7055389629818295 -0.7045938946060903,129.97865097041216 -12.969301203065818 758.442992612569,0.69
14,290,24,0.0,-0.8220806024770014 -0.569149316293672 -0.015891469205083303 -0.26903614758618016 0.41289194182236366 -0.8701378026899786 0.5017997950607767 -0.7110480294189718 -0.4925521957481861,90.0118780738235 18.082557246661196 688.6272773150179,0.69
14,295,24,0.0,-0.5110904582329303 -0.859521593659228 -0.0030287846992468337 -0.461434730808788 0.2773487819692537 -0.8427073289960121 0.7251651761541469 -0.4293020884804459 -0.5383634312614971,40.535193069887704 33.38427581532838 649.7429291667642,0.69
14,308,24,0.0,0.5490399571863481 -0.8337804809460596 0.05801064562793423 -0.4020775152537701 -0.3243387930447315 -0.8562347920130557 0.7327269594741049 0.4467823372959634 -0.5133193410930366,-103.08000905630905 17.88227439017341 704.8713395076463,0.69
14,317,24,0.0,0.9910739192132878 -0.09506325687830453 0.0934637033660833 -0.024759911642129213 -0.8201403987036344 -0.5716263405317478 0.13099402059135248 0.5642098045992582 -0.8151735170890791,-160.58951366586493 -50.52474018536582 867.6448254660229,0.69
14,326,24,0.0,-0.13920526938240224 -0.9034815249632864 -0.4053924358275417 -0.1266563585034739 0.42226032071691283 -0.8975825245617752 0.9821303680402172 -0.07360268743778903 -0.17321254162191263,-124.512698563397 -119.00232183803145 1125.3293735829461,0.69
14,333,24,0.0,-0.15612145866669036 -0.9597564172280264 -0.2334388779389745 -0.11633757810828044 0.2525592024835034 -0.9605620319171462 0.9808627111189847 -0.12280663186701019 -0.15108564824560927,-29.70664527382256 -122.44808024801985 1015.415515032358,0.69
14,346,24,0.0,0.3802118158591521 0.8342900385228271 0.3992481768307353 -0.32797294664711424 0.5252316875314134 -0.7852167985216014 -0.864796346748005 0.16760610381034358 0.47332385595575144,157.27880885292691 -153.3773932158294 1451.207279943011,0.69
14,357,24,0.0,0.976872619167459 0.20804891900591982 -0.04935112178437051 0.06439110927939584 -0.5063263330453482 -0.8599345495504991 -0.20389622597457868 0.8368687422561074 -0.5080128317946351,122.56409165582778 -7.708099657531053 730.1717594743587,0.69
14,360,24,0.0,0.9072303556060316 0.42015256225048425 -0.0201222837000839 0.14078510627485116 -0.34837884429657784 -0.926720958378389 -0.3963743630939476 0.8379164667679792 -0.375211085924888,104.02018559395776 -10.75517794688076 691.0040238414647,0.69
14,367,24,0.0,-0.49815304933846527 -0.8670852829288069 0.002579062438071378 -0.31371618030256904 0.17746000423339836 -0.9327862054693177 0.8083475104502732 -0.4654793862522304 -0.36042092520148206,42.25148225753137 6.3580578688543845 654.0937427909042,0.69
14,376,24,0.0,0.10083796656444743 -0.9937062507734427 0.048781058546685574 -0.30063019448272166 -0.07717257136390554 -0.950613423213855 0.9483950604386486 0.08119286546779075 -0.3065200285996023,-61.24745816072287 5.005503711904368 662.304132161787,0.69
14,385,24,0.0,0.667443237457888 -0.7376444572342242 0.10198127025762921 -0.3570645875235048 -0.4372027986353213 -0.8254444822046556 0.653471043817859 0.514523437344762 -0.5551947652081459,-184.11376012822925 -47.17158948220348 998.4437372151632,0.69
14,406,24,0.0,0.34126403187078647 -0.8325248281817805 0.4363957733665528 0.8779268980357431 0.11643265064917167 -0.46442200590426996 0.33583213404412726 0.5416141138520162 0.7706302157453097,56.55025180478441 -89.66032049219955 715.2804592430774,0.69
14,427,24,0.0,0.9986201140719 -0.04394633027152693 0.02875044046081481 -0.01266996988378493 -0.7329106737111307 -0.6802068922198896 0.05096410142609173 0.6789040170863347 -0.7324561392669657,242.1900563796664 -55.69424789875125 1324.101388366275,0.69
14,438,24,0.0,-0.6068812656382532 -0.7945940667532816 -0.017759462204514687 -0.17890674529556477 0.15834538593375702 -0.971040223286985 0.7743949288993697 -0.5861288321128482 -0.2382550865374522,58.50360598776091 -21.589078519997795 660.387913596241,0.69
14,446,24,0.0,0.003314855216081658 -0.9989114193607709 0.04652943160566586 -0.31404538101755386 -0.0452155226510802 -0.9483306676328298 0.9494021857971655 -0.011468774216958633 -0.3138534002070467,-30.321565016784035 -21.29620362024796 631.4617185261621,0.69
14,454,24,0.0,0.5043679793789639 -0.8620327903754608 -0.05012394332729381 -0.2680577570828639 -0.10112954845553634 -0.9580802958504488 0.8208276190802095 0.4966611347253538 -0.2820810823299545,-113.34224229962948 -35.829011902491565 724.2557618008364,0.69
14,483,24,0.0,-0.0009049353646273014 0.35902358506432136 -0.933328048683606 -0.22144332755461177 0.9100849474260897 0.35029736103772235 0.9751728225158485 0.20699626527068907 0.07867980929348871,159.14193048531453 -52.14410571072606 1290.1276789841252,0.69
14,493,24,0.0,-0.21306077922979696 -0.04973856733704409 0.9757720939201173 -0.04023328782969963 0.9983029092480761 0.042102065712275996 -0.9762102165539983 -0.030288220583035125 -0.21470034184767647,-167.0439683804586 -242.51364423714355 1989.2226174980292,0.69
19,1,24,0.0,-0.9538897245033009 -0.2982687937083927 -0.03361726025060368 -0.27582513850097806 0.9152212074432735 -0.29375267559120916 0.11838448571469495 -0.27093517332715983 -0.955290136762779,62.68324966856044 -63.53412313768442 704.9712420190477,0.69
19,6,24,0.0,-0.7180011291301265 -0.6955094609115635 -0.02722073383231992 -0.6620211104111935 0.6944616277569177 -0.28187070962259025 0.21494750042229827 -0.18436278733984984 -0.9590661784811763,80.07038030607622 -29.658409081064637 694.6070212382455,0.69
19,17,24,0.0,0.26803472728575717 -0.9628937970214929 -0.031510643065181476 -0.9178070597743567 -0.24526720654078527 -0.31220858159895276 0.2928951791976095 0.11260343268840184 -0.9494908535365618,62.73929879329273 51.57910903661849 695.9986507228703,0.69
19,33,24,0.0,-0.9986217630558621 0.026208567913528023 0.04547180795969508 0.012362046922738675 0.9594743340065993 -0.28152474523294224 -0.051007393062980654 -0.28057461280471374 -0.958475942578844,-57.06476934594788 66.37086062444637 676.9288991637251,0.69
19,42,24,0.0,-0.7405131444678927 -0.6686682722711501 0.0672534350660914 -0.6625297165210773 0.7095894306348394 -0.23986916153983964 0.11267057112118904 -0.22218366634214978 -0.9684729014350301,-97.76018684607102 11.087849846156118 681.2060844513196,0.69
19,47,24,0.0,-0.4915982608149324 -0.8702337773679741 0.032005041659103575 -0.85608166968129 0.47621682768955187 -0.20085245296235374 0.15954724942608217 -0.12613764605845076 -0.9790985494052192,-98.06948243055493 -27.368471213220943 692.7092788237603,0.69
19,55,24,0.0,0.21423635500347116 -0.9767795740663389 0.002109000144186343 -0.9521568013562377 -0.2093166448811432 -0.22267457826783793 0.2179454285500953 0.04569689116868848 -0.9748905499140057,-69.62088561446004 -82.44288508424927 755.3871724311509,0.69
19,74,24,0.0,-0.9051269253059975 -0.4250465630896579 -0.00898155286021407 -0.377321972855089 0.8128740781825823 -0.4436934322474933 0.1958912399441456 -0.3982099348641203 -0.8961336227866122,68.65935357757311 -66.89884495397887 707.1381554741574,0.69
19,80,24,0.0,-0.5628108468420916 -0.8263573853674802 -0.01942736023009048 -0.7426782155389047 0.5158574776752877 -0.4269896144995084 0.36286777046306573 -0.2258861093009315 -0.9040478122223689,82.37458919373691 -26.441821927888437 686.2406820850119,0.69
19,88,24,0.0,0.13683160324128274 -0.989331481027544 -0.05000332991178283 -0.8874729069460889 -0.10000583127726759 -0.44987850931912843 0.4400783473326978 0.10593419824772898 -0.8916888436279397,63.50358429600797 26.110494304532715 671.714162747862,0.69
19,98,24,0.0,0.7387941896238218 -0.6739288367123243 -0.0017516922256503031 -0.5951327886142604 -0.6511900220474687 -0.4709230500857134 0.31622793882624284 0.34895770264229836 -0.8821725525498485,-5.272940722480127 56.995044548420644 666.6828697444902,0.69
19,109,24,0.0,-0.9352041079736576 -0.3441405244184356 0.08343006581682394 -0.3456582992722222 0.8360213447187771 -0.42613219934527613 0.07690004274010745 -0.42735887802596473 -0.9008056243157889,-81.32947824123625 20.89095014442432 658.7407030637319,0.69
19,115,24,0.0,-0.6242986403028856 -0.7783060995633033 0.06701360383180266 -0.7310381395212102 0.551828248802129 -0.40133380419464293 0.2753805481172117 -0.2995416485341126 -0.9134770684106581,-98.75072949077155 -18.302588632807918 680.0955286457785,0.69
