scene_id,im_id,obj_id,score,R,t,time
8,1,19,0.0,-0.01835443330711728 -0.9996231833333102 -0.020410931398496923 -0.9320439713162594 0.024495253047723597 -0.3615162764124793 0.3618800219837933 0.012388459174068528 -0.9321423581021848,-8.043576338248188 -62.058157589244786 711.4639435748329,0.69
8,12,19,0.0,0.8105629484706515 -0.5841484302653135 -0.041932302406791674 -0.5590018324697037 -0.7503404178416007 -0.35285437314677787 0.174655826876969 0.309450914963686 -0.9347381843949994,41.45682291360931 -40.024777133483646 712.2456932859222,0.69
8,18,19,0.0,0.9933085765368624 -0.09758375884065225 -0.061769586277072276 -0.1130654212428308 -0.9307022755390765 -0.34786417582954143 -0.023543200663726248 0.3525204736138233 -0.9355079012951164,54.10756659114451 -11.692554905712758 712.8600545498189,0.69
8,25,19,0.0,0.8712468806264985 0.4872045168629155 -0.059671029377489984 0.4362666678542518 -0.8243394586922518 -0.3607434702975416 -0.2249450322144148 0.2882641420491603 -0.9307542730982853,46.36801579423787 22.195628994719883 702.6354080938926,0.69
8,34,19,0.0,0.2877909129074734 0.9574411246207025 0.021974606547745662 0.9077898961885932 -0.26541272338806465 -0.324766978988989 -0.3051129214336672 0.1134133111622064 -0.9455387490872266,8.490892555936473 49.062806841412126 690.5862467435828,0.69
8,46,19,0.0,-0.6691589750079596 0.741491929352789 0.0491526690117188 0.6940729007830874 0.6472568366487366 -0.3151529720786742 -0.26549778636524923 -0.1767719042046831 -0.947767175691901,-50.50948351787804 34.087104347574716 698.6423468953478,0.69
8,52,19,0.0,-0.960228856990154 0.27671755135735915 -0.03725505300183521 0.2696716031495255 0.8845345139678673 -0.380625695473117 -0.07237243023518733 -0.375534406373659 -0.9239784310098567,-64.58441468673358 9.789497923223186 693.0246872115188,0.69
8,58,19,0.0,-0.9664342263219724 -0.25548772422208205 -0.027035328096250595 -0.21851311623158942 0.8727610043828933 -0.43650916057205924 0.1351181121397515 -0.41594981908925655 -0.8992935248134528,-64.64131339064262 -18.712653877834406 691.6099300507755,0.69
8,68,19,0.0,-0.4429846155973972 -0.8964138622714157 0.01438116378009352 -0.843843796662709 0.4114806376826423 -0.3443999588358729 0.3028073268233299 -0.16469933922129093 -0.9387128690298111,-33.55505856021176 -56.42337146322781 703.0886446410651,0.69
8,84,19,0.0,0.7685307567367647 -0.6360046716437902 -0.06970318211452409 -0.571530203996532 -0.6334542551627261 -0.5216214456250035 0.2875998989382617 0.4407195982294304 -0.8503249578056563,40.53223971821702 -56.07277877426781 725.4321212881439,0.69
8,92,19,0.0,0.9985936125409366 0.020660538585780607 -0.04882559920561664 -0.008675345044279963 -0.8448522458744413 -0.5349293607844641 -0.05230234584418492 0.5346006217600743 -0.8434848189700496,53.8507852308221 -21.628228744731192 706.6535248514525,0.69
8,100,19,0.0,0.7509507935452562 0.6598605614419688 0.02563094081846498 0.5757976836483361 -0.6352931391290569 -0.5146451737661195 -0.32331089245331757 0.40123143798690347 -0.8570200697719984,38.914178681816175 12.617325228484363 703.2325759480328,0.69
8,115,19,0.0,-0.43128515949003143 0.9001132590118902 0.0615567393114016 0.7593521785255949 0.3989910715489332 -0.5139945464619897 -0.48721389570915463 -0.17493497584882062 -0.8555818920785324,-35.019726505486624 24.189292620612772 686.7554764403784,0.69
8,127,19,0.0,-0.9976100468347937 0.061681238421599165 -0.031138710330688914 0.06904826972765325 0.8732838857611909 -0.48229409214446517 -0.0025555629317153324 -0.4832915059222689 -0.8754557609619618,-65.48030858271852 -20.484524231143862 693.8623819737309,0.69
8,136,19,0.0,-0.7664682560502895 -0.6422391394582369 0.00743641144447732 -0.567620743856932 0.6719075703323439 -0.4757592963604492 0.3005546599381408 -0.36887545957684675 -0.879544081732939,-52.97423861676913 -59.17832609181019 721.9411073970278,0.69
8,144,19,0.0,-0.13851634926394796 -0.9876642142289861 -0.07302479659696381 -0.7571647083374283 0.15314095701737485 -0.6350192530404887 0.6383688788113698 -0.03266874982674761 -0.769037012990839,-14.807963560120095 -84.4547855257222 736.9646916157744,0.69
8,155,19,0.0,0.7091978048244083 -0.7033032934587479 -0.04901990455231928 -0.559918755120791 -0.5196310592046194 -0.6453483942599292 0.4284033861866916 0.48512682848917327 -0.762313911052273,37.94814178336255 -71.77208052295289 745.6528627366713,0.69
8,165,19,0.0,0.9936599201504285 0.10317290980512364 -0.04466893516737892 0.04669375441370896 -0.7401436913529624 -0.6708256177645296 -0.10227246152017615 0.6644867694941371 -0.7402686517622165,53.804244213689906 -33.210588675462546 716.3577908882814,0.69
8,172,19,0.0,-0.7531218661512901 0.657232423704245 -0.02920609451197595 -0.48881570270844 -0.5293175140350573 0.6934566879924089 0.4403029224414171 0.5365337925681766 0.7199061229924058,39.1142169068531 -5.653415981753635 697.7756672408674,0.69
8,178,19,0.0,0.3429039052889562 0.9357783094782641 0.0820723293661399 0.7309616081964532 -0.21093083724662665 -0.6490017790740575 -0.5900102025223268 0.28253696644587756 -0.7563470258493279,11.253364786829987 6.428934905880245 690.1165302015246,0.69
8,194,19,0.0,-0.8618587898533041 0.5002405393748071 0.08341959673002683 0.3445359185907468 0.6982385322682261 -0.627501356856496 -0.37214839399549804 -0.5120765126637965 -0.7741338501994705,-61.37590505028885 -17.82702273546436 699.2254100177694,0.69
8,207,19,0.0,-0.8054062144089957 -0.5927065552864991 -0.004446246932303971 -0.4700067839394596 0.6432086429669174 -0.6044636173199698 0.361129412873359 -0.4847489875523918 -0.796620340077175,-55.87112454261544 -69.50781785865288 742.9928881371762,0.69
8,216,19,0.0,-0.17037084792806234 -0.9846243682299408 -0.03858273790263089 -0.623808359979973 0.138082913241791 -0.769282938254682 0.7627823439195285 -0.10699515203246407 -0.6377422153552172,-17.27593582969278 -90.12229840624964 748.1304921915846,0.69
8,228,19,0.0,0.7282386038087902 -0.6815868467739294 -0.0714696175125947 -0.47126214630327384 -0.4223259232040441 -0.7743079516907235 0.4975746430278136 0.5975618670017558 -0.6287601209691338,40.08296101655056 -78.64464949066132 764.4534759937292,0.69
8,238,19,0.0,0.9882633393273971 0.150357420151697 -0.02698552105829663 0.062106571937260775 -0.5568672073058685 -0.8282763350172239 -0.13956484465531985 0.8168791585251082 -0.5596696297849719,54.79944750358275 -44.86801977184078 729.2455344577021,0.69
8,263,19,0.0,-0.6727125528748024 0.735183176653872 0.08344769601246022 0.45055321325281084 0.4964852836977257 -0.7419596788904073 -0.5869068267044042 -0.4615279621395767 -0.6652310252318784,-49.79208939431429 -25.552186771838997 704.0092036601266,0.69
8,272,19,0.0,-0.9989373967863007 0.03942248133367527 0.023873526494945736 0.012266819804020621 0.726744683525078 -0.6867981436345982 -0.04442524545463467 -0.6857754974724093 -0.7264560307635728,-68.11868284809759 -56.065646861412326 740.804114853542,0.69
8,280,19,0.0,-0.7734724869380705 -0.6332829720640868 -0.026324688858820777 -0.42019482646624573 0.543422062278294 -0.7267246865493208 0.4745277860787903 -0.5510400525577829 -0.6864242425179038,-53.61238185628718 -79.94067264375734 755.050448910409,0.69
8,288,19,0.0,-0.13675295883018546 -0.9892139676669893 -0.05248194378757537 -0.5172880456316713 0.11649376513059728 -0.8478456702326569 0.8448145986533113 -0.08879712190285144 -0.5276394271128861,-14.434302550669951 -93.53356324922498 760.6541466508471,0.69
8,303,19,0.0,0.8846386541760685 -0.46457692574152953 -0.039783559495144116 -0.23648798160044393 -0.3735042716390696 -0.8969771421981255 0.40185555377038457 0.8029089855867336 -0.44028317565855285,46.963987623632256 -74.0295616171996 750.167806894119,0.69
8,309,19,0.0,0.9421461137239333 -0.33046233881910525 -0.05617244001372379 -0.22432051734105418 -0.4970541710598823 -0.8382227964758623 0.2490803201674719 0.8023289809387294 -0.5424271383799759,38.8587376009765 -22.361696297324727 701.065409272287,0.69
8,319,19,0.0,0.5793222377209194 0.8146117493528566 0.028168114922812015 0.38307137458899615 -0.24159739723035972 -0.8915643665053088 -0.7194734650093241 0.5272934623791521 -0.4520171873719876,27.098603428668685 -36.7487648521577 698.0115397998021,0.69
8,333,19,0.0,-0.5455308575335072 0.8325717497412453 0.09602273174388165 0.39837081915795824 0.3584026179832923 -0.844303413392448 -0.7373579686435711 -0.42234091082385417 -0.5271919774828744,-43.93681354228762 -41.21049694564296 700.8096240222309,0.69
8,345,19,0.0,-0.9943224123659777 -0.09921144851536874 0.03847114178426089 -0.08589209224154663 0.5348968234159123 -0.8405402648237241 0.062813125675069 -0.8390723906690345 -0.5403813787131075,-64.9769393619601 -67.60179866535805 723.3647724127562,0.69
8,360,19,0.0,-0.2060443328256859 -0.9781794562486739 -0.026658662447076042 -0.4067700778843315 0.1103966057829594 -0.9068355381046649 0.8899909194190653 -0.17600437723150847 -0.4206407285878959,-17.377093779036272 -95.04060431209568 786.0521663414019,0.69
8,375,19,0.0,0.842982107284076 -0.5374085880388448 -0.023941100663809806 -0.17861413643624505 -0.2376400325374146 -0.954790136732021 0.5074230553138416 0.8091472204968092 -0.29631506626942605,45.0281351451303 -81.55986201162024 767.7649755099307,0.69
8,381,19,0.0,0.9749150501784818 -0.22161839828883678 -0.020638083132379373 -0.06772044968112123 -0.20701852754956543 -0.975990404638384 0.21202496463972165 0.9529053545820279 -0.21683357576358986,44.37813146499394 -67.42539252894674 740.5416260561157,0.69
8,389,19,0.0,0.7219085652839403 0.6919052205260381 0.010732622163208305 0.20265699078350258 -0.1965642210852767 -0.9593188474515207 -0.6616480691850153 0.6947155337243823 -0.28212082472902983,38.881832499831205 -57.876596593873415 723.1712363234602,0.69
8,410,19,0.0,-0.8410693409152099 0.5373389901394523 0.06220268039536561 0.18336057112597534 0.39139440137578707 -0.9017701056965937 -0.5089020187902683 -0.7470456694524126 -0.427716615323261,-60.48297445445116 -67.16673113724092 747.6996118307176,0.69
8,417,19,0.0,-0.9973744706836128 -0.0398430291249116 0.060470639642181655 -0.0715878391443337 0.41649547709012036 -0.9063149004899559 0.010924583068847478 -0.9082643065725003 -0.41825423236489434,-66.43488434690607 -77.34588054300008 749.9300921610305,0.69
8,425,19,0.0,-0.683250751657805 -0.7289469335251866 -0.04248268427573776 -0.3026247250819683 0.3356423617013192 -0.8920552005344874 0.6645198914465298 -0.5966410756357533 -0.4499252612780303,-49.86036493654855 -91.85980714551417 794.7288947088357,0.69
8,432,19,0.0,0.13303636484840725 -0.9701322526665082 0.20284165736881588 0.41731375054428504 0.24046457321547365 0.8763709389493484 -0.8989719457439058 -0.03194059117340731 0.4368400615796467,-14.874397781599454 -108.55348996426716 900.6939209422646,0.69
8,441,19,0.0,0.6142658188737848 -0.7890064929452489 -0.012093711322731182 -0.19449334572742183 -0.13653033323637237 -0.9713556540084167 0.7647547595347625 0.5990227226045803 -0.23732242956013191,34.359191889685235 -109.92046071309043 937.9719644880865,0.69
8,451,19,0.0,0.9770226983084591 -0.2112962316384881 -0.02793831572288863 -0.0606834531592705 -0.15011849342086714 -0.9868039098249032 0.20431388964709188 0.9658252121519831 -0.15949136048342086,49.9443431158963 -79.11535005079034 758.6542515096864,0.69
8,459,19,0.0,0.7977771491946897 0.6012761760898657 0.04492861326084935 0.07972368545688674 -0.03133045428641054 -0.9963245137059403 -0.5976585598817818 0.7984268048487325 -0.07293067323889521,47.871164646176034 -71.18027155133392 733.5575592390924,0.69
8,465,19,0.0,0.42046839756370347 0.9055565582376852 0.056335126545780434 0.14843395091969075 -0.00740128430054271 -0.9888946269472159 -0.8950830625503882 0.42416098456060314 -0.13752734387021923,22.91830052576258 -69.6940712689964 724.7704576263976,0.69
8,471,19,0.0,0.045248613568100116 0.9987249380494146 0.022384393857278417 -0.0015403595024584549 0.022477070862727377 -0.9997461720747098 -0.9989745693774031 0.045202648192610884 0.002555451742277226,-10.823342738045712 -62.571811109364326 684.0618140485105,0.69
8,479,19,0.0,-0.6436564803103538 0.7611156042976313 0.08005855512772464 0.1348748216044054 0.21578349546820497 -0.9670813128070995 -0.7533359926697164 -0.6116702706345757 -0.24154577655210208,-49.85789515492885 -76.96453777720828 748.2283034622285,0.69
8,484,19,0.0,-0.9206898156658898 0.38123799357159716 0.08359339439580651 0.007369525136699917 0.23112277434512052 -0.9728966817079162 -0.3902255161164754 -0.8951200229223552 -0.21560192748468865,-62.773343576028346 -78.13123242601976 738.9466668222304,0.69
8,495,19,0.0,-0.8109244842453975 -0.5850833761017826 -0.008883910213191348 -0.16269295582927762 0.24002379268497576 -0.9570368755009665 0.5620787159952498 -0.774639285057542 -0.2898301141542601,-55.83108623112889 -89.6178412337266 797.8524904441232,0.69
10,5,19,0.0,0.2999909647256388 0.9494242543131254 0.09273082769470833 0.9082859870862813 -0.2545675890813489 -0.331981789036701 -0.29158529926194743 0.1838176485304796 -0.9387167226288481,-74.66218282585851 13.763345805785223 756.1231767272881,0.69
10,13,19,0.0,-0.3703126033680213 0.9284206792383334 0.030060242005517324 0.8813898845120263 0.36140320070314635 -0.3042032182627237 -0.29329242620067003 -0.08615549247815316 -0.9521327553703692,-54.0138258475299 -26.43713634179315 778.484200276126,0.69
10,20,19,0.0,-0.8456981407235152 0.5259055287977021 0.09065334829336855 0.4988413407114627 0.8393841799933387 -0.21585067795608456 -0.18961005135271683 -0.1373228792187238 -0.9722090594461151,-19.882942092772886 -45.16026972876338 784.1979276047136,0.69
10,29,19,0.0,-0.9614335165027975 -0.24944981607135744 -0.11584637502758119 -0.22240234795849464 0.9529152393925487 -0.20613040085341666 0.16181096677176646 -0.17241617034201723 -0.9716428743303678,33.155375945741945 -34.71765636441297 786.1586292887469,0.69
10,35,19,0.0,-0.7194423823338656 -0.6846446836790395 -0.11689446356350715 -0.6374444947025953 0.7177012891696722 -0.2803022934218403 0.27580278221063154 -0.12714761749328424 -0.952767709722919,54.58493444535966 -8.333551667416858 767.0932205384183,0.69
10,45,19,0.0,0.052555611913749245 -0.9961235841177045 -0.0705387327705116 -0.9540626752382166 -0.029221477043628985 -0.298178666233327 0.2949615557554383 0.08296933435846608 -0.9519000841382694,54.32280241344821 45.63471980534489 757.0609348018853,0.69
10,54,19,0.0,0.7431677265144075 -0.6688613244287689 -0.01806263964098874 -0.6360151578308693 -0.6977732817859501 -0.3295408415280866 0.2078134963778373 0.25639223059417826 -0.9439685242708892,16.119058143206225 80.53335268200647 757.4832273983693,0.69
10,60,19,0.0,0.9781243132413345 -0.2072041749579646 -0.018418950191517715 -0.20259247701331054 -0.9287603310886293 -0.3104199343691557 0.04721351611328745 0.30736082586453484 -0.9504210680640931,-18.510121481061212 82.06335182075644 754.0866907545014,0.69
10,65,19,0.0,0.9744767215854643 0.22445987392025332 0.003589441147228152 0.21377182655442487 -0.9229567392981529 -0.32008196380881293 -0.06853265834352493 0.31267974412140187 -0.9473830547125827,-45.59555475543473 71.04327300423203 748.584372135089,0.69
10,71,19,0.0,0.7233528337707273 0.6883416031593397 0.054281813122715045 0.6722057946935869 -0.6840644710462236 -0.28318751567223727 -0.15779748875131835 0.24133304127756844 -0.9575271879855407,-68.38165749306586 45.46627888916718 750.3749044043029,0.69
10,80,19,0.0,0.10605708520371349 0.9912215111801601 0.0789418168768121 0.8813035715556254 -0.05693606412104091 -0.4691079826284172 -0.46049528710008625 0.1193239304419888 -0.8796055310094887,-70.69586045787483 -8.814973834020337 758.8654662921142,0.69
10,103,19,0.0,-0.9278197386027409 -0.36676641088187667 -0.0680656485164724 -0.3099175651871763 0.8594568446814405 -0.40655262257016 0.20760933371983514 -0.3561128079401934 -0.911088378025621,39.81154280087575 -35.42411680185054 795.119437791148,0.69
10,129,19,0.0,0.8742754592444102 -0.48406602846753083 -0.036366212981913046 -0.4351550201063448 -0.7483248191070921 -0.5006496515374641 0.2151337487220935 0.45353064415980676 -0.8648857872394308,2.38878438529231 68.99851901127144 740.1388300509409,0.69
10,136,19,0.0,0.9948229741844313 0.10088715515403607 0.012207864668609255 0.09457455307957621 -0.8751587089703835 -0.4745027797843653 -0.03718741648246144 0.47320081998895236 -0.8801693473514872,-38.277083818452084 61.596721840294016 739.1059484567409,0.69
10,145,19,0.0,0.5980155577874625 0.8004337287681572 0.04102728963085733 0.6442024444026292 -0.44957672449020736 -0.61877619493831 -0.47684442250049175 0.39646767162904994 -0.7844952403190297,-73.34083472363908 12.506874717048056 765.2918929489438,0.69
10,160,19,0.0,0.06434507146289532 0.9938296520776981 0.09034563868586193 -0.66074512890216 0.1102746669239711 -0.7424657382444495 -0.7478473015332094 -0.011921429693147412 0.6637637328926373,-52.34548590544795 -7.5241823405169335 714.9678089703104,0.69
10,168,19,0.0,-0.9861676316022002 0.16490181678751395 -0.0167568851605593 0.14812957738204355 0.8314489225830127 -0.5354907258208722 -0.07437089944813204 -0.5305658111447858 -0.8443748512121564,5.101640439811716 -53.537696398222465 819.1492441001401,0.69
10,176,19,0.0,-0.8713937187425617 -0.4847417361414292 -0.07548798698205167 -0.36068871706685496 0.7373378798142258 -0.5711711655639915 0.33253065470220283 -0.4704873008208143 -0.8173524719786862,46.17016392442287 -35.069547918729576 801.48353983279,0.69
10,185,19,0.0,-0.2724339062213478 -0.9595393996993742 -0.07116113521819872 -0.738391460293766 0.25591675557520943 -0.6239268110773079 0.6168936846055548 -0.11743404378809208 -0.7782360999422725,60.71804761723049 4.336063893818033 766.7212573166879,0.69
10,196,19,0.0,0.6240193873894017 -0.7809242860807223 -0.027514788232345516 -0.6132509641175198 -0.46760536264720287 -0.6366070057991119 0.4842758089881106 0.41412858417753806 -0.770697383280895,27.732848041112618 46.16111901727664 740.8415549498263,0.69
10,208,19,0.0,0.9895976742963437 0.14300049837889675 0.015725790620986804 0.12132147146032034 -0.7707956273059765 -0.6254240173583749 -0.0773145755337934 0.6208260290849388 -0.7801265910226725,-40.61722463090681 45.5904054919743 733.623948900334,0.69
10,212,19,0.0,0.8739186587498824 0.4856125158151298 0.02113438838735865 0.3789983778308775 -0.6535399267067601 -0.6551685232073395 -0.3043458681999328 0.5805738959717558 -0.7551870919353734,-58.16488641596266 34.441183860379795 742.0383600072757,0.69
10,217,19,0.0,0.647622830011047 0.760180638322601 0.052058305465363164 0.5187056463481093 -0.38979312913206154 -0.7609242859365353 -0.5581479396137482 0.5197948764665528 -0.6467489187498104,-73.36262051878481 4.331650389578925 771.0952270518039,0.69
10,230,19,0.0,0.05824456368975352 0.9928982803346711 -0.10373319482712728 -0.7538588083802973 -0.02437449777806873 -0.6565841765421284 -0.6544497443104613 0.11644264153015194 0.747085432467701,-47.04469402347606 -12.226672186505157 693.2720740885655,0.69
10,244,19,0.0,-0.9947946625759556 -0.10188637934091226 -0.0016568087367584208 -0.07308229737537682 0.724700281182513 -0.6851776997716167 0.0710109647922591 -0.6814900352600809 -0.7283740623611512,24.88525241319049 -49.794797259488824 828.8328107061127,0.69
10,252,19,0.0,-0.679004320770593 -0.7305644580109713 -0.07230978540973118 -0.4860928692827838 0.5212157092224875 -0.7014612654253475 0.5501516652772179 -0.4411459590099801 -0.7090298922061529,56.77177265157402 -26.69800396446043 798.7243574922992,0.69
10,269,19,0.0,0.6721109687747769 -0.7394919011336769 -0.03766395903686631 -0.49908819194435755 -0.41486369502113035 -0.7607884667994951 0.546971500458975 0.5301319106704621 -0.647906115864438,25.875249640503768 31.86262023498227 740.0168918457487,0.69
10,280,19,0.0,0.9942730141619117 0.10602558350070165 0.01340704862088015 0.08011180137333015 -0.6564057945398731 -0.7501423412761061 -0.07073381503995807 0.7469203495271861 -0.6611404683364038,-37.311381018848635 30.717143735257128 729.1708388478083,0.69
10,287,19,0.0,0.7806494130657741 0.6237179565731531 0.03952726310123092 0.4228604334021123 -0.48056654410997046 -0.7682739423832997 -0.4601907732050279 0.6164671178014366 -0.6388996360356988,-67.96328040907278 11.777479845681198 758.0249611453565,0.69
10,301,19,0.0,-0.05895567195123519 0.9669322093907988 0.24812563589320297 0.9124714979084083 -0.04861119633528832 0.4062421901964854 0.4048703425166675 0.2503578519509226 -0.8794321757344089,-44.26031998769432 -19.14608679539933 666.9545928350778,0.69
10,310,19,0.0,-0.08779515129688598 0.8235778322674944 -0.5603673488046319 0.8780251382398078 0.3296767909620546 0.34696551719144747 0.47049321783392756 -0.461554728822636 -0.7520660637694931,-49.688749210223584 -42.925588272644276 749.5729562621619,0.69
10,315,19,0.0,-0.9999281620454118 0.002424824180590454 0.011738440108376817 -0.00787331751278766 0.6055477541255239 -0.795770022270805 -0.0090377884367558 -0.7958052762461606 -0.6054851614027752,20.37370432329094 -49.715886361395974 832.3800321216618,0.69
10,325,19,0.0,-0.6215639773208793 -0.7796196871292209 -0.0764942189814713 -0.42693917352559385 0.4190097728044657 -0.8013449646710419 0.6567961359556955 -0.4654287848155573 -0.593291565807893,60.70225041637505 -28.24062722571762 812.4107725762135,0.69
10,342,19,0.0,0.7510199160145444 -0.6599042188719401 -0.02226000144925222 -0.3528925216731803 -0.3726673529884349 -0.8582458343410337 0.5580644710933049 0.6524151024705112 -0.5127558680032264,21.850452890466645 16.46716480520895 734.7488313134919,0.69
10,346,19,0.0,-0.9078208146530458 -0.41930796140176646 -0.006496305702097388 0.19530913141922407 -0.43646011360163983 0.8782692710206318 -0.37110067591820506 0.7960423372785762 0.4781222496319463,-2.5657719162411863 19.151458963616797 719.2332088431255,0.69
10,355,19,0.0,-0.9504436058717233 0.3051796530324488 -0.05934923278822156 -0.1991262729380798 -0.45095193051223703 0.8700523454327769 0.2387586217989744 0.8387536800171316 0.4893736657957537,-51.977038306378134 8.54519073979348 729.1574509886087,0.69
10,366,19,0.0,0.274933715144807 0.9614402721735983 0.006637418129912254 0.37983781043900444 -0.10227145520221725 -0.9193822856743129 -0.8832523365593645 0.2552903298081973 -0.3933092389823114,-77.8309085904086 -30.477120481217067 815.7326754424985,0.69
10,374,19,0.0,-0.03803368613306335 0.9336013711117825 0.3562890941038356 0.9397495159091607 -0.08780429599737105 0.33039560068636586 0.3397414988894206 0.34738866628404297 -0.8740119155193273,-46.97138711954949 -33.066811850220674 660.8303211741232,0.69
10,382,19,0.0,0.12139532992359547 0.9223247947322091 0.3668516687912566 -0.9119455056757271 0.24956927320194242 -0.32568477482267566 -0.39194204743888356 -0.29501211991313625 0.8714064955884675,-54.362225920766505 -55.35042695378081 800.360632238633,0.69
10,395,19,0.0,-0.8002614601043133 -0.5973383466460704 -0.052616490740560906 -0.21761955729488752 0.3710659376597992 -0.9027468073559892 0.5587694728190595 -0.7109831007378398 -0.4269422756189848,55.49324907741763 -37.38707259572362 842.7625689116527,0.69
10,415,19,0.0,0.7615785336867036 -0.6480713921640431 0.0012679456492755703 -0.21833490108292222 -0.2584165258720664 -0.9410370715999035 0.6101868631794042 0.716396796345971 -0.33830108215686855,18.70404928549589 0.5847525036382393 729.0742743932939,0.69
10,417,19,0.0,0.8772150380649564 -0.48002535509210886 0.008332794332767957 -0.16116170773908176 -0.3107731262956542 -0.9367213929077569 0.4522396277984938 0.8203631649709293 -0.3499765657977111,7.949112242263502 0.7413189970129461 726.8234956581048,0.69
10,431,19,0.0,0.7983895264122673 0.6009201623588858 0.03832913494674528 0.2351395506417537 -0.2525427200886198 -0.9385795471105447 -0.5543316298383033 0.7583647756856928 -0.3429275596390571,-65.01238424172405 -12.536601025024908 749.8247519726049,0.69
10,441,19,0.0,-0.06172837211106608 0.7063214637587111 0.7051947233993385 0.9656158323963008 -0.13650801453318295 0.2212501439407608 0.2525384570755845 0.6946046010515335 -0.6736087706494944,-34.904904945901116 -36.12482520928334 624.2146590407605,0.69
10,450,19,0.0,-0.07154764517346757 0.9915716899528072 -0.1080116574924454 0.976431578046879 0.0917358212801731 0.19536097994976842 0.2036229551475306 -0.09148837509862053 -0.9747653919578807,-54.52982727364929 -56.04210341631715 781.4825675645294,0.69
10,457,19,0.0,-0.14406000744003075 0.9664053718000409 -0.21285528326166345 -0.7080853219728247 -0.25092915525548465 -0.6600376775983399 -0.6912755536419752 0.05563466903643427 0.7204463148203253,-94.78452141601628 -88.40451346180532 1248.0321392207234,0.69
10,465,19,0.0,0.6434502324512429 -0.1078074787214055 0.757858394352253 -0.7340049517760233 0.19411661019205895 0.6508113954256038 -0.2172752381812501 -0.9750365578681026 0.045773154730727725,-60.560712823874034 -135.86850365171043 1811.3275708084986,0.69
10,475,19,0.0,0.26495290344582473 -0.9545925537804085 0.13620945349947383 0.1792219787132962 0.18754800764373103 0.9657666525486154 -0.9474594668384071 -0.23147095086827807 0.2207753555141898,61.986722681297564 -23.65553028945518 774.5579051220317,0.69
10,482,19,0.0,0.175671753906244 -0.9843777737436463 -0.011825118984894578 -0.6428672535672855 -0.1056122502203819 -0.7586618132568971 0.7455609493330237 0.14087743312145595 -0.6513773251094561,29.329591788448216 -32.57447351453041 657.8822175303983,0.69
10,496,19,0.0,-0.9994341166574858 0.03351393159011859 -0.0028745174280084603 -0.004895843219052667 -0.06038789744735118 0.9981629789573758 0.03327877972891328 0.9976122083411274 0.0605178038968156,-34.4449883747673 -13.471593829377964 747.440386050257,0.69
13,2,19,0.0,0.5423956508266028 0.7582654921507611 -0.3617186771204244 0.4580989088034181 -0.627853286712531 -0.6292421156577093 -0.7042388428065463 0.17559525556698954 -0.6879054866076155,-79.8448630134501 101.39106294310896 769.0695144750575,0.69
13,7,19,0.0,0.32211398707211303 0.938250546827979 -0.12620812457803438 0.5749313978898251 -0.2997877095871272 -0.7613023163638449 -0.7521279592283203 0.17266511100249082 -0.6359955128690292,-116.34298663577987 69.83985574365914 794.1178426732118,0.69
13,20,19,0.0,-0.15775441586637906 0.6418880691290583 -0.7503953964307263 0.15979164483094677 0.7664891414507502 0.6220619151501822 0.9744640447532572 -0.02177390061199802 -0.22348539714097815,-102.00286948873762 -40.98398462930249 776.5828155169601,0.69
13,25,19,0.0,0.10090986442598786 0.29536416620503103 0.9500406352275336 -0.14276979223502062 0.9493305985265286 -0.27997892979013916 -0.9845983880175194 -0.10738446825900584 0.1379659026355163,-68.60842993594726 -67.58544721237756 792.6423198800941,0.69
13,32,19,0.0,-0.038482888531574576 -0.30911253319775206 0.9502465517487213 -0.18529166995668167 0.9366666590569159 0.2971911284944751 -0.9819297654796553 -0.16463599737367313 -0.09332161611248133,-7.544403332863437 -76.09428303026853 801.445660301988,0.69
13,40,19,0.0,0.2866650862811303 -0.9078929573895207 0.3058651765565052 0.5974954944133557 0.41899295140559417 0.6836987939349968 -0.748880673046896 -0.013239508863223115 0.6625726020157254,55.69089671645691 -42.11776021034736 792.3705489709854,0.69
13,55,19,0.0,0.10214032305862453 -0.7346613996422506 0.6707011124794481 0.09408996037058676 -0.6640698315219654 -0.7417265926335996 0.9903102714618998 0.13886643488646827 0.0012959548529993814,63.111827340469304 61.285347645182505 745.4423405821469,0.69
13,60,19,0.0,0.7172345594544218 -0.3559908244782858 0.5990368265903957 -0.16764789967838656 -0.9225617215139372 -0.34752561305703245 0.676364375508976 0.14883011417220282 -0.7213742639281235,21.341044650930055 107.67585385947234 811.1939698036401,0.69
13,69,19,0.0,0.04566161166868865 0.36037267793121 -0.9316901578424591 -0.20132210537515627 -0.9102067391271578 -0.36192969197735153 -0.9784602327673478 0.20409611718059345 0.030989479580546764,-46.708376274150716 108.38140989288213 757.9111933478907,0.69
13,78,19,0.0,0.30133006018974606 0.9499912645308164 -0.08195603785679928 0.6055186311849812 -0.2570427856380978 -0.7531773985186185 -0.736578157505306 0.17732908296877786 -0.652692128204057,-111.52396960977369 54.18944691559471 775.1145825255956,0.69
13,84,19,0.0,-0.0015716354601583299 0.9814866151358325 -0.19152429159557433 -0.6179211099723018 0.14963098026379879 0.7718705018303867 0.786238533660478 0.11956000190072291 0.60624613329317,-123.62729396822589 8.471229753580886 767.6187936381884,0.69
13,91,19,0.0,0.16731360423866554 0.6121414749859635 0.7728447272503552 0.08283052218331038 0.772395472933162 -0.6297176652970733 -0.9824180690681067 0.16937546455837596 0.07852827245092676,-100.62203313397481 -52.77966785011675 759.8681718454125,0.69
13,105,19,0.0,-0.10076213434365872 -0.4566684799310643 0.8839122647185983 -0.25116648082356985 0.8713331203468131 0.42153765228907997 -0.9626849906346383 -0.17953409933529924 -0.20249719993779938,7.294275723627772 -86.101546187632 856.6686899829086,0.69
13,112,19,0.0,0.2958189800708376 -0.9389116906501265 0.1758862365006727 0.643531313348743 0.33195446887285984 0.68969100279399 -0.7059451676791133 -0.09083538823530579 0.7024175058144907,60.2834887480318 -55.36967894198191 859.6387057394267,0.69
13,124,19,0.0,0.7026935682068804 -0.2192256527062682 0.6768765488596816 0.32507121897613794 -0.7473247728828006 -0.5795121969631339 0.632890552776742 0.6272525783376112 -0.4538763611103456,-14.598369664070214 5.307907662092365 629.4873274614995,0.69
13,137,19,0.0,0.010436191032068831 0.0825982121158089 -0.9965282842308157 -0.4845675761303294 -0.8713320916181222 -0.07729586198216404 -0.8746915742591322 0.48369196961667676 0.03093102727715713,-12.971608029852668 96.72763552384403 740.8656103366378,0.69
13,144,19,0.0,-0.1050301273491071 0.6203485366167043 0.7772620957351154 0.6155422699763291 -0.5733177342944342 0.540753630977994 0.7810738673271679 0.5352330975014624 -0.32163511176109416,-68.39714874969988 63.91399534104089 715.9395700325097,0.69
13,153,19,0.0,0.17217038298042098 0.9827462495143153 0.06758082782803604 0.5439076107341967 -0.037641194767951025 -0.8383004541582089 -0.8212928041872722 0.1810882368404656 -0.5410038634503624,-115.26194864503931 18.16929291762037 743.5505392062707,0.69
13,163,19,0.0,0.20859696757658133 0.703335225061436 0.6795637323354109 -0.47064644111703435 0.6812913608996592 -0.5606549821658239 -0.8573092980842589 -0.20288332299937686 0.47313753250720436,-112.73518717645823 -51.25602782070411 830.2574691818132,0.69
13,172,19,0.0,0.08420355960863654 0.035374082696273346 0.9958204832311053 -0.4630966148897229 0.886274570804594 0.007675312554707603 -0.8822988642330412 -0.4618073834603882 0.09100909160383672,-45.73694132024848 -87.56273071570806 869.5494173192335,0.69
13,186,19,0.0,-0.31322719383825237 -0.9132738039687611 0.2604221266034099 -0.5050171528472034 0.3924158120592818 0.7687441094252095 -0.8042676173826211 0.10927391925927665 -0.5841342398793267,67.71938252370782 -42.47063301562505 781.2824514016521,0.69
13,194,19,0.0,-0.25271821529391497 -0.9657288182999537 -0.05917223304586089 0.5385506638069582 -0.19121196295218942 0.8206102410627443 -0.8038013972193276 0.17551591018749774 0.568416642173073,72.97225794373193 7.273362935416597 748.434686340021,0.69
13,213,19,0.0,0.0768567209533011 0.3648196672438939 -0.9279006707812864 -0.643043520502028 -0.6930901159683635 -0.3257623702752033 -0.7619633030433058 0.6217175416047187 0.18132628953442032,-44.562510535173345 72.6865597933548 721.3574070931875,0.69
13,221,19,0.0,-0.0643769033492303 0.9120827184660706 0.40492064530066474 0.7283435275582114 -0.2344346868739613 0.6438602980883112 0.6821812956826251 0.33637106335987144 -0.6492173654138684,-96.10040157765216 28.71047331632434 728.7545391387762,0.69
13,231,19,0.0,0.14140808426479928 0.9709420804380446 -0.19306794176973274 -0.49006289790823293 0.2381121279822573 0.8385350145351986 0.8601407499928975 -0.02396019495752494 0.5094936694987025,-118.30809192709927 -30.09327174822292 777.3507722622754,0.69
13,238,19,0.0,-0.6958732922476516 0.11181969933329008 -0.7094058894437142 0.4617174043983351 0.8262567210736844 -0.32267145730018926 0.5500703587833823 -0.5520834952446741 -0.6265990860720633,-6.399862533363291 -64.25311063568583 722.9394928781999,0.69
13,244,19,0.0,0.058148065795699054 0.14512828618082316 0.9877026794508742 0.15309889116163658 0.976376664303067 -0.1524773390687748 -0.9864986223859092 0.16008244736583038 0.0345554348268072,-50.03700010259903 -105.86217699689064 944.5299234510022,0.69
13,258,19,0.0,0.44075712348055657 -0.8939330174091629 0.08134444349121006 0.1533911838506894 -0.014279734468591182 -0.9880623633659924 0.8844231469257402 0.4479730455833874 0.1308275491351681,4.938890690536211 -41.66010467253172 751.1208548498516,0.69
13,272,19,0.0,-0.017093265874222996 -0.7021540787489745 -0.7118198297026659 -0.7637443961055738 -0.4502969724153477 0.46252257680128867 -0.6452924280348296 0.55155442735033 -0.5285691969753477,65.16848224001123 29.490363144381764 777.8297489461626,0.69
13,286,19,0.0,-0.07755447581933395 0.4293531852416027 0.8998006143603584 0.7538512908380116 -0.5653752804868128 0.3347521822428065 0.6524519404387207 0.704277384655611 -0.2798210694004303,-47.250278680425566 51.12964408787112 712.2534011691758,0.69
13,294,19,0.0,-0.06596098938739081 0.9665709265305076 0.24776963467098181 0.8126086158537791 -0.09206666140313469 0.5754919350419128 0.5790650959255281 0.23929975730041153 -0.7793710546567167,-102.26671037306399 2.4388412679033733 723.6658233579736,0.69
13,304,19,0.0,0.25032499935925717 0.9128283087523129 0.3226172243327686 -0.6792721671988443 0.40303695104292536 -0.6133111273758269 -0.689874421590461 -0.06561779358081626 0.7209490880782166,-125.43499876749017 -47.53848584570103 840.9433553114607,0.69
13,314,19,0.0,-0.15500979876648935 -0.02982111505434376 0.9874627402506323 -0.5352238160376273 -0.8376072806755628 -0.10931381479670768 0.8303658404778537 -0.5454582884659509 0.11387636502498222,77.86958371353597 -37.961478750887714 755.2002119293087,0.69
13,329,19,0.0,0.42179887770285784 -0.8915673056274771 0.16490435502063133 0.30618026509096863 -0.031129605703028418 -0.9514644464811063 0.8534280005000034 0.4518170948347736 0.25984988123459174,5.135654997758676 -57.54848533045003 716.1015591671464,0.69
13,335,19,0.0,-0.61568454054306 -0.6779277351924003 -0.4016796390074856 -0.47446178422207036 -0.08805748010453274 0.8758606598714486 -0.62914113031107 0.7298355061618628 -0.26743517363347447,-5.607741499567764 -42.14583631854806 655.899825205463,0.69
13,362,19,0.0,0.05086674798582713 0.735716157110926 -0.6753771613811628 -0.9203163969282943 -0.22809609811209283 -0.3177890803205179 -0.3878534562102911 0.6377255727912826 0.6654891361350397,-76.56403831202806 0.3303136641889277 718.859278875218,0.69
13,369,19,0.0,-0.5555872870441753 0.6479562347295252 0.521033093334799 0.8033055245618227 0.2566238214234635 0.5374425071451574 0.21452971981370772 0.7171449868423776 -0.6630837557680764,-50.28254562398729 -90.63325135131298 680.8836147760993,0.69
13,378,19,0.0,0.03485093342413573 0.9777786094181797 -0.2067230113067176 -0.9939606145878044 0.012374899289533293 -0.10903741796194627 -0.10405627846363102 0.2092745871619981 0.9723047043393727,-103.85104243550467 -30.926034019762042 708.140645363746,0.69
13,392,19,0.0,0.3167418705084525 0.031084127407282447 0.9480023019434792 -0.3737476809707556 -0.9145112502421416 0.1548607250064948 0.8717724808892456 -0.4033645376131654 -0.27804638346924715,82.82283822179988 -24.419562630498646 731.9833858371819,0.69
13,399,19,0.0,0.8642265017066766 -0.02530012644588739 0.5024663743472401 -0.24937212202320422 -0.8889550043412611 0.3841517213475328 0.4369509108646906 -0.45729520428105347 -0.7745676197957584,55.58178458793835 -5.352227925114788 674.2730885083412,0.69
13,406,19,0.0,-0.567760869731011 -0.7458356811974403 -0.3483916351680052 -0.5253343757389675 0.0024409073838915774 0.8508923760606234 -0.6337755032101158 0.6661254976533283 -0.3931989736849152,-1.1580037754319907 -61.03492100041491 688.6824093845602,0.69
13,418,19,0.0,-0.010091650684439735 -0.5598265017531601 -0.8285483972112203 -0.9223680012506787 -0.31479036112026526 0.22392922724512893 -0.3861805650926661 0.7664863446145611 -0.5131892971059677,50.917376450310975 -1.955533958015069 727.1089330965924,0.69
13,431,19,0.0,0.04560863117442204 0.4661724822544834 -0.8835174415658634 -0.9059509937776334 -0.35336229407695796 -0.23321210517035307 -0.42091881596777536 0.8110599890965913 0.4062130530287318,-54.59595491159897 3.5408254901279834 704.028236947578,0.69
13,441,19,0.0,-0.6101551961930649 0.34786216783128965 0.7118304213436779 0.769028695984435 0.04395988009831775 0.6377008653704501 0.19054002548305105 0.936514517310574 -0.2943383385756281,-67.05435911691941 -111.87133538295056 748.4638775241896,0.69
13,462,19,0.0,0.30023426908034534 -0.015422824697161039 0.9537408034409299 -0.22833098713454947 -0.9719624373968792 0.056160311641584526 0.926134085315918 -0.2346298292372015 -0.2953379407529094,90.17066476370118 -36.58695119179218 775.4292328403036,0.69
13,469,19,0.0,0.7954503715413587 -0.01565452578869693 0.6058165087194681 -0.16972090758233055 -0.9654171073954 0.19790053632501506 0.5817675824108323 -0.26023978283619437 -0.7705982970946834,64.84100960559931 -23.81226450750397 703.0065690747208,0.69
13,478,19,0.0,-0.037969753782417626 -0.9979934708185804 -0.05066882672003711 -0.996822657767854 0.03427471697695994 0.07190154891781178 -0.07002061666633504 0.05323791862603 -0.9961239065809205,75.24923235158167 -33.798951806941446 801.0720732540476,0.69
13,486,19,0.0,-0.011980114865703134 -0.8229940049721699 0.5679237137395059 0.9890053890411442 -0.09347278892341501 -0.11459135298290726 0.1473934099455572 0.5603067958812801 0.8150653208141505,66.62382872948874 -22.127139792873862 754.5537583636309,0.69
13,500,19,0.0,-0.052859750671710004 0.24562119859897874 0.9679235886978504 0.9541509796384575 -0.2735471158039182 0.1215231808764472 0.2946213753513084 0.9299689254131875 -0.21990007492482722,-33.37972175490953 -16.547059905082364 706.8156772587832,0.69
14,2,19,0.0,-0.0535943210587595 0.37598010280850197 -0.9250765433424193 -0.3230042655936302 -0.8831305136293036 -0.34021866542734236 -0.944878771673155 0.2805698811151165 0.16877395726971411,-47.22752609209441 46.05906760930933 718.0701503522519,0.69
14,7,19,0.0,0.20723684980743662 0.9782727175501812 0.005947955856663245 0.6908353403669149 -0.14203595006494651 -0.7089233536774455 -0.6926755521757775 0.15102410067976263 -0.7052604486513125,-70.49880608416652 -21.187129492132676 725.615965618962,0.69
14,12,19,0.0,0.10100164457693989 0.9816134925005371 -0.161967957120078 -0.6810155615767395 0.18689607788739548 0.7080167095207759 0.7252699309106037 0.03879184722601525 0.6873708750781644,-53.1512385892475 -44.81563333218975 739.6196860073885,0.69
14,20,19,0.0,-0.0864597692358498 0.5611887672341423 -0.8231596903602043 0.33888887525102496 0.7935482308680815 0.5054063073579846 0.9368452585858451 -0.2352623489136372 -0.2587906270498589,-4.461249529794866 -59.0328086277401 727.5728161683753,0.69
14,28,19,0.0,0.07130231312330056 0.4633271667904904 0.8833141664533429 -0.3044786747080382 0.8534106340624122 -0.42306385607521246 -0.9498466806760465 -0.23878489521552348 0.20192339395327125,-9.484615291684857 -41.32390563501323 754.9744905488675,0.69
14,34,19,0.0,-0.2091263775406326 -0.13519745000862285 0.9684977066198447 -0.0961376888085902 0.9884414014773406 0.11722261145382303 -0.9731514286108177 -0.06859479103166082 -0.21970674007878618,24.793038561379234 -38.79099682221399 743.5633833574628,0.69
14,40,19,0.0,0.3292666870647409 -0.9336889401847246 0.140742359530228 0.9150887575673372 0.352286764748991 0.19623098928700422 -0.23280037492082634 0.06417942317764326 0.9704045481536595,62.30946133925948 8.59726952212905 720.0945962049303,0.69
14,54,19,0.0,-0.19248076028711944 -0.9721465076481849 -0.1337248091669223 0.5544430571483013 -0.22017555088246155 0.8025681423864579 -0.8096567502956656 0.08033613421768498 0.5813794391269957,34.38855085569401 52.63704091736784 725.0943643566974,0.69
