scene_id,im_id,obj_id,score,R,t,time
3,5,11,0.0,-0.5102098306101526 0.1234804480012951 -0.8511395348062261 0.8235081530027147 -0.21526528547942725 -0.5248763462050067 -0.24803276131756635 -0.9687174179443973 0.008143309175210445,-3.39166194061542 -103.569452713433 804.8515079502855,0.69
3,10,11,0.0,-0.8069261461199932 0.14121570317899532 -0.5735227283060342 0.567262637026822 -0.08526011027915537 -0.819111600594548 -0.1645700317230061 -0.9863005823636364 -0.011307779969589093,45.53172255641309 -96.09534195431732 819.7595078961452,0.69
3,16,11,0.0,0.9997785660686445 0.01695820446988111 -0.012459459494010809 -0.01269245887499991 0.013702054291713712 -0.9998255623837057 -0.016784526130684412 0.9997623082559898 0.013914261504792056,89.10921054842946 -55.56637032980579 793.4662948307262,0.69
3,24,11,0.0,0.770912860857282 0.20524679308569369 0.6029652683968447 0.5753406044965192 0.18175732001234335 -0.7974631436245252 -0.27327010407730373 0.9616849954896711 0.0220322415475731,110.18419181983322 20.800922271213498 784.4482784211899,0.69
3,34,11,0.0,0.027372790613705844 0.18236254151626535 0.9828502601036164 0.9342557825678928 0.3450488189223624 -0.09004135327024543 -0.35555149145021536 0.9206982220098022 -0.16092830986347995,54.789437241090695 100.06269815760488 750.9536259773251,0.69
3,41,11,0.0,-0.5203826622436845 0.07688988201755564 0.8504644794931189 0.7912427034030105 0.4179712154941113 0.4463575330717189 -0.321149294172774 0.9052005352747541 -0.2783435319719637,-13.590813148783655 116.04318783704862 738.8426490309698,0.69
3,46,11,0.0,-0.8530159165521031 0.013624373833973552 0.5217070275033754 0.47666202515955525 0.427382475064482 0.7682040964343716 -0.21250214088231448 0.9039682496887763 -0.37105827530866786,-61.60557095370534 103.03214637554244 743.0888677972166,0.69
3,55,11,0.0,-0.979977452795434 -0.08074825799619757 -0.1819997550634409 -0.1991068540797235 0.39371679997024467 0.8974093503411174 -0.0008078805905983311 0.9156783279360554 -0.4019111183796503,-119.69597461548679 39.723814946586764 773.6765519556102,0.69
3,69,11,0.0,-0.0924564979893977 -0.13739919029778008 -0.9861912889926836 -0.9654659514605322 0.25465007801732215 0.05503484656271257 0.2435719453261111 0.957222440329982 -0.15619829441696143,-80.35719488467583 -83.42384681017073 815.4096017377395,0.69
3,79,11,0.0,-0.6308563046490897 0.1269084397653618 -0.7654505671830261 0.743222337895592 -0.1844473547462382 -0.6431171975465481 -0.2228023324328211 -0.9746144987857696 0.022038589316417334,12.941753520785912 -109.5213211386041 847.1560048450244,0.69
3,88,11,0.0,0.991620465698908 0.08843177451540338 -0.09417363358784239 -0.1140379068989936 0.2566952950532479 -0.9597410490791889 -0.06069767538527987 0.9624382300976944 0.2646288824925207,88.33793239524591 -63.47418881764873 817.5937031083814,0.69
3,101,11,0.0,0.43243831529060484 0.24097535900035905 0.8688659159060571 0.7602965072577234 0.4205698543499216 -0.49504567331084953 -0.48471262054987807 0.8746724380971049 -0.0013422045060539067,97.69767946173535 50.406797168591 776.1591073682521,0.69
3,109,11,0.0,-0.2008218887717409 0.15945604395383656 0.9665631583278678 0.8440964718951933 0.5289002120394298 0.08812327637312034 -0.49716367035840175 0.8335696346144325 -0.24081102367733076,32.34449266199984 94.08348799920333 734.6321751930274,0.69
3,117,11,0.0,-0.7752726365081979 0.0462476176925945 0.6299313430361974 0.5478646553024202 0.5455364309892365 0.6342194588105019 -0.31431935758395135 0.8368101100735372 -0.4482769022900095,-47.47842559096595 92.21467784012405 724.9122906042236,0.69
3,144,11,0.0,-0.07351984444221693 0.11032890703624798 -0.9911722175007627 0.8800389472263876 -0.4603845296616986 -0.11652268540008776 -0.4691761756929517 -0.8808368845140191 -0.06324633619248632,-61.367226296421656 -100.54747241967608 867.2096427018392,0.69
3,154,11,0.0,0.7243611009769957 -0.4387750089142228 -0.5317682643254658 -0.5234689128236701 0.15190294183717007 -0.8383947719114296 0.44864383724575946 0.8856647152357019 -0.11965249469970728,29.614584876070833 -98.57642805416715 813.2597178350111,0.69
3,163,11,0.0,0.9865929601621474 0.12506000387084013 0.10485383345551468 0.07206499795309863 0.24261355296610526 -0.9674426597929113 -0.14642734385527603 0.9620284088055759 0.23034837447331913,104.83453799273849 -51.898948600117386 843.2798574825332,0.69
3,179,11,0.0,0.008776207660049357 0.15786028811072045 0.98742245650821 0.7294855315080064 0.6743789546898411 -0.11429735251491341 -0.6839399370555787 0.7213134928094977 -0.10923830642853088,55.99461015128627 66.93960679905527 730.0481909916911,0.69
3,190,11,0.0,-0.8141819250328891 0.045840819742115846 0.5787973844058988 0.4563325664918475 0.6668777392032725 0.589096485912194 -0.35898242534795843 0.7437558068348126 -0.5638784603891112,-51.5418981255423 72.13285538868416 715.0883851265115,0.69
3,203,11,0.0,-0.8724014427843056 -0.07561608464492711 -0.4829057158191784 -0.4038992394358062 0.667935690824294 0.6250818484856613 0.27528372093358366 0.7403675578157414 -0.6132493394394452,-124.84669761068237 -9.111947491966133 793.1253512815769,0.69
3,225,11,0.0,-0.8336444350168781 -0.051287697644164076 0.5499150189217885 -0.5243909083298173 -0.23901532633452116 -0.8172428335802225 0.17335262105436794 -0.9696603765481825 0.17235899432874824,14.626265223093963 -17.38924717585495 258.58318687114837,0.69
3,233,11,0.0,-0.9766983670181081 -0.00028869301442191464 0.21461644047114475 0.21403560007972755 -0.07484452039839817 0.9739543416735941 0.01578169074186707 0.9971951736860125 0.07316231143594898,137.01042718453698 -154.30054651322365 1305.5612960198184,0.69
3,238,11,0.0,0.8974932931359003 0.07715858695682858 0.43422614066279147 0.308473458189654 0.5938421136713814 -0.7430986944025819 -0.3151982144121261 0.8008733336109597 0.5091679380541118,115.94090113717971 -28.126549983491074 842.9242079129677,0.69
3,251,11,0.0,-0.04210612924885107 0.1546553989680993 0.9870708087314186 0.6168048242999141 0.7812285641115 -0.09609234796088567 -0.7859891109932955 0.6047839599280904 -0.12828670708092477,52.27715794544227 49.4416156829474 721.8528513786362,0.69
3,261,11,0.0,-0.784036923117962 0.03826129073551948 0.6195338383163351 0.4135843905245933 0.7764637253135589 0.47544929822914994 -0.4628542482273654 0.6289993298116004 -0.6246005027170871,-47.04899151394967 52.831666983816184 711.6592366941197,0.69
3,269,11,0.0,-0.9983816279496145 0.0352081669773901 -0.04465993675286508 0.0030492576925880456 0.8173196457832508 0.5761764474917958 0.05678756025928464 0.5751077999773905 -0.8161042772862817,-108.34592657484782 17.732680712779167 755.6834944490334,0.69
3,281,11,0.0,-0.462770818722222 -0.10794568608465369 -0.8798811841350386 -0.5547598710355336 0.8094422266096489 0.19247017241601658 0.691436660025922 0.5771923515059139 -0.43447017680765043,-106.55029954277376 -58.47435855909796 822.8649235839918,0.69
3,292,11,0.0,0.9423533672541202 0.24518959195054024 0.22771077098799847 0.06148966819700859 0.5420319521365675 -0.8381052341848506 -0.3289211941025432 0.803793149300334 0.4957090086008199,-75.42081964860628 -56.516305500318246 607.4186185633639,0.69
3,318,11,0.0,0.4331114800369844 0.10696901330412925 0.8949704330607317 0.44389177740279573 0.8388594464233277 -0.31507922670422867 -0.7844581160357508 0.5337344464610551 0.31583699094081974,92.35534170668697 9.176698836777156 751.5779424571489,0.69
3,323,11,0.0,-0.018586070484947315 0.16897915008612727 0.9854443692162936 0.5529698919485012 0.8228901100224215 -0.130675802755331 -0.8329939114917898 0.5424923166861052 -0.10873467595091812,57.090061344917466 28.033973558851 713.7715690901521,0.69
3,328,11,0.0,-0.4010689239588029 0.06818533829102408 0.9135066928472209 0.4439808314544435 0.8867396445199085 0.12873936514418577 -0.8012644629181735 0.457212819679026 -0.3859166982466623,8.198846185062978 35.047426175628544 693.9940722404295,0.69
3,335,11,0.0,-0.8731675066118169 0.04172227658156956 0.4856312974203309 0.24085424241737818 0.9031238662894557 0.355466617346743 -0.4237543383929581 0.4273482581867346 -0.7986274018075703,-60.847018049287534 27.56608630448568 715.7108646565591,0.69
3,354,11,0.0,-0.4335146916063136 -0.09990745580333354 -0.8955911525000613 -0.47299961938786567 0.8711523240480732 0.1317762814947217 0.7670308808779587 0.48074122829287996 -0.42491351967081037,-104.59130968808137 -63.342919711751435 850.9511401259899,0.69
3,391,11,0.0,0.3437823463070712 0.09517134053907651 0.9342141693999296 0.3326868351715631 0.9179803724650866 -0.21594329226070075 -0.8781418837927811 0.38503824707275036 0.28392319422690615,84.34102607103335 -2.0955045958239418 739.4487761991397,0.69
3,405,11,0.0,-0.7992443993845237 0.027142580859097515 0.6003929299690155 0.16248081198712874 0.9715386625437341 0.17237346930063047 -0.5786262833543557 0.235320860713706 -0.7809069834010228,-46.054716099239414 9.1321129344637 711.6438972189828,0.69
3,416,11,0.0,-0.977998392038455 -0.12594824176336475 -0.16630148997201935 -0.16433525034170013 0.9561912281360049 0.24226485657414293 0.12850319321062562 0.26426383716368823 -0.9558512194385673,-115.83444856933232 -23.07612558437099 744.2613850082344,0.69
3,432,11,0.0,-0.9974426761110946 0.047244424688200184 0.05362902393498345 0.05831072678226509 0.9718213430554676 0.2283925049645706 -0.04132755756710138 0.23093557871785014 -0.9720909378591026,51.06652094129652 -14.290337073784803 420.5041278973878,0.69
3,441,11,0.0,-0.9951759486319122 0.011568496836054456 0.09742176936151356 0.02678296904480248 0.9873387662061954 0.15634843560321815 -0.09437957318042339 0.15820344695164734 -0.9828856319729669,31.229933251090877 -15.231912588206244 497.71805723637976,0.69
3,454,11,0.0,0.6343057024449967 0.33383093721521134 0.6972898831933335 0.3607509407200528 0.6699220688925243 -0.6488938128695301 -0.6837507108700919 0.6631450271009904 0.3045055638504338,99.36204036220906 -44.21605090547621 667.0255022166074,0.69
3,459,11,0.0,0.653035955778285 0.03278192060395886 0.7566170670439951 0.2137865363901108 0.9504499909395223 -0.2256992059830555 -0.7265255379675661 0.3091442388345247 0.6136696849905173,106.91121510396215 -26.663817322487755 801.4533578702091,0.69
3,466,11,0.0,-0.2509183037915968 0.2229455918066913 0.9419847493013422 0.41814491434000556 0.9026078916662157 -0.10224394609686735 -0.8730377056198304 0.36823125477861585 -0.31970440655428684,68.05652697564443 -18.619596372201116 709.4620714519903,0.69
3,476,11,0.0,-0.7140318421469282 -0.001971249766893411 0.7001104502681136 0.04990279974725997 0.9973092212078952 0.05370314582113933 -0.6983324702300825 0.0732832277404469 -0.7120121695268226,-35.39290418310476 -13.179110839673518 714.1432956431728,0.69
3,493,11,0.0,0.48026144099416007 -0.16644114973422727 -0.8611888828644744 -0.059326405010876604 0.9734185585052432 -0.2212163819116022 0.8751167499040903 0.15733293880406268 0.4576210445385775,-70.28514648571189 -25.080651764077658 636.2463602252703,0.69
6,2,11,310.1567114110523,0.8717318032661144 -0.48600447417859444 -0.06231624389191141 0.48090781086733164 0.824273194585818 0.29883336181571324 -0.09386874144889258 -0.2904709138032208 0.9522685060491725,-102.38832041013782 40.50345549642525 759.3969351548911,0.69
6,2,11,300.83048976223233,-0.9759824928657596 0.2174808764809215 0.012658672309048161 0.2049216287816901 0.9362346052051085 -0.28543281183825847 -0.07392766516668094 -0.2759833914958029 -0.9583151193326115,-32.354562260315525 86.21186203963896 729.8802986779949,0.69
6,11,11,287.1275453633529,0.23674869316415298 -0.9707185750828681 -0.040687888543792905 0.927753872860153 0.21343843481458089 0.3061319747051739 -0.2884836350264137 -0.1102246911222176 0.9511191880037742,-99.6803327236442 -30.958684653515284 774.1550952238591,0.69
6,11,11,261.67820613384555,-0.812922914197626 -0.5819645459485746 0.021762417864490277 -0.5559145916136813 0.7643151423189858 -0.32677412696372293 0.1735376109188817 -0.27774022121539915 -0.944851875753966,-84.95629697289367 46.848448007339556 743.9060601140825,0.69
6,23,11,308.56404979452583,-0.7410731564778373 -0.6712134115927316 0.016826551816131755 0.6452742839892028 -0.7050608817645618 0.2941262508304898 -0.18555774079837367 0.22882681028110485 0.9556184467277606,-19.630987146756045 -88.58913257036544 803.3588693307605,0.69
6,23,11,228.3101461358432,0.07071703126246431 -0.9974963839445063 0.0002559434671181443 -0.9666567058980031 -0.06859397127171707 -0.24671781461336936 0.24611768411035762 0.01719974194019988 -0.9690873306598042,-84.64646617722315 -37.54481449613575 775.6856627322657,0.69
6,32,11,305.1907220678464,-0.9983811133299041 0.04674814858410716 0.032400048612608846 -0.03503743460093472 -0.9542001928353214 0.2971100304089726 0.0448054764814124 0.2954938283568604 0.9542933860612685,54.8754202888956 -67.87991649898333 793.9644592631514,0.69
6,32,11,286.62859226657355,0.7750511677283041 -0.6318914059977855 0.0029897205779126634 -0.5930745069998175 -0.729056584534638 -0.34167107822233295 0.21807869347993525 0.26303944109739513 -0.9398148412731384,-31.301258818535725 -76.9860531995531 800.521083627912,0.69
6,39,11,312.5599184695567,-0.8114381666816849 0.5821505804691829 0.051660461783257255 -0.5465196089265116 -0.7871420913308791 0.28587347745823244 0.20708553477024602 0.2037351950808773 0.956873843081875,87.13462676765631 -20.620757926913353 772.2142007474923,0.69
6,39,11,238.49755899032948,0.9949180170668576 -0.0973397131362669 -0.025751107982026074 -0.10067742106744919 -0.9579614080254292 -0.26865218707679395 0.0014819591628092588 0.26987945638837796 -0.9628929757852392,22.418465063482795 -74.2026280054912 788.1536230915781,0.69
6,45,11,324.41813220540973,-0.4189302135019875 0.9059690681269887 0.060971500000367815 -0.8532847717264982 -0.4157498900574286 0.31473342252912095 0.3104876399389149 0.07982528743669987 0.9472197996931921,87.77864472933894 28.722073153400892 753.3985832176737,0.69
6,45,11,257.5525058573483,0.896589986450752 0.44139118467435823 -0.03605853973759123 0.41688470073966144 -0.8686723179792585 -0.2676108186634934 -0.14944411157835474 0.22490492673196122 -0.9628521337392609,60.71052404736213 -49.54554474618499 782.8431405908826,0.69
6,58,11,293.2565168144339,0.6608257574020241 0.7502162290582323 0.022021081074436177 -0.7220704102905283 0.6274818024843989 0.29134328571943735 0.20475263352862916 -0.20842791849600067 0.956365077705431,11.57685119801873 98.64246911851394 743.031534182536,0.69
6,58,11,255.90975715494625,-0.11469584494634999 0.9907472302166832 -0.0725588655507636 0.9606339550508715 0.09201165996165372 -0.2621378622679708 -0.25303609931265425 -0.0997686335932893 -0.9622987853029663,72.32808113609157 41.003580463723 745.9514488657578,0.69
6,65,11,310.80110725429194,0.964675586242668 0.26251155848229885 0.02210644635755493 -0.2567047329975583 0.9178395453108003 0.30277590577903607 0.05919200422368859 -0.2977553538172874 0.9528053609783715,-47.78747174526304 92.1765282798706 744.017120634616,0.69
6,65,11,233.92250358296766,-0.5767132090341291 0.8167613396155801 -0.01740082282307924 0.7844208889766314 0.5476760700652741 -0.29109241009509024 -0.22822301256154753 -0.18152640685922286 -0.9565366799815425,35.68411297629193 80.16555916432006 751.9683855788511,0.69
6,72,11,378.6286092040831,0.9495241281489826 -0.3136000026871119 -0.007679087026334436 0.2790178327645771 0.8331217754768675 0.4775533019733301 -0.14336310216465434 -0.45559098492059247 0.8785692206063285,-89.87777305659039 44.23453659293431 736.981740518953,0.69
6,72,11,334.8673450596967,-0.9347606116304922 0.3552769485336514 0.0009427538413792347 0.3158858464183641 0.832328235726667 -0.4554622268033743 -0.16259991075256433 -0.42545034710615987 -0.8902546103056733,-13.626782261891414 73.69250708426246 728.4465893032805,0.69
6,80,11,333.4901043450394,-0.9779894028867278 -0.20604753525643393 0.032880709481555706 -0.19840120567476793 0.8695200070219139 -0.4522962734485111 0.06460409761044793 -0.44886453480238386 -0.891261431886615,-69.72083646882562 51.761011608671424 735.5537366066992,0.69
6,80,11,308.81313172019674,0.5068731306971168 -0.8619354881449177 -0.012117906324370153 0.7821474198223688 0.4539520479974472 0.42681723463812327 -0.36238797309308557 -0.22582017712176672 0.9042567138607152,-104.3350719658413 -14.388611558607096 756.388328691031,0.69
6,87,11,310.1129052846146,-0.5917613630866358 -0.8059940087133001 0.013861712596640013 -0.7220785338087937 0.5223494082247983 -0.4536008010792602 0.3583588706455999 -0.2784326734517137 -0.8910971698889755,-94.47926430604325 10.267922422494182 750.9305564839444,0.69
6,87,11,271.67485410283217,-0.06392854822583949 -0.9978720345400486 0.012827447315842316 0.8742427971016832 -0.04980031258508297 0.48292800765978894 -0.48126154265384813 0.04208718984836379 0.8755661003105968,-83.8861055277695 -62.635931495137285 806.177181777997,0.69
6,96,11,291.4247450228423,0.07617352021717483 -0.9970896490499962 -0.0031347368436634437 -0.8859348330549747 -0.0662385341902274 -0.4590554739551464 0.45751182104682026 0.037745043988389404 -0.8884020740952471,-82.98817909331882 -48.488695426739575 792.4389041371699,0.69
6,96,11,281.72362867644216,-0.7526794589027648 -0.6583835109028713 -0.002187399609109991 0.5846722553028187 -0.669931173450809 0.45754844193586486 -0.3027077567968103 0.34310840183538294 0.8891820053088185,-15.871374044687684 -93.48844757192377 828.1303426728116,0.69
6,105,11,280.04232539569176,0.8244145589061608 -0.5656106849189723 -0.020620091392896056 -0.5145104841452743 -0.7337565655103406 -0.443711915858775 0.23583807319463038 0.3764118165997982 -0.8959322226351079,-26.891251157920294 -81.08370994860411 790.0654076622925,0.69
6,105,11,252.00896257691184,-0.9953273309469992 0.08955508978274808 0.03610249525900486 -0.0749644874519818 -0.9523508255932502 0.29564882988592434 0.060859098670488054 0.29156095569513163 0.9546142567671813,60.018275358568296 -76.60680553792606 828.8846085920222,0.69
6,119,11,343.8781252205468,-0.2659052976028603 0.9633499101372058 0.03537404903840757 -0.8450608438241609 -0.25059796391880973 0.472305865636818 0.46386047788309287 0.09569540803186063 0.8807246141329785,84.30878252672956 27.616988409708963 754.7515383858876,0.69
6,119,11,298.79294893660045,0.8026200615220347 0.5961480931361466 -0.02021108340744235 0.5189971900247107 -0.7146474131370386 -0.46895734522767984 -0.2940118255934965 0.36590507778203263 -0.882989535874862,66.5353791646635 -46.664819933862006 784.1594554182071,0.69
6,128,11,330.94042888968363,0.47102540400981535 0.8794975206512514 0.06796454918331987 -0.8070415729248954 0.3985507611351631 0.4357076891328555 0.35611650951381224 -0.2600796069800242 0.8975185957320412,33.35950889955006 76.60855571327036 743.040888338791,0.69
6,128,11,268.48830124653705,0.05443324151582618 0.9964508856765216 -0.06420790179219005 0.8847356551279083 -0.07794112131667763 -0.45953019721590666 -0.46290370787397117 -0.03179330184763307 -0.8858382150224466,79.81740380143715 13.271694280525429 764.0654887089893,0.69
6,134,11,361.13603523781364,0.8450154722186359 0.5341114612125573 0.025957633029664084 -0.48635582528633026 0.7474707145414476 0.4524881679259142 0.22227654604381528 -0.3949841489278838 0.8913925393307637,-19.557171164510823 83.0169890227854 735.9266141030938,0.69
6,134,11,275.04921039160655,-0.3038831286124817 0.9524575966837643 -0.021899101901162538 0.8492770800484672 0.26040385483726236 -0.45925839533996893 -0.4317215369298122 -0.15815928333576082 -0.888032744692266,56.43570743265675 49.58235366684706 746.4301515940214,0.69
6,139,11,370.2809627626932,0.993620638750833 0.10543037416862251 0.04003076880414724 -0.11186858744445598 0.8765613788347446 0.4681085005407545 0.014263428464746385 -0.46960045287243457 0.8827638241740741,-58.80362827093674 69.84954058063346 730.3047248306623,0.69
6,139,11,262.81801140872875,-0.7025373637212045 0.711629161627086 -0.005018854210946 0.6253516126777825 0.6139652365992643 -0.48164514818370885 -0.3396713309906456 -0.3415122612287015 -0.8763519625889489,24.60184121438097 70.32507746719817 747.2563807014698,0.69
6,145,11,396.9477863941476,-0.9490207417522578 0.31515559520290015 0.006048349882409612 0.2490445330507095 0.7614282487429818 -0.598501330469491 -0.193226427492588 -0.5664838681096775 -0.8010989794588114,-17.161049160555216 55.557832303220316 721.1338381590916,0.69
6,145,11,390.6061070825024,0.9314876004503905 -0.3636919091561693 -0.007684101867786272 0.2837393893195412 0.7131701624616287 0.6409994370691976 -0.22764623685830537 -0.5992633098970728 0.7675028835486271,-92.09865403229495 26.79673906417992 733.7461010094489,0.69
6,156,11,352.77460238598053,-0.8510251995728357 -0.524619418823869 0.02303421552649476 -0.426046623201979 0.6641500929165263 -0.614319891373509 0.3069859680021319 -0.5326153579008729 -0.7887207972266985,-86.52729701776992 19.328826732608174 747.9744379226771,0.69
6,156,11,293.69393601766603,0.2268572943181928 -0.9738367286058068 -0.013333942889076744 0.7778404695323796 0.17292671236526924 0.6042024131929522 -0.5860887065728843 -0.14743940507503323 0.7967193043091426,-98.04808204821347 -46.006140535825864 787.3080981108915,0.69
6,170,11,297.5618353256333,0.21278724874971544 -0.9770864244520252 -0.004868872670672375 -0.7510710009909187 -0.16037483836528044 -0.6404469241785842 0.62499115052937 0.1399358080366379 -0.7679869994922489,-75.68353382379374 -60.937088287602656 807.5806256979284,0.69
6,170,11,176.00791716018622,-0.8554271514774692 -0.5150548766268689 -0.05443218329282712 0.39815372361081214 -0.7211829267054934 0.566893992386005 -0.3312370765629779 0.463264136634145 0.8219904736787598,-2.849359898567739 -95.90703740334109 854.4758585162189,0.69
6,177,11,214.12906671042455,0.6700603402561977 -0.7418736987778762 0.025348678020388732 -0.5499666266430769 -0.5190857204113446 -0.6542833670848357 0.4985537583797588 0.424468408632101 -0.7558245299530499,-30.888162577931165 -81.63526020339461 817.0567191042074,0.69
6,177,11,49.95155267135379,-0.6079994545916108 -0.44334518105139087 -0.6586210698533816 0.20797830649419588 -0.8895326512033881 0.406788257538093 -0.7662125600928962 0.11034814398793036 0.6330415467205198,16.767261332718896 -50.89784299540718 563.4729903111231,0.69
6,194,11,370.6660606177299,-0.03566617949809239 0.9992701197242507 0.013680331366291876 -0.7878764754499074 -0.03653717447927696 0.6147484805298036 0.6147996283933826 0.011147318392894678 0.7886045613740807,73.38930305863168 29.356795685468686 737.2031992483319,0.69
6,194,11,246.90316431639556,0.7111066808152996 0.7030050751597663 0.010542902800417087 0.5574271458159248 -0.5545855849446322 -0.6178266796433542 -0.42848834944180136 0.44521757969697423 -0.786243627078407,77.49398729439775 -39.650050247331 816.6424561327725,0.69
6,206,11,414.9594879143808,0.8195711083048566 0.5725518756474466 0.02208049194514672 -0.4658804808654164 0.6434538590927423 0.6073899149370736 0.3335544572937937 -0.50808609596332 0.7940969355867045,-14.011737935700467 63.99002588076623 716.0383763088173,0.69
6,206,11,307.3098506316803,-0.2839878849346954 0.9588238665605795 -0.002770220954882441 0.7609001278623793 0.22360625262287082 -0.6091233366133436 -0.5834225540972287 -0.17509150950796518 -0.7930706694039874,60.05834990747161 31.800233474745205 741.2133048718134,0.69
6,214,11,415.102967574983,0.995402086057728 -0.09486952319520298 0.013208354955797221 0.06624401163818894 0.7814378907153282 0.6204567300597668 -0.06918394318050236 -0.6167289489906354 0.7841294443412411,-74.92907227273489 42.53971143855022 721.9760593960987,0.69
6,214,11,351.85720843422007,-0.8244650853416357 0.5657959819354406 0.011499125111074815 0.4415129237167523 0.6558080677845364 -0.612357833639611 -0.3540108208002896 -0.4997906412233256 -0.7904970927852184,6.122798056055832 55.5962904864453 724.1506915458897,0.69
6,231,11,368.1367417365034,-0.6200929147236591 -0.7844789444940428 -0.008806971955736875 -0.5069210358128851 0.40921391263956164 -0.7586666179242452 0.5987619231045912 -0.46597935506600874 -0.6514195269504577,-92.82625046048645 -11.719264198379332 740.774320412156,0.69
6,231,11,213.80011111977643,-0.12723159437906484 -0.9912180057919466 0.03604145371093587 0.6928879194129558 -0.06282021832812551 0.7183035231020323 -0.7097312537315419 0.11636359036675975 0.6947956982549697,-82.90880132021947 -69.9697275593148 838.4996245927977,0.69
6,248,11,187.3533525150776,0.701073168863971 -0.7118194884463505 0.04253736906540018 -0.4151818154842908 -0.45595746569346773 -0.7872273175961048 0.5797589774985796 0.5342432080488867 -0.6151940528511597,-34.53575837022238 -80.61151209059977 836.8416643546541,0.69
6,248,11,136.88718840782977,-0.9750904854961722 0.20307533989808338 0.08921295544996333 0.0955041386996208 0.7474061611642251 -0.6574671016446381 -0.20019366769726465 -0.632569708869335 -0.7481831719805533,-81.42589954279559 -30.907875160118735 654.1113987059944,0.69
6,259,11,374.3339758854984,-0.5797731683859924 0.8143010940651388 0.027871157564511362 -0.5331933965176844 -0.40504897659127437 0.7427247999577614 0.6160908010428359 0.4157511933436623 0.6690164946424848,89.37318628123518 -20.570471193820797 766.6671320191458,0.69
6,259,11,60.097521403622686,0.9863655726948277 0.0222301083974797 0.16306066135963082 0.1637936746614222 -0.03654455857765428 -0.9858174919219441 -0.015955849814788328 0.9990847399089832 -0.0396874455928726,52.120599187865125 -69.81131135400571 968.054663337532,0.69
6,273,11,427.1388937720248,0.5254530314308403 0.8507874966119857 -0.0077296422200758275 -0.5773780534749089 0.3632366214924948 0.7312275570383292 0.6249269518317042 -0.379762810732473 0.6820898126045472,23.566190585960577 39.79747100285895 703.5098120007368,0.69
6,273,11,294.4079550135157,-0.0015102696232568436 0.9995763181213763 -0.029067220998538534 0.6683053912343612 -0.02061383727113897 -0.7436013540601214 -0.7438854906050743 -0.020548819038373523 -0.6679911098984597,76.40088856409332 -4.236358930513058 740.4286292347842,0.69
6,282,11,448.6563494453507,0.9845382793072937 0.17425499834316527 0.01787658051913022 -0.12925954927747801 0.6538331630076427 0.7455160386416945 0.11822159489372791 -0.736299796620809 0.666247899806775,-49.80053682209787 36.4835644570535 705.1957502245776,0.69
6,282,11,384.83515748148795,-0.6039388519080116 0.7968017393961494 0.019101079846529534 0.5323256319246498 0.42108296814805923 -0.7343831122320573 -0.5932008806062707 -0.43335449926231406 -0.6784663537840723,31.756945144271935 29.979227939526375 715.1819501201726,0.69
6,289,11,450.13783774785634,-0.9406981236212413 0.33867098332182743 0.01972321655567899 0.16514969556362025 0.5079563358750524 -0.8454028264085909 -0.29633193933614255 -0.7920115692969498 -0.5337649818310148,-16.127195264514828 15.881564008669805 700.2268661824738,0.69
6,289,11,432.1857265159833,0.9161571740459538 -0.40069686260579823 0.00990236042577547 0.2178335462067918 0.5184910581321099 0.8268709505019622 -0.3364588809811764 -0.7553866870252051 0.5623045211217669,-88.70713410347606 -3.960842408946172 718.8453911532988,0.69
6,298,11,424.5384058070673,-0.9235022958339062 -0.38333699743187155 0.014009139496122563 -0.21654958369439425 0.49085190657746014 -0.8439020580677933 0.3166224682351034 -0.7823791614103676 -0.5363143298472651,-74.66165430399805 -2.593489478430285 714.939661654492,0.69
6,298,11,197.44409022948366,0.38457871056768506 -0.9219176724006987 -0.04655126951410593 0.5062663071372525 0.1684837053559387 0.8457586341782993 -0.7718767010576922 -0.3488281042932341 0.5315311016483258,-110.92959521108627 -48.77198183766006 843.7849726581353,0.69
6,315,11,119.26815283399546,-0.3705731410398407 0.9285123726247396 0.023244806358478032 0.5511608104321323 0.23997673370447448 -0.7991451234440003 -0.7475943473459797 -0.2833300922304376 -0.6006885637774622,-71.59789421364117 -69.33602164907568 856.9650917928608,0.69
6,315,11,96.40617031267436,0.2903744582906601 -0.9567878511504274 0.015481662163764731 -0.5242041024765091 -0.17258368378430677 -0.8339214177836157 0.8005577636368302 0.234033929126496 -0.5516660104614124,-72.62744770863401 -69.4818936098283 864.2642237744062,0.69
6,321,11,193.74061744207984,0.9290816133180261 -0.3330921898480556 0.1608009603721327 -0.06759634199938264 -0.5803312444327965 -0.8115703181384741 0.3636455559231761 0.7431455037859735 -0.561690902418773,-91.3009403779222 -39.45290057451755 719.6016573523947,0.69
6,321,11,77.62689398614975,-0.9517902408707863 0.2896384379447242 0.10101936768793676 0.09267694481515593 0.5854515626242791 -0.8053927313556523 -0.29241463931010525 -0.7572027754081 -0.5840698893380925,-93.02747618512517 -41.2868478158885 744.5568816723062,0.69
6,329,11,352.2716142176078,-0.7661210474581605 0.6426164370464607 0.010131904032470107 -0.3536678786644317 -0.43469772543952595 0.8282251620777425 0.5366354183639128 0.6309373996962095 0.5603038688265263,87.28887257005978 -39.73485092385813 794.08900881771,0.69
6,329,11,12.77604936373014,0.9050364230367404 0.32306495402847574 -0.27665521584716446 -0.2664024023879576 0.937613853737457 0.22340550861945924 0.3315702534588817 -0.1284885082728155 0.9346399682567826,78.97253111513125 -72.38962935346888 920.6274730967955,0.69
6,354,11,460.01816447035765,0.973221590160412 0.22927646781519237 -0.016493566983162164 -0.11425443873415778 0.5447459846849739 0.8307814004894071 0.19946342941798023 -0.8066499324216093 0.5563544075937848,-45.34911407061684 17.400088486347233 692.847628187825,0.69
6,354,11,396.3978448442544,-0.5598491642288934 0.8279868264549454 0.03172898563266041 0.44287897504497564 0.33138044618121976 -0.833093760240615 -0.7003050240968725 -0.452354744758805 -0.5522210228874622,35.30161725742925 9.874649693914927 711.158719528381,0.69
6,361,11,422.8932776480681,0.905925899578142 -0.42341095583138677 0.004628925953763852 0.16562768730043656 0.3643938499893735 0.9163976163704435 -0.38969954281862174 -0.8294216566812522 0.40024240374438563,-91.79394515597606 -20.117091417918164 733.846368835376,0.69
6,361,11,418.9368072868817,-0.9495642473958738 0.3132313020938063 0.01462502841455049 0.10957055254604374 0.375141825147443 -0.9204688506624218 -0.2938061164820474 -0.8724418389862235 -0.39054219170798143,-19.5370037130264 -4.63236691162458 704.2433111310028,0.69
6,367,11,392.4977225167781,-0.9883010169784072 -0.15227905411134318 0.008496441513982461 -0.06861771690445911 0.3941994075083931 -0.9164597296372884 0.13620832854956197 -0.90632108923879 -0.4000367163583213,-61.62823696697804 -12.533188615583638 714.4250622503399,0.69
6,367,11,230.47308176623733,0.5492516407602697 -0.8351595645043658 -0.02882944569411644 0.3003514487971922 0.16510048298446403 0.939431124523626 -0.7798151334307251 -0.5246430523081145 0.34152309634524824,-109.53993774020836 -40.72117697733341 810.8966445563295,0.69
6,374,11,394.49136683374695,-0.6892446799986397 -0.7237699555905175 0.033148491339320074 -0.27197715104223286 0.21605521709865305 -0.9377358756469776 0.6715431485798387 -0.6553450957693616 -0.34576379950267044,-90.34621435438794 -28.52950231663621 743.7217272436842,0.69
6,374,11,179.19184691955044,0.0041899062677953625 -0.9999890906033271 0.002064790497283253 -0.37770209665539056 -0.003494406513069981 -0.9259205772123456 0.925917691194843 0.003099644729964879 -0.3777126173891456,-18.537330124413298 -3.868581294529244 629.0271858713113,0.69
6,388,11,29.118043421796436,-0.5455346502137138 0.8246391122225042 -0.14954022873153888 -0.36577536535107436 -0.39481200031464747 -0.8428118808546986 -0.7540559180316064 -0.4050849528190684 0.5170162990477999,-37.25133318052332 -31.951882814597493 684.3575198910912,0.69
6,388,11,26.540798593321284,-0.4074978370879534 0.911580625013299 0.05446353705923718 0.7887250030315525 0.38138454999431326 -0.48213970446180043 -0.46028076470945106 -0.1535141333102528 -0.8743998104485641,-45.05213963333257 -61.27165321404776 614.3966663739961,0.69
6,402,11,344.2175572942041,-0.6685361378279018 0.7435410707295629 -0.01435648134077594 -0.2877535138482026 -0.24082888696952698 0.926930074206804 0.6857531244450623 0.6238173797990515 0.37495936976488664,90.83648551331638 -38.41067608441527 806.9423501273653,0.69
6,402,11,42.55947086131777,-0.5925288553457158 0.8017136321595355 -0.0785162887066172 -0.33702589898963287 -0.15819340362297996 0.9281101176371297 0.7316577745045327 0.5763940484249833 0.36393241398277854,86.31181089611641 -38.27743035765061 809.5523187670443,0.69
6,409,11,345.7269043423532,-0.08975632034358946 0.9957311621780055 -0.021523373945950885 -0.4878356182315585 -0.025112791375400567 0.8725742130581035 0.8683088232553047 0.08881891902615058 0.48800715884094775,69.80315108397221 -17.889915128403256 682.117608456594,0.69
6,409,11,52.83040441085426,-0.3879521898278628 0.9065133487834679 0.16651320333579644 -0.5904649927739193 -0.10572778630789131 -0.8001079474114277 -0.7077034624164708 -0.40872384770137304 0.5762817241626905,86.82822386956813 -73.16358618576646 823.1856083933583,0.69
6,426,11,430.6975916641116,0.9907517602956264 0.1352900676998244 0.010370489520482515 -0.07167000881999822 0.4568877566832153 0.8866323858447313 0.11521440581307048 -0.8791758500861792 0.46235858953672,-49.403986449918634 -4.375375670300815 708.8591438751724,0.69
6,426,11,348.97438537287894,-0.6210159287595769 0.7837651743122723 0.007167130676455302 0.32165766937890716 0.2631826056905835 -0.909544534254175 -0.7147555945612525 -0.5625362811385306 -0.4155446696159419,32.994781449302764 -8.322385289167114 704.9061935595881,0.69
6,434,11,395.95035277257244,-0.9799682374261425 0.19914986581791633 0.0012588012573821056 0.047308014450951896 0.23892180250926176 -0.9698857273176228 -0.19345336751943137 -0.9503976553161478 -0.2435571624176971,-26.004300420262236 -24.359215342902775 702.9151040538366,0.69
6,434,11,350.6952809782873,0.8602928948498793 -0.5097974799163314 0.0016323424187213165 0.11421004299532994 0.19585017432651336 0.9739603561209661 -0.4968422296361483 -0.8377047443385001 0.22671250552836478,-94.6167390249325 -35.11969024209185 748.4458695121402,0.69
6,442,11,396.36295069856124,-0.8846679995175704 -0.4658946165806248 0.017456714203211987 -0.1281822982892401 0.20705884452186296 -0.9698948052807367 0.44825420135774335 -0.8602725388773388 -0.24289777647946575,-74.59652026353486 -32.38613200962974 713.8942865239516,0.69
6,442,11,158.2415734534549,-0.37389993239737995 -0.9273634469633845 -0.01399563465603687 -0.256449884617791 0.11787526045019014 -0.9593429416289683 0.8913093162492787 -0.3551090821282816 -0.28189580088616606,9.04984190425891 -23.082222808415015 637.1851414979593,0.69
6,462,11,79.09874266797102,0.9898987897660354 -0.10851489791733973 0.09124090612070959 0.07174964554680616 -0.17162210928687247 -0.9825466095650794 0.12227990179766454 0.9791682023707236 -0.1621026128180523,-87.82370155231197 -41.936316198861405 743.6279016912436,0.69
6,462,11,55.37975431244907,-0.9825552509076106 0.1572591913381405 0.0992709708502763 -0.012795687754587864 0.47536619843748473 -0.8796949742711853 -0.18553018430640705 -0.8656191565132834 -0.4650613148698378,-80.05405836719709 -45.17669845259269 677.3132596546815,0.69
6,475,11,342.82175472464144,-0.6686169958839681 0.7431966780851045 -0.024698390602698628 -0.19312229650734886 -0.1414762178080401 0.9709213451080675 0.7180912834778218 0.653944322919006 0.23812125296826536,88.01447695765543 -40.18795454355946 792.5695577286947,0.69
6,475,11,21.21595301732463,-0.6000122776281349 0.21634496590851415 -0.7701818761964876 -0.7682439822549882 0.11269676216703794 0.6301592049046519 0.22312877542911203 0.9697908514329828 0.09858627720121571,91.97096807871264 -72.52459497858223 1231.1107494130865,0.69
6,485,11,341.7429446203041,0.2916435114755127 0.956526134626186 -0.0013475872215037432 -0.39725884071484224 0.12240502232949152 0.9095066926539992 0.8701318725849156 -0.2647163846187157 0.41568709388945924,50.16224152746921 -26.252735253041383 638.7986971258055,0.69
6,485,11,257.1272354496994,0.546177112301475 0.8325529285257061 0.09244556885699057 -0.27108128038123214 0.07124882637112098 0.9599159047372898 0.792594159343162 -0.549344360072995 0.26460399209214086,55.23127091994637 -21.09975291498918 621.1658372382593,0.69
6,496,11,288.6426023505181,0.9081169384770928 0.41700934755189933 -0.037773404735759464 -0.06269574743148112 0.22461606633878448 0.9724283346326859 0.4139962189501254 -0.8807104102920722 0.23012236722702512,-33.845801026587125 -21.987961856504292 698.2025581804917,0.69
6,496,11,275.97049334276886,-0.4032559649099356 0.9137049982964724 0.05027725979605174 0.22457418643674026 0.15207709079025677 -0.9625170093266133 -0.8871026217697886 -0.3768497506232618 -0.26652055062293467,44.06778486018081 -26.546462255313315 680.2367639704012,0.69
6,501,11,409.4649147865463,0.9959510280204724 -0.08968169549212601 -0.006224409901518513 0.03055046324576417 0.27253038067317426 0.9616620304481216 -0.08454714058106134 -0.9579584464389843 0.27416673014020854,-69.52022101739179 -27.124498729897706 719.2494737003725,0.69
6,501,11,374.3238796746236,-0.7517867514524813 0.6593131836043127 0.0110817988643932 0.13895570437475985 0.17482886614848858 -0.9747441611945918 -0.6445990944472691 -0.7312598672748148 -0.2230493531731954,11.130984389158245 -24.036483554676273 713.5179926784132,0.69
16,8,11,0.0,0.8215960730791215 -0.5685360668571531 -0.041792743192641334 -0.5598776049834404 -0.7909340797080671 -0.2469014965413533 0.10731710086921858 0.2262521209601181 -0.9681389454112844,55.64215222295166 125.18194207284633 704.4333104376619,0.69
16,14,11,0.0,0.9964798011654797 -0.07996463523814426 -0.02517266335605069 -0.08373645217665632 -0.9638211487373113 -0.2530553295695554 -0.004026468188508516 0.2542723940146085 -0.9671242615072826,-12.132194386304036 140.7753021504684 703.8110248152587,0.69
16,20,11,0.0,0.8600536527371618 0.5099054628832778 0.017439419005684985 0.49649866923228597 -0.8285928227776376 -0.2586948114902111 -0.11745972017689585 0.2311500658948144 -0.965801667617523,-81.46365074510958 125.7581838522058 736.0628374012783,0.69
16,31,11,0.0,0.30444720029649686 0.9453975102086709 0.1163419525488155 0.9116614826767242 -0.25381060834551517 -0.3231926918959592 -0.276016744483558 0.20445958716217127 -0.9391544249920631,-141.0526408801823 21.702505121344295 731.6849003282648,0.69
16,35,11,0.0,-0.034147547637251696 0.9948112502703547 0.09583590833239522 0.9662721684874714 0.057353512952747154 -0.25105511538006664 -0.2552489792278926 0.08403065445129355 -0.963216905850186,-138.15276893917343 -23.02743941587896 759.8687964084794,0.69
16,48,11,0.0,-0.9607590049072003 0.2745456255981291 0.03958325346226753 0.2616085846873518 0.9442826756441447 -0.19972775694984313 -0.09221216247115611 -0.18153492210389394 -0.9790515763478073,-28.13352819754362 -114.91718325154152 806.3376159154672,0.69
16,55,11,0.0,-0.9267394929490768 -0.37529171096628894 -0.01760806316672639 -0.36360823388290514 0.9077129589757531 -0.20939492916505215 0.09456724835291848 -0.18765211373037627 -0.9776726035598416,53.44970335596904 -101.08636758799328 793.996973339224,0.69
16,61,11,0.0,0.5603057043070405 0.8256311882077217 -0.06626204629874588 0.797336183048217 -0.5593048139818038 -0.22678874808702548 -0.22430454503440628 0.07423790214900648 -0.9716872979315014,105.72223750942072 -56.461233241866246 772.1353726948522,0.69
16,68,11,0.0,0.006510202846643276 -0.9861856987271531 -0.1655155125205248 -0.9680418142652012 0.03528186288156232 -0.24829465557225305 0.2507043340132609 0.16184238560291636 -0.9544393009140624,131.7418820627086 18.94866905793513 759.4958711149558,0.69
16,73,11,0.0,0.4185319976224914 -0.9045356113767078 -0.08152481044130881 -0.8488562376541244 -0.35768777201903257 -0.38923327908048266 0.3229149342501995 0.23210942570138238 -0.9175244736456699,111.25747528645425 62.77096484385619 723.6934573343652,0.69
16,86,11,0.0,0.9999283377922948 -0.006364069354287345 -0.010139916231969508 -0.010194200176518103 -0.8967226495488904 -0.44247549996443764 -0.006276747780388849 0.4425471595290967 -0.8967232650210597,-17.880789905078935 123.99975847544619 701.6022081983381,0.69
