scene_id,im_id,obj_id,score,R,t,time
7,3,15,0.0,0.7959942933009478 0.6010704741440263 0.07146586698977664 0.5926905155336368 -0.749978415609445 -0.29368406309573303 -0.12292696135834835 0.276127979806868 -0.9532273081164749,-115.62404802575598 6.261960033223473 729.6740540784042,0.69
7,13,15,0.0,0.12083322009951791 0.9917334853362025 0.04317437878289923 0.9420125671831501 -0.10084129211929616 -0.3200677382566412 -0.3130681334620188 0.07934562285733632 -0.9464103845288201,-71.18427539614284 -69.1710739549557 763.3150952634699,0.69
7,21,15,0.0,0.5216106630399511 -0.8525342925874015 -0.03328056738581722 -0.8176080877790446 -0.4883338081687755 -0.3050362381712635 0.24380182731332653 0.18632061550424478 -0.9517590541921849,2.0802255843883106 -89.68461191006438 792.1395487903121,0.69
7,30,15,0.0,-0.997398626785187 0.02019972767742031 -0.06919501635798167 0.038345427216963324 0.9615243648837688 -0.2720303732056658 0.06103775469798884 -0.27397603314272456 -0.959797648343027,75.71219164903957 -51.82297787248786 755.10549305064,0.69
7,39,15,0.0,-0.7762116277494591 -0.6274154045837219 -0.062011442795500776 -0.5955827952191022 0.7619673390873558 -0.2543362109553716 0.20682515075671085 -0.160485775865585 -0.9651257289904176,98.7457181526269 22.40956533472977 718.1619366102369,0.69
7,54,15,0.0,0.3276771402721569 -0.9431124556389969 -0.056272442293202815 -0.9057991574668727 -0.29666245048864937 -0.3025215311384846 0.26861790349000286 0.1501009210119993 -0.951479971116568,13.322971193082434 117.2289364556788 723.2605225210748,0.69
7,62,15,0.0,-0.8838481515166378 0.4646519241737052 0.05395400283849146 0.43821598448981897 0.862823532921175 -0.25199663088033797 -0.16364350276818623 -0.19908324992097115 -0.966222885054304,-60.89055007383625 102.2970129132698 701.8846008127741,0.69
7,67,15,0.0,0.9881511439459957 -0.13911744333718135 0.06483558959048842 -0.11329314232967991 -0.9461108302687816 -0.30337923585701043 0.103546997152438 0.292439111282063 -0.9506615515383328,-96.51303308358996 74.8558240030182 717.2537446792057,0.69
7,71,15,0.0,-0.6333593665707078 -0.7731976008645826 0.031959079999355586 -0.7530579018226776 0.6062993309790706 -0.2555482689371167 0.17821253962495992 -0.18592092747075092 -0.9662679232225594,-98.47136534468954 -29.356945230843582 723.765365634183,0.69
7,81,15,0.0,0.5833838705669053 0.8108693059430854 0.0464136643862067 0.7455467860467917 -0.5119646032947902 -0.4266757958784485 -0.32221615319172925 0.2835193355885749 -0.9032128968132248,-98.83867463863825 -47.59220458543616 763.2393045918268,0.69
7,87,15,0.0,-0.07414942196570362 0.9959135765860628 0.05155590357765921 0.899019916061136 0.08913016989579803 -0.42874118456217225 -0.4315843529920662 0.014558873098667019 -0.9019550906040259,-58.171328717761675 -80.88931020596347 779.9962249379012,0.69
7,94,15,0.0,0.6236547055678209 -0.7814466463674701 -0.019898419639491544 -0.7149484564852298 -0.5599216093826096 -0.4187320096622374 0.31607516952855186 0.27537053260547434 -0.9078918200865533,7.117364721752834 -93.80273842254947 814.6524708801562,0.69
7,102,15,0.0,-0.8704028895818996 -0.34730184462399066 0.348970254503522 -0.3565811015350148 -0.044050036631074097 -0.9332253277214865 0.33948303026153587 -0.9367182196336173 -0.08549999515129036,114.50045878396553 -10.452259824779576 876.3819049595669,0.69
7,112,15,0.0,0.7932518808366681 0.6038950102018971 -0.07786058182636146 0.5247016732797792 -0.7428352299189105 -0.41579318807397403 -0.3089330147564172 0.28897515091192527 -0.9061201656231591,99.96599044894282 15.747851884878292 728.2114889004063,0.69
7,130,15,0.0,-0.6495963376092957 -0.7598835126129185 0.024528461501741816 -0.7037539321503453 0.5887796932030228 -0.3975787668559297 0.28767168986105873 -0.27552771209228116 -0.9172401423409662,-83.4633149661443 62.0195647703383 713.789463666379,0.69
7,155,15,0.0,-0.2706261440860003 -0.9621826726985561 0.031080451988458768 -0.7981766519660642 0.20621344011166043 -0.5660300781527068 0.5382151264999785 -0.17799022859690455 -0.8237984924304207,-83.14953765706797 -66.87847365814942 782.4312036537373,0.69
7,166,15,0.0,0.6393692026087504 -0.7683110163970045 -0.03008662225062189 -0.6480182591098195 -0.5173775473162715 -0.5589211119588148 0.4138591047877631 0.3768536262476466 -0.8286748371757587,13.173320256231786 -96.06901501151063 845.8335040522373,0.69
7,185,15,0.0,-0.7207885988075502 -0.693021468458512 -0.013602943970204395 -0.5719800268480201 0.605753596308832 -0.5530835646137531 0.39153881635923016 -0.39087571530414267 -0.8330147240412309,97.17358271200779 16.360814804425264 719.848477675324,0.69
7,198,15,0.0,0.28341764505073386 -0.9588161145690911 -0.018603680187739113 -0.780089857003141 -0.2192175871152684 -0.5860063689928452 0.5577940959482406 0.18059708730206916 -0.8100928580004232,13.028805104700695 78.68066250732784 680.4070287233327,0.69
7,207,15,0.0,0.8675940002221987 -0.4972554907943733 0.0041985298961823014 -0.39691636315130335 -0.6975626533756837 -0.5965431629632665 0.299563100933985 0.515890803843529 -0.8025700138109401,-69.19532971839192 65.37025899751538 693.0941796080372,0.69
7,219,15,0.0,0.9627336783023929 0.2650780105465714 0.053642455080058195 0.22306235092058588 -0.6661113640034529 -0.7117154194952087 -0.1529282585532369 0.6971580158544626 -0.7004167678359385,-121.12311295321916 -20.210455454921494 777.5415135897471,0.69
7,229,15,0.0,0.2528142726821906 -0.9662635646627236 0.04919011215133945 -0.0867129147554831 -0.07326612694590373 -0.9935355781535731 0.9636211983672749 0.24691455657298378 -0.10231025270999777,-106.35445264565116 -88.38822336784035 1130.2531700455088,0.69
7,239,15,0.0,-0.5032652287083232 0.8639289729093612 -0.01873070583121722 0.6383771975466869 0.357090635312868 -0.681880364744646 -0.5824076435157746 -0.3551239332115331 -0.731223856855596,17.28622716464829 -94.9823665835313 893.7380065463525,0.69
7,251,15,0.0,-0.13668587519264197 0.9900804654156862 -0.032521431780898946 0.7377779624068482 0.07983646387839982 -0.6703057639780462 -0.6610602466565515 -0.11561492566987663 -0.7413720653307138,80.85126608163988 -87.97375822250375 976.0382229550637,0.69
7,270,15,0.0,0.12001948247058469 -0.9916620461988512 0.046922382251968375 -0.6642560745582473 -0.11534003667613724 -0.7385530064606163 0.7378070149029221 0.057472272168883565 -0.6725605896064568,16.85860264731734 58.104350241398436 686.6197628138162,0.69
7,277,15,0.0,0.792494134696893 -0.6093445968307608 -0.025538378652164045 -0.429225908267176 -0.5275106241433857 -0.7331423198043294 0.4332645452183246 0.5919727221156508 -0.6795955636463095,-47.483308289765404 52.7430501548302 680.9384723286705,0.69
7,285,15,0.0,-0.9926381569342775 0.08505482846810254 0.08622740603997289 -0.0007911515102241862 0.7073622906633876 -0.7068507365963015 -0.12111508360814754 -0.7017152313451005 -0.7020875092329188,-103.3051701399179 17.2323772706514 702.3372404590879,0.69
7,289,15,0.0,0.4631596881915945 -0.6011616023665738 -0.6512202631017545 -0.04533878736229208 0.7177501044435685 -0.6948231299631321 0.8851143980270471 0.3513396012568183 0.3051769765134947,-101.274683470096 -26.367312061764917 791.599293550345,0.69
7,295,15,0.0,0.15927416093017455 0.9866659980395314 0.03349552168043268 0.547013300972021 -0.059956655623496946 -0.8349740403187027 -0.8218322153698296 0.15131228555243253 -0.5492689705610696,-107.63473719205705 -49.597155355332454 805.6897203997255,0.69
7,306,15,0.0,0.910292422842708 0.41208743336790177 0.03939101643024143 0.009700802441328676 0.0738942675615808 -0.9972188985641677 -0.4138521467228927 0.9081429317468659 0.06326781307316251,-29.574742492394268 -71.4616266926718 824.0040893875519,0.69
7,314,15,0.0,-0.9947043028313036 0.02520871341968199 -0.09963870079750436 0.10157006063315895 0.0929013647106458 -0.9904811251194423 -0.01571218354865634 -0.9953561459109117 -0.09496983776710033,64.55490076585818 -73.64720197810273 959.7259088937138,0.69
7,328,15,0.0,-0.1673686992373591 -0.9832486069336421 -0.07217960569749815 -0.004892681995419146 0.07403977847150867 -0.9972432866992795 0.9858822344369971 -0.16655415986081445 -0.017202664170763993,123.36409724861188 -2.949638709746085 886.9437395689816,0.69
7,342,15,0.0,0.08135438634630665 -0.9963351145749599 0.02641596651870004 -0.5348054718928406 -0.06600330185571157 -0.8423934184082992 0.8410496840589692 0.05440499617723593 -0.5382151292329704,12.797689946854574 35.317797868985984 678.1793840365914,0.69
7,348,15,0.0,-0.7742587951099028 0.6326192553661729 0.017781899080540287 0.34060834525227035 0.4402202668463755 -0.8307779918860488 -0.5333941069598274 -0.637180503780251 -0.5563198111364305,-43.00009468722796 31.50891453900592 676.4937493146908,0.69
7,354,15,0.0,-0.9606772007530564 0.26850224374060344 0.07075210992990519 0.1059717228512705 0.5900611292544833 -0.8003735738384029 -0.2566501702886739 -0.7614029214871622 -0.5953119192840081,-86.04668092285986 11.569351087573294 663.9542902668161,0.69
7,366,15,0.0,-0.754276358212972 -0.6493892140881068 -0.09675135175803623 0.0011683625935403064 0.14603384374441475 -0.989278904763506 0.6565560222630102 -0.7463027302022034 -0.10939115376899022,-120.65916361024456 -44.8066693528811 888.7707470051665,0.69
7,378,15,0.0,-0.9827802403511379 -0.18294732699186722 -0.025947537877233015 -0.04804590046268263 0.3886048291397547 -0.9201510083774248 0.17842250593490055 -0.9030595563504061 -0.39070301644614647,-126.98552428264217 -76.3204832173063 1132.0423532338095,0.69
7,385,15,0.0,-0.2718168606906645 -0.9598190230811154 0.06973548003624047 0.0378106263099961 -0.08305945199849363 -0.9958270351681338 0.961605922809504 -0.26804583631409556 0.05886831789986291,38.04785428687072 -73.16389630463499 958.3279228861929,0.69
7,393,15,0.0,0.07883828323422537 -0.994228399305404 -0.07276273160962754 -0.637753684142816 0.005797260247644709 -0.7702185599788456 0.7661949904945513 0.10712740913620428 -0.6336157784910496,71.75537773154514 -27.226740102500564 554.2881579230913,0.69
7,399,15,0.0,-0.0476146781568636 0.8167765235302127 -0.5749860459471328 -0.03783461736430577 -0.5767006149607119 -0.8160790050190199 -0.9981489789369695 -0.01710296213632906 0.05836184141413292,142.30383409968135 -20.18334995680883 1035.7195653817807,0.69
7,413,15,0.0,-0.026017512021577538 -0.9996308017910691 0.007832571656293252 0.023682110696480185 -0.008449364345196775 -0.999683832956761 0.9993809317278204 -0.025823794312726578 0.023893198742052868,30.557422376967843 18.05741635283619 719.3787667594053,0.69
7,428,15,0.0,-0.9744491360089161 0.2144181750232269 0.06688592939614177 0.02969317111309651 0.41815310917593973 -0.907891123910649 -0.22263691724582693 -0.8827076659382777 -0.41383569151666,-98.17568879821089 -9.479870272995177 703.7399540262977,0.69
7,435,15,0.0,-0.4303039353262624 -0.8970550667455747 -0.10065152988814774 -0.035404586669419036 0.12818860847529678 -0.9911176498781238 0.9019894891214085 -0.4229182993005389 -0.08691992654875258,-64.51087278722733 -59.837443608713045 755.6764891384764,0.69
7,447,15,0.0,0.5257781948440137 0.7509544461841752 0.3995306115716158 -0.17674678043251146 0.5558895055338281 -0.8122483814967549 -0.8320564076030617 0.35644673850882014 0.42500336136684014,-596.8786827660911 -381.90590599724 4623.903471664269,0.69
7,468,15,0.0,0.36080915769789657 0.9324741686567899 0.017569192046401283 0.10366666694124316 -0.021376879956583883 -0.9943823465692738 -0.9268602774348613 0.3606035964756185 -0.10437946312480001,75.94724615252147 -36.60214488728877 681.9973095716155,0.69
7,478,15,0.0,0.21328296601198588 0.9769904359032718 -0.000254091844627935 0.0672086202285852 -0.014931510346501364 -0.9976272106181461 -0.9746760373457943 0.21275981329261323 -0.06884681598732323,84.3474206478711 -28.557274669066278 704.7220365637548,0.69
7,486,15,0.0,0.2840790131820079 0.9573060365652841 0.053518843645980696 0.04484384345682235 0.042491556786974805 -0.9980899244586325 -0.957751608703194 0.285936391453564 -0.030858322523393766,20.943901735735356 -20.59120882450829 667.7530343902409,0.69
7,493,15,0.0,-0.8733675600789628 0.48705843341254873 -0.0017853412651870348 0.10668475087485954 0.1877223906604638 -0.9764111162699293 -0.475234120126584 -0.8529562629387476 -0.21591235393343622,-40.571282580664416 -24.878480706592768 689.6871582721569,0.69
16,8,15,0.0,0.09697447788128932 -0.9946295767533337 -0.036165670008108636 -0.9510869985393671 -0.0818983473160797 -0.2978694041291797 0.29330781075353096 0.06328242848041524 -0.9539213082831267,2.784656599115816 -96.79936270864191 764.3356633807304,0.69
16,14,15,0.0,0.7059220045028852 -0.7071896563807193 -0.039457742798448076 -0.6808899062745944 -0.6622152462471755 -0.31282567537075107 0.1950975630088759 0.24769690661353186 -0.9489906128946086,53.984987359316655 -76.40953113850495 746.382269440382,0.69
16,20,15,0.0,0.9661840027715873 -0.25197148323617813 -0.054761705817413575 -0.2575634503958081 -0.933009341100175 -0.25130586630642643 0.012228728816956302 0.2569123217278178 -0.9663573444311082,87.75046732893543 -35.245073635108 721.205831665418,0.69
16,31,15,0.0,-0.8213039933934205 -0.5681773082581097 -0.05132540128035099 -0.5482615936019178 0.8109703398377759 -0.20429472064761792 0.15769900258754246 -0.13964832359885873 -0.9775629751064239,82.78641622456033 54.473991768870384 695.5470921018788,0.69
16,35,15,0.0,0.764725125188519 0.642179014105104 -0.05293011192507083 0.6112694189668872 -0.7489896306386246 -0.25566429283672176 -0.20382634849618445 0.1631583495835059 -0.9653155818797802,56.683166810163705 79.45663093338554 665.1912781733163,0.69
16,48,15,0.0,-0.6129790972805746 0.7876596125083045 0.0620399961344249 0.7505937553053422 0.6050503646057465 -0.265561802198807 -0.2467096284981921 -0.1162170001063604 -0.9620956127602714,-55.072531343790956 95.32828493652639 695.395581030338,0.69
16,55,15,0.0,0.6190114114588472 0.7619170627140777 0.19054464576281765 0.024831186657517323 0.22350631243298216 -0.9743861352009221 -0.784989353209905 0.607887586522181 0.11943365312730174,-19.11118563383119 39.55718789608049 860.5554091904576,0.69
16,61,15,0.0,-0.9021643435714555 0.4201932866088714 0.09765807225785177 0.38584995741989986 0.8872125434058699 -0.2529302535924688 -0.1929230612118375 -0.19050329317920978 -0.9625430835762779,-114.67495371760599 2.2315653941677605 715.2367360296867,0.69
16,68,15,0.0,0.9114088762020331 0.40564605941598686 0.06917466921083627 0.4081230820648877 -0.8695639336663239 -0.2780181921252746 -0.05262518661253287 0.2816200272477631 -0.9580818075649726,-94.17277535154128 -53.25714599310827 730.2113135864879,0.69
16,73,15,0.0,0.5994670822360769 0.8002477540748874 0.015580417628005244 0.7210781549810048 -0.5315075484516614 -0.44446149478677544 -0.3473982033985702 0.27767473424314915 -0.8956624532927805,-53.87307896160551 -91.85994957679473 743.9087164139752,0.69
16,86,15,0.0,-0.6843296706841684 0.7289651587102738 -0.017398253010088766 0.6612479209973031 0.610349282387188 -0.43614784244128735 -0.307317569946858 -0.3099734680193631 -0.89970681909498,57.40051300884699 -84.2995891455835 751.2911890968313,0.69
16,96,15,0.0,-0.9969060255626596 -0.06900891519569266 -0.03763171296095283 -0.044281495989536575 0.8886250779430528 -0.45649164281904636 0.0649424769298993 -0.4534128807987449 -0.8889315126689978,98.98397902799336 -13.576329092671992 723.2535334372105,0.69
16,117,15,0.0,0.09850065916795048 -0.9948455119055656 0.02408376184968611 -0.8769452137534627 -0.09821607676910338 -0.4704473342883123 0.4703878317073824 0.0252192328479435 -0.882099358392346,-31.848925336794924 79.8800686323449 678.9773636580246,0.69
16,126,15,0.0,-0.7802538276456994 0.6204381970393906 0.07912274071811329 0.5242629285210909 0.717744351618128 -0.4582482160344584 -0.34110459718790787 -0.3160688048112066 -0.8852955237673409,-95.93520580774393 36.35876991646553 682.1092485338687,0.69
16,140,15,0.0,0.9257773499271473 0.37539220237942306 0.04491094248169175 0.3584749835704003 -0.8338355855116993 -0.41977839688169133 -0.12013319489661797 0.4047207811900542 -0.9065148122103925,-90.62109037568936 -69.06461562504019 745.802872829318,0.69
16,153,15,0.0,-0.9761503358654751 -0.21708278483352295 0.0023635394311657676 0.097444301793216 -0.44785199789935204 -0.8887818607653915 0.19399775730083307 -0.867354398447648 0.45832435856690634,13.020015990360273 -100.91085787006354 754.0036107906612,0.69
16,161,15,0.0,-0.8068723883725345 0.5882310021907399 -0.054233171986153156 0.49508512875754324 0.6232977637971732 -0.6053020840279421 -0.322254036693303 -0.5152515751621928 -0.7941461768010663,75.48200790241575 -79.89841949941635 767.150648172507,0.69
16,174,15,0.0,-0.9141548199588251 -0.40518301571513476 -0.01215273310975691 -0.3229945361544479 0.7461851628053342 -0.582135922636244 0.24493977782389942 -0.5282370931553054 -0.8130006633788266,87.68515671187905 9.462529220083827 696.8796683781687,0.69
16,194,15,0.0,0.47943340333516926 -0.8761779253425636 0.04955658290135084 -0.6620235393617612 -0.3981648439975613 -0.6349721177621303 0.5760802418911657 0.27161921903061104 -0.7709439374920961,-69.01384423133256 40.80727051776702 679.1818246581518,0.69
16,200,15,0.0,0.8934734996545536 -0.4480302989959146 0.0312082776947942 -0.3440378303671693 -0.7274432853717552 -0.5936869864194414 0.28869201009258105 0.5197067613079307 -0.8040906699866169,-103.6667713628781 6.82527147785256 702.9810622338756,0.69
16,208,15,0.0,0.9985777641540932 -0.0010499139549677815 0.05330428329599291 0.031953521272150204 -0.7885543751983536 -0.6141343255622865 0.042678114008500294 0.6149641412604653 -0.7873993164516059,-110.21021774473168 -50.37860098817999 746.7897484824828,0.69
16,219,15,0.0,0.13709706245507247 0.9905570211241502 0.001087827118426088 0.6635529263319319 -0.09102289490534621 -0.7425714420575168 -0.7354603384428828 0.10252619423688769 -0.669765981573251,-46.15035982392192 -109.98740616150023 823.9234066937221,0.69
16,231,15,0.0,0.6035316205094231 0.7292154937906055 0.32248154468278256 0.5821461959982623 -0.12662685321447625 -0.803163399645273 -0.5448443718439446 0.6724659126384944 -0.5009333356937371,53.88330412890673 -94.2946414457412 772.4253498392998,0.69
16,238,15,0.0,-0.9916777386546187 0.12379233304907963 -0.03536553315203218 0.11028861683865407 0.6751184535586624 -0.7294186004348783 -0.06642050626635039 -0.7272486039469762 -0.6831528265362707,93.47422478206919 -60.36575827256927 743.2225461283725,0.69
16,246,15,0.0,0.9254315582211368 0.37705234189927234 -0.037522826608251764 0.22830065492911206 -0.6338772931672453 -0.7389711686973345 -0.3024156775157948 0.6753007542386135 -0.6726913477349196,91.79515452150768 -13.225445356093642 715.454304221882,0.69
16,255,15,0.0,0.5979305447040314 0.8014615484937353 0.011766477636243944 0.5312716724018378 -0.3852779129262593 -0.7545272294056325 -0.6001911977139405 0.4574060735246198 -0.6561632495724641,31.969613626140266 25.311722344684817 673.272666121175,0.69
16,268,15,0.0,0.21229071725421433 0.8703956350490817 0.44423427361606915 -0.12263383260660576 -0.42727288520885115 0.8957671710134942 0.9694810954670059 -0.2446412067759835 0.016033885345864585,-43.653904217279866 9.346755597378035 1001.8558971688003,0.69
16,275,15,0.0,0.94719329506514 -0.3204515032251621 0.011648856784102157 -0.2022703937189922 -0.6252719980786215 -0.7537384269383725 0.2488203159076977 0.7115797653808758 -0.6570712958972499,-110.75688875801673 -28.149686760305396 724.8302122146512,0.69
16,287,15,0.0,-0.3543337146407163 -0.932865729255418 -0.0648779612015421 -0.627027024617996 0.28849071567581497 -0.7236091606437549 0.6937468767984578 -0.21571888686346785 -0.6871540095078916,-73.36185140271327 -95.31061460702186 789.9546579939688,0.69
16,298,15,0.0,0.1849507405904881 -0.9437237455870381 0.2741873731049653 -0.9499835424893318 -0.10024394214949806 0.2957742738335233 -0.2516435823828018 -0.315177163001223 -0.915062218304335,-37.13456447206929 -57.767782291935276 818.7355657374449,0.69
16,305,15,0.0,-0.6767157958518324 0.7361427867204446 -0.012228213445925118 0.4018618372407343 0.3554020450365014 -0.8439173242405762 -0.6168977187622944 -0.5760062360281617 -0.5363338704972369,77.56038201792624 -91.87581029764132 832.1777665587979,0.69
16,310,15,0.0,-0.9900946267763282 0.1361630062370588 -0.034238366799980824 0.10228338230235678 0.5324599621361512 -0.840252639642839 -0.09618076592247154 -0.835431639605812 -0.5411129603069136,95.03327864134661 -65.88966886906736 756.4184304476588,0.69
16,322,15,0.0,-0.7228603317732712 -0.6909840936181884 0.003731369090150316 -0.36692607597055216 0.37926602056509773 -0.8494248291741698 0.5855238641776173 -0.6153846504515413 -0.5276964434854052,67.55841198445336 -12.770953402372196 674.0994211896491,0.69
16,332,15,0.0,-0.17024295957815516 -0.9845283165635925 0.041488897292277116 -0.540016493861454 0.05799496909615043 -0.8396539584359254 0.8242569508785794 -0.16534986375559868 -0.5415347647975632,-15.990957061451292 1.5736886403392059 657.0657157307545,0.69
16,339,15,0.0,-0.7307151151622013 -0.09602350706308116 0.6758956328937162 0.6762923610811773 0.03332857796327959 0.7358789630327749 -0.09318831910028891 0.9948209346320833 0.04058626862635595,-9.308575322405762 -0.4997111208357108 837.2510634698258,0.69
16,345,15,0.0,-0.8955311406306552 0.4430380797859408 0.04172812025893427 0.22061894132162876 0.5234607569029822 -0.8229921741503261 -0.38645990592929746 -0.7278091067320767 -0.5665180008322553,-103.86721305561704 -36.37560409703523 702.6784317885819,0.69
16,356,15,0.0,0.3474290834821069 -0.8739701485881086 -0.33980760928452236 -0.21011511179622894 0.2806089824794701 -0.9365416374869271 0.9138625015535113 0.39678051656894125 -0.08614261387746838,-132.0968553853493 -142.91700742868875 1290.6613874866491,0.69
16,373,15,0.0,0.09922967218902579 0.9915071379079832 0.08406585296526606 0.9924714672466874 -0.10471239218615114 0.06352717232697334 0.07179038137846683 0.07712917995268058 -0.9944331202958605,-33.8439085897351 -70.41491534609737 900.812612011261,0.69
16,381,15,0.0,-0.9420405819441623 0.33511460343393973 -0.016054424175831056 0.14606940272743266 0.36659645196434765 -0.9188420816408019 -0.30203190486628273 -0.8679315894541829 -0.3942987249159958,93.09748411865935 -74.80715281896444 782.9411356905337,0.69
16,395,15,0.0,-0.6986350066104969 -0.7154090397969097 0.00995154838277823 -0.26111376504842077 0.241992553453813 -0.934483389780226 0.6661296639848651 -0.6554612954627965 -0.355867617112942,61.24160503648246 -31.766896713949418 678.5616959657642,0.69
16,407,15,0.0,-0.18145437271949838 0.9831903852792413 0.020272565585806757 0.3579123400631844 0.08522800596399471 -0.9298574857632201 -0.9159547300229796 -0.16147090540979459 -0.3673609658832471,-43.01112469185511 -26.968379864710073 659.0497271905077,0.69
16,418,15,0.0,-0.9387553782944049 0.3389599971801675 0.06200370984827969 0.08158685282074074 0.39346159931463887 -0.9157136863188043 -0.33478638737280764 -0.8545724604598416 -0.3970188719109923,-105.63719810200108 -55.037600439631305 714.7856751322399,0.69
16,425,15,0.0,-0.09001249223374765 0.12043687464453569 -0.9886317365266634 -0.04535523904691931 0.991135730390897 0.1248713987809048 0.994907359271639 0.056079614552521154 -0.08375215399483366,-90.7252780658189 -68.05542240717408 953.3823517588335,0.69
16,448,15,0.0,-0.5098338594401739 0.8577997910166169 -0.06518400340716507 0.1204344211575118 -0.00385581089898146 -0.9927137970849231 -0.851801024869536 -0.5139695042063872 -0.10134279834822191,73.92257545852135 -88.90016815075265 896.9739245716082,0.69
16,455,15,0.0,-0.9991963128130301 -0.0351581877211309 0.01925176088078609 -0.02400304908761811 0.14015581845901204 -0.9898384717652579 0.032102680500896506 -0.9895050522297749 -0.1408870807292396,96.84514951790476 -68.92901122719088 759.0083376204989,0.69
16,466,15,0.0,-0.8057718874919396 -0.5916730625194977 0.025586176276961525 -0.16109378868123872 0.17740227021643729 -0.9708641644279487 0.5698951276998265 -0.7864168243437147 -0.23826061741955096,69.67429932167487 -54.916968719649375 697.0150307132645,0.69
16,470,15,0.0,-0.8180872210546939 -0.5748393304186481 0.01711849733033416 -0.0638794398885516 0.06124776258328091 -0.9960763669207632 0.5715354021463004 -0.8159708669936582 -0.08682642634062732,39.746709479551846 -49.13397247291252 679.8483342792214,0.69
16,480,15,0.0,-0.023343222209483372 0.9986571257306702 0.04624974815320243 0.08086015255573414 0.04799681286550228 -0.9955691546464348 -0.9964520709525078 -0.01950003031048675 -0.08187196780551953,-52.00955477140712 -52.27299948494765 697.4188723878843,0.69
16,486,15,0.0,-0.8837761210037542 0.46781989155110726 0.009182429562369171 0.07595164300394472 0.16279193456195618 -0.9837327553591867 -0.46170457639984364 -0.8687020980236472 -0.1794033138510963,-87.72235221841906 -59.834602006326485 705.3028034674613,0.69
16,495,15,0.0,0.019306786993836922 0.8051621557976918 -0.5927403738966898 0.9995277147100596 -0.0013669875408565124 0.030699818754325314 0.023908063544751723 -0.5930531461987838 -0.8048082816927667,-74.0813246373237 -56.298173769902846 728.1013616604487,0.69
19,1,15,0.0,0.4428891203941825 0.896476656108116 0.013372811584629302 -0.8309710389498691 0.40483527217773707 0.3815698295559444 0.33665465905441183 -0.18010554531715067 0.9242432759198032,-2.528179475394155 -15.863177730906505 728.1139558259429,0.69
19,6,15,0.0,0.7321914018160655 0.681030363309601 0.009664127328310207 -0.6382353785242255 0.6810892936015562 0.35884951684706456 0.23780528317651684 -0.26891451874476036 0.9333453963574313,2.50181287517822 -12.753969143682799 727.3030846856356,0.69
19,17,15,0.0,0.9659660799084366 -0.2586680683588533 0.0006023934158037661 0.24174481468921052 0.9035917730197209 0.35366842140903143 -0.09202704514004068 -0.3414860731312136 0.9353706670728008,5.62335209827056 0.11609406518055057 723.8942420440029,0.69
19,33,15,0.0,-0.10555235958944428 -0.9943304122283475 -0.012873643730722 0.9653101632833837 -0.10556368708252593 0.2388149841013957 -0.23881999088624886 0.012780425945462609 0.9709797488443027,-9.708763928997952 7.776131585509608 718.2781863653669,0.69
19,42,15,0.0,-0.7771964739578788 -0.6291696862036806 0.010542619684036789 0.6110155873066003 -0.750554444616447 0.2516505071222129 -0.1504180605373251 0.20202359176308776 0.9677607532005679,-19.190630221426552 3.1054442048329287 717.7872220496411,0.69
19,47,15,0.0,-0.9760716706129938 -0.21723891450277888 0.009557607044317306 0.21143803484052437 -0.9379094128460809 0.27499071023854066 -0.05077451377941958 0.2704314835968145 0.9613993766536827,-22.611640469702568 -1.4376776844883763 716.3234238575654,0.69
19,55,15,0.0,-0.8742500519680159 0.48350834076556476 -0.043663841379935106 -0.45510204033109175 -0.8475446481329513 -0.27303882930394585 -0.16902360639981318 -0.21883270740755928 0.9610115850749558,-22.40556202420129 -25.57721840329448 701.3940496303152,0.69
19,74,15,0.0,0.4944378943050679 0.8690989426843434 -0.014078227875937238 -0.7205414159661974 0.41887358133534064 0.5525983991442003 0.4861596821545341 -0.26308164262118716 0.8333287543119703,-0.8914736787888162 -29.30582644137288 726.3231079124803,0.69
19,80,15,0.0,0.8979368376166921 0.4401186962372638 0.0022290969798630794 -0.38285372066858997 0.7785856663157156 0.4972196584789569 0.21710012487594704 -0.44732526580791787 0.867621831415464,4.425959696398949 -25.708002481158967 724.1964580167347,0.69
19,88,15,0.0,0.9787003250728803 -0.20189238760345687 -0.03721743583340861 0.1964237090460941 0.8681820209582879 0.45571669380148716 -0.05969422272560164 -0.45332046315223684 0.8893464777355492,4.746537011357924 -17.665180844884457 721.4837206803231,0.69
19,98,15,0.0,0.4167582150135762 -0.9020210644124869 -0.11256371340206295 0.8607957363622187 0.3518165994128129 0.36777137006329014 -0.29213573981853536 -0.2501661042862688 0.9230783443386095,-4.7489495585431385 -11.461858362884373 741.3578504646941,0.69
19,109,15,0.0,-0.43401857199328264 -0.900748519899213 -0.016732694471859877 0.8260287303928763 -0.4052914980043807 0.39168270093392915 -0.3595892319445125 0.15617588016317357 0.9199481935004888,-14.668503813984529 -10.466693855115857 719.0226166180928,0.69
19,115,15,0.0,-0.8764821154972688 -0.4813555402669931 0.008714646734288789 0.4444447634519131 -0.802049374636436 0.39898076756339373 -0.18506202596320323 0.35357268630307537 0.9169178818448365,-19.572159366147332 -14.506754918685848 710.1502241207821,0.69
19,123,15,0.0,-0.9925499684535359 0.11697126560296395 0.034092273994643124 -0.08998518288962862 -0.8924248808133013 0.44213176651953556 0.08214150584938804 0.43577007140073987 0.8963019680265073,-21.753784974113035 -21.601608182622694 711.4661377953347,0.69
19,128,15,0.0,-0.8262829084045917 0.5625895388669763 0.027378203664448236 -0.47578818973854753 -0.7231611630990765 0.5006630910008313 0.3014666710994185 0.40066312900319856 0.8652091673541149,-19.697417262911365 -25.688151330251145 724.1493432279615,0.69
19,140,15,0.0,0.03245895923522216 0.9993072465471555 -0.018205575072164193 -0.8102984447943491 0.036974585739230265 0.5848498186485751 0.5851178055137487 -0.004231667254679827 0.8109372643201322,-8.81878817915324 -30.944106703314603 748.272371034193,0.69
19,145,15,0.0,0.3790102320016757 0.92491245590608 -0.029802566128104613 -0.6613376814885759 0.2932484351800416 0.6903896192062655 0.6472895141135466 -0.24195516976134449 0.7228236166205473,-3.052594609675431 -43.25703840255018 737.0576248780468,0.69
19,150,15,0.0,0.7271407521864834 0.6864258063705919 -0.009270321362149475 -0.5183573610990917 0.5578568547512464 0.6481522782505919 0.4500799625667209 -0.4664925958206939 0.7614543225567834,2.220326564123115 -40.86650163863548 728.1013710096507,0.69
19,161,15,0.0,0.9730197331018603 -0.22757313893024794 -0.0379877010599283 0.2034854865244476 0.7688394914750143 0.6062008686255325 -0.10874858973013518 -0.5975753532282564 0.7944038276883056,4.847611549708543 -32.88115016965471 741.5690032241192,0.69
19,180,15,0.0,-0.33866241921452434 -0.9408342270180259 0.01177807637773845 0.8326674873353597 -0.29385070863243157 0.4693789690333779 -0.4381468034191105 0.16876823844435856 0.8829182636835667,-12.555411034995268 -28.979499542733045 758.1056668879796,0.69
19,186,15,0.0,-0.7422331071118068 -0.6700892870047217 -0.008388214867112137 0.561898787977777 -0.6291179878761384 0.5371036300378023 -0.365184565358749 0.39394276839686093 0.8434745570860803,-18.630004751007547 -28.140492070766186 712.8072324126501,0.69
19,196,15,0.0,-0.9824089418519187 0.183439189619241 -0.03496762332829442 -0.17241057212818223 -0.8190302665460694 0.5472330555621685 0.07174444639012972 0.5436354350052162 0.8362495131352021,-22.666752143250186 -37.428281655891006 725.5672978174093,0.69
19,219,15,0.0,0.5512162741514569 0.8343609839134923 0.0015387116347803098 -0.4917551641305201 0.3233845729300617 0.8084548698237936 0.6740456050309587 -0.44639015055638354 0.5885561619970503,0.9560221293687995 -52.334930947881666 725.4822645935053,0.69
19,225,15,0.0,0.9278241335625848 0.36960084540594784 -0.05037451988900246 -0.20235350511032957 0.6121602128176191 0.7644036452115145 0.3133615103174011 -0.6990386891426653 0.6427670456186296,4.32921985430246 -49.24067049850548 719.0359346882814,0.69
19,234,15,0.0,0.9263483105969181 -0.371153141432032 -0.0642195691309882 0.3343807916328207 0.7318219116855502 0.5938233540068248 -0.17340211544627657 -0.5715610511415564 0.8020284727967676,3.793996582361106 -53.486986782118024 804.6439534841724,0.69
19,255,15,0.0,-0.5837685310041772 -0.8097245649665921 0.059669348068234235 0.6611153022702396 -0.4313930654679494 0.6138620204657518 -0.47131821449351463 0.3978016490109469 0.7871549966371402,-15.677132341614977 -44.04453432494982 758.791342642056,0.69
19,263,15,0.0,-0.9354341688439467 -0.34597632183646665 -0.07254860775882785 0.22245105311948854 -0.735619489824413 0.6398277073998131 -0.27473340664226675 0.5823781854765682 0.7650864031962371,-24.339851712229464 -49.872460637458786 761.3351209494654,0.69
19,278,15,0.0,-0.41736698215931195 0.9079437694743109 0.037985703573953755 -0.535449034630326 -0.2794807196866769 0.7969848547098429 0.7342337049718439 0.3122957553284976 0.6028036394109803,-13.381617577748486 -54.25781228827086 741.5893682920146,0.69
19,287,15,0.0,0.2969520260487384 0.9546663280892919 0.020777301029199002 -0.5742976121595279 0.16116883367524754 0.8026249807473131 0.7628903898289805 -0.2502734685584331 0.5961220043265616,-3.0086459294686403 -54.020058588790924 723.8383535418901,0.69
19,291,15,0.0,0.8367787602254914 0.5341794830940056 0.12022306882171371 -0.1642604477476802 0.03544909238428495 0.9857798269161637 0.5223215597131916 -0.8446275165364618 0.11740760864708662,8.191615103674957 -55.964395364063435 721.3143955035205,0.69
19,296,15,0.0,0.8723310243627129 0.48694325917639925 -0.04387307006542515 -0.19143165406540777 0.42274831212505837 0.885797824798185 0.4498805460964962 -0.764310229512912 0.46199282170379874,2.973634101311171 -59.385954823128365 726.8245002513818,0.69
19,307,15,0.0,0.9325220505386956 -0.3610456747131644 -0.00697467060313775 0.21672833037560438 0.5441160159770118 0.8105347567932587 -0.28884503816356144 -0.7573531421524705 0.5856490092197463,6.7659967033980495 -67.05852234222208 845.559076893149,0.69
19,326,15,0.0,-0.4886860466581483 -0.8677717367847682 0.09032253671801599 0.5645349622048286 -0.2355783816182716 0.7910771786384112 -0.6651963802141612 0.43757860888263633 0.6050113526193651,-12.403841083448496 -61.65080011084146 832.3365763353729,0.69
19,333,15,0.0,-0.738759252090115 -0.6737115176715407 0.0186429184400706 0.176189356191593 -0.16635339424413875 0.9701978452811809 -0.6505321500249206 0.7200273183568547 0.2415959076718618,-22.20196864123497 -56.41525189350994 843.5772737012691,0.69
19,345,15,0.0,-0.7434167853021723 0.6688233913070061 0.0025989558633243703 -0.36560303223060275 -0.40962623219366695 0.8357875164912486 0.5600588416896682 0.6203882825613455 0.5490468766014536,-17.874796178362462 -61.12529413350959 725.4160282181294,0.69
19,356,15,0.0,0.11867869162038866 0.992930199878125 -0.0022330081189034234 -0.4401627946359825 0.054625480169054164 0.896254858360356 0.8900404947942056 -0.10538346685456257 0.44353381217241894,-7.15839090649361 -64.19678469891986 746.6669446556418,0.69
19,364,15,0.0,0.34372669711912884 0.9387388416575237 0.02492678982671126 -0.1550822336235163 0.030564920621125563 0.9874286234669143 0.9261757168604213 -0.3432712816285611 0.1560876955662088,0.94919056304806 -67.23168035585262 750.5943482697315,0.69
19,373,15,0.0,0.520326555198384 0.7783421950294591 -0.35134556122442495 0.14821831466151486 0.3228704373057758 0.9347652175347974 0.8410063062511974 -0.5384590125076376 0.05263349404149964,-4.871501598958949 -65.16080447465758 719.2419945740202,0.69
19,387,15,0.0,-0.09854011332429136 0.8807511215363795 -0.4632141059795623 0.1718499206305164 -0.44342528451204766 -0.8796826824683402 -0.9801823559141027 -0.1662873385673701 -0.10766183254459227,142.9635443891653 -70.89033473583825 1395.5061025261061,0.69
19,394,15,0.0,0.9827792541164317 0.1690122824181261 -0.07469796563606074 0.05373449510245769 0.12537900585102016 0.9906526681576616 0.1767980251994758 -0.9776067477690739 0.11413809619027332,-19.533981801902396 -30.581293973751176 821.2842950634288,0.69
19,401,15,0.0,0.3650573741805432 0.9256271210499241 0.09973738683781486 -0.34281755211099085 0.03404841496813349 0.9387847630861856 0.86556873760611 -0.3769020273426329 0.32975084876915506,-9.735721904551793 -30.92623292172668 842.4612522086529,0.69
19,411,15,0.0,0.2910589121929968 0.6133680099037507 0.7342100476428677 -0.4846342689240314 0.7562122046215547 -0.43962794152087037 -0.8248723143720484 -0.22786571924736843 0.5173614587253098,-16.543786602214322 -21.02682995454089 292.0616752326245,0.69
19,426,15,0.0,-0.25522739650354365 0.9448146662622281 0.20538798039276174 -0.14521426006913435 -0.247471134986676 0.9579513849987276 0.9559141147334299 0.2146701743703603 0.20036197615616214,-2.129183519522798 -76.1698953473306 811.44775591991,0.69
19,458,15,0.0,-0.24098561450514888 0.9060974344102364 0.3477260027043753 -0.3220809196980212 -0.4126449857893082 0.8520492925115415 0.9155270693802846 0.09333571159062931 0.39127820048377115,55.24265380089982 -48.81375673513298 638.5479952798277,0.69
19,467,15,0.0,0.2791803745510565 -0.04146064112927095 -0.9593431782749494 -0.9298763713756873 0.23757223033347535 -0.2808725143754061 0.23955845303957946 0.9704846472827522 0.027772233719233486,-63.44936613937117 -140.05635142043113 1217.4273700765664,0.69
19,481,15,0.0,0.5190487645693281 -0.8419386815434673 0.14740297323969537 -0.013105928545046053 0.1645929579072336 0.9862745017713476 -0.8546441450311506 -0.5138564145052543 0.07439738325894206,35.102165153755955 -31.275724314529615 595.5656211805443,0.69
19,488,15,0.0,0.1139594569859596 0.9934650094092851 -0.006365315614663247 -0.09639339234930999 0.017433569299720342 0.9951906272533236 0.9887980360391383 -0.11279780911383386 0.09775018252802348,-11.75987427974879 -77.10512446301551 794.3322966090273,0.69
